# CREATED BY GENE DIAGNOSTICS TOOL on Wed Mar 10 09:46:08 2021
# diag: timetrace, run(s): 0035, time window: 0-2000(1384 steps), species: ions
# original data path: /marconi_scratch/userexternal/cmoreno0/GAMZF_convergence/lhd_surface/scanfiles0000/
# normalization: L_ref=1.65m
#
#  t          Re[phi]     Im[phi]   
  0.0000E+00  9.9997E-01  0.0000E+00
  1.4460E+00  8.4299E-01 -3.0204E-03
  2.8920E+00  6.4410E-01 -5.4814E-03
  4.3380E+00  4.3536E-01 -6.8300E-03
  5.7840E+00  2.7837E-01 -6.8313E-03
  7.2300E+00  1.7860E-01 -5.7885E-03
  8.6760E+00  1.2202E-01 -4.3041E-03
  1.0122E+01  9.1809E-02 -2.8918E-03
  1.1568E+01  7.5812E-02 -1.8158E-03
  1.3014E+01  6.6938E-02 -1.1115E-03
  1.4460E+01  6.1656E-02 -6.6775E-04
  1.5906E+01  5.8782E-02 -4.3771E-04
  1.7352E+01  5.8304E-02 -5.9172E-04
  1.8798E+01  5.9648E-02 -1.2430E-03
  2.0244E+01  6.0984E-02 -2.2449E-03
  2.1690E+01  5.9497E-02 -3.1495E-03
  2.3136E+01  5.3044E-02 -3.4846E-03
  2.4582E+01  4.1160E-02 -3.0234E-03
  2.6028E+01  2.5238E-02 -1.8404E-03
  2.7474E+01  7.9155E-03 -2.5335E-04
  2.8920E+01 -7.8680E-03  1.3438E-03
  3.0366E+01 -1.9927E-02  2.6187E-03
  3.1812E+01 -2.7199E-02  3.3774E-03
  3.3258E+01 -2.9487E-02  3.5776E-03
  3.4704E+01 -2.7126E-02  3.2981E-03
  3.6150E+01 -2.1396E-02  2.6704E-03
  3.7596E+01 -1.4131E-02  1.8307E-03
  3.9042E+01 -6.2842E-03  9.1690E-04
  4.0488E+01  2.2812E-03 -2.9547E-06
  4.1934E+01  1.1297E-02 -8.5997E-04
  4.3380E+01  1.9515E-02 -1.6215E-03
  4.4826E+01  2.5970E-02 -2.2842E-03
  4.6272E+01  3.0877E-02 -2.8424E-03
  4.7718E+01  3.5445E-02 -3.3139E-03
  4.9164E+01  4.0634E-02 -3.7198E-03
  5.0610E+01  4.6441E-02 -4.0811E-03
  5.2056E+01  5.1929E-02 -4.4150E-03
  5.3502E+01  5.5853E-02 -4.7248E-03
  5.4948E+01  5.7708E-02 -4.9945E-03
  5.6394E+01  5.8154E-02 -5.2061E-03
  5.7840E+01  5.8546E-02 -5.3474E-03
  5.9286E+01  5.9874E-02 -5.3982E-03
  6.0732E+01  6.2230E-02 -5.3759E-03
  6.2178E+01  6.4667E-02 -5.2772E-03
  6.3624E+01  6.5839E-02 -5.1079E-03
  6.5070E+01  6.4999E-02 -4.8824E-03
  6.6516E+01  6.2562E-02 -4.6097E-03
  6.7962E+01  5.9353E-02 -4.3089E-03
  6.9408E+01  5.6200E-02 -4.0083E-03
  7.0854E+01  5.3795E-02 -3.7250E-03
  7.2300E+01  5.2558E-02 -3.4805E-03
  7.3746E+01  5.2027E-02 -3.2785E-03
  7.5192E+01  5.1281E-02 -3.1204E-03
  7.6638E+01  4.9986E-02 -3.0037E-03
  7.8084E+01  4.8599E-02 -2.9312E-03
  7.9530E+01  4.7399E-02 -2.8936E-03
  8.0976E+01  4.6174E-02 -2.9045E-03
  8.2422E+01  4.4897E-02 -2.9472E-03
  8.3868E+01  4.4303E-02 -3.0095E-03
  8.5314E+01  4.4981E-02 -3.0985E-03
  8.6760E+01  4.6374E-02 -3.1995E-03
  8.8206E+01  4.7364E-02 -3.3179E-03
  8.9652E+01  4.7480E-02 -3.4486E-03
  9.1098E+01  4.7341E-02 -3.5911E-03
  9.2544E+01  4.7670E-02 -3.7433E-03
  9.3990E+01  4.8406E-02 -3.9047E-03
  9.5436E+01  4.8858E-02 -4.0705E-03
  9.6882E+01  4.8617E-02 -4.2371E-03
  9.8328E+01  4.8048E-02 -4.3995E-03
  9.9774E+01  4.7907E-02 -4.5469E-03
  1.0122E+02  4.8555E-02 -4.6857E-03
  1.0267E+02  4.9692E-02 -4.8125E-03
  1.0411E+02  5.0740E-02 -4.9238E-03
  1.0556E+02  5.1293E-02 -5.0270E-03
  1.0700E+02  5.1283E-02 -5.1172E-03
  1.0845E+02  5.0940E-02 -5.1939E-03
  1.0990E+02  5.0666E-02 -5.2576E-03
  1.1134E+02  5.0814E-02 -5.3085E-03
  1.1279E+02  5.1497E-02 -5.3485E-03
  1.1423E+02  5.2542E-02 -5.3796E-03
  1.1568E+02  5.3581E-02 -5.4018E-03
  1.1713E+02  5.4214E-02 -5.4176E-03
  1.1857E+02  5.4225E-02 -5.4302E-03
  1.2002E+02  5.3721E-02 -5.4384E-03
  1.2146E+02  5.3122E-02 -5.4489E-03
  1.2291E+02  5.2921E-02 -5.4616E-03
  1.2436E+02  5.3420E-02 -5.4738E-03
  1.2580E+02  5.4594E-02 -5.4922E-03
  1.2725E+02  5.6045E-02 -5.5169E-03
  1.2869E+02  5.7141E-02 -5.5485E-03
  1.3014E+02  5.7419E-02 -5.5862E-03
  1.3159E+02  5.6910E-02 -5.6260E-03
  1.3303E+02  5.5990E-02 -5.6648E-03
  1.3448E+02  5.5034E-02 -5.7017E-03
  1.3592E+02  5.4295E-02 -5.7364E-03
  1.3737E+02  5.3855E-02 -5.7718E-03
  1.3882E+02  5.3600E-02 -5.8117E-03
  1.4026E+02  5.3401E-02 -5.8561E-03
  1.4171E+02  5.3297E-02 -5.9085E-03
  1.4315E+02  5.3331E-02 -5.9686E-03
  1.4460E+02  5.3311E-02 -6.0322E-03
  1.4605E+02  5.2988E-02 -6.1002E-03
  1.4749E+02  5.2452E-02 -6.1697E-03
  1.4894E+02  5.2047E-02 -6.2381E-03
  1.5038E+02  5.1888E-02 -6.3044E-03
  1.5183E+02  5.1771E-02 -6.3660E-03
  1.5328E+02  5.1535E-02 -6.4209E-03
  1.5472E+02  5.1151E-02 -6.4689E-03
  1.5617E+02  5.0559E-02 -6.5113E-03
  1.5761E+02  4.9826E-02 -6.5512E-03
  1.5906E+02  4.9402E-02 -6.5926E-03
  1.6051E+02  4.9765E-02 -6.6380E-03
  1.6195E+02  5.0802E-02 -6.6912E-03
  1.6340E+02  5.1821E-02 -6.7516E-03
  1.6484E+02  5.2198E-02 -6.8134E-03
  1.6629E+02  5.1942E-02 -6.8735E-03
  1.6774E+02  5.1598E-02 -6.9297E-03
  1.6918E+02  5.1625E-02 -6.9831E-03
  1.7063E+02  5.1967E-02 -7.0369E-03
  1.7207E+02  5.2281E-02 -7.0924E-03
  1.7352E+02  5.2419E-02 -7.1486E-03
  1.7497E+02  5.2462E-02 -7.2036E-03
  1.7641E+02  5.2428E-02 -7.2556E-03
  1.7786E+02  5.2250E-02 -7.3047E-03
  1.7930E+02  5.2075E-02 -7.3525E-03
  1.8075E+02  5.2288E-02 -7.4006E-03
  1.8220E+02  5.3061E-02 -7.4517E-03
  1.8364E+02  5.4068E-02 -7.5058E-03
  1.8509E+02  5.4770E-02 -7.5586E-03
  1.8653E+02  5.4833E-02 -7.6060E-03
  1.8798E+02  5.4319E-02 -7.6449E-03
  1.8943E+02  5.3656E-02 -7.6745E-03
  1.9087E+02  5.3328E-02 -7.6981E-03
  1.9232E+02  5.3441E-02 -7.7198E-03
  1.9376E+02  5.3656E-02 -7.7425E-03
  1.9521E+02  5.3635E-02 -7.7667E-03
  1.9666E+02  5.3401E-02 -7.7913E-03
  1.9810E+02  5.3221E-02 -7.8165E-03
  1.9955E+02  5.3283E-02 -7.8440E-03
  2.0099E+02  5.3498E-02 -7.8757E-03
  2.0244E+02  5.3586E-02 -7.9125E-03
  2.0389E+02  5.3374E-02 -7.9528E-03
  2.0533E+02  5.3044E-02 -7.9930E-03
  2.0678E+02  5.2989E-02 -8.0316E-03
  2.0822E+02  5.3409E-02 -8.0699E-03
  2.0967E+02  5.4142E-02 -8.1105E-03
  2.1112E+02  5.4884E-02 -8.1562E-03
  2.1256E+02  5.5444E-02 -8.2075E-03
  2.1401E+02  5.5759E-02 -8.2634E-03
  2.1545E+02  5.5879E-02 -8.3216E-03
  2.1690E+02  5.5976E-02 -8.3805E-03
  2.1835E+02  5.6169E-02 -8.4395E-03
  2.1979E+02  5.6338E-02 -8.4989E-03
  2.2124E+02  5.6327E-02 -8.5580E-03
  2.2268E+02  5.6223E-02 -8.6159E-03
  2.2413E+02  5.6219E-02 -8.6719E-03
  2.2558E+02  5.6334E-02 -8.7260E-03
  2.2702E+02  5.6464E-02 -8.7787E-03
  2.2847E+02  5.6589E-02 -8.8306E-03
  2.2991E+02  5.6715E-02 -8.8819E-03
  2.3136E+02  5.6728E-02 -8.9320E-03
  2.3281E+02  5.6468E-02 -8.9792E-03
  2.3425E+02  5.5982E-02 -9.0215E-03
  2.3570E+02  5.5562E-02 -9.0582E-03
  2.3714E+02  5.5447E-02 -9.0901E-03
  2.3859E+02  5.5571E-02 -9.1192E-03
  2.4004E+02  5.5648E-02 -9.1466E-03
  2.4148E+02  5.5485E-02 -9.1729E-03
  2.4293E+02  5.5114E-02 -9.1978E-03
  2.4437E+02  5.4665E-02 -9.2217E-03
  2.4582E+02  5.4200E-02 -9.2451E-03
  2.4727E+02  5.3724E-02 -9.2688E-03
  2.4871E+02  5.3251E-02 -9.2932E-03
  2.5016E+02  5.2747E-02 -9.3185E-03
  2.5160E+02  5.2092E-02 -9.3443E-03
  2.5305E+02  5.1266E-02 -9.3698E-03
  2.5450E+02  5.0489E-02 -9.3952E-03
  2.5594E+02  5.0007E-02 -9.4218E-03
  2.5739E+02  4.9774E-02 -9.4515E-03
  2.5883E+02  4.9498E-02 -9.4853E-03
  2.6028E+02  4.8984E-02 -9.5226E-03
  2.6173E+02  4.8325E-02 -9.5620E-03
  2.6317E+02  4.7786E-02 -9.6022E-03
  2.6462E+02  4.7529E-02 -9.6435E-03
  2.6606E+02  4.7457E-02 -9.6864E-03
  2.6751E+02  4.7328E-02 -9.7314E-03
  2.6896E+02  4.7024E-02 -9.7778E-03
  2.7040E+02  4.6683E-02 -9.8248E-03
  2.7185E+02  4.6527E-02 -9.8724E-03
  2.7329E+02  4.6605E-02 -9.9211E-03
  2.7474E+02  4.6771E-02 -9.9717E-03
  2.7619E+02  4.6896E-02 -1.0024E-02
  2.7763E+02  4.6979E-02 -1.0078E-02
  2.7908E+02  4.7055E-02 -1.0132E-02
  2.8052E+02  4.7100E-02 -1.0185E-02
  2.8197E+02  4.7037E-02 -1.0236E-02
  2.8342E+02  4.6818E-02 -1.0285E-02
  2.8486E+02  4.6496E-02 -1.0331E-02
  2.8631E+02  4.6246E-02 -1.0375E-02
  2.8775E+02  4.6221E-02 -1.0418E-02
  2.8920E+02  4.6403E-02 -1.0459E-02
  2.9065E+02  4.6622E-02 -1.0501E-02
  2.9209E+02  4.6712E-02 -1.0542E-02
  2.9354E+02  4.6605E-02 -1.0581E-02
  2.9498E+02  4.6321E-02 -1.0619E-02
  2.9643E+02  4.5946E-02 -1.0653E-02
  2.9788E+02  4.5604E-02 -1.0685E-02
  2.9932E+02  4.5393E-02 -1.0715E-02
  3.0077E+02  4.5309E-02 -1.0744E-02
  3.0221E+02  4.5283E-02 -1.0772E-02
  3.0366E+02  4.5275E-02 -1.0799E-02
  3.0511E+02  4.5288E-02 -1.0826E-02
  3.0655E+02  4.5292E-02 -1.0854E-02
  3.0800E+02  4.5211E-02 -1.0882E-02
  3.0944E+02  4.5030E-02 -1.0911E-02
  3.1089E+02  4.4837E-02 -1.0941E-02
  3.1234E+02  4.4742E-02 -1.0971E-02
  3.1378E+02  4.4781E-02 -1.1002E-02
  3.1523E+02  4.4929E-02 -1.1034E-02
  3.1667E+02  4.5151E-02 -1.1066E-02
  3.1812E+02  4.5432E-02 -1.1099E-02
  3.1957E+02  4.5726E-02 -1.1134E-02
  3.2101E+02  4.5925E-02 -1.1170E-02
  3.2246E+02  4.5956E-02 -1.1207E-02
  3.2390E+02  4.5892E-02 -1.1245E-02
  3.2535E+02  4.5904E-02 -1.1282E-02
  3.2680E+02  4.6085E-02 -1.1319E-02
  3.2824E+02  4.6373E-02 -1.1355E-02
  3.2969E+02  4.6643E-02 -1.1392E-02
  3.3113E+02  4.6813E-02 -1.1429E-02
  3.3258E+02  4.6862E-02 -1.1464E-02
  3.3403E+02  4.6821E-02 -1.1499E-02
  3.3547E+02  4.6760E-02 -1.1533E-02
  3.3692E+02  4.6759E-02 -1.1566E-02
  3.3836E+02  4.6835E-02 -1.1599E-02
  3.3981E+02  4.6925E-02 -1.1631E-02
  3.4126E+02  4.6950E-02 -1.1663E-02
  3.4270E+02  4.6881E-02 -1.1694E-02
  3.4415E+02  4.6767E-02 -1.1723E-02
  3.4559E+02  4.6694E-02 -1.1750E-02
  3.4704E+02  4.6690E-02 -1.1776E-02
  3.4849E+02  4.6675E-02 -1.1802E-02
  3.4993E+02  4.6551E-02 -1.1829E-02
  3.5138E+02  4.6344E-02 -1.1855E-02
  3.5282E+02  4.6169E-02 -1.1880E-02
  3.5427E+02  4.6091E-02 -1.1905E-02
  3.5572E+02  4.6071E-02 -1.1930E-02
  3.5716E+02  4.6038E-02 -1.1955E-02
  3.5861E+02  4.5948E-02 -1.1981E-02
  3.6005E+02  4.5800E-02 -1.2007E-02
  3.6150E+02  4.5628E-02 -1.2033E-02
  3.6295E+02  4.5466E-02 -1.2059E-02
  3.6439E+02  4.5316E-02 -1.2085E-02
  3.6584E+02  4.5149E-02 -1.2111E-02
  3.6728E+02  4.4964E-02 -1.2137E-02
  3.6873E+02  4.4813E-02 -1.2163E-02
  3.7018E+02  4.4745E-02 -1.2189E-02
  3.7162E+02  4.4752E-02 -1.2216E-02
  3.7307E+02  4.4803E-02 -1.2243E-02
  3.7451E+02  4.4879E-02 -1.2271E-02
  3.7596E+02  4.4952E-02 -1.2300E-02
  3.7741E+02  4.4991E-02 -1.2328E-02
  3.7885E+02  4.5001E-02 -1.2357E-02
  3.8030E+02  4.5027E-02 -1.2384E-02
  3.8174E+02  4.5113E-02 -1.2412E-02
  3.8319E+02  4.5278E-02 -1.2438E-02
  3.8464E+02  4.5497E-02 -1.2465E-02
  3.8608E+02  4.5707E-02 -1.2492E-02
  3.8753E+02  4.5854E-02 -1.2519E-02
  3.8897E+02  4.5918E-02 -1.2545E-02
  3.9042E+02  4.5935E-02 -1.2572E-02
  3.9187E+02  4.5991E-02 -1.2598E-02
  3.9331E+02  4.6183E-02 -1.2624E-02
  3.9476E+02  4.6516E-02 -1.2651E-02
  3.9620E+02  4.6858E-02 -1.2678E-02
  3.9765E+02  4.7044E-02 -1.2705E-02
  3.9910E+02  4.7040E-02 -1.2731E-02
  4.0054E+02  4.6970E-02 -1.2756E-02
  4.0199E+02  4.6964E-02 -1.2779E-02
  4.0343E+02  4.7043E-02 -1.2801E-02
  4.0488E+02  4.7153E-02 -1.2823E-02
  4.0633E+02  4.7251E-02 -1.2845E-02
  4.0777E+02  4.7326E-02 -1.2866E-02
  4.0922E+02  4.7373E-02 -1.2886E-02
  4.1066E+02  4.7392E-02 -1.2906E-02
  4.1211E+02  4.7385E-02 -1.2925E-02
  4.1356E+02  4.7346E-02 -1.2944E-02
  4.1500E+02  4.7274E-02 -1.2963E-02
  4.1645E+02  4.7171E-02 -1.2982E-02
  4.1789E+02  4.7040E-02 -1.3000E-02
  4.1934E+02  4.6895E-02 -1.3018E-02
  4.2079E+02  4.6764E-02 -1.3035E-02
  4.2223E+02  4.6660E-02 -1.3052E-02
  4.2368E+02  4.6558E-02 -1.3069E-02
  4.2512E+02  4.6432E-02 -1.3086E-02
  4.2657E+02  4.6290E-02 -1.3104E-02
  4.2802E+02  4.6159E-02 -1.3123E-02
  4.2946E+02  4.6042E-02 -1.3142E-02
  4.3091E+02  4.5918E-02 -1.3162E-02
  4.3235E+02  4.5786E-02 -1.3181E-02
  4.3380E+02  4.5669E-02 -1.3201E-02
  4.3525E+02  4.5576E-02 -1.3222E-02
  4.3669E+02  4.5491E-02 -1.3242E-02
  4.3814E+02  4.5398E-02 -1.3262E-02
  4.3958E+02  4.5295E-02 -1.3283E-02
  4.4103E+02  4.5195E-02 -1.3304E-02
  4.4248E+02  4.5116E-02 -1.3325E-02
  4.4392E+02  4.5054E-02 -1.3347E-02
  4.4537E+02  4.4974E-02 -1.3369E-02
  4.4681E+02  4.4854E-02 -1.3391E-02
  4.4826E+02  4.4721E-02 -1.3413E-02
  4.4971E+02  4.4626E-02 -1.3434E-02
  4.5115E+02  4.4575E-02 -1.3456E-02
  4.5260E+02  4.4517E-02 -1.3478E-02
  4.5404E+02  4.4399E-02 -1.3500E-02
  4.5549E+02  4.4233E-02 -1.3521E-02
  4.5694E+02  4.4083E-02 -1.3542E-02
  4.5838E+02  4.4005E-02 -1.3562E-02
  4.5983E+02  4.3989E-02 -1.3583E-02
  4.6127E+02  4.3976E-02 -1.3603E-02
  4.6272E+02  4.3923E-02 -1.3624E-02
  4.6417E+02  4.3831E-02 -1.3644E-02
  4.6561E+02  4.3731E-02 -1.3664E-02
  4.6706E+02  4.3652E-02 -1.3683E-02
  4.6850E+02  4.3610E-02 -1.3702E-02
  4.6995E+02  4.3607E-02 -1.3720E-02
  4.7140E+02  4.3620E-02 -1.3739E-02
  4.7284E+02  4.3622E-02 -1.3758E-02
  4.7429E+02  4.3616E-02 -1.3777E-02
  4.7573E+02  4.3631E-02 -1.3795E-02
  4.7718E+02  4.3666E-02 -1.3814E-02
  4.7863E+02  4.3692E-02 -1.3832E-02
  4.8007E+02  4.3695E-02 -1.3850E-02
  4.8152E+02  4.3694E-02 -1.3868E-02
  4.8296E+02  4.3709E-02 -1.3886E-02
  4.8441E+02  4.3730E-02 -1.3903E-02
  4.8586E+02  4.3729E-02 -1.3920E-02
  4.8730E+02  4.3704E-02 -1.3936E-02
  4.8875E+02  4.3688E-02 -1.3953E-02
  4.9019E+02  4.3719E-02 -1.3969E-02
  4.9164E+02  4.3797E-02 -1.3985E-02
  4.9309E+02  4.3880E-02 -1.4001E-02
  4.9453E+02  4.3917E-02 -1.4018E-02
  4.9598E+02  4.3893E-02 -1.4034E-02
  4.9742E+02  4.3826E-02 -1.4050E-02
  4.9887E+02  4.3742E-02 -1.4065E-02
  5.0032E+02  4.3658E-02 -1.4079E-02
  5.0176E+02  4.3589E-02 -1.4093E-02
  5.0321E+02  4.3547E-02 -1.4106E-02
  5.0465E+02  4.3516E-02 -1.4120E-02
  5.0610E+02  4.3457E-02 -1.4133E-02
  5.0755E+02  4.3346E-02 -1.4146E-02
  5.0899E+02  4.3190E-02 -1.4159E-02
  5.1044E+02  4.3015E-02 -1.4172E-02
  5.1188E+02  4.2849E-02 -1.4184E-02
  5.1333E+02  4.2701E-02 -1.4196E-02
  5.1478E+02  4.2569E-02 -1.4208E-02
  5.1622E+02  4.2439E-02 -1.4220E-02
  5.1767E+02  4.2302E-02 -1.4232E-02
  5.1911E+02  4.2157E-02 -1.4243E-02
  5.2056E+02  4.2011E-02 -1.4254E-02
  5.2201E+02  4.1880E-02 -1.4265E-02
  5.2345E+02  4.1779E-02 -1.4276E-02
  5.2490E+02  4.1705E-02 -1.4288E-02
  5.2634E+02  4.1638E-02 -1.4300E-02
  5.2779E+02  4.1555E-02 -1.4311E-02
  5.2924E+02  4.1460E-02 -1.4323E-02
  5.3068E+02  4.1376E-02 -1.4334E-02
  5.3213E+02  4.1319E-02 -1.4346E-02
  5.3357E+02  4.1286E-02 -1.4357E-02
  5.3502E+02  4.1261E-02 -1.4368E-02
  5.3647E+02  4.1238E-02 -1.4380E-02
  5.3791E+02  4.1227E-02 -1.4391E-02
  5.3936E+02  4.1247E-02 -1.4403E-02
  5.4080E+02  4.1289E-02 -1.4414E-02
  5.4225E+02  4.1323E-02 -1.4425E-02
  5.4370E+02  4.1333E-02 -1.4436E-02
  5.4514E+02  4.1340E-02 -1.4447E-02
  5.4659E+02  4.1371E-02 -1.4458E-02
  5.4803E+02  4.1431E-02 -1.4467E-02
  5.4948E+02  4.1501E-02 -1.4477E-02
  5.5093E+02  4.1557E-02 -1.4486E-02
  5.5237E+02  4.1584E-02 -1.4495E-02
  5.5382E+02  4.1579E-02 -1.4503E-02
  5.5526E+02  4.1563E-02 -1.4510E-02
  5.5671E+02  4.1569E-02 -1.4517E-02
  5.5816E+02  4.1617E-02 -1.4523E-02
  5.5960E+02  4.1685E-02 -1.4530E-02
  5.6105E+02  4.1736E-02 -1.4536E-02
  5.6249E+02  4.1749E-02 -1.4542E-02
  5.6394E+02  4.1730E-02 -1.4548E-02
  5.6539E+02  4.1709E-02 -1.4553E-02
  5.6683E+02  4.1711E-02 -1.4558E-02
  5.6828E+02  4.1740E-02 -1.4563E-02
  5.6972E+02  4.1784E-02 -1.4568E-02
  5.7117E+02  4.1833E-02 -1.4574E-02
  5.7262E+02  4.1879E-02 -1.4579E-02
  5.7406E+02  4.1912E-02 -1.4585E-02
  5.7551E+02  4.1922E-02 -1.4590E-02
  5.7695E+02  4.1923E-02 -1.4596E-02
  5.7840E+02  4.1938E-02 -1.4601E-02
  5.7985E+02  4.1979E-02 -1.4607E-02
  5.8129E+02  4.2026E-02 -1.4614E-02
  5.8274E+02  4.2056E-02 -1.4620E-02
  5.8418E+02  4.2060E-02 -1.4627E-02
  5.8563E+02  4.2045E-02 -1.4634E-02
  5.8708E+02  4.2025E-02 -1.4640E-02
  5.8852E+02  4.2003E-02 -1.4647E-02
  5.8997E+02  4.1969E-02 -1.4653E-02
  5.9141E+02  4.1916E-02 -1.4660E-02
  5.9286E+02  4.1842E-02 -1.4666E-02
  5.9431E+02  4.1755E-02 -1.4673E-02
  5.9575E+02  4.1667E-02 -1.4679E-02
  5.9720E+02  4.1578E-02 -1.4685E-02
  5.9864E+02  4.1483E-02 -1.4690E-02
  6.0009E+02  4.1374E-02 -1.4695E-02
  6.0154E+02  4.1241E-02 -1.4701E-02
  6.0298E+02  4.1088E-02 -1.4705E-02
  6.0443E+02  4.0931E-02 -1.4710E-02
  6.0587E+02  4.0782E-02 -1.4714E-02
  6.0732E+02  4.0642E-02 -1.4718E-02
  6.0877E+02  4.0501E-02 -1.4722E-02
  6.1021E+02  4.0354E-02 -1.4726E-02
  6.1166E+02  4.0204E-02 -1.4730E-02
  6.1310E+02  4.0059E-02 -1.4733E-02
  6.1455E+02  3.9927E-02 -1.4737E-02
  6.1600E+02  3.9798E-02 -1.4741E-02
  6.1744E+02  3.9661E-02 -1.4746E-02
  6.1889E+02  3.9516E-02 -1.4750E-02
  6.2033E+02  3.9384E-02 -1.4755E-02
  6.2178E+02  3.9286E-02 -1.4760E-02
  6.2323E+02  3.9217E-02 -1.4765E-02
  6.2467E+02  3.9161E-02 -1.4770E-02
  6.2612E+02  3.9108E-02 -1.4776E-02
  6.2756E+02  3.9056E-02 -1.4783E-02
  6.2901E+02  3.9004E-02 -1.4789E-02
  6.3046E+02  3.8951E-02 -1.4795E-02
  6.3190E+02  3.8900E-02 -1.4802E-02
  6.3335E+02  3.8862E-02 -1.4809E-02
  6.3479E+02  3.8843E-02 -1.4815E-02
  6.3624E+02  3.8843E-02 -1.4822E-02
  6.3769E+02  3.8849E-02 -1.4829E-02
  6.3913E+02  3.8848E-02 -1.4835E-02
  6.4058E+02  3.8836E-02 -1.4841E-02
  6.4202E+02  3.8818E-02 -1.4848E-02
  6.4347E+02  3.8802E-02 -1.4853E-02
  6.4492E+02  3.8795E-02 -1.4859E-02
  6.4636E+02  3.8797E-02 -1.4864E-02
  6.4781E+02  3.8800E-02 -1.4869E-02
  6.4925E+02  3.8792E-02 -1.4873E-02
  6.5070E+02  3.8769E-02 -1.4877E-02
  6.5215E+02  3.8738E-02 -1.4881E-02
  6.5359E+02  3.8714E-02 -1.4884E-02
  6.5504E+02  3.8700E-02 -1.4887E-02
  6.5648E+02  3.8683E-02 -1.4889E-02
  6.5793E+02  3.8654E-02 -1.4891E-02
  6.5938E+02  3.8613E-02 -1.4893E-02
  6.6082E+02  3.8573E-02 -1.4895E-02
  6.6227E+02  3.8538E-02 -1.4896E-02
  6.6371E+02  3.8505E-02 -1.4897E-02
  6.6516E+02  3.8466E-02 -1.4898E-02
  6.6661E+02  3.8420E-02 -1.4899E-02
  6.6805E+02  3.8375E-02 -1.4900E-02
  6.6950E+02  3.8334E-02 -1.4901E-02
  6.7094E+02  3.8290E-02 -1.4902E-02
  6.7239E+02  3.8236E-02 -1.4903E-02
  6.7384E+02  3.8175E-02 -1.4904E-02
  6.7528E+02  3.8115E-02 -1.4905E-02
  6.7673E+02  3.8064E-02 -1.4906E-02
  6.7817E+02  3.8020E-02 -1.4907E-02
  6.7962E+02  3.7975E-02 -1.4908E-02
  6.8107E+02  3.7920E-02 -1.4909E-02
  6.8251E+02  3.7854E-02 -1.4911E-02
  6.8396E+02  3.7784E-02 -1.4912E-02
  6.8540E+02  3.7717E-02 -1.4913E-02
  6.8685E+02  3.7660E-02 -1.4914E-02
  6.8830E+02  3.7612E-02 -1.4916E-02
  6.8974E+02  3.7572E-02 -1.4917E-02
  6.9119E+02  3.7535E-02 -1.4918E-02
  6.9263E+02  3.7495E-02 -1.4919E-02
  6.9408E+02  3.7449E-02 -1.4921E-02
  6.9553E+02  3.7400E-02 -1.4922E-02
  6.9697E+02  3.7352E-02 -1.4922E-02
  6.9842E+02  3.7304E-02 -1.4923E-02
  6.9986E+02  3.7258E-02 -1.4924E-02
  7.0131E+02  3.7218E-02 -1.4924E-02
  7.0276E+02  3.7188E-02 -1.4924E-02
  7.0420E+02  3.7162E-02 -1.4924E-02
  7.0565E+02  3.7131E-02 -1.4924E-02
  7.0709E+02  3.7091E-02 -1.4924E-02
  7.0854E+02  3.7049E-02 -1.4923E-02
  7.0999E+02  3.7011E-02 -1.4923E-02
  7.1143E+02  3.6980E-02 -1.4922E-02
  7.1288E+02  3.6952E-02 -1.4922E-02
  7.1432E+02  3.6924E-02 -1.4921E-02
  7.1577E+02  3.6897E-02 -1.4920E-02
  7.1722E+02  3.6873E-02 -1.4919E-02
  7.1866E+02  3.6850E-02 -1.4918E-02
  7.2011E+02  3.6822E-02 -1.4916E-02
  7.2155E+02  3.6791E-02 -1.4915E-02
  7.2300E+02  3.6762E-02 -1.4914E-02
  7.2445E+02  3.6740E-02 -1.4912E-02
  7.2589E+02  3.6722E-02 -1.4911E-02
  7.2734E+02  3.6701E-02 -1.4909E-02
  7.2878E+02  3.6675E-02 -1.4908E-02
  7.3023E+02  3.6642E-02 -1.4906E-02
  7.3168E+02  3.6607E-02 -1.4904E-02
  7.3312E+02  3.6575E-02 -1.4902E-02
  7.3457E+02  3.6547E-02 -1.4900E-02
  7.3601E+02  3.6523E-02 -1.4898E-02
  7.3746E+02  3.6496E-02 -1.4896E-02
  7.3891E+02  3.6462E-02 -1.4894E-02
  7.4035E+02  3.6422E-02 -1.4892E-02
  7.4180E+02  3.6381E-02 -1.4890E-02
  7.4324E+02  3.6346E-02 -1.4888E-02
  7.4469E+02  3.6316E-02 -1.4885E-02
  7.4614E+02  3.6282E-02 -1.4883E-02
  7.4758E+02  3.6240E-02 -1.4880E-02
  7.4903E+02  3.6192E-02 -1.4878E-02
  7.5047E+02  3.6146E-02 -1.4875E-02
  7.5192E+02  3.6108E-02 -1.4872E-02
  7.5337E+02  3.6074E-02 -1.4869E-02
  7.5481E+02  3.6041E-02 -1.4866E-02
  7.5626E+02  3.6008E-02 -1.4864E-02
  7.5770E+02  3.5974E-02 -1.4861E-02
  7.5915E+02  3.5939E-02 -1.4858E-02
  7.6060E+02  3.5903E-02 -1.4855E-02
  7.6204E+02  3.5868E-02 -1.4853E-02
  7.6349E+02  3.5832E-02 -1.4850E-02
  7.6493E+02  3.5797E-02 -1.4847E-02
  7.6638E+02  3.5764E-02 -1.4844E-02
  7.6783E+02  3.5731E-02 -1.4842E-02
  7.6927E+02  3.5700E-02 -1.4839E-02
  7.7072E+02  3.5670E-02 -1.4836E-02
  7.7216E+02  3.5644E-02 -1.4833E-02
  7.7361E+02  3.5618E-02 -1.4831E-02
  7.7506E+02  3.5588E-02 -1.4828E-02
  7.7650E+02  3.5554E-02 -1.4825E-02
  7.7795E+02  3.5519E-02 -1.4823E-02
  7.7939E+02  3.5485E-02 -1.4820E-02
  7.8084E+02  3.5451E-02 -1.4817E-02
  7.8229E+02  3.5418E-02 -1.4814E-02
  7.8373E+02  3.5386E-02 -1.4811E-02
  7.8518E+02  3.5352E-02 -1.4807E-02
  7.8662E+02  3.5317E-02 -1.4804E-02
  7.8807E+02  3.5279E-02 -1.4801E-02
  7.8952E+02  3.5241E-02 -1.4797E-02
  7.9096E+02  3.5207E-02 -1.4794E-02
  7.9241E+02  3.5178E-02 -1.4790E-02
  7.9385E+02  3.5152E-02 -1.4786E-02
  7.9530E+02  3.5122E-02 -1.4783E-02
  7.9675E+02  3.5090E-02 -1.4779E-02
  7.9819E+02  3.5063E-02 -1.4775E-02
  7.9964E+02  3.5042E-02 -1.4771E-02
  8.0108E+02  3.5026E-02 -1.4767E-02
  8.0253E+02  3.5009E-02 -1.4763E-02
  8.0398E+02  3.4987E-02 -1.4759E-02
  8.0542E+02  3.4963E-02 -1.4756E-02
  8.0687E+02  3.4939E-02 -1.4752E-02
  8.0831E+02  3.4919E-02 -1.4748E-02
  8.0976E+02  3.4901E-02 -1.4744E-02
  8.1121E+02  3.4882E-02 -1.4740E-02
  8.1265E+02  3.4862E-02 -1.4736E-02
  8.1410E+02  3.4837E-02 -1.4732E-02
  8.1554E+02  3.4809E-02 -1.4728E-02
  8.1699E+02  3.4779E-02 -1.4725E-02
  8.1844E+02  3.4748E-02 -1.4721E-02
  8.1988E+02  3.4716E-02 -1.4717E-02
  8.2133E+02  3.4682E-02 -1.4713E-02
  8.2277E+02  3.4645E-02 -1.4709E-02
  8.2422E+02  3.4607E-02 -1.4705E-02
  8.2567E+02  3.4568E-02 -1.4701E-02
  8.2711E+02  3.4529E-02 -1.4697E-02
  8.2856E+02  3.4486E-02 -1.4693E-02
  8.3000E+02  3.4441E-02 -1.4689E-02
  8.3145E+02  3.4396E-02 -1.4684E-02
  8.3290E+02  3.4352E-02 -1.4680E-02
  8.3434E+02  3.4310E-02 -1.4676E-02
  8.3579E+02  3.4265E-02 -1.4671E-02
  8.3723E+02  3.4220E-02 -1.4667E-02
  8.3868E+02  3.4174E-02 -1.4662E-02
  8.4013E+02  3.4130E-02 -1.4658E-02
  8.4157E+02  3.4088E-02 -1.4653E-02
  8.4302E+02  3.4044E-02 -1.4649E-02
  8.4446E+02  3.3996E-02 -1.4644E-02
  8.4591E+02  3.3947E-02 -1.4640E-02
  8.4736E+02  3.3899E-02 -1.4635E-02
  8.4880E+02  3.3852E-02 -1.4630E-02
  8.5025E+02  3.3804E-02 -1.4626E-02
  8.5169E+02  3.3753E-02 -1.4621E-02
  8.5314E+02  3.3699E-02 -1.4617E-02
  8.5459E+02  3.3646E-02 -1.4612E-02
  8.5603E+02  3.3594E-02 -1.4607E-02
  8.5748E+02  3.3541E-02 -1.4603E-02
  8.5892E+02  3.3486E-02 -1.4598E-02
  8.6037E+02  3.3427E-02 -1.4594E-02
  8.6182E+02  3.3366E-02 -1.4589E-02
  8.6326E+02  3.3303E-02 -1.4584E-02
  8.6471E+02  3.3240E-02 -1.4579E-02
  8.6615E+02  3.3179E-02 -1.4574E-02
  8.6760E+02  3.3117E-02 -1.4570E-02
  8.6905E+02  3.3055E-02 -1.4565E-02
  8.7049E+02  3.2990E-02 -1.4560E-02
  8.7194E+02  3.2924E-02 -1.4555E-02
  8.7338E+02  3.2859E-02 -1.4549E-02
  8.7483E+02  3.2796E-02 -1.4544E-02
  8.7628E+02  3.2734E-02 -1.4539E-02
  8.7772E+02  3.2672E-02 -1.4534E-02
  8.7917E+02  3.2613E-02 -1.4529E-02
  8.8061E+02  3.2558E-02 -1.4523E-02
  8.8206E+02  3.2505E-02 -1.4518E-02
  8.8351E+02  3.2453E-02 -1.4513E-02
  8.8495E+02  3.2400E-02 -1.4508E-02
  8.8640E+02  3.2350E-02 -1.4502E-02
  8.8784E+02  3.2306E-02 -1.4497E-02
  8.8929E+02  3.2269E-02 -1.4492E-02
  8.9074E+02  3.2237E-02 -1.4487E-02
  8.9218E+02  3.2206E-02 -1.4482E-02
  8.9363E+02  3.2177E-02 -1.4477E-02
  8.9507E+02  3.2149E-02 -1.4471E-02
  8.9652E+02  3.2125E-02 -1.4466E-02
  8.9797E+02  3.2104E-02 -1.4461E-02
  8.9941E+02  3.2086E-02 -1.4456E-02
  9.0086E+02  3.2073E-02 -1.4451E-02
  9.0230E+02  3.2063E-02 -1.4446E-02
  9.0375E+02  3.2056E-02 -1.4441E-02
  9.0520E+02  3.2051E-02 -1.4435E-02
  9.0664E+02  3.2048E-02 -1.4430E-02
  9.0809E+02  3.2045E-02 -1.4425E-02
  9.0953E+02  3.2043E-02 -1.4420E-02
  9.1098E+02  3.2042E-02 -1.4414E-02
  9.1243E+02  3.2041E-02 -1.4409E-02
  9.1387E+02  3.2041E-02 -1.4403E-02
  9.1532E+02  3.2041E-02 -1.4398E-02
  9.1676E+02  3.2040E-02 -1.4392E-02
  9.1821E+02  3.2038E-02 -1.4386E-02
  9.1966E+02  3.2036E-02 -1.4380E-02
  9.2110E+02  3.2033E-02 -1.4374E-02
  9.2255E+02  3.2031E-02 -1.4368E-02
  9.2399E+02  3.2027E-02 -1.4361E-02
  9.2544E+02  3.2020E-02 -1.4355E-02
  9.2689E+02  3.2011E-02 -1.4349E-02
  9.2833E+02  3.2002E-02 -1.4342E-02
  9.2978E+02  3.1994E-02 -1.4336E-02
  9.3122E+02  3.1984E-02 -1.4329E-02
  9.3267E+02  3.1973E-02 -1.4322E-02
  9.3412E+02  3.1960E-02 -1.4316E-02
  9.3556E+02  3.1947E-02 -1.4309E-02
  9.3701E+02  3.1934E-02 -1.4302E-02
  9.3845E+02  3.1922E-02 -1.4295E-02
  9.3990E+02  3.1908E-02 -1.4288E-02
  9.4135E+02  3.1893E-02 -1.4282E-02
  9.4279E+02  3.1877E-02 -1.4275E-02
  9.4424E+02  3.1863E-02 -1.4268E-02
  9.4568E+02  3.1850E-02 -1.4262E-02
  9.4713E+02  3.1837E-02 -1.4255E-02
  9.4858E+02  3.1823E-02 -1.4248E-02
  9.5002E+02  3.1808E-02 -1.4242E-02
  9.5147E+02  3.1790E-02 -1.4235E-02
  9.5291E+02  3.1772E-02 -1.4229E-02
  9.5436E+02  3.1754E-02 -1.4223E-02
  9.5581E+02  3.1737E-02 -1.4216E-02
  9.5725E+02  3.1720E-02 -1.4210E-02
  9.5870E+02  3.1701E-02 -1.4204E-02
  9.6014E+02  3.1680E-02 -1.4198E-02
  9.6159E+02  3.1656E-02 -1.4191E-02
  9.6304E+02  3.1631E-02 -1.4185E-02
  9.6448E+02  3.1605E-02 -1.4179E-02
  9.6593E+02  3.1579E-02 -1.4173E-02
  9.6737E+02  3.1552E-02 -1.4167E-02
  9.6882E+02  3.1525E-02 -1.4161E-02
  9.7027E+02  3.1498E-02 -1.4155E-02
  9.7171E+02  3.1470E-02 -1.4149E-02
  9.7316E+02  3.1440E-02 -1.4142E-02
  9.7460E+02  3.1411E-02 -1.4136E-02
  9.7605E+02  3.1381E-02 -1.4130E-02
  9.7750E+02  3.1354E-02 -1.4124E-02
  9.7894E+02  3.1327E-02 -1.4118E-02
  9.8039E+02  3.1300E-02 -1.4112E-02
  9.8183E+02  3.1273E-02 -1.4106E-02
  9.8328E+02  3.1248E-02 -1.4100E-02
  9.8473E+02  3.1226E-02 -1.4094E-02
  9.8617E+02  3.1206E-02 -1.4088E-02
  9.8762E+02  3.1188E-02 -1.4082E-02
  9.8906E+02  3.1171E-02 -1.4077E-02
  9.9051E+02  3.1154E-02 -1.4071E-02
  9.9196E+02  3.1139E-02 -1.4065E-02
  9.9340E+02  3.1126E-02 -1.4060E-02
  9.9485E+02  3.1115E-02 -1.4054E-02
  9.9629E+02  3.1106E-02 -1.4049E-02
  9.9774E+02  3.1099E-02 -1.4043E-02
  9.9919E+02  3.1093E-02 -1.4038E-02
  1.0006E+03  3.1088E-02 -1.4032E-02
  1.0021E+03  3.1083E-02 -1.4027E-02
  1.0035E+03  3.1080E-02 -1.4022E-02
  1.0050E+03  3.1077E-02 -1.4016E-02
  1.0064E+03  3.1074E-02 -1.4011E-02
  1.0079E+03  3.1071E-02 -1.4005E-02
  1.0093E+03  3.1068E-02 -1.4000E-02
  1.0108E+03  3.1066E-02 -1.3995E-02
  1.0122E+03  3.1064E-02 -1.3989E-02
  1.0136E+03  3.1062E-02 -1.3984E-02
  1.0151E+03  3.1057E-02 -1.3978E-02
  1.0165E+03  3.1051E-02 -1.3973E-02
  1.0180E+03  3.1045E-02 -1.3967E-02
  1.0194E+03  3.1038E-02 -1.3961E-02
  1.0209E+03  3.1032E-02 -1.3956E-02
  1.0223E+03  3.1025E-02 -1.3950E-02
  1.0238E+03  3.1017E-02 -1.3944E-02
  1.0252E+03  3.1008E-02 -1.3938E-02
  1.0267E+03  3.0998E-02 -1.3933E-02
  1.0281E+03  3.0986E-02 -1.3927E-02
  1.0296E+03  3.0974E-02 -1.3921E-02
  1.0310E+03  3.0961E-02 -1.3915E-02
  1.0324E+03  3.0948E-02 -1.3909E-02
  1.0339E+03  3.0935E-02 -1.3904E-02
  1.0353E+03  3.0923E-02 -1.3898E-02
  1.0368E+03  3.0909E-02 -1.3892E-02
  1.0382E+03  3.0894E-02 -1.3886E-02
  1.0397E+03  3.0879E-02 -1.3881E-02
  1.0411E+03  3.0865E-02 -1.3875E-02
  1.0426E+03  3.0850E-02 -1.3870E-02
  1.0440E+03  3.0837E-02 -1.3864E-02
  1.0455E+03  3.0824E-02 -1.3859E-02
  1.0469E+03  3.0812E-02 -1.3854E-02
  1.0484E+03  3.0799E-02 -1.3848E-02
  1.0498E+03  3.0787E-02 -1.3843E-02
  1.0512E+03  3.0777E-02 -1.3838E-02
  1.0527E+03  3.0769E-02 -1.3833E-02
  1.0541E+03  3.0762E-02 -1.3828E-02
  1.0556E+03  3.0757E-02 -1.3823E-02
  1.0570E+03  3.0752E-02 -1.3818E-02
  1.0585E+03  3.0749E-02 -1.3813E-02
  1.0599E+03  3.0748E-02 -1.3809E-02
  1.0614E+03  3.0748E-02 -1.3804E-02
  1.0628E+03  3.0750E-02 -1.3800E-02
  1.0643E+03  3.0754E-02 -1.3795E-02
  1.0657E+03  3.0759E-02 -1.3791E-02
  1.0671E+03  3.0767E-02 -1.3786E-02
  1.0686E+03  3.0776E-02 -1.3782E-02
  1.0700E+03  3.0786E-02 -1.3778E-02
  1.0715E+03  3.0797E-02 -1.3773E-02
  1.0729E+03  3.0809E-02 -1.3769E-02
  1.0744E+03  3.0823E-02 -1.3765E-02
  1.0758E+03  3.0838E-02 -1.3761E-02
  1.0773E+03  3.0855E-02 -1.3757E-02
  1.0787E+03  3.0873E-02 -1.3753E-02
  1.0802E+03  3.0891E-02 -1.3749E-02
  1.0816E+03  3.0909E-02 -1.3745E-02
  1.0831E+03  3.0928E-02 -1.3741E-02
  1.0845E+03  3.0946E-02 -1.3738E-02
  1.0859E+03  3.0964E-02 -1.3734E-02
  1.0874E+03  3.0983E-02 -1.3730E-02
  1.0888E+03  3.1001E-02 -1.3726E-02
  1.0903E+03  3.1017E-02 -1.3722E-02
  1.0917E+03  3.1033E-02 -1.3719E-02
  1.0932E+03  3.1047E-02 -1.3715E-02
  1.0946E+03  3.1059E-02 -1.3711E-02
  1.0961E+03  3.1068E-02 -1.3707E-02
  1.0975E+03  3.1075E-02 -1.3704E-02
  1.0990E+03  3.1080E-02 -1.3700E-02
  1.1004E+03  3.1083E-02 -1.3696E-02
  1.1019E+03  3.1083E-02 -1.3692E-02
  1.1033E+03  3.1079E-02 -1.3688E-02
  1.1047E+03  3.1072E-02 -1.3685E-02
  1.1062E+03  3.1062E-02 -1.3681E-02
  1.1076E+03  3.1048E-02 -1.3677E-02
  1.1091E+03  3.1032E-02 -1.3673E-02
  1.1105E+03  3.1012E-02 -1.3669E-02
  1.1120E+03  3.0989E-02 -1.3665E-02
  1.1134E+03  3.0962E-02 -1.3661E-02
  1.1149E+03  3.0933E-02 -1.3657E-02
  1.1163E+03  3.0901E-02 -1.3653E-02
  1.1178E+03  3.0867E-02 -1.3649E-02
  1.1192E+03  3.0830E-02 -1.3645E-02
  1.1207E+03  3.0792E-02 -1.3641E-02
  1.1221E+03  3.0752E-02 -1.3637E-02
  1.1235E+03  3.0711E-02 -1.3634E-02
  1.1250E+03  3.0668E-02 -1.3630E-02
  1.1264E+03  3.0625E-02 -1.3626E-02
  1.1279E+03  3.0580E-02 -1.3622E-02
  1.1293E+03  3.0535E-02 -1.3618E-02
  1.1308E+03  3.0490E-02 -1.3615E-02
  1.1322E+03  3.0446E-02 -1.3611E-02
  1.1337E+03  3.0402E-02 -1.3607E-02
  1.1351E+03  3.0359E-02 -1.3604E-02
  1.1366E+03  3.0315E-02 -1.3601E-02
  1.1380E+03  3.0273E-02 -1.3597E-02
  1.1394E+03  3.0231E-02 -1.3594E-02
  1.1409E+03  3.0191E-02 -1.3591E-02
  1.1423E+03  3.0152E-02 -1.3587E-02
  1.1438E+03  3.0114E-02 -1.3584E-02
  1.1452E+03  3.0077E-02 -1.3581E-02
  1.1467E+03  3.0040E-02 -1.3578E-02
  1.1481E+03  3.0005E-02 -1.3575E-02
  1.1496E+03  2.9971E-02 -1.3572E-02
  1.1510E+03  2.9939E-02 -1.3569E-02
  1.1525E+03  2.9908E-02 -1.3566E-02
  1.1539E+03  2.9877E-02 -1.3564E-02
  1.1554E+03  2.9848E-02 -1.3561E-02
  1.1568E+03  2.9819E-02 -1.3558E-02
  1.1582E+03  2.9792E-02 -1.3555E-02
  1.1597E+03  2.9765E-02 -1.3552E-02
  1.1611E+03  2.9738E-02 -1.3549E-02
  1.1626E+03  2.9713E-02 -1.3547E-02
  1.1640E+03  2.9688E-02 -1.3544E-02
  1.1655E+03  2.9664E-02 -1.3541E-02
  1.1669E+03  2.9640E-02 -1.3538E-02
  1.1684E+03  2.9617E-02 -1.3535E-02
  1.1698E+03  2.9594E-02 -1.3532E-02
  1.1713E+03  2.9571E-02 -1.3529E-02
  1.1727E+03  2.9549E-02 -1.3527E-02
  1.1742E+03  2.9528E-02 -1.3524E-02
  1.1756E+03  2.9506E-02 -1.3521E-02
  1.1770E+03  2.9485E-02 -1.3518E-02
  1.1785E+03  2.9464E-02 -1.3515E-02
  1.1799E+03  2.9443E-02 -1.3512E-02
  1.1814E+03  2.9422E-02 -1.3510E-02
  1.1828E+03  2.9401E-02 -1.3507E-02
  1.1843E+03  2.9381E-02 -1.3504E-02
  1.1857E+03  2.9360E-02 -1.3502E-02
  1.1872E+03  2.9340E-02 -1.3499E-02
  1.1886E+03  2.9320E-02 -1.3496E-02
  1.1901E+03  2.9300E-02 -1.3494E-02
  1.1915E+03  2.9280E-02 -1.3491E-02
  1.1930E+03  2.9259E-02 -1.3489E-02
  1.1944E+03  2.9239E-02 -1.3486E-02
  1.1958E+03  2.9219E-02 -1.3484E-02
  1.1973E+03  2.9200E-02 -1.3482E-02
  1.1987E+03  2.9181E-02 -1.3479E-02
  1.2002E+03  2.9162E-02 -1.3477E-02
  1.2016E+03  2.9143E-02 -1.3475E-02
  1.2031E+03  2.9124E-02 -1.3473E-02
  1.2045E+03  2.9106E-02 -1.3471E-02
  1.2060E+03  2.9088E-02 -1.3469E-02
  1.2074E+03  2.9070E-02 -1.3467E-02
  1.2089E+03  2.9053E-02 -1.3465E-02
  1.2103E+03  2.9036E-02 -1.3463E-02
  1.2117E+03  2.9019E-02 -1.3461E-02
  1.2132E+03  2.9003E-02 -1.3459E-02
  1.2146E+03  2.8987E-02 -1.3457E-02
  1.2161E+03  2.8971E-02 -1.3455E-02
  1.2175E+03  2.8956E-02 -1.3454E-02
  1.2190E+03  2.8941E-02 -1.3452E-02
  1.2204E+03  2.8927E-02 -1.3450E-02
  1.2219E+03  2.8913E-02 -1.3449E-02
  1.2233E+03  2.8900E-02 -1.3447E-02
  1.2248E+03  2.8887E-02 -1.3446E-02
  1.2262E+03  2.8874E-02 -1.3444E-02
  1.2277E+03  2.8861E-02 -1.3443E-02
  1.2291E+03  2.8849E-02 -1.3441E-02
  1.2305E+03  2.8838E-02 -1.3440E-02
  1.2320E+03  2.8826E-02 -1.3439E-02
  1.2334E+03  2.8815E-02 -1.3438E-02
  1.2349E+03  2.8804E-02 -1.3436E-02
  1.2363E+03  2.8792E-02 -1.3435E-02
  1.2378E+03  2.8781E-02 -1.3434E-02
  1.2392E+03  2.8771E-02 -1.3433E-02
  1.2407E+03  2.8760E-02 -1.3432E-02
  1.2421E+03  2.8749E-02 -1.3431E-02
  1.2436E+03  2.8739E-02 -1.3429E-02
  1.2450E+03  2.8728E-02 -1.3428E-02
  1.2465E+03  2.8717E-02 -1.3427E-02
  1.2479E+03  2.8707E-02 -1.3426E-02
  1.2493E+03  2.8696E-02 -1.3425E-02
  1.2508E+03  2.8685E-02 -1.3424E-02
  1.2522E+03  2.8675E-02 -1.3424E-02
  1.2537E+03  2.8664E-02 -1.3423E-02
  1.2551E+03  2.8654E-02 -1.3422E-02
  1.2566E+03  2.8644E-02 -1.3421E-02
  1.2580E+03  2.8633E-02 -1.3420E-02
  1.2595E+03  2.8623E-02 -1.3419E-02
  1.2609E+03  2.8613E-02 -1.3419E-02
  1.2624E+03  2.8603E-02 -1.3418E-02
  1.2638E+03  2.8593E-02 -1.3417E-02
  1.2653E+03  2.8583E-02 -1.3417E-02
  1.2667E+03  2.8573E-02 -1.3416E-02
  1.2681E+03  2.8564E-02 -1.3416E-02
  1.2696E+03  2.8554E-02 -1.3415E-02
  1.2710E+03  2.8544E-02 -1.3415E-02
  1.2725E+03  2.8535E-02 -1.3414E-02
  1.2739E+03  2.8525E-02 -1.3414E-02
  1.2754E+03  2.8516E-02 -1.3414E-02
  1.2768E+03  2.8506E-02 -1.3413E-02
  1.2783E+03  2.8497E-02 -1.3413E-02
  1.2797E+03  2.8487E-02 -1.3413E-02
  1.2812E+03  2.8478E-02 -1.3413E-02
  1.2826E+03  2.8468E-02 -1.3413E-02
  1.2840E+03  2.8459E-02 -1.3413E-02
  1.2855E+03  2.8450E-02 -1.3413E-02
  1.2869E+03  2.8441E-02 -1.3413E-02
  1.2884E+03  2.8433E-02 -1.3413E-02
  1.2898E+03  2.8424E-02 -1.3413E-02
  1.2913E+03  2.8416E-02 -1.3413E-02
  1.2927E+03  2.8409E-02 -1.3413E-02
  1.2942E+03  2.8402E-02 -1.3414E-02
  1.2956E+03  2.8396E-02 -1.3414E-02
  1.2971E+03  2.8391E-02 -1.3414E-02
  1.2985E+03  2.8386E-02 -1.3415E-02
  1.3000E+03  2.8383E-02 -1.3415E-02
  1.3014E+03  2.8380E-02 -1.3416E-02
  1.3028E+03  2.8379E-02 -1.3417E-02
  1.3043E+03  2.8379E-02 -1.3417E-02
  1.3057E+03  2.8380E-02 -1.3418E-02
  1.3072E+03  2.8383E-02 -1.3419E-02
  1.3086E+03  2.8387E-02 -1.3420E-02
  1.3101E+03  2.8392E-02 -1.3421E-02
  1.3115E+03  2.8399E-02 -1.3422E-02
  1.3130E+03  2.8407E-02 -1.3423E-02
  1.3144E+03  2.8416E-02 -1.3424E-02
  1.3159E+03  2.8427E-02 -1.3425E-02
  1.3173E+03  2.8439E-02 -1.3426E-02
  1.3188E+03  2.8452E-02 -1.3427E-02
  1.3202E+03  2.8466E-02 -1.3429E-02
  1.3216E+03  2.8481E-02 -1.3430E-02
  1.3231E+03  2.8496E-02 -1.3431E-02
  1.3245E+03  2.8512E-02 -1.3433E-02
  1.3260E+03  2.8528E-02 -1.3434E-02
  1.3274E+03  2.8545E-02 -1.3436E-02
  1.3289E+03  2.8562E-02 -1.3437E-02
  1.3303E+03  2.8579E-02 -1.3439E-02
  1.3318E+03  2.8595E-02 -1.3440E-02
  1.3332E+03  2.8611E-02 -1.3442E-02
  1.3347E+03  2.8626E-02 -1.3444E-02
  1.3361E+03  2.8641E-02 -1.3445E-02
  1.3376E+03  2.8655E-02 -1.3447E-02
  1.3390E+03  2.8668E-02 -1.3449E-02
  1.3404E+03  2.8680E-02 -1.3450E-02
  1.3419E+03  2.8691E-02 -1.3452E-02
  1.3433E+03  2.8701E-02 -1.3453E-02
  1.3448E+03  2.8709E-02 -1.3455E-02
  1.3462E+03  2.8716E-02 -1.3457E-02
  1.3477E+03  2.8722E-02 -1.3458E-02
  1.3491E+03  2.8727E-02 -1.3460E-02
  1.3506E+03  2.8730E-02 -1.3462E-02
  1.3520E+03  2.8731E-02 -1.3463E-02
  1.3535E+03  2.8732E-02 -1.3465E-02
  1.3549E+03  2.8731E-02 -1.3467E-02
  1.3563E+03  2.8729E-02 -1.3468E-02
  1.3578E+03  2.8726E-02 -1.3470E-02
  1.3592E+03  2.8721E-02 -1.3472E-02
  1.3607E+03  2.8716E-02 -1.3474E-02
  1.3621E+03  2.8709E-02 -1.3475E-02
  1.3636E+03  2.8702E-02 -1.3477E-02
  1.3650E+03  2.8694E-02 -1.3479E-02
  1.3665E+03  2.8685E-02 -1.3481E-02
  1.3679E+03  2.8675E-02 -1.3483E-02
  1.3694E+03  2.8665E-02 -1.3485E-02
  1.3708E+03  2.8654E-02 -1.3487E-02
  1.3723E+03  2.8643E-02 -1.3489E-02
  1.3737E+03  2.8631E-02 -1.3491E-02
  1.3751E+03  2.8618E-02 -1.3494E-02
  1.3766E+03  2.8606E-02 -1.3496E-02
  1.3780E+03  2.8593E-02 -1.3498E-02
  1.3795E+03  2.8579E-02 -1.3501E-02
  1.3809E+03  2.8566E-02 -1.3503E-02
  1.3824E+03  2.8552E-02 -1.3506E-02
  1.3838E+03  2.8538E-02 -1.3508E-02
  1.3853E+03  2.8524E-02 -1.3511E-02
  1.3867E+03  2.8510E-02 -1.3513E-02
  1.3882E+03  2.8495E-02 -1.3516E-02
  1.3896E+03  2.8481E-02 -1.3518E-02
  1.3911E+03  2.8466E-02 -1.3521E-02
  1.3925E+03  2.8452E-02 -1.3524E-02
  1.3939E+03  2.8437E-02 -1.3527E-02
  1.3954E+03  2.8422E-02 -1.3529E-02
  1.3968E+03  2.8407E-02 -1.3532E-02
  1.3983E+03  2.8392E-02 -1.3535E-02
  1.3997E+03  2.8378E-02 -1.3538E-02
  1.4012E+03  2.8363E-02 -1.3541E-02
  1.4026E+03  2.8348E-02 -1.3544E-02
  1.4041E+03  2.8332E-02 -1.3547E-02
  1.4055E+03  2.8317E-02 -1.3550E-02
  1.4070E+03  2.8302E-02 -1.3552E-02
  1.4084E+03  2.8286E-02 -1.3555E-02
  1.4099E+03  2.8271E-02 -1.3558E-02
  1.4113E+03  2.8255E-02 -1.3561E-02
  1.4127E+03  2.8239E-02 -1.3564E-02
  1.4142E+03  2.8223E-02 -1.3568E-02
  1.4156E+03  2.8206E-02 -1.3571E-02
  1.4171E+03  2.8190E-02 -1.3574E-02
  1.4185E+03  2.8173E-02 -1.3577E-02
  1.4200E+03  2.8157E-02 -1.3580E-02
  1.4214E+03  2.8140E-02 -1.3583E-02
  1.4229E+03  2.8123E-02 -1.3586E-02
  1.4243E+03  2.8105E-02 -1.3589E-02
  1.4258E+03  2.8088E-02 -1.3593E-02
  1.4272E+03  2.8071E-02 -1.3596E-02
  1.4286E+03  2.8053E-02 -1.3599E-02
  1.4301E+03  2.8036E-02 -1.3602E-02
  1.4315E+03  2.8019E-02 -1.3606E-02
  1.4330E+03  2.8002E-02 -1.3609E-02
  1.4344E+03  2.7986E-02 -1.3613E-02
  1.4359E+03  2.7969E-02 -1.3616E-02
  1.4373E+03  2.7953E-02 -1.3619E-02
  1.4388E+03  2.7937E-02 -1.3623E-02
  1.4402E+03  2.7922E-02 -1.3626E-02
  1.4417E+03  2.7907E-02 -1.3630E-02
  1.4431E+03  2.7893E-02 -1.3633E-02
  1.4446E+03  2.7880E-02 -1.3637E-02
  1.4460E+03  2.7867E-02 -1.3641E-02
  1.4474E+03  2.7855E-02 -1.3644E-02
  1.4489E+03  2.7844E-02 -1.3648E-02
  1.4503E+03  2.7833E-02 -1.3652E-02
  1.4518E+03  2.7823E-02 -1.3656E-02
  1.4532E+03  2.7814E-02 -1.3660E-02
  1.4547E+03  2.7806E-02 -1.3663E-02
  1.4561E+03  2.7798E-02 -1.3667E-02
  1.4576E+03  2.7792E-02 -1.3671E-02
  1.4590E+03  2.7786E-02 -1.3675E-02
  1.4605E+03  2.7781E-02 -1.3680E-02
  1.4619E+03  2.7776E-02 -1.3684E-02
  1.4634E+03  2.7773E-02 -1.3688E-02
  1.4648E+03  2.7770E-02 -1.3692E-02
  1.4662E+03  2.7767E-02 -1.3696E-02
  1.4677E+03  2.7765E-02 -1.3700E-02
  1.4691E+03  2.7764E-02 -1.3705E-02
  1.4706E+03  2.7763E-02 -1.3709E-02
  1.4720E+03  2.7763E-02 -1.3714E-02
  1.4735E+03  2.7763E-02 -1.3718E-02
  1.4749E+03  2.7764E-02 -1.3722E-02
  1.4764E+03  2.7765E-02 -1.3727E-02
  1.4778E+03  2.7766E-02 -1.3731E-02
  1.4793E+03  2.7768E-02 -1.3736E-02
  1.4807E+03  2.7770E-02 -1.3740E-02
  1.4822E+03  2.7773E-02 -1.3745E-02
  1.4836E+03  2.7776E-02 -1.3749E-02
  1.4850E+03  2.7779E-02 -1.3754E-02
  1.4865E+03  2.7782E-02 -1.3759E-02
  1.4879E+03  2.7786E-02 -1.3763E-02
  1.4894E+03  2.7789E-02 -1.3768E-02
  1.4908E+03  2.7793E-02 -1.3773E-02
  1.4923E+03  2.7797E-02 -1.3777E-02
  1.4937E+03  2.7801E-02 -1.3782E-02
  1.4952E+03  2.7805E-02 -1.3787E-02
  1.4966E+03  2.7810E-02 -1.3792E-02
  1.4981E+03  2.7814E-02 -1.3797E-02
  1.4995E+03  2.7818E-02 -1.3801E-02
  1.5009E+03  2.7822E-02 -1.3806E-02
  1.5024E+03  2.7825E-02 -1.3811E-02
  1.5038E+03  2.7829E-02 -1.3816E-02
  1.5053E+03  2.7832E-02 -1.3821E-02
  1.5067E+03  2.7835E-02 -1.3826E-02
  1.5082E+03  2.7837E-02 -1.3831E-02
  1.5096E+03  2.7839E-02 -1.3836E-02
  1.5111E+03  2.7840E-02 -1.3841E-02
  1.5125E+03  2.7841E-02 -1.3846E-02
  1.5140E+03  2.7841E-02 -1.3851E-02
  1.5154E+03  2.7840E-02 -1.3856E-02
  1.5169E+03  2.7839E-02 -1.3861E-02
  1.5183E+03  2.7837E-02 -1.3866E-02
  1.5197E+03  2.7834E-02 -1.3871E-02
  1.5212E+03  2.7830E-02 -1.3876E-02
  1.5226E+03  2.7825E-02 -1.3881E-02
  1.5241E+03  2.7819E-02 -1.3886E-02
  1.5255E+03  2.7812E-02 -1.3891E-02
  1.5270E+03  2.7805E-02 -1.3896E-02
  1.5284E+03  2.7796E-02 -1.3901E-02
  1.5299E+03  2.7787E-02 -1.3906E-02
  1.5313E+03  2.7777E-02 -1.3911E-02
  1.5328E+03  2.7766E-02 -1.3917E-02
  1.5342E+03  2.7754E-02 -1.3922E-02
  1.5357E+03  2.7741E-02 -1.3927E-02
  1.5371E+03  2.7728E-02 -1.3932E-02
  1.5385E+03  2.7714E-02 -1.3937E-02
  1.5400E+03  2.7699E-02 -1.3942E-02
  1.5414E+03  2.7684E-02 -1.3948E-02
  1.5429E+03  2.7668E-02 -1.3953E-02
  1.5443E+03  2.7652E-02 -1.3958E-02
  1.5458E+03  2.7635E-02 -1.3964E-02
  1.5472E+03  2.7619E-02 -1.3969E-02
  1.5487E+03  2.7602E-02 -1.3974E-02
  1.5501E+03  2.7584E-02 -1.3980E-02
  1.5516E+03  2.7567E-02 -1.3985E-02
  1.5530E+03  2.7550E-02 -1.3991E-02
  1.5545E+03  2.7532E-02 -1.3996E-02
  1.5559E+03  2.7515E-02 -1.4002E-02
  1.5573E+03  2.7498E-02 -1.4008E-02
  1.5588E+03  2.7481E-02 -1.4013E-02
  1.5602E+03  2.7464E-02 -1.4019E-02
  1.5617E+03  2.7447E-02 -1.4025E-02
  1.5631E+03  2.7430E-02 -1.4030E-02
  1.5646E+03  2.7414E-02 -1.4036E-02
  1.5660E+03  2.7398E-02 -1.4042E-02
  1.5675E+03  2.7382E-02 -1.4048E-02
  1.5689E+03  2.7367E-02 -1.4054E-02
  1.5704E+03  2.7352E-02 -1.4060E-02
  1.5718E+03  2.7337E-02 -1.4066E-02
  1.5732E+03  2.7322E-02 -1.4072E-02
  1.5747E+03  2.7308E-02 -1.4078E-02
  1.5761E+03  2.7294E-02 -1.4084E-02
  1.5776E+03  2.7280E-02 -1.4090E-02
  1.5790E+03  2.7267E-02 -1.4096E-02
  1.5805E+03  2.7254E-02 -1.4102E-02
  1.5819E+03  2.7241E-02 -1.4108E-02
  1.5834E+03  2.7229E-02 -1.4114E-02
  1.5848E+03  2.7217E-02 -1.4120E-02
  1.5863E+03  2.7205E-02 -1.4126E-02
  1.5877E+03  2.7194E-02 -1.4133E-02
  1.5892E+03  2.7182E-02 -1.4139E-02
  1.5906E+03  2.7171E-02 -1.4145E-02
  1.5920E+03  2.7161E-02 -1.4151E-02
  1.5935E+03  2.7150E-02 -1.4158E-02
  1.5949E+03  2.7140E-02 -1.4164E-02
  1.5964E+03  2.7130E-02 -1.4170E-02
  1.5978E+03  2.7120E-02 -1.4177E-02
  1.5993E+03  2.7111E-02 -1.4183E-02
  1.6007E+03  2.7102E-02 -1.4189E-02
  1.6022E+03  2.7093E-02 -1.4196E-02
  1.6036E+03  2.7084E-02 -1.4202E-02
  1.6051E+03  2.7076E-02 -1.4209E-02
  1.6065E+03  2.7067E-02 -1.4215E-02
  1.6080E+03  2.7059E-02 -1.4222E-02
  1.6094E+03  2.7052E-02 -1.4228E-02
  1.6108E+03  2.7044E-02 -1.4235E-02
  1.6123E+03  2.7037E-02 -1.4242E-02
  1.6137E+03  2.7030E-02 -1.4248E-02
  1.6152E+03  2.7023E-02 -1.4255E-02
  1.6166E+03  2.7016E-02 -1.4262E-02
  1.6181E+03  2.7010E-02 -1.4268E-02
  1.6195E+03  2.7004E-02 -1.4275E-02
  1.6210E+03  2.6998E-02 -1.4282E-02
  1.6224E+03  2.6992E-02 -1.4288E-02
  1.6239E+03  2.6987E-02 -1.4295E-02
  1.6253E+03  2.6982E-02 -1.4302E-02
  1.6268E+03  2.6977E-02 -1.4309E-02
  1.6282E+03  2.6972E-02 -1.4316E-02
  1.6296E+03  2.6967E-02 -1.4322E-02
  1.6311E+03  2.6962E-02 -1.4329E-02
  1.6325E+03  2.6958E-02 -1.4336E-02
  1.6340E+03  2.6953E-02 -1.4343E-02
  1.6354E+03  2.6949E-02 -1.4350E-02
  1.6369E+03  2.6944E-02 -1.4357E-02
  1.6383E+03  2.6939E-02 -1.4364E-02
  1.6398E+03  2.6935E-02 -1.4371E-02
  1.6412E+03  2.6930E-02 -1.4378E-02
  1.6427E+03  2.6925E-02 -1.4385E-02
  1.6441E+03  2.6920E-02 -1.4392E-02
  1.6455E+03  2.6914E-02 -1.4398E-02
  1.6470E+03  2.6908E-02 -1.4405E-02
  1.6484E+03  2.6902E-02 -1.4412E-02
  1.6499E+03  2.6896E-02 -1.4419E-02
  1.6513E+03  2.6890E-02 -1.4426E-02
  1.6528E+03  2.6883E-02 -1.4433E-02
  1.6542E+03  2.6876E-02 -1.4440E-02
  1.6557E+03  2.6868E-02 -1.4447E-02
  1.6571E+03  2.6861E-02 -1.4454E-02
  1.6586E+03  2.6852E-02 -1.4461E-02
  1.6600E+03  2.6844E-02 -1.4469E-02
  1.6615E+03  2.6836E-02 -1.4476E-02
  1.6629E+03  2.6827E-02 -1.4483E-02
  1.6643E+03  2.6818E-02 -1.4490E-02
  1.6658E+03  2.6809E-02 -1.4497E-02
  1.6672E+03  2.6800E-02 -1.4504E-02
  1.6687E+03  2.6790E-02 -1.4511E-02
  1.6701E+03  2.6781E-02 -1.4518E-02
  1.6716E+03  2.6772E-02 -1.4525E-02
  1.6730E+03  2.6762E-02 -1.4532E-02
  1.6745E+03  2.6753E-02 -1.4539E-02
  1.6759E+03  2.6744E-02 -1.4547E-02
  1.6774E+03  2.6735E-02 -1.4554E-02
  1.6788E+03  2.6727E-02 -1.4561E-02
  1.6803E+03  2.6718E-02 -1.4568E-02
  1.6817E+03  2.6710E-02 -1.4576E-02
  1.6831E+03  2.6702E-02 -1.4583E-02
  1.6846E+03  2.6694E-02 -1.4590E-02
  1.6860E+03  2.6687E-02 -1.4598E-02
  1.6875E+03  2.6680E-02 -1.4605E-02
  1.6889E+03  2.6673E-02 -1.4613E-02
  1.6904E+03  2.6667E-02 -1.4620E-02
  1.6918E+03  2.6661E-02 -1.4627E-02
  1.6933E+03  2.6656E-02 -1.4635E-02
  1.6947E+03  2.6650E-02 -1.4643E-02
  1.6962E+03  2.6646E-02 -1.4650E-02
  1.6976E+03  2.6641E-02 -1.4658E-02
  1.6991E+03  2.6637E-02 -1.4665E-02
  1.7005E+03  2.6633E-02 -1.4673E-02
  1.7019E+03  2.6629E-02 -1.4681E-02
  1.7034E+03  2.6626E-02 -1.4688E-02
  1.7048E+03  2.6623E-02 -1.4696E-02
  1.7063E+03  2.6620E-02 -1.4704E-02
  1.7077E+03  2.6617E-02 -1.4711E-02
  1.7092E+03  2.6615E-02 -1.4719E-02
  1.7106E+03  2.6612E-02 -1.4727E-02
  1.7121E+03  2.6610E-02 -1.4735E-02
  1.7135E+03  2.6608E-02 -1.4742E-02
  1.7150E+03  2.6607E-02 -1.4750E-02
  1.7164E+03  2.6605E-02 -1.4758E-02
  1.7178E+03  2.6603E-02 -1.4766E-02
  1.7193E+03  2.6602E-02 -1.4774E-02
  1.7207E+03  2.6601E-02 -1.4782E-02
  1.7222E+03  2.6600E-02 -1.4789E-02
  1.7236E+03  2.6599E-02 -1.4797E-02
  1.7251E+03  2.6598E-02 -1.4805E-02
  1.7265E+03  2.6597E-02 -1.4813E-02
  1.7280E+03  2.6596E-02 -1.4821E-02
  1.7294E+03  2.6595E-02 -1.4829E-02
  1.7309E+03  2.6594E-02 -1.4837E-02
  1.7323E+03  2.6594E-02 -1.4845E-02
  1.7338E+03  2.6593E-02 -1.4853E-02
  1.7352E+03  2.6592E-02 -1.4861E-02
  1.7366E+03  2.6591E-02 -1.4869E-02
  1.7381E+03  2.6591E-02 -1.4877E-02
  1.7395E+03  2.6590E-02 -1.4885E-02
  1.7410E+03  2.6589E-02 -1.4892E-02
  1.7424E+03  2.6588E-02 -1.4900E-02
  1.7439E+03  2.6586E-02 -1.4908E-02
  1.7453E+03  2.6585E-02 -1.4916E-02
  1.7468E+03  2.6583E-02 -1.4924E-02
  1.7482E+03  2.6581E-02 -1.4932E-02
  1.7497E+03  2.6579E-02 -1.4940E-02
  1.7511E+03  2.6577E-02 -1.4948E-02
  1.7526E+03  2.6574E-02 -1.4956E-02
  1.7540E+03  2.6571E-02 -1.4964E-02
  1.7554E+03  2.6567E-02 -1.4972E-02
  1.7569E+03  2.6563E-02 -1.4980E-02
  1.7583E+03  2.6559E-02 -1.4988E-02
  1.7598E+03  2.6554E-02 -1.4996E-02
  1.7612E+03  2.6548E-02 -1.5004E-02
  1.7627E+03  2.6542E-02 -1.5012E-02
  1.7641E+03  2.6536E-02 -1.5020E-02
  1.7656E+03  2.6529E-02 -1.5028E-02
  1.7670E+03  2.6522E-02 -1.5036E-02
  1.7685E+03  2.6514E-02 -1.5044E-02
  1.7699E+03  2.6506E-02 -1.5052E-02
  1.7714E+03  2.6497E-02 -1.5060E-02
  1.7728E+03  2.6488E-02 -1.5067E-02
  1.7742E+03  2.6478E-02 -1.5075E-02
  1.7757E+03  2.6468E-02 -1.5083E-02
  1.7771E+03  2.6457E-02 -1.5091E-02
  1.7786E+03  2.6446E-02 -1.5099E-02
  1.7800E+03  2.6435E-02 -1.5107E-02
  1.7815E+03  2.6423E-02 -1.5115E-02
  1.7829E+03  2.6411E-02 -1.5123E-02
  1.7844E+03  2.6399E-02 -1.5131E-02
  1.7858E+03  2.6386E-02 -1.5139E-02
  1.7873E+03  2.6373E-02 -1.5147E-02
  1.7887E+03  2.6360E-02 -1.5155E-02
  1.7901E+03  2.6347E-02 -1.5164E-02
  1.7916E+03  2.6333E-02 -1.5172E-02
  1.7930E+03  2.6320E-02 -1.5180E-02
  1.7945E+03  2.6306E-02 -1.5188E-02
  1.7959E+03  2.6292E-02 -1.5196E-02
  1.7974E+03  2.6278E-02 -1.5204E-02
  1.7988E+03  2.6264E-02 -1.5212E-02
  1.8003E+03  2.6250E-02 -1.5220E-02
  1.8017E+03  2.6236E-02 -1.5229E-02
  1.8032E+03  2.6222E-02 -1.5237E-02
  1.8046E+03  2.6208E-02 -1.5245E-02
  1.8061E+03  2.6195E-02 -1.5253E-02
  1.8075E+03  2.6181E-02 -1.5261E-02
  1.8089E+03  2.6167E-02 -1.5270E-02
  1.8104E+03  2.6154E-02 -1.5278E-02
  1.8118E+03  2.6140E-02 -1.5286E-02
  1.8133E+03  2.6127E-02 -1.5294E-02
  1.8147E+03  2.6113E-02 -1.5303E-02
  1.8162E+03  2.6100E-02 -1.5311E-02
  1.8176E+03  2.6087E-02 -1.5319E-02
  1.8191E+03  2.6074E-02 -1.5328E-02
  1.8205E+03  2.6061E-02 -1.5336E-02
  1.8220E+03  2.6048E-02 -1.5344E-02
  1.8234E+03  2.6036E-02 -1.5353E-02
  1.8249E+03  2.6023E-02 -1.5361E-02
  1.8263E+03  2.6010E-02 -1.5369E-02
  1.8277E+03  2.5997E-02 -1.5378E-02
  1.8292E+03  2.5985E-02 -1.5386E-02
  1.8306E+03  2.5972E-02 -1.5394E-02
  1.8321E+03  2.5959E-02 -1.5403E-02
  1.8335E+03  2.5946E-02 -1.5411E-02
  1.8350E+03  2.5933E-02 -1.5419E-02
  1.8364E+03  2.5921E-02 -1.5428E-02
  1.8379E+03  2.5908E-02 -1.5436E-02
  1.8393E+03  2.5895E-02 -1.5445E-02
  1.8408E+03  2.5881E-02 -1.5453E-02
  1.8422E+03  2.5868E-02 -1.5461E-02
  1.8437E+03  2.5855E-02 -1.5470E-02
  1.8451E+03  2.5842E-02 -1.5478E-02
  1.8465E+03  2.5828E-02 -1.5486E-02
  1.8480E+03  2.5815E-02 -1.5495E-02
  1.8494E+03  2.5801E-02 -1.5503E-02
  1.8509E+03  2.5788E-02 -1.5512E-02
  1.8523E+03  2.5774E-02 -1.5520E-02
  1.8538E+03  2.5760E-02 -1.5528E-02
  1.8552E+03  2.5747E-02 -1.5537E-02
  1.8567E+03  2.5733E-02 -1.5545E-02
  1.8581E+03  2.5719E-02 -1.5554E-02
  1.8596E+03  2.5706E-02 -1.5562E-02
  1.8610E+03  2.5692E-02 -1.5570E-02
  1.8624E+03  2.5679E-02 -1.5579E-02
  1.8639E+03  2.5666E-02 -1.5587E-02
  1.8653E+03  2.5652E-02 -1.5596E-02
  1.8668E+03  2.5639E-02 -1.5604E-02
  1.8682E+03  2.5626E-02 -1.5613E-02
  1.8697E+03  2.5613E-02 -1.5621E-02
  1.8711E+03  2.5600E-02 -1.5630E-02
  1.8726E+03  2.5588E-02 -1.5638E-02
  1.8740E+03  2.5575E-02 -1.5647E-02
  1.8755E+03  2.5563E-02 -1.5655E-02
  1.8769E+03  2.5550E-02 -1.5663E-02
  1.8784E+03  2.5538E-02 -1.5672E-02
  1.8798E+03  2.5526E-02 -1.5680E-02
  1.8812E+03  2.5515E-02 -1.5689E-02
  1.8827E+03  2.5503E-02 -1.5697E-02
  1.8841E+03  2.5491E-02 -1.5706E-02
  1.8856E+03  2.5480E-02 -1.5714E-02
  1.8870E+03  2.5468E-02 -1.5723E-02
  1.8885E+03  2.5457E-02 -1.5731E-02
  1.8899E+03  2.5446E-02 -1.5740E-02
  1.8914E+03  2.5435E-02 -1.5748E-02
  1.8928E+03  2.5424E-02 -1.5757E-02
  1.8943E+03  2.5413E-02 -1.5765E-02
  1.8957E+03  2.5402E-02 -1.5774E-02
  1.8972E+03  2.5392E-02 -1.5782E-02
  1.8986E+03  2.5381E-02 -1.5791E-02
  1.9000E+03  2.5370E-02 -1.5799E-02
  1.9015E+03  2.5360E-02 -1.5808E-02
  1.9029E+03  2.5350E-02 -1.5816E-02
  1.9044E+03  2.5339E-02 -1.5825E-02
  1.9058E+03  2.5329E-02 -1.5833E-02
  1.9073E+03  2.5319E-02 -1.5841E-02
  1.9087E+03  2.5309E-02 -1.5850E-02
  1.9102E+03  2.5299E-02 -1.5858E-02
  1.9116E+03  2.5289E-02 -1.5867E-02
  1.9131E+03  2.5279E-02 -1.5875E-02
  1.9145E+03  2.5270E-02 -1.5884E-02
  1.9160E+03  2.5260E-02 -1.5892E-02
  1.9174E+03  2.5251E-02 -1.5900E-02
  1.9188E+03  2.5242E-02 -1.5909E-02
  1.9203E+03  2.5233E-02 -1.5917E-02
  1.9217E+03  2.5224E-02 -1.5926E-02
  1.9232E+03  2.5215E-02 -1.5934E-02
  1.9246E+03  2.5206E-02 -1.5942E-02
  1.9261E+03  2.5197E-02 -1.5951E-02
  1.9275E+03  2.5189E-02 -1.5959E-02
  1.9290E+03  2.5180E-02 -1.5968E-02
  1.9304E+03  2.5171E-02 -1.5976E-02
  1.9319E+03  2.5163E-02 -1.5985E-02
  1.9333E+03  2.5155E-02 -1.5993E-02
  1.9347E+03  2.5146E-02 -1.6001E-02
  1.9362E+03  2.5138E-02 -1.6010E-02
  1.9376E+03  2.5129E-02 -1.6018E-02
  1.9391E+03  2.5121E-02 -1.6027E-02
  1.9405E+03  2.5112E-02 -1.6035E-02
  1.9420E+03  2.5103E-02 -1.6044E-02
  1.9434E+03  2.5094E-02 -1.6052E-02
  1.9449E+03  2.5085E-02 -1.6060E-02
  1.9463E+03  2.5076E-02 -1.6069E-02
  1.9478E+03  2.5067E-02 -1.6077E-02
  1.9492E+03  2.5057E-02 -1.6086E-02
  1.9507E+03  2.5048E-02 -1.6094E-02
  1.9521E+03  2.5038E-02 -1.6102E-02
  1.9535E+03  2.5028E-02 -1.6111E-02
  1.9550E+03  2.5018E-02 -1.6119E-02
  1.9564E+03  2.5007E-02 -1.6127E-02
  1.9579E+03  2.4997E-02 -1.6136E-02
  1.9593E+03  2.4986E-02 -1.6144E-02
  1.9608E+03  2.4975E-02 -1.6153E-02
  1.9622E+03  2.4963E-02 -1.6161E-02
  1.9637E+03  2.4952E-02 -1.6169E-02
  1.9651E+03  2.4940E-02 -1.6178E-02
  1.9666E+03  2.4929E-02 -1.6186E-02
  1.9680E+03  2.4917E-02 -1.6194E-02
  1.9695E+03  2.4905E-02 -1.6203E-02
  1.9709E+03  2.4892E-02 -1.6211E-02
  1.9723E+03  2.4880E-02 -1.6219E-02
  1.9738E+03  2.4867E-02 -1.6228E-02
  1.9752E+03  2.4855E-02 -1.6236E-02
  1.9767E+03  2.4842E-02 -1.6244E-02
  1.9781E+03  2.4830E-02 -1.6253E-02
  1.9796E+03  2.4817E-02 -1.6261E-02
  1.9810E+03  2.4804E-02 -1.6270E-02
  1.9825E+03  2.4791E-02 -1.6278E-02
  1.9839E+03  2.4778E-02 -1.6286E-02
  1.9854E+03  2.4766E-02 -1.6295E-02
  1.9868E+03  2.4753E-02 -1.6303E-02
  1.9883E+03  2.4740E-02 -1.6311E-02
  1.9897E+03  2.4727E-02 -1.6320E-02
  1.9911E+03  2.4714E-02 -1.6328E-02
  1.9926E+03  2.4702E-02 -1.6336E-02
  1.9940E+03  2.4689E-02 -1.6345E-02
  1.9955E+03  2.4676E-02 -1.6353E-02
  1.9969E+03  2.4664E-02 -1.6362E-02
  1.9984E+03  2.4651E-02 -1.6370E-02
  1.9998E+03  2.4639E-02 -1.6378E-02
