# CREATED BY GENE DIAGNOSTICS TOOL on Wed Mar 10 10:27:33 2021
# diag: timetrace, run(s): 0065, time window: 0-2000(1378 steps), species: ions
# original data path: /marconi_scratch/userexternal/cmoreno0/GAMZF_convergence/lhd_surface/scanfiles0000/
# normalization: L_ref=1.65m
#
#  t          Re[phi]     Im[phi]   
  0.0000E+00  9.9997E-01  0.0000E+00
  1.4520E+00  8.4229E-01 -3.0312E-03
  2.9040E+00  6.4222E-01 -5.4986E-03
  4.3560E+00  4.3305E-01 -6.8434E-03
  5.8080E+00  2.7629E-01 -6.8336E-03
  7.2600E+00  1.7708E-01 -5.7828E-03
  8.7120E+00  1.2106E-01 -4.3001E-03
  1.0164E+01  9.1277E-02 -2.8982E-03
  1.1616E+01  7.5560E-02 -1.8371E-03
  1.3068E+01  6.6847E-02 -1.1460E-03
  1.4520E+01  6.1646E-02 -7.1021E-04
  1.5972E+01  5.8824E-02 -4.9145E-04
  1.7424E+01  5.8385E-02 -6.6733E-04
  1.8876E+01  5.9707E-02 -1.3425E-03
  2.0328E+01  6.0892E-02 -2.3534E-03
  2.1780E+01  5.9099E-02 -3.2362E-03
  2.3232E+01  5.2267E-02 -3.5248E-03
  2.4684E+01  4.0038E-02 -3.0086E-03
  2.6136E+01  2.3912E-02 -1.7823E-03
  2.7588E+01  6.6125E-03 -1.7727E-04
  2.9040E+01 -8.9149E-03  1.4087E-03
  3.0492E+01 -2.0591E-02  2.6496E-03
  3.1944E+01 -2.7446E-02  3.3620E-03
  3.3396E+01 -2.9267E-02  3.5156E-03
  3.4848E+01 -2.6497E-02  3.1986E-03
  3.6300E+01 -2.0571E-02  2.5445E-03
  3.7752E+01 -1.3240E-02  1.6917E-03
  3.9204E+01 -5.2943E-03  7.7530E-04
  4.0656E+01  3.3762E-03 -1.4035E-04
  4.2108E+01  1.2329E-02 -9.8449E-04
  4.3560E+01  2.0311E-02 -1.7329E-03
  4.5012E+01  2.6493E-02 -2.3801E-03
  4.6464E+01  3.1295E-02 -2.9236E-03
  4.7916E+01  3.5979E-02 -3.3830E-03
  4.9368E+01  4.1369E-02 -3.7804E-03
  5.0820E+01  4.7232E-02 -4.1369E-03
  5.2272E+01  5.2498E-02 -4.4684E-03
  5.3724E+01  5.6047E-02 -4.7741E-03
  5.5176E+01  5.7629E-02 -5.0359E-03
  5.6628E+01  5.8073E-02 -5.2381E-03
  5.8080E+01  5.8652E-02 -5.3655E-03
  5.9532E+01  6.0178E-02 -5.4028E-03
  6.0984E+01  6.2562E-02 -5.3709E-03
  6.2436E+01  6.4756E-02 -5.2583E-03
  6.3888E+01  6.5547E-02 -5.0788E-03
  6.5340E+01  6.4391E-02 -4.8413E-03
  6.6792E+01  6.1788E-02 -4.5575E-03
  6.8244E+01  5.8577E-02 -4.2508E-03
  6.9696E+01  5.5563E-02 -3.9479E-03
  7.1148E+01  5.3395E-02 -3.6680E-03
  7.2600E+01  5.2300E-02 -3.4298E-03
  7.4052E+01  5.1711E-02 -3.2361E-03
  7.5504E+01  5.0843E-02 -3.0845E-03
  7.6956E+01  4.9539E-02 -2.9759E-03
  7.8408E+01  4.8205E-02 -2.9091E-03
  7.9860E+01  4.6999E-02 -2.8782E-03
  8.1312E+01  4.5747E-02 -2.8941E-03
  8.2764E+01  4.4569E-02 -2.9383E-03
  8.4216E+01  4.4129E-02 -3.0037E-03
  8.5668E+01  4.4796E-02 -3.0940E-03
  8.7120E+01  4.5990E-02 -3.1969E-03
  8.8572E+01  4.6818E-02 -3.3173E-03
  9.0024E+01  4.7018E-02 -3.4509E-03
  9.1476E+01  4.7132E-02 -3.5955E-03
  9.2928E+01  4.7676E-02 -3.7506E-03
  9.4380E+01  4.8486E-02 -3.9131E-03
  9.5832E+01  4.8951E-02 -4.0776E-03
  9.7284E+01  4.8778E-02 -4.2416E-03
  9.8736E+01  4.8328E-02 -4.3984E-03
  1.0019E+02  4.8240E-02 -4.5403E-03
  1.0164E+02  4.8815E-02 -4.6744E-03
  1.0309E+02  4.9809E-02 -4.7927E-03
  1.0454E+02  5.0718E-02 -4.8980E-03
  1.0600E+02  5.1152E-02 -4.9943E-03
  1.0745E+02  5.1051E-02 -5.0771E-03
  1.0890E+02  5.0671E-02 -5.1465E-03
  1.1035E+02  5.0409E-02 -5.2024E-03
  1.1180E+02  5.0573E-02 -5.2454E-03
  1.1326E+02  5.1227E-02 -5.2782E-03
  1.1471E+02  5.2189E-02 -5.3032E-03
  1.1616E+02  5.3119E-02 -5.3212E-03
  1.1761E+02  5.3680E-02 -5.3356E-03
  1.1906E+02  5.3728E-02 -5.3472E-03
  1.2052E+02  5.3414E-02 -5.3555E-03
  1.2197E+02  5.3102E-02 -5.3674E-03
  1.2342E+02  5.3144E-02 -5.3786E-03
  1.2487E+02  5.3703E-02 -5.3912E-03
  1.2632E+02  5.4679E-02 -5.4093E-03
  1.2778E+02  5.5740E-02 -5.4321E-03
  1.2923E+02  5.6485E-02 -5.4608E-03
  1.3068E+02  5.6685E-02 -5.4946E-03
  1.3213E+02  5.6382E-02 -5.5313E-03
  1.3358E+02  5.5770E-02 -5.5694E-03
  1.3504E+02  5.5074E-02 -5.6080E-03
  1.3649E+02  5.4474E-02 -5.6467E-03
  1.3794E+02  5.4025E-02 -5.6881E-03
  1.3939E+02  5.3662E-02 -5.7329E-03
  1.4084E+02  5.3335E-02 -5.7811E-03
  1.4230E+02  5.3073E-02 -5.8358E-03
  1.4375E+02  5.2867E-02 -5.8935E-03
  1.4520E+02  5.2596E-02 -5.9529E-03
  1.4665E+02  5.2173E-02 -6.0145E-03
  1.4810E+02  5.1692E-02 -6.0757E-03
  1.4956E+02  5.1296E-02 -6.1355E-03
  1.5101E+02  5.0989E-02 -6.1927E-03
  1.5246E+02  5.0693E-02 -6.2452E-03
  1.5391E+02  5.0391E-02 -6.2920E-03
  1.5536E+02  5.0077E-02 -6.3336E-03
  1.5682E+02  4.9718E-02 -6.3718E-03
  1.5827E+02  4.9391E-02 -6.4106E-03
  1.5972E+02  4.9342E-02 -6.4527E-03
  1.6117E+02  4.9734E-02 -6.5000E-03
  1.6262E+02  5.0399E-02 -6.5551E-03
  1.6408E+02  5.0961E-02 -6.6143E-03
  1.6553E+02  5.1182E-02 -6.6745E-03
  1.6698E+02  5.1158E-02 -6.7344E-03
  1.6843E+02  5.1164E-02 -6.7928E-03
  1.6988E+02  5.1338E-02 -6.8508E-03
  1.7134E+02  5.1588E-02 -6.9094E-03
  1.7279E+02  5.1775E-02 -6.9680E-03
  1.7424E+02  5.1888E-02 -7.0253E-03
  1.7569E+02  5.1977E-02 -7.0799E-03
  1.7714E+02  5.2036E-02 -7.1312E-03
  1.7860E+02  5.2047E-02 -7.1800E-03
  1.8005E+02  5.2120E-02 -7.2272E-03
  1.8150E+02  5.2416E-02 -7.2737E-03
  1.8295E+02  5.2928E-02 -7.3206E-03
  1.8440E+02  5.3420E-02 -7.3660E-03
  1.8586E+02  5.3625E-02 -7.4076E-03
  1.8731E+02  5.3442E-02 -7.4438E-03
  1.8876E+02  5.3000E-02 -7.4734E-03
  1.9021E+02  5.2554E-02 -7.4975E-03
  1.9166E+02  5.2296E-02 -7.5184E-03
  1.9312E+02  5.2213E-02 -7.5384E-03
  1.9457E+02  5.2168E-02 -7.5591E-03
  1.9602E+02  5.2091E-02 -7.5808E-03
  1.9747E+02  5.2040E-02 -7.6040E-03
  1.9892E+02  5.2119E-02 -7.6298E-03
  2.0038E+02  5.2357E-02 -7.6596E-03
  2.0183E+02  5.2647E-02 -7.6942E-03
  2.0328E+02  5.2838E-02 -7.7337E-03
  2.0473E+02  5.2891E-02 -7.7759E-03
  2.0618E+02  5.2948E-02 -7.8189E-03
  2.0764E+02  5.3176E-02 -7.8621E-03
  2.0909E+02  5.3591E-02 -7.9064E-03
  2.1054E+02  5.4062E-02 -7.9532E-03
  2.1199E+02  5.4464E-02 -8.0036E-03
  2.1344E+02  5.4759E-02 -8.0577E-03
  2.1490E+02  5.4959E-02 -8.1146E-03
  2.1635E+02  5.5103E-02 -8.1732E-03
  2.1780E+02  5.5240E-02 -8.2326E-03
  2.1925E+02  5.5367E-02 -8.2923E-03
  2.2070E+02  5.5433E-02 -8.3517E-03
  2.2216E+02  5.5444E-02 -8.4098E-03
  2.2361E+02  5.5481E-02 -8.4658E-03
  2.2506E+02  5.5591E-02 -8.5191E-03
  2.2651E+02  5.5741E-02 -8.5694E-03
  2.2796E+02  5.5899E-02 -8.6169E-03
  2.2942E+02  5.6068E-02 -8.6620E-03
  2.3087E+02  5.6215E-02 -8.7049E-03
  2.3232E+02  5.6242E-02 -8.7455E-03
  2.3377E+02  5.6081E-02 -8.7831E-03
  2.3522E+02  5.5796E-02 -8.8171E-03
  2.3668E+02  5.5529E-02 -8.8473E-03
  2.3813E+02  5.5347E-02 -8.8746E-03
  2.3958E+02  5.5183E-02 -8.8999E-03
  2.4103E+02  5.4924E-02 -8.9239E-03
  2.4248E+02  5.4530E-02 -8.9471E-03
  2.4394E+02  5.4043E-02 -8.9697E-03
  2.4539E+02  5.3511E-02 -8.9923E-03
  2.4684E+02  5.2944E-02 -9.0151E-03
  2.4829E+02  5.2338E-02 -9.0387E-03
  2.4974E+02  5.1692E-02 -9.0632E-03
  2.5120E+02  5.0989E-02 -9.0886E-03
  2.5265E+02  5.0211E-02 -9.1145E-03
  2.5410E+02  4.9415E-02 -9.1408E-03
  2.5555E+02  4.8724E-02 -9.1680E-03
  2.5700E+02  4.8205E-02 -9.1970E-03
  2.5846E+02  4.7809E-02 -9.2288E-03
  2.5991E+02  4.7442E-02 -9.2638E-03
  2.6136E+02  4.7076E-02 -9.3017E-03
  2.6281E+02  4.6770E-02 -9.3421E-03
  2.6426E+02  4.6593E-02 -9.3847E-03
  2.6572E+02  4.6543E-02 -9.4294E-03
  2.6717E+02  4.6544E-02 -9.4761E-03
  2.6862E+02  4.6519E-02 -9.5243E-03
  2.7007E+02  4.6470E-02 -9.5733E-03
  2.7152E+02  4.6451E-02 -9.6226E-03
  2.7298E+02  4.6492E-02 -9.6721E-03
  2.7443E+02  4.6570E-02 -9.7218E-03
  2.7588E+02  4.6645E-02 -9.7718E-03
  2.7733E+02  4.6705E-02 -9.8221E-03
  2.7878E+02  4.6750E-02 -9.8722E-03
  2.8024E+02  4.6775E-02 -9.9217E-03
  2.8169E+02  4.6763E-02 -9.9699E-03
  2.8314E+02  4.6689E-02 -1.0016E-02
  2.8459E+02  4.6541E-02 -1.0061E-02
  2.8604E+02  4.6345E-02 -1.0102E-02
  2.8750E+02  4.6167E-02 -1.0142E-02
  2.8895E+02  4.6046E-02 -1.0178E-02
  2.9040E+02  4.5965E-02 -1.0213E-02
  2.9185E+02  4.5871E-02 -1.0246E-02
  2.9330E+02  4.5723E-02 -1.0276E-02
  2.9476E+02  4.5500E-02 -1.0305E-02
  2.9621E+02  4.5207E-02 -1.0331E-02
  2.9766E+02  4.4880E-02 -1.0356E-02
  2.9911E+02  4.4571E-02 -1.0380E-02
  3.0056E+02  4.4319E-02 -1.0402E-02
  3.0202E+02  4.4137E-02 -1.0425E-02
  3.0347E+02  4.4020E-02 -1.0448E-02
  3.0492E+02  4.3960E-02 -1.0472E-02
  3.0637E+02  4.3945E-02 -1.0497E-02
  3.0782E+02  4.3952E-02 -1.0524E-02
  3.0928E+02  4.3970E-02 -1.0552E-02
  3.1073E+02  4.4012E-02 -1.0582E-02
  3.1218E+02  4.4096E-02 -1.0613E-02
  3.1363E+02  4.4223E-02 -1.0646E-02
  3.1508E+02  4.4379E-02 -1.0680E-02
  3.1654E+02  4.4558E-02 -1.0714E-02
  3.1799E+02  4.4763E-02 -1.0749E-02
  3.1944E+02  4.4986E-02 -1.0785E-02
  3.2089E+02  4.5189E-02 -1.0822E-02
  3.2234E+02  4.5332E-02 -1.0859E-02
  3.2380E+02  4.5421E-02 -1.0896E-02
  3.2525E+02  4.5502E-02 -1.0933E-02
  3.2670E+02  4.5616E-02 -1.0970E-02
  3.2815E+02  4.5760E-02 -1.1007E-02
  3.2960E+02  4.5907E-02 -1.1043E-02
  3.3106E+02  4.6032E-02 -1.1078E-02
  3.3251E+02  4.6120E-02 -1.1113E-02
  3.3396E+02  4.6171E-02 -1.1146E-02
  3.3541E+02  4.6195E-02 -1.1177E-02
  3.3686E+02  4.6210E-02 -1.1206E-02
  3.3832E+02  4.6225E-02 -1.1235E-02
  3.3977E+02  4.6229E-02 -1.1261E-02
  3.4122E+02  4.6204E-02 -1.1287E-02
  3.4267E+02  4.6138E-02 -1.1312E-02
  3.4412E+02  4.6043E-02 -1.1336E-02
  3.4558E+02  4.5944E-02 -1.1358E-02
  3.4703E+02  4.5858E-02 -1.1380E-02
  3.4848E+02  4.5767E-02 -1.1402E-02
  3.4993E+02  4.5642E-02 -1.1424E-02
  3.5138E+02  4.5479E-02 -1.1446E-02
  3.5284E+02  4.5304E-02 -1.1468E-02
  3.5429E+02  4.5140E-02 -1.1490E-02
  3.5574E+02  4.4991E-02 -1.1513E-02
  3.5719E+02  4.4847E-02 -1.1535E-02
  3.5864E+02  4.4693E-02 -1.1558E-02
  3.6010E+02  4.4527E-02 -1.1582E-02
  3.6155E+02  4.4357E-02 -1.1606E-02
  3.6300E+02  4.4199E-02 -1.1630E-02
  3.6445E+02  4.4063E-02 -1.1655E-02
  3.6590E+02  4.3945E-02 -1.1679E-02
  3.6736E+02  4.3842E-02 -1.1704E-02
  3.6881E+02  4.3760E-02 -1.1730E-02
  3.7026E+02  4.3712E-02 -1.1755E-02
  3.7171E+02  4.3704E-02 -1.1781E-02
  3.7316E+02  4.3735E-02 -1.1808E-02
  3.7462E+02  4.3798E-02 -1.1834E-02
  3.7607E+02  4.3883E-02 -1.1861E-02
  3.7752E+02  4.3976E-02 -1.1888E-02
  3.7897E+02  4.4069E-02 -1.1915E-02
  3.8042E+02  4.4169E-02 -1.1941E-02
  3.8188E+02  4.4282E-02 -1.1968E-02
  3.8333E+02  4.4415E-02 -1.1994E-02
  3.8478E+02  4.4563E-02 -1.2020E-02
  3.8623E+02  4.4716E-02 -1.2046E-02
  3.8768E+02  4.4858E-02 -1.2071E-02
  3.8914E+02  4.4980E-02 -1.2097E-02
  3.9059E+02  4.5086E-02 -1.2122E-02
  3.9204E+02  4.5192E-02 -1.2146E-02
  3.9349E+02  4.5322E-02 -1.2171E-02
  3.9494E+02  4.5486E-02 -1.2195E-02
  3.9640E+02  4.5660E-02 -1.2218E-02
  3.9785E+02  4.5807E-02 -1.2241E-02
  3.9930E+02  4.5910E-02 -1.2263E-02
  4.0075E+02  4.5981E-02 -1.2285E-02
  4.0220E+02  4.6042E-02 -1.2305E-02
  4.0366E+02  4.6098E-02 -1.2325E-02
  4.0511E+02  4.6143E-02 -1.2344E-02
  4.0656E+02  4.6169E-02 -1.2363E-02
  4.0801E+02  4.6177E-02 -1.2381E-02
  4.0946E+02  4.6170E-02 -1.2398E-02
  4.1092E+02  4.6153E-02 -1.2415E-02
  4.1237E+02  4.6123E-02 -1.2431E-02
  4.1382E+02  4.6078E-02 -1.2448E-02
  4.1527E+02  4.6019E-02 -1.2465E-02
  4.1672E+02  4.5948E-02 -1.2482E-02
  4.1818E+02  4.5870E-02 -1.2498E-02
  4.1963E+02  4.5787E-02 -1.2515E-02
  4.2108E+02  4.5703E-02 -1.2532E-02
  4.2253E+02  4.5620E-02 -1.2548E-02
  4.2398E+02  4.5535E-02 -1.2565E-02
  4.2544E+02  4.5444E-02 -1.2582E-02
  4.2689E+02  4.5349E-02 -1.2600E-02
  4.2834E+02  4.5258E-02 -1.2617E-02
  4.2979E+02  4.5169E-02 -1.2635E-02
  4.3124E+02  4.5077E-02 -1.2653E-02
  4.3270E+02  4.4983E-02 -1.2671E-02
  4.3415E+02  4.4891E-02 -1.2690E-02
  4.3560E+02  4.4803E-02 -1.2709E-02
  4.3705E+02  4.4716E-02 -1.2728E-02
  4.3850E+02  4.4626E-02 -1.2747E-02
  4.3996E+02  4.4534E-02 -1.2766E-02
  4.4141E+02  4.4443E-02 -1.2786E-02
  4.4286E+02  4.4353E-02 -1.2806E-02
  4.4431E+02  4.4263E-02 -1.2825E-02
  4.4576E+02  4.4169E-02 -1.2845E-02
  4.4722E+02  4.4071E-02 -1.2865E-02
  4.4867E+02  4.3974E-02 -1.2884E-02
  4.5012E+02  4.3885E-02 -1.2904E-02
  4.5157E+02  4.3804E-02 -1.2923E-02
  4.5302E+02  4.3725E-02 -1.2942E-02
  4.5448E+02  4.3642E-02 -1.2962E-02
  4.5593E+02  4.3559E-02 -1.2981E-02
  4.5738E+02  4.3484E-02 -1.3000E-02
  4.5883E+02  4.3426E-02 -1.3019E-02
  4.6028E+02  4.3384E-02 -1.3037E-02
  4.6174E+02  4.3348E-02 -1.3056E-02
  4.6319E+02  4.3312E-02 -1.3074E-02
  4.6464E+02  4.3274E-02 -1.3093E-02
  4.6609E+02  4.3236E-02 -1.3111E-02
  4.6754E+02  4.3201E-02 -1.3128E-02
  4.6900E+02  4.3172E-02 -1.3146E-02
  4.7045E+02  4.3150E-02 -1.3163E-02
  4.7190E+02  4.3134E-02 -1.3180E-02
  4.7335E+02  4.3121E-02 -1.3196E-02
  4.7480E+02  4.3112E-02 -1.3213E-02
  4.7626E+02  4.3113E-02 -1.3229E-02
  4.7771E+02  4.3122E-02 -1.3244E-02
  4.7916E+02  4.3134E-02 -1.3260E-02
  4.8061E+02  4.3150E-02 -1.3276E-02
  4.8206E+02  4.3170E-02 -1.3291E-02
  4.8352E+02  4.3195E-02 -1.3306E-02
  4.8497E+02  4.3221E-02 -1.3321E-02
  4.8642E+02  4.3239E-02 -1.3336E-02
  4.8787E+02  4.3247E-02 -1.3350E-02
  4.8932E+02  4.3247E-02 -1.3365E-02
  4.9078E+02  4.3243E-02 -1.3379E-02
  4.9223E+02  4.3234E-02 -1.3392E-02
  4.9368E+02  4.3213E-02 -1.3406E-02
  4.9513E+02  4.3173E-02 -1.3420E-02
  4.9658E+02  4.3112E-02 -1.3433E-02
  4.9804E+02  4.3031E-02 -1.3446E-02
  4.9949E+02  4.2931E-02 -1.3459E-02
  5.0094E+02  4.2817E-02 -1.3471E-02
  5.0239E+02  4.2694E-02 -1.3483E-02
  5.0384E+02  4.2567E-02 -1.3495E-02
  5.0530E+02  4.2438E-02 -1.3507E-02
  5.0675E+02  4.2303E-02 -1.3519E-02
  5.0820E+02  4.2159E-02 -1.3530E-02
  5.0965E+02  4.2008E-02 -1.3541E-02
  5.1110E+02  4.1852E-02 -1.3552E-02
  5.1256E+02  4.1698E-02 -1.3563E-02
  5.1401E+02  4.1550E-02 -1.3574E-02
  5.1546E+02  4.1409E-02 -1.3584E-02
  5.1691E+02  4.1275E-02 -1.3595E-02
  5.1836E+02  4.1148E-02 -1.3605E-02
  5.1982E+02  4.1031E-02 -1.3616E-02
  5.2127E+02  4.0926E-02 -1.3626E-02
  5.2272E+02  4.0836E-02 -1.3637E-02
  5.2417E+02  4.0765E-02 -1.3647E-02
  5.2562E+02  4.0710E-02 -1.3658E-02
  5.2708E+02  4.0668E-02 -1.3669E-02
  5.2853E+02  4.0637E-02 -1.3680E-02
  5.2998E+02  4.0615E-02 -1.3691E-02
  5.3143E+02  4.0604E-02 -1.3702E-02
  5.3288E+02  4.0602E-02 -1.3713E-02
  5.3434E+02  4.0608E-02 -1.3724E-02
  5.3579E+02  4.0620E-02 -1.3734E-02
  5.3724E+02  4.0635E-02 -1.3745E-02
  5.3869E+02  4.0654E-02 -1.3755E-02
  5.4014E+02  4.0678E-02 -1.3765E-02
  5.4160E+02  4.0702E-02 -1.3775E-02
  5.4305E+02  4.0724E-02 -1.3784E-02
  5.4450E+02  4.0742E-02 -1.3793E-02
  5.4595E+02  4.0758E-02 -1.3801E-02
  5.4740E+02  4.0774E-02 -1.3810E-02
  5.4886E+02  4.0790E-02 -1.3817E-02
  5.5031E+02  4.0806E-02 -1.3824E-02
  5.5176E+02  4.0822E-02 -1.3831E-02
  5.5321E+02  4.0833E-02 -1.3837E-02
  5.5466E+02  4.0841E-02 -1.3843E-02
  5.5612E+02  4.0848E-02 -1.3849E-02
  5.5757E+02  4.0859E-02 -1.3854E-02
  5.5902E+02  4.0877E-02 -1.3860E-02
  5.6047E+02  4.0902E-02 -1.3865E-02
  5.6192E+02  4.0930E-02 -1.3870E-02
  5.6338E+02  4.0958E-02 -1.3875E-02
  5.6483E+02  4.0988E-02 -1.3880E-02
  5.6628E+02  4.1020E-02 -1.3885E-02
  5.6773E+02  4.1058E-02 -1.3890E-02
  5.6918E+02  4.1099E-02 -1.3895E-02
  5.7064E+02  4.1143E-02 -1.3901E-02
  5.7209E+02  4.1186E-02 -1.3907E-02
  5.7354E+02  4.1226E-02 -1.3913E-02
  5.7499E+02  4.1258E-02 -1.3919E-02
  5.7644E+02  4.1281E-02 -1.3926E-02
  5.7790E+02  4.1295E-02 -1.3932E-02
  5.7935E+02  4.1301E-02 -1.3939E-02
  5.8080E+02  4.1299E-02 -1.3945E-02
  5.8225E+02  4.1286E-02 -1.3952E-02
  5.8370E+02  4.1260E-02 -1.3958E-02
  5.8516E+02  4.1221E-02 -1.3965E-02
  5.8661E+02  4.1170E-02 -1.3971E-02
  5.8806E+02  4.1108E-02 -1.3977E-02
  5.8951E+02  4.1033E-02 -1.3983E-02
  5.9096E+02  4.0947E-02 -1.3988E-02
  5.9242E+02  4.0848E-02 -1.3993E-02
  5.9387E+02  4.0738E-02 -1.3998E-02
  5.9532E+02  4.0618E-02 -1.4003E-02
  5.9677E+02  4.0491E-02 -1.4007E-02
  5.9822E+02  4.0358E-02 -1.4011E-02
  5.9968E+02  4.0220E-02 -1.4015E-02
  6.0113E+02  4.0078E-02 -1.4018E-02
  6.0258E+02  3.9932E-02 -1.4021E-02
  6.0403E+02  3.9785E-02 -1.4025E-02
  6.0548E+02  3.9641E-02 -1.4028E-02
  6.0694E+02  3.9501E-02 -1.4031E-02
  6.0839E+02  3.9366E-02 -1.4034E-02
  6.0984E+02  3.9238E-02 -1.4038E-02
  6.1129E+02  3.9118E-02 -1.4041E-02
  6.1274E+02  3.9008E-02 -1.4045E-02
  6.1420E+02  3.8909E-02 -1.4049E-02
  6.1565E+02  3.8822E-02 -1.4054E-02
  6.1710E+02  3.8745E-02 -1.4058E-02
  6.1855E+02  3.8676E-02 -1.4063E-02
  6.2000E+02  3.8616E-02 -1.4068E-02
  6.2146E+02  3.8566E-02 -1.4074E-02
  6.2291E+02  3.8528E-02 -1.4079E-02
  6.2436E+02  3.8499E-02 -1.4085E-02
  6.2581E+02  3.8477E-02 -1.4091E-02
  6.2726E+02  3.8462E-02 -1.4097E-02
  6.2872E+02  3.8450E-02 -1.4103E-02
  6.3017E+02  3.8441E-02 -1.4109E-02
  6.3162E+02  3.8432E-02 -1.4115E-02
  6.3307E+02  3.8424E-02 -1.4120E-02
  6.3452E+02  3.8416E-02 -1.4126E-02
  6.3598E+02  3.8407E-02 -1.4131E-02
  6.3743E+02  3.8398E-02 -1.4136E-02
  6.3888E+02  3.8387E-02 -1.4141E-02
  6.4033E+02  3.8371E-02 -1.4145E-02
  6.4178E+02  3.8352E-02 -1.4149E-02
  6.4324E+02  3.8329E-02 -1.4153E-02
  6.4469E+02  3.8303E-02 -1.4156E-02
  6.4614E+02  3.8274E-02 -1.4158E-02
  6.4759E+02  3.8243E-02 -1.4160E-02
  6.4904E+02  3.8209E-02 -1.4162E-02
  6.5050E+02  3.8171E-02 -1.4164E-02
  6.5195E+02  3.8132E-02 -1.4165E-02
  6.5340E+02  3.8090E-02 -1.4166E-02
  6.5485E+02  3.8048E-02 -1.4167E-02
  6.5630E+02  3.8005E-02 -1.4167E-02
  6.5776E+02  3.7961E-02 -1.4168E-02
  6.5921E+02  3.7916E-02 -1.4168E-02
  6.6066E+02  3.7871E-02 -1.4169E-02
  6.6211E+02  3.7825E-02 -1.4169E-02
  6.6356E+02  3.7780E-02 -1.4169E-02
  6.6502E+02  3.7733E-02 -1.4170E-02
  6.6647E+02  3.7687E-02 -1.4170E-02
  6.6792E+02  3.7640E-02 -1.4171E-02
  6.6937E+02  3.7594E-02 -1.4172E-02
  6.7082E+02  3.7549E-02 -1.4172E-02
  6.7228E+02  3.7504E-02 -1.4173E-02
  6.7373E+02  3.7459E-02 -1.4174E-02
  6.7518E+02  3.7414E-02 -1.4176E-02
  6.7663E+02  3.7370E-02 -1.4177E-02
  6.7808E+02  3.7328E-02 -1.4178E-02
  6.7954E+02  3.7287E-02 -1.4179E-02
  6.8099E+02  3.7246E-02 -1.4180E-02
  6.8244E+02  3.7206E-02 -1.4182E-02
  6.8389E+02  3.7164E-02 -1.4183E-02
  6.8534E+02  3.7122E-02 -1.4184E-02
  6.8680E+02  3.7081E-02 -1.4185E-02
  6.8825E+02  3.7039E-02 -1.4185E-02
  6.8970E+02  3.6998E-02 -1.4186E-02
  6.9115E+02  3.6956E-02 -1.4186E-02
  6.9260E+02  3.6915E-02 -1.4187E-02
  6.9406E+02  3.6873E-02 -1.4187E-02
  6.9551E+02  3.6831E-02 -1.4187E-02
  6.9696E+02  3.6788E-02 -1.4186E-02
  6.9841E+02  3.6745E-02 -1.4186E-02
  6.9986E+02  3.6702E-02 -1.4185E-02
  7.0132E+02  3.6660E-02 -1.4185E-02
  7.0277E+02  3.6618E-02 -1.4184E-02
  7.0422E+02  3.6578E-02 -1.4183E-02
  7.0567E+02  3.6539E-02 -1.4182E-02
  7.0712E+02  3.6501E-02 -1.4181E-02
  7.0858E+02  3.6464E-02 -1.4180E-02
  7.1003E+02  3.6428E-02 -1.4179E-02
  7.1148E+02  3.6393E-02 -1.4178E-02
  7.1293E+02  3.6359E-02 -1.4177E-02
  7.1438E+02  3.6326E-02 -1.4176E-02
  7.1584E+02  3.6295E-02 -1.4175E-02
  7.1729E+02  3.6264E-02 -1.4174E-02
  7.1874E+02  3.6234E-02 -1.4173E-02
  7.2019E+02  3.6204E-02 -1.4172E-02
  7.2164E+02  3.6174E-02 -1.4171E-02
  7.2310E+02  3.6144E-02 -1.4170E-02
  7.2455E+02  3.6114E-02 -1.4169E-02
  7.2600E+02  3.6084E-02 -1.4168E-02
  7.2745E+02  3.6053E-02 -1.4167E-02
  7.2890E+02  3.6022E-02 -1.4166E-02
  7.3036E+02  3.5990E-02 -1.4164E-02
  7.3181E+02  3.5956E-02 -1.4163E-02
  7.3326E+02  3.5922E-02 -1.4162E-02
  7.3471E+02  3.5887E-02 -1.4161E-02
  7.3616E+02  3.5851E-02 -1.4159E-02
  7.3762E+02  3.5814E-02 -1.4158E-02
  7.3907E+02  3.5777E-02 -1.4156E-02
  7.4052E+02  3.5738E-02 -1.4154E-02
  7.4197E+02  3.5699E-02 -1.4152E-02
  7.4342E+02  3.5660E-02 -1.4151E-02
  7.4488E+02  3.5621E-02 -1.4149E-02
  7.4633E+02  3.5581E-02 -1.4147E-02
  7.4778E+02  3.5541E-02 -1.4145E-02
  7.4923E+02  3.5500E-02 -1.4142E-02
  7.5068E+02  3.5458E-02 -1.4140E-02
  7.5214E+02  3.5417E-02 -1.4138E-02
  7.5359E+02  3.5376E-02 -1.4136E-02
  7.5504E+02  3.5334E-02 -1.4134E-02
  7.5649E+02  3.5293E-02 -1.4131E-02
  7.5794E+02  3.5252E-02 -1.4129E-02
  7.5940E+02  3.5210E-02 -1.4127E-02
  7.6085E+02  3.5169E-02 -1.4125E-02
  7.6230E+02  3.5126E-02 -1.4122E-02
  7.6375E+02  3.5084E-02 -1.4120E-02
  7.6520E+02  3.5041E-02 -1.4118E-02
  7.6666E+02  3.4998E-02 -1.4115E-02
  7.6811E+02  3.4954E-02 -1.4113E-02
  7.6956E+02  3.4911E-02 -1.4111E-02
  7.7101E+02  3.4867E-02 -1.4108E-02
  7.7246E+02  3.4823E-02 -1.4106E-02
  7.7392E+02  3.4780E-02 -1.4103E-02
  7.7537E+02  3.4737E-02 -1.4100E-02
  7.7682E+02  3.4695E-02 -1.4098E-02
  7.7827E+02  3.4653E-02 -1.4095E-02
  7.7972E+02  3.4614E-02 -1.4092E-02
  7.8118E+02  3.4575E-02 -1.4089E-02
  7.8263E+02  3.4538E-02 -1.4086E-02
  7.8408E+02  3.4503E-02 -1.4083E-02
  7.8553E+02  3.4470E-02 -1.4080E-02
  7.8698E+02  3.4439E-02 -1.4076E-02
  7.8844E+02  3.4410E-02 -1.4073E-02
  7.8989E+02  3.4382E-02 -1.4070E-02
  7.9134E+02  3.4355E-02 -1.4066E-02
  7.9279E+02  3.4329E-02 -1.4063E-02
  7.9424E+02  3.4305E-02 -1.4059E-02
  7.9570E+02  3.4280E-02 -1.4056E-02
  7.9715E+02  3.4256E-02 -1.4052E-02
  7.9860E+02  3.4231E-02 -1.4049E-02
  8.0005E+02  3.4206E-02 -1.4045E-02
  8.0150E+02  3.4181E-02 -1.4042E-02
  8.0296E+02  3.4155E-02 -1.4038E-02
  8.0441E+02  3.4127E-02 -1.4034E-02
  8.0586E+02  3.4098E-02 -1.4031E-02
  8.0731E+02  3.4068E-02 -1.4027E-02
  8.0876E+02  3.4037E-02 -1.4023E-02
  8.1022E+02  3.4005E-02 -1.4019E-02
  8.1167E+02  3.3972E-02 -1.4016E-02
  8.1312E+02  3.3938E-02 -1.4012E-02
  8.1457E+02  3.3904E-02 -1.4008E-02
  8.1602E+02  3.3869E-02 -1.4004E-02
  8.1748E+02  3.3834E-02 -1.4000E-02
  8.1893E+02  3.3799E-02 -1.3996E-02
  8.2038E+02  3.3765E-02 -1.3992E-02
  8.2183E+02  3.3731E-02 -1.3988E-02
  8.2328E+02  3.3697E-02 -1.3984E-02
  8.2474E+02  3.3665E-02 -1.3980E-02
  8.2619E+02  3.3633E-02 -1.3976E-02
  8.2764E+02  3.3601E-02 -1.3972E-02
  8.2909E+02  3.3571E-02 -1.3968E-02
  8.3054E+02  3.3541E-02 -1.3964E-02
  8.3200E+02  3.3511E-02 -1.3960E-02
  8.3345E+02  3.3483E-02 -1.3956E-02
  8.3490E+02  3.3454E-02 -1.3952E-02
  8.3635E+02  3.3425E-02 -1.3948E-02
  8.3780E+02  3.3397E-02 -1.3944E-02
  8.3926E+02  3.3368E-02 -1.3940E-02
  8.4071E+02  3.3338E-02 -1.3936E-02
  8.4216E+02  3.3308E-02 -1.3932E-02
  8.4361E+02  3.3277E-02 -1.3928E-02
  8.4506E+02  3.3245E-02 -1.3924E-02
  8.4652E+02  3.3212E-02 -1.3920E-02
  8.4797E+02  3.3177E-02 -1.3916E-02
  8.4942E+02  3.3141E-02 -1.3912E-02
  8.5087E+02  3.3103E-02 -1.3908E-02
  8.5232E+02  3.3063E-02 -1.3903E-02
  8.5378E+02  3.3021E-02 -1.3899E-02
  8.5523E+02  3.2978E-02 -1.3895E-02
  8.5668E+02  3.2933E-02 -1.3891E-02
  8.5813E+02  3.2886E-02 -1.3887E-02
  8.5958E+02  3.2838E-02 -1.3883E-02
  8.6104E+02  3.2788E-02 -1.3878E-02
  8.6249E+02  3.2737E-02 -1.3874E-02
  8.6394E+02  3.2685E-02 -1.3870E-02
  8.6539E+02  3.2633E-02 -1.3865E-02
  8.6684E+02  3.2580E-02 -1.3861E-02
  8.6830E+02  3.2526E-02 -1.3856E-02
  8.6975E+02  3.2473E-02 -1.3852E-02
  8.7120E+02  3.2419E-02 -1.3847E-02
  8.7265E+02  3.2367E-02 -1.3843E-02
  8.7410E+02  3.2315E-02 -1.3838E-02
  8.7556E+02  3.2264E-02 -1.3834E-02
  8.7701E+02  3.2215E-02 -1.3829E-02
  8.7846E+02  3.2167E-02 -1.3825E-02
  8.7991E+02  3.2122E-02 -1.3821E-02
  8.8136E+02  3.2078E-02 -1.3816E-02
  8.8282E+02  3.2037E-02 -1.3812E-02
  8.8427E+02  3.1998E-02 -1.3807E-02
  8.8572E+02  3.1962E-02 -1.3803E-02
  8.8717E+02  3.1928E-02 -1.3798E-02
  8.8862E+02  3.1898E-02 -1.3794E-02
  8.9008E+02  3.1870E-02 -1.3790E-02
  8.9153E+02  3.1845E-02 -1.3785E-02
  8.9298E+02  3.1823E-02 -1.3781E-02
  8.9443E+02  3.1803E-02 -1.3777E-02
  8.9588E+02  3.1787E-02 -1.3772E-02
  8.9734E+02  3.1772E-02 -1.3768E-02
  8.9879E+02  3.1760E-02 -1.3764E-02
  9.0024E+02  3.1750E-02 -1.3759E-02
  9.0169E+02  3.1742E-02 -1.3755E-02
  9.0314E+02  3.1735E-02 -1.3750E-02
  9.0460E+02  3.1730E-02 -1.3745E-02
  9.0605E+02  3.1726E-02 -1.3741E-02
  9.0750E+02  3.1723E-02 -1.3736E-02
  9.0895E+02  3.1720E-02 -1.3731E-02
  9.1040E+02  3.1717E-02 -1.3726E-02
  9.1186E+02  3.1715E-02 -1.3721E-02
  9.1331E+02  3.1713E-02 -1.3716E-02
  9.1476E+02  3.1710E-02 -1.3711E-02
  9.1621E+02  3.1706E-02 -1.3706E-02
  9.1766E+02  3.1702E-02 -1.3701E-02
  9.1912E+02  3.1698E-02 -1.3695E-02
  9.2057E+02  3.1692E-02 -1.3690E-02
  9.2202E+02  3.1686E-02 -1.3684E-02
  9.2347E+02  3.1679E-02 -1.3679E-02
  9.2492E+02  3.1671E-02 -1.3673E-02
  9.2638E+02  3.1662E-02 -1.3667E-02
  9.2783E+02  3.1653E-02 -1.3662E-02
  9.2928E+02  3.1643E-02 -1.3656E-02
  9.3073E+02  3.1632E-02 -1.3650E-02
  9.3218E+02  3.1620E-02 -1.3644E-02
  9.3364E+02  3.1608E-02 -1.3639E-02
  9.3509E+02  3.1595E-02 -1.3633E-02
  9.3654E+02  3.1581E-02 -1.3627E-02
  9.3799E+02  3.1567E-02 -1.3621E-02
  9.3944E+02  3.1552E-02 -1.3616E-02
  9.4090E+02  3.1536E-02 -1.3610E-02
  9.4235E+02  3.1519E-02 -1.3604E-02
  9.4380E+02  3.1501E-02 -1.3599E-02
  9.4525E+02  3.1482E-02 -1.3593E-02
  9.4670E+02  3.1462E-02 -1.3588E-02
  9.4816E+02  3.1442E-02 -1.3582E-02
  9.4961E+02  3.1420E-02 -1.3577E-02
  9.5106E+02  3.1397E-02 -1.3572E-02
  9.5251E+02  3.1373E-02 -1.3566E-02
  9.5396E+02  3.1349E-02 -1.3561E-02
  9.5542E+02  3.1324E-02 -1.3556E-02
  9.5687E+02  3.1298E-02 -1.3551E-02
  9.5832E+02  3.1272E-02 -1.3545E-02
  9.5977E+02  3.1245E-02 -1.3540E-02
  9.6122E+02  3.1219E-02 -1.3535E-02
  9.6268E+02  3.1192E-02 -1.3530E-02
  9.6413E+02  3.1166E-02 -1.3525E-02
  9.6558E+02  3.1140E-02 -1.3520E-02
  9.6703E+02  3.1115E-02 -1.3515E-02
  9.6848E+02  3.1091E-02 -1.3510E-02
  9.6994E+02  3.1068E-02 -1.3505E-02
  9.7139E+02  3.1046E-02 -1.3500E-02
  9.7284E+02  3.1025E-02 -1.3495E-02
  9.7429E+02  3.1006E-02 -1.3490E-02
  9.7574E+02  3.0988E-02 -1.3486E-02
  9.7720E+02  3.0972E-02 -1.3481E-02
  9.7865E+02  3.0957E-02 -1.3476E-02
  9.8010E+02  3.0944E-02 -1.3472E-02
  9.8155E+02  3.0933E-02 -1.3467E-02
  9.8300E+02  3.0923E-02 -1.3462E-02
  9.8446E+02  3.0914E-02 -1.3458E-02
  9.8591E+02  3.0907E-02 -1.3453E-02
  9.8736E+02  3.0901E-02 -1.3449E-02
  9.8881E+02  3.0897E-02 -1.3445E-02
  9.9026E+02  3.0893E-02 -1.3440E-02
  9.9172E+02  3.0889E-02 -1.3436E-02
  9.9317E+02  3.0887E-02 -1.3431E-02
  9.9462E+02  3.0885E-02 -1.3427E-02
  9.9607E+02  3.0883E-02 -1.3423E-02
  9.9752E+02  3.0882E-02 -1.3418E-02
  9.9898E+02  3.0880E-02 -1.3414E-02
  1.0004E+03  3.0879E-02 -1.3410E-02
  1.0019E+03  3.0877E-02 -1.3405E-02
  1.0033E+03  3.0874E-02 -1.3401E-02
  1.0048E+03  3.0872E-02 -1.3397E-02
  1.0062E+03  3.0869E-02 -1.3392E-02
  1.0077E+03  3.0865E-02 -1.3388E-02
  1.0091E+03  3.0860E-02 -1.3383E-02
  1.0106E+03  3.0855E-02 -1.3379E-02
  1.0120E+03  3.0849E-02 -1.3374E-02
  1.0135E+03  3.0843E-02 -1.3370E-02
  1.0149E+03  3.0835E-02 -1.3365E-02
  1.0164E+03  3.0827E-02 -1.3360E-02
  1.0179E+03  3.0818E-02 -1.3356E-02
  1.0193E+03  3.0808E-02 -1.3351E-02
  1.0208E+03  3.0797E-02 -1.3347E-02
  1.0222E+03  3.0786E-02 -1.3342E-02
  1.0237E+03  3.0774E-02 -1.3337E-02
  1.0251E+03  3.0762E-02 -1.3333E-02
  1.0266E+03  3.0749E-02 -1.3328E-02
  1.0280E+03  3.0736E-02 -1.3324E-02
  1.0295E+03  3.0722E-02 -1.3319E-02
  1.0309E+03  3.0708E-02 -1.3315E-02
  1.0324E+03  3.0694E-02 -1.3310E-02
  1.0338E+03  3.0680E-02 -1.3306E-02
  1.0353E+03  3.0665E-02 -1.3301E-02
  1.0367E+03  3.0651E-02 -1.3297E-02
  1.0382E+03  3.0637E-02 -1.3293E-02
  1.0396E+03  3.0623E-02 -1.3288E-02
  1.0411E+03  3.0609E-02 -1.3284E-02
  1.0425E+03  3.0595E-02 -1.3280E-02
  1.0440E+03  3.0581E-02 -1.3276E-02
  1.0454E+03  3.0568E-02 -1.3272E-02
  1.0469E+03  3.0555E-02 -1.3267E-02
  1.0483E+03  3.0542E-02 -1.3263E-02
  1.0498E+03  3.0530E-02 -1.3259E-02
  1.0512E+03  3.0518E-02 -1.3255E-02
  1.0527E+03  3.0506E-02 -1.3251E-02
  1.0542E+03  3.0495E-02 -1.3247E-02
  1.0556E+03  3.0484E-02 -1.3243E-02
  1.0571E+03  3.0475E-02 -1.3240E-02
  1.0585E+03  3.0465E-02 -1.3236E-02
  1.0600E+03  3.0457E-02 -1.3232E-02
  1.0614E+03  3.0450E-02 -1.3228E-02
  1.0629E+03  3.0444E-02 -1.3224E-02
  1.0643E+03  3.0439E-02 -1.3221E-02
  1.0658E+03  3.0435E-02 -1.3217E-02
  1.0672E+03  3.0433E-02 -1.3214E-02
  1.0687E+03  3.0432E-02 -1.3210E-02
  1.0701E+03  3.0432E-02 -1.3207E-02
  1.0716E+03  3.0434E-02 -1.3203E-02
  1.0730E+03  3.0437E-02 -1.3200E-02
  1.0745E+03  3.0441E-02 -1.3197E-02
  1.0759E+03  3.0446E-02 -1.3193E-02
  1.0774E+03  3.0452E-02 -1.3190E-02
  1.0788E+03  3.0459E-02 -1.3187E-02
  1.0803E+03  3.0466E-02 -1.3184E-02
  1.0817E+03  3.0473E-02 -1.3181E-02
  1.0832E+03  3.0481E-02 -1.3178E-02
  1.0846E+03  3.0488E-02 -1.3175E-02
  1.0861E+03  3.0494E-02 -1.3172E-02
  1.0875E+03  3.0499E-02 -1.3169E-02
  1.0890E+03  3.0504E-02 -1.3166E-02
  1.0905E+03  3.0506E-02 -1.3163E-02
  1.0919E+03  3.0507E-02 -1.3160E-02
  1.0934E+03  3.0506E-02 -1.3157E-02
  1.0948E+03  3.0503E-02 -1.3154E-02
  1.0963E+03  3.0498E-02 -1.3151E-02
  1.0977E+03  3.0491E-02 -1.3149E-02
  1.0992E+03  3.0480E-02 -1.3146E-02
  1.1006E+03  3.0468E-02 -1.3143E-02
  1.1021E+03  3.0453E-02 -1.3140E-02
  1.1035E+03  3.0436E-02 -1.3137E-02
  1.1050E+03  3.0416E-02 -1.3134E-02
  1.1064E+03  3.0395E-02 -1.3131E-02
  1.1079E+03  3.0371E-02 -1.3128E-02
  1.1093E+03  3.0346E-02 -1.3125E-02
  1.1108E+03  3.0319E-02 -1.3122E-02
  1.1122E+03  3.0291E-02 -1.3119E-02
  1.1137E+03  3.0261E-02 -1.3116E-02
  1.1151E+03  3.0231E-02 -1.3113E-02
  1.1166E+03  3.0200E-02 -1.3110E-02
  1.1180E+03  3.0169E-02 -1.3107E-02
  1.1195E+03  3.0137E-02 -1.3104E-02
  1.1209E+03  3.0105E-02 -1.3102E-02
  1.1224E+03  3.0074E-02 -1.3099E-02
  1.1238E+03  3.0042E-02 -1.3096E-02
  1.1253E+03  3.0011E-02 -1.3094E-02
  1.1268E+03  2.9981E-02 -1.3091E-02
  1.1282E+03  2.9951E-02 -1.3089E-02
  1.1297E+03  2.9922E-02 -1.3086E-02
  1.1311E+03  2.9894E-02 -1.3084E-02
  1.1326E+03  2.9866E-02 -1.3082E-02
  1.1340E+03  2.9839E-02 -1.3080E-02
  1.1355E+03  2.9814E-02 -1.3078E-02
  1.1369E+03  2.9788E-02 -1.3075E-02
  1.1384E+03  2.9764E-02 -1.3073E-02
  1.1398E+03  2.9740E-02 -1.3071E-02
  1.1413E+03  2.9717E-02 -1.3069E-02
  1.1427E+03  2.9694E-02 -1.3067E-02
  1.1442E+03  2.9672E-02 -1.3065E-02
  1.1456E+03  2.9651E-02 -1.3064E-02
  1.1471E+03  2.9630E-02 -1.3062E-02
  1.1485E+03  2.9609E-02 -1.3060E-02
  1.1500E+03  2.9588E-02 -1.3058E-02
  1.1514E+03  2.9568E-02 -1.3056E-02
  1.1529E+03  2.9548E-02 -1.3054E-02
  1.1543E+03  2.9528E-02 -1.3052E-02
  1.1558E+03  2.9509E-02 -1.3050E-02
  1.1572E+03  2.9489E-02 -1.3048E-02
  1.1587E+03  2.9470E-02 -1.3046E-02
  1.1601E+03  2.9450E-02 -1.3044E-02
  1.1616E+03  2.9431E-02 -1.3042E-02
  1.1631E+03  2.9411E-02 -1.3040E-02
  1.1645E+03  2.9392E-02 -1.3038E-02
  1.1660E+03  2.9372E-02 -1.3036E-02
  1.1674E+03  2.9352E-02 -1.3034E-02
  1.1689E+03  2.9333E-02 -1.3032E-02
  1.1703E+03  2.9313E-02 -1.3030E-02
  1.1718E+03  2.9294E-02 -1.3028E-02
  1.1732E+03  2.9274E-02 -1.3026E-02
  1.1747E+03  2.9254E-02 -1.3024E-02
  1.1761E+03  2.9235E-02 -1.3022E-02
  1.1776E+03  2.9215E-02 -1.3021E-02
  1.1790E+03  2.9196E-02 -1.3019E-02
  1.1805E+03  2.9177E-02 -1.3017E-02
  1.1819E+03  2.9157E-02 -1.3016E-02
  1.1834E+03  2.9138E-02 -1.3014E-02
  1.1848E+03  2.9119E-02 -1.3012E-02
  1.1863E+03  2.9100E-02 -1.3011E-02
  1.1877E+03  2.9082E-02 -1.3009E-02
  1.1892E+03  2.9063E-02 -1.3008E-02
  1.1906E+03  2.9045E-02 -1.3006E-02
  1.1921E+03  2.9027E-02 -1.3005E-02
  1.1935E+03  2.9009E-02 -1.3004E-02
  1.1950E+03  2.8991E-02 -1.3002E-02
  1.1964E+03  2.8974E-02 -1.3001E-02
  1.1979E+03  2.8957E-02 -1.3000E-02
  1.1994E+03  2.8940E-02 -1.2999E-02
  1.2008E+03  2.8924E-02 -1.2997E-02
  1.2023E+03  2.8908E-02 -1.2996E-02
  1.2037E+03  2.8892E-02 -1.2995E-02
  1.2052E+03  2.8877E-02 -1.2994E-02
  1.2066E+03  2.8862E-02 -1.2993E-02
  1.2081E+03  2.8847E-02 -1.2992E-02
  1.2095E+03  2.8833E-02 -1.2991E-02
  1.2110E+03  2.8820E-02 -1.2990E-02
  1.2124E+03  2.8806E-02 -1.2989E-02
  1.2139E+03  2.8793E-02 -1.2988E-02
  1.2153E+03  2.8780E-02 -1.2988E-02
  1.2168E+03  2.8768E-02 -1.2987E-02
  1.2182E+03  2.8756E-02 -1.2986E-02
  1.2197E+03  2.8744E-02 -1.2985E-02
  1.2211E+03  2.8732E-02 -1.2985E-02
  1.2226E+03  2.8721E-02 -1.2984E-02
  1.2240E+03  2.8709E-02 -1.2983E-02
  1.2255E+03  2.8698E-02 -1.2983E-02
  1.2269E+03  2.8687E-02 -1.2982E-02
  1.2284E+03  2.8676E-02 -1.2982E-02
  1.2298E+03  2.8665E-02 -1.2981E-02
  1.2313E+03  2.8654E-02 -1.2981E-02
  1.2327E+03  2.8643E-02 -1.2980E-02
  1.2342E+03  2.8632E-02 -1.2980E-02
  1.2357E+03  2.8622E-02 -1.2980E-02
  1.2371E+03  2.8611E-02 -1.2979E-02
  1.2386E+03  2.8601E-02 -1.2979E-02
  1.2400E+03  2.8591E-02 -1.2979E-02
  1.2415E+03  2.8580E-02 -1.2979E-02
  1.2429E+03  2.8570E-02 -1.2979E-02
  1.2444E+03  2.8561E-02 -1.2978E-02
  1.2458E+03  2.8551E-02 -1.2978E-02
  1.2473E+03  2.8542E-02 -1.2978E-02
  1.2487E+03  2.8533E-02 -1.2978E-02
  1.2502E+03  2.8524E-02 -1.2978E-02
  1.2516E+03  2.8515E-02 -1.2978E-02
  1.2531E+03  2.8507E-02 -1.2978E-02
  1.2545E+03  2.8499E-02 -1.2978E-02
  1.2560E+03  2.8491E-02 -1.2978E-02
  1.2574E+03  2.8483E-02 -1.2979E-02
  1.2589E+03  2.8475E-02 -1.2979E-02
  1.2603E+03  2.8468E-02 -1.2979E-02
  1.2618E+03  2.8460E-02 -1.2979E-02
  1.2632E+03  2.8452E-02 -1.2980E-02
  1.2647E+03  2.8445E-02 -1.2980E-02
  1.2661E+03  2.8437E-02 -1.2980E-02
  1.2676E+03  2.8429E-02 -1.2981E-02
  1.2690E+03  2.8420E-02 -1.2981E-02
  1.2705E+03  2.8412E-02 -1.2982E-02
  1.2720E+03  2.8403E-02 -1.2982E-02
  1.2734E+03  2.8394E-02 -1.2983E-02
  1.2749E+03  2.8385E-02 -1.2984E-02
  1.2763E+03  2.8375E-02 -1.2984E-02
  1.2778E+03  2.8365E-02 -1.2985E-02
  1.2792E+03  2.8355E-02 -1.2986E-02
  1.2807E+03  2.8344E-02 -1.2986E-02
  1.2821E+03  2.8334E-02 -1.2987E-02
  1.2836E+03  2.8324E-02 -1.2988E-02
  1.2850E+03  2.8313E-02 -1.2989E-02
  1.2865E+03  2.8303E-02 -1.2989E-02
  1.2879E+03  2.8293E-02 -1.2990E-02
  1.2894E+03  2.8283E-02 -1.2991E-02
  1.2908E+03  2.8273E-02 -1.2992E-02
  1.2923E+03  2.8264E-02 -1.2993E-02
  1.2937E+03  2.8256E-02 -1.2994E-02
  1.2952E+03  2.8248E-02 -1.2995E-02
  1.2966E+03  2.8241E-02 -1.2996E-02
  1.2981E+03  2.8235E-02 -1.2998E-02
  1.2995E+03  2.8229E-02 -1.2999E-02
  1.3010E+03  2.8225E-02 -1.3000E-02
  1.3024E+03  2.8221E-02 -1.3001E-02
  1.3039E+03  2.8218E-02 -1.3003E-02
  1.3053E+03  2.8216E-02 -1.3004E-02
  1.3068E+03  2.8214E-02 -1.3006E-02
  1.3083E+03  2.8214E-02 -1.3007E-02
  1.3097E+03  2.8214E-02 -1.3009E-02
  1.3112E+03  2.8215E-02 -1.3011E-02
  1.3126E+03  2.8216E-02 -1.3012E-02
  1.3141E+03  2.8218E-02 -1.3014E-02
  1.3155E+03  2.8221E-02 -1.3016E-02
  1.3170E+03  2.8224E-02 -1.3018E-02
  1.3184E+03  2.8227E-02 -1.3019E-02
  1.3199E+03  2.8231E-02 -1.3021E-02
  1.3213E+03  2.8234E-02 -1.3023E-02
  1.3228E+03  2.8238E-02 -1.3025E-02
  1.3242E+03  2.8242E-02 -1.3027E-02
  1.3257E+03  2.8245E-02 -1.3029E-02
  1.3271E+03  2.8249E-02 -1.3031E-02
  1.3286E+03  2.8252E-02 -1.3033E-02
  1.3300E+03  2.8254E-02 -1.3035E-02
  1.3315E+03  2.8257E-02 -1.3037E-02
  1.3329E+03  2.8259E-02 -1.3039E-02
  1.3344E+03  2.8260E-02 -1.3041E-02
  1.3358E+03  2.8261E-02 -1.3043E-02
  1.3373E+03  2.8261E-02 -1.3045E-02
  1.3387E+03  2.8261E-02 -1.3047E-02
  1.3402E+03  2.8260E-02 -1.3050E-02
  1.3416E+03  2.8258E-02 -1.3052E-02
  1.3431E+03  2.8256E-02 -1.3054E-02
  1.3446E+03  2.8253E-02 -1.3056E-02
  1.3460E+03  2.8249E-02 -1.3058E-02
  1.3475E+03  2.8245E-02 -1.3060E-02
  1.3489E+03  2.8240E-02 -1.3062E-02
  1.3504E+03  2.8235E-02 -1.3065E-02
  1.3518E+03  2.8229E-02 -1.3067E-02
  1.3533E+03  2.8223E-02 -1.3069E-02
  1.3547E+03  2.8216E-02 -1.3072E-02
  1.3562E+03  2.8209E-02 -1.3074E-02
  1.3576E+03  2.8201E-02 -1.3076E-02
  1.3591E+03  2.8193E-02 -1.3079E-02
  1.3605E+03  2.8184E-02 -1.3081E-02
  1.3620E+03  2.8175E-02 -1.3084E-02
  1.3634E+03  2.8166E-02 -1.3086E-02
  1.3649E+03  2.8156E-02 -1.3089E-02
  1.3663E+03  2.8147E-02 -1.3092E-02
  1.3678E+03  2.8137E-02 -1.3094E-02
  1.3692E+03  2.8126E-02 -1.3097E-02
  1.3707E+03  2.8116E-02 -1.3100E-02
  1.3721E+03  2.8105E-02 -1.3102E-02
  1.3736E+03  2.8094E-02 -1.3105E-02
  1.3750E+03  2.8083E-02 -1.3108E-02
  1.3765E+03  2.8072E-02 -1.3111E-02
  1.3779E+03  2.8061E-02 -1.3114E-02
  1.3794E+03  2.8050E-02 -1.3117E-02
  1.3809E+03  2.8038E-02 -1.3120E-02
  1.3823E+03  2.8027E-02 -1.3123E-02
  1.3838E+03  2.8015E-02 -1.3126E-02
  1.3852E+03  2.8003E-02 -1.3129E-02
  1.3867E+03  2.7991E-02 -1.3132E-02
  1.3881E+03  2.7979E-02 -1.3135E-02
  1.3896E+03  2.7967E-02 -1.3138E-02
  1.3910E+03  2.7955E-02 -1.3141E-02
  1.3925E+03  2.7943E-02 -1.3145E-02
  1.3939E+03  2.7930E-02 -1.3148E-02
  1.3954E+03  2.7917E-02 -1.3151E-02
  1.3968E+03  2.7904E-02 -1.3154E-02
  1.3983E+03  2.7891E-02 -1.3158E-02
  1.3997E+03  2.7878E-02 -1.3161E-02
  1.4012E+03  2.7864E-02 -1.3164E-02
  1.4026E+03  2.7851E-02 -1.3167E-02
  1.4041E+03  2.7837E-02 -1.3171E-02
  1.4055E+03  2.7823E-02 -1.3174E-02
  1.4070E+03  2.7809E-02 -1.3177E-02
  1.4084E+03  2.7794E-02 -1.3181E-02
  1.4099E+03  2.7780E-02 -1.3184E-02
  1.4113E+03  2.7765E-02 -1.3188E-02
  1.4128E+03  2.7750E-02 -1.3191E-02
  1.4142E+03  2.7736E-02 -1.3195E-02
  1.4157E+03  2.7721E-02 -1.3198E-02
  1.4172E+03  2.7707E-02 -1.3202E-02
  1.4186E+03  2.7692E-02 -1.3205E-02
  1.4201E+03  2.7678E-02 -1.3209E-02
  1.4215E+03  2.7664E-02 -1.3212E-02
  1.4230E+03  2.7650E-02 -1.3216E-02
  1.4244E+03  2.7637E-02 -1.3219E-02
  1.4259E+03  2.7624E-02 -1.3223E-02
  1.4273E+03  2.7611E-02 -1.3227E-02
  1.4288E+03  2.7599E-02 -1.3231E-02
  1.4302E+03  2.7588E-02 -1.3234E-02
  1.4317E+03  2.7577E-02 -1.3238E-02
  1.4331E+03  2.7566E-02 -1.3242E-02
  1.4346E+03  2.7556E-02 -1.3246E-02
  1.4360E+03  2.7547E-02 -1.3250E-02
  1.4375E+03  2.7538E-02 -1.3254E-02
  1.4389E+03  2.7530E-02 -1.3257E-02
  1.4404E+03  2.7523E-02 -1.3261E-02
  1.4418E+03  2.7516E-02 -1.3265E-02
  1.4433E+03  2.7509E-02 -1.3270E-02
  1.4447E+03  2.7503E-02 -1.3274E-02
  1.4462E+03  2.7497E-02 -1.3278E-02
  1.4476E+03  2.7492E-02 -1.3282E-02
  1.4491E+03  2.7487E-02 -1.3286E-02
  1.4505E+03  2.7482E-02 -1.3290E-02
  1.4520E+03  2.7478E-02 -1.3294E-02
  1.4535E+03  2.7474E-02 -1.3299E-02
  1.4549E+03  2.7470E-02 -1.3303E-02
  1.4564E+03  2.7466E-02 -1.3307E-02
  1.4578E+03  2.7462E-02 -1.3312E-02
  1.4593E+03  2.7458E-02 -1.3316E-02
  1.4607E+03  2.7455E-02 -1.3320E-02
  1.4622E+03  2.7451E-02 -1.3325E-02
  1.4636E+03  2.7448E-02 -1.3329E-02
  1.4651E+03  2.7444E-02 -1.3334E-02
  1.4665E+03  2.7441E-02 -1.3338E-02
  1.4680E+03  2.7437E-02 -1.3343E-02
  1.4694E+03  2.7434E-02 -1.3347E-02
  1.4709E+03  2.7431E-02 -1.3352E-02
  1.4723E+03  2.7428E-02 -1.3356E-02
  1.4738E+03  2.7425E-02 -1.3361E-02
  1.4752E+03  2.7422E-02 -1.3365E-02
  1.4767E+03  2.7419E-02 -1.3370E-02
  1.4781E+03  2.7417E-02 -1.3375E-02
  1.4796E+03  2.7415E-02 -1.3379E-02
  1.4810E+03  2.7412E-02 -1.3384E-02
  1.4825E+03  2.7410E-02 -1.3389E-02
  1.4839E+03  2.7408E-02 -1.3394E-02
  1.4854E+03  2.7407E-02 -1.3399E-02
  1.4868E+03  2.7405E-02 -1.3403E-02
  1.4883E+03  2.7404E-02 -1.3408E-02
  1.4898E+03  2.7403E-02 -1.3413E-02
  1.4912E+03  2.7401E-02 -1.3418E-02
  1.4927E+03  2.7400E-02 -1.3423E-02
  1.4941E+03  2.7399E-02 -1.3428E-02
  1.4956E+03  2.7398E-02 -1.3433E-02
  1.4970E+03  2.7397E-02 -1.3438E-02
  1.4985E+03  2.7396E-02 -1.3443E-02
  1.4999E+03  2.7395E-02 -1.3448E-02
  1.5014E+03  2.7393E-02 -1.3454E-02
  1.5028E+03  2.7391E-02 -1.3459E-02
  1.5043E+03  2.7389E-02 -1.3464E-02
  1.5057E+03  2.7387E-02 -1.3469E-02
  1.5072E+03  2.7384E-02 -1.3474E-02
  1.5086E+03  2.7381E-02 -1.3479E-02
  1.5101E+03  2.7377E-02 -1.3485E-02
  1.5115E+03  2.7373E-02 -1.3490E-02
  1.5130E+03  2.7368E-02 -1.3495E-02
  1.5144E+03  2.7363E-02 -1.3500E-02
  1.5159E+03  2.7357E-02 -1.3506E-02
  1.5173E+03  2.7350E-02 -1.3511E-02
  1.5188E+03  2.7343E-02 -1.3516E-02
  1.5202E+03  2.7336E-02 -1.3521E-02
  1.5217E+03  2.7327E-02 -1.3527E-02
  1.5231E+03  2.7319E-02 -1.3532E-02
  1.5246E+03  2.7309E-02 -1.3537E-02
  1.5261E+03  2.7300E-02 -1.3543E-02
  1.5275E+03  2.7290E-02 -1.3548E-02
  1.5290E+03  2.7279E-02 -1.3553E-02
  1.5304E+03  2.7268E-02 -1.3559E-02
  1.5319E+03  2.7256E-02 -1.3564E-02
  1.5333E+03  2.7245E-02 -1.3569E-02
  1.5348E+03  2.7233E-02 -1.3575E-02
  1.5362E+03  2.7221E-02 -1.3580E-02
  1.5377E+03  2.7208E-02 -1.3586E-02
  1.5391E+03  2.7196E-02 -1.3591E-02
  1.5406E+03  2.7183E-02 -1.3597E-02
  1.5420E+03  2.7171E-02 -1.3602E-02
  1.5435E+03  2.7158E-02 -1.3608E-02
  1.5449E+03  2.7145E-02 -1.3614E-02
  1.5464E+03  2.7132E-02 -1.3619E-02
  1.5478E+03  2.7120E-02 -1.3625E-02
  1.5493E+03  2.7107E-02 -1.3631E-02
  1.5507E+03  2.7095E-02 -1.3637E-02
  1.5522E+03  2.7082E-02 -1.3642E-02
  1.5536E+03  2.7070E-02 -1.3648E-02
  1.5551E+03  2.7058E-02 -1.3654E-02
  1.5565E+03  2.7046E-02 -1.3660E-02
  1.5580E+03  2.7034E-02 -1.3666E-02
  1.5594E+03  2.7022E-02 -1.3672E-02
  1.5609E+03  2.7011E-02 -1.3678E-02
  1.5624E+03  2.6999E-02 -1.3684E-02
  1.5638E+03  2.6988E-02 -1.3690E-02
  1.5653E+03  2.6977E-02 -1.3696E-02
  1.5667E+03  2.6966E-02 -1.3702E-02
  1.5682E+03  2.6955E-02 -1.3708E-02
  1.5696E+03  2.6944E-02 -1.3714E-02
  1.5711E+03  2.6933E-02 -1.3720E-02
  1.5725E+03  2.6923E-02 -1.3726E-02
  1.5740E+03  2.6913E-02 -1.3732E-02
  1.5754E+03  2.6902E-02 -1.3738E-02
  1.5769E+03  2.6892E-02 -1.3744E-02
  1.5783E+03  2.6882E-02 -1.3750E-02
  1.5798E+03  2.6872E-02 -1.3756E-02
  1.5812E+03  2.6862E-02 -1.3763E-02
  1.5827E+03  2.6853E-02 -1.3769E-02
  1.5841E+03  2.6843E-02 -1.3775E-02
  1.5856E+03  2.6834E-02 -1.3781E-02
  1.5870E+03  2.6824E-02 -1.3787E-02
  1.5885E+03  2.6815E-02 -1.3794E-02
  1.5899E+03  2.6805E-02 -1.3800E-02
  1.5914E+03  2.6796E-02 -1.3806E-02
  1.5928E+03  2.6787E-02 -1.3813E-02
  1.5943E+03  2.6778E-02 -1.3819E-02
  1.5957E+03  2.6769E-02 -1.3825E-02
  1.5972E+03  2.6761E-02 -1.3832E-02
  1.5987E+03  2.6752E-02 -1.3838E-02
  1.6001E+03  2.6743E-02 -1.3844E-02
  1.6016E+03  2.6735E-02 -1.3851E-02
  1.6030E+03  2.6727E-02 -1.3857E-02
  1.6045E+03  2.6719E-02 -1.3864E-02
  1.6059E+03  2.6711E-02 -1.3870E-02
  1.6074E+03  2.6703E-02 -1.3877E-02
  1.6088E+03  2.6695E-02 -1.3883E-02
  1.6103E+03  2.6687E-02 -1.3890E-02
  1.6117E+03  2.6680E-02 -1.3896E-02
  1.6132E+03  2.6672E-02 -1.3903E-02
  1.6146E+03  2.6665E-02 -1.3909E-02
  1.6161E+03  2.6658E-02 -1.3916E-02
  1.6175E+03  2.6650E-02 -1.3923E-02
  1.6190E+03  2.6643E-02 -1.3929E-02
  1.6204E+03  2.6636E-02 -1.3936E-02
  1.6219E+03  2.6629E-02 -1.3943E-02
  1.6233E+03  2.6622E-02 -1.3949E-02
  1.6248E+03  2.6615E-02 -1.3956E-02
  1.6262E+03  2.6608E-02 -1.3963E-02
  1.6277E+03  2.6600E-02 -1.3969E-02
  1.6291E+03  2.6593E-02 -1.3976E-02
  1.6306E+03  2.6586E-02 -1.3983E-02
  1.6320E+03  2.6578E-02 -1.3990E-02
  1.6335E+03  2.6570E-02 -1.3996E-02
  1.6350E+03  2.6562E-02 -1.4003E-02
  1.6364E+03  2.6554E-02 -1.4010E-02
  1.6379E+03  2.6546E-02 -1.4017E-02
  1.6393E+03  2.6538E-02 -1.4024E-02
  1.6408E+03  2.6529E-02 -1.4030E-02
  1.6422E+03  2.6520E-02 -1.4037E-02
  1.6437E+03  2.6511E-02 -1.4044E-02
  1.6451E+03  2.6502E-02 -1.4051E-02
  1.6466E+03  2.6492E-02 -1.4058E-02
  1.6480E+03  2.6483E-02 -1.4064E-02
  1.6495E+03  2.6473E-02 -1.4071E-02
  1.6509E+03  2.6463E-02 -1.4078E-02
  1.6524E+03  2.6453E-02 -1.4085E-02
  1.6538E+03  2.6443E-02 -1.4092E-02
  1.6553E+03  2.6433E-02 -1.4099E-02
  1.6567E+03  2.6423E-02 -1.4106E-02
  1.6582E+03  2.6413E-02 -1.4113E-02
  1.6596E+03  2.6403E-02 -1.4119E-02
  1.6611E+03  2.6393E-02 -1.4126E-02
  1.6625E+03  2.6384E-02 -1.4133E-02
  1.6640E+03  2.6374E-02 -1.4140E-02
  1.6654E+03  2.6364E-02 -1.4147E-02
  1.6669E+03  2.6355E-02 -1.4154E-02
  1.6683E+03  2.6346E-02 -1.4161E-02
  1.6698E+03  2.6337E-02 -1.4168E-02
  1.6713E+03  2.6328E-02 -1.4175E-02
  1.6727E+03  2.6319E-02 -1.4182E-02
  1.6742E+03  2.6311E-02 -1.4190E-02
  1.6756E+03  2.6303E-02 -1.4197E-02
  1.6771E+03  2.6295E-02 -1.4204E-02
  1.6785E+03  2.6287E-02 -1.4211E-02
  1.6800E+03  2.6280E-02 -1.4218E-02
  1.6814E+03  2.6273E-02 -1.4225E-02
  1.6829E+03  2.6266E-02 -1.4233E-02
  1.6843E+03  2.6259E-02 -1.4240E-02
  1.6858E+03  2.6252E-02 -1.4247E-02
  1.6872E+03  2.6246E-02 -1.4254E-02
  1.6887E+03  2.6239E-02 -1.4262E-02
  1.6901E+03  2.6233E-02 -1.4269E-02
  1.6916E+03  2.6227E-02 -1.4276E-02
  1.6930E+03  2.6220E-02 -1.4283E-02
  1.6945E+03  2.6214E-02 -1.4291E-02
  1.6959E+03  2.6208E-02 -1.4298E-02
  1.6974E+03  2.6202E-02 -1.4305E-02
  1.6988E+03  2.6196E-02 -1.4313E-02
  1.7003E+03  2.6190E-02 -1.4320E-02
  1.7017E+03  2.6184E-02 -1.4328E-02
  1.7032E+03  2.6178E-02 -1.4335E-02
  1.7046E+03  2.6172E-02 -1.4342E-02
  1.7061E+03  2.6166E-02 -1.4350E-02
  1.7076E+03  2.6160E-02 -1.4357E-02
  1.7090E+03  2.6154E-02 -1.4365E-02
  1.7105E+03  2.6148E-02 -1.4372E-02
  1.7119E+03  2.6143E-02 -1.4380E-02
  1.7134E+03  2.6137E-02 -1.4387E-02
  1.7148E+03  2.6131E-02 -1.4395E-02
  1.7163E+03  2.6125E-02 -1.4402E-02
  1.7177E+03  2.6119E-02 -1.4410E-02
  1.7192E+03  2.6114E-02 -1.4417E-02
  1.7206E+03  2.6108E-02 -1.4425E-02
  1.7221E+03  2.6102E-02 -1.4432E-02
  1.7235E+03  2.6097E-02 -1.4440E-02
  1.7250E+03  2.6091E-02 -1.4447E-02
  1.7264E+03  2.6086E-02 -1.4455E-02
  1.7279E+03  2.6081E-02 -1.4462E-02
  1.7293E+03  2.6075E-02 -1.4470E-02
  1.7308E+03  2.6070E-02 -1.4478E-02
  1.7322E+03  2.6064E-02 -1.4485E-02
  1.7337E+03  2.6059E-02 -1.4493E-02
  1.7351E+03  2.6053E-02 -1.4501E-02
  1.7366E+03  2.6048E-02 -1.4508E-02
  1.7380E+03  2.6042E-02 -1.4516E-02
  1.7395E+03  2.6036E-02 -1.4524E-02
  1.7409E+03  2.6030E-02 -1.4531E-02
  1.7424E+03  2.6024E-02 -1.4539E-02
  1.7439E+03  2.6018E-02 -1.4547E-02
  1.7453E+03  2.6012E-02 -1.4554E-02
  1.7468E+03  2.6005E-02 -1.4562E-02
  1.7482E+03  2.5998E-02 -1.4570E-02
  1.7497E+03  2.5991E-02 -1.4577E-02
  1.7511E+03  2.5984E-02 -1.4585E-02
  1.7526E+03  2.5976E-02 -1.4593E-02
  1.7540E+03  2.5969E-02 -1.4600E-02
  1.7555E+03  2.5961E-02 -1.4608E-02
  1.7569E+03  2.5952E-02 -1.4616E-02
  1.7584E+03  2.5944E-02 -1.4623E-02
  1.7598E+03  2.5935E-02 -1.4631E-02
  1.7613E+03  2.5926E-02 -1.4639E-02
  1.7627E+03  2.5917E-02 -1.4646E-02
  1.7642E+03  2.5907E-02 -1.4654E-02
  1.7656E+03  2.5897E-02 -1.4662E-02
  1.7671E+03  2.5887E-02 -1.4669E-02
  1.7685E+03  2.5877E-02 -1.4677E-02
  1.7700E+03  2.5866E-02 -1.4685E-02
  1.7714E+03  2.5855E-02 -1.4692E-02
  1.7729E+03  2.5844E-02 -1.4700E-02
  1.7743E+03  2.5833E-02 -1.4708E-02
  1.7758E+03  2.5821E-02 -1.4715E-02
  1.7772E+03  2.5810E-02 -1.4723E-02
  1.7787E+03  2.5798E-02 -1.4731E-02
  1.7802E+03  2.5786E-02 -1.4739E-02
  1.7816E+03  2.5775E-02 -1.4746E-02
  1.7831E+03  2.5763E-02 -1.4754E-02
  1.7845E+03  2.5751E-02 -1.4762E-02
  1.7860E+03  2.5739E-02 -1.4770E-02
  1.7874E+03  2.5726E-02 -1.4777E-02
  1.7889E+03  2.5714E-02 -1.4785E-02
  1.7903E+03  2.5702E-02 -1.4793E-02
  1.7918E+03  2.5690E-02 -1.4801E-02
  1.7932E+03  2.5678E-02 -1.4809E-02
  1.7947E+03  2.5666E-02 -1.4817E-02
  1.7961E+03  2.5654E-02 -1.4824E-02
  1.7976E+03  2.5642E-02 -1.4832E-02
  1.7990E+03  2.5630E-02 -1.4840E-02
  1.8005E+03  2.5619E-02 -1.4848E-02
  1.8019E+03  2.5607E-02 -1.4856E-02
  1.8034E+03  2.5595E-02 -1.4864E-02
  1.8048E+03  2.5584E-02 -1.4872E-02
  1.8063E+03  2.5572E-02 -1.4879E-02
  1.8077E+03  2.5560E-02 -1.4887E-02
  1.8092E+03  2.5549E-02 -1.4895E-02
  1.8106E+03  2.5537E-02 -1.4903E-02
  1.8121E+03  2.5526E-02 -1.4911E-02
  1.8135E+03  2.5514E-02 -1.4919E-02
  1.8150E+03  2.5502E-02 -1.4927E-02
  1.8165E+03  2.5491E-02 -1.4935E-02
  1.8179E+03  2.5479E-02 -1.4943E-02
  1.8194E+03  2.5467E-02 -1.4951E-02
  1.8208E+03  2.5455E-02 -1.4959E-02
  1.8223E+03  2.5443E-02 -1.4966E-02
  1.8237E+03  2.5432E-02 -1.4974E-02
  1.8252E+03  2.5420E-02 -1.4982E-02
  1.8266E+03  2.5407E-02 -1.4990E-02
  1.8281E+03  2.5395E-02 -1.4998E-02
  1.8295E+03  2.5383E-02 -1.5006E-02
  1.8310E+03  2.5371E-02 -1.5014E-02
  1.8324E+03  2.5358E-02 -1.5022E-02
  1.8339E+03  2.5346E-02 -1.5030E-02
  1.8353E+03  2.5333E-02 -1.5038E-02
  1.8368E+03  2.5321E-02 -1.5046E-02
  1.8382E+03  2.5308E-02 -1.5054E-02
  1.8397E+03  2.5296E-02 -1.5061E-02
  1.8411E+03  2.5283E-02 -1.5069E-02
  1.8426E+03  2.5271E-02 -1.5077E-02
  1.8440E+03  2.5258E-02 -1.5085E-02
  1.8455E+03  2.5246E-02 -1.5093E-02
  1.8469E+03  2.5233E-02 -1.5101E-02
  1.8484E+03  2.5221E-02 -1.5109E-02
  1.8498E+03  2.5209E-02 -1.5117E-02
  1.8513E+03  2.5196E-02 -1.5125E-02
  1.8528E+03  2.5184E-02 -1.5133E-02
  1.8542E+03  2.5172E-02 -1.5141E-02
  1.8557E+03  2.5160E-02 -1.5149E-02
  1.8571E+03  2.5148E-02 -1.5157E-02
  1.8586E+03  2.5137E-02 -1.5165E-02
  1.8600E+03  2.5125E-02 -1.5173E-02
  1.8615E+03  2.5113E-02 -1.5181E-02
  1.8629E+03  2.5102E-02 -1.5189E-02
  1.8644E+03  2.5091E-02 -1.5197E-02
  1.8658E+03  2.5079E-02 -1.5205E-02
  1.8673E+03  2.5068E-02 -1.5213E-02
  1.8687E+03  2.5057E-02 -1.5221E-02
  1.8702E+03  2.5046E-02 -1.5229E-02
  1.8716E+03  2.5035E-02 -1.5237E-02
  1.8731E+03  2.5024E-02 -1.5245E-02
  1.8745E+03  2.5013E-02 -1.5253E-02
  1.8760E+03  2.5002E-02 -1.5261E-02
  1.8774E+03  2.4991E-02 -1.5269E-02
  1.8789E+03  2.4980E-02 -1.5277E-02
  1.8803E+03  2.4969E-02 -1.5285E-02
  1.8818E+03  2.4959E-02 -1.5293E-02
  1.8832E+03  2.4948E-02 -1.5301E-02
  1.8847E+03  2.4937E-02 -1.5309E-02
  1.8861E+03  2.4926E-02 -1.5317E-02
  1.8876E+03  2.4916E-02 -1.5325E-02
  1.8891E+03  2.4905E-02 -1.5333E-02
  1.8905E+03  2.4894E-02 -1.5341E-02
  1.8920E+03  2.4884E-02 -1.5349E-02
  1.8934E+03  2.4873E-02 -1.5356E-02
  1.8949E+03  2.4863E-02 -1.5364E-02
  1.8963E+03  2.4852E-02 -1.5372E-02
  1.8978E+03  2.4842E-02 -1.5380E-02
  1.8992E+03  2.4831E-02 -1.5388E-02
  1.9007E+03  2.4821E-02 -1.5396E-02
  1.9021E+03  2.4811E-02 -1.5404E-02
  1.9036E+03  2.4801E-02 -1.5412E-02
  1.9050E+03  2.4791E-02 -1.5420E-02
  1.9065E+03  2.4781E-02 -1.5428E-02
  1.9079E+03  2.4771E-02 -1.5436E-02
  1.9094E+03  2.4761E-02 -1.5444E-02
  1.9108E+03  2.4751E-02 -1.5452E-02
  1.9123E+03  2.4741E-02 -1.5460E-02
  1.9137E+03  2.4732E-02 -1.5468E-02
  1.9152E+03  2.4722E-02 -1.5476E-02
  1.9166E+03  2.4712E-02 -1.5484E-02
  1.9181E+03  2.4703E-02 -1.5492E-02
  1.9195E+03  2.4693E-02 -1.5500E-02
  1.9210E+03  2.4684E-02 -1.5508E-02
  1.9224E+03  2.4674E-02 -1.5516E-02
  1.9239E+03  2.4665E-02 -1.5524E-02
  1.9254E+03  2.4655E-02 -1.5532E-02
  1.9268E+03  2.4646E-02 -1.5539E-02
  1.9283E+03  2.4636E-02 -1.5547E-02
  1.9297E+03  2.4627E-02 -1.5555E-02
  1.9312E+03  2.4617E-02 -1.5563E-02
  1.9326E+03  2.4607E-02 -1.5571E-02
  1.9341E+03  2.4598E-02 -1.5579E-02
  1.9355E+03  2.4588E-02 -1.5587E-02
  1.9370E+03  2.4578E-02 -1.5595E-02
  1.9384E+03  2.4568E-02 -1.5603E-02
  1.9399E+03  2.4558E-02 -1.5611E-02
  1.9413E+03  2.4548E-02 -1.5619E-02
  1.9428E+03  2.4537E-02 -1.5627E-02
  1.9442E+03  2.4527E-02 -1.5635E-02
  1.9457E+03  2.4517E-02 -1.5643E-02
  1.9471E+03  2.4506E-02 -1.5651E-02
  1.9486E+03  2.4496E-02 -1.5659E-02
  1.9500E+03  2.4485E-02 -1.5666E-02
  1.9515E+03  2.4474E-02 -1.5674E-02
  1.9529E+03  2.4463E-02 -1.5682E-02
  1.9544E+03  2.4452E-02 -1.5690E-02
  1.9558E+03  2.4441E-02 -1.5698E-02
  1.9573E+03  2.4430E-02 -1.5706E-02
  1.9587E+03  2.4419E-02 -1.5714E-02
  1.9602E+03  2.4408E-02 -1.5722E-02
  1.9617E+03  2.4397E-02 -1.5730E-02
  1.9631E+03  2.4385E-02 -1.5738E-02
  1.9646E+03  2.4374E-02 -1.5746E-02
  1.9660E+03  2.4363E-02 -1.5753E-02
  1.9675E+03  2.4351E-02 -1.5761E-02
  1.9689E+03  2.4340E-02 -1.5769E-02
  1.9704E+03  2.4329E-02 -1.5777E-02
  1.9718E+03  2.4317E-02 -1.5785E-02
  1.9733E+03  2.4306E-02 -1.5793E-02
  1.9747E+03  2.4294E-02 -1.5801E-02
  1.9762E+03  2.4283E-02 -1.5809E-02
  1.9776E+03  2.4271E-02 -1.5817E-02
  1.9791E+03  2.4260E-02 -1.5825E-02
  1.9805E+03  2.4248E-02 -1.5832E-02
  1.9820E+03  2.4237E-02 -1.5840E-02
  1.9834E+03  2.4225E-02 -1.5848E-02
  1.9849E+03  2.4213E-02 -1.5856E-02
  1.9863E+03  2.4202E-02 -1.5864E-02
  1.9878E+03  2.4190E-02 -1.5872E-02
  1.9892E+03  2.4179E-02 -1.5880E-02
  1.9907E+03  2.4167E-02 -1.5888E-02
  1.9921E+03  2.4155E-02 -1.5895E-02
  1.9936E+03  2.4143E-02 -1.5903E-02
  1.9950E+03  2.4132E-02 -1.5911E-02
  1.9965E+03  2.4120E-02 -1.5919E-02
  1.9980E+03  2.4108E-02 -1.5927E-02
  1.9994E+03  2.4096E-02 -1.5935E-02
