# CREATED BY GENE DIAGNOSTICS TOOL on Wed Mar 10 10:07:54 2021
# diag: timetrace, run(s): 0051, time window: 0-2000(1380 steps), species: ions
# original data path: /marconi_scratch/userexternal/cmoreno0/GAMZF_convergence/lhd_surface/scanfiles0000/
# normalization: L_ref=1.65m
#
#  t          Re[phi]     Im[phi]   
  0.0000E+00  9.9997E-01  0.0000E+00
  1.4500E+00  8.4252E-01 -3.0277E-03
  2.9000E+00  6.4285E-01 -5.4929E-03
  4.3500E+00  4.3382E-01 -6.8388E-03
  5.8000E+00  2.7698E-01 -6.8324E-03
  7.2500E+00  1.7758E-01 -5.7840E-03
  8.7000E+00  1.2137E-01 -4.3002E-03
  1.0150E+01  9.1443E-02 -2.8944E-03
  1.1600E+01  7.5630E-02 -1.8278E-03
  1.3050E+01  6.6862E-02 -1.1319E-03
  1.4500E+01  6.1633E-02 -6.9311E-04
  1.5950E+01  5.8796E-02 -4.7017E-04
  1.7400E+01  5.8349E-02 -6.3852E-04
  1.8850E+01  5.9685E-02 -1.3057E-03
  2.0300E+01  6.0929E-02 -2.3139E-03
  2.1750E+01  5.9241E-02 -3.2042E-03
  2.3200E+01  5.2537E-02 -3.5082E-03
  2.4650E+01  4.0418E-02 -3.0101E-03
  2.6100E+01  2.4352E-02 -1.7977E-03
  2.7550E+01  7.0357E-03 -1.9810E-04
  2.9000E+01 -8.5819E-03  1.3920E-03
  3.0450E+01 -2.0391E-02  2.6444E-03
  3.1900E+01 -2.7393E-02  3.3722E-03
  3.3350E+01 -2.9370E-02  3.5409E-03
  3.4800E+01 -2.6728E-02  3.2361E-03
  3.6250E+01 -2.0860E-02  2.5902E-03
  3.7700E+01 -1.3554E-02  1.7411E-03
  3.9150E+01 -5.6454E-03  8.2499E-04
  4.0600E+01  3.0004E-03 -9.2805E-05
  4.2050E+01  1.1992E-02 -9.4195E-04
  4.3500E+01  2.0060E-02 -1.6955E-03
  4.4950E+01  2.6322E-02 -2.3485E-03
  4.6400E+01  3.1146E-02 -2.8973E-03
  4.7850E+01  3.5793E-02 -3.3610E-03
  4.9300E+01  4.1139E-02 -3.7613E-03
  5.0750E+01  4.7014E-02 -4.1195E-03
  5.2200E+01  5.2371E-02 -4.4519E-03
  5.3650E+01  5.6030E-02 -4.7593E-03
  5.5100E+01  5.7663E-02 -5.0240E-03
  5.6550E+01  5.8072E-02 -5.2296E-03
  5.8000E+01  5.8582E-02 -5.3617E-03
  5.9450E+01  6.0071E-02 -5.4030E-03
  6.0900E+01  6.2497E-02 -5.3744E-03
  6.2350E+01  6.4814E-02 -5.2667E-03
  6.3800E+01  6.5740E-02 -5.0914E-03
  6.5250E+01  6.4659E-02 -4.8586E-03
  6.6700E+01  6.2068E-02 -4.5788E-03
  6.8150E+01  5.8821E-02 -4.2738E-03
  6.9600E+01  5.5739E-02 -3.9711E-03
  7.1050E+01  5.3497E-02 -3.6896E-03
  7.2500E+01  5.2384E-02 -3.4492E-03
  7.3950E+01  5.1843E-02 -3.2527E-03
  7.5400E+01  5.1021E-02 -3.0989E-03
  7.6850E+01  4.9710E-02 -2.9877E-03
  7.8300E+01  4.8355E-02 -2.9193E-03
  7.9750E+01  4.7154E-02 -2.8862E-03
  8.1200E+01  4.5902E-02 -2.9010E-03
  8.2650E+01  4.4678E-02 -2.9453E-03
  8.4100E+01  4.4197E-02 -3.0100E-03
  8.5550E+01  4.4905E-02 -3.1005E-03
  8.7000E+01  4.6194E-02 -3.2030E-03
  8.8450E+01  4.7065E-02 -3.3230E-03
  8.9900E+01  4.7197E-02 -3.4556E-03
  9.1350E+01  4.7193E-02 -3.5993E-03
  9.2800E+01  4.7659E-02 -3.7535E-03
  9.4250E+01  4.8448E-02 -3.9159E-03
  9.5700E+01  4.8899E-02 -4.0812E-03
  9.7150E+01  4.8676E-02 -4.2465E-03
  9.8600E+01  4.8169E-02 -4.4058E-03
  1.0005E+02  4.8079E-02 -4.5499E-03
  1.0150E+02  4.8724E-02 -4.6863E-03
  1.0295E+02  4.9817E-02 -4.8081E-03
  1.0440E+02  5.0808E-02 -4.9161E-03
  1.0585E+02  5.1289E-02 -5.0154E-03
  1.0730E+02  5.1199E-02 -5.1009E-03
  1.0875E+02  5.0804E-02 -5.1729E-03
  1.1020E+02  5.0522E-02 -5.2313E-03
  1.1165E+02  5.0685E-02 -5.2766E-03
  1.1310E+02  5.1369E-02 -5.3116E-03
  1.1455E+02  5.2379E-02 -5.3385E-03
  1.1600E+02  5.3353E-02 -5.3579E-03
  1.1745E+02  5.3925E-02 -5.3728E-03
  1.1890E+02  5.3926E-02 -5.3849E-03
  1.2035E+02  5.3506E-02 -5.3932E-03
  1.2180E+02  5.3068E-02 -5.4050E-03
  1.2325E+02  5.3028E-02 -5.4171E-03
  1.2470E+02  5.3592E-02 -5.4299E-03
  1.2615E+02  5.4670E-02 -5.4485E-03
  1.2760E+02  5.5888E-02 -5.4722E-03
  1.2905E+02  5.6754E-02 -5.5019E-03
  1.3050E+02  5.6969E-02 -5.5369E-03
  1.3195E+02  5.6588E-02 -5.5743E-03
  1.3340E+02  5.5867E-02 -5.6123E-03
  1.3485E+02  5.5078E-02 -5.6500E-03
  1.3630E+02  5.4429E-02 -5.6870E-03
  1.3775E+02  5.3988E-02 -5.7261E-03
  1.3920E+02  5.3669E-02 -5.7692E-03
  1.4065E+02  5.3398E-02 -5.8161E-03
  1.4210E+02  5.3209E-02 -5.8706E-03
  1.4355E+02  5.3101E-02 -5.9299E-03
  1.4500E+02  5.2916E-02 -5.9917E-03
  1.4645E+02  5.2520E-02 -6.0566E-03
  1.4790E+02  5.2028E-02 -6.1217E-03
  1.4935E+02  5.1648E-02 -6.1854E-03
  1.5080E+02  5.1399E-02 -6.2464E-03
  1.5225E+02  5.1153E-02 -6.3025E-03
  1.5370E+02  5.0855E-02 -6.3522E-03
  1.5515E+02  5.0500E-02 -6.3958E-03
  1.5660E+02  5.0039E-02 -6.4350E-03
  1.5805E+02  4.9562E-02 -6.4736E-03
  1.5950E+02  4.9402E-02 -6.5150E-03
  1.6095E+02  4.9820E-02 -6.5615E-03
  1.6240E+02  5.0634E-02 -6.6159E-03
  1.6385E+02  5.1342E-02 -6.6755E-03
  1.6530E+02  5.1587E-02 -6.7361E-03
  1.6675E+02  5.1468E-02 -6.7959E-03
  1.6820E+02  5.1367E-02 -6.8534E-03
  1.6965E+02  5.1511E-02 -6.9099E-03
  1.7110E+02  5.1793E-02 -6.9671E-03
  1.7255E+02  5.2005E-02 -7.0250E-03
  1.7400E+02  5.2109E-02 -7.0821E-03
  1.7545E+02  5.2174E-02 -7.1370E-03
  1.7690E+02  5.2193E-02 -7.1887E-03
  1.7835E+02  5.2134E-02 -7.2378E-03
  1.7980E+02  5.2139E-02 -7.2856E-03
  1.8125E+02  5.2452E-02 -7.3333E-03
  1.8270E+02  5.3103E-02 -7.3825E-03
  1.8415E+02  5.3799E-02 -7.4319E-03
  1.8560E+02  5.4170E-02 -7.4780E-03
  1.8705E+02  5.4047E-02 -7.5185E-03
  1.8850E+02  5.3559E-02 -7.5516E-03
  1.8995E+02  5.3039E-02 -7.5777E-03
  1.9140E+02  5.2770E-02 -7.5995E-03
  1.9285E+02  5.2750E-02 -7.6202E-03
  1.9430E+02  5.2761E-02 -7.6414E-03
  1.9575E+02  5.2664E-02 -7.6637E-03
  1.9720E+02  5.2529E-02 -7.6870E-03
  1.9865E+02  5.2521E-02 -7.7122E-03
  2.0010E+02  5.2706E-02 -7.7411E-03
  2.0155E+02  5.2971E-02 -7.7748E-03
  2.0300E+02  5.3109E-02 -7.8136E-03
  2.0445E+02  5.3052E-02 -7.8553E-03
  2.0590E+02  5.2980E-02 -7.8973E-03
  2.0735E+02  5.3141E-02 -7.9388E-03
  2.0880E+02  5.3593E-02 -7.9810E-03
  2.1025E+02  5.4170E-02 -8.0257E-03
  2.1170E+02  5.4687E-02 -8.0745E-03
  2.1315E+02  5.5066E-02 -8.1277E-03
  2.1460E+02  5.5303E-02 -8.1844E-03
  2.1605E+02  5.5449E-02 -8.2430E-03
  2.1750E+02  5.5590E-02 -8.3026E-03
  2.1895E+02  5.5744E-02 -8.3626E-03
  2.2040E+02  5.5822E-02 -8.4226E-03
  2.2185E+02  5.5796E-02 -8.4816E-03
  2.2330E+02  5.5772E-02 -8.5388E-03
  2.2475E+02  5.5842E-02 -8.5935E-03
  2.2620E+02  5.5977E-02 -8.6456E-03
  2.2765E+02  5.6124E-02 -8.6954E-03
  2.2910E+02  5.6289E-02 -8.7433E-03
  2.3055E+02  5.6446E-02 -8.7896E-03
  2.3200E+02  5.6475E-02 -8.8339E-03
  2.3345E+02  5.6277E-02 -8.8752E-03
  2.3490E+02  5.5927E-02 -8.9123E-03
  2.3635E+02  5.5631E-02 -8.9449E-03
  2.3780E+02  5.5506E-02 -8.9739E-03
  2.3925E+02  5.5461E-02 -9.0005E-03
  2.4070E+02  5.5319E-02 -9.0257E-03
  2.4215E+02  5.5002E-02 -9.0498E-03
  2.4360E+02  5.4561E-02 -9.0729E-03
  2.4505E+02  5.4072E-02 -9.0957E-03
  2.4650E+02  5.3555E-02 -9.1186E-03
  2.4795E+02  5.3004E-02 -9.1422E-03
  2.4940E+02  5.2421E-02 -9.1668E-03
  2.5085E+02  5.1774E-02 -9.1922E-03
  2.5230E+02  5.1009E-02 -9.2180E-03
  2.5375E+02  5.0178E-02 -9.2440E-03
  2.5520E+02  4.9452E-02 -9.2706E-03
  2.5665E+02  4.8943E-02 -9.2988E-03
  2.5810E+02  4.8577E-02 -9.3299E-03
  2.5955E+02  4.8193E-02 -9.3645E-03
  2.6100E+02  4.7731E-02 -9.4021E-03
  2.6245E+02  4.7284E-02 -9.4420E-03
  2.6390E+02  4.6989E-02 -9.4837E-03
  2.6535E+02  4.6878E-02 -9.5274E-03
  2.6680E+02  4.6847E-02 -9.5731E-03
  2.6825E+02  4.6771E-02 -9.6206E-03
  2.6970E+02  4.6632E-02 -9.6692E-03
  2.7115E+02  4.6526E-02 -9.7182E-03
  2.7260E+02  4.6532E-02 -9.7676E-03
  2.7405E+02  4.6624E-02 -9.8176E-03
  2.7550E+02  4.6726E-02 -9.8685E-03
  2.7695E+02  4.6805E-02 -9.9202E-03
  2.7840E+02  4.6867E-02 -9.9722E-03
  2.7985E+02  4.6915E-02 -1.0024E-02
  2.8130E+02  4.6924E-02 -1.0074E-02
  2.8275E+02  4.6855E-02 -1.0123E-02
  2.8420E+02  4.6687E-02 -1.0169E-02
  2.8565E+02  4.6465E-02 -1.0213E-02
  2.8710E+02  4.6289E-02 -1.0255E-02
  2.8855E+02  4.6228E-02 -1.0295E-02
  2.9000E+02  4.6248E-02 -1.0333E-02
  2.9145E+02  4.6259E-02 -1.0369E-02
  2.9290E+02  4.6186E-02 -1.0404E-02
  2.9435E+02  4.5999E-02 -1.0437E-02
  2.9580E+02  4.5707E-02 -1.0467E-02
  2.9725E+02  4.5362E-02 -1.0495E-02
  2.9870E+02  4.5038E-02 -1.0521E-02
  3.0015E+02  4.4789E-02 -1.0546E-02
  3.0160E+02  4.4622E-02 -1.0571E-02
  3.0305E+02  4.4515E-02 -1.0595E-02
  3.0450E+02  4.4458E-02 -1.0620E-02
  3.0595E+02  4.4436E-02 -1.0645E-02
  3.0740E+02  4.4418E-02 -1.0671E-02
  3.0885E+02  4.4379E-02 -1.0699E-02
  3.1030E+02  4.4338E-02 -1.0729E-02
  3.1175E+02  4.4341E-02 -1.0759E-02
  3.1320E+02  4.4414E-02 -1.0791E-02
  3.1465E+02  4.4545E-02 -1.0824E-02
  3.1610E+02  4.4719E-02 -1.0858E-02
  3.1755E+02  4.4938E-02 -1.0892E-02
  3.1900E+02  4.5193E-02 -1.0927E-02
  3.2045E+02  4.5435E-02 -1.0963E-02
  3.2190E+02  4.5594E-02 -1.1000E-02
  3.2335E+02  4.5662E-02 -1.1038E-02
  3.2480E+02  4.5708E-02 -1.1076E-02
  3.2625E+02  4.5811E-02 -1.1113E-02
  3.2770E+02  4.5981E-02 -1.1151E-02
  3.2915E+02  4.6171E-02 -1.1188E-02
  3.3060E+02  4.6331E-02 -1.1224E-02
  3.3205E+02  4.6436E-02 -1.1260E-02
  3.3350E+02  4.6484E-02 -1.1295E-02
  3.3495E+02  4.6495E-02 -1.1328E-02
  3.3640E+02  4.6501E-02 -1.1360E-02
  3.3785E+02  4.6527E-02 -1.1390E-02
  3.3930E+02  4.6562E-02 -1.1420E-02
  3.4075E+02  4.6568E-02 -1.1449E-02
  3.4220E+02  4.6520E-02 -1.1476E-02
  3.4365E+02  4.6427E-02 -1.1502E-02
  3.4510E+02  4.6328E-02 -1.1527E-02
  3.4655E+02  4.6260E-02 -1.1551E-02
  3.4800E+02  4.6204E-02 -1.1574E-02
  3.4945E+02  4.6107E-02 -1.1597E-02
  3.5090E+02  4.5949E-02 -1.1621E-02
  3.5235E+02  4.5770E-02 -1.1644E-02
  3.5380E+02  4.5619E-02 -1.1668E-02
  3.5525E+02  4.5504E-02 -1.1691E-02
  3.5670E+02  4.5399E-02 -1.1715E-02
  3.5815E+02  4.5277E-02 -1.1739E-02
  3.5960E+02  4.5126E-02 -1.1763E-02
  3.6105E+02  4.4955E-02 -1.1788E-02
  3.6250E+02  4.4785E-02 -1.1812E-02
  3.6395E+02  4.4633E-02 -1.1838E-02
  3.6540E+02  4.4494E-02 -1.1863E-02
  3.6685E+02  4.4359E-02 -1.1888E-02
  3.6830E+02  4.4237E-02 -1.1914E-02
  3.6975E+02  4.4153E-02 -1.1940E-02
  3.7120E+02  4.4123E-02 -1.1966E-02
  3.7265E+02  4.4142E-02 -1.1993E-02
  3.7410E+02  4.4200E-02 -1.2020E-02
  3.7555E+02  4.4284E-02 -1.2048E-02
  3.7700E+02  4.4371E-02 -1.2076E-02
  3.7845E+02  4.4449E-02 -1.2103E-02
  3.7990E+02  4.4528E-02 -1.2131E-02
  3.8135E+02  4.4626E-02 -1.2158E-02
  3.8280E+02  4.4759E-02 -1.2185E-02
  3.8425E+02  4.4923E-02 -1.2211E-02
  3.8570E+02  4.5100E-02 -1.2238E-02
  3.8715E+02  4.5260E-02 -1.2264E-02
  3.8860E+02  4.5384E-02 -1.2290E-02
  3.9005E+02  4.5473E-02 -1.2316E-02
  3.9150E+02  4.5556E-02 -1.2342E-02
  3.9295E+02  4.5679E-02 -1.2367E-02
  3.9440E+02  4.5869E-02 -1.2392E-02
  3.9585E+02  4.6096E-02 -1.2418E-02
  3.9730E+02  4.6288E-02 -1.2442E-02
  3.9875E+02  4.6399E-02 -1.2467E-02
  4.0020E+02  4.6448E-02 -1.2490E-02
  4.0165E+02  4.6489E-02 -1.2512E-02
  4.0310E+02  4.6547E-02 -1.2533E-02
  4.0455E+02  4.6610E-02 -1.2554E-02
  4.0600E+02  4.6659E-02 -1.2573E-02
  4.0745E+02  4.6688E-02 -1.2593E-02
  4.0890E+02  4.6699E-02 -1.2611E-02
  4.1035E+02  4.6695E-02 -1.2629E-02
  4.1180E+02  4.6675E-02 -1.2647E-02
  4.1325E+02  4.6634E-02 -1.2664E-02
  4.1470E+02  4.6570E-02 -1.2682E-02
  4.1615E+02  4.6488E-02 -1.2699E-02
  4.1760E+02  4.6392E-02 -1.2717E-02
  4.1905E+02  4.6289E-02 -1.2734E-02
  4.2050E+02  4.6185E-02 -1.2751E-02
  4.2195E+02  4.6089E-02 -1.2768E-02
  4.2340E+02  4.5996E-02 -1.2785E-02
  4.2485E+02  4.5895E-02 -1.2802E-02
  4.2630E+02  4.5786E-02 -1.2820E-02
  4.2775E+02  4.5681E-02 -1.2838E-02
  4.2920E+02  4.5583E-02 -1.2856E-02
  4.3065E+02  4.5484E-02 -1.2874E-02
  4.3210E+02  4.5380E-02 -1.2893E-02
  4.3355E+02  4.5277E-02 -1.2912E-02
  4.3500E+02  4.5185E-02 -1.2932E-02
  4.3645E+02  4.5099E-02 -1.2952E-02
  4.3790E+02  4.5010E-02 -1.2972E-02
  4.3935E+02  4.4918E-02 -1.2992E-02
  4.4080E+02  4.4825E-02 -1.3012E-02
  4.4225E+02  4.4736E-02 -1.3033E-02
  4.4370E+02  4.4652E-02 -1.3053E-02
  4.4515E+02  4.4561E-02 -1.3074E-02
  4.4660E+02  4.4457E-02 -1.3095E-02
  4.4805E+02  4.4346E-02 -1.3115E-02
  4.4950E+02  4.4244E-02 -1.3136E-02
  4.5095E+02  4.4157E-02 -1.3156E-02
  4.5240E+02  4.4075E-02 -1.3176E-02
  4.5385E+02  4.3980E-02 -1.3196E-02
  4.5530E+02  4.3869E-02 -1.3217E-02
  4.5675E+02  4.3762E-02 -1.3236E-02
  4.5820E+02  4.3683E-02 -1.3256E-02
  4.5965E+02  4.3634E-02 -1.3275E-02
  4.6110E+02  4.3600E-02 -1.3295E-02
  4.6255E+02  4.3562E-02 -1.3314E-02
  4.6400E+02  4.3515E-02 -1.3333E-02
  4.6545E+02  4.3464E-02 -1.3352E-02
  4.6690E+02  4.3417E-02 -1.3371E-02
  4.6835E+02  4.3382E-02 -1.3389E-02
  4.6980E+02  4.3362E-02 -1.3407E-02
  4.7125E+02  4.3354E-02 -1.3425E-02
  4.7270E+02  4.3346E-02 -1.3443E-02
  4.7415E+02  4.3339E-02 -1.3460E-02
  4.7560E+02  4.3341E-02 -1.3478E-02
  4.7705E+02  4.3354E-02 -1.3495E-02
  4.7850E+02  4.3370E-02 -1.3511E-02
  4.7995E+02  4.3383E-02 -1.3528E-02
  4.8140E+02  4.3398E-02 -1.3545E-02
  4.8285E+02  4.3421E-02 -1.3561E-02
  4.8430E+02  4.3450E-02 -1.3577E-02
  4.8575E+02  4.3474E-02 -1.3593E-02
  4.8720E+02  4.3484E-02 -1.3609E-02
  4.8865E+02  4.3489E-02 -1.3624E-02
  4.9010E+02  4.3500E-02 -1.3639E-02
  4.9155E+02  4.3522E-02 -1.3654E-02
  4.9300E+02  4.3542E-02 -1.3668E-02
  4.9445E+02  4.3540E-02 -1.3683E-02
  4.9590E+02  4.3507E-02 -1.3697E-02
  4.9735E+02  4.3446E-02 -1.3712E-02
  4.9880E+02  4.3363E-02 -1.3725E-02
  5.0025E+02  4.3263E-02 -1.3738E-02
  5.0170E+02  4.3153E-02 -1.3751E-02
  5.0315E+02  4.3045E-02 -1.3764E-02
  5.0460E+02  4.2940E-02 -1.3776E-02
  5.0605E+02  4.2829E-02 -1.3789E-02
  5.0750E+02  4.2701E-02 -1.3801E-02
  5.0895E+02  4.2555E-02 -1.3813E-02
  5.1040E+02  4.2395E-02 -1.3824E-02
  5.1185E+02  4.2234E-02 -1.3836E-02
  5.1330E+02  4.2078E-02 -1.3847E-02
  5.1475E+02  4.1929E-02 -1.3858E-02
  5.1620E+02  4.1785E-02 -1.3869E-02
  5.1765E+02  4.1645E-02 -1.3880E-02
  5.1910E+02  4.1507E-02 -1.3890E-02
  5.2055E+02  4.1376E-02 -1.3901E-02
  5.2200E+02  4.1260E-02 -1.3912E-02
  5.2345E+02  4.1164E-02 -1.3923E-02
  5.2490E+02  4.1089E-02 -1.3933E-02
  5.2635E+02  4.1028E-02 -1.3945E-02
  5.2780E+02  4.0974E-02 -1.3956E-02
  5.2925E+02  4.0927E-02 -1.3967E-02
  5.3070E+02  4.0890E-02 -1.3979E-02
  5.3215E+02  4.0867E-02 -1.3990E-02
  5.3360E+02  4.0858E-02 -1.4001E-02
  5.3505E+02  4.0857E-02 -1.4013E-02
  5.3650E+02  4.0863E-02 -1.4024E-02
  5.3795E+02  4.0875E-02 -1.4035E-02
  5.3940E+02  4.0899E-02 -1.4046E-02
  5.4085E+02  4.0931E-02 -1.4056E-02
  5.4230E+02  4.0964E-02 -1.4067E-02
  5.4375E+02  4.0990E-02 -1.4077E-02
  5.4520E+02  4.1012E-02 -1.4086E-02
  5.4665E+02  4.1037E-02 -1.4095E-02
  5.4810E+02  4.1068E-02 -1.4104E-02
  5.4955E+02  4.1103E-02 -1.4113E-02
  5.5100E+02  4.1135E-02 -1.4120E-02
  5.5245E+02  4.1159E-02 -1.4128E-02
  5.5390E+02  4.1171E-02 -1.4135E-02
  5.5535E+02  4.1174E-02 -1.4141E-02
  5.5680E+02  4.1180E-02 -1.4147E-02
  5.5825E+02  4.1198E-02 -1.4153E-02
  5.5970E+02  4.1226E-02 -1.4158E-02
  5.6115E+02  4.1256E-02 -1.4164E-02
  5.6260E+02  4.1280E-02 -1.4169E-02
  5.6405E+02  4.1296E-02 -1.4174E-02
  5.6550E+02  4.1313E-02 -1.4179E-02
  5.6695E+02  4.1338E-02 -1.4184E-02
  5.6840E+02  4.1373E-02 -1.4189E-02
  5.6985E+02  4.1417E-02 -1.4195E-02
  5.7130E+02  4.1465E-02 -1.4200E-02
  5.7275E+02  4.1513E-02 -1.4206E-02
  5.7420E+02  4.1556E-02 -1.4212E-02
  5.7565E+02  4.1589E-02 -1.4218E-02
  5.7710E+02  4.1613E-02 -1.4224E-02
  5.7855E+02  4.1632E-02 -1.4231E-02
  5.8000E+02  4.1650E-02 -1.4237E-02
  5.8145E+02  4.1662E-02 -1.4244E-02
  5.8290E+02  4.1662E-02 -1.4251E-02
  5.8435E+02  4.1645E-02 -1.4257E-02
  5.8580E+02  4.1614E-02 -1.4264E-02
  5.8725E+02  4.1573E-02 -1.4270E-02
  5.8870E+02  4.1520E-02 -1.4277E-02
  5.9015E+02  4.1456E-02 -1.4283E-02
  5.9160E+02  4.1377E-02 -1.4289E-02
  5.9305E+02  4.1283E-02 -1.4295E-02
  5.9450E+02  4.1178E-02 -1.4300E-02
  5.9595E+02  4.1065E-02 -1.4305E-02
  5.9740E+02  4.0945E-02 -1.4310E-02
  5.9885E+02  4.0819E-02 -1.4315E-02
  6.0030E+02  4.0684E-02 -1.4319E-02
  6.0175E+02  4.0541E-02 -1.4323E-02
  6.0320E+02  4.0389E-02 -1.4327E-02
  6.0465E+02  4.0235E-02 -1.4330E-02
  6.0610E+02  4.0084E-02 -1.4334E-02
  6.0755E+02  3.9935E-02 -1.4337E-02
  6.0900E+02  3.9790E-02 -1.4341E-02
  6.1045E+02  3.9649E-02 -1.4344E-02
  6.1190E+02  3.9515E-02 -1.4348E-02
  6.1335E+02  3.9390E-02 -1.4352E-02
  6.1480E+02  3.9277E-02 -1.4356E-02
  6.1625E+02  3.9173E-02 -1.4360E-02
  6.1770E+02  3.9075E-02 -1.4365E-02
  6.1915E+02  3.8982E-02 -1.4370E-02
  6.2060E+02  3.8900E-02 -1.4375E-02
  6.2205E+02  3.8833E-02 -1.4380E-02
  6.2350E+02  3.8782E-02 -1.4386E-02
  6.2495E+02  3.8743E-02 -1.4392E-02
  6.2640E+02  3.8712E-02 -1.4398E-02
  6.2785E+02  3.8687E-02 -1.4404E-02
  6.2930E+02  3.8666E-02 -1.4410E-02
  6.3075E+02  3.8647E-02 -1.4417E-02
  6.3220E+02  3.8630E-02 -1.4423E-02
  6.3365E+02  3.8617E-02 -1.4429E-02
  6.3510E+02  3.8609E-02 -1.4436E-02
  6.3655E+02  3.8604E-02 -1.4442E-02
  6.3800E+02  3.8601E-02 -1.4447E-02
  6.3945E+02  3.8595E-02 -1.4453E-02
  6.4090E+02  3.8585E-02 -1.4458E-02
  6.4235E+02  3.8571E-02 -1.4463E-02
  6.4380E+02  3.8555E-02 -1.4467E-02
  6.4525E+02  3.8538E-02 -1.4471E-02
  6.4670E+02  3.8519E-02 -1.4474E-02
  6.4815E+02  3.8498E-02 -1.4477E-02
  6.4960E+02  3.8473E-02 -1.4480E-02
  6.5105E+02  3.8442E-02 -1.4482E-02
  6.5250E+02  3.8407E-02 -1.4484E-02
  6.5395E+02  3.8371E-02 -1.4486E-02
  6.5540E+02  3.8336E-02 -1.4487E-02
  6.5685E+02  3.8299E-02 -1.4488E-02
  6.5830E+02  3.8259E-02 -1.4489E-02
  6.5975E+02  3.8216E-02 -1.4490E-02
  6.6120E+02  3.8172E-02 -1.4491E-02
  6.6265E+02  3.8128E-02 -1.4491E-02
  6.6410E+02  3.8084E-02 -1.4492E-02
  6.6555E+02  3.8037E-02 -1.4492E-02
  6.6700E+02  3.7988E-02 -1.4493E-02
  6.6845E+02  3.7940E-02 -1.4493E-02
  6.6990E+02  3.7893E-02 -1.4494E-02
  6.7135E+02  3.7845E-02 -1.4495E-02
  6.7280E+02  3.7794E-02 -1.4496E-02
  6.7425E+02  3.7741E-02 -1.4497E-02
  6.7570E+02  3.7689E-02 -1.4498E-02
  6.7715E+02  3.7640E-02 -1.4499E-02
  6.7860E+02  3.7594E-02 -1.4500E-02
  6.8005E+02  3.7549E-02 -1.4501E-02
  6.8150E+02  3.7503E-02 -1.4503E-02
  6.8295E+02  3.7455E-02 -1.4504E-02
  6.8440E+02  3.7407E-02 -1.4505E-02
  6.8585E+02  3.7359E-02 -1.4506E-02
  6.8730E+02  3.7312E-02 -1.4507E-02
  6.8875E+02  3.7269E-02 -1.4509E-02
  6.9020E+02  3.7227E-02 -1.4509E-02
  6.9165E+02  3.7187E-02 -1.4510E-02
  6.9310E+02  3.7146E-02 -1.4511E-02
  6.9455E+02  3.7104E-02 -1.4511E-02
  6.9600E+02  3.7062E-02 -1.4512E-02
  6.9745E+02  3.7018E-02 -1.4512E-02
  6.9890E+02  3.6975E-02 -1.4512E-02
  7.0035E+02  3.6932E-02 -1.4511E-02
  7.0180E+02  3.6891E-02 -1.4511E-02
  7.0325E+02  3.6853E-02 -1.4510E-02
  7.0470E+02  3.6816E-02 -1.4510E-02
  7.0615E+02  3.6779E-02 -1.4509E-02
  7.0760E+02  3.6742E-02 -1.4508E-02
  7.0905E+02  3.6706E-02 -1.4507E-02
  7.1050E+02  3.6671E-02 -1.4506E-02
  7.1195E+02  3.6639E-02 -1.4505E-02
  7.1340E+02  3.6607E-02 -1.4504E-02
  7.1485E+02  3.6576E-02 -1.4503E-02
  7.1630E+02  3.6548E-02 -1.4502E-02
  7.1775E+02  3.6520E-02 -1.4501E-02
  7.1920E+02  3.6493E-02 -1.4500E-02
  7.2065E+02  3.6465E-02 -1.4498E-02
  7.2210E+02  3.6437E-02 -1.4497E-02
  7.2355E+02  3.6409E-02 -1.4496E-02
  7.2500E+02  3.6383E-02 -1.4495E-02
  7.2645E+02  3.6357E-02 -1.4494E-02
  7.2790E+02  3.6330E-02 -1.4492E-02
  7.2935E+02  3.6301E-02 -1.4491E-02
  7.3080E+02  3.6270E-02 -1.4490E-02
  7.3225E+02  3.6237E-02 -1.4488E-02
  7.3370E+02  3.6205E-02 -1.4487E-02
  7.3515E+02  3.6171E-02 -1.4485E-02
  7.3660E+02  3.6138E-02 -1.4483E-02
  7.3805E+02  3.6103E-02 -1.4482E-02
  7.3950E+02  3.6066E-02 -1.4480E-02
  7.4095E+02  3.6027E-02 -1.4478E-02
  7.4240E+02  3.5988E-02 -1.4476E-02
  7.4385E+02  3.5950E-02 -1.4474E-02
  7.4530E+02  3.5912E-02 -1.4471E-02
  7.4675E+02  3.5873E-02 -1.4469E-02
  7.4820E+02  3.5833E-02 -1.4467E-02
  7.4965E+02  3.5791E-02 -1.4465E-02
  7.5110E+02  3.5749E-02 -1.4462E-02
  7.5255E+02  3.5708E-02 -1.4460E-02
  7.5400E+02  3.5668E-02 -1.4457E-02
  7.5545E+02  3.5629E-02 -1.4455E-02
  7.5690E+02  3.5590E-02 -1.4452E-02
  7.5835E+02  3.5551E-02 -1.4450E-02
  7.5980E+02  3.5512E-02 -1.4447E-02
  7.6125E+02  3.5473E-02 -1.4445E-02
  7.6270E+02  3.5434E-02 -1.4442E-02
  7.6415E+02  3.5395E-02 -1.4440E-02
  7.6560E+02  3.5357E-02 -1.4438E-02
  7.6705E+02  3.5318E-02 -1.4435E-02
  7.6850E+02  3.5278E-02 -1.4433E-02
  7.6995E+02  3.5239E-02 -1.4430E-02
  7.7140E+02  3.5200E-02 -1.4428E-02
  7.7285E+02  3.5161E-02 -1.4425E-02
  7.7430E+02  3.5121E-02 -1.4422E-02
  7.7575E+02  3.5081E-02 -1.4420E-02
  7.7720E+02  3.5041E-02 -1.4417E-02
  7.7865E+02  3.5000E-02 -1.4414E-02
  7.8010E+02  3.4960E-02 -1.4411E-02
  7.8155E+02  3.4921E-02 -1.4408E-02
  7.8300E+02  3.4883E-02 -1.4405E-02
  7.8445E+02  3.4847E-02 -1.4402E-02
  7.8590E+02  3.4812E-02 -1.4399E-02
  7.8735E+02  3.4778E-02 -1.4395E-02
  7.8880E+02  3.4746E-02 -1.4392E-02
  7.9025E+02  3.4716E-02 -1.4389E-02
  7.9170E+02  3.4688E-02 -1.4385E-02
  7.9315E+02  3.4663E-02 -1.4381E-02
  7.9460E+02  3.4638E-02 -1.4378E-02
  7.9605E+02  3.4614E-02 -1.4374E-02
  7.9750E+02  3.4591E-02 -1.4370E-02
  7.9895E+02  3.4569E-02 -1.4367E-02
  8.0040E+02  3.4547E-02 -1.4363E-02
  8.0185E+02  3.4526E-02 -1.4359E-02
  8.0330E+02  3.4504E-02 -1.4356E-02
  8.0475E+02  3.4481E-02 -1.4352E-02
  8.0620E+02  3.4455E-02 -1.4348E-02
  8.0765E+02  3.4429E-02 -1.4344E-02
  8.0910E+02  3.4402E-02 -1.4340E-02
  8.1055E+02  3.4373E-02 -1.4337E-02
  8.1200E+02  3.4343E-02 -1.4333E-02
  8.1345E+02  3.4312E-02 -1.4329E-02
  8.1490E+02  3.4279E-02 -1.4325E-02
  8.1635E+02  3.4245E-02 -1.4321E-02
  8.1780E+02  3.4209E-02 -1.4317E-02
  8.1925E+02  3.4173E-02 -1.4313E-02
  8.2070E+02  3.4137E-02 -1.4309E-02
  8.2215E+02  3.4100E-02 -1.4305E-02
  8.2360E+02  3.4063E-02 -1.4301E-02
  8.2505E+02  3.4026E-02 -1.4297E-02
  8.2650E+02  3.3989E-02 -1.4293E-02
  8.2795E+02  3.3953E-02 -1.4289E-02
  8.2940E+02  3.3917E-02 -1.4285E-02
  8.3085E+02  3.3881E-02 -1.4280E-02
  8.3230E+02  3.3845E-02 -1.4276E-02
  8.3375E+02  3.3810E-02 -1.4272E-02
  8.3520E+02  3.3776E-02 -1.4268E-02
  8.3665E+02  3.3742E-02 -1.4263E-02
  8.3810E+02  3.3708E-02 -1.4259E-02
  8.3955E+02  3.3673E-02 -1.4255E-02
  8.4100E+02  3.3639E-02 -1.4250E-02
  8.4245E+02  3.3604E-02 -1.4246E-02
  8.4390E+02  3.3568E-02 -1.4242E-02
  8.4535E+02  3.3531E-02 -1.4238E-02
  8.4680E+02  3.3494E-02 -1.4233E-02
  8.4825E+02  3.3455E-02 -1.4229E-02
  8.4970E+02  3.3415E-02 -1.4225E-02
  8.5115E+02  3.3373E-02 -1.4221E-02
  8.5260E+02  3.3329E-02 -1.4216E-02
  8.5405E+02  3.3283E-02 -1.4212E-02
  8.5550E+02  3.3236E-02 -1.4208E-02
  8.5695E+02  3.3188E-02 -1.4203E-02
  8.5840E+02  3.3137E-02 -1.4199E-02
  8.5985E+02  3.3085E-02 -1.4194E-02
  8.6130E+02  3.3031E-02 -1.4190E-02
  8.6275E+02  3.2976E-02 -1.4185E-02
  8.6420E+02  3.2919E-02 -1.4180E-02
  8.6565E+02  3.2862E-02 -1.4176E-02
  8.6710E+02  3.2804E-02 -1.4171E-02
  8.6855E+02  3.2745E-02 -1.4166E-02
  8.7000E+02  3.2686E-02 -1.4162E-02
  8.7145E+02  3.2628E-02 -1.4157E-02
  8.7290E+02  3.2569E-02 -1.4152E-02
  8.7435E+02  3.2512E-02 -1.4147E-02
  8.7580E+02  3.2456E-02 -1.4142E-02
  8.7725E+02  3.2401E-02 -1.4137E-02
  8.7870E+02  3.2348E-02 -1.4133E-02
  8.8015E+02  3.2297E-02 -1.4128E-02
  8.8160E+02  3.2248E-02 -1.4123E-02
  8.8305E+02  3.2202E-02 -1.4118E-02
  8.8450E+02  3.2159E-02 -1.4113E-02
  8.8595E+02  3.2117E-02 -1.4108E-02
  8.8740E+02  3.2079E-02 -1.4104E-02
  8.8885E+02  3.2044E-02 -1.4099E-02
  8.9030E+02  3.2013E-02 -1.4094E-02
  8.9175E+02  3.1985E-02 -1.4090E-02
  8.9320E+02  3.1960E-02 -1.4085E-02
  8.9465E+02  3.1938E-02 -1.4080E-02
  8.9610E+02  3.1919E-02 -1.4075E-02
  8.9755E+02  3.1902E-02 -1.4071E-02
  8.9900E+02  3.1888E-02 -1.4066E-02
  9.0045E+02  3.1877E-02 -1.4061E-02
  9.0190E+02  3.1868E-02 -1.4057E-02
  9.0335E+02  3.1861E-02 -1.4052E-02
  9.0480E+02  3.1855E-02 -1.4047E-02
  9.0625E+02  3.1851E-02 -1.4042E-02
  9.0770E+02  3.1848E-02 -1.4037E-02
  9.0915E+02  3.1846E-02 -1.4032E-02
  9.1060E+02  3.1844E-02 -1.4027E-02
  9.1205E+02  3.1843E-02 -1.4021E-02
  9.1350E+02  3.1841E-02 -1.4016E-02
  9.1495E+02  3.1839E-02 -1.4011E-02
  9.1640E+02  3.1837E-02 -1.4005E-02
  9.1785E+02  3.1833E-02 -1.4000E-02
  9.1930E+02  3.1830E-02 -1.3994E-02
  9.2075E+02  3.1825E-02 -1.3988E-02
  9.2220E+02  3.1820E-02 -1.3982E-02
  9.2365E+02  3.1814E-02 -1.3976E-02
  9.2510E+02  3.1807E-02 -1.3970E-02
  9.2655E+02  3.1799E-02 -1.3964E-02
  9.2800E+02  3.1790E-02 -1.3958E-02
  9.2945E+02  3.1781E-02 -1.3952E-02
  9.3090E+02  3.1771E-02 -1.3946E-02
  9.3235E+02  3.1761E-02 -1.3939E-02
  9.3380E+02  3.1749E-02 -1.3933E-02
  9.3525E+02  3.1738E-02 -1.3927E-02
  9.3670E+02  3.1725E-02 -1.3921E-02
  9.3815E+02  3.1713E-02 -1.3914E-02
  9.3960E+02  3.1700E-02 -1.3908E-02
  9.4105E+02  3.1686E-02 -1.3902E-02
  9.4250E+02  3.1671E-02 -1.3896E-02
  9.4395E+02  3.1656E-02 -1.3890E-02
  9.4540E+02  3.1640E-02 -1.3884E-02
  9.4685E+02  3.1624E-02 -1.3878E-02
  9.4830E+02  3.1606E-02 -1.3872E-02
  9.4975E+02  3.1588E-02 -1.3866E-02
  9.5120E+02  3.1568E-02 -1.3860E-02
  9.5265E+02  3.1547E-02 -1.3854E-02
  9.5410E+02  3.1524E-02 -1.3848E-02
  9.5555E+02  3.1501E-02 -1.3843E-02
  9.5700E+02  3.1477E-02 -1.3837E-02
  9.5845E+02  3.1451E-02 -1.3831E-02
  9.5990E+02  3.1425E-02 -1.3826E-02
  9.6135E+02  3.1398E-02 -1.3820E-02
  9.6280E+02  3.1371E-02 -1.3814E-02
  9.6425E+02  3.1343E-02 -1.3809E-02
  9.6570E+02  3.1315E-02 -1.3803E-02
  9.6715E+02  3.1287E-02 -1.3798E-02
  9.6860E+02  3.1259E-02 -1.3792E-02
  9.7005E+02  3.1232E-02 -1.3787E-02
  9.7150E+02  3.1205E-02 -1.3781E-02
  9.7295E+02  3.1180E-02 -1.3776E-02
  9.7440E+02  3.1155E-02 -1.3770E-02
  9.7585E+02  3.1132E-02 -1.3765E-02
  9.7730E+02  3.1110E-02 -1.3759E-02
  9.7875E+02  3.1090E-02 -1.3754E-02
  9.8020E+02  3.1071E-02 -1.3749E-02
  9.8165E+02  3.1054E-02 -1.3744E-02
  9.8310E+02  3.1038E-02 -1.3738E-02
  9.8455E+02  3.1025E-02 -1.3733E-02
  9.8600E+02  3.1013E-02 -1.3728E-02
  9.8745E+02  3.1003E-02 -1.3723E-02
  9.8890E+02  3.0995E-02 -1.3718E-02
  9.9035E+02  3.0988E-02 -1.3713E-02
  9.9180E+02  3.0982E-02 -1.3709E-02
  9.9325E+02  3.0978E-02 -1.3704E-02
  9.9470E+02  3.0974E-02 -1.3699E-02
  9.9615E+02  3.0972E-02 -1.3694E-02
  9.9760E+02  3.0970E-02 -1.3689E-02
  9.9905E+02  3.0968E-02 -1.3684E-02
  1.0005E+03  3.0967E-02 -1.3680E-02
  1.0019E+03  3.0965E-02 -1.3675E-02
  1.0034E+03  3.0964E-02 -1.3670E-02
  1.0048E+03  3.0963E-02 -1.3665E-02
  1.0063E+03  3.0961E-02 -1.3660E-02
  1.0077E+03  3.0959E-02 -1.3656E-02
  1.0092E+03  3.0956E-02 -1.3651E-02
  1.0106E+03  3.0952E-02 -1.3646E-02
  1.0121E+03  3.0948E-02 -1.3641E-02
  1.0135E+03  3.0944E-02 -1.3636E-02
  1.0150E+03  3.0938E-02 -1.3631E-02
  1.0164E+03  3.0931E-02 -1.3625E-02
  1.0179E+03  3.0924E-02 -1.3620E-02
  1.0193E+03  3.0915E-02 -1.3615E-02
  1.0208E+03  3.0906E-02 -1.3610E-02
  1.0222E+03  3.0896E-02 -1.3605E-02
  1.0237E+03  3.0886E-02 -1.3600E-02
  1.0251E+03  3.0874E-02 -1.3595E-02
  1.0266E+03  3.0862E-02 -1.3589E-02
  1.0280E+03  3.0849E-02 -1.3584E-02
  1.0295E+03  3.0836E-02 -1.3579E-02
  1.0309E+03  3.0822E-02 -1.3574E-02
  1.0324E+03  3.0808E-02 -1.3569E-02
  1.0338E+03  3.0793E-02 -1.3564E-02
  1.0353E+03  3.0779E-02 -1.3559E-02
  1.0367E+03  3.0764E-02 -1.3554E-02
  1.0382E+03  3.0749E-02 -1.3549E-02
  1.0396E+03  3.0735E-02 -1.3544E-02
  1.0411E+03  3.0721E-02 -1.3539E-02
  1.0425E+03  3.0707E-02 -1.3535E-02
  1.0440E+03  3.0693E-02 -1.3530E-02
  1.0454E+03  3.0680E-02 -1.3525E-02
  1.0469E+03  3.0668E-02 -1.3521E-02
  1.0483E+03  3.0656E-02 -1.3516E-02
  1.0498E+03  3.0645E-02 -1.3511E-02
  1.0512E+03  3.0634E-02 -1.3507E-02
  1.0527E+03  3.0624E-02 -1.3503E-02
  1.0541E+03  3.0616E-02 -1.3498E-02
  1.0556E+03  3.0608E-02 -1.3494E-02
  1.0570E+03  3.0601E-02 -1.3490E-02
  1.0585E+03  3.0595E-02 -1.3485E-02
  1.0599E+03  3.0590E-02 -1.3481E-02
  1.0614E+03  3.0587E-02 -1.3477E-02
  1.0628E+03  3.0584E-02 -1.3473E-02
  1.0643E+03  3.0582E-02 -1.3469E-02
  1.0657E+03  3.0582E-02 -1.3465E-02
  1.0672E+03  3.0584E-02 -1.3461E-02
  1.0686E+03  3.0586E-02 -1.3457E-02
  1.0701E+03  3.0590E-02 -1.3453E-02
  1.0715E+03  3.0595E-02 -1.3449E-02
  1.0730E+03  3.0602E-02 -1.3445E-02
  1.0744E+03  3.0609E-02 -1.3442E-02
  1.0759E+03  3.0618E-02 -1.3438E-02
  1.0773E+03  3.0628E-02 -1.3434E-02
  1.0788E+03  3.0639E-02 -1.3431E-02
  1.0802E+03  3.0650E-02 -1.3427E-02
  1.0817E+03  3.0662E-02 -1.3424E-02
  1.0831E+03  3.0673E-02 -1.3420E-02
  1.0846E+03  3.0685E-02 -1.3417E-02
  1.0860E+03  3.0696E-02 -1.3414E-02
  1.0875E+03  3.0707E-02 -1.3410E-02
  1.0889E+03  3.0717E-02 -1.3407E-02
  1.0904E+03  3.0725E-02 -1.3404E-02
  1.0918E+03  3.0732E-02 -1.3400E-02
  1.0933E+03  3.0737E-02 -1.3397E-02
  1.0947E+03  3.0740E-02 -1.3394E-02
  1.0962E+03  3.0741E-02 -1.3390E-02
  1.0976E+03  3.0739E-02 -1.3387E-02
  1.0991E+03  3.0735E-02 -1.3384E-02
  1.1005E+03  3.0728E-02 -1.3380E-02
  1.1020E+03  3.0718E-02 -1.3377E-02
  1.1034E+03  3.0705E-02 -1.3374E-02
  1.1049E+03  3.0689E-02 -1.3370E-02
  1.1063E+03  3.0670E-02 -1.3367E-02
  1.1078E+03  3.0649E-02 -1.3363E-02
  1.1092E+03  3.0625E-02 -1.3360E-02
  1.1107E+03  3.0599E-02 -1.3357E-02
  1.1121E+03  3.0571E-02 -1.3353E-02
  1.1136E+03  3.0541E-02 -1.3350E-02
  1.1150E+03  3.0509E-02 -1.3346E-02
  1.1165E+03  3.0476E-02 -1.3343E-02
  1.1179E+03  3.0441E-02 -1.3339E-02
  1.1194E+03  3.0405E-02 -1.3336E-02
  1.1208E+03  3.0369E-02 -1.3333E-02
  1.1223E+03  3.0333E-02 -1.3329E-02
  1.1237E+03  3.0296E-02 -1.3326E-02
  1.1252E+03  3.0259E-02 -1.3323E-02
  1.1266E+03  3.0222E-02 -1.3320E-02
  1.1281E+03  3.0186E-02 -1.3317E-02
  1.1295E+03  3.0150E-02 -1.3314E-02
  1.1310E+03  3.0115E-02 -1.3311E-02
  1.1324E+03  3.0080E-02 -1.3308E-02
  1.1339E+03  3.0047E-02 -1.3305E-02
  1.1353E+03  3.0014E-02 -1.3303E-02
  1.1368E+03  2.9983E-02 -1.3300E-02
  1.1382E+03  2.9952E-02 -1.3298E-02
  1.1397E+03  2.9922E-02 -1.3295E-02
  1.1411E+03  2.9893E-02 -1.3293E-02
  1.1426E+03  2.9865E-02 -1.3290E-02
  1.1440E+03  2.9838E-02 -1.3288E-02
  1.1455E+03  2.9811E-02 -1.3285E-02
  1.1469E+03  2.9786E-02 -1.3283E-02
  1.1484E+03  2.9761E-02 -1.3281E-02
  1.1498E+03  2.9737E-02 -1.3278E-02
  1.1513E+03  2.9713E-02 -1.3276E-02
  1.1527E+03  2.9690E-02 -1.3274E-02
  1.1542E+03  2.9667E-02 -1.3271E-02
  1.1556E+03  2.9645E-02 -1.3269E-02
  1.1571E+03  2.9623E-02 -1.3266E-02
  1.1585E+03  2.9601E-02 -1.3264E-02
  1.1600E+03  2.9580E-02 -1.3262E-02
  1.1614E+03  2.9559E-02 -1.3259E-02
  1.1629E+03  2.9538E-02 -1.3257E-02
  1.1643E+03  2.9517E-02 -1.3254E-02
  1.1658E+03  2.9496E-02 -1.3252E-02
  1.1672E+03  2.9475E-02 -1.3250E-02
  1.1687E+03  2.9455E-02 -1.3247E-02
  1.1701E+03  2.9434E-02 -1.3245E-02
  1.1716E+03  2.9414E-02 -1.3242E-02
  1.1730E+03  2.9394E-02 -1.3240E-02
  1.1745E+03  2.9373E-02 -1.3238E-02
  1.1759E+03  2.9353E-02 -1.3235E-02
  1.1774E+03  2.9333E-02 -1.3233E-02
  1.1788E+03  2.9312E-02 -1.3231E-02
  1.1803E+03  2.9292E-02 -1.3229E-02
  1.1817E+03  2.9272E-02 -1.3227E-02
  1.1832E+03  2.9252E-02 -1.3224E-02
  1.1846E+03  2.9232E-02 -1.3222E-02
  1.1861E+03  2.9213E-02 -1.3220E-02
  1.1875E+03  2.9193E-02 -1.3218E-02
  1.1890E+03  2.9173E-02 -1.3216E-02
  1.1904E+03  2.9154E-02 -1.3214E-02
  1.1919E+03  2.9135E-02 -1.3213E-02
  1.1933E+03  2.9116E-02 -1.3211E-02
  1.1948E+03  2.9097E-02 -1.3209E-02
  1.1962E+03  2.9079E-02 -1.3207E-02
  1.1977E+03  2.9061E-02 -1.3205E-02
  1.1991E+03  2.9043E-02 -1.3204E-02
  1.2006E+03  2.9025E-02 -1.3202E-02
  1.2020E+03  2.9008E-02 -1.3201E-02
  1.2035E+03  2.8991E-02 -1.3199E-02
  1.2049E+03  2.8974E-02 -1.3197E-02
  1.2064E+03  2.8958E-02 -1.3196E-02
  1.2078E+03  2.8942E-02 -1.3195E-02
  1.2093E+03  2.8926E-02 -1.3193E-02
  1.2107E+03  2.8911E-02 -1.3192E-02
  1.2122E+03  2.8896E-02 -1.3190E-02
  1.2136E+03  2.8882E-02 -1.3189E-02
  1.2151E+03  2.8868E-02 -1.3188E-02
  1.2165E+03  2.8855E-02 -1.3187E-02
  1.2180E+03  2.8841E-02 -1.3186E-02
  1.2194E+03  2.8828E-02 -1.3184E-02
  1.2209E+03  2.8816E-02 -1.3183E-02
  1.2223E+03  2.8804E-02 -1.3182E-02
  1.2238E+03  2.8792E-02 -1.3181E-02
  1.2252E+03  2.8780E-02 -1.3180E-02
  1.2267E+03  2.8768E-02 -1.3179E-02
  1.2281E+03  2.8757E-02 -1.3178E-02
  1.2296E+03  2.8746E-02 -1.3177E-02
  1.2310E+03  2.8735E-02 -1.3177E-02
  1.2325E+03  2.8724E-02 -1.3176E-02
  1.2339E+03  2.8713E-02 -1.3175E-02
  1.2354E+03  2.8702E-02 -1.3174E-02
  1.2368E+03  2.8692E-02 -1.3174E-02
  1.2383E+03  2.8681E-02 -1.3173E-02
  1.2397E+03  2.8670E-02 -1.3172E-02
  1.2412E+03  2.8660E-02 -1.3172E-02
  1.2426E+03  2.8650E-02 -1.3171E-02
  1.2441E+03  2.8640E-02 -1.3170E-02
  1.2455E+03  2.8629E-02 -1.3170E-02
  1.2470E+03  2.8620E-02 -1.3169E-02
  1.2484E+03  2.8610E-02 -1.3169E-02
  1.2499E+03  2.8600E-02 -1.3168E-02
  1.2513E+03  2.8591E-02 -1.3168E-02
  1.2528E+03  2.8582E-02 -1.3168E-02
  1.2542E+03  2.8573E-02 -1.3167E-02
  1.2557E+03  2.8564E-02 -1.3167E-02
  1.2571E+03  2.8555E-02 -1.3167E-02
  1.2586E+03  2.8547E-02 -1.3167E-02
  1.2600E+03  2.8539E-02 -1.3166E-02
  1.2615E+03  2.8530E-02 -1.3166E-02
  1.2629E+03  2.8522E-02 -1.3166E-02
  1.2644E+03  2.8514E-02 -1.3166E-02
  1.2658E+03  2.8506E-02 -1.3166E-02
  1.2673E+03  2.8498E-02 -1.3166E-02
  1.2687E+03  2.8490E-02 -1.3166E-02
  1.2702E+03  2.8481E-02 -1.3166E-02
  1.2716E+03  2.8473E-02 -1.3166E-02
  1.2731E+03  2.8464E-02 -1.3166E-02
  1.2745E+03  2.8455E-02 -1.3167E-02
  1.2760E+03  2.8446E-02 -1.3167E-02
  1.2774E+03  2.8436E-02 -1.3167E-02
  1.2789E+03  2.8427E-02 -1.3167E-02
  1.2803E+03  2.8417E-02 -1.3168E-02
  1.2818E+03  2.8407E-02 -1.3168E-02
  1.2832E+03  2.8397E-02 -1.3169E-02
  1.2847E+03  2.8387E-02 -1.3169E-02
  1.2861E+03  2.8377E-02 -1.3169E-02
  1.2876E+03  2.8367E-02 -1.3170E-02
  1.2890E+03  2.8358E-02 -1.3171E-02
  1.2905E+03  2.8349E-02 -1.3171E-02
  1.2919E+03  2.8340E-02 -1.3172E-02
  1.2934E+03  2.8332E-02 -1.3173E-02
  1.2948E+03  2.8324E-02 -1.3173E-02
  1.2963E+03  2.8317E-02 -1.3174E-02
  1.2977E+03  2.8311E-02 -1.3175E-02
  1.2992E+03  2.8306E-02 -1.3176E-02
  1.3006E+03  2.8302E-02 -1.3177E-02
  1.3021E+03  2.8299E-02 -1.3178E-02
  1.3035E+03  2.8297E-02 -1.3179E-02
  1.3050E+03  2.8296E-02 -1.3180E-02
  1.3064E+03  2.8296E-02 -1.3181E-02
  1.3079E+03  2.8298E-02 -1.3182E-02
  1.3093E+03  2.8300E-02 -1.3184E-02
  1.3108E+03  2.8303E-02 -1.3185E-02
  1.3122E+03  2.8308E-02 -1.3186E-02
  1.3137E+03  2.8313E-02 -1.3188E-02
  1.3151E+03  2.8319E-02 -1.3189E-02
  1.3166E+03  2.8326E-02 -1.3191E-02
  1.3180E+03  2.8333E-02 -1.3192E-02
  1.3195E+03  2.8341E-02 -1.3194E-02
  1.3209E+03  2.8349E-02 -1.3196E-02
  1.3224E+03  2.8358E-02 -1.3197E-02
  1.3238E+03  2.8366E-02 -1.3199E-02
  1.3253E+03  2.8375E-02 -1.3201E-02
  1.3267E+03  2.8383E-02 -1.3203E-02
  1.3282E+03  2.8392E-02 -1.3204E-02
  1.3296E+03  2.8400E-02 -1.3206E-02
  1.3311E+03  2.8408E-02 -1.3208E-02
  1.3325E+03  2.8415E-02 -1.3210E-02
  1.3340E+03  2.8421E-02 -1.3212E-02
  1.3354E+03  2.8427E-02 -1.3214E-02
  1.3369E+03  2.8432E-02 -1.3216E-02
  1.3383E+03  2.8437E-02 -1.3217E-02
  1.3398E+03  2.8440E-02 -1.3219E-02
  1.3412E+03  2.8443E-02 -1.3221E-02
  1.3427E+03  2.8445E-02 -1.3223E-02
  1.3441E+03  2.8446E-02 -1.3225E-02
  1.3456E+03  2.8446E-02 -1.3227E-02
  1.3470E+03  2.8445E-02 -1.3229E-02
  1.3485E+03  2.8444E-02 -1.3231E-02
  1.3499E+03  2.8441E-02 -1.3233E-02
  1.3514E+03  2.8438E-02 -1.3235E-02
  1.3528E+03  2.8434E-02 -1.3237E-02
  1.3543E+03  2.8429E-02 -1.3239E-02
  1.3557E+03  2.8424E-02 -1.3241E-02
  1.3572E+03  2.8417E-02 -1.3243E-02
  1.3586E+03  2.8410E-02 -1.3245E-02
  1.3601E+03  2.8403E-02 -1.3247E-02
  1.3615E+03  2.8395E-02 -1.3249E-02
  1.3630E+03  2.8387E-02 -1.3252E-02
  1.3644E+03  2.8378E-02 -1.3254E-02
  1.3659E+03  2.8368E-02 -1.3256E-02
  1.3673E+03  2.8358E-02 -1.3259E-02
  1.3688E+03  2.8348E-02 -1.3261E-02
  1.3702E+03  2.8338E-02 -1.3263E-02
  1.3717E+03  2.8327E-02 -1.3266E-02
  1.3731E+03  2.8316E-02 -1.3269E-02
  1.3746E+03  2.8304E-02 -1.3271E-02
  1.3760E+03  2.8293E-02 -1.3274E-02
  1.3775E+03  2.8281E-02 -1.3276E-02
  1.3789E+03  2.8269E-02 -1.3279E-02
  1.3804E+03  2.8257E-02 -1.3282E-02
  1.3818E+03  2.8245E-02 -1.3285E-02
  1.3833E+03  2.8233E-02 -1.3287E-02
  1.3847E+03  2.8220E-02 -1.3290E-02
  1.3862E+03  2.8208E-02 -1.3293E-02
  1.3876E+03  2.8195E-02 -1.3296E-02
  1.3891E+03  2.8182E-02 -1.3299E-02
  1.3905E+03  2.8169E-02 -1.3302E-02
  1.3920E+03  2.8156E-02 -1.3305E-02
  1.3934E+03  2.8143E-02 -1.3308E-02
  1.3949E+03  2.8130E-02 -1.3311E-02
  1.3963E+03  2.8116E-02 -1.3314E-02
  1.3978E+03  2.8103E-02 -1.3317E-02
  1.3992E+03  2.8089E-02 -1.3320E-02
  1.4007E+03  2.8075E-02 -1.3323E-02
  1.4021E+03  2.8061E-02 -1.3326E-02
  1.4036E+03  2.8046E-02 -1.3330E-02
  1.4050E+03  2.8032E-02 -1.3333E-02
  1.4065E+03  2.8017E-02 -1.3336E-02
  1.4079E+03  2.8002E-02 -1.3339E-02
  1.4094E+03  2.7987E-02 -1.3342E-02
  1.4108E+03  2.7971E-02 -1.3346E-02
  1.4123E+03  2.7956E-02 -1.3349E-02
  1.4137E+03  2.7940E-02 -1.3352E-02
  1.4152E+03  2.7924E-02 -1.3355E-02
  1.4166E+03  2.7908E-02 -1.3359E-02
  1.4181E+03  2.7892E-02 -1.3362E-02
  1.4195E+03  2.7876E-02 -1.3365E-02
  1.4210E+03  2.7860E-02 -1.3369E-02
  1.4224E+03  2.7845E-02 -1.3372E-02
  1.4239E+03  2.7829E-02 -1.3376E-02
  1.4253E+03  2.7813E-02 -1.3379E-02
  1.4268E+03  2.7798E-02 -1.3383E-02
  1.4282E+03  2.7783E-02 -1.3386E-02
  1.4297E+03  2.7769E-02 -1.3390E-02
  1.4311E+03  2.7755E-02 -1.3393E-02
  1.4326E+03  2.7741E-02 -1.3397E-02
  1.4340E+03  2.7728E-02 -1.3401E-02
  1.4355E+03  2.7715E-02 -1.3404E-02
  1.4369E+03  2.7704E-02 -1.3408E-02
  1.4384E+03  2.7692E-02 -1.3412E-02
  1.4398E+03  2.7682E-02 -1.3415E-02
  1.4413E+03  2.7672E-02 -1.3419E-02
  1.4427E+03  2.7663E-02 -1.3423E-02
  1.4442E+03  2.7654E-02 -1.3427E-02
  1.4456E+03  2.7646E-02 -1.3431E-02
  1.4471E+03  2.7639E-02 -1.3435E-02
  1.4485E+03  2.7633E-02 -1.3439E-02
  1.4500E+03  2.7627E-02 -1.3443E-02
  1.4514E+03  2.7621E-02 -1.3447E-02
  1.4529E+03  2.7616E-02 -1.3451E-02
  1.4543E+03  2.7611E-02 -1.3455E-02
  1.4558E+03  2.7607E-02 -1.3459E-02
  1.4572E+03  2.7604E-02 -1.3464E-02
  1.4587E+03  2.7600E-02 -1.3468E-02
  1.4601E+03  2.7597E-02 -1.3472E-02
  1.4616E+03  2.7594E-02 -1.3476E-02
  1.4630E+03  2.7592E-02 -1.3481E-02
  1.4645E+03  2.7589E-02 -1.3485E-02
  1.4659E+03  2.7587E-02 -1.3489E-02
  1.4674E+03  2.7585E-02 -1.3494E-02
  1.4688E+03  2.7583E-02 -1.3498E-02
  1.4703E+03  2.7581E-02 -1.3503E-02
  1.4717E+03  2.7580E-02 -1.3507E-02
  1.4732E+03  2.7579E-02 -1.3512E-02
  1.4746E+03  2.7577E-02 -1.3516E-02
  1.4761E+03  2.7576E-02 -1.3521E-02
  1.4775E+03  2.7576E-02 -1.3525E-02
  1.4790E+03  2.7575E-02 -1.3530E-02
  1.4804E+03  2.7574E-02 -1.3534E-02
  1.4819E+03  2.7574E-02 -1.3539E-02
  1.4833E+03  2.7574E-02 -1.3544E-02
  1.4848E+03  2.7574E-02 -1.3548E-02
  1.4862E+03  2.7574E-02 -1.3553E-02
  1.4877E+03  2.7575E-02 -1.3558E-02
  1.4891E+03  2.7576E-02 -1.3563E-02
  1.4906E+03  2.7576E-02 -1.3568E-02
  1.4920E+03  2.7577E-02 -1.3572E-02
  1.4935E+03  2.7578E-02 -1.3577E-02
  1.4949E+03  2.7579E-02 -1.3582E-02
  1.4964E+03  2.7580E-02 -1.3587E-02
  1.4978E+03  2.7581E-02 -1.3592E-02
  1.4993E+03  2.7582E-02 -1.3597E-02
  1.5007E+03  2.7583E-02 -1.3602E-02
  1.5022E+03  2.7583E-02 -1.3607E-02
  1.5036E+03  2.7584E-02 -1.3612E-02
  1.5051E+03  2.7584E-02 -1.3617E-02
  1.5065E+03  2.7583E-02 -1.3622E-02
  1.5080E+03  2.7583E-02 -1.3628E-02
  1.5094E+03  2.7581E-02 -1.3633E-02
  1.5109E+03  2.7580E-02 -1.3638E-02
  1.5123E+03  2.7577E-02 -1.3643E-02
  1.5138E+03  2.7574E-02 -1.3648E-02
  1.5152E+03  2.7571E-02 -1.3653E-02
  1.5167E+03  2.7566E-02 -1.3659E-02
  1.5181E+03  2.7561E-02 -1.3664E-02
  1.5196E+03  2.7556E-02 -1.3669E-02
  1.5210E+03  2.7549E-02 -1.3674E-02
  1.5225E+03  2.7542E-02 -1.3679E-02
  1.5239E+03  2.7534E-02 -1.3685E-02
  1.5254E+03  2.7525E-02 -1.3690E-02
  1.5268E+03  2.7516E-02 -1.3695E-02
  1.5283E+03  2.7506E-02 -1.3700E-02
  1.5297E+03  2.7495E-02 -1.3706E-02
  1.5312E+03  2.7484E-02 -1.3711E-02
  1.5326E+03  2.7473E-02 -1.3716E-02
  1.5341E+03  2.7460E-02 -1.3721E-02
  1.5355E+03  2.7448E-02 -1.3727E-02
  1.5370E+03  2.7434E-02 -1.3732E-02
  1.5384E+03  2.7421E-02 -1.3738E-02
  1.5399E+03  2.7407E-02 -1.3743E-02
  1.5413E+03  2.7393E-02 -1.3748E-02
  1.5428E+03  2.7379E-02 -1.3754E-02
  1.5442E+03  2.7365E-02 -1.3759E-02
  1.5457E+03  2.7351E-02 -1.3765E-02
  1.5471E+03  2.7336E-02 -1.3771E-02
  1.5486E+03  2.7322E-02 -1.3776E-02
  1.5500E+03  2.7307E-02 -1.3782E-02
  1.5515E+03  2.7293E-02 -1.3788E-02
  1.5529E+03  2.7279E-02 -1.3793E-02
  1.5544E+03  2.7264E-02 -1.3799E-02
  1.5558E+03  2.7250E-02 -1.3805E-02
  1.5573E+03  2.7236E-02 -1.3811E-02
  1.5587E+03  2.7223E-02 -1.3816E-02
  1.5602E+03  2.7209E-02 -1.3822E-02
  1.5616E+03  2.7196E-02 -1.3828E-02
  1.5631E+03  2.7183E-02 -1.3834E-02
  1.5645E+03  2.7170E-02 -1.3840E-02
  1.5660E+03  2.7157E-02 -1.3846E-02
  1.5674E+03  2.7145E-02 -1.3852E-02
  1.5689E+03  2.7132E-02 -1.3858E-02
  1.5703E+03  2.7120E-02 -1.3864E-02
  1.5718E+03  2.7108E-02 -1.3870E-02
  1.5732E+03  2.7096E-02 -1.3876E-02
  1.5747E+03  2.7085E-02 -1.3882E-02
  1.5761E+03  2.7074E-02 -1.3888E-02
  1.5776E+03  2.7062E-02 -1.3895E-02
  1.5790E+03  2.7052E-02 -1.3901E-02
  1.5805E+03  2.7041E-02 -1.3907E-02
  1.5819E+03  2.7030E-02 -1.3913E-02
  1.5834E+03  2.7020E-02 -1.3919E-02
  1.5848E+03  2.7009E-02 -1.3925E-02
  1.5863E+03  2.6999E-02 -1.3932E-02
  1.5877E+03  2.6989E-02 -1.3938E-02
  1.5892E+03  2.6979E-02 -1.3944E-02
  1.5906E+03  2.6970E-02 -1.3951E-02
  1.5921E+03  2.6960E-02 -1.3957E-02
  1.5935E+03  2.6951E-02 -1.3963E-02
  1.5950E+03  2.6942E-02 -1.3970E-02
  1.5964E+03  2.6933E-02 -1.3976E-02
  1.5979E+03  2.6924E-02 -1.3982E-02
  1.5993E+03  2.6915E-02 -1.3989E-02
  1.6008E+03  2.6906E-02 -1.3995E-02
  1.6022E+03  2.6898E-02 -1.4002E-02
  1.6037E+03  2.6890E-02 -1.4008E-02
  1.6051E+03  2.6882E-02 -1.4015E-02
  1.6066E+03  2.6874E-02 -1.4021E-02
  1.6080E+03  2.6866E-02 -1.4028E-02
  1.6095E+03  2.6858E-02 -1.4034E-02
  1.6109E+03  2.6851E-02 -1.4041E-02
  1.6124E+03  2.6844E-02 -1.4047E-02
  1.6138E+03  2.6837E-02 -1.4054E-02
  1.6153E+03  2.6830E-02 -1.4061E-02
  1.6167E+03  2.6823E-02 -1.4067E-02
  1.6182E+03  2.6817E-02 -1.4074E-02
  1.6196E+03  2.6810E-02 -1.4081E-02
  1.6211E+03  2.6804E-02 -1.4087E-02
  1.6225E+03  2.6798E-02 -1.4094E-02
  1.6240E+03  2.6792E-02 -1.4101E-02
  1.6254E+03  2.6786E-02 -1.4108E-02
  1.6269E+03  2.6780E-02 -1.4114E-02
  1.6283E+03  2.6774E-02 -1.4121E-02
  1.6298E+03  2.6768E-02 -1.4128E-02
  1.6312E+03  2.6761E-02 -1.4135E-02
  1.6327E+03  2.6755E-02 -1.4142E-02
  1.6341E+03  2.6749E-02 -1.4149E-02
  1.6356E+03  2.6742E-02 -1.4155E-02
  1.6370E+03  2.6736E-02 -1.4162E-02
  1.6385E+03  2.6729E-02 -1.4169E-02
  1.6399E+03  2.6722E-02 -1.4176E-02
  1.6414E+03  2.6714E-02 -1.4183E-02
  1.6428E+03  2.6707E-02 -1.4190E-02
  1.6443E+03  2.6699E-02 -1.4197E-02
  1.6457E+03  2.6691E-02 -1.4204E-02
  1.6472E+03  2.6682E-02 -1.4211E-02
  1.6486E+03  2.6674E-02 -1.4217E-02
  1.6501E+03  2.6665E-02 -1.4224E-02
  1.6515E+03  2.6656E-02 -1.4231E-02
  1.6530E+03  2.6647E-02 -1.4238E-02
  1.6544E+03  2.6637E-02 -1.4245E-02
  1.6559E+03  2.6628E-02 -1.4252E-02
  1.6573E+03  2.6618E-02 -1.4259E-02
  1.6588E+03  2.6608E-02 -1.4266E-02
  1.6602E+03  2.6598E-02 -1.4273E-02
  1.6617E+03  2.6588E-02 -1.4280E-02
  1.6631E+03  2.6578E-02 -1.4287E-02
  1.6646E+03  2.6568E-02 -1.4294E-02
  1.6660E+03  2.6559E-02 -1.4301E-02
  1.6675E+03  2.6549E-02 -1.4308E-02
  1.6689E+03  2.6539E-02 -1.4315E-02
  1.6704E+03  2.6530E-02 -1.4322E-02
  1.6718E+03  2.6521E-02 -1.4330E-02
  1.6733E+03  2.6512E-02 -1.4337E-02
  1.6747E+03  2.6503E-02 -1.4344E-02
  1.6762E+03  2.6495E-02 -1.4351E-02
  1.6776E+03  2.6486E-02 -1.4358E-02
  1.6791E+03  2.6478E-02 -1.4365E-02
  1.6805E+03  2.6471E-02 -1.4373E-02
  1.6820E+03  2.6464E-02 -1.4380E-02
  1.6834E+03  2.6456E-02 -1.4387E-02
  1.6849E+03  2.6450E-02 -1.4395E-02
  1.6863E+03  2.6443E-02 -1.4402E-02
  1.6878E+03  2.6437E-02 -1.4409E-02
  1.6892E+03  2.6431E-02 -1.4417E-02
  1.6907E+03  2.6425E-02 -1.4424E-02
  1.6921E+03  2.6419E-02 -1.4432E-02
  1.6936E+03  2.6414E-02 -1.4439E-02
  1.6950E+03  2.6409E-02 -1.4447E-02
  1.6965E+03  2.6404E-02 -1.4454E-02
  1.6979E+03  2.6399E-02 -1.4461E-02
  1.6994E+03  2.6394E-02 -1.4469E-02
  1.7008E+03  2.6389E-02 -1.4477E-02
  1.7023E+03  2.6384E-02 -1.4484E-02
  1.7037E+03  2.6380E-02 -1.4492E-02
  1.7052E+03  2.6375E-02 -1.4499E-02
  1.7066E+03  2.6370E-02 -1.4507E-02
  1.7081E+03  2.6366E-02 -1.4514E-02
  1.7095E+03  2.6362E-02 -1.4522E-02
  1.7110E+03  2.6357E-02 -1.4530E-02
  1.7124E+03  2.6353E-02 -1.4537E-02
  1.7139E+03  2.6349E-02 -1.4545E-02
  1.7153E+03  2.6345E-02 -1.4552E-02
  1.7168E+03  2.6340E-02 -1.4560E-02
  1.7182E+03  2.6336E-02 -1.4568E-02
  1.7197E+03  2.6332E-02 -1.4575E-02
  1.7211E+03  2.6328E-02 -1.4583E-02
  1.7226E+03  2.6324E-02 -1.4591E-02
  1.7240E+03  2.6321E-02 -1.4599E-02
  1.7255E+03  2.6317E-02 -1.4606E-02
  1.7269E+03  2.6313E-02 -1.4614E-02
  1.7284E+03  2.6309E-02 -1.4622E-02
  1.7298E+03  2.6306E-02 -1.4630E-02
  1.7313E+03  2.6302E-02 -1.4637E-02
  1.7327E+03  2.6299E-02 -1.4645E-02
  1.7342E+03  2.6295E-02 -1.4653E-02
  1.7356E+03  2.6291E-02 -1.4661E-02
  1.7371E+03  2.6288E-02 -1.4669E-02
  1.7385E+03  2.6284E-02 -1.4676E-02
  1.7400E+03  2.6280E-02 -1.4684E-02
  1.7414E+03  2.6276E-02 -1.4692E-02
  1.7429E+03  2.6272E-02 -1.4700E-02
  1.7443E+03  2.6267E-02 -1.4708E-02
  1.7458E+03  2.6263E-02 -1.4716E-02
  1.7472E+03  2.6258E-02 -1.4723E-02
  1.7487E+03  2.6253E-02 -1.4731E-02
  1.7501E+03  2.6248E-02 -1.4739E-02
  1.7516E+03  2.6242E-02 -1.4747E-02
  1.7530E+03  2.6237E-02 -1.4755E-02
  1.7545E+03  2.6230E-02 -1.4763E-02
  1.7559E+03  2.6224E-02 -1.4770E-02
  1.7574E+03  2.6217E-02 -1.4778E-02
  1.7588E+03  2.6210E-02 -1.4786E-02
  1.7603E+03  2.6203E-02 -1.4794E-02
  1.7617E+03  2.6195E-02 -1.4802E-02
  1.7632E+03  2.6186E-02 -1.4810E-02
  1.7646E+03  2.6178E-02 -1.4817E-02
  1.7661E+03  2.6169E-02 -1.4825E-02
  1.7675E+03  2.6159E-02 -1.4833E-02
  1.7690E+03  2.6150E-02 -1.4841E-02
  1.7704E+03  2.6140E-02 -1.4849E-02
  1.7719E+03  2.6129E-02 -1.4857E-02
  1.7733E+03  2.6119E-02 -1.4864E-02
  1.7748E+03  2.6108E-02 -1.4872E-02
  1.7762E+03  2.6096E-02 -1.4880E-02
  1.7777E+03  2.6085E-02 -1.4888E-02
  1.7791E+03  2.6073E-02 -1.4896E-02
  1.7806E+03  2.6061E-02 -1.4904E-02
  1.7820E+03  2.6049E-02 -1.4912E-02
  1.7835E+03  2.6037E-02 -1.4920E-02
  1.7849E+03  2.6024E-02 -1.4927E-02
  1.7864E+03  2.6012E-02 -1.4935E-02
  1.7878E+03  2.5999E-02 -1.4943E-02
  1.7893E+03  2.5986E-02 -1.4951E-02
  1.7907E+03  2.5974E-02 -1.4959E-02
  1.7922E+03  2.5961E-02 -1.4967E-02
  1.7936E+03  2.5948E-02 -1.4975E-02
  1.7951E+03  2.5935E-02 -1.4983E-02
  1.7965E+03  2.5923E-02 -1.4991E-02
  1.7980E+03  2.5910E-02 -1.4999E-02
  1.7994E+03  2.5897E-02 -1.5007E-02
  1.8009E+03  2.5885E-02 -1.5015E-02
  1.8023E+03  2.5872E-02 -1.5023E-02
  1.8038E+03  2.5860E-02 -1.5031E-02
  1.8052E+03  2.5847E-02 -1.5040E-02
  1.8067E+03  2.5835E-02 -1.5048E-02
  1.8081E+03  2.5823E-02 -1.5056E-02
  1.8096E+03  2.5811E-02 -1.5064E-02
  1.8110E+03  2.5798E-02 -1.5072E-02
  1.8125E+03  2.5786E-02 -1.5080E-02
  1.8139E+03  2.5774E-02 -1.5088E-02
  1.8154E+03  2.5762E-02 -1.5096E-02
  1.8168E+03  2.5750E-02 -1.5104E-02
  1.8183E+03  2.5738E-02 -1.5113E-02
  1.8197E+03  2.5726E-02 -1.5121E-02
  1.8212E+03  2.5714E-02 -1.5129E-02
  1.8226E+03  2.5702E-02 -1.5137E-02
  1.8241E+03  2.5690E-02 -1.5145E-02
  1.8255E+03  2.5678E-02 -1.5153E-02
  1.8270E+03  2.5666E-02 -1.5161E-02
  1.8284E+03  2.5653E-02 -1.5169E-02
  1.8299E+03  2.5641E-02 -1.5178E-02
  1.8313E+03  2.5629E-02 -1.5186E-02
  1.8328E+03  2.5616E-02 -1.5194E-02
  1.8342E+03  2.5603E-02 -1.5202E-02
  1.8357E+03  2.5591E-02 -1.5210E-02
  1.8371E+03  2.5578E-02 -1.5218E-02
  1.8386E+03  2.5565E-02 -1.5226E-02
  1.8400E+03  2.5552E-02 -1.5235E-02
  1.8415E+03  2.5539E-02 -1.5243E-02
  1.8429E+03  2.5526E-02 -1.5251E-02
  1.8444E+03  2.5513E-02 -1.5259E-02
  1.8458E+03  2.5500E-02 -1.5267E-02
  1.8473E+03  2.5487E-02 -1.5275E-02
  1.8487E+03  2.5474E-02 -1.5284E-02
  1.8502E+03  2.5461E-02 -1.5292E-02
  1.8516E+03  2.5448E-02 -1.5300E-02
  1.8531E+03  2.5435E-02 -1.5308E-02
  1.8545E+03  2.5422E-02 -1.5316E-02
  1.8560E+03  2.5409E-02 -1.5324E-02
  1.8574E+03  2.5396E-02 -1.5333E-02
  1.8589E+03  2.5384E-02 -1.5341E-02
  1.8603E+03  2.5371E-02 -1.5349E-02
  1.8618E+03  2.5359E-02 -1.5357E-02
  1.8632E+03  2.5347E-02 -1.5365E-02
  1.8647E+03  2.5335E-02 -1.5374E-02
  1.8661E+03  2.5323E-02 -1.5382E-02
  1.8676E+03  2.5311E-02 -1.5390E-02
  1.8690E+03  2.5299E-02 -1.5398E-02
  1.8705E+03  2.5288E-02 -1.5407E-02
  1.8719E+03  2.5276E-02 -1.5415E-02
  1.8734E+03  2.5265E-02 -1.5423E-02
  1.8748E+03  2.5254E-02 -1.5431E-02
  1.8763E+03  2.5242E-02 -1.5440E-02
  1.8777E+03  2.5231E-02 -1.5448E-02
  1.8792E+03  2.5220E-02 -1.5456E-02
  1.8806E+03  2.5209E-02 -1.5464E-02
  1.8821E+03  2.5198E-02 -1.5473E-02
  1.8835E+03  2.5187E-02 -1.5481E-02
  1.8850E+03  2.5176E-02 -1.5489E-02
  1.8864E+03  2.5165E-02 -1.5497E-02
  1.8879E+03  2.5155E-02 -1.5506E-02
  1.8893E+03  2.5144E-02 -1.5514E-02
  1.8908E+03  2.5133E-02 -1.5522E-02
  1.8922E+03  2.5123E-02 -1.5530E-02
  1.8937E+03  2.5112E-02 -1.5538E-02
  1.8951E+03  2.5101E-02 -1.5547E-02
  1.8966E+03  2.5091E-02 -1.5555E-02
  1.8980E+03  2.5081E-02 -1.5563E-02
  1.8995E+03  2.5070E-02 -1.5571E-02
  1.9009E+03  2.5060E-02 -1.5579E-02
  1.9024E+03  2.5050E-02 -1.5588E-02
  1.9038E+03  2.5040E-02 -1.5596E-02
  1.9053E+03  2.5030E-02 -1.5604E-02
  1.9067E+03  2.5020E-02 -1.5612E-02
  1.9082E+03  2.5010E-02 -1.5620E-02
  1.9096E+03  2.5000E-02 -1.5629E-02
  1.9111E+03  2.4990E-02 -1.5637E-02
  1.9125E+03  2.4981E-02 -1.5645E-02
  1.9140E+03  2.4971E-02 -1.5653E-02
  1.9154E+03  2.4962E-02 -1.5661E-02
  1.9169E+03  2.4953E-02 -1.5670E-02
  1.9183E+03  2.4944E-02 -1.5678E-02
  1.9198E+03  2.4934E-02 -1.5686E-02
  1.9212E+03  2.4925E-02 -1.5694E-02
  1.9227E+03  2.4916E-02 -1.5702E-02
  1.9241E+03  2.4907E-02 -1.5711E-02
  1.9256E+03  2.4898E-02 -1.5719E-02
  1.9270E+03  2.4890E-02 -1.5727E-02
  1.9285E+03  2.4881E-02 -1.5735E-02
  1.9299E+03  2.4872E-02 -1.5743E-02
  1.9314E+03  2.4863E-02 -1.5752E-02
  1.9328E+03  2.4854E-02 -1.5760E-02
  1.9343E+03  2.4845E-02 -1.5768E-02
  1.9357E+03  2.4835E-02 -1.5776E-02
  1.9372E+03  2.4826E-02 -1.5784E-02
  1.9386E+03  2.4817E-02 -1.5792E-02
  1.9401E+03  2.4807E-02 -1.5801E-02
  1.9415E+03  2.4798E-02 -1.5809E-02
  1.9430E+03  2.4788E-02 -1.5817E-02
  1.9444E+03  2.4778E-02 -1.5825E-02
  1.9459E+03  2.4769E-02 -1.5833E-02
  1.9473E+03  2.4759E-02 -1.5842E-02
  1.9488E+03  2.4748E-02 -1.5850E-02
  1.9502E+03  2.4738E-02 -1.5858E-02
  1.9517E+03  2.4728E-02 -1.5866E-02
  1.9531E+03  2.4717E-02 -1.5874E-02
  1.9546E+03  2.4706E-02 -1.5882E-02
  1.9560E+03  2.4696E-02 -1.5891E-02
  1.9575E+03  2.4685E-02 -1.5899E-02
  1.9589E+03  2.4674E-02 -1.5907E-02
  1.9604E+03  2.4662E-02 -1.5915E-02
  1.9618E+03  2.4651E-02 -1.5923E-02
  1.9633E+03  2.4640E-02 -1.5931E-02
  1.9647E+03  2.4628E-02 -1.5939E-02
  1.9662E+03  2.4617E-02 -1.5948E-02
  1.9676E+03  2.4605E-02 -1.5956E-02
  1.9691E+03  2.4594E-02 -1.5964E-02
  1.9705E+03  2.4582E-02 -1.5972E-02
  1.9720E+03  2.4570E-02 -1.5980E-02
  1.9734E+03  2.4559E-02 -1.5988E-02
  1.9749E+03  2.4547E-02 -1.5996E-02
  1.9763E+03  2.4535E-02 -1.6005E-02
  1.9778E+03  2.4523E-02 -1.6013E-02
  1.9792E+03  2.4512E-02 -1.6021E-02
  1.9807E+03  2.4500E-02 -1.6029E-02
  1.9821E+03  2.4488E-02 -1.6037E-02
  1.9836E+03  2.4476E-02 -1.6045E-02
  1.9850E+03  2.4464E-02 -1.6054E-02
  1.9865E+03  2.4453E-02 -1.6062E-02
  1.9879E+03  2.4441E-02 -1.6070E-02
  1.9894E+03  2.4429E-02 -1.6078E-02
  1.9908E+03  2.4417E-02 -1.6086E-02
  1.9923E+03  2.4405E-02 -1.6094E-02
  1.9937E+03  2.4393E-02 -1.6102E-02
  1.9952E+03  2.4381E-02 -1.6111E-02
  1.9966E+03  2.4370E-02 -1.6119E-02
  1.9981E+03  2.4358E-02 -1.6127E-02
  1.9995E+03  2.4346E-02 -1.6135E-02
