# CREATED BY GENE DIAGNOSTICS TOOL on Wed Mar 10 09:57:40 2021
# diag: timetrace, run(s): 0040, time window: 0-2000(1382 steps), species: ions
# original data path: /marconi_scratch/userexternal/cmoreno0/GAMZF_convergence/lhd_surface/scanfiles0000/
# normalization: L_ref=1.65m
#
#  t          Re[phi]     Im[phi]   
  0.0000E+00  9.9997E-01  0.0000E+00
  1.4480E+00  8.4275E-01 -3.0241E-03
  2.8960E+00  6.4348E-01 -5.4871E-03
  4.3440E+00  4.3459E-01 -6.8339E-03
  5.7920E+00  2.7767E-01 -6.8308E-03
  7.2400E+00  1.7809E-01 -5.7843E-03
  8.6880E+00  1.2169E-01 -4.2993E-03
  1.0136E+01  9.1617E-02 -2.8893E-03
  1.1584E+01  7.5708E-02 -1.8174E-03
  1.3032E+01  6.6885E-02 -1.1168E-03
  1.4480E+01  6.1630E-02 -6.7533E-04
  1.5928E+01  5.8777E-02 -4.4876E-04
  1.7376E+01  5.8321E-02 -6.1003E-04
  1.8824E+01  5.9669E-02 -1.2695E-03
  2.0272E+01  6.0966E-02 -2.2749E-03
  2.1720E+01  5.9384E-02 -3.1726E-03
  2.3168E+01  5.2805E-02 -3.4923E-03
  2.4616E+01  4.0799E-02 -3.0123E-03
  2.6064E+01  2.4797E-02 -1.8143E-03
  2.7512E+01  7.4700E-03 -2.2048E-04
  2.8960E+01 -8.2386E-03  1.3735E-03
  3.0408E+01 -2.0177E-02  2.6372E-03
  3.1856E+01 -2.7317E-02  3.3804E-03
  3.3304E+01 -2.9451E-02  3.5646E-03
  3.4752E+01 -2.6947E-02  3.2720E-03
  3.6200E+01 -2.1139E-02  2.6348E-03
  3.7648E+01 -1.3851E-02  1.7899E-03
  3.9096E+01 -5.9747E-03  8.7447E-04
  4.0544E+01  2.6340E-03 -4.4912E-05
  4.1992E+01  1.1648E-02 -8.9855E-04
  4.3440E+01  1.9801E-02 -1.6567E-03
  4.4888E+01  2.6163E-02 -2.3150E-03
  4.6336E+01  3.1024E-02 -2.8689E-03
  4.7784E+01  3.5627E-02 -3.3369E-03
  4.9232E+01  4.0892E-02 -3.7402E-03
  5.0680E+01  4.6741E-02 -4.1000E-03
  5.2128E+01  5.2175E-02 -4.4332E-03
  5.3576E+01  5.5971E-02 -4.7419E-03
  5.5024E+01  5.7705E-02 -5.0092E-03
  5.6472E+01  5.8116E-02 -5.2178E-03
  5.7920E+01  5.8557E-02 -5.3547E-03
  5.9368E+01  5.9970E-02 -5.4004E-03
  6.0816E+01  6.2380E-02 -5.3748E-03
  6.2264E+01  6.4776E-02 -5.2715E-03
  6.3712E+01  6.5833E-02 -5.0994E-03
  6.5160E+01  6.4863E-02 -4.8705E-03
  6.6608E+01  6.2335E-02 -4.5947E-03
  6.8056E+01  5.9093E-02 -4.2919E-03
  6.9504E+01  5.5966E-02 -3.9904E-03
  7.0952E+01  5.3641E-02 -3.7080E-03
  7.2400E+01  5.2478E-02 -3.4656E-03
  7.3848E+01  5.1955E-02 -3.2663E-03
  7.5296E+01  5.1173E-02 -3.1105E-03
  7.6744E+01  4.9862E-02 -2.9966E-03
  7.8192E+01  4.8488E-02 -2.9264E-03
  7.9640E+01  4.7291E-02 -2.8913E-03
  8.1088E+01  4.6050E-02 -2.9046E-03
  8.2536E+01  4.4794E-02 -2.9486E-03
  8.3984E+01  4.4266E-02 -3.0123E-03
  8.5432E+01  4.4989E-02 -3.1025E-03
  8.6880E+01  4.6355E-02 -3.2045E-03
  8.8328E+01  4.7281E-02 -3.3239E-03
  8.9776E+01  4.7377E-02 -3.4556E-03
  9.1224E+01  4.7281E-02 -3.5987E-03
  9.2672E+01  4.7672E-02 -3.7519E-03
  9.4120E+01  4.8431E-02 -3.9140E-03
  9.5568E+01  4.8867E-02 -4.0798E-03
  9.7016E+01  4.8611E-02 -4.2461E-03
  9.8464E+01  4.8061E-02 -4.4073E-03
  9.9912E+01  4.7960E-02 -4.5532E-03
  1.0136E+02  4.8637E-02 -4.6913E-03
  1.0281E+02  4.9778E-02 -4.8160E-03
  1.0426E+02  5.0809E-02 -4.9261E-03
  1.0570E+02  5.1325E-02 -5.0278E-03
  1.0715E+02  5.1268E-02 -5.1161E-03
  1.0860E+02  5.0892E-02 -5.1907E-03
  1.1005E+02  5.0616E-02 -5.2520E-03
  1.1150E+02  5.0784E-02 -5.3004E-03
  1.1294E+02  5.1487E-02 -5.3382E-03
  1.1439E+02  5.2531E-02 -5.3674E-03
  1.1584E+02  5.3543E-02 -5.3883E-03
  1.1729E+02  5.4135E-02 -5.4036E-03
  1.1874E+02  5.4114E-02 -5.4160E-03
  1.2018E+02  5.3619E-02 -5.4242E-03
  1.2163E+02  5.3075E-02 -5.4354E-03
  1.2308E+02  5.2949E-02 -5.4479E-03
  1.2453E+02  5.3502E-02 -5.4606E-03
  1.2598E+02  5.4667E-02 -5.4794E-03
  1.2742E+02  5.6037E-02 -5.5040E-03
  1.2887E+02  5.7027E-02 -5.5352E-03
  1.3032E+02  5.7250E-02 -5.5719E-03
  1.3177E+02  5.6769E-02 -5.6107E-03
  1.3322E+02  5.5918E-02 -5.6491E-03
  1.3466E+02  5.5028E-02 -5.6860E-03
  1.3611E+02  5.4330E-02 -5.7215E-03
  1.3756E+02  5.3898E-02 -5.7583E-03
  1.3901E+02  5.3623E-02 -5.7995E-03
  1.4046E+02  5.3403E-02 -5.8450E-03
  1.4190E+02  5.3278E-02 -5.8987E-03
  1.4335E+02  5.3268E-02 -5.9588E-03
  1.4480E+02  5.3178E-02 -6.0222E-03
  1.4625E+02  5.2813E-02 -6.0896E-03
  1.4770E+02  5.2294E-02 -6.1577E-03
  1.4914E+02  5.1915E-02 -6.2247E-03
  1.5059E+02  5.1733E-02 -6.2892E-03
  1.5204E+02  5.1562E-02 -6.3487E-03
  1.5349E+02  5.1292E-02 -6.4014E-03
  1.5494E+02  5.0906E-02 -6.4476E-03
  1.5638E+02  5.0347E-02 -6.4885E-03
  1.5783E+02  4.9708E-02 -6.5277E-03
  1.5928E+02  4.9410E-02 -6.5691E-03
  1.6073E+02  4.9837E-02 -6.6150E-03
  1.6218E+02  5.0811E-02 -6.6690E-03
  1.6362E+02  5.1693E-02 -6.7293E-03
  1.6507E+02  5.1982E-02 -6.7905E-03
  1.6652E+02  5.1757E-02 -6.8503E-03
  1.6797E+02  5.1517E-02 -6.9069E-03
  1.6942E+02  5.1613E-02 -6.9614E-03
  1.7086E+02  5.1939E-02 -7.0167E-03
  1.7231E+02  5.2203E-02 -7.0733E-03
  1.7376E+02  5.2316E-02 -7.1300E-03
  1.7521E+02  5.2362E-02 -7.1849E-03
  1.7666E+02  5.2339E-02 -7.2367E-03
  1.7810E+02  5.2197E-02 -7.2857E-03
  1.7955E+02  5.2103E-02 -7.3336E-03
  1.8100E+02  5.2392E-02 -7.3818E-03
  1.8245E+02  5.3155E-02 -7.4327E-03
  1.8390E+02  5.4054E-02 -7.4854E-03
  1.8534E+02  5.4609E-02 -7.5357E-03
  1.8679E+02  5.4566E-02 -7.5805E-03
  1.8824E+02  5.4038E-02 -7.6169E-03
  1.8969E+02  5.3436E-02 -7.6449E-03
  1.9114E+02  5.3156E-02 -7.6677E-03
  1.9258E+02  5.3232E-02 -7.6890E-03
  1.9403E+02  5.3353E-02 -7.7112E-03
  1.9548E+02  5.3276E-02 -7.7346E-03
  1.9693E+02  5.3068E-02 -7.7585E-03
  1.9838E+02  5.2961E-02 -7.7836E-03
  1.9982E+02  5.3083E-02 -7.8117E-03
  2.0127E+02  5.3317E-02 -7.8444E-03
  2.0272E+02  5.3406E-02 -7.8822E-03
  2.0417E+02  5.3233E-02 -7.9232E-03
  2.0562E+02  5.3005E-02 -7.9640E-03
  2.0706E+02  5.3061E-02 -8.0036E-03
  2.0851E+02  5.3526E-02 -8.0433E-03
  2.0996E+02  5.4214E-02 -8.0857E-03
  2.1141E+02  5.4864E-02 -8.1328E-03
  2.1286E+02  5.5342E-02 -8.1851E-03
  2.1430E+02  5.5615E-02 -8.2415E-03
  2.1575E+02  5.5743E-02 -8.3000E-03
  2.1720E+02  5.5869E-02 -8.3593E-03
  2.1865E+02  5.6055E-02 -8.4189E-03
  2.2010E+02  5.6175E-02 -8.4788E-03
  2.2154E+02  5.6137E-02 -8.5380E-03
  2.2299E+02  5.6058E-02 -8.5957E-03
  2.2444E+02  5.6088E-02 -8.6513E-03
  2.2589E+02  5.6211E-02 -8.7047E-03
  2.2734E+02  5.6345E-02 -8.7564E-03
  2.2878E+02  5.6488E-02 -8.8070E-03
  2.3023E+02  5.6630E-02 -8.8566E-03
  2.3168E+02  5.6641E-02 -8.9045E-03
  2.3313E+02  5.6387E-02 -8.9494E-03
  2.3458E+02  5.5948E-02 -8.9896E-03
  2.3602E+02  5.5595E-02 -9.0245E-03
  2.3747E+02  5.5505E-02 -9.0552E-03
  2.3892E+02  5.5579E-02 -9.0833E-03
  2.4037E+02  5.5565E-02 -9.1098E-03
  2.4182E+02  5.5329E-02 -9.1351E-03
  2.4326E+02  5.4926E-02 -9.1592E-03
  2.4471E+02  5.4465E-02 -9.1825E-03
  2.4616E+02  5.3986E-02 -9.2057E-03
  2.4761E+02  5.3487E-02 -9.2293E-03
  2.4906E+02  5.2975E-02 -9.2538E-03
  2.5050E+02  5.2409E-02 -9.2793E-03
  2.5195E+02  5.1692E-02 -9.3051E-03
  2.5340E+02  5.0851E-02 -9.3307E-03
  2.5485E+02  5.0104E-02 -9.3566E-03
  2.5630E+02  4.9631E-02 -9.3839E-03
  2.5774E+02  4.9346E-02 -9.4144E-03
  2.5919E+02  4.9002E-02 -9.4488E-03
  2.6064E+02  4.8475E-02 -9.4863E-03
  2.6209E+02  4.7887E-02 -9.5258E-03
  2.6354E+02  4.7455E-02 -9.5666E-03
  2.6498E+02  4.7271E-02 -9.6089E-03
  2.6643E+02  4.7215E-02 -9.6531E-03
  2.6788E+02  4.7088E-02 -9.6992E-03
  2.6933E+02  4.6835E-02 -9.7466E-03
  2.7078E+02  4.6598E-02 -9.7946E-03
  2.7222E+02  4.6532E-02 -9.8431E-03
  2.7367E+02  4.6632E-02 -9.8926E-03
  2.7512E+02  4.6772E-02 -9.9437E-03
  2.7657E+02  4.6873E-02 -9.9963E-03
  2.7802E+02  4.6949E-02 -1.0050E-02
  2.7946E+02  4.7016E-02 -1.0103E-02
  2.8091E+02  4.7043E-02 -1.0155E-02
  2.8236E+02  4.6968E-02 -1.0205E-02
  2.8381E+02  4.6761E-02 -1.0253E-02
  2.8526E+02  4.6482E-02 -1.0299E-02
  2.8670E+02  4.6282E-02 -1.0342E-02
  2.8815E+02  4.6270E-02 -1.0384E-02
  2.8960E+02  4.6404E-02 -1.0424E-02
  2.9105E+02  4.6538E-02 -1.0464E-02
  2.9250E+02  4.6552E-02 -1.0503E-02
  2.9394E+02  4.6401E-02 -1.0540E-02
  2.9539E+02  4.6106E-02 -1.0575E-02
  2.9684E+02  4.5742E-02 -1.0607E-02
  2.9829E+02  4.5413E-02 -1.0636E-02
  2.9974E+02  4.5195E-02 -1.0664E-02
  3.0118E+02  4.5079E-02 -1.0691E-02
  3.0263E+02  4.5017E-02 -1.0718E-02
  3.0408E+02  4.4987E-02 -1.0744E-02
  3.0553E+02  4.4983E-02 -1.0770E-02
  3.0698E+02  4.4966E-02 -1.0797E-02
  3.0842E+02  4.4881E-02 -1.0825E-02
  3.0987E+02  4.4743E-02 -1.0854E-02
  3.1132E+02  4.4632E-02 -1.0884E-02
  3.1277E+02  4.4616E-02 -1.0915E-02
  3.1422E+02  4.4704E-02 -1.0947E-02
  3.1566E+02  4.4869E-02 -1.0979E-02
  3.1711E+02  4.5094E-02 -1.1012E-02
  3.1856E+02  4.5372E-02 -1.1046E-02
  3.2001E+02  4.5646E-02 -1.1081E-02
  3.2146E+02  4.5819E-02 -1.1118E-02
  3.2290E+02  4.5853E-02 -1.1156E-02
  3.2435E+02  4.5837E-02 -1.1194E-02
  3.2580E+02  4.5906E-02 -1.1231E-02
  3.2725E+02  4.6100E-02 -1.1268E-02
  3.2870E+02  4.6351E-02 -1.1305E-02
  3.3014E+02  4.6567E-02 -1.1342E-02
  3.3159E+02  4.6697E-02 -1.1379E-02
  3.3304E+02  4.6737E-02 -1.1414E-02
  3.3449E+02  4.6714E-02 -1.1448E-02
  3.3594E+02  4.6689E-02 -1.1482E-02
  3.3738E+02  4.6712E-02 -1.1514E-02
  3.3883E+02  4.6779E-02 -1.1546E-02
  3.4028E+02  4.6833E-02 -1.1577E-02
  3.4173E+02  4.6817E-02 -1.1608E-02
  3.4318E+02  4.6729E-02 -1.1636E-02
  3.4462E+02  4.6623E-02 -1.1664E-02
  3.4607E+02  4.6563E-02 -1.1689E-02
  3.4752E+02  4.6546E-02 -1.1715E-02
  3.4897E+02  4.6488E-02 -1.1740E-02
  3.5042E+02  4.6337E-02 -1.1765E-02
  3.5186E+02  4.6141E-02 -1.1790E-02
  3.5331E+02  4.5989E-02 -1.1815E-02
  3.5476E+02  4.5908E-02 -1.1839E-02
  3.5621E+02  4.5857E-02 -1.1863E-02
  3.5766E+02  4.5784E-02 -1.1888E-02
  3.5910E+02  4.5662E-02 -1.1913E-02
  3.6055E+02  4.5501E-02 -1.1939E-02
  3.6200E+02  4.5328E-02 -1.1965E-02
  3.6345E+02  4.5169E-02 -1.1990E-02
  3.6490E+02  4.5019E-02 -1.2016E-02
  3.6634E+02  4.4858E-02 -1.2042E-02
  3.6779E+02  4.4695E-02 -1.2068E-02
  3.6924E+02  4.4575E-02 -1.2094E-02
  3.7069E+02  4.4527E-02 -1.2120E-02
  3.7214E+02  4.4540E-02 -1.2147E-02
  3.7358E+02  4.4595E-02 -1.2174E-02
  3.7503E+02  4.4675E-02 -1.2203E-02
  3.7648E+02  4.4752E-02 -1.2231E-02
  3.7793E+02  4.4803E-02 -1.2259E-02
  3.7938E+02  4.4841E-02 -1.2287E-02
  3.8082E+02  4.4903E-02 -1.2315E-02
  3.8227E+02  4.5019E-02 -1.2342E-02
  3.8372E+02  4.5195E-02 -1.2369E-02
  3.8517E+02  4.5400E-02 -1.2396E-02
  3.8662E+02  4.5586E-02 -1.2422E-02
  3.8806E+02  4.5714E-02 -1.2449E-02
  3.8951E+02  4.5781E-02 -1.2475E-02
  3.9096E+02  4.5824E-02 -1.2501E-02
  3.9241E+02  4.5922E-02 -1.2527E-02
  3.9386E+02  4.6135E-02 -1.2554E-02
  3.9530E+02  4.6435E-02 -1.2580E-02
  3.9675E+02  4.6702E-02 -1.2607E-02
  3.9820E+02  4.6831E-02 -1.2633E-02
  3.9965E+02  4.6835E-02 -1.2657E-02
  4.0110E+02  4.6820E-02 -1.2681E-02
  4.0254E+02  4.6859E-02 -1.2703E-02
  4.0399E+02  4.6941E-02 -1.2725E-02
  4.0544E+02  4.7026E-02 -1.2746E-02
  4.0689E+02  4.7093E-02 -1.2767E-02
  4.0834E+02  4.7138E-02 -1.2787E-02
  4.0978E+02  4.7161E-02 -1.2806E-02
  4.1123E+02  4.7162E-02 -1.2825E-02
  4.1268E+02  4.7137E-02 -1.2844E-02
  4.1413E+02  4.7081E-02 -1.2862E-02
  4.1558E+02  4.6997E-02 -1.2881E-02
  4.1702E+02  4.6890E-02 -1.2899E-02
  4.1847E+02  4.6764E-02 -1.2917E-02
  4.1992E+02  4.6635E-02 -1.2934E-02
  4.2137E+02  4.6520E-02 -1.2951E-02
  4.2282E+02  4.6421E-02 -1.2968E-02
  4.2426E+02  4.6315E-02 -1.2985E-02
  4.2571E+02  4.6190E-02 -1.3003E-02
  4.2716E+02  4.6063E-02 -1.3021E-02
  4.2861E+02  4.5949E-02 -1.3039E-02
  4.3006E+02  4.5840E-02 -1.3058E-02
  4.3150E+02  4.5721E-02 -1.3078E-02
  4.3295E+02  4.5602E-02 -1.3097E-02
  4.3440E+02  4.5499E-02 -1.3117E-02
  4.3585E+02  4.5412E-02 -1.3137E-02
  4.3730E+02  4.5325E-02 -1.3158E-02
  4.3874E+02  4.5231E-02 -1.3178E-02
  4.4019E+02  4.5133E-02 -1.3199E-02
  4.4164E+02  4.5043E-02 -1.3220E-02
  4.4309E+02  4.4967E-02 -1.3241E-02
  4.4454E+02  4.4893E-02 -1.3262E-02
  4.4598E+02  4.4795E-02 -1.3284E-02
  4.4743E+02  4.4672E-02 -1.3306E-02
  4.4888E+02  4.4555E-02 -1.3327E-02
  4.5033E+02  4.4471E-02 -1.3348E-02
  4.5178E+02  4.4406E-02 -1.3370E-02
  4.5322E+02  4.4320E-02 -1.3391E-02
  4.5467E+02  4.4190E-02 -1.3412E-02
  4.5612E+02  4.4043E-02 -1.3433E-02
  4.5757E+02  4.3930E-02 -1.3453E-02
  4.5902E+02  4.3874E-02 -1.3473E-02
  4.6046E+02  4.3851E-02 -1.3493E-02
  4.6191E+02  4.3820E-02 -1.3513E-02
  4.6336E+02  4.3761E-02 -1.3533E-02
  4.6481E+02  4.3683E-02 -1.3553E-02
  4.6626E+02  4.3609E-02 -1.3572E-02
  4.6770E+02  4.3554E-02 -1.3591E-02
  4.6915E+02  4.3529E-02 -1.3610E-02
  4.7060E+02  4.3529E-02 -1.3628E-02
  4.7205E+02  4.3533E-02 -1.3647E-02
  4.7350E+02  4.3528E-02 -1.3665E-02
  4.7494E+02  4.3528E-02 -1.3683E-02
  4.7639E+02  4.3546E-02 -1.3701E-02
  4.7784E+02  4.3574E-02 -1.3719E-02
  4.7929E+02  4.3589E-02 -1.3737E-02
  4.8074E+02  4.3593E-02 -1.3755E-02
  4.8218E+02  4.3604E-02 -1.3772E-02
  4.8363E+02  4.3629E-02 -1.3789E-02
  4.8508E+02  4.3649E-02 -1.3806E-02
  4.8653E+02  4.3650E-02 -1.3822E-02
  4.8798E+02  4.3639E-02 -1.3839E-02
  4.8942E+02  4.3646E-02 -1.3854E-02
  4.9087E+02  4.3687E-02 -1.3870E-02
  4.9232E+02  4.3750E-02 -1.3886E-02
  4.9377E+02  4.3796E-02 -1.3902E-02
  4.9522E+02  4.3798E-02 -1.3917E-02
  4.9666E+02  4.3755E-02 -1.3933E-02
  4.9811E+02  4.3683E-02 -1.3948E-02
  4.9956E+02  4.3596E-02 -1.3962E-02
  5.0101E+02  4.3504E-02 -1.3976E-02
  5.0246E+02  4.3423E-02 -1.3989E-02
  5.0390E+02  4.3357E-02 -1.4002E-02
  5.0535E+02  4.3289E-02 -1.4015E-02
  5.0680E+02  4.3194E-02 -1.4028E-02
  5.0825E+02  4.3060E-02 -1.4040E-02
  5.0970E+02  4.2899E-02 -1.4053E-02
  5.1114E+02  4.2730E-02 -1.4065E-02
  5.1259E+02  4.2570E-02 -1.4077E-02
  5.1404E+02  4.2424E-02 -1.4088E-02
  5.1549E+02  4.2285E-02 -1.4100E-02
  5.1694E+02  4.2146E-02 -1.4112E-02
  5.1838E+02  4.2002E-02 -1.4123E-02
  5.1983E+02  4.1857E-02 -1.4134E-02
  5.2128E+02  4.1720E-02 -1.4145E-02
  5.2273E+02  4.1604E-02 -1.4156E-02
  5.2418E+02  4.1515E-02 -1.4167E-02
  5.2562E+02  4.1444E-02 -1.4178E-02
  5.2707E+02  4.1376E-02 -1.4190E-02
  5.2852E+02  4.1301E-02 -1.4201E-02
  5.2997E+02  4.1228E-02 -1.4213E-02
  5.3142E+02  4.1172E-02 -1.4224E-02
  5.3286E+02  4.1139E-02 -1.4236E-02
  5.3431E+02  4.1120E-02 -1.4247E-02
  5.3576E+02  4.1106E-02 -1.4258E-02
  5.3721E+02  4.1098E-02 -1.4270E-02
  5.3866E+02  4.1108E-02 -1.4281E-02
  5.4010E+02  4.1140E-02 -1.4292E-02
  5.4155E+02  4.1180E-02 -1.4303E-02
  5.4300E+02  4.1207E-02 -1.4314E-02
  5.4445E+02  4.1223E-02 -1.4325E-02
  5.4590E+02  4.1245E-02 -1.4335E-02
  5.4734E+02  4.1285E-02 -1.4345E-02
  5.4879E+02  4.1340E-02 -1.4354E-02
  5.5024E+02  4.1394E-02 -1.4363E-02
  5.5169E+02  4.1434E-02 -1.4372E-02
  5.5314E+02  4.1451E-02 -1.4380E-02
  5.5458E+02  4.1448E-02 -1.4387E-02
  5.5603E+02  4.1444E-02 -1.4394E-02
  5.5748E+02  4.1463E-02 -1.4400E-02
  5.5893E+02  4.1506E-02 -1.4406E-02
  5.6038E+02  4.1554E-02 -1.4412E-02
  5.6182E+02  4.1584E-02 -1.4418E-02
  5.6327E+02  4.1589E-02 -1.4424E-02
  5.6472E+02  4.1582E-02 -1.4429E-02
  5.6617E+02  4.1583E-02 -1.4434E-02
  5.6762E+02  4.1603E-02 -1.4439E-02
  5.6906E+02  4.1640E-02 -1.4444E-02
  5.7051E+02  4.1687E-02 -1.4450E-02
  5.7196E+02  4.1736E-02 -1.4455E-02
  5.7341E+02  4.1781E-02 -1.4461E-02
  5.7486E+02  4.1812E-02 -1.4466E-02
  5.7630E+02  4.1829E-02 -1.4472E-02
  5.7775E+02  4.1845E-02 -1.4478E-02
  5.7920E+02  4.1872E-02 -1.4484E-02
  5.8065E+02  4.1908E-02 -1.4490E-02
  5.8210E+02  4.1936E-02 -1.4497E-02
  5.8354E+02  4.1944E-02 -1.4504E-02
  5.8499E+02  4.1932E-02 -1.4510E-02
  5.8644E+02  4.1909E-02 -1.4517E-02
  5.8789E+02  4.1879E-02 -1.4524E-02
  5.8934E+02  4.1840E-02 -1.4530E-02
  5.9078E+02  4.1786E-02 -1.4537E-02
  5.9223E+02  4.1713E-02 -1.4543E-02
  5.9368E+02  4.1625E-02 -1.4549E-02
  5.9513E+02  4.1529E-02 -1.4555E-02
  5.9658E+02  4.1428E-02 -1.4561E-02
  5.9802E+02  4.1324E-02 -1.4566E-02
  5.9947E+02  4.1211E-02 -1.4571E-02
  6.0092E+02  4.1082E-02 -1.4576E-02
  6.0237E+02  4.0936E-02 -1.4581E-02
  6.0382E+02  4.0780E-02 -1.4585E-02
  6.0526E+02  4.0625E-02 -1.4589E-02
  6.0671E+02  4.0476E-02 -1.4593E-02
  6.0816E+02  4.0329E-02 -1.4597E-02
  6.0961E+02  4.0182E-02 -1.4600E-02
  6.1106E+02  4.0034E-02 -1.4604E-02
  6.1250E+02  3.9890E-02 -1.4608E-02
  6.1395E+02  3.9757E-02 -1.4611E-02
  6.1540E+02  3.9633E-02 -1.4615E-02
  6.1685E+02  3.9512E-02 -1.4620E-02
  6.1830E+02  3.9386E-02 -1.4624E-02
  6.1974E+02  3.9264E-02 -1.4629E-02
  6.2119E+02  3.9163E-02 -1.4634E-02
  6.2264E+02  3.9088E-02 -1.4639E-02
  6.2409E+02  3.9031E-02 -1.4645E-02
  6.2554E+02  3.8983E-02 -1.4651E-02
  6.2698E+02  3.8940E-02 -1.4657E-02
  6.2843E+02  3.8900E-02 -1.4663E-02
  6.2988E+02  3.8861E-02 -1.4670E-02
  6.3133E+02  3.8824E-02 -1.4676E-02
  6.3278E+02  3.8792E-02 -1.4683E-02
  6.3422E+02  3.8772E-02 -1.4690E-02
  6.3567E+02  3.8764E-02 -1.4696E-02
  6.3712E+02  3.8766E-02 -1.4703E-02
  6.3857E+02  3.8767E-02 -1.4709E-02
  6.4002E+02  3.8762E-02 -1.4715E-02
  6.4146E+02  3.8750E-02 -1.4721E-02
  6.4291E+02  3.8735E-02 -1.4726E-02
  6.4436E+02  3.8724E-02 -1.4731E-02
  6.4581E+02  3.8716E-02 -1.4736E-02
  6.4726E+02  3.8711E-02 -1.4741E-02
  6.4870E+02  3.8702E-02 -1.4745E-02
  6.5015E+02  3.8682E-02 -1.4748E-02
  6.5160E+02  3.8653E-02 -1.4752E-02
  6.5305E+02  3.8623E-02 -1.4754E-02
  6.5450E+02  3.8598E-02 -1.4757E-02
  6.5594E+02  3.8574E-02 -1.4759E-02
  6.5739E+02  3.8545E-02 -1.4760E-02
  6.5884E+02  3.8507E-02 -1.4762E-02
  6.6029E+02  3.8465E-02 -1.4763E-02
  6.6174E+02  3.8425E-02 -1.4764E-02
  6.6318E+02  3.8388E-02 -1.4765E-02
  6.6463E+02  3.8347E-02 -1.4766E-02
  6.6608E+02  3.8301E-02 -1.4767E-02
  6.6753E+02  3.8253E-02 -1.4767E-02
  6.6898E+02  3.8208E-02 -1.4768E-02
  6.7042E+02  3.8163E-02 -1.4769E-02
  6.7187E+02  3.8113E-02 -1.4770E-02
  6.7332E+02  3.8056E-02 -1.4771E-02
  6.7477E+02  3.7997E-02 -1.4772E-02
  6.7622E+02  3.7942E-02 -1.4773E-02
  6.7766E+02  3.7893E-02 -1.4774E-02
  6.7911E+02  3.7847E-02 -1.4775E-02
  6.8056E+02  3.7798E-02 -1.4776E-02
  6.8201E+02  3.7742E-02 -1.4777E-02
  6.8346E+02  3.7682E-02 -1.4779E-02
  6.8490E+02  3.7621E-02 -1.4780E-02
  6.8635E+02  3.7565E-02 -1.4781E-02
  6.8780E+02  3.7516E-02 -1.4783E-02
  6.8925E+02  3.7472E-02 -1.4784E-02
  6.9070E+02  3.7433E-02 -1.4785E-02
  6.9214E+02  3.7394E-02 -1.4786E-02
  6.9359E+02  3.7352E-02 -1.4787E-02
  6.9504E+02  3.7307E-02 -1.4788E-02
  6.9649E+02  3.7262E-02 -1.4788E-02
  6.9794E+02  3.7216E-02 -1.4789E-02
  6.9938E+02  3.7171E-02 -1.4789E-02
  7.0083E+02  3.7129E-02 -1.4790E-02
  7.0228E+02  3.7092E-02 -1.4790E-02
  7.0373E+02  3.7060E-02 -1.4789E-02
  7.0518E+02  3.7028E-02 -1.4789E-02
  7.0662E+02  3.6991E-02 -1.4789E-02
  7.0807E+02  3.6952E-02 -1.4788E-02
  7.0952E+02  3.6915E-02 -1.4787E-02
  7.1097E+02  3.6882E-02 -1.4787E-02
  7.1242E+02  3.6851E-02 -1.4786E-02
  7.1386E+02  3.6822E-02 -1.4785E-02
  7.1531E+02  3.6793E-02 -1.4784E-02
  7.1676E+02  3.6767E-02 -1.4783E-02
  7.1821E+02  3.6743E-02 -1.4781E-02
  7.1966E+02  3.6717E-02 -1.4780E-02
  7.2110E+02  3.6688E-02 -1.4779E-02
  7.2255E+02  3.6659E-02 -1.4778E-02
  7.2400E+02  3.6634E-02 -1.4776E-02
  7.2545E+02  3.6612E-02 -1.4775E-02
  7.2690E+02  3.6590E-02 -1.4773E-02
  7.2834E+02  3.6565E-02 -1.4772E-02
  7.2979E+02  3.6536E-02 -1.4770E-02
  7.3124E+02  3.6504E-02 -1.4769E-02
  7.3269E+02  3.6471E-02 -1.4767E-02
  7.3414E+02  3.6441E-02 -1.4765E-02
  7.3558E+02  3.6412E-02 -1.4764E-02
  7.3703E+02  3.6382E-02 -1.4762E-02
  7.3848E+02  3.6349E-02 -1.4760E-02
  7.3993E+02  3.6311E-02 -1.4758E-02
  7.4138E+02  3.6271E-02 -1.4755E-02
  7.4282E+02  3.6234E-02 -1.4753E-02
  7.4427E+02  3.6199E-02 -1.4751E-02
  7.4572E+02  3.6165E-02 -1.4748E-02
  7.4717E+02  3.6126E-02 -1.4746E-02
  7.4862E+02  3.6082E-02 -1.4744E-02
  7.5006E+02  3.6037E-02 -1.4741E-02
  7.5151E+02  3.5996E-02 -1.4738E-02
  7.5296E+02  3.5958E-02 -1.4736E-02
  7.5441E+02  3.5922E-02 -1.4733E-02
  7.5586E+02  3.5887E-02 -1.4730E-02
  7.5730E+02  3.5851E-02 -1.4728E-02
  7.5875E+02  3.5814E-02 -1.4725E-02
  7.6020E+02  3.5778E-02 -1.4722E-02
  7.6165E+02  3.5741E-02 -1.4720E-02
  7.6310E+02  3.5705E-02 -1.4717E-02
  7.6454E+02  3.5668E-02 -1.4714E-02
  7.6599E+02  3.5633E-02 -1.4712E-02
  7.6744E+02  3.5599E-02 -1.4709E-02
  7.6889E+02  3.5564E-02 -1.4706E-02
  7.7034E+02  3.5531E-02 -1.4704E-02
  7.7178E+02  3.5498E-02 -1.4701E-02
  7.7323E+02  3.5467E-02 -1.4699E-02
  7.7468E+02  3.5435E-02 -1.4696E-02
  7.7613E+02  3.5399E-02 -1.4693E-02
  7.7758E+02  3.5362E-02 -1.4690E-02
  7.7902E+02  3.5325E-02 -1.4688E-02
  7.8047E+02  3.5288E-02 -1.4685E-02
  7.8192E+02  3.5251E-02 -1.4682E-02
  7.8337E+02  3.5216E-02 -1.4679E-02
  7.8482E+02  3.5180E-02 -1.4675E-02
  7.8626E+02  3.5144E-02 -1.4672E-02
  7.8771E+02  3.5108E-02 -1.4669E-02
  7.8916E+02  3.5072E-02 -1.4665E-02
  7.9061E+02  3.5039E-02 -1.4662E-02
  7.9206E+02  3.5009E-02 -1.4658E-02
  7.9350E+02  3.4983E-02 -1.4654E-02
  7.9495E+02  3.4956E-02 -1.4651E-02
  7.9640E+02  3.4929E-02 -1.4647E-02
  7.9785E+02  3.4903E-02 -1.4643E-02
  7.9930E+02  3.4882E-02 -1.4639E-02
  8.0074E+02  3.4864E-02 -1.4635E-02
  8.0219E+02  3.4846E-02 -1.4632E-02
  8.0364E+02  3.4826E-02 -1.4628E-02
  8.0509E+02  3.4804E-02 -1.4624E-02
  8.0654E+02  3.4781E-02 -1.4620E-02
  8.0798E+02  3.4758E-02 -1.4616E-02
  8.0943E+02  3.4736E-02 -1.4612E-02
  8.1088E+02  3.4714E-02 -1.4609E-02
  8.1233E+02  3.4690E-02 -1.4605E-02
  8.1378E+02  3.4663E-02 -1.4601E-02
  8.1522E+02  3.4633E-02 -1.4597E-02
  8.1667E+02  3.4601E-02 -1.4593E-02
  8.1812E+02  3.4568E-02 -1.4589E-02
  8.1957E+02  3.4534E-02 -1.4585E-02
  8.2102E+02  3.4498E-02 -1.4581E-02
  8.2246E+02  3.4461E-02 -1.4578E-02
  8.2391E+02  3.4422E-02 -1.4573E-02
  8.2536E+02  3.4383E-02 -1.4569E-02
  8.2681E+02  3.4344E-02 -1.4565E-02
  8.2826E+02  3.4303E-02 -1.4561E-02
  8.2970E+02  3.4261E-02 -1.4557E-02
  8.3115E+02  3.4219E-02 -1.4553E-02
  8.3260E+02  3.4177E-02 -1.4548E-02
  8.3405E+02  3.4137E-02 -1.4544E-02
  8.3550E+02  3.4097E-02 -1.4539E-02
  8.3694E+02  3.4055E-02 -1.4535E-02
  8.3839E+02  3.4014E-02 -1.4531E-02
  8.3984E+02  3.3973E-02 -1.4526E-02
  8.4129E+02  3.3933E-02 -1.4522E-02
  8.4274E+02  3.3892E-02 -1.4517E-02
  8.4418E+02  3.3850E-02 -1.4513E-02
  8.4563E+02  3.3806E-02 -1.4508E-02
  8.4708E+02  3.3762E-02 -1.4504E-02
  8.4853E+02  3.3718E-02 -1.4499E-02
  8.4998E+02  3.3673E-02 -1.4495E-02
  8.5142E+02  3.3625E-02 -1.4490E-02
  8.5287E+02  3.3576E-02 -1.4486E-02
  8.5432E+02  3.3526E-02 -1.4481E-02
  8.5577E+02  3.3475E-02 -1.4477E-02
  8.5722E+02  3.3424E-02 -1.4472E-02
  8.5866E+02  3.3370E-02 -1.4468E-02
  8.6011E+02  3.3315E-02 -1.4463E-02
  8.6156E+02  3.3256E-02 -1.4458E-02
  8.6301E+02  3.3196E-02 -1.4454E-02
  8.6446E+02  3.3136E-02 -1.4449E-02
  8.6590E+02  3.3075E-02 -1.4444E-02
  8.6735E+02  3.3014E-02 -1.4439E-02
  8.6880E+02  3.2952E-02 -1.4434E-02
  8.7025E+02  3.2890E-02 -1.4429E-02
  8.7170E+02  3.2826E-02 -1.4424E-02
  8.7314E+02  3.2763E-02 -1.4419E-02
  8.7459E+02  3.2702E-02 -1.4414E-02
  8.7604E+02  3.2641E-02 -1.4409E-02
  8.7749E+02  3.2582E-02 -1.4404E-02
  8.7894E+02  3.2524E-02 -1.4399E-02
  8.8038E+02  3.2470E-02 -1.4394E-02
  8.8183E+02  3.2418E-02 -1.4389E-02
  8.8328E+02  3.2368E-02 -1.4384E-02
  8.8473E+02  3.2319E-02 -1.4378E-02
  8.8618E+02  3.2272E-02 -1.4373E-02
  8.8762E+02  3.2229E-02 -1.4368E-02
  8.8907E+02  3.2192E-02 -1.4363E-02
  8.9052E+02  3.2159E-02 -1.4358E-02
  8.9197E+02  3.2129E-02 -1.4353E-02
  8.9342E+02  3.2101E-02 -1.4348E-02
  8.9486E+02  3.2076E-02 -1.4343E-02
  8.9631E+02  3.2054E-02 -1.4338E-02
  8.9776E+02  3.2034E-02 -1.4333E-02
  8.9921E+02  3.2018E-02 -1.4328E-02
  9.0066E+02  3.2005E-02 -1.4323E-02
  9.0210E+02  3.1995E-02 -1.4318E-02
  9.0355E+02  3.1988E-02 -1.4313E-02
  9.0500E+02  3.1982E-02 -1.4308E-02
  9.0645E+02  3.1979E-02 -1.4303E-02
  9.0790E+02  3.1976E-02 -1.4298E-02
  9.0934E+02  3.1974E-02 -1.4293E-02
  9.1079E+02  3.1973E-02 -1.4287E-02
  9.1224E+02  3.1972E-02 -1.4282E-02
  9.1369E+02  3.1971E-02 -1.4276E-02
  9.1514E+02  3.1970E-02 -1.4271E-02
  9.1658E+02  3.1968E-02 -1.4265E-02
  9.1803E+02  3.1966E-02 -1.4259E-02
  9.1948E+02  3.1963E-02 -1.4253E-02
  9.2093E+02  3.1960E-02 -1.4247E-02
  9.2238E+02  3.1956E-02 -1.4241E-02
  9.2382E+02  3.1951E-02 -1.4235E-02
  9.2527E+02  3.1944E-02 -1.4229E-02
  9.2672E+02  3.1936E-02 -1.4222E-02
  9.2817E+02  3.1927E-02 -1.4216E-02
  9.2962E+02  3.1918E-02 -1.4210E-02
  9.3106E+02  3.1908E-02 -1.4203E-02
  9.3251E+02  3.1898E-02 -1.4196E-02
  9.3396E+02  3.1886E-02 -1.4190E-02
  9.3541E+02  3.1873E-02 -1.4183E-02
  9.3686E+02  3.1861E-02 -1.4177E-02
  9.3830E+02  3.1849E-02 -1.4170E-02
  9.3975E+02  3.1836E-02 -1.4163E-02
  9.4120E+02  3.1822E-02 -1.4157E-02
  9.4265E+02  3.1808E-02 -1.4150E-02
  9.4410E+02  3.1794E-02 -1.4144E-02
  9.4554E+02  3.1780E-02 -1.4137E-02
  9.4699E+02  3.1766E-02 -1.4131E-02
  9.4844E+02  3.1751E-02 -1.4125E-02
  9.4989E+02  3.1736E-02 -1.4118E-02
  9.5134E+02  3.1718E-02 -1.4112E-02
  9.5278E+02  3.1700E-02 -1.4106E-02
  9.5423E+02  3.1680E-02 -1.4100E-02
  9.5568E+02  3.1660E-02 -1.4093E-02
  9.5713E+02  3.1640E-02 -1.4087E-02
  9.5858E+02  3.1619E-02 -1.4081E-02
  9.6002E+02  3.1596E-02 -1.4075E-02
  9.6147E+02  3.1571E-02 -1.4069E-02
  9.6292E+02  3.1544E-02 -1.4063E-02
  9.6437E+02  3.1517E-02 -1.4057E-02
  9.6582E+02  3.1489E-02 -1.4051E-02
  9.6726E+02  3.1461E-02 -1.4045E-02
  9.6871E+02  3.1433E-02 -1.4039E-02
  9.7016E+02  3.1405E-02 -1.4033E-02
  9.7161E+02  3.1376E-02 -1.4027E-02
  9.7306E+02  3.1348E-02 -1.4021E-02
  9.7450E+02  3.1319E-02 -1.4015E-02
  9.7595E+02  3.1291E-02 -1.4010E-02
  9.7740E+02  3.1265E-02 -1.4004E-02
  9.7885E+02  3.1240E-02 -1.3998E-02
  9.8030E+02  3.1215E-02 -1.3992E-02
  9.8174E+02  3.1192E-02 -1.3986E-02
  9.8319E+02  3.1170E-02 -1.3981E-02
  9.8464E+02  3.1150E-02 -1.3975E-02
  9.8609E+02  3.1133E-02 -1.3969E-02
  9.8754E+02  3.1117E-02 -1.3964E-02
  9.8898E+02  3.1104E-02 -1.3958E-02
  9.9043E+02  3.1091E-02 -1.3953E-02
  9.9188E+02  3.1080E-02 -1.3947E-02
  9.9333E+02  3.1071E-02 -1.3942E-02
  9.9478E+02  3.1063E-02 -1.3937E-02
  9.9622E+02  3.1057E-02 -1.3932E-02
  9.9767E+02  3.1052E-02 -1.3926E-02
  9.9912E+02  3.1048E-02 -1.3921E-02
  1.0006E+03  3.1045E-02 -1.3916E-02
  1.0020E+03  3.1042E-02 -1.3911E-02
  1.0035E+03  3.1040E-02 -1.3906E-02
  1.0049E+03  3.1039E-02 -1.3900E-02
  1.0064E+03  3.1037E-02 -1.3895E-02
  1.0078E+03  3.1034E-02 -1.3890E-02
  1.0093E+03  3.1032E-02 -1.3885E-02
  1.0107E+03  3.1029E-02 -1.3880E-02
  1.0122E+03  3.1027E-02 -1.3874E-02
  1.0136E+03  3.1024E-02 -1.3869E-02
  1.0150E+03  3.1020E-02 -1.3863E-02
  1.0165E+03  3.1014E-02 -1.3858E-02
  1.0179E+03  3.1007E-02 -1.3853E-02
  1.0194E+03  3.1000E-02 -1.3847E-02
  1.0208E+03  3.0993E-02 -1.3841E-02
  1.0223E+03  3.0984E-02 -1.3836E-02
  1.0237E+03  3.0975E-02 -1.3830E-02
  1.0252E+03  3.0966E-02 -1.3825E-02
  1.0266E+03  3.0955E-02 -1.3819E-02
  1.0281E+03  3.0943E-02 -1.3813E-02
  1.0295E+03  3.0930E-02 -1.3808E-02
  1.0310E+03  3.0917E-02 -1.3802E-02
  1.0324E+03  3.0903E-02 -1.3797E-02
  1.0339E+03  3.0889E-02 -1.3791E-02
  1.0353E+03  3.0876E-02 -1.3786E-02
  1.0368E+03  3.0861E-02 -1.3780E-02
  1.0382E+03  3.0847E-02 -1.3775E-02
  1.0397E+03  3.0832E-02 -1.3769E-02
  1.0411E+03  3.0817E-02 -1.3764E-02
  1.0426E+03  3.0803E-02 -1.3759E-02
  1.0440E+03  3.0789E-02 -1.3753E-02
  1.0455E+03  3.0776E-02 -1.3748E-02
  1.0469E+03  3.0763E-02 -1.3743E-02
  1.0484E+03  3.0751E-02 -1.3738E-02
  1.0498E+03  3.0740E-02 -1.3733E-02
  1.0512E+03  3.0730E-02 -1.3728E-02
  1.0527E+03  3.0722E-02 -1.3724E-02
  1.0541E+03  3.0714E-02 -1.3719E-02
  1.0556E+03  3.0708E-02 -1.3714E-02
  1.0570E+03  3.0703E-02 -1.3709E-02
  1.0585E+03  3.0700E-02 -1.3705E-02
  1.0599E+03  3.0698E-02 -1.3700E-02
  1.0614E+03  3.0697E-02 -1.3696E-02
  1.0628E+03  3.0698E-02 -1.3691E-02
  1.0643E+03  3.0700E-02 -1.3687E-02
  1.0657E+03  3.0704E-02 -1.3683E-02
  1.0672E+03  3.0709E-02 -1.3678E-02
  1.0686E+03  3.0716E-02 -1.3674E-02
  1.0701E+03  3.0724E-02 -1.3670E-02
  1.0715E+03  3.0733E-02 -1.3666E-02
  1.0730E+03  3.0743E-02 -1.3662E-02
  1.0744E+03  3.0755E-02 -1.3658E-02
  1.0759E+03  3.0768E-02 -1.3654E-02
  1.0773E+03  3.0782E-02 -1.3650E-02
  1.0788E+03  3.0797E-02 -1.3646E-02
  1.0802E+03  3.0813E-02 -1.3642E-02
  1.0817E+03  3.0829E-02 -1.3639E-02
  1.0831E+03  3.0845E-02 -1.3635E-02
  1.0846E+03  3.0861E-02 -1.3631E-02
  1.0860E+03  3.0877E-02 -1.3627E-02
  1.0874E+03  3.0893E-02 -1.3624E-02
  1.0889E+03  3.0908E-02 -1.3620E-02
  1.0903E+03  3.0921E-02 -1.3616E-02
  1.0918E+03  3.0934E-02 -1.3613E-02
  1.0932E+03  3.0945E-02 -1.3609E-02
  1.0947E+03  3.0954E-02 -1.3606E-02
  1.0961E+03  3.0960E-02 -1.3602E-02
  1.0976E+03  3.0964E-02 -1.3598E-02
  1.0990E+03  3.0966E-02 -1.3595E-02
  1.1005E+03  3.0965E-02 -1.3591E-02
  1.1019E+03  3.0961E-02 -1.3587E-02
  1.1034E+03  3.0954E-02 -1.3584E-02
  1.1048E+03  3.0944E-02 -1.3580E-02
  1.1063E+03  3.0930E-02 -1.3576E-02
  1.1077E+03  3.0913E-02 -1.3573E-02
  1.1092E+03  3.0894E-02 -1.3569E-02
  1.1106E+03  3.0871E-02 -1.3565E-02
  1.1121E+03  3.0845E-02 -1.3561E-02
  1.1135E+03  3.0817E-02 -1.3557E-02
  1.1150E+03  3.0786E-02 -1.3554E-02
  1.1164E+03  3.0753E-02 -1.3550E-02
  1.1179E+03  3.0717E-02 -1.3546E-02
  1.1193E+03  3.0680E-02 -1.3542E-02
  1.1208E+03  3.0642E-02 -1.3538E-02
  1.1222E+03  3.0602E-02 -1.3535E-02
  1.1236E+03  3.0562E-02 -1.3531E-02
  1.1251E+03  3.0521E-02 -1.3527E-02
  1.1265E+03  3.0479E-02 -1.3524E-02
  1.1280E+03  3.0436E-02 -1.3520E-02
  1.1294E+03  3.0394E-02 -1.3517E-02
  1.1309E+03  3.0352E-02 -1.3513E-02
  1.1323E+03  3.0311E-02 -1.3510E-02
  1.1338E+03  3.0271E-02 -1.3507E-02
  1.1352E+03  3.0231E-02 -1.3503E-02
  1.1367E+03  3.0192E-02 -1.3500E-02
  1.1381E+03  3.0153E-02 -1.3497E-02
  1.1396E+03  3.0116E-02 -1.3494E-02
  1.1410E+03  3.0080E-02 -1.3491E-02
  1.1425E+03  3.0045E-02 -1.3488E-02
  1.1439E+03  3.0011E-02 -1.3485E-02
  1.1454E+03  2.9978E-02 -1.3483E-02
  1.1468E+03  2.9946E-02 -1.3480E-02
  1.1483E+03  2.9915E-02 -1.3477E-02
  1.1497E+03  2.9885E-02 -1.3474E-02
  1.1512E+03  2.9856E-02 -1.3472E-02
  1.1526E+03  2.9828E-02 -1.3469E-02
  1.1541E+03  2.9801E-02 -1.3466E-02
  1.1555E+03  2.9774E-02 -1.3463E-02
  1.1570E+03  2.9749E-02 -1.3461E-02
  1.1584E+03  2.9724E-02 -1.3458E-02
  1.1598E+03  2.9699E-02 -1.3455E-02
  1.1613E+03  2.9675E-02 -1.3453E-02
  1.1627E+03  2.9652E-02 -1.3450E-02
  1.1642E+03  2.9629E-02 -1.3447E-02
  1.1656E+03  2.9606E-02 -1.3445E-02
  1.1671E+03  2.9584E-02 -1.3442E-02
  1.1685E+03  2.9562E-02 -1.3439E-02
  1.1700E+03  2.9540E-02 -1.3436E-02
  1.1714E+03  2.9518E-02 -1.3434E-02
  1.1729E+03  2.9497E-02 -1.3431E-02
  1.1743E+03  2.9476E-02 -1.3428E-02
  1.1758E+03  2.9455E-02 -1.3426E-02
  1.1772E+03  2.9434E-02 -1.3423E-02
  1.1787E+03  2.9413E-02 -1.3420E-02
  1.1801E+03  2.9393E-02 -1.3418E-02
  1.1816E+03  2.9372E-02 -1.3415E-02
  1.1830E+03  2.9351E-02 -1.3412E-02
  1.1845E+03  2.9331E-02 -1.3410E-02
  1.1859E+03  2.9311E-02 -1.3407E-02
  1.1874E+03  2.9290E-02 -1.3405E-02
  1.1888E+03  2.9270E-02 -1.3403E-02
  1.1903E+03  2.9250E-02 -1.3400E-02
  1.1917E+03  2.9231E-02 -1.3398E-02
  1.1932E+03  2.9211E-02 -1.3396E-02
  1.1946E+03  2.9191E-02 -1.3394E-02
  1.1960E+03  2.9172E-02 -1.3391E-02
  1.1975E+03  2.9152E-02 -1.3389E-02
  1.1989E+03  2.9134E-02 -1.3387E-02
  1.2004E+03  2.9115E-02 -1.3385E-02
  1.2018E+03  2.9097E-02 -1.3383E-02
  1.2033E+03  2.9079E-02 -1.3381E-02
  1.2047E+03  2.9061E-02 -1.3379E-02
  1.2062E+03  2.9043E-02 -1.3377E-02
  1.2076E+03  2.9026E-02 -1.3376E-02
  1.2091E+03  2.9009E-02 -1.3374E-02
  1.2105E+03  2.8993E-02 -1.3372E-02
  1.2120E+03  2.8977E-02 -1.3370E-02
  1.2134E+03  2.8961E-02 -1.3369E-02
  1.2149E+03  2.8946E-02 -1.3367E-02
  1.2163E+03  2.8931E-02 -1.3365E-02
  1.2178E+03  2.8916E-02 -1.3364E-02
  1.2192E+03  2.8902E-02 -1.3362E-02
  1.2207E+03  2.8889E-02 -1.3361E-02
  1.2221E+03  2.8876E-02 -1.3360E-02
  1.2236E+03  2.8863E-02 -1.3358E-02
  1.2250E+03  2.8850E-02 -1.3357E-02
  1.2265E+03  2.8838E-02 -1.3356E-02
  1.2279E+03  2.8826E-02 -1.3354E-02
  1.2294E+03  2.8814E-02 -1.3353E-02
  1.2308E+03  2.8803E-02 -1.3352E-02
  1.2322E+03  2.8792E-02 -1.3351E-02
  1.2337E+03  2.8781E-02 -1.3350E-02
  1.2351E+03  2.8769E-02 -1.3349E-02
  1.2366E+03  2.8759E-02 -1.3347E-02
  1.2380E+03  2.8748E-02 -1.3346E-02
  1.2395E+03  2.8737E-02 -1.3345E-02
  1.2409E+03  2.8726E-02 -1.3345E-02
  1.2424E+03  2.8716E-02 -1.3344E-02
  1.2438E+03  2.8705E-02 -1.3343E-02
  1.2453E+03  2.8695E-02 -1.3342E-02
  1.2467E+03  2.8684E-02 -1.3341E-02
  1.2482E+03  2.8674E-02 -1.3340E-02
  1.2496E+03  2.8664E-02 -1.3339E-02
  1.2511E+03  2.8653E-02 -1.3339E-02
  1.2525E+03  2.8643E-02 -1.3338E-02
  1.2540E+03  2.8633E-02 -1.3337E-02
  1.2554E+03  2.8624E-02 -1.3336E-02
  1.2569E+03  2.8614E-02 -1.3336E-02
  1.2583E+03  2.8604E-02 -1.3335E-02
  1.2598E+03  2.8595E-02 -1.3335E-02
  1.2612E+03  2.8585E-02 -1.3334E-02
  1.2627E+03  2.8576E-02 -1.3334E-02
  1.2641E+03  2.8567E-02 -1.3333E-02
  1.2656E+03  2.8558E-02 -1.3333E-02
  1.2670E+03  2.8549E-02 -1.3332E-02
  1.2684E+03  2.8540E-02 -1.3332E-02
  1.2699E+03  2.8531E-02 -1.3332E-02
  1.2713E+03  2.8521E-02 -1.3331E-02
  1.2728E+03  2.8512E-02 -1.3331E-02
  1.2742E+03  2.8503E-02 -1.3331E-02
  1.2757E+03  2.8494E-02 -1.3331E-02
  1.2771E+03  2.8485E-02 -1.3331E-02
  1.2786E+03  2.8475E-02 -1.3331E-02
  1.2800E+03  2.8466E-02 -1.3331E-02
  1.2815E+03  2.8456E-02 -1.3331E-02
  1.2829E+03  2.8447E-02 -1.3331E-02
  1.2844E+03  2.8438E-02 -1.3331E-02
  1.2858E+03  2.8428E-02 -1.3331E-02
  1.2873E+03  2.8419E-02 -1.3331E-02
  1.2887E+03  2.8410E-02 -1.3332E-02
  1.2902E+03  2.8402E-02 -1.3332E-02
  1.2916E+03  2.8393E-02 -1.3332E-02
  1.2931E+03  2.8386E-02 -1.3333E-02
  1.2945E+03  2.8379E-02 -1.3333E-02
  1.2960E+03  2.8372E-02 -1.3334E-02
  1.2974E+03  2.8367E-02 -1.3334E-02
  1.2989E+03  2.8362E-02 -1.3335E-02
  1.3003E+03  2.8358E-02 -1.3335E-02
  1.3018E+03  2.8356E-02 -1.3336E-02
  1.3032E+03  2.8354E-02 -1.3337E-02
  1.3046E+03  2.8354E-02 -1.3338E-02
  1.3061E+03  2.8355E-02 -1.3339E-02
  1.3075E+03  2.8358E-02 -1.3340E-02
  1.3090E+03  2.8361E-02 -1.3341E-02
  1.3104E+03  2.8366E-02 -1.3342E-02
  1.3119E+03  2.8373E-02 -1.3343E-02
  1.3133E+03  2.8380E-02 -1.3344E-02
  1.3148E+03  2.8389E-02 -1.3345E-02
  1.3162E+03  2.8398E-02 -1.3346E-02
  1.3177E+03  2.8409E-02 -1.3348E-02
  1.3191E+03  2.8420E-02 -1.3349E-02
  1.3206E+03  2.8433E-02 -1.3351E-02
  1.3220E+03  2.8446E-02 -1.3352E-02
  1.3235E+03  2.8459E-02 -1.3354E-02
  1.3249E+03  2.8473E-02 -1.3355E-02
  1.3264E+03  2.8487E-02 -1.3357E-02
  1.3278E+03  2.8501E-02 -1.3358E-02
  1.3293E+03  2.8514E-02 -1.3360E-02
  1.3307E+03  2.8528E-02 -1.3362E-02
  1.3322E+03  2.8541E-02 -1.3363E-02
  1.3336E+03  2.8554E-02 -1.3365E-02
  1.3351E+03  2.8566E-02 -1.3367E-02
  1.3365E+03  2.8577E-02 -1.3368E-02
  1.3380E+03  2.8587E-02 -1.3370E-02
  1.3394E+03  2.8597E-02 -1.3372E-02
  1.3408E+03  2.8605E-02 -1.3373E-02
  1.3423E+03  2.8612E-02 -1.3375E-02
  1.3437E+03  2.8618E-02 -1.3377E-02
  1.3452E+03  2.8623E-02 -1.3379E-02
  1.3466E+03  2.8627E-02 -1.3380E-02
  1.3481E+03  2.8630E-02 -1.3382E-02
  1.3495E+03  2.8631E-02 -1.3384E-02
  1.3510E+03  2.8632E-02 -1.3386E-02
  1.3524E+03  2.8631E-02 -1.3387E-02
  1.3539E+03  2.8629E-02 -1.3389E-02
  1.3553E+03  2.8626E-02 -1.3391E-02
  1.3568E+03  2.8622E-02 -1.3393E-02
  1.3582E+03  2.8617E-02 -1.3395E-02
  1.3597E+03  2.8611E-02 -1.3396E-02
  1.3611E+03  2.8605E-02 -1.3398E-02
  1.3626E+03  2.8597E-02 -1.3400E-02
  1.3640E+03  2.8589E-02 -1.3402E-02
  1.3655E+03  2.8580E-02 -1.3404E-02
  1.3669E+03  2.8571E-02 -1.3407E-02
  1.3684E+03  2.8561E-02 -1.3409E-02
  1.3698E+03  2.8550E-02 -1.3411E-02
  1.3713E+03  2.8539E-02 -1.3413E-02
  1.3727E+03  2.8528E-02 -1.3415E-02
  1.3742E+03  2.8516E-02 -1.3418E-02
  1.3756E+03  2.8504E-02 -1.3420E-02
  1.3770E+03  2.8492E-02 -1.3422E-02
  1.3785E+03  2.8479E-02 -1.3425E-02
  1.3799E+03  2.8466E-02 -1.3427E-02
  1.3814E+03  2.8453E-02 -1.3430E-02
  1.3828E+03  2.8440E-02 -1.3433E-02
  1.3843E+03  2.8427E-02 -1.3435E-02
  1.3857E+03  2.8413E-02 -1.3438E-02
  1.3872E+03  2.8399E-02 -1.3441E-02
  1.3886E+03  2.8386E-02 -1.3443E-02
  1.3901E+03  2.8372E-02 -1.3446E-02
  1.3915E+03  2.8358E-02 -1.3449E-02
  1.3930E+03  2.8344E-02 -1.3452E-02
  1.3944E+03  2.8330E-02 -1.3455E-02
  1.3959E+03  2.8315E-02 -1.3457E-02
  1.3973E+03  2.8301E-02 -1.3460E-02
  1.3988E+03  2.8287E-02 -1.3463E-02
  1.4002E+03  2.8272E-02 -1.3466E-02
  1.4017E+03  2.8258E-02 -1.3469E-02
  1.4031E+03  2.8243E-02 -1.3472E-02
  1.4046E+03  2.8228E-02 -1.3475E-02
  1.4060E+03  2.8213E-02 -1.3478E-02
  1.4075E+03  2.8198E-02 -1.3481E-02
  1.4089E+03  2.8182E-02 -1.3484E-02
  1.4104E+03  2.8167E-02 -1.3487E-02
  1.4118E+03  2.8151E-02 -1.3490E-02
  1.4132E+03  2.8135E-02 -1.3494E-02
  1.4147E+03  2.8119E-02 -1.3497E-02
  1.4161E+03  2.8102E-02 -1.3500E-02
  1.4176E+03  2.8086E-02 -1.3503E-02
  1.4190E+03  2.8069E-02 -1.3506E-02
  1.4205E+03  2.8052E-02 -1.3509E-02
  1.4219E+03  2.8035E-02 -1.3513E-02
  1.4234E+03  2.8018E-02 -1.3516E-02
  1.4248E+03  2.8001E-02 -1.3519E-02
  1.4263E+03  2.7985E-02 -1.3523E-02
  1.4277E+03  2.7968E-02 -1.3526E-02
  1.4292E+03  2.7951E-02 -1.3529E-02
  1.4306E+03  2.7934E-02 -1.3533E-02
  1.4321E+03  2.7918E-02 -1.3536E-02
  1.4335E+03  2.7902E-02 -1.3539E-02
  1.4350E+03  2.7887E-02 -1.3543E-02
  1.4364E+03  2.7872E-02 -1.3546E-02
  1.4379E+03  2.7857E-02 -1.3550E-02
  1.4393E+03  2.7843E-02 -1.3554E-02
  1.4408E+03  2.7830E-02 -1.3557E-02
  1.4422E+03  2.7817E-02 -1.3561E-02
  1.4437E+03  2.7805E-02 -1.3565E-02
  1.4451E+03  2.7793E-02 -1.3568E-02
  1.4466E+03  2.7783E-02 -1.3572E-02
  1.4480E+03  2.7773E-02 -1.3576E-02
  1.4494E+03  2.7764E-02 -1.3580E-02
  1.4509E+03  2.7755E-02 -1.3584E-02
  1.4523E+03  2.7748E-02 -1.3587E-02
  1.4538E+03  2.7741E-02 -1.3591E-02
  1.4552E+03  2.7734E-02 -1.3595E-02
  1.4567E+03  2.7729E-02 -1.3600E-02
  1.4581E+03  2.7724E-02 -1.3604E-02
  1.4596E+03  2.7720E-02 -1.3608E-02
  1.4610E+03  2.7716E-02 -1.3612E-02
  1.4625E+03  2.7713E-02 -1.3616E-02
  1.4639E+03  2.7710E-02 -1.3620E-02
  1.4654E+03  2.7708E-02 -1.3625E-02
  1.4668E+03  2.7706E-02 -1.3629E-02
  1.4683E+03  2.7705E-02 -1.3633E-02
  1.4697E+03  2.7704E-02 -1.3638E-02
  1.4712E+03  2.7703E-02 -1.3642E-02
  1.4726E+03  2.7703E-02 -1.3646E-02
  1.4741E+03  2.7703E-02 -1.3651E-02
  1.4755E+03  2.7704E-02 -1.3655E-02
  1.4770E+03  2.7704E-02 -1.3660E-02
  1.4784E+03  2.7705E-02 -1.3664E-02
  1.4799E+03  2.7707E-02 -1.3669E-02
  1.4813E+03  2.7708E-02 -1.3673E-02
  1.4828E+03  2.7710E-02 -1.3678E-02
  1.4842E+03  2.7712E-02 -1.3683E-02
  1.4856E+03  2.7714E-02 -1.3687E-02
  1.4871E+03  2.7716E-02 -1.3692E-02
  1.4885E+03  2.7719E-02 -1.3697E-02
  1.4900E+03  2.7721E-02 -1.3701E-02
  1.4914E+03  2.7724E-02 -1.3706E-02
  1.4929E+03  2.7727E-02 -1.3711E-02
  1.4943E+03  2.7730E-02 -1.3716E-02
  1.4958E+03  2.7733E-02 -1.3721E-02
  1.4972E+03  2.7736E-02 -1.3725E-02
  1.4987E+03  2.7739E-02 -1.3730E-02
  1.5001E+03  2.7742E-02 -1.3735E-02
  1.5016E+03  2.7745E-02 -1.3740E-02
  1.5030E+03  2.7747E-02 -1.3745E-02
  1.5045E+03  2.7750E-02 -1.3750E-02
  1.5059E+03  2.7752E-02 -1.3755E-02
  1.5074E+03  2.7753E-02 -1.3760E-02
  1.5088E+03  2.7754E-02 -1.3765E-02
  1.5103E+03  2.7755E-02 -1.3770E-02
  1.5117E+03  2.7755E-02 -1.3775E-02
  1.5132E+03  2.7754E-02 -1.3780E-02
  1.5146E+03  2.7753E-02 -1.3785E-02
  1.5161E+03  2.7751E-02 -1.3790E-02
  1.5175E+03  2.7748E-02 -1.3795E-02
  1.5190E+03  2.7744E-02 -1.3800E-02
  1.5204E+03  2.7740E-02 -1.3806E-02
  1.5218E+03  2.7735E-02 -1.3811E-02
  1.5233E+03  2.7729E-02 -1.3816E-02
  1.5247E+03  2.7722E-02 -1.3821E-02
  1.5262E+03  2.7714E-02 -1.3826E-02
  1.5276E+03  2.7705E-02 -1.3831E-02
  1.5291E+03  2.7696E-02 -1.3836E-02
  1.5305E+03  2.7685E-02 -1.3842E-02
  1.5320E+03  2.7674E-02 -1.3847E-02
  1.5334E+03  2.7663E-02 -1.3852E-02
  1.5349E+03  2.7650E-02 -1.3857E-02
  1.5363E+03  2.7637E-02 -1.3862E-02
  1.5378E+03  2.7623E-02 -1.3868E-02
  1.5392E+03  2.7609E-02 -1.3873E-02
  1.5407E+03  2.7594E-02 -1.3878E-02
  1.5421E+03  2.7579E-02 -1.3884E-02
  1.5436E+03  2.7564E-02 -1.3889E-02
  1.5450E+03  2.7548E-02 -1.3894E-02
  1.5465E+03  2.7532E-02 -1.3900E-02
  1.5479E+03  2.7516E-02 -1.3905E-02
  1.5494E+03  2.7500E-02 -1.3911E-02
  1.5508E+03  2.7483E-02 -1.3916E-02
  1.5523E+03  2.7467E-02 -1.3922E-02
  1.5537E+03  2.7451E-02 -1.3928E-02
  1.5552E+03  2.7434E-02 -1.3933E-02
  1.5566E+03  2.7418E-02 -1.3939E-02
  1.5580E+03  2.7402E-02 -1.3945E-02
  1.5595E+03  2.7386E-02 -1.3950E-02
  1.5609E+03  2.7371E-02 -1.3956E-02
  1.5624E+03  2.7355E-02 -1.3962E-02
  1.5638E+03  2.7340E-02 -1.3968E-02
  1.5653E+03  2.7325E-02 -1.3974E-02
  1.5667E+03  2.7311E-02 -1.3979E-02
  1.5682E+03  2.7296E-02 -1.3985E-02
  1.5696E+03  2.7282E-02 -1.3991E-02
  1.5711E+03  2.7268E-02 -1.3997E-02
  1.5725E+03  2.7254E-02 -1.4003E-02
  1.5740E+03  2.7241E-02 -1.4009E-02
  1.5754E+03  2.7228E-02 -1.4015E-02
  1.5769E+03  2.7215E-02 -1.4022E-02
  1.5783E+03  2.7203E-02 -1.4028E-02
  1.5798E+03  2.7191E-02 -1.4034E-02
  1.5812E+03  2.7179E-02 -1.4040E-02
  1.5827E+03  2.7167E-02 -1.4046E-02
  1.5841E+03  2.7155E-02 -1.4052E-02
  1.5856E+03  2.7144E-02 -1.4058E-02
  1.5870E+03  2.7133E-02 -1.4065E-02
  1.5885E+03  2.7122E-02 -1.4071E-02
  1.5899E+03  2.7112E-02 -1.4077E-02
  1.5914E+03  2.7101E-02 -1.4083E-02
  1.5928E+03  2.7091E-02 -1.4090E-02
  1.5942E+03  2.7081E-02 -1.4096E-02
  1.5957E+03  2.7072E-02 -1.4102E-02
  1.5971E+03  2.7062E-02 -1.4109E-02
  1.5986E+03  2.7053E-02 -1.4115E-02
  1.6000E+03  2.7044E-02 -1.4122E-02
  1.6015E+03  2.7035E-02 -1.4128E-02
  1.6029E+03  2.7026E-02 -1.4135E-02
  1.6044E+03  2.7018E-02 -1.4141E-02
  1.6058E+03  2.7010E-02 -1.4148E-02
  1.6073E+03  2.7002E-02 -1.4154E-02
  1.6087E+03  2.6994E-02 -1.4161E-02
  1.6102E+03  2.6987E-02 -1.4167E-02
  1.6116E+03  2.6979E-02 -1.4174E-02
  1.6131E+03  2.6972E-02 -1.4180E-02
  1.6145E+03  2.6965E-02 -1.4187E-02
  1.6160E+03  2.6959E-02 -1.4194E-02
  1.6174E+03  2.6952E-02 -1.4200E-02
  1.6189E+03  2.6946E-02 -1.4207E-02
  1.6203E+03  2.6940E-02 -1.4214E-02
  1.6218E+03  2.6934E-02 -1.4221E-02
  1.6232E+03  2.6929E-02 -1.4227E-02
  1.6247E+03  2.6923E-02 -1.4234E-02
  1.6261E+03  2.6918E-02 -1.4241E-02
  1.6276E+03  2.6913E-02 -1.4248E-02
  1.6290E+03  2.6907E-02 -1.4255E-02
  1.6304E+03  2.6902E-02 -1.4261E-02
  1.6319E+03  2.6897E-02 -1.4268E-02
  1.6333E+03  2.6892E-02 -1.4275E-02
  1.6348E+03  2.6887E-02 -1.4282E-02
  1.6362E+03  2.6882E-02 -1.4289E-02
  1.6377E+03  2.6877E-02 -1.4296E-02
  1.6391E+03  2.6871E-02 -1.4303E-02
  1.6406E+03  2.6866E-02 -1.4310E-02
  1.6420E+03  2.6860E-02 -1.4317E-02
  1.6435E+03  2.6854E-02 -1.4324E-02
  1.6449E+03  2.6848E-02 -1.4331E-02
  1.6464E+03  2.6841E-02 -1.4337E-02
  1.6478E+03  2.6834E-02 -1.4344E-02
  1.6493E+03  2.6827E-02 -1.4351E-02
  1.6507E+03  2.6820E-02 -1.4358E-02
  1.6522E+03  2.6812E-02 -1.4365E-02
  1.6536E+03  2.6804E-02 -1.4372E-02
  1.6551E+03  2.6796E-02 -1.4379E-02
  1.6565E+03  2.6787E-02 -1.4386E-02
  1.6580E+03  2.6778E-02 -1.4393E-02
  1.6594E+03  2.6769E-02 -1.4400E-02
  1.6609E+03  2.6760E-02 -1.4407E-02
  1.6623E+03  2.6751E-02 -1.4414E-02
  1.6638E+03  2.6741E-02 -1.4422E-02
  1.6652E+03  2.6732E-02 -1.4429E-02
  1.6666E+03  2.6722E-02 -1.4436E-02
  1.6681E+03  2.6713E-02 -1.4443E-02
  1.6695E+03  2.6703E-02 -1.4450E-02
  1.6710E+03  2.6694E-02 -1.4457E-02
  1.6724E+03  2.6684E-02 -1.4464E-02
  1.6739E+03  2.6675E-02 -1.4471E-02
  1.6753E+03  2.6666E-02 -1.4478E-02
  1.6768E+03  2.6657E-02 -1.4486E-02
  1.6782E+03  2.6648E-02 -1.4493E-02
  1.6797E+03  2.6640E-02 -1.4500E-02
  1.6811E+03  2.6632E-02 -1.4508E-02
  1.6826E+03  2.6624E-02 -1.4515E-02
  1.6840E+03  2.6617E-02 -1.4522E-02
  1.6855E+03  2.6610E-02 -1.4530E-02
  1.6869E+03  2.6603E-02 -1.4537E-02
  1.6884E+03  2.6596E-02 -1.4544E-02
  1.6898E+03  2.6590E-02 -1.4552E-02
  1.6913E+03  2.6585E-02 -1.4559E-02
  1.6927E+03  2.6579E-02 -1.4567E-02
  1.6942E+03  2.6574E-02 -1.4574E-02
  1.6956E+03  2.6569E-02 -1.4582E-02
  1.6971E+03  2.6564E-02 -1.4589E-02
  1.6985E+03  2.6560E-02 -1.4597E-02
  1.7000E+03  2.6556E-02 -1.4605E-02
  1.7014E+03  2.6552E-02 -1.4612E-02
  1.7028E+03  2.6548E-02 -1.4620E-02
  1.7043E+03  2.6544E-02 -1.4627E-02
  1.7057E+03  2.6541E-02 -1.4635E-02
  1.7072E+03  2.6538E-02 -1.4643E-02
  1.7086E+03  2.6535E-02 -1.4651E-02
  1.7101E+03  2.6532E-02 -1.4658E-02
  1.7115E+03  2.6529E-02 -1.4666E-02
  1.7130E+03  2.6526E-02 -1.4674E-02
  1.7144E+03  2.6523E-02 -1.4681E-02
  1.7159E+03  2.6521E-02 -1.4689E-02
  1.7173E+03  2.6518E-02 -1.4697E-02
  1.7188E+03  2.6516E-02 -1.4705E-02
  1.7202E+03  2.6514E-02 -1.4713E-02
  1.7217E+03  2.6512E-02 -1.4720E-02
  1.7231E+03  2.6510E-02 -1.4728E-02
  1.7246E+03  2.6508E-02 -1.4736E-02
  1.7260E+03  2.6506E-02 -1.4744E-02
  1.7275E+03  2.6504E-02 -1.4752E-02
  1.7289E+03  2.6502E-02 -1.4760E-02
  1.7304E+03  2.6500E-02 -1.4768E-02
  1.7318E+03  2.6498E-02 -1.4775E-02
  1.7333E+03  2.6497E-02 -1.4783E-02
  1.7347E+03  2.6495E-02 -1.4791E-02
  1.7362E+03  2.6493E-02 -1.4799E-02
  1.7376E+03  2.6491E-02 -1.4807E-02
  1.7390E+03  2.6489E-02 -1.4815E-02
  1.7405E+03  2.6487E-02 -1.4823E-02
  1.7419E+03  2.6485E-02 -1.4831E-02
  1.7434E+03  2.6483E-02 -1.4839E-02
  1.7448E+03  2.6481E-02 -1.4847E-02
  1.7463E+03  2.6478E-02 -1.4855E-02
  1.7477E+03  2.6475E-02 -1.4863E-02
  1.7492E+03  2.6472E-02 -1.4871E-02
  1.7506E+03  2.6469E-02 -1.4878E-02
  1.7521E+03  2.6465E-02 -1.4886E-02
  1.7535E+03  2.6461E-02 -1.4894E-02
  1.7550E+03  2.6456E-02 -1.4902E-02
  1.7564E+03  2.6452E-02 -1.4910E-02
  1.7579E+03  2.6446E-02 -1.4918E-02
  1.7593E+03  2.6441E-02 -1.4926E-02
  1.7608E+03  2.6435E-02 -1.4934E-02
  1.7622E+03  2.6428E-02 -1.4942E-02
  1.7637E+03  2.6421E-02 -1.4950E-02
  1.7651E+03  2.6414E-02 -1.4958E-02
  1.7666E+03  2.6406E-02 -1.4966E-02
  1.7680E+03  2.6397E-02 -1.4974E-02
  1.7695E+03  2.6389E-02 -1.4982E-02
  1.7709E+03  2.6380E-02 -1.4989E-02
  1.7724E+03  2.6370E-02 -1.4997E-02
  1.7738E+03  2.6360E-02 -1.5005E-02
  1.7752E+03  2.6349E-02 -1.5013E-02
  1.7767E+03  2.6339E-02 -1.5021E-02
  1.7781E+03  2.6327E-02 -1.5029E-02
  1.7796E+03  2.6316E-02 -1.5037E-02
  1.7810E+03  2.6304E-02 -1.5045E-02
  1.7825E+03  2.6292E-02 -1.5053E-02
  1.7839E+03  2.6279E-02 -1.5061E-02
  1.7854E+03  2.6267E-02 -1.5069E-02
  1.7868E+03  2.6254E-02 -1.5077E-02
  1.7883E+03  2.6241E-02 -1.5085E-02
  1.7897E+03  2.6228E-02 -1.5093E-02
  1.7912E+03  2.6214E-02 -1.5101E-02
  1.7926E+03  2.6201E-02 -1.5109E-02
  1.7941E+03  2.6187E-02 -1.5117E-02
  1.7955E+03  2.6174E-02 -1.5125E-02
  1.7970E+03  2.6160E-02 -1.5134E-02
  1.7984E+03  2.6147E-02 -1.5142E-02
  1.7999E+03  2.6133E-02 -1.5150E-02
  1.8013E+03  2.6120E-02 -1.5158E-02
  1.8028E+03  2.6106E-02 -1.5166E-02
  1.8042E+03  2.6093E-02 -1.5174E-02
  1.8057E+03  2.6080E-02 -1.5183E-02
  1.8071E+03  2.6066E-02 -1.5191E-02
  1.8086E+03  2.6053E-02 -1.5199E-02
  1.8100E+03  2.6040E-02 -1.5207E-02
  1.8114E+03  2.6027E-02 -1.5215E-02
  1.8129E+03  2.6014E-02 -1.5224E-02
  1.8143E+03  2.6002E-02 -1.5232E-02
  1.8158E+03  2.5989E-02 -1.5240E-02
  1.8172E+03  2.5976E-02 -1.5248E-02
  1.8187E+03  2.5964E-02 -1.5257E-02
  1.8201E+03  2.5951E-02 -1.5265E-02
  1.8216E+03  2.5939E-02 -1.5273E-02
  1.8230E+03  2.5926E-02 -1.5281E-02
  1.8245E+03  2.5914E-02 -1.5290E-02
  1.8259E+03  2.5901E-02 -1.5298E-02
  1.8274E+03  2.5889E-02 -1.5306E-02
  1.8288E+03  2.5876E-02 -1.5315E-02
  1.8303E+03  2.5864E-02 -1.5323E-02
  1.8317E+03  2.5851E-02 -1.5331E-02
  1.8332E+03  2.5838E-02 -1.5340E-02
  1.8346E+03  2.5826E-02 -1.5348E-02
  1.8361E+03  2.5813E-02 -1.5356E-02
  1.8375E+03  2.5800E-02 -1.5364E-02
  1.8390E+03  2.5787E-02 -1.5373E-02
  1.8404E+03  2.5774E-02 -1.5381E-02
  1.8419E+03  2.5760E-02 -1.5389E-02
  1.8433E+03  2.5747E-02 -1.5398E-02
  1.8448E+03  2.5734E-02 -1.5406E-02
  1.8462E+03  2.5720E-02 -1.5414E-02
  1.8476E+03  2.5707E-02 -1.5423E-02
  1.8491E+03  2.5694E-02 -1.5431E-02
  1.8505E+03  2.5680E-02 -1.5439E-02
  1.8520E+03  2.5667E-02 -1.5448E-02
  1.8534E+03  2.5653E-02 -1.5456E-02
  1.8549E+03  2.5640E-02 -1.5464E-02
  1.8563E+03  2.5626E-02 -1.5473E-02
  1.8578E+03  2.5613E-02 -1.5481E-02
  1.8592E+03  2.5599E-02 -1.5489E-02
  1.8607E+03  2.5586E-02 -1.5498E-02
  1.8621E+03  2.5573E-02 -1.5506E-02
  1.8636E+03  2.5560E-02 -1.5514E-02
  1.8650E+03  2.5547E-02 -1.5523E-02
  1.8665E+03  2.5534E-02 -1.5531E-02
  1.8679E+03  2.5522E-02 -1.5540E-02
  1.8694E+03  2.5509E-02 -1.5548E-02
  1.8708E+03  2.5497E-02 -1.5556E-02
  1.8723E+03  2.5484E-02 -1.5565E-02
  1.8737E+03  2.5472E-02 -1.5573E-02
  1.8752E+03  2.5460E-02 -1.5582E-02
  1.8766E+03  2.5448E-02 -1.5590E-02
  1.8781E+03  2.5437E-02 -1.5598E-02
  1.8795E+03  2.5425E-02 -1.5607E-02
  1.8810E+03  2.5414E-02 -1.5615E-02
  1.8824E+03  2.5402E-02 -1.5624E-02
  1.8838E+03  2.5391E-02 -1.5632E-02
  1.8853E+03  2.5380E-02 -1.5641E-02
  1.8867E+03  2.5369E-02 -1.5649E-02
  1.8882E+03  2.5358E-02 -1.5657E-02
  1.8896E+03  2.5347E-02 -1.5666E-02
  1.8911E+03  2.5336E-02 -1.5674E-02
  1.8925E+03  2.5325E-02 -1.5683E-02
  1.8940E+03  2.5314E-02 -1.5691E-02
  1.8954E+03  2.5304E-02 -1.5699E-02
  1.8969E+03  2.5293E-02 -1.5708E-02
  1.8983E+03  2.5282E-02 -1.5716E-02
  1.8998E+03  2.5272E-02 -1.5725E-02
  1.9012E+03  2.5262E-02 -1.5733E-02
  1.9027E+03  2.5251E-02 -1.5741E-02
  1.9041E+03  2.5241E-02 -1.5750E-02
  1.9056E+03  2.5231E-02 -1.5758E-02
  1.9070E+03  2.5221E-02 -1.5767E-02
  1.9085E+03  2.5211E-02 -1.5775E-02
  1.9099E+03  2.5201E-02 -1.5783E-02
  1.9114E+03  2.5191E-02 -1.5792E-02
  1.9128E+03  2.5182E-02 -1.5800E-02
  1.9143E+03  2.5172E-02 -1.5808E-02
  1.9157E+03  2.5163E-02 -1.5817E-02
  1.9172E+03  2.5154E-02 -1.5825E-02
  1.9186E+03  2.5144E-02 -1.5833E-02
  1.9200E+03  2.5135E-02 -1.5842E-02
  1.9215E+03  2.5126E-02 -1.5850E-02
  1.9229E+03  2.5118E-02 -1.5858E-02
  1.9244E+03  2.5109E-02 -1.5867E-02
  1.9258E+03  2.5100E-02 -1.5875E-02
  1.9273E+03  2.5091E-02 -1.5884E-02
  1.9287E+03  2.5083E-02 -1.5892E-02
  1.9302E+03  2.5074E-02 -1.5900E-02
  1.9316E+03  2.5066E-02 -1.5909E-02
  1.9331E+03  2.5057E-02 -1.5917E-02
  1.9345E+03  2.5049E-02 -1.5925E-02
  1.9360E+03  2.5040E-02 -1.5934E-02
  1.9374E+03  2.5031E-02 -1.5942E-02
  1.9389E+03  2.5023E-02 -1.5950E-02
  1.9403E+03  2.5014E-02 -1.5959E-02
  1.9418E+03  2.5005E-02 -1.5967E-02
  1.9432E+03  2.4996E-02 -1.5976E-02
  1.9447E+03  2.4986E-02 -1.5984E-02
  1.9461E+03  2.4977E-02 -1.5992E-02
  1.9476E+03  2.4968E-02 -1.6001E-02
  1.9490E+03  2.4958E-02 -1.6009E-02
  1.9505E+03  2.4948E-02 -1.6017E-02
  1.9519E+03  2.4938E-02 -1.6026E-02
  1.9534E+03  2.4928E-02 -1.6034E-02
  1.9548E+03  2.4917E-02 -1.6042E-02
  1.9562E+03  2.4907E-02 -1.6050E-02
  1.9577E+03  2.4896E-02 -1.6059E-02
  1.9591E+03  2.4885E-02 -1.6067E-02
  1.9606E+03  2.4874E-02 -1.6075E-02
  1.9620E+03  2.4863E-02 -1.6084E-02
  1.9635E+03  2.4851E-02 -1.6092E-02
  1.9649E+03  2.4840E-02 -1.6100E-02
  1.9664E+03  2.4828E-02 -1.6109E-02
  1.9678E+03  2.4816E-02 -1.6117E-02
  1.9693E+03  2.4804E-02 -1.6125E-02
  1.9707E+03  2.4792E-02 -1.6134E-02
  1.9722E+03  2.4780E-02 -1.6142E-02
  1.9736E+03  2.4768E-02 -1.6150E-02
  1.9751E+03  2.4756E-02 -1.6159E-02
  1.9765E+03  2.4743E-02 -1.6167E-02
  1.9780E+03  2.4731E-02 -1.6175E-02
  1.9794E+03  2.4719E-02 -1.6183E-02
  1.9809E+03  2.4706E-02 -1.6192E-02
  1.9823E+03  2.4694E-02 -1.6200E-02
  1.9838E+03  2.4682E-02 -1.6208E-02
  1.9852E+03  2.4669E-02 -1.6217E-02
  1.9867E+03  2.4657E-02 -1.6225E-02
  1.9881E+03  2.4645E-02 -1.6233E-02
  1.9896E+03  2.4632E-02 -1.6242E-02
  1.9910E+03  2.4620E-02 -1.6250E-02
  1.9924E+03  2.4608E-02 -1.6258E-02
  1.9939E+03  2.4595E-02 -1.6267E-02
  1.9953E+03  2.4583E-02 -1.6275E-02
  1.9968E+03  2.4571E-02 -1.6283E-02
  1.9982E+03  2.4559E-02 -1.6292E-02
  1.9997E+03  2.4546E-02 -1.6300E-02
