# CREATED BY GENE DIAGNOSTICS TOOL on Wed Mar 10 10:02:30 2021
# diag: timetrace, run(s): 0044, time window: 0-2000(1382 steps), species: ions
# original data path: /marconi_scratch/userexternal/cmoreno0/GAMZF_convergence/lhd_surface/scanfiles0000/
# normalization: L_ref=1.65m
#
#  t          Re[phi]     Im[phi]   
  0.0000E+00  9.9997E-01  0.0000E+00
  1.4480E+00  8.4276E-01 -3.0240E-03
  2.8960E+00  6.4348E-01 -5.4872E-03
  4.3440E+00  4.3459E-01 -6.8348E-03
  5.7920E+00  2.7768E-01 -6.8328E-03
  7.2400E+00  1.7809E-01 -5.7879E-03
  8.6880E+00  1.2169E-01 -4.3046E-03
  1.0136E+01  9.1629E-02 -2.8962E-03
  1.1584E+01  7.5727E-02 -1.8254E-03
  1.3032E+01  6.6907E-02 -1.1254E-03
  1.4480E+01  6.1652E-02 -6.8421E-04
  1.5928E+01  5.8793E-02 -4.5753E-04
  1.7376E+01  5.8327E-02 -6.1843E-04
  1.8824E+01  5.9663E-02 -1.2774E-03
  2.0272E+01  6.0949E-02 -2.2821E-03
  2.1720E+01  5.9359E-02 -3.1795E-03
  2.3168E+01  5.2781E-02 -3.4990E-03
  2.4616E+01  4.0782E-02 -3.0194E-03
  2.6064E+01  2.4789E-02 -1.8218E-03
  2.7512E+01  7.4725E-03 -2.2852E-04
  2.8960E+01 -8.2224E-03  1.3651E-03
  3.0408E+01 -2.0153E-02  2.6287E-03
  3.1856E+01 -2.7294E-02  3.3720E-03
  3.3304E+01 -2.9426E-02  3.5565E-03
  3.4752E+01 -2.6921E-02  3.2645E-03
  3.6200E+01 -2.1123E-02  2.6279E-03
  3.7648E+01 -1.3844E-02  1.7835E-03
  3.9096E+01 -5.9681E-03  8.6866E-04
  4.0544E+01  2.6403E-03 -5.0062E-05
  4.1992E+01  1.1646E-02 -9.0303E-04
  4.3440E+01  1.9785E-02 -1.6605E-03
  4.4888E+01  2.6134E-02 -2.3182E-03
  4.6336E+01  3.0991E-02 -2.8715E-03
  4.7784E+01  3.5602E-02 -3.3389E-03
  4.9232E+01  4.0886E-02 -3.7418E-03
  5.0680E+01  4.6743E-02 -4.1014E-03
  5.2128E+01  5.2167E-02 -4.4345E-03
  5.3576E+01  5.5945E-02 -4.7431E-03
  5.5024E+01  5.7671E-02 -5.0104E-03
  5.6472E+01  5.8088E-02 -5.2190E-03
  5.7920E+01  5.8542E-02 -5.3558E-03
  5.9368E+01  5.9964E-02 -5.4017E-03
  6.0816E+01  6.2371E-02 -5.3763E-03
  6.2264E+01  6.4758E-02 -5.2734E-03
  6.3712E+01  6.5808E-02 -5.1016E-03
  6.5160E+01  6.4837E-02 -4.8727E-03
  6.6608E+01  6.2308E-02 -4.5965E-03
  6.8056E+01  5.9067E-02 -4.2932E-03
  6.9504E+01  5.5944E-02 -3.9910E-03
  7.0952E+01  5.3625E-02 -3.7082E-03
  7.2400E+01  5.2458E-02 -3.4654E-03
  7.3848E+01  5.1928E-02 -3.2661E-03
  7.5296E+01  5.1147E-02 -3.1100E-03
  7.6744E+01  4.9845E-02 -2.9960E-03
  7.8192E+01  4.8475E-02 -2.9255E-03
  7.9640E+01  4.7274E-02 -2.8899E-03
  8.1088E+01  4.6033E-02 -2.9026E-03
  8.2536E+01  4.4780E-02 -2.9460E-03
  8.3984E+01  4.4236E-02 -3.0094E-03
  8.5432E+01  4.4921E-02 -3.0991E-03
  8.6880E+01  4.6256E-02 -3.2008E-03
  8.8328E+01  4.7185E-02 -3.3199E-03
  8.9776E+01  4.7310E-02 -3.4514E-03
  9.1224E+01  4.7239E-02 -3.5944E-03
  9.2672E+01  4.7638E-02 -3.7475E-03
  9.4120E+01  4.8409E-02 -3.9094E-03
  9.5568E+01  4.8872E-02 -4.0749E-03
  9.7016E+01  4.8649E-02 -4.2408E-03
  9.8464E+01  4.8112E-02 -4.4016E-03
  9.9912E+01  4.7990E-02 -4.5473E-03
  1.0136E+02  4.8632E-02 -4.6851E-03
  1.0281E+02  4.9753E-02 -4.8093E-03
  1.0426E+02  5.0787E-02 -4.9189E-03
  1.0570E+02  5.1315E-02 -5.0201E-03
  1.0715E+02  5.1262E-02 -5.1079E-03
  1.0860E+02  5.0879E-02 -5.1819E-03
  1.1005E+02  5.0585E-02 -5.2426E-03
  1.1150E+02  5.0729E-02 -5.2902E-03
  1.1294E+02  5.1405E-02 -5.3272E-03
  1.1439E+02  5.2430E-02 -5.3558E-03
  1.1584E+02  5.3438E-02 -5.3763E-03
  1.1729E+02  5.4044E-02 -5.3916E-03
  1.1874E+02  5.4055E-02 -5.4041E-03
  1.2018E+02  5.3598E-02 -5.4124E-03
  1.2163E+02  5.3084E-02 -5.4237E-03
  1.2308E+02  5.2965E-02 -5.4361E-03
  1.2453E+02  5.3493E-02 -5.4487E-03
  1.2598E+02  5.4605E-02 -5.4672E-03
  1.2742E+02  5.5920E-02 -5.4912E-03
  1.2887E+02  5.6889E-02 -5.5214E-03
  1.3032E+02  5.7146E-02 -5.5571E-03
  1.3177E+02  5.6733E-02 -5.5952E-03
  1.3322E+02  5.5945E-02 -5.6334E-03
  1.3466E+02  5.5093E-02 -5.6707E-03
  1.3611E+02  5.4402E-02 -5.7067E-03
  1.3756E+02  5.3955E-02 -5.7442E-03
  1.3901E+02  5.3659E-02 -5.7859E-03
  1.4046E+02  5.3417E-02 -5.8317E-03
  1.4190E+02  5.3263E-02 -5.8852E-03
  1.4335E+02  5.3212E-02 -5.9449E-03
  1.4480E+02  5.3094E-02 -6.0076E-03
  1.4625E+02  5.2730E-02 -6.0739E-03
  1.4770E+02  5.2223E-02 -6.1410E-03
  1.4914E+02  5.1835E-02 -6.2068E-03
  1.5059E+02  5.1621E-02 -6.2701E-03
  1.5204E+02  5.1422E-02 -6.3286E-03
  1.5349E+02  5.1143E-02 -6.3805E-03
  1.5494E+02  5.0774E-02 -6.4260E-03
  1.5638E+02  5.0263E-02 -6.4663E-03
  1.5783E+02  4.9682E-02 -6.5051E-03
  1.5928E+02  4.9409E-02 -6.5463E-03
  1.6073E+02  4.9794E-02 -6.5919E-03
  1.6218E+02  5.0689E-02 -6.6455E-03
  1.6362E+02  5.1523E-02 -6.7053E-03
  1.6507E+02  5.1828E-02 -6.7662E-03
  1.6652E+02  5.1661E-02 -6.8261E-03
  1.6797E+02  5.1467E-02 -6.8832E-03
  1.6942E+02  5.1565E-02 -6.9385E-03
  1.7086E+02  5.1869E-02 -6.9945E-03
  1.7231E+02  5.2118E-02 -7.0516E-03
  1.7376E+02  5.2232E-02 -7.1086E-03
  1.7521E+02  5.2286E-02 -7.1636E-03
  1.7666E+02  5.2286E-02 -7.2156E-03
  1.7810E+02  5.2182E-02 -7.2648E-03
  1.7955E+02  5.2117E-02 -7.3127E-03
  1.8100E+02  5.2389E-02 -7.3607E-03
  1.8245E+02  5.3091E-02 -7.4108E-03
  1.8390E+02  5.3919E-02 -7.4623E-03
  1.8534E+02  5.4434E-02 -7.5113E-03
  1.8679E+02  5.4397E-02 -7.5549E-03
  1.8824E+02  5.3904E-02 -7.5905E-03
  1.8969E+02  5.3325E-02 -7.6183E-03
  1.9114E+02  5.3024E-02 -7.6409E-03
  1.9258E+02  5.3044E-02 -7.6620E-03
  1.9403E+02  5.3122E-02 -7.6836E-03
  1.9548E+02  5.3045E-02 -7.7064E-03
  1.9693E+02  5.2864E-02 -7.7300E-03
  1.9838E+02  5.2782E-02 -7.7549E-03
  1.9982E+02  5.2915E-02 -7.7829E-03
  2.0127E+02  5.3162E-02 -7.8156E-03
  2.0272E+02  5.3287E-02 -7.8534E-03
  2.0417E+02  5.3174E-02 -7.8946E-03
  2.0562E+02  5.3001E-02 -7.9359E-03
  2.0706E+02  5.3075E-02 -7.9764E-03
  2.0851E+02  5.3514E-02 -8.0169E-03
  2.0996E+02  5.4153E-02 -8.0599E-03
  2.1141E+02  5.4758E-02 -8.1072E-03
  2.1286E+02  5.5209E-02 -8.1595E-03
  2.1430E+02  5.5481E-02 -8.2157E-03
  2.1575E+02  5.5624E-02 -8.2742E-03
  2.1720E+02  5.5756E-02 -8.3336E-03
  2.1865E+02  5.5929E-02 -8.3934E-03
  2.2010E+02  5.6039E-02 -8.4534E-03
  2.2154E+02  5.6011E-02 -8.5127E-03
  2.2299E+02  5.5948E-02 -8.5704E-03
  2.2444E+02  5.5983E-02 -8.6259E-03
  2.2589E+02  5.6106E-02 -8.6790E-03
  2.2734E+02  5.6245E-02 -8.7301E-03
  2.2878E+02  5.6396E-02 -8.7797E-03
  2.3023E+02  5.6551E-02 -8.8281E-03
  2.3168E+02  5.6589E-02 -8.8748E-03
  2.3313E+02  5.6381E-02 -8.9186E-03
  2.3458E+02  5.5985E-02 -8.9580E-03
  2.3602E+02  5.5642E-02 -8.9924E-03
  2.3747E+02  5.5523E-02 -9.0227E-03
  2.3892E+02  5.5548E-02 -9.0504E-03
  2.4037E+02  5.5499E-02 -9.0765E-03
  2.4182E+02  5.5249E-02 -9.1013E-03
  2.4326E+02  5.4841E-02 -9.1251E-03
  2.4471E+02  5.4374E-02 -9.1482E-03
  2.4616E+02  5.3884E-02 -9.1711E-03
  2.4761E+02  5.3368E-02 -9.1947E-03
  2.4906E+02  5.2832E-02 -9.2191E-03
  2.5050E+02  5.2241E-02 -9.2444E-03
  2.5195E+02  5.1516E-02 -9.2702E-03
  2.5340E+02  5.0679E-02 -9.2960E-03
  2.5485E+02  4.9920E-02 -9.3220E-03
  2.5630E+02  4.9406E-02 -9.3495E-03
  2.5774E+02  4.9078E-02 -9.3799E-03
  2.5919E+02  4.8723E-02 -9.4139E-03
  2.6064E+02  4.8228E-02 -9.4512E-03
  2.6209E+02  4.7688E-02 -9.4907E-03
  2.6354E+02  4.7290E-02 -9.5317E-03
  2.6498E+02  4.7117E-02 -9.5743E-03
  2.6643E+02  4.7067E-02 -9.6189E-03
  2.6788E+02  4.6970E-02 -9.6654E-03
  2.6933E+02  4.6770E-02 -9.7132E-03
  2.7078E+02  4.6580E-02 -9.7616E-03
  2.7222E+02  4.6530E-02 -9.8105E-03
  2.7367E+02  4.6620E-02 -9.8602E-03
  2.7512E+02  4.6745E-02 -9.9111E-03
  2.7657E+02  4.6840E-02 -9.9633E-03
  2.7802E+02  4.6912E-02 -1.0016E-02
  2.7946E+02  4.6974E-02 -1.0069E-02
  2.8091E+02  4.7001E-02 -1.0120E-02
  2.8236E+02  4.6941E-02 -1.0170E-02
  2.8381E+02  4.6763E-02 -1.0218E-02
  2.8526E+02  4.6512E-02 -1.0263E-02
  2.8670E+02  4.6312E-02 -1.0306E-02
  2.8815E+02  4.6266E-02 -1.0347E-02
  2.8960E+02  4.6347E-02 -1.0387E-02
  2.9105E+02  4.6437E-02 -1.0426E-02
  2.9250E+02  4.6430E-02 -1.0463E-02
  2.9394E+02  4.6281E-02 -1.0499E-02
  2.9539E+02  4.6000E-02 -1.0532E-02
  2.9684E+02  4.5647E-02 -1.0563E-02
  2.9829E+02  4.5312E-02 -1.0591E-02
  2.9974E+02  4.5067E-02 -1.0618E-02
  3.0118E+02  4.4918E-02 -1.0644E-02
  3.0263E+02  4.4829E-02 -1.0670E-02
  3.0408E+02  4.4781E-02 -1.0695E-02
  3.0553E+02  4.4766E-02 -1.0720E-02
  3.0698E+02  4.4748E-02 -1.0747E-02
  3.0842E+02  4.4684E-02 -1.0775E-02
  3.0987E+02  4.4585E-02 -1.0804E-02
  3.1132E+02  4.4514E-02 -1.0834E-02
  3.1277E+02  4.4527E-02 -1.0865E-02
  3.1422E+02  4.4625E-02 -1.0897E-02
  3.1566E+02  4.4787E-02 -1.0930E-02
  3.1711E+02  4.5003E-02 -1.0963E-02
  3.1856E+02  4.5269E-02 -1.0997E-02
  3.2001E+02  4.5537E-02 -1.1033E-02
  3.2146E+02  4.5720E-02 -1.1070E-02
  3.2290E+02  4.5780E-02 -1.1108E-02
  3.2435E+02  4.5790E-02 -1.1146E-02
  3.2580E+02  4.5864E-02 -1.1183E-02
  3.2725E+02  4.6039E-02 -1.1220E-02
  3.2870E+02  4.6263E-02 -1.1257E-02
  3.3014E+02  4.6461E-02 -1.1294E-02
  3.3159E+02  4.6589E-02 -1.1331E-02
  3.3304E+02  4.6641E-02 -1.1366E-02
  3.3449E+02  4.6638E-02 -1.1400E-02
  3.3594E+02  4.6626E-02 -1.1433E-02
  3.3738E+02  4.6648E-02 -1.1465E-02
  3.3883E+02  4.6701E-02 -1.1496E-02
  3.4028E+02  4.6740E-02 -1.1526E-02
  3.4173E+02  4.6718E-02 -1.1556E-02
  3.4318E+02  4.6633E-02 -1.1584E-02
  3.4462E+02  4.6529E-02 -1.1610E-02
  3.4607E+02  4.6461E-02 -1.1635E-02
  3.4752E+02  4.6428E-02 -1.1660E-02
  3.4897E+02  4.6362E-02 -1.1684E-02
  3.5042E+02  4.6217E-02 -1.1709E-02
  3.5186E+02  4.6029E-02 -1.1733E-02
  3.5331E+02  4.5873E-02 -1.1757E-02
  3.5476E+02  4.5773E-02 -1.1781E-02
  3.5621E+02  4.5699E-02 -1.1805E-02
  3.5766E+02  4.5609E-02 -1.1830E-02
  3.5910E+02  4.5480E-02 -1.1854E-02
  3.6055E+02  4.5317E-02 -1.1879E-02
  3.6200E+02  4.5144E-02 -1.1905E-02
  3.6345E+02  4.4985E-02 -1.1930E-02
  3.6490E+02  4.4837E-02 -1.1956E-02
  3.6634E+02  4.4686E-02 -1.1982E-02
  3.6779E+02  4.4537E-02 -1.2007E-02
  3.6924E+02  4.4423E-02 -1.2033E-02
  3.7069E+02  4.4373E-02 -1.2059E-02
  3.7214E+02  4.4380E-02 -1.2086E-02
  3.7358E+02  4.4431E-02 -1.2114E-02
  3.7503E+02  4.4510E-02 -1.2141E-02
  3.7648E+02  4.4592E-02 -1.2170E-02
  3.7793E+02  4.4658E-02 -1.2198E-02
  3.7938E+02  4.4713E-02 -1.2226E-02
  3.8082E+02  4.4787E-02 -1.2253E-02
  3.8227E+02  4.4905E-02 -1.2280E-02
  3.8372E+02  4.5071E-02 -1.2307E-02
  3.8517E+02  4.5264E-02 -1.2334E-02
  3.8662E+02  4.5444E-02 -1.2360E-02
  3.8806E+02  4.5578E-02 -1.2387E-02
  3.8951E+02  4.5659E-02 -1.2413E-02
  3.9096E+02  4.5719E-02 -1.2439E-02
  3.9241E+02  4.5818E-02 -1.2465E-02
  3.9386E+02  4.6009E-02 -1.2490E-02
  3.9530E+02  4.6274E-02 -1.2516E-02
  3.9675E+02  4.6519E-02 -1.2542E-02
  3.9820E+02  4.6656E-02 -1.2568E-02
  3.9965E+02  4.6690E-02 -1.2592E-02
  4.0110E+02  4.6699E-02 -1.2615E-02
  4.0254E+02  4.6743E-02 -1.2637E-02
  4.0399E+02  4.6817E-02 -1.2659E-02
  4.0544E+02  4.6888E-02 -1.2679E-02
  4.0689E+02  4.6942E-02 -1.2700E-02
  4.0834E+02  4.6974E-02 -1.2719E-02
  4.0978E+02  4.6988E-02 -1.2738E-02
  4.1123E+02  4.6983E-02 -1.2757E-02
  4.1268E+02  4.6954E-02 -1.2775E-02
  4.1413E+02  4.6898E-02 -1.2793E-02
  4.1558E+02  4.6816E-02 -1.2811E-02
  4.1702E+02  4.6715E-02 -1.2829E-02
  4.1847E+02  4.6600E-02 -1.2846E-02
  4.1992E+02  4.6480E-02 -1.2863E-02
  4.2137E+02  4.6371E-02 -1.2880E-02
  4.2282E+02  4.6273E-02 -1.2897E-02
  4.2426E+02  4.6170E-02 -1.2914E-02
  4.2571E+02  4.6054E-02 -1.2932E-02
  4.2716E+02  4.5935E-02 -1.2950E-02
  4.2861E+02  4.5827E-02 -1.2968E-02
  4.3006E+02  4.5723E-02 -1.2987E-02
  4.3150E+02  4.5611E-02 -1.3006E-02
  4.3295E+02  4.5498E-02 -1.3026E-02
  4.3440E+02  4.5398E-02 -1.3045E-02
  4.3585E+02  4.5310E-02 -1.3065E-02
  4.3730E+02  4.5224E-02 -1.3086E-02
  4.3874E+02  4.5131E-02 -1.3106E-02
  4.4019E+02  4.5036E-02 -1.3126E-02
  4.4164E+02  4.4946E-02 -1.3147E-02
  4.4309E+02  4.4866E-02 -1.3168E-02
  4.4454E+02  4.4786E-02 -1.3189E-02
  4.4598E+02  4.4688E-02 -1.3211E-02
  4.4743E+02  4.4571E-02 -1.3232E-02
  4.4888E+02  4.4457E-02 -1.3253E-02
  4.5033E+02  4.4367E-02 -1.3274E-02
  4.5178E+02  4.4294E-02 -1.3295E-02
  4.5322E+02  4.4205E-02 -1.3316E-02
  4.5467E+02  4.4086E-02 -1.3336E-02
  4.5612E+02  4.3954E-02 -1.3357E-02
  4.5757E+02  4.3848E-02 -1.3377E-02
  4.5902E+02  4.3787E-02 -1.3397E-02
  4.6046E+02  4.3757E-02 -1.3416E-02
  4.6191E+02  4.3725E-02 -1.3436E-02
  4.6336E+02  4.3673E-02 -1.3456E-02
  4.6481E+02  4.3608E-02 -1.3475E-02
  4.6626E+02  4.3545E-02 -1.3494E-02
  4.6770E+02  4.3496E-02 -1.3513E-02
  4.6915E+02  4.3471E-02 -1.3532E-02
  4.7060E+02  4.3465E-02 -1.3550E-02
  4.7205E+02  4.3464E-02 -1.3568E-02
  4.7350E+02  4.3459E-02 -1.3586E-02
  4.7494E+02  4.3457E-02 -1.3604E-02
  4.7639E+02  4.3472E-02 -1.3622E-02
  4.7784E+02  4.3494E-02 -1.3639E-02
  4.7929E+02  4.3509E-02 -1.3657E-02
  4.8074E+02  4.3517E-02 -1.3674E-02
  4.8218E+02  4.3532E-02 -1.3691E-02
  4.8363E+02  4.3558E-02 -1.3708E-02
  4.8508E+02  4.3582E-02 -1.3724E-02
  4.8653E+02  4.3591E-02 -1.3741E-02
  4.8798E+02  4.3589E-02 -1.3756E-02
  4.8942E+02  4.3596E-02 -1.3772E-02
  4.9087E+02  4.3628E-02 -1.3787E-02
  4.9232E+02  4.3674E-02 -1.3803E-02
  4.9377E+02  4.3706E-02 -1.3818E-02
  4.9522E+02  4.3702E-02 -1.3833E-02
  4.9666E+02  4.3658E-02 -1.3848E-02
  4.9811E+02  4.3587E-02 -1.3863E-02
  4.9956E+02  4.3498E-02 -1.3877E-02
  5.0101E+02  4.3400E-02 -1.3890E-02
  5.0246E+02  4.3305E-02 -1.3903E-02
  5.0390E+02  4.3220E-02 -1.3916E-02
  5.0535E+02  4.3136E-02 -1.3929E-02
  5.0680E+02  4.3031E-02 -1.3941E-02
  5.0825E+02  4.2897E-02 -1.3953E-02
  5.0970E+02  4.2739E-02 -1.3966E-02
  5.1114E+02  4.2573E-02 -1.3977E-02
  5.1259E+02  4.2413E-02 -1.3989E-02
  5.1404E+02  4.2263E-02 -1.4001E-02
  5.1549E+02  4.2120E-02 -1.4012E-02
  5.1694E+02  4.1978E-02 -1.4023E-02
  5.1838E+02  4.1835E-02 -1.4034E-02
  5.1983E+02  4.1693E-02 -1.4045E-02
  5.2128E+02  4.1561E-02 -1.4056E-02
  5.2273E+02  4.1447E-02 -1.4067E-02
  5.2418E+02  4.1358E-02 -1.4078E-02
  5.2562E+02  4.1288E-02 -1.4089E-02
  5.2707E+02  4.1223E-02 -1.4100E-02
  5.2852E+02  4.1159E-02 -1.4112E-02
  5.2997E+02  4.1099E-02 -1.4123E-02
  5.3142E+02  4.1054E-02 -1.4135E-02
  5.3286E+02  4.1027E-02 -1.4146E-02
  5.3431E+02  4.1014E-02 -1.4158E-02
  5.3576E+02  4.1008E-02 -1.4169E-02
  5.3721E+02  4.1007E-02 -1.4180E-02
  5.3866E+02  4.1021E-02 -1.4191E-02
  5.4010E+02  4.1052E-02 -1.4202E-02
  5.4155E+02  4.1089E-02 -1.4213E-02
  5.4300E+02  4.1119E-02 -1.4224E-02
  5.4445E+02  4.1139E-02 -1.4234E-02
  5.4590E+02  4.1162E-02 -1.4244E-02
  5.4734E+02  4.1198E-02 -1.4254E-02
  5.4879E+02  4.1243E-02 -1.4263E-02
  5.5024E+02  4.1290E-02 -1.4271E-02
  5.5169E+02  4.1327E-02 -1.4280E-02
  5.5314E+02  4.1346E-02 -1.4287E-02
  5.5458E+02  4.1348E-02 -1.4294E-02
  5.5603E+02  4.1347E-02 -1.4301E-02
  5.5748E+02  4.1361E-02 -1.4307E-02
  5.5893E+02  4.1395E-02 -1.4313E-02
  5.6038E+02  4.1434E-02 -1.4319E-02
  5.6182E+02  4.1463E-02 -1.4324E-02
  5.6327E+02  4.1475E-02 -1.4330E-02
  5.6472E+02  4.1478E-02 -1.4335E-02
  5.6617E+02  4.1486E-02 -1.4340E-02
  5.6762E+02  4.1510E-02 -1.4345E-02
  5.6906E+02  4.1548E-02 -1.4350E-02
  5.7051E+02  4.1594E-02 -1.4356E-02
  5.7196E+02  4.1643E-02 -1.4361E-02
  5.7341E+02  4.1690E-02 -1.4367E-02
  5.7486E+02  4.1726E-02 -1.4373E-02
  5.7630E+02  4.1749E-02 -1.4379E-02
  5.7775E+02  4.1769E-02 -1.4385E-02
  5.7920E+02  4.1793E-02 -1.4391E-02
  5.8065E+02  4.1821E-02 -1.4397E-02
  5.8210E+02  4.1841E-02 -1.4404E-02
  5.8354E+02  4.1843E-02 -1.4411E-02
  5.8499E+02  4.1827E-02 -1.4417E-02
  5.8644E+02  4.1799E-02 -1.4424E-02
  5.8789E+02  4.1763E-02 -1.4431E-02
  5.8934E+02  4.1717E-02 -1.4437E-02
  5.9078E+02  4.1656E-02 -1.4443E-02
  5.9223E+02  4.1578E-02 -1.4450E-02
  5.9368E+02  4.1486E-02 -1.4456E-02
  5.9513E+02  4.1384E-02 -1.4461E-02
  5.9658E+02  4.1277E-02 -1.4467E-02
  5.9802E+02  4.1164E-02 -1.4472E-02
  5.9947E+02  4.1044E-02 -1.4477E-02
  6.0092E+02  4.0911E-02 -1.4481E-02
  6.0237E+02  4.0765E-02 -1.4486E-02
  6.0382E+02  4.0610E-02 -1.4490E-02
  6.0526E+02  4.0455E-02 -1.4493E-02
  6.0671E+02  4.0304E-02 -1.4497E-02
  6.0816E+02  4.0156E-02 -1.4501E-02
  6.0961E+02  4.0008E-02 -1.4504E-02
  6.1106E+02  3.9863E-02 -1.4508E-02
  6.1250E+02  3.9723E-02 -1.4511E-02
  6.1395E+02  3.9595E-02 -1.4515E-02
  6.1540E+02  3.9476E-02 -1.4519E-02
  6.1685E+02  3.9363E-02 -1.4524E-02
  6.1830E+02  3.9249E-02 -1.4528E-02
  6.1974E+02  3.9140E-02 -1.4533E-02
  6.2119E+02  3.9049E-02 -1.4538E-02
  6.2264E+02  3.8979E-02 -1.4544E-02
  6.2409E+02  3.8925E-02 -1.4549E-02
  6.2554E+02  3.8882E-02 -1.4555E-02
  6.2698E+02  3.8845E-02 -1.4562E-02
  6.2843E+02  3.8813E-02 -1.4568E-02
  6.2988E+02  3.8782E-02 -1.4574E-02
  6.3133E+02  3.8753E-02 -1.4581E-02
  6.3278E+02  3.8729E-02 -1.4587E-02
  6.3422E+02  3.8713E-02 -1.4594E-02
  6.3567E+02  3.8706E-02 -1.4600E-02
  6.3712E+02  3.8705E-02 -1.4607E-02
  6.3857E+02  3.8705E-02 -1.4613E-02
  6.4002E+02  3.8699E-02 -1.4618E-02
  6.4146E+02  3.8689E-02 -1.4624E-02
  6.4291E+02  3.8675E-02 -1.4629E-02
  6.4436E+02  3.8662E-02 -1.4634E-02
  6.4581E+02  3.8651E-02 -1.4638E-02
  6.4726E+02  3.8640E-02 -1.4642E-02
  6.4870E+02  3.8625E-02 -1.4646E-02
  6.5015E+02  3.8603E-02 -1.4649E-02
  6.5160E+02  3.8573E-02 -1.4652E-02
  6.5305E+02  3.8540E-02 -1.4654E-02
  6.5450E+02  3.8511E-02 -1.4656E-02
  6.5594E+02  3.8482E-02 -1.4658E-02
  6.5739E+02  3.8449E-02 -1.4659E-02
  6.5884E+02  3.8410E-02 -1.4660E-02
  6.6029E+02  3.8367E-02 -1.4662E-02
  6.6174E+02  3.8326E-02 -1.4662E-02
  6.6318E+02  3.8285E-02 -1.4663E-02
  6.6463E+02  3.8242E-02 -1.4664E-02
  6.6608E+02  3.8196E-02 -1.4664E-02
  6.6753E+02  3.8147E-02 -1.4665E-02
  6.6898E+02  3.8101E-02 -1.4666E-02
  6.7042E+02  3.8054E-02 -1.4667E-02
  6.7187E+02  3.8004E-02 -1.4667E-02
  6.7332E+02  3.7949E-02 -1.4668E-02
  6.7477E+02  3.7892E-02 -1.4669E-02
  6.7622E+02  3.7838E-02 -1.4670E-02
  6.7766E+02  3.7789E-02 -1.4671E-02
  6.7911E+02  3.7742E-02 -1.4673E-02
  6.8056E+02  3.7695E-02 -1.4674E-02
  6.8201E+02  3.7643E-02 -1.4675E-02
  6.8346E+02  3.7588E-02 -1.4676E-02
  6.8490E+02  3.7533E-02 -1.4678E-02
  6.8635E+02  3.7481E-02 -1.4679E-02
  6.8780E+02  3.7433E-02 -1.4680E-02
  6.8925E+02  3.7389E-02 -1.4681E-02
  6.9070E+02  3.7349E-02 -1.4682E-02
  6.9214E+02  3.7309E-02 -1.4683E-02
  6.9359E+02  3.7268E-02 -1.4684E-02
  6.9504E+02  3.7225E-02 -1.4685E-02
  6.9649E+02  3.7181E-02 -1.4685E-02
  6.9794E+02  3.7137E-02 -1.4686E-02
  6.9938E+02  3.7092E-02 -1.4686E-02
  7.0083E+02  3.7050E-02 -1.4686E-02
  7.0228E+02  3.7012E-02 -1.4686E-02
  7.0373E+02  3.6977E-02 -1.4685E-02
  7.0518E+02  3.6943E-02 -1.4685E-02
  7.0662E+02  3.6906E-02 -1.4684E-02
  7.0807E+02  3.6869E-02 -1.4684E-02
  7.0952E+02  3.6832E-02 -1.4683E-02
  7.1097E+02  3.6799E-02 -1.4682E-02
  7.1242E+02  3.6767E-02 -1.4681E-02
  7.1386E+02  3.6737E-02 -1.4680E-02
  7.1531E+02  3.6708E-02 -1.4679E-02
  7.1676E+02  3.6681E-02 -1.4678E-02
  7.1821E+02  3.6656E-02 -1.4676E-02
  7.1966E+02  3.6630E-02 -1.4675E-02
  7.2110E+02  3.6601E-02 -1.4674E-02
  7.2255E+02  3.6573E-02 -1.4673E-02
  7.2400E+02  3.6547E-02 -1.4671E-02
  7.2545E+02  3.6524E-02 -1.4670E-02
  7.2690E+02  3.6500E-02 -1.4669E-02
  7.2834E+02  3.6474E-02 -1.4667E-02
  7.2979E+02  3.6445E-02 -1.4666E-02
  7.3124E+02  3.6414E-02 -1.4664E-02
  7.3269E+02  3.6382E-02 -1.4663E-02
  7.3414E+02  3.6350E-02 -1.4661E-02
  7.3558E+02  3.6319E-02 -1.4659E-02
  7.3703E+02  3.6287E-02 -1.4657E-02
  7.3848E+02  3.6253E-02 -1.4656E-02
  7.3993E+02  3.6216E-02 -1.4654E-02
  7.4138E+02  3.6177E-02 -1.4651E-02
  7.4282E+02  3.6138E-02 -1.4649E-02
  7.4427E+02  3.6102E-02 -1.4647E-02
  7.4572E+02  3.6066E-02 -1.4645E-02
  7.4717E+02  3.6027E-02 -1.4642E-02
  7.4862E+02  3.5985E-02 -1.4640E-02
  7.5006E+02  3.5942E-02 -1.4637E-02
  7.5151E+02  3.5900E-02 -1.4635E-02
  7.5296E+02  3.5861E-02 -1.4632E-02
  7.5441E+02  3.5823E-02 -1.4630E-02
  7.5586E+02  3.5786E-02 -1.4627E-02
  7.5730E+02  3.5749E-02 -1.4624E-02
  7.5875E+02  3.5712E-02 -1.4622E-02
  7.6020E+02  3.5674E-02 -1.4619E-02
  7.6165E+02  3.5637E-02 -1.4617E-02
  7.6310E+02  3.5599E-02 -1.4614E-02
  7.6454E+02  3.5562E-02 -1.4612E-02
  7.6599E+02  3.5526E-02 -1.4609E-02
  7.6744E+02  3.5490E-02 -1.4606E-02
  7.6889E+02  3.5453E-02 -1.4604E-02
  7.7034E+02  3.5417E-02 -1.4601E-02
  7.7178E+02  3.5382E-02 -1.4599E-02
  7.7323E+02  3.5348E-02 -1.4596E-02
  7.7468E+02  3.5312E-02 -1.4593E-02
  7.7613E+02  3.5275E-02 -1.4591E-02
  7.7758E+02  3.5236E-02 -1.4588E-02
  7.7902E+02  3.5197E-02 -1.4585E-02
  7.8047E+02  3.5159E-02 -1.4582E-02
  7.8192E+02  3.5121E-02 -1.4579E-02
  7.8337E+02  3.5084E-02 -1.4576E-02
  7.8482E+02  3.5047E-02 -1.4573E-02
  7.8626E+02  3.5012E-02 -1.4570E-02
  7.8771E+02  3.4977E-02 -1.4566E-02
  7.8916E+02  3.4943E-02 -1.4563E-02
  7.9061E+02  3.4911E-02 -1.4559E-02
  7.9206E+02  3.4882E-02 -1.4556E-02
  7.9350E+02  3.4856E-02 -1.4552E-02
  7.9495E+02  3.4831E-02 -1.4548E-02
  7.9640E+02  3.4805E-02 -1.4545E-02
  7.9785E+02  3.4781E-02 -1.4541E-02
  7.9930E+02  3.4760E-02 -1.4537E-02
  8.0074E+02  3.4741E-02 -1.4533E-02
  8.0219E+02  3.4722E-02 -1.4530E-02
  8.0364E+02  3.4702E-02 -1.4526E-02
  8.0509E+02  3.4679E-02 -1.4522E-02
  8.0654E+02  3.4656E-02 -1.4518E-02
  8.0798E+02  3.4631E-02 -1.4514E-02
  8.0943E+02  3.4607E-02 -1.4510E-02
  8.1088E+02  3.4582E-02 -1.4507E-02
  8.1233E+02  3.4555E-02 -1.4503E-02
  8.1378E+02  3.4527E-02 -1.4499E-02
  8.1522E+02  3.4495E-02 -1.4495E-02
  8.1667E+02  3.4462E-02 -1.4491E-02
  8.1812E+02  3.4427E-02 -1.4487E-02
  8.1957E+02  3.4392E-02 -1.4483E-02
  8.2102E+02  3.4356E-02 -1.4480E-02
  8.2246E+02  3.4318E-02 -1.4476E-02
  8.2391E+02  3.4280E-02 -1.4471E-02
  8.2536E+02  3.4241E-02 -1.4467E-02
  8.2681E+02  3.4203E-02 -1.4463E-02
  8.2826E+02  3.4163E-02 -1.4459E-02
  8.2970E+02  3.4124E-02 -1.4455E-02
  8.3115E+02  3.4084E-02 -1.4450E-02
  8.3260E+02  3.4045E-02 -1.4446E-02
  8.3405E+02  3.4007E-02 -1.4442E-02
  8.3550E+02  3.3968E-02 -1.4437E-02
  8.3694E+02  3.3930E-02 -1.4433E-02
  8.3839E+02  3.3891E-02 -1.4429E-02
  8.3984E+02  3.3853E-02 -1.4424E-02
  8.4129E+02  3.3815E-02 -1.4420E-02
  8.4274E+02  3.3777E-02 -1.4415E-02
  8.4418E+02  3.3737E-02 -1.4411E-02
  8.4563E+02  3.3697E-02 -1.4407E-02
  8.4708E+02  3.3655E-02 -1.4402E-02
  8.4853E+02  3.3613E-02 -1.4398E-02
  8.4998E+02  3.3570E-02 -1.4394E-02
  8.5142E+02  3.3525E-02 -1.4389E-02
  8.5287E+02  3.3478E-02 -1.4385E-02
  8.5432E+02  3.3429E-02 -1.4380E-02
  8.5577E+02  3.3380E-02 -1.4376E-02
  8.5722E+02  3.3330E-02 -1.4371E-02
  8.5866E+02  3.3278E-02 -1.4367E-02
  8.6011E+02  3.3223E-02 -1.4362E-02
  8.6156E+02  3.3166E-02 -1.4358E-02
  8.6301E+02  3.3108E-02 -1.4353E-02
  8.6446E+02  3.3049E-02 -1.4348E-02
  8.6590E+02  3.2989E-02 -1.4343E-02
  8.6735E+02  3.2929E-02 -1.4339E-02
  8.6880E+02  3.2869E-02 -1.4334E-02
  8.7025E+02  3.2807E-02 -1.4329E-02
  8.7170E+02  3.2746E-02 -1.4324E-02
  8.7314E+02  3.2685E-02 -1.4319E-02
  8.7459E+02  3.2625E-02 -1.4314E-02
  8.7604E+02  3.2566E-02 -1.4309E-02
  8.7749E+02  3.2508E-02 -1.4304E-02
  8.7894E+02  3.2452E-02 -1.4299E-02
  8.8038E+02  3.2399E-02 -1.4294E-02
  8.8183E+02  3.2349E-02 -1.4289E-02
  8.8328E+02  3.2300E-02 -1.4284E-02
  8.8473E+02  3.2254E-02 -1.4279E-02
  8.8618E+02  3.2209E-02 -1.4274E-02
  8.8762E+02  3.2169E-02 -1.4269E-02
  8.8907E+02  3.2132E-02 -1.4264E-02
  8.9052E+02  3.2100E-02 -1.4259E-02
  8.9197E+02  3.2071E-02 -1.4254E-02
  8.9342E+02  3.2044E-02 -1.4249E-02
  8.9486E+02  3.2021E-02 -1.4244E-02
  8.9631E+02  3.2000E-02 -1.4239E-02
  8.9776E+02  3.1982E-02 -1.4235E-02
  8.9921E+02  3.1967E-02 -1.4230E-02
  9.0066E+02  3.1954E-02 -1.4225E-02
  9.0210E+02  3.1945E-02 -1.4220E-02
  9.0355E+02  3.1938E-02 -1.4215E-02
  9.0500E+02  3.1932E-02 -1.4210E-02
  9.0645E+02  3.1929E-02 -1.4205E-02
  9.0790E+02  3.1926E-02 -1.4200E-02
  9.0934E+02  3.1924E-02 -1.4195E-02
  9.1079E+02  3.1922E-02 -1.4189E-02
  9.1224E+02  3.1921E-02 -1.4184E-02
  9.1369E+02  3.1920E-02 -1.4178E-02
  9.1514E+02  3.1919E-02 -1.4173E-02
  9.1658E+02  3.1917E-02 -1.4167E-02
  9.1803E+02  3.1914E-02 -1.4162E-02
  9.1948E+02  3.1910E-02 -1.4156E-02
  9.2093E+02  3.1907E-02 -1.4150E-02
  9.2238E+02  3.1902E-02 -1.4144E-02
  9.2382E+02  3.1897E-02 -1.4138E-02
  9.2527E+02  3.1890E-02 -1.4131E-02
  9.2672E+02  3.1882E-02 -1.4125E-02
  9.2817E+02  3.1873E-02 -1.4119E-02
  9.2962E+02  3.1864E-02 -1.4113E-02
  9.3106E+02  3.1854E-02 -1.4106E-02
  9.3251E+02  3.1843E-02 -1.4100E-02
  9.3396E+02  3.1832E-02 -1.4093E-02
  9.3541E+02  3.1820E-02 -1.4087E-02
  9.3686E+02  3.1808E-02 -1.4080E-02
  9.3830E+02  3.1796E-02 -1.4074E-02
  9.3975E+02  3.1783E-02 -1.4067E-02
  9.4120E+02  3.1769E-02 -1.4061E-02
  9.4265E+02  3.1755E-02 -1.4055E-02
  9.4410E+02  3.1741E-02 -1.4048E-02
  9.4554E+02  3.1727E-02 -1.4042E-02
  9.4699E+02  3.1712E-02 -1.4036E-02
  9.4844E+02  3.1696E-02 -1.4029E-02
  9.4989E+02  3.1679E-02 -1.4023E-02
  9.5134E+02  3.1661E-02 -1.4017E-02
  9.5278E+02  3.1642E-02 -1.4011E-02
  9.5423E+02  3.1621E-02 -1.4005E-02
  9.5568E+02  3.1600E-02 -1.3999E-02
  9.5713E+02  3.1578E-02 -1.3993E-02
  9.5858E+02  3.1555E-02 -1.3987E-02
  9.6002E+02  3.1530E-02 -1.3981E-02
  9.6147E+02  3.1504E-02 -1.3975E-02
  9.6292E+02  3.1477E-02 -1.3969E-02
  9.6437E+02  3.1449E-02 -1.3964E-02
  9.6582E+02  3.1421E-02 -1.3958E-02
  9.6726E+02  3.1392E-02 -1.3952E-02
  9.6871E+02  3.1364E-02 -1.3946E-02
  9.7016E+02  3.1336E-02 -1.3940E-02
  9.7161E+02  3.1308E-02 -1.3935E-02
  9.7306E+02  3.1280E-02 -1.3929E-02
  9.7450E+02  3.1253E-02 -1.3923E-02
  9.7595E+02  3.1227E-02 -1.3917E-02
  9.7740E+02  3.1202E-02 -1.3912E-02
  9.7885E+02  3.1178E-02 -1.3906E-02
  9.8030E+02  3.1156E-02 -1.3900E-02
  9.8174E+02  3.1135E-02 -1.3895E-02
  9.8319E+02  3.1116E-02 -1.3889E-02
  9.8464E+02  3.1098E-02 -1.3884E-02
  9.8609E+02  3.1083E-02 -1.3879E-02
  9.8754E+02  3.1070E-02 -1.3873E-02
  9.8898E+02  3.1059E-02 -1.3868E-02
  9.9043E+02  3.1049E-02 -1.3863E-02
  9.9188E+02  3.1040E-02 -1.3857E-02
  9.9333E+02  3.1033E-02 -1.3852E-02
  9.9478E+02  3.1027E-02 -1.3847E-02
  9.9622E+02  3.1023E-02 -1.3842E-02
  9.9767E+02  3.1019E-02 -1.3837E-02
  9.9912E+02  3.1017E-02 -1.3832E-02
  1.0006E+03  3.1015E-02 -1.3827E-02
  1.0020E+03  3.1013E-02 -1.3822E-02
  1.0035E+03  3.1011E-02 -1.3817E-02
  1.0049E+03  3.1010E-02 -1.3812E-02
  1.0064E+03  3.1008E-02 -1.3807E-02
  1.0078E+03  3.1006E-02 -1.3802E-02
  1.0093E+03  3.1004E-02 -1.3797E-02
  1.0107E+03  3.1001E-02 -1.3792E-02
  1.0122E+03  3.0998E-02 -1.3786E-02
  1.0136E+03  3.0994E-02 -1.3781E-02
  1.0150E+03  3.0990E-02 -1.3776E-02
  1.0165E+03  3.0984E-02 -1.3770E-02
  1.0179E+03  3.0977E-02 -1.3765E-02
  1.0194E+03  3.0969E-02 -1.3760E-02
  1.0208E+03  3.0961E-02 -1.3754E-02
  1.0223E+03  3.0952E-02 -1.3749E-02
  1.0237E+03  3.0943E-02 -1.3743E-02
  1.0252E+03  3.0932E-02 -1.3738E-02
  1.0266E+03  3.0921E-02 -1.3733E-02
  1.0281E+03  3.0908E-02 -1.3727E-02
  1.0295E+03  3.0895E-02 -1.3722E-02
  1.0310E+03  3.0882E-02 -1.3716E-02
  1.0324E+03  3.0868E-02 -1.3711E-02
  1.0339E+03  3.0854E-02 -1.3706E-02
  1.0353E+03  3.0839E-02 -1.3700E-02
  1.0368E+03  3.0825E-02 -1.3695E-02
  1.0382E+03  3.0810E-02 -1.3690E-02
  1.0397E+03  3.0795E-02 -1.3685E-02
  1.0411E+03  3.0781E-02 -1.3679E-02
  1.0426E+03  3.0766E-02 -1.3674E-02
  1.0440E+03  3.0753E-02 -1.3669E-02
  1.0455E+03  3.0740E-02 -1.3664E-02
  1.0469E+03  3.0727E-02 -1.3659E-02
  1.0484E+03  3.0715E-02 -1.3655E-02
  1.0498E+03  3.0704E-02 -1.3650E-02
  1.0512E+03  3.0694E-02 -1.3645E-02
  1.0527E+03  3.0685E-02 -1.3640E-02
  1.0541E+03  3.0678E-02 -1.3636E-02
  1.0556E+03  3.0671E-02 -1.3631E-02
  1.0570E+03  3.0666E-02 -1.3627E-02
  1.0585E+03  3.0662E-02 -1.3622E-02
  1.0599E+03  3.0659E-02 -1.3618E-02
  1.0614E+03  3.0657E-02 -1.3613E-02
  1.0628E+03  3.0656E-02 -1.3609E-02
  1.0643E+03  3.0657E-02 -1.3605E-02
  1.0657E+03  3.0659E-02 -1.3601E-02
  1.0672E+03  3.0663E-02 -1.3596E-02
  1.0686E+03  3.0668E-02 -1.3592E-02
  1.0701E+03  3.0675E-02 -1.3588E-02
  1.0715E+03  3.0682E-02 -1.3584E-02
  1.0730E+03  3.0691E-02 -1.3580E-02
  1.0744E+03  3.0701E-02 -1.3576E-02
  1.0759E+03  3.0712E-02 -1.3573E-02
  1.0773E+03  3.0725E-02 -1.3569E-02
  1.0788E+03  3.0738E-02 -1.3565E-02
  1.0802E+03  3.0752E-02 -1.3561E-02
  1.0817E+03  3.0766E-02 -1.3558E-02
  1.0831E+03  3.0780E-02 -1.3554E-02
  1.0846E+03  3.0795E-02 -1.3550E-02
  1.0860E+03  3.0809E-02 -1.3547E-02
  1.0874E+03  3.0823E-02 -1.3543E-02
  1.0889E+03  3.0836E-02 -1.3540E-02
  1.0903E+03  3.0847E-02 -1.3536E-02
  1.0918E+03  3.0858E-02 -1.3533E-02
  1.0932E+03  3.0866E-02 -1.3529E-02
  1.0947E+03  3.0873E-02 -1.3526E-02
  1.0961E+03  3.0877E-02 -1.3522E-02
  1.0976E+03  3.0879E-02 -1.3519E-02
  1.0990E+03  3.0879E-02 -1.3515E-02
  1.1005E+03  3.0875E-02 -1.3512E-02
  1.1019E+03  3.0869E-02 -1.3508E-02
  1.1034E+03  3.0859E-02 -1.3505E-02
  1.1048E+03  3.0847E-02 -1.3501E-02
  1.1063E+03  3.0831E-02 -1.3497E-02
  1.1077E+03  3.0813E-02 -1.3494E-02
  1.1092E+03  3.0791E-02 -1.3490E-02
  1.1106E+03  3.0767E-02 -1.3486E-02
  1.1121E+03  3.0740E-02 -1.3483E-02
  1.1135E+03  3.0711E-02 -1.3479E-02
  1.1150E+03  3.0679E-02 -1.3475E-02
  1.1164E+03  3.0646E-02 -1.3472E-02
  1.1179E+03  3.0610E-02 -1.3468E-02
  1.1193E+03  3.0574E-02 -1.3464E-02
  1.1208E+03  3.0536E-02 -1.3461E-02
  1.1222E+03  3.0497E-02 -1.3457E-02
  1.1236E+03  3.0458E-02 -1.3454E-02
  1.1251E+03  3.0418E-02 -1.3450E-02
  1.1265E+03  3.0378E-02 -1.3447E-02
  1.1280E+03  3.0338E-02 -1.3443E-02
  1.1294E+03  3.0298E-02 -1.3440E-02
  1.1309E+03  3.0259E-02 -1.3437E-02
  1.1323E+03  3.0220E-02 -1.3434E-02
  1.1338E+03  3.0182E-02 -1.3431E-02
  1.1352E+03  3.0145E-02 -1.3428E-02
  1.1367E+03  3.0109E-02 -1.3425E-02
  1.1381E+03  3.0074E-02 -1.3422E-02
  1.1396E+03  3.0039E-02 -1.3419E-02
  1.1410E+03  3.0006E-02 -1.3416E-02
  1.1425E+03  2.9974E-02 -1.3413E-02
  1.1439E+03  2.9943E-02 -1.3411E-02
  1.1454E+03  2.9913E-02 -1.3408E-02
  1.1468E+03  2.9883E-02 -1.3405E-02
  1.1483E+03  2.9855E-02 -1.3403E-02
  1.1497E+03  2.9827E-02 -1.3400E-02
  1.1512E+03  2.9801E-02 -1.3398E-02
  1.1526E+03  2.9775E-02 -1.3395E-02
  1.1541E+03  2.9749E-02 -1.3393E-02
  1.1555E+03  2.9725E-02 -1.3390E-02
  1.1570E+03  2.9701E-02 -1.3387E-02
  1.1584E+03  2.9677E-02 -1.3385E-02
  1.1598E+03  2.9654E-02 -1.3382E-02
  1.1613E+03  2.9631E-02 -1.3380E-02
  1.1627E+03  2.9609E-02 -1.3377E-02
  1.1642E+03  2.9587E-02 -1.3374E-02
  1.1656E+03  2.9565E-02 -1.3372E-02
  1.1671E+03  2.9544E-02 -1.3369E-02
  1.1685E+03  2.9522E-02 -1.3367E-02
  1.1700E+03  2.9501E-02 -1.3364E-02
  1.1714E+03  2.9480E-02 -1.3361E-02
  1.1729E+03  2.9459E-02 -1.3359E-02
  1.1743E+03  2.9438E-02 -1.3356E-02
  1.1758E+03  2.9418E-02 -1.3354E-02
  1.1772E+03  2.9397E-02 -1.3351E-02
  1.1787E+03  2.9377E-02 -1.3349E-02
  1.1801E+03  2.9356E-02 -1.3346E-02
  1.1816E+03  2.9336E-02 -1.3344E-02
  1.1830E+03  2.9315E-02 -1.3341E-02
  1.1845E+03  2.9295E-02 -1.3339E-02
  1.1859E+03  2.9275E-02 -1.3337E-02
  1.1874E+03  2.9255E-02 -1.3334E-02
  1.1888E+03  2.9235E-02 -1.3332E-02
  1.1903E+03  2.9215E-02 -1.3330E-02
  1.1917E+03  2.9196E-02 -1.3328E-02
  1.1932E+03  2.9176E-02 -1.3326E-02
  1.1946E+03  2.9157E-02 -1.3324E-02
  1.1960E+03  2.9138E-02 -1.3322E-02
  1.1975E+03  2.9119E-02 -1.3320E-02
  1.1989E+03  2.9100E-02 -1.3318E-02
  1.2004E+03  2.9082E-02 -1.3316E-02
  1.2018E+03  2.9064E-02 -1.3314E-02
  1.2033E+03  2.9046E-02 -1.3312E-02
  1.2047E+03  2.9029E-02 -1.3311E-02
  1.2062E+03  2.9012E-02 -1.3309E-02
  1.2076E+03  2.8995E-02 -1.3307E-02
  1.2091E+03  2.8979E-02 -1.3305E-02
  1.2105E+03  2.8963E-02 -1.3304E-02
  1.2120E+03  2.8947E-02 -1.3302E-02
  1.2134E+03  2.8932E-02 -1.3301E-02
  1.2149E+03  2.8917E-02 -1.3299E-02
  1.2163E+03  2.8903E-02 -1.3298E-02
  1.2178E+03  2.8889E-02 -1.3296E-02
  1.2192E+03  2.8875E-02 -1.3295E-02
  1.2207E+03  2.8862E-02 -1.3294E-02
  1.2221E+03  2.8849E-02 -1.3292E-02
  1.2236E+03  2.8837E-02 -1.3291E-02
  1.2250E+03  2.8824E-02 -1.3290E-02
  1.2265E+03  2.8813E-02 -1.3289E-02
  1.2279E+03  2.8801E-02 -1.3288E-02
  1.2294E+03  2.8789E-02 -1.3287E-02
  1.2308E+03  2.8778E-02 -1.3286E-02
  1.2322E+03  2.8767E-02 -1.3285E-02
  1.2337E+03  2.8756E-02 -1.3284E-02
  1.2351E+03  2.8745E-02 -1.3283E-02
  1.2366E+03  2.8734E-02 -1.3282E-02
  1.2380E+03  2.8724E-02 -1.3281E-02
  1.2395E+03  2.8713E-02 -1.3280E-02
  1.2409E+03  2.8702E-02 -1.3279E-02
  1.2424E+03  2.8692E-02 -1.3278E-02
  1.2438E+03  2.8681E-02 -1.3277E-02
  1.2453E+03  2.8671E-02 -1.3277E-02
  1.2467E+03  2.8661E-02 -1.3276E-02
  1.2482E+03  2.8651E-02 -1.3275E-02
  1.2496E+03  2.8641E-02 -1.3275E-02
  1.2511E+03  2.8631E-02 -1.3274E-02
  1.2525E+03  2.8621E-02 -1.3273E-02
  1.2540E+03  2.8611E-02 -1.3273E-02
  1.2554E+03  2.8602E-02 -1.3272E-02
  1.2569E+03  2.8593E-02 -1.3272E-02
  1.2583E+03  2.8584E-02 -1.3271E-02
  1.2598E+03  2.8575E-02 -1.3271E-02
  1.2612E+03  2.8566E-02 -1.3270E-02
  1.2627E+03  2.8557E-02 -1.3270E-02
  1.2641E+03  2.8548E-02 -1.3270E-02
  1.2656E+03  2.8540E-02 -1.3269E-02
  1.2670E+03  2.8531E-02 -1.3269E-02
  1.2684E+03  2.8522E-02 -1.3269E-02
  1.2699E+03  2.8514E-02 -1.3269E-02
  1.2713E+03  2.8505E-02 -1.3269E-02
  1.2728E+03  2.8496E-02 -1.3269E-02
  1.2742E+03  2.8487E-02 -1.3269E-02
  1.2757E+03  2.8478E-02 -1.3269E-02
  1.2771E+03  2.8469E-02 -1.3269E-02
  1.2786E+03  2.8459E-02 -1.3269E-02
  1.2800E+03  2.8450E-02 -1.3269E-02
  1.2815E+03  2.8440E-02 -1.3269E-02
  1.2829E+03  2.8431E-02 -1.3269E-02
  1.2844E+03  2.8421E-02 -1.3270E-02
  1.2858E+03  2.8411E-02 -1.3270E-02
  1.2873E+03  2.8402E-02 -1.3270E-02
  1.2887E+03  2.8393E-02 -1.3271E-02
  1.2902E+03  2.8384E-02 -1.3271E-02
  1.2916E+03  2.8375E-02 -1.3271E-02
  1.2931E+03  2.8367E-02 -1.3272E-02
  1.2945E+03  2.8360E-02 -1.3272E-02
  1.2960E+03  2.8353E-02 -1.3273E-02
  1.2974E+03  2.8348E-02 -1.3274E-02
  1.2989E+03  2.8343E-02 -1.3274E-02
  1.3003E+03  2.8339E-02 -1.3275E-02
  1.3018E+03  2.8336E-02 -1.3276E-02
  1.3032E+03  2.8334E-02 -1.3277E-02
  1.3046E+03  2.8334E-02 -1.3278E-02
  1.3061E+03  2.8334E-02 -1.3279E-02
  1.3075E+03  2.8336E-02 -1.3280E-02
  1.3090E+03  2.8339E-02 -1.3281E-02
  1.3104E+03  2.8344E-02 -1.3282E-02
  1.3119E+03  2.8349E-02 -1.3283E-02
  1.3133E+03  2.8356E-02 -1.3285E-02
  1.3148E+03  2.8363E-02 -1.3286E-02
  1.3162E+03  2.8372E-02 -1.3287E-02
  1.3177E+03  2.8381E-02 -1.3289E-02
  1.3191E+03  2.8391E-02 -1.3290E-02
  1.3206E+03  2.8402E-02 -1.3292E-02
  1.3220E+03  2.8413E-02 -1.3293E-02
  1.3235E+03  2.8425E-02 -1.3295E-02
  1.3249E+03  2.8437E-02 -1.3296E-02
  1.3264E+03  2.8449E-02 -1.3298E-02
  1.3278E+03  2.8460E-02 -1.3300E-02
  1.3293E+03  2.8472E-02 -1.3302E-02
  1.3307E+03  2.8483E-02 -1.3303E-02
  1.3322E+03  2.8494E-02 -1.3305E-02
  1.3336E+03  2.8504E-02 -1.3307E-02
  1.3351E+03  2.8514E-02 -1.3308E-02
  1.3365E+03  2.8523E-02 -1.3310E-02
  1.3380E+03  2.8531E-02 -1.3312E-02
  1.3394E+03  2.8538E-02 -1.3314E-02
  1.3408E+03  2.8544E-02 -1.3315E-02
  1.3423E+03  2.8549E-02 -1.3317E-02
  1.3437E+03  2.8553E-02 -1.3319E-02
  1.3452E+03  2.8556E-02 -1.3321E-02
  1.3466E+03  2.8558E-02 -1.3323E-02
  1.3481E+03  2.8559E-02 -1.3324E-02
  1.3495E+03  2.8559E-02 -1.3326E-02
  1.3510E+03  2.8558E-02 -1.3328E-02
  1.3524E+03  2.8556E-02 -1.3330E-02
  1.3539E+03  2.8553E-02 -1.3332E-02
  1.3553E+03  2.8549E-02 -1.3334E-02
  1.3568E+03  2.8544E-02 -1.3336E-02
  1.3582E+03  2.8538E-02 -1.3338E-02
  1.3597E+03  2.8532E-02 -1.3340E-02
  1.3611E+03  2.8525E-02 -1.3342E-02
  1.3626E+03  2.8517E-02 -1.3344E-02
  1.3640E+03  2.8508E-02 -1.3346E-02
  1.3655E+03  2.8499E-02 -1.3348E-02
  1.3669E+03  2.8490E-02 -1.3350E-02
  1.3684E+03  2.8480E-02 -1.3352E-02
  1.3698E+03  2.8469E-02 -1.3355E-02
  1.3713E+03  2.8458E-02 -1.3357E-02
  1.3727E+03  2.8447E-02 -1.3359E-02
  1.3742E+03  2.8436E-02 -1.3362E-02
  1.3756E+03  2.8424E-02 -1.3364E-02
  1.3770E+03  2.8412E-02 -1.3367E-02
  1.3785E+03  2.8399E-02 -1.3369E-02
  1.3799E+03  2.8387E-02 -1.3372E-02
  1.3814E+03  2.8374E-02 -1.3375E-02
  1.3828E+03  2.8361E-02 -1.3377E-02
  1.3843E+03  2.8348E-02 -1.3380E-02
  1.3857E+03  2.8335E-02 -1.3383E-02
  1.3872E+03  2.8322E-02 -1.3385E-02
  1.3886E+03  2.8309E-02 -1.3388E-02
  1.3901E+03  2.8295E-02 -1.3391E-02
  1.3915E+03  2.8282E-02 -1.3394E-02
  1.3930E+03  2.8268E-02 -1.3397E-02
  1.3944E+03  2.8254E-02 -1.3400E-02
  1.3959E+03  2.8241E-02 -1.3403E-02
  1.3973E+03  2.8227E-02 -1.3406E-02
  1.3988E+03  2.8212E-02 -1.3409E-02
  1.4002E+03  2.8198E-02 -1.3412E-02
  1.4017E+03  2.8184E-02 -1.3415E-02
  1.4031E+03  2.8169E-02 -1.3418E-02
  1.4046E+03  2.8155E-02 -1.3421E-02
  1.4060E+03  2.8140E-02 -1.3424E-02
  1.4075E+03  2.8125E-02 -1.3427E-02
  1.4089E+03  2.8109E-02 -1.3430E-02
  1.4104E+03  2.8094E-02 -1.3433E-02
  1.4118E+03  2.8078E-02 -1.3436E-02
  1.4132E+03  2.8062E-02 -1.3439E-02
  1.4147E+03  2.8046E-02 -1.3443E-02
  1.4161E+03  2.8030E-02 -1.3446E-02
  1.4176E+03  2.8013E-02 -1.3449E-02
  1.4190E+03  2.7997E-02 -1.3452E-02
  1.4205E+03  2.7980E-02 -1.3456E-02
  1.4219E+03  2.7964E-02 -1.3459E-02
  1.4234E+03  2.7947E-02 -1.3462E-02
  1.4248E+03  2.7930E-02 -1.3466E-02
  1.4263E+03  2.7914E-02 -1.3469E-02
  1.4277E+03  2.7898E-02 -1.3472E-02
  1.4292E+03  2.7882E-02 -1.3476E-02
  1.4306E+03  2.7866E-02 -1.3479E-02
  1.4321E+03  2.7850E-02 -1.3483E-02
  1.4335E+03  2.7835E-02 -1.3486E-02
  1.4350E+03  2.7821E-02 -1.3490E-02
  1.4364E+03  2.7807E-02 -1.3493E-02
  1.4379E+03  2.7794E-02 -1.3497E-02
  1.4393E+03  2.7781E-02 -1.3501E-02
  1.4408E+03  2.7769E-02 -1.3504E-02
  1.4422E+03  2.7757E-02 -1.3508E-02
  1.4437E+03  2.7747E-02 -1.3512E-02
  1.4451E+03  2.7737E-02 -1.3516E-02
  1.4466E+03  2.7727E-02 -1.3519E-02
  1.4480E+03  2.7719E-02 -1.3523E-02
  1.4494E+03  2.7711E-02 -1.3527E-02
  1.4509E+03  2.7704E-02 -1.3531E-02
  1.4523E+03  2.7697E-02 -1.3535E-02
  1.4538E+03  2.7691E-02 -1.3539E-02
  1.4552E+03  2.7686E-02 -1.3543E-02
  1.4567E+03  2.7681E-02 -1.3547E-02
  1.4581E+03  2.7677E-02 -1.3551E-02
  1.4596E+03  2.7673E-02 -1.3556E-02
  1.4610E+03  2.7670E-02 -1.3560E-02
  1.4625E+03  2.7667E-02 -1.3564E-02
  1.4639E+03  2.7665E-02 -1.3568E-02
  1.4654E+03  2.7663E-02 -1.3573E-02
  1.4668E+03  2.7661E-02 -1.3577E-02
  1.4683E+03  2.7660E-02 -1.3581E-02
  1.4697E+03  2.7659E-02 -1.3586E-02
  1.4712E+03  2.7658E-02 -1.3590E-02
  1.4726E+03  2.7657E-02 -1.3595E-02
  1.4741E+03  2.7657E-02 -1.3599E-02
  1.4755E+03  2.7657E-02 -1.3604E-02
  1.4770E+03  2.7657E-02 -1.3608E-02
  1.4784E+03  2.7657E-02 -1.3613E-02
  1.4799E+03  2.7658E-02 -1.3617E-02
  1.4813E+03  2.7659E-02 -1.3622E-02
  1.4828E+03  2.7660E-02 -1.3626E-02
  1.4842E+03  2.7661E-02 -1.3631E-02
  1.4856E+03  2.7662E-02 -1.3636E-02
  1.4871E+03  2.7664E-02 -1.3640E-02
  1.4885E+03  2.7666E-02 -1.3645E-02
  1.4900E+03  2.7667E-02 -1.3650E-02
  1.4914E+03  2.7670E-02 -1.3655E-02
  1.4929E+03  2.7672E-02 -1.3659E-02
  1.4943E+03  2.7674E-02 -1.3664E-02
  1.4958E+03  2.7676E-02 -1.3669E-02
  1.4972E+03  2.7678E-02 -1.3674E-02
  1.4987E+03  2.7681E-02 -1.3679E-02
  1.5001E+03  2.7683E-02 -1.3684E-02
  1.5016E+03  2.7685E-02 -1.3689E-02
  1.5030E+03  2.7686E-02 -1.3694E-02
  1.5045E+03  2.7688E-02 -1.3699E-02
  1.5059E+03  2.7689E-02 -1.3704E-02
  1.5074E+03  2.7690E-02 -1.3709E-02
  1.5088E+03  2.7690E-02 -1.3714E-02
  1.5103E+03  2.7690E-02 -1.3719E-02
  1.5117E+03  2.7689E-02 -1.3724E-02
  1.5132E+03  2.7687E-02 -1.3729E-02
  1.5146E+03  2.7685E-02 -1.3734E-02
  1.5161E+03  2.7683E-02 -1.3739E-02
  1.5175E+03  2.7679E-02 -1.3745E-02
  1.5190E+03  2.7675E-02 -1.3750E-02
  1.5204E+03  2.7670E-02 -1.3755E-02
  1.5218E+03  2.7664E-02 -1.3760E-02
  1.5233E+03  2.7657E-02 -1.3765E-02
  1.5247E+03  2.7650E-02 -1.3770E-02
  1.5262E+03  2.7641E-02 -1.3775E-02
  1.5276E+03  2.7632E-02 -1.3781E-02
  1.5291E+03  2.7622E-02 -1.3786E-02
  1.5305E+03  2.7612E-02 -1.3791E-02
  1.5320E+03  2.7600E-02 -1.3796E-02
  1.5334E+03  2.7588E-02 -1.3802E-02
  1.5349E+03  2.7576E-02 -1.3807E-02
  1.5363E+03  2.7563E-02 -1.3812E-02
  1.5378E+03  2.7549E-02 -1.3817E-02
  1.5392E+03  2.7535E-02 -1.3823E-02
  1.5407E+03  2.7521E-02 -1.3828E-02
  1.5421E+03  2.7506E-02 -1.3834E-02
  1.5436E+03  2.7491E-02 -1.3839E-02
  1.5450E+03  2.7476E-02 -1.3844E-02
  1.5465E+03  2.7460E-02 -1.3850E-02
  1.5479E+03  2.7445E-02 -1.3855E-02
  1.5494E+03  2.7429E-02 -1.3861E-02
  1.5508E+03  2.7414E-02 -1.3867E-02
  1.5523E+03  2.7398E-02 -1.3872E-02
  1.5537E+03  2.7383E-02 -1.3878E-02
  1.5552E+03  2.7367E-02 -1.3883E-02
  1.5566E+03  2.7352E-02 -1.3889E-02
  1.5580E+03  2.7337E-02 -1.3895E-02
  1.5595E+03  2.7322E-02 -1.3901E-02
  1.5609E+03  2.7307E-02 -1.3907E-02
  1.5624E+03  2.7293E-02 -1.3912E-02
  1.5638E+03  2.7278E-02 -1.3918E-02
  1.5653E+03  2.7264E-02 -1.3924E-02
  1.5667E+03  2.7250E-02 -1.3930E-02
  1.5682E+03  2.7237E-02 -1.3936E-02
  1.5696E+03  2.7223E-02 -1.3942E-02
  1.5711E+03  2.7210E-02 -1.3948E-02
  1.5725E+03  2.7197E-02 -1.3954E-02
  1.5740E+03  2.7185E-02 -1.3960E-02
  1.5754E+03  2.7173E-02 -1.3966E-02
  1.5769E+03  2.7160E-02 -1.3972E-02
  1.5783E+03  2.7149E-02 -1.3979E-02
  1.5798E+03  2.7137E-02 -1.3985E-02
  1.5812E+03  2.7125E-02 -1.3991E-02
  1.5827E+03  2.7114E-02 -1.3997E-02
  1.5841E+03  2.7103E-02 -1.4003E-02
  1.5856E+03  2.7092E-02 -1.4009E-02
  1.5870E+03  2.7082E-02 -1.4016E-02
  1.5885E+03  2.7071E-02 -1.4022E-02
  1.5899E+03  2.7061E-02 -1.4028E-02
  1.5914E+03  2.7051E-02 -1.4034E-02
  1.5928E+03  2.7041E-02 -1.4041E-02
  1.5942E+03  2.7032E-02 -1.4047E-02
  1.5957E+03  2.7022E-02 -1.4053E-02
  1.5971E+03  2.7013E-02 -1.4060E-02
  1.5986E+03  2.7004E-02 -1.4066E-02
  1.6000E+03  2.6995E-02 -1.4073E-02
  1.6015E+03  2.6986E-02 -1.4079E-02
  1.6029E+03  2.6978E-02 -1.4086E-02
  1.6044E+03  2.6970E-02 -1.4092E-02
  1.6058E+03  2.6961E-02 -1.4099E-02
  1.6073E+03  2.6954E-02 -1.4105E-02
  1.6087E+03  2.6946E-02 -1.4112E-02
  1.6102E+03  2.6938E-02 -1.4118E-02
  1.6116E+03  2.6931E-02 -1.4125E-02
  1.6131E+03  2.6924E-02 -1.4131E-02
  1.6145E+03  2.6917E-02 -1.4138E-02
  1.6160E+03  2.6911E-02 -1.4145E-02
  1.6174E+03  2.6904E-02 -1.4151E-02
  1.6189E+03  2.6898E-02 -1.4158E-02
  1.6203E+03  2.6892E-02 -1.4165E-02
  1.6218E+03  2.6886E-02 -1.4172E-02
  1.6232E+03  2.6880E-02 -1.4178E-02
  1.6247E+03  2.6875E-02 -1.4185E-02
  1.6261E+03  2.6869E-02 -1.4192E-02
  1.6276E+03  2.6864E-02 -1.4199E-02
  1.6290E+03  2.6858E-02 -1.4205E-02
  1.6304E+03  2.6853E-02 -1.4212E-02
  1.6319E+03  2.6847E-02 -1.4219E-02
  1.6333E+03  2.6842E-02 -1.4226E-02
  1.6348E+03  2.6836E-02 -1.4233E-02
  1.6362E+03  2.6830E-02 -1.4240E-02
  1.6377E+03  2.6825E-02 -1.4247E-02
  1.6391E+03  2.6818E-02 -1.4254E-02
  1.6406E+03  2.6812E-02 -1.4260E-02
  1.6420E+03  2.6806E-02 -1.4267E-02
  1.6435E+03  2.6799E-02 -1.4274E-02
  1.6449E+03  2.6792E-02 -1.4281E-02
  1.6464E+03  2.6785E-02 -1.4288E-02
  1.6478E+03  2.6777E-02 -1.4295E-02
  1.6493E+03  2.6770E-02 -1.4302E-02
  1.6507E+03  2.6762E-02 -1.4309E-02
  1.6522E+03  2.6753E-02 -1.4316E-02
  1.6536E+03  2.6745E-02 -1.4323E-02
  1.6551E+03  2.6736E-02 -1.4330E-02
  1.6565E+03  2.6727E-02 -1.4337E-02
  1.6580E+03  2.6718E-02 -1.4344E-02
  1.6594E+03  2.6708E-02 -1.4351E-02
  1.6609E+03  2.6699E-02 -1.4358E-02
  1.6623E+03  2.6689E-02 -1.4365E-02
  1.6638E+03  2.6679E-02 -1.4372E-02
  1.6652E+03  2.6669E-02 -1.4379E-02
  1.6666E+03  2.6660E-02 -1.4386E-02
  1.6681E+03  2.6650E-02 -1.4393E-02
  1.6695E+03  2.6640E-02 -1.4400E-02
  1.6710E+03  2.6631E-02 -1.4407E-02
  1.6724E+03  2.6622E-02 -1.4415E-02
  1.6739E+03  2.6612E-02 -1.4422E-02
  1.6753E+03  2.6604E-02 -1.4429E-02
  1.6768E+03  2.6595E-02 -1.4436E-02
  1.6782E+03  2.6586E-02 -1.4443E-02
  1.6797E+03  2.6578E-02 -1.4451E-02
  1.6811E+03  2.6571E-02 -1.4458E-02
  1.6826E+03  2.6563E-02 -1.4465E-02
  1.6840E+03  2.6556E-02 -1.4473E-02
  1.6855E+03  2.6549E-02 -1.4480E-02
  1.6869E+03  2.6542E-02 -1.4487E-02
  1.6884E+03  2.6536E-02 -1.4495E-02
  1.6898E+03  2.6530E-02 -1.4502E-02
  1.6913E+03  2.6524E-02 -1.4510E-02
  1.6927E+03  2.6519E-02 -1.4517E-02
  1.6942E+03  2.6514E-02 -1.4525E-02
  1.6956E+03  2.6509E-02 -1.4532E-02
  1.6971E+03  2.6504E-02 -1.4540E-02
  1.6985E+03  2.6499E-02 -1.4547E-02
  1.7000E+03  2.6495E-02 -1.4555E-02
  1.7014E+03  2.6491E-02 -1.4562E-02
  1.7028E+03  2.6487E-02 -1.4570E-02
  1.7043E+03  2.6483E-02 -1.4578E-02
  1.7057E+03  2.6479E-02 -1.4585E-02
  1.7072E+03  2.6475E-02 -1.4593E-02
  1.7086E+03  2.6472E-02 -1.4600E-02
  1.7101E+03  2.6468E-02 -1.4608E-02
  1.7115E+03  2.6465E-02 -1.4616E-02
  1.7130E+03  2.6462E-02 -1.4624E-02
  1.7144E+03  2.6458E-02 -1.4631E-02
  1.7159E+03  2.6455E-02 -1.4639E-02
  1.7173E+03  2.6452E-02 -1.4647E-02
  1.7188E+03  2.6449E-02 -1.4654E-02
  1.7202E+03  2.6446E-02 -1.4662E-02
  1.7217E+03  2.6443E-02 -1.4670E-02
  1.7231E+03  2.6440E-02 -1.4678E-02
  1.7246E+03  2.6438E-02 -1.4686E-02
  1.7260E+03  2.6435E-02 -1.4693E-02
  1.7275E+03  2.6432E-02 -1.4701E-02
  1.7289E+03  2.6430E-02 -1.4709E-02
  1.7304E+03  2.6427E-02 -1.4717E-02
  1.7318E+03  2.6425E-02 -1.4725E-02
  1.7333E+03  2.6422E-02 -1.4732E-02
  1.7347E+03  2.6420E-02 -1.4740E-02
  1.7362E+03  2.6417E-02 -1.4748E-02
  1.7376E+03  2.6415E-02 -1.4756E-02
  1.7390E+03  2.6412E-02 -1.4764E-02
  1.7405E+03  2.6409E-02 -1.4772E-02
  1.7419E+03  2.6407E-02 -1.4780E-02
  1.7434E+03  2.6404E-02 -1.4788E-02
  1.7448E+03  2.6400E-02 -1.4796E-02
  1.7463E+03  2.6397E-02 -1.4803E-02
  1.7477E+03  2.6393E-02 -1.4811E-02
  1.7492E+03  2.6390E-02 -1.4819E-02
  1.7506E+03  2.6385E-02 -1.4827E-02
  1.7521E+03  2.6381E-02 -1.4835E-02
  1.7535E+03  2.6376E-02 -1.4843E-02
  1.7550E+03  2.6371E-02 -1.4851E-02
  1.7564E+03  2.6365E-02 -1.4859E-02
  1.7579E+03  2.6360E-02 -1.4867E-02
  1.7593E+03  2.6353E-02 -1.4875E-02
  1.7608E+03  2.6347E-02 -1.4882E-02
  1.7622E+03  2.6339E-02 -1.4890E-02
  1.7637E+03  2.6332E-02 -1.4898E-02
  1.7651E+03  2.6324E-02 -1.4906E-02
  1.7666E+03  2.6316E-02 -1.4914E-02
  1.7680E+03  2.6307E-02 -1.4922E-02
  1.7695E+03  2.6298E-02 -1.4930E-02
  1.7709E+03  2.6288E-02 -1.4938E-02
  1.7724E+03  2.6278E-02 -1.4946E-02
  1.7738E+03  2.6268E-02 -1.4953E-02
  1.7752E+03  2.6257E-02 -1.4961E-02
  1.7767E+03  2.6246E-02 -1.4969E-02
  1.7781E+03  2.6235E-02 -1.4977E-02
  1.7796E+03  2.6223E-02 -1.4985E-02
  1.7810E+03  2.6211E-02 -1.4993E-02
  1.7825E+03  2.6199E-02 -1.5001E-02
  1.7839E+03  2.6186E-02 -1.5009E-02
  1.7854E+03  2.6174E-02 -1.5017E-02
  1.7868E+03  2.6161E-02 -1.5025E-02
  1.7883E+03  2.6148E-02 -1.5033E-02
  1.7897E+03  2.6135E-02 -1.5041E-02
  1.7912E+03  2.6122E-02 -1.5049E-02
  1.7926E+03  2.6109E-02 -1.5057E-02
  1.7941E+03  2.6095E-02 -1.5065E-02
  1.7955E+03  2.6082E-02 -1.5073E-02
  1.7970E+03  2.6069E-02 -1.5081E-02
  1.7984E+03  2.6056E-02 -1.5089E-02
  1.7999E+03  2.6042E-02 -1.5097E-02
  1.8013E+03  2.6029E-02 -1.5106E-02
  1.8028E+03  2.6016E-02 -1.5114E-02
  1.8042E+03  2.6003E-02 -1.5122E-02
  1.8057E+03  2.5990E-02 -1.5130E-02
  1.8071E+03  2.5977E-02 -1.5138E-02
  1.8086E+03  2.5965E-02 -1.5146E-02
  1.8100E+03  2.5952E-02 -1.5154E-02
  1.8114E+03  2.5939E-02 -1.5163E-02
  1.8129E+03  2.5927E-02 -1.5171E-02
  1.8143E+03  2.5915E-02 -1.5179E-02
  1.8158E+03  2.5902E-02 -1.5187E-02
  1.8172E+03  2.5890E-02 -1.5195E-02
  1.8187E+03  2.5878E-02 -1.5204E-02
  1.8201E+03  2.5865E-02 -1.5212E-02
  1.8216E+03  2.5853E-02 -1.5220E-02
  1.8230E+03  2.5841E-02 -1.5228E-02
  1.8245E+03  2.5828E-02 -1.5237E-02
  1.8259E+03  2.5816E-02 -1.5245E-02
  1.8274E+03  2.5804E-02 -1.5253E-02
  1.8288E+03  2.5791E-02 -1.5261E-02
  1.8303E+03  2.5779E-02 -1.5270E-02
  1.8317E+03  2.5766E-02 -1.5278E-02
  1.8332E+03  2.5754E-02 -1.5286E-02
  1.8346E+03  2.5741E-02 -1.5294E-02
  1.8361E+03  2.5728E-02 -1.5303E-02
  1.8375E+03  2.5715E-02 -1.5311E-02
  1.8390E+03  2.5702E-02 -1.5319E-02
  1.8404E+03  2.5689E-02 -1.5327E-02
  1.8419E+03  2.5676E-02 -1.5336E-02
  1.8433E+03  2.5663E-02 -1.5344E-02
  1.8448E+03  2.5650E-02 -1.5352E-02
  1.8462E+03  2.5636E-02 -1.5360E-02
  1.8476E+03  2.5623E-02 -1.5369E-02
  1.8491E+03  2.5610E-02 -1.5377E-02
  1.8505E+03  2.5596E-02 -1.5385E-02
  1.8520E+03  2.5583E-02 -1.5393E-02
  1.8534E+03  2.5569E-02 -1.5402E-02
  1.8549E+03  2.5556E-02 -1.5410E-02
  1.8563E+03  2.5543E-02 -1.5418E-02
  1.8578E+03  2.5530E-02 -1.5426E-02
  1.8592E+03  2.5517E-02 -1.5435E-02
  1.8607E+03  2.5504E-02 -1.5443E-02
  1.8621E+03  2.5491E-02 -1.5451E-02
  1.8636E+03  2.5478E-02 -1.5460E-02
  1.8650E+03  2.5466E-02 -1.5468E-02
  1.8665E+03  2.5453E-02 -1.5476E-02
  1.8679E+03  2.5441E-02 -1.5485E-02
  1.8694E+03  2.5429E-02 -1.5493E-02
  1.8708E+03  2.5417E-02 -1.5501E-02
  1.8723E+03  2.5405E-02 -1.5510E-02
  1.8737E+03  2.5393E-02 -1.5518E-02
  1.8752E+03  2.5381E-02 -1.5526E-02
  1.8766E+03  2.5370E-02 -1.5535E-02
  1.8781E+03  2.5358E-02 -1.5543E-02
  1.8795E+03  2.5347E-02 -1.5551E-02
  1.8810E+03  2.5336E-02 -1.5560E-02
  1.8824E+03  2.5325E-02 -1.5568E-02
  1.8838E+03  2.5314E-02 -1.5577E-02
  1.8853E+03  2.5303E-02 -1.5585E-02
  1.8867E+03  2.5292E-02 -1.5593E-02
  1.8882E+03  2.5281E-02 -1.5602E-02
  1.8896E+03  2.5270E-02 -1.5610E-02
  1.8911E+03  2.5259E-02 -1.5618E-02
  1.8925E+03  2.5248E-02 -1.5627E-02
  1.8940E+03  2.5238E-02 -1.5635E-02
  1.8954E+03  2.5227E-02 -1.5643E-02
  1.8969E+03  2.5217E-02 -1.5652E-02
  1.8983E+03  2.5206E-02 -1.5660E-02
  1.8998E+03  2.5196E-02 -1.5668E-02
  1.9012E+03  2.5185E-02 -1.5677E-02
  1.9027E+03  2.5175E-02 -1.5685E-02
  1.9041E+03  2.5165E-02 -1.5693E-02
  1.9056E+03  2.5155E-02 -1.5701E-02
  1.9070E+03  2.5145E-02 -1.5710E-02
  1.9085E+03  2.5135E-02 -1.5718E-02
  1.9099E+03  2.5125E-02 -1.5726E-02
  1.9114E+03  2.5116E-02 -1.5735E-02
  1.9128E+03  2.5106E-02 -1.5743E-02
  1.9143E+03  2.5097E-02 -1.5751E-02
  1.9157E+03  2.5087E-02 -1.5760E-02
  1.9172E+03  2.5078E-02 -1.5768E-02
  1.9186E+03  2.5069E-02 -1.5776E-02
  1.9200E+03  2.5060E-02 -1.5784E-02
  1.9215E+03  2.5051E-02 -1.5793E-02
  1.9229E+03  2.5042E-02 -1.5801E-02
  1.9244E+03  2.5033E-02 -1.5809E-02
  1.9258E+03  2.5025E-02 -1.5818E-02
  1.9273E+03  2.5016E-02 -1.5826E-02
  1.9287E+03  2.5007E-02 -1.5834E-02
  1.9302E+03  2.4999E-02 -1.5843E-02
  1.9316E+03  2.4990E-02 -1.5851E-02
  1.9331E+03  2.4981E-02 -1.5859E-02
  1.9345E+03  2.4972E-02 -1.5867E-02
  1.9360E+03  2.4964E-02 -1.5876E-02
  1.9374E+03  2.4955E-02 -1.5884E-02
  1.9389E+03  2.4946E-02 -1.5892E-02
  1.9403E+03  2.4937E-02 -1.5901E-02
  1.9418E+03  2.4928E-02 -1.5909E-02
  1.9432E+03  2.4918E-02 -1.5917E-02
  1.9447E+03  2.4909E-02 -1.5925E-02
  1.9461E+03  2.4899E-02 -1.5934E-02
  1.9476E+03  2.4890E-02 -1.5942E-02
  1.9490E+03  2.4880E-02 -1.5950E-02
  1.9505E+03  2.4870E-02 -1.5959E-02
  1.9519E+03  2.4860E-02 -1.5967E-02
  1.9534E+03  2.4849E-02 -1.5975E-02
  1.9548E+03  2.4839E-02 -1.5983E-02
  1.9562E+03  2.4828E-02 -1.5992E-02
  1.9577E+03  2.4817E-02 -1.6000E-02
  1.9591E+03  2.4806E-02 -1.6008E-02
  1.9606E+03  2.4795E-02 -1.6016E-02
  1.9620E+03  2.4784E-02 -1.6025E-02
  1.9635E+03  2.4772E-02 -1.6033E-02
  1.9649E+03  2.4761E-02 -1.6041E-02
  1.9664E+03  2.4749E-02 -1.6049E-02
  1.9678E+03  2.4737E-02 -1.6058E-02
  1.9693E+03  2.4726E-02 -1.6066E-02
  1.9707E+03  2.4714E-02 -1.6074E-02
  1.9722E+03  2.4702E-02 -1.6082E-02
  1.9736E+03  2.4690E-02 -1.6091E-02
  1.9751E+03  2.4678E-02 -1.6099E-02
  1.9765E+03  2.4666E-02 -1.6107E-02
  1.9780E+03  2.4654E-02 -1.6115E-02
  1.9794E+03  2.4642E-02 -1.6124E-02
  1.9809E+03  2.4629E-02 -1.6132E-02
  1.9823E+03  2.4617E-02 -1.6140E-02
  1.9838E+03  2.4605E-02 -1.6148E-02
  1.9852E+03  2.4593E-02 -1.6157E-02
  1.9867E+03  2.4581E-02 -1.6165E-02
  1.9881E+03  2.4569E-02 -1.6173E-02
  1.9896E+03  2.4557E-02 -1.6181E-02
  1.9910E+03  2.4545E-02 -1.6190E-02
  1.9924E+03  2.4533E-02 -1.6198E-02
  1.9939E+03  2.4521E-02 -1.6206E-02
  1.9953E+03  2.4509E-02 -1.6214E-02
  1.9968E+03  2.4497E-02 -1.6223E-02
  1.9982E+03  2.4485E-02 -1.6231E-02
  1.9997E+03  2.4472E-02 -1.6239E-02
