# CREATED BY GENE DIAGNOSTICS TOOL on Wed Mar 10 09:29:09 2021
# diag: timetrace, run(s): 0018, time window: 0-2000(1388 steps), species: ions
# original data path: /marconi_scratch/userexternal/cmoreno0/GAMZF_convergence/lhd_surface/scanfiles0000/
# normalization: L_ref=1.65m
#
#  t          Re[phi]     Im[phi]   
  0.0000E+00  9.9997E-01  0.0000E+00
  1.4420E+00  8.4345E-01 -3.0132E-03
  2.8840E+00  6.4535E-01 -5.4694E-03
  4.3260E+00  4.3690E-01 -6.8187E-03
  5.7680E+00  2.7976E-01 -6.8240E-03
  7.2100E+00  1.7962E-01 -5.7817E-03
  8.6520E+00  1.2267E-01 -4.2910E-03
  1.0094E+01  9.2169E-02 -2.8679E-03
  1.1536E+01  7.5978E-02 -1.7805E-03
  1.2978E+01  6.6989E-02 -1.0672E-03
  1.4420E+01  6.1653E-02 -6.1923E-04
  1.5862E+01  5.8756E-02 -3.8491E-04
  1.7304E+01  5.8264E-02 -5.2731E-04
  1.8746E+01  5.9640E-02 -1.1654E-03
  2.0188E+01  6.1077E-02 -2.1644E-03
  2.1630E+01  5.9814E-02 -3.0848E-03
  2.3072E+01  5.3608E-02 -3.4530E-03
  2.4514E+01  4.1959E-02 -3.0282E-03
  2.5956E+01  2.6190E-02 -1.8750E-03
  2.7398E+01  8.8530E-03 -2.9988E-04
  2.8840E+01 -7.1379E-03  1.3048E-03
  3.0282E+01 -1.9465E-02  2.6027E-03
  3.1724E+01 -2.6943E-02  3.3943E-03
  3.3166E+01 -2.9527E-02  3.6269E-03
  3.4608E+01 -2.7525E-02  3.3705E-03
  3.6050E+01 -2.1969E-02  2.7588E-03
  3.7492E+01 -1.4671E-02  1.9310E-03
  3.8934E+01 -6.8377E-03  1.0213E-03
  4.0376E+01  1.6275E-03  9.8496E-05
  4.1818E+01  1.0601E-02 -7.6554E-04
  4.3260E+01  1.8962E-02 -1.5319E-03
  4.4702E+01  2.5675E-02 -2.2023E-03
  4.6144E+01  3.0756E-02 -2.7708E-03
  4.7586E+01  3.5254E-02 -3.2518E-03
  4.9028E+01  4.0137E-02 -3.6651E-03
  5.0470E+01  4.5670E-02 -4.0303E-03
  5.1912E+01  5.1201E-02 -4.3671E-03
  5.3354E+01  5.5496E-02 -4.6794E-03
  5.4796E+01  5.7813E-02 -4.9538E-03
  5.6238E+01  5.8509E-02 -5.1715E-03
  5.7680E+01  5.8839E-02 -5.3223E-03
  5.9122E+01  5.9872E-02 -5.3858E-03
  6.0564E+01  6.1913E-02 -5.3728E-03
  6.2006E+01  6.4262E-02 -5.2821E-03
  6.3448E+01  6.5629E-02 -5.1129E-03
  6.4890E+01  6.5165E-02 -4.8870E-03
  6.6332E+01  6.3100E-02 -4.6159E-03
  6.7774E+01  6.0121E-02 -4.3193E-03
  6.9216E+01  5.6980E-02 -4.0253E-03
  7.0658E+01  5.4377E-02 -3.7467E-03
  7.2100E+01  5.2893E-02 -3.5028E-03
  7.3542E+01  5.2262E-02 -3.2982E-03
  7.4984E+01  5.1554E-02 -3.1361E-03
  7.6426E+01  5.0294E-02 -3.0128E-03
  7.7868E+01  4.8894E-02 -2.9343E-03
  7.9310E+01  4.7692E-02 -2.8926E-03
  8.0752E+01  4.6483E-02 -2.8993E-03
  8.2194E+01  4.5170E-02 -2.9403E-03
  8.3636E+01  4.4494E-02 -3.0012E-03
  8.5078E+01  4.5138E-02 -3.0878E-03
  8.6520E+01  4.6612E-02 -3.1883E-03
  8.7962E+01  4.7715E-02 -3.3055E-03
  8.9404E+01  4.7885E-02 -3.4355E-03
  9.0846E+01  4.7736E-02 -3.5778E-03
  9.2288E+01  4.7999E-02 -3.7289E-03
  9.3730E+01  4.8633E-02 -3.8901E-03
  9.5172E+01  4.8978E-02 -4.0578E-03
  9.6614E+01  4.8683E-02 -4.2268E-03
  9.8056E+01  4.8120E-02 -4.3924E-03
  9.9498E+01  4.8009E-02 -4.5436E-03
  1.0094E+02  4.8620E-02 -4.6838E-03
  1.0238E+02  4.9600E-02 -4.8139E-03
  1.0382E+02  5.0429E-02 -4.9267E-03
  1.0527E+02  5.0885E-02 -5.0310E-03
  1.0671E+02  5.1004E-02 -5.1243E-03
  1.0815E+02  5.0929E-02 -5.2059E-03
  1.0959E+02  5.0890E-02 -5.2773E-03
  1.1103E+02  5.1136E-02 -5.3381E-03
  1.1248E+02  5.1803E-02 -5.3882E-03
  1.1392E+02  5.2806E-02 -5.4278E-03
  1.1536E+02  5.3837E-02 -5.4560E-03
  1.1680E+02  5.4496E-02 -5.4741E-03
  1.1824E+02  5.4544E-02 -5.4876E-03
  1.1969E+02  5.4037E-02 -5.4964E-03
  1.2113E+02  5.3369E-02 -5.5050E-03
  1.2257E+02  5.3067E-02 -5.5167E-03
  1.2401E+02  5.3526E-02 -5.5266E-03
  1.2545E+02  5.4827E-02 -5.5427E-03
  1.2690E+02  5.6590E-02 -5.5683E-03
  1.2834E+02  5.7989E-02 -5.6041E-03
  1.2978E+02  5.8265E-02 -5.6485E-03
  1.3122E+02  5.7383E-02 -5.6947E-03
  1.3266E+02  5.5969E-02 -5.7368E-03
  1.3411E+02  5.4688E-02 -5.7731E-03
  1.3555E+02  5.3877E-02 -5.8051E-03
  1.3699E+02  5.3554E-02 -5.8368E-03
  1.3843E+02  5.3465E-02 -5.8737E-03
  1.3987E+02  5.3357E-02 -5.9164E-03
  1.4132E+02  5.3312E-02 -5.9664E-03
  1.4276E+02  5.3517E-02 -6.0252E-03
  1.4420E+02  5.3770E-02 -6.0880E-03
  1.4564E+02  5.3597E-02 -6.1559E-03
  1.4708E+02  5.2969E-02 -6.2273E-03
  1.4853E+02  5.2426E-02 -6.2989E-03
  1.4997E+02  5.2324E-02 -6.3695E-03
  1.5141E+02  5.2418E-02 -6.4366E-03
  1.5285E+02  5.2337E-02 -6.4979E-03
  1.5429E+02  5.1959E-02 -6.5529E-03
  1.5574E+02  5.1189E-02 -6.6026E-03
  1.5718E+02  5.0080E-02 -6.6490E-03
  1.5862E+02  4.9270E-02 -6.6957E-03
  1.6006E+02  4.9601E-02 -6.7455E-03
  1.6150E+02  5.1056E-02 -6.8019E-03
  1.6295E+02  5.2608E-02 -6.8669E-03
  1.6439E+02  5.3192E-02 -6.9332E-03
  1.6583E+02  5.2673E-02 -6.9947E-03
  1.6727E+02  5.1865E-02 -7.0481E-03
  1.6871E+02  5.1636E-02 -7.0940E-03
  1.7016E+02  5.2073E-02 -7.1384E-03
  1.7160E+02  5.2606E-02 -7.1860E-03
  1.7304E+02  5.2856E-02 -7.2374E-03
  1.7448E+02  5.2896E-02 -7.2903E-03
  1.7592E+02  5.2802E-02 -7.3417E-03
  1.7737E+02  5.2451E-02 -7.3901E-03
  1.7881E+02  5.1980E-02 -7.4369E-03
  1.8025E+02  5.1967E-02 -7.4850E-03
  1.8169E+02  5.2815E-02 -7.5378E-03
  1.8313E+02  5.4180E-02 -7.5970E-03
  1.8458E+02  5.5278E-02 -7.6574E-03
  1.8602E+02  5.5546E-02 -7.7119E-03
  1.8746E+02  5.4943E-02 -7.7559E-03
  1.8890E+02  5.4024E-02 -7.7878E-03
  1.9034E+02  5.3635E-02 -7.8118E-03
  1.9179E+02  5.4127E-02 -7.8349E-03
  1.9323E+02  5.4937E-02 -7.8618E-03
  1.9467E+02  5.5268E-02 -7.8929E-03
  1.9611E+02  5.4981E-02 -7.9252E-03
  1.9755E+02  5.4537E-02 -7.9560E-03
  1.9900E+02  5.4377E-02 -7.9861E-03
  2.0044E+02  5.4480E-02 -8.0180E-03
  2.0188E+02  5.4457E-02 -8.0532E-03
  2.0332E+02  5.3981E-02 -8.0912E-03
  2.0476E+02  5.3228E-02 -8.1282E-03
  2.0621E+02  5.2798E-02 -8.1622E-03
  2.0765E+02  5.3125E-02 -8.1953E-03
  2.0909E+02  5.4096E-02 -8.2315E-03
  2.1053E+02  5.5241E-02 -8.2747E-03
  2.1197E+02  5.6151E-02 -8.3256E-03
  2.1342E+02  5.6575E-02 -8.3817E-03
  2.1486E+02  5.6513E-02 -8.4390E-03
  2.1630E+02  5.6334E-02 -8.4944E-03
  2.1774E+02  5.6473E-02 -8.5481E-03
  2.1918E+02  5.6855E-02 -8.6022E-03
  2.2063E+02  5.7045E-02 -8.6576E-03
  2.2207E+02  5.6968E-02 -8.7134E-03
  2.2351E+02  5.6950E-02 -8.7687E-03
  2.2495E+02  5.7127E-02 -8.8236E-03
  2.2639E+02  5.7300E-02 -8.8791E-03
  2.2784E+02  5.7341E-02 -8.9359E-03
  2.2928E+02  5.7295E-02 -8.9941E-03
  2.3072E+02  5.7099E-02 -9.0518E-03
  2.3216E+02  5.6570E-02 -9.1062E-03
  2.3360E+02  5.5758E-02 -9.1542E-03
  2.3505E+02  5.5079E-02 -9.1948E-03
  2.3649E+02  5.4932E-02 -9.2297E-03
  2.3793E+02  5.5259E-02 -9.2617E-03
  2.3937E+02  5.5609E-02 -9.2931E-03
  2.4081E+02  5.5616E-02 -9.3243E-03
  2.4226E+02  5.5281E-02 -9.3545E-03
  2.4370E+02  5.4816E-02 -9.3831E-03
  2.4514E+02  5.4354E-02 -9.4101E-03
  2.4658E+02  5.3915E-02 -9.4359E-03
  2.4802E+02  5.3556E-02 -9.4613E-03
  2.4947E+02  5.3276E-02 -9.4869E-03
  2.5091E+02  5.2871E-02 -9.5127E-03
  2.5235E+02  5.2178E-02 -9.5378E-03
  2.5379E+02  5.1461E-02 -9.5620E-03
  2.5523E+02  5.1177E-02 -9.5869E-03
  2.5668E+02  5.1353E-02 -9.6159E-03
  2.5812E+02  5.1483E-02 -9.6508E-03
  2.5956E+02  5.1098E-02 -9.6906E-03
  2.6100E+02  5.0250E-02 -9.7322E-03
  2.6244E+02  4.9404E-02 -9.7726E-03
  2.6389E+02  4.8970E-02 -9.8114E-03
  2.6533E+02  4.8908E-02 -9.8501E-03
  2.6677E+02  4.8774E-02 -9.8903E-03
  2.6821E+02  4.8184E-02 -9.9318E-03
  2.6965E+02  4.7286E-02 -9.9735E-03
  2.7110E+02  4.6638E-02 -1.0015E-02
  2.7254E+02  4.6578E-02 -1.0058E-02
  2.7398E+02  4.6889E-02 -1.0105E-02
  2.7542E+02  4.7165E-02 -1.0156E-02
  2.7686E+02  4.7287E-02 -1.0210E-02
  2.7831E+02  4.7371E-02 -1.0266E-02
  2.7975E+02  4.7432E-02 -1.0320E-02
  2.8119E+02  4.7301E-02 -1.0372E-02
  2.8263E+02  4.6835E-02 -1.0421E-02
  2.8407E+02  4.6150E-02 -1.0466E-02
  2.8552E+02  4.5609E-02 -1.0508E-02
  2.8696E+02  4.5570E-02 -1.0549E-02
  2.8840E+02  4.6049E-02 -1.0590E-02
  2.8984E+02  4.6690E-02 -1.0634E-02
  2.9128E+02  4.7076E-02 -1.0682E-02
  2.9273E+02  4.7025E-02 -1.0730E-02
  2.9417E+02  4.6619E-02 -1.0778E-02
  2.9561E+02  4.6088E-02 -1.0823E-02
  2.9705E+02  4.5720E-02 -1.0866E-02
  2.9849E+02  4.5707E-02 -1.0906E-02
  2.9994E+02  4.5983E-02 -1.0945E-02
  3.0138E+02  4.6287E-02 -1.0982E-02
  3.0282E+02  4.6462E-02 -1.1018E-02
  3.0426E+02  4.6581E-02 -1.1051E-02
  3.0570E+02  4.6729E-02 -1.1084E-02
  3.0715E+02  4.6770E-02 -1.1116E-02
  3.0859E+02  4.6506E-02 -1.1149E-02
  3.1003E+02  4.5988E-02 -1.1181E-02
  3.1147E+02  4.5505E-02 -1.1213E-02
  3.1291E+02  4.5316E-02 -1.1243E-02
  3.1436E+02  4.5469E-02 -1.1272E-02
  3.1580E+02  4.5833E-02 -1.1302E-02
  3.1724E+02  4.6235E-02 -1.1333E-02
  3.1868E+02  4.6559E-02 -1.1366E-02
  3.2012E+02  4.6693E-02 -1.1401E-02
  3.2157E+02  4.6519E-02 -1.1437E-02
  3.2301E+02  4.6101E-02 -1.1472E-02
  3.2445E+02  4.5784E-02 -1.1506E-02
  3.2589E+02  4.5905E-02 -1.1539E-02
  3.2733E+02  4.6442E-02 -1.1571E-02
  3.2878E+02  4.7058E-02 -1.1605E-02
  3.3022E+02  4.7442E-02 -1.1640E-02
  3.3166E+02  4.7489E-02 -1.1674E-02
  3.3310E+02  4.7259E-02 -1.1708E-02
  3.3454E+02  4.6920E-02 -1.1741E-02
  3.3599E+02  4.6699E-02 -1.1773E-02
  3.3743E+02  4.6753E-02 -1.1806E-02
  3.3887E+02  4.7017E-02 -1.1841E-02
  3.4031E+02  4.7262E-02 -1.1877E-02
  3.4175E+02  4.7308E-02 -1.1913E-02
  3.4320E+02  4.7152E-02 -1.1947E-02
  3.4464E+02  4.6973E-02 -1.1978E-02
  3.4608E+02  4.6977E-02 -1.2009E-02
  3.4752E+02  4.7137E-02 -1.2040E-02
  3.4896E+02  4.7177E-02 -1.2072E-02
  3.5041E+02  4.6953E-02 -1.2105E-02
  3.5185E+02  4.6669E-02 -1.2136E-02
  3.5329E+02  4.6594E-02 -1.2165E-02
  3.5473E+02  4.6737E-02 -1.2192E-02
  3.5617E+02  4.6914E-02 -1.2219E-02
  3.5762E+02  4.6967E-02 -1.2247E-02
  3.5906E+02  4.6858E-02 -1.2276E-02
  3.6050E+02  4.6659E-02 -1.2305E-02
  3.6194E+02  4.6485E-02 -1.2333E-02
  3.6338E+02  4.6373E-02 -1.2360E-02
  3.6483E+02  4.6225E-02 -1.2388E-02
  3.6627E+02  4.5963E-02 -1.2414E-02
  3.6771E+02  4.5702E-02 -1.2441E-02
  3.6915E+02  4.5641E-02 -1.2466E-02
  3.7059E+02  4.5780E-02 -1.2492E-02
  3.7204E+02  4.5943E-02 -1.2520E-02
  3.7348E+02  4.6027E-02 -1.2548E-02
  3.7492E+02  4.6040E-02 -1.2578E-02
  3.7636E+02  4.5976E-02 -1.2607E-02
  3.7780E+02  4.5828E-02 -1.2635E-02
  3.7925E+02  4.5669E-02 -1.2662E-02
  3.8069E+02  4.5609E-02 -1.2688E-02
  3.8213E+02  4.5719E-02 -1.2713E-02
  3.8357E+02  4.5990E-02 -1.2739E-02
  3.8501E+02  4.6307E-02 -1.2765E-02
  3.8646E+02  4.6503E-02 -1.2792E-02
  3.8790E+02  4.6497E-02 -1.2819E-02
  3.8934E+02  4.6341E-02 -1.2846E-02
  3.9078E+02  4.6206E-02 -1.2872E-02
  3.9222E+02  4.6339E-02 -1.2899E-02
  3.9367E+02  4.6883E-02 -1.2927E-02
  3.9511E+02  4.7642E-02 -1.2956E-02
  3.9655E+02  4.8133E-02 -1.2987E-02
  3.9799E+02  4.8034E-02 -1.3017E-02
  3.9943E+02  4.7547E-02 -1.3043E-02
  4.0088E+02  4.7159E-02 -1.3067E-02
  4.0232E+02  4.7126E-02 -1.3089E-02
  4.0376E+02  4.7349E-02 -1.3112E-02
  4.0520E+02  4.7649E-02 -1.3136E-02
  4.0664E+02  4.7929E-02 -1.3162E-02
  4.0809E+02  4.8117E-02 -1.3187E-02
  4.0953E+02  4.8179E-02 -1.3212E-02
  4.1097E+02  4.8167E-02 -1.3235E-02
  4.1241E+02  4.8154E-02 -1.3258E-02
  4.1385E+02  4.8150E-02 -1.3281E-02
  4.1530E+02  4.8116E-02 -1.3303E-02
  4.1674E+02  4.8000E-02 -1.3325E-02
  4.1818E+02  4.7804E-02 -1.3345E-02
  4.1962E+02  4.7614E-02 -1.3362E-02
  4.2106E+02  4.7528E-02 -1.3378E-02
  4.2251E+02  4.7513E-02 -1.3394E-02
  4.2395E+02  4.7436E-02 -1.3411E-02
  4.2539E+02  4.7235E-02 -1.3430E-02
  4.2683E+02  4.6995E-02 -1.3450E-02
  4.2827E+02  4.6813E-02 -1.3471E-02
  4.2972E+02  4.6673E-02 -1.3492E-02
  4.3116E+02  4.6509E-02 -1.3513E-02
  4.3260E+02  4.6327E-02 -1.3534E-02
  4.3404E+02  4.6179E-02 -1.3554E-02
  4.3548E+02  4.6071E-02 -1.3574E-02
  4.3693E+02  4.5960E-02 -1.3594E-02
  4.3837E+02  4.5807E-02 -1.3614E-02
  4.3981E+02  4.5610E-02 -1.3635E-02
  4.4125E+02  4.5444E-02 -1.3655E-02
  4.4269E+02  4.5395E-02 -1.3677E-02
  4.4414E+02  4.5415E-02 -1.3699E-02
  4.4558E+02  4.5336E-02 -1.3722E-02
  4.4702E+02  4.5114E-02 -1.3746E-02
  4.4846E+02  4.4919E-02 -1.3769E-02
  4.4990E+02  4.4931E-02 -1.3792E-02
  4.5135E+02  4.5087E-02 -1.3816E-02
  4.5279E+02  4.5134E-02 -1.3841E-02
  4.5423E+02  4.4926E-02 -1.3865E-02
  4.5567E+02  4.4598E-02 -1.3889E-02
  4.5711E+02  4.4420E-02 -1.3911E-02
  4.5856E+02  4.4499E-02 -1.3933E-02
  4.6000E+02  4.4683E-02 -1.3955E-02
  4.6144E+02  4.4742E-02 -1.3977E-02
  4.6288E+02  4.4594E-02 -1.4000E-02
  4.6432E+02  4.4331E-02 -1.4021E-02
  4.6577E+02  4.4088E-02 -1.4042E-02
  4.6721E+02  4.3944E-02 -1.4061E-02
  4.6865E+02  4.3918E-02 -1.4080E-02
  4.7009E+02  4.3979E-02 -1.4100E-02
  4.7153E+02  4.4037E-02 -1.4120E-02
  4.7298E+02  4.4034E-02 -1.4141E-02
  4.7442E+02  4.4018E-02 -1.4161E-02
  4.7586E+02  4.4066E-02 -1.4180E-02
  4.7730E+02  4.4152E-02 -1.4200E-02
  4.7874E+02  4.4177E-02 -1.4219E-02
  4.8019E+02  4.4130E-02 -1.4239E-02
  4.8163E+02  4.4089E-02 -1.4258E-02
  4.8307E+02  4.4093E-02 -1.4276E-02
  4.8451E+02  4.4081E-02 -1.4294E-02
  4.8595E+02  4.3986E-02 -1.4311E-02
  4.8740E+02  4.3834E-02 -1.4327E-02
  4.8884E+02  4.3748E-02 -1.4344E-02
  4.9028E+02  4.3830E-02 -1.4361E-02
  4.9172E+02  4.4056E-02 -1.4379E-02
  4.9316E+02  4.4267E-02 -1.4398E-02
  4.9461E+02  4.4297E-02 -1.4418E-02
  4.9605E+02  4.4122E-02 -1.4437E-02
  4.9749E+02  4.3869E-02 -1.4455E-02
  4.9893E+02  4.3697E-02 -1.4471E-02
  5.0037E+02  4.3686E-02 -1.4486E-02
  5.0182E+02  4.3846E-02 -1.4501E-02
  5.0326E+02  4.4103E-02 -1.4517E-02
  5.0470E+02  4.4296E-02 -1.4534E-02
  5.0614E+02  4.4287E-02 -1.4550E-02
  5.0758E+02  4.4087E-02 -1.4566E-02
  5.0903E+02  4.3825E-02 -1.4581E-02
  5.1047E+02  4.3610E-02 -1.4595E-02
  5.1191E+02  4.3479E-02 -1.4608E-02
  5.1335E+02  4.3413E-02 -1.4622E-02
  5.1479E+02  4.3375E-02 -1.4636E-02
  5.1624E+02  4.3331E-02 -1.4650E-02
  5.1768E+02  4.3263E-02 -1.4663E-02
  5.1912E+02  4.3160E-02 -1.4676E-02
  5.2056E+02  4.3032E-02 -1.4689E-02
  5.2200E+02  4.2918E-02 -1.4702E-02
  5.2345E+02  4.2865E-02 -1.4715E-02
  5.2489E+02  4.2868E-02 -1.4729E-02
  5.2633E+02  4.2841E-02 -1.4743E-02
  5.2777E+02  4.2697E-02 -1.4755E-02
  5.2921E+02  4.2468E-02 -1.4766E-02
  5.3066E+02  4.2273E-02 -1.4776E-02
  5.3210E+02  4.2180E-02 -1.4786E-02
  5.3354E+02  4.2151E-02 -1.4796E-02
  5.3498E+02  4.2108E-02 -1.4806E-02
  5.3642E+02  4.2023E-02 -1.4818E-02
  5.3787E+02  4.1958E-02 -1.4830E-02
  5.3931E+02  4.1987E-02 -1.4842E-02
  5.4075E+02  4.2066E-02 -1.4854E-02
  5.4219E+02  4.2062E-02 -1.4866E-02
  5.4363E+02  4.1946E-02 -1.4878E-02
  5.4508E+02  4.1850E-02 -1.4890E-02
  5.4652E+02  4.1897E-02 -1.4900E-02
  5.4796E+02  4.2049E-02 -1.4911E-02
  5.4940E+02  4.2176E-02 -1.4921E-02
  5.5084E+02  4.2188E-02 -1.4931E-02
  5.5229E+02  4.2082E-02 -1.4941E-02
  5.5373E+02  4.1923E-02 -1.4949E-02
  5.5517E+02  4.1824E-02 -1.4958E-02
  5.5661E+02  4.1894E-02 -1.4966E-02
  5.5805E+02  4.2133E-02 -1.4974E-02
  5.5950E+02  4.2389E-02 -1.4984E-02
  5.6094E+02  4.2499E-02 -1.4994E-02
  5.6238E+02  4.2420E-02 -1.5003E-02
  5.6382E+02  4.2248E-02 -1.5010E-02
  5.6526E+02  4.2127E-02 -1.5016E-02
  5.6671E+02  4.2140E-02 -1.5022E-02
  5.6815E+02  4.2252E-02 -1.5027E-02
  5.6959E+02  4.2370E-02 -1.5033E-02
  5.7103E+02  4.2452E-02 -1.5039E-02
  5.7247E+02  4.2488E-02 -1.5044E-02
  5.7392E+02  4.2435E-02 -1.5049E-02
  5.7536E+02  4.2280E-02 -1.5054E-02
  5.7680E+02  4.2116E-02 -1.5058E-02
  5.7824E+02  4.2066E-02 -1.5062E-02
  5.7968E+02  4.2155E-02 -1.5067E-02
  5.8113E+02  4.2288E-02 -1.5073E-02
  5.8257E+02  4.2359E-02 -1.5079E-02
  5.8401E+02  4.2342E-02 -1.5085E-02
  5.8545E+02  4.2285E-02 -1.5091E-02
  5.8689E+02  4.2252E-02 -1.5096E-02
  5.8834E+02  4.2273E-02 -1.5102E-02
  5.8978E+02  4.2313E-02 -1.5108E-02
  5.9122E+02  4.2311E-02 -1.5114E-02
  5.9266E+02  4.2252E-02 -1.5121E-02
  5.9410E+02  4.2187E-02 -1.5127E-02
  5.9555E+02  4.2160E-02 -1.5133E-02
  5.9699E+02  4.2168E-02 -1.5139E-02
  5.9843E+02  4.2169E-02 -1.5145E-02
  5.9987E+02  4.2112E-02 -1.5152E-02
  6.0131E+02  4.1964E-02 -1.5158E-02
  6.0276E+02  4.1762E-02 -1.5165E-02
  6.0420E+02  4.1589E-02 -1.5171E-02
  6.0564E+02  4.1501E-02 -1.5176E-02
  6.0708E+02  4.1483E-02 -1.5182E-02
  6.0852E+02  4.1470E-02 -1.5188E-02
  6.0997E+02  4.1391E-02 -1.5194E-02
  6.1141E+02  4.1231E-02 -1.5199E-02
  6.1285E+02  4.1049E-02 -1.5204E-02
  6.1429E+02  4.0905E-02 -1.5209E-02
  6.1573E+02  4.0771E-02 -1.5213E-02
  6.1718E+02  4.0571E-02 -1.5217E-02
  6.1862E+02  4.0310E-02 -1.5221E-02
  6.2006E+02  4.0106E-02 -1.5224E-02
  6.2150E+02  4.0043E-02 -1.5228E-02
  6.2294E+02  4.0063E-02 -1.5232E-02
  6.2439E+02  4.0044E-02 -1.5237E-02
  6.2583E+02  3.9948E-02 -1.5242E-02
  6.2727E+02  3.9811E-02 -1.5248E-02
  6.2871E+02  3.9660E-02 -1.5254E-02
  6.3015E+02  3.9493E-02 -1.5259E-02
  6.3160E+02  3.9326E-02 -1.5265E-02
  6.3304E+02  3.9205E-02 -1.5270E-02
  6.3448E+02  3.9173E-02 -1.5275E-02
  6.3592E+02  3.9221E-02 -1.5281E-02
  6.3736E+02  3.9284E-02 -1.5288E-02
  6.3881E+02  3.9287E-02 -1.5295E-02
  6.4025E+02  3.9208E-02 -1.5302E-02
  6.4169E+02  3.9093E-02 -1.5309E-02
  6.4313E+02  3.9010E-02 -1.5316E-02
  6.4457E+02  3.9004E-02 -1.5323E-02
  6.4602E+02  3.9069E-02 -1.5330E-02
  6.4746E+02  3.9145E-02 -1.5337E-02
  6.4890E+02  3.9159E-02 -1.5344E-02
  6.5034E+02  3.9091E-02 -1.5350E-02
  6.5178E+02  3.9008E-02 -1.5355E-02
  6.5323E+02  3.8991E-02 -1.5360E-02
  6.5467E+02  3.9045E-02 -1.5365E-02
  6.5611E+02  3.9095E-02 -1.5370E-02
  6.5755E+02  3.9080E-02 -1.5376E-02
  6.5899E+02  3.9018E-02 -1.5381E-02
  6.6044E+02  3.8965E-02 -1.5385E-02
  6.6188E+02  3.8954E-02 -1.5389E-02
  6.6332E+02  3.8971E-02 -1.5392E-02
  6.6476E+02  3.8971E-02 -1.5395E-02
  6.6620E+02  3.8933E-02 -1.5397E-02
  6.6765E+02  3.8880E-02 -1.5400E-02
  6.6909E+02  3.8842E-02 -1.5402E-02
  6.7053E+02  3.8812E-02 -1.5404E-02
  6.7197E+02  3.8761E-02 -1.5406E-02
  6.7341E+02  3.8694E-02 -1.5407E-02
  6.7486E+02  3.8648E-02 -1.5408E-02
  6.7630E+02  3.8646E-02 -1.5410E-02
  6.7774E+02  3.8669E-02 -1.5411E-02
  6.7918E+02  3.8666E-02 -1.5413E-02
  6.8062E+02  3.8595E-02 -1.5415E-02
  6.8207E+02  3.8463E-02 -1.5416E-02
  6.8351E+02  3.8311E-02 -1.5417E-02
  6.8495E+02  3.8191E-02 -1.5418E-02
  6.8639E+02  3.8133E-02 -1.5419E-02
  6.8783E+02  3.8126E-02 -1.5420E-02
  6.8928E+02  3.8143E-02 -1.5421E-02
  6.9072E+02  3.8147E-02 -1.5423E-02
  6.9216E+02  3.8098E-02 -1.5424E-02
  6.9360E+02  3.7993E-02 -1.5426E-02
  6.9504E+02  3.7877E-02 -1.5427E-02
  6.9649E+02  3.7790E-02 -1.5429E-02
  6.9793E+02  3.7720E-02 -1.5430E-02
  6.9937E+02  3.7648E-02 -1.5431E-02
  7.0081E+02  3.7601E-02 -1.5432E-02
  7.0225E+02  3.7614E-02 -1.5433E-02
  7.0370E+02  3.7660E-02 -1.5434E-02
  7.0514E+02  3.7663E-02 -1.5435E-02
  7.0658E+02  3.7586E-02 -1.5436E-02
  7.0802E+02  3.7472E-02 -1.5436E-02
  7.0946E+02  3.7394E-02 -1.5437E-02
  7.1091E+02  3.7378E-02 -1.5438E-02
  7.1235E+02  3.7395E-02 -1.5438E-02
  7.1379E+02  3.7400E-02 -1.5439E-02
  7.1523E+02  3.7381E-02 -1.5439E-02
  7.1667E+02  3.7357E-02 -1.5439E-02
  7.1812E+02  3.7334E-02 -1.5438E-02
  7.1956E+02  3.7292E-02 -1.5437E-02
  7.2100E+02  3.7226E-02 -1.5436E-02
  7.2244E+02  3.7177E-02 -1.5435E-02
  7.2388E+02  3.7177E-02 -1.5434E-02
  7.2533E+02  3.7203E-02 -1.5433E-02
  7.2677E+02  3.7206E-02 -1.5432E-02
  7.2821E+02  3.7162E-02 -1.5430E-02
  7.2965E+02  3.7082E-02 -1.5429E-02
  7.3109E+02  3.6997E-02 -1.5426E-02
  7.3254E+02  3.6949E-02 -1.5424E-02
  7.3398E+02  3.6957E-02 -1.5421E-02
  7.3542E+02  3.6994E-02 -1.5419E-02
  7.3686E+02  3.7008E-02 -1.5417E-02
  7.3830E+02  3.6967E-02 -1.5415E-02
  7.3975E+02  3.6885E-02 -1.5413E-02
  7.4119E+02  3.6812E-02 -1.5410E-02
  7.4263E+02  3.6788E-02 -1.5407E-02
  7.4407E+02  3.6799E-02 -1.5405E-02
  7.4551E+02  3.6793E-02 -1.5402E-02
  7.4696E+02  3.6725E-02 -1.5399E-02
  7.4840E+02  3.6619E-02 -1.5396E-02
  7.4984E+02  3.6542E-02 -1.5393E-02
  7.5128E+02  3.6526E-02 -1.5390E-02
  7.5272E+02  3.6544E-02 -1.5387E-02
  7.5417E+02  3.6551E-02 -1.5384E-02
  7.5561E+02  3.6528E-02 -1.5381E-02
  7.5705E+02  3.6481E-02 -1.5379E-02
  7.5849E+02  3.6438E-02 -1.5376E-02
  7.5993E+02  3.6413E-02 -1.5373E-02
  7.6138E+02  3.6390E-02 -1.5370E-02
  7.6282E+02  3.6345E-02 -1.5366E-02
  7.6426E+02  3.6290E-02 -1.5363E-02
  7.6570E+02  3.6253E-02 -1.5360E-02
  7.6714E+02  3.6239E-02 -1.5356E-02
  7.6859E+02  3.6235E-02 -1.5353E-02
  7.7003E+02  3.6235E-02 -1.5350E-02
  7.7147E+02  3.6245E-02 -1.5347E-02
  7.7291E+02  3.6250E-02 -1.5344E-02
  7.7435E+02  3.6227E-02 -1.5341E-02
  7.7580E+02  3.6174E-02 -1.5338E-02
  7.7724E+02  3.6124E-02 -1.5335E-02
  7.7868E+02  3.6098E-02 -1.5332E-02
  7.8012E+02  3.6093E-02 -1.5328E-02
  7.8156E+02  3.6096E-02 -1.5325E-02
  7.8301E+02  3.6103E-02 -1.5322E-02
  7.8445E+02  3.6108E-02 -1.5318E-02
  7.8589E+02  3.6099E-02 -1.5315E-02
  7.8733E+02  3.6066E-02 -1.5312E-02
  7.8877E+02  3.6013E-02 -1.5309E-02
  7.9022E+02  3.5975E-02 -1.5305E-02
  7.9166E+02  3.5978E-02 -1.5302E-02
  7.9310E+02  3.5999E-02 -1.5298E-02
  7.9454E+02  3.5982E-02 -1.5295E-02
  7.9598E+02  3.5913E-02 -1.5291E-02
  7.9743E+02  3.5839E-02 -1.5287E-02
  7.9887E+02  3.5807E-02 -1.5283E-02
  8.0031E+02  3.5809E-02 -1.5278E-02
  8.0175E+02  3.5799E-02 -1.5274E-02
  8.0319E+02  3.5749E-02 -1.5270E-02
  8.0464E+02  3.5672E-02 -1.5266E-02
  8.0608E+02  3.5602E-02 -1.5262E-02
  8.0752E+02  3.5568E-02 -1.5258E-02
  8.0896E+02  3.5570E-02 -1.5253E-02
  8.1040E+02  3.5584E-02 -1.5249E-02
  8.1185E+02  3.5583E-02 -1.5245E-02
  8.1329E+02  3.5560E-02 -1.5241E-02
  8.1473E+02  3.5523E-02 -1.5237E-02
  8.1617E+02  3.5483E-02 -1.5233E-02
  8.1761E+02  3.5451E-02 -1.5229E-02
  8.1906E+02  3.5429E-02 -1.5225E-02
  8.2050E+02  3.5413E-02 -1.5221E-02
  8.2194E+02  3.5396E-02 -1.5217E-02
  8.2338E+02  3.5383E-02 -1.5213E-02
  8.2482E+02  3.5375E-02 -1.5209E-02
  8.2627E+02  3.5359E-02 -1.5206E-02
  8.2771E+02  3.5320E-02 -1.5202E-02
  8.2915E+02  3.5263E-02 -1.5198E-02
  8.3059E+02  3.5210E-02 -1.5195E-02
  8.3203E+02  3.5170E-02 -1.5191E-02
  8.3348E+02  3.5138E-02 -1.5187E-02
  8.3492E+02  3.5096E-02 -1.5183E-02
  8.3636E+02  3.5038E-02 -1.5179E-02
  8.3780E+02  3.4973E-02 -1.5175E-02
  8.3924E+02  3.4923E-02 -1.5171E-02
  8.4069E+02  3.4892E-02 -1.5166E-02
  8.4213E+02  3.4853E-02 -1.5162E-02
  8.4357E+02  3.4777E-02 -1.5157E-02
  8.4501E+02  3.4673E-02 -1.5153E-02
  8.4645E+02  3.4584E-02 -1.5148E-02
  8.4790E+02  3.4531E-02 -1.5143E-02
  8.4934E+02  3.4487E-02 -1.5138E-02
  8.5078E+02  3.4425E-02 -1.5133E-02
  8.5222E+02  3.4343E-02 -1.5128E-02
  8.5366E+02  3.4266E-02 -1.5123E-02
  8.5511E+02  3.4205E-02 -1.5118E-02
  8.5655E+02  3.4153E-02 -1.5113E-02
  8.5799E+02  3.4092E-02 -1.5108E-02
  8.5943E+02  3.4013E-02 -1.5103E-02
  8.6087E+02  3.3923E-02 -1.5098E-02
  8.6232E+02  3.3832E-02 -1.5093E-02
  8.6376E+02  3.3749E-02 -1.5088E-02
  8.6520E+02  3.3686E-02 -1.5083E-02
  8.6664E+02  3.3642E-02 -1.5077E-02
  8.6808E+02  3.3599E-02 -1.5073E-02
  8.6953E+02  3.3531E-02 -1.5068E-02
  8.7097E+02  3.3436E-02 -1.5063E-02
  8.7241E+02  3.3339E-02 -1.5058E-02
  8.7385E+02  3.3264E-02 -1.5053E-02
  8.7529E+02  3.3207E-02 -1.5048E-02
  8.7674E+02  3.3149E-02 -1.5042E-02
  8.7818E+02  3.3088E-02 -1.5037E-02
  8.7962E+02  3.3036E-02 -1.5032E-02
  8.8106E+02  3.2989E-02 -1.5027E-02
  8.8250E+02  3.2929E-02 -1.5022E-02
  8.8395E+02  3.2842E-02 -1.5016E-02
  8.8539E+02  3.2746E-02 -1.5011E-02
  8.8683E+02  3.2675E-02 -1.5005E-02
  8.8827E+02  3.2654E-02 -1.4999E-02
  8.8971E+02  3.2665E-02 -1.4994E-02
  8.9116E+02  3.2660E-02 -1.4988E-02
  8.9260E+02  3.2611E-02 -1.4983E-02
  8.9404E+02  3.2532E-02 -1.4978E-02
  8.9548E+02  3.2458E-02 -1.4972E-02
  8.9692E+02  3.2409E-02 -1.4966E-02
  8.9837E+02  3.2387E-02 -1.4960E-02
  8.9981E+02  3.2380E-02 -1.4954E-02
  9.0125E+02  3.2380E-02 -1.4948E-02
  9.0269E+02  3.2382E-02 -1.4943E-02
  9.0413E+02  3.2382E-02 -1.4937E-02
  9.0558E+02  3.2380E-02 -1.4932E-02
  9.0702E+02  3.2372E-02 -1.4926E-02
  9.0846E+02  3.2352E-02 -1.4920E-02
  9.0990E+02  3.2329E-02 -1.4915E-02
  9.1134E+02  3.2316E-02 -1.4909E-02
  9.1279E+02  3.2316E-02 -1.4903E-02
  9.1423E+02  3.2324E-02 -1.4897E-02
  9.1567E+02  3.2334E-02 -1.4891E-02
  9.1711E+02  3.2342E-02 -1.4885E-02
  9.1855E+02  3.2344E-02 -1.4879E-02
  9.2000E+02  3.2347E-02 -1.4873E-02
  9.2144E+02  3.2361E-02 -1.4867E-02
  9.2288E+02  3.2378E-02 -1.4860E-02
  9.2432E+02  3.2379E-02 -1.4854E-02
  9.2576E+02  3.2363E-02 -1.4848E-02
  9.2721E+02  3.2346E-02 -1.4842E-02
  9.2865E+02  3.2347E-02 -1.4835E-02
  9.3009E+02  3.2360E-02 -1.4828E-02
  9.3153E+02  3.2364E-02 -1.4821E-02
  9.3297E+02  3.2349E-02 -1.4814E-02
  9.3442E+02  3.2326E-02 -1.4807E-02
  9.3586E+02  3.2316E-02 -1.4800E-02
  9.3730E+02  3.2319E-02 -1.4793E-02
  9.3874E+02  3.2315E-02 -1.4786E-02
  9.4018E+02  3.2287E-02 -1.4779E-02
  9.4163E+02  3.2247E-02 -1.4771E-02
  9.4307E+02  3.2222E-02 -1.4764E-02
  9.4451E+02  3.2220E-02 -1.4757E-02
  9.4595E+02  3.2223E-02 -1.4749E-02
  9.4739E+02  3.2213E-02 -1.4742E-02
  9.4884E+02  3.2183E-02 -1.4735E-02
  9.5028E+02  3.2134E-02 -1.4728E-02
  9.5172E+02  3.2081E-02 -1.4720E-02
  9.5316E+02  3.2044E-02 -1.4713E-02
  9.5460E+02  3.2038E-02 -1.4706E-02
  9.5605E+02  3.2054E-02 -1.4699E-02
  9.5749E+02  3.2063E-02 -1.4692E-02
  9.5893E+02  3.2044E-02 -1.4685E-02
  9.6037E+02  3.2000E-02 -1.4678E-02
  9.6181E+02  3.1952E-02 -1.4671E-02
  9.6326E+02  3.1921E-02 -1.4664E-02
  9.6470E+02  3.1908E-02 -1.4658E-02
  9.6614E+02  3.1902E-02 -1.4651E-02
  9.6758E+02  3.1894E-02 -1.4644E-02
  9.6902E+02  3.1887E-02 -1.4638E-02
  9.7047E+02  3.1881E-02 -1.4631E-02
  9.7191E+02  3.1864E-02 -1.4625E-02
  9.7335E+02  3.1829E-02 -1.4618E-02
  9.7479E+02  3.1788E-02 -1.4612E-02
  9.7623E+02  3.1759E-02 -1.4605E-02
  9.7768E+02  3.1742E-02 -1.4599E-02
  9.7912E+02  3.1726E-02 -1.4593E-02
  9.8056E+02  3.1703E-02 -1.4586E-02
  9.8200E+02  3.1673E-02 -1.4579E-02
  9.8344E+02  3.1647E-02 -1.4573E-02
  9.8489E+02  3.1633E-02 -1.4566E-02
  9.8633E+02  3.1627E-02 -1.4560E-02
  9.8777E+02  3.1611E-02 -1.4553E-02
  9.8921E+02  3.1574E-02 -1.4547E-02
  9.9065E+02  3.1525E-02 -1.4540E-02
  9.9210E+02  3.1482E-02 -1.4533E-02
  9.9354E+02  3.1454E-02 -1.4526E-02
  9.9498E+02  3.1438E-02 -1.4520E-02
  9.9642E+02  3.1425E-02 -1.4513E-02
  9.9786E+02  3.1409E-02 -1.4506E-02
  9.9931E+02  3.1387E-02 -1.4500E-02
  1.0007E+03  3.1361E-02 -1.4493E-02
  1.0022E+03  3.1336E-02 -1.4487E-02
  1.0036E+03  3.1318E-02 -1.4480E-02
  1.0051E+03  3.1300E-02 -1.4474E-02
  1.0065E+03  3.1278E-02 -1.4468E-02
  1.0080E+03  3.1255E-02 -1.4461E-02
  1.0094E+03  3.1240E-02 -1.4455E-02
  1.0108E+03  3.1240E-02 -1.4449E-02
  1.0123E+03  3.1246E-02 -1.4442E-02
  1.0137E+03  3.1239E-02 -1.4436E-02
  1.0152E+03  3.1211E-02 -1.4430E-02
  1.0166E+03  3.1179E-02 -1.4424E-02
  1.0181E+03  3.1164E-02 -1.4418E-02
  1.0195E+03  3.1169E-02 -1.4412E-02
  1.0209E+03  3.1177E-02 -1.4406E-02
  1.0224E+03  3.1177E-02 -1.4400E-02
  1.0238E+03  3.1170E-02 -1.4394E-02
  1.0253E+03  3.1162E-02 -1.4388E-02
  1.0267E+03  3.1149E-02 -1.4382E-02
  1.0281E+03  3.1128E-02 -1.4375E-02
  1.0296E+03  3.1106E-02 -1.4369E-02
  1.0310E+03  3.1093E-02 -1.4363E-02
  1.0325E+03  3.1093E-02 -1.4357E-02
  1.0339E+03  3.1100E-02 -1.4350E-02
  1.0354E+03  3.1101E-02 -1.4344E-02
  1.0368E+03  3.1088E-02 -1.4338E-02
  1.0382E+03  3.1065E-02 -1.4332E-02
  1.0397E+03  3.1042E-02 -1.4325E-02
  1.0411E+03  3.1028E-02 -1.4319E-02
  1.0426E+03  3.1024E-02 -1.4313E-02
  1.0440E+03  3.1028E-02 -1.4307E-02
  1.0454E+03  3.1031E-02 -1.4300E-02
  1.0469E+03  3.1019E-02 -1.4294E-02
  1.0483E+03  3.0994E-02 -1.4288E-02
  1.0498E+03  3.0971E-02 -1.4282E-02
  1.0512E+03  3.0966E-02 -1.4276E-02
  1.0527E+03  3.0978E-02 -1.4270E-02
  1.0541E+03  3.0989E-02 -1.4264E-02
  1.0555E+03  3.0988E-02 -1.4259E-02
  1.0570E+03  3.0974E-02 -1.4253E-02
  1.0584E+03  3.0959E-02 -1.4248E-02
  1.0599E+03  3.0952E-02 -1.4242E-02
  1.0613E+03  3.0953E-02 -1.4237E-02
  1.0628E+03  3.0957E-02 -1.4232E-02
  1.0642E+03  3.0961E-02 -1.4226E-02
  1.0656E+03  3.0969E-02 -1.4221E-02
  1.0671E+03  3.0984E-02 -1.4216E-02
  1.0685E+03  3.0999E-02 -1.4212E-02
  1.0700E+03  3.1005E-02 -1.4207E-02
  1.0714E+03  3.1006E-02 -1.4202E-02
  1.0728E+03  3.1016E-02 -1.4197E-02
  1.0743E+03  3.1042E-02 -1.4193E-02
  1.0757E+03  3.1079E-02 -1.4188E-02
  1.0772E+03  3.1113E-02 -1.4184E-02
  1.0786E+03  3.1138E-02 -1.4180E-02
  1.0801E+03  3.1154E-02 -1.4175E-02
  1.0815E+03  3.1169E-02 -1.4171E-02
  1.0829E+03  3.1189E-02 -1.4167E-02
  1.0844E+03  3.1217E-02 -1.4162E-02
  1.0858E+03  3.1250E-02 -1.4158E-02
  1.0873E+03  3.1287E-02 -1.4154E-02
  1.0887E+03  3.1323E-02 -1.4150E-02
  1.0902E+03  3.1355E-02 -1.4146E-02
  1.0916E+03  3.1384E-02 -1.4142E-02
  1.0930E+03  3.1412E-02 -1.4138E-02
  1.0945E+03  3.1435E-02 -1.4134E-02
  1.0959E+03  3.1450E-02 -1.4130E-02
  1.0974E+03  3.1461E-02 -1.4126E-02
  1.0988E+03  3.1481E-02 -1.4121E-02
  1.1002E+03  3.1513E-02 -1.4117E-02
  1.1017E+03  3.1543E-02 -1.4113E-02
  1.1031E+03  3.1556E-02 -1.4109E-02
  1.1046E+03  3.1554E-02 -1.4104E-02
  1.1060E+03  3.1549E-02 -1.4100E-02
  1.1075E+03  3.1552E-02 -1.4096E-02
  1.1089E+03  3.1560E-02 -1.4091E-02
  1.1103E+03  3.1562E-02 -1.4087E-02
  1.1118E+03  3.1552E-02 -1.4083E-02
  1.1132E+03  3.1534E-02 -1.4078E-02
  1.1147E+03  3.1516E-02 -1.4074E-02
  1.1161E+03  3.1499E-02 -1.4069E-02
  1.1175E+03  3.1480E-02 -1.4064E-02
  1.1190E+03  3.1458E-02 -1.4060E-02
  1.1204E+03  3.1435E-02 -1.4055E-02
  1.1219E+03  3.1410E-02 -1.4051E-02
  1.1233E+03  3.1376E-02 -1.4046E-02
  1.1248E+03  3.1332E-02 -1.4042E-02
  1.1262E+03  3.1282E-02 -1.4037E-02
  1.1276E+03  3.1230E-02 -1.4033E-02
  1.1291E+03  3.1182E-02 -1.4028E-02
  1.1305E+03  3.1141E-02 -1.4024E-02
  1.1320E+03  3.1104E-02 -1.4019E-02
  1.1334E+03  3.1065E-02 -1.4015E-02
  1.1349E+03  3.1016E-02 -1.4010E-02
  1.1363E+03  3.0954E-02 -1.4006E-02
  1.1377E+03  3.0886E-02 -1.4002E-02
  1.1392E+03  3.0823E-02 -1.3998E-02
  1.1406E+03  3.0772E-02 -1.3993E-02
  1.1421E+03  3.0728E-02 -1.3989E-02
  1.1435E+03  3.0678E-02 -1.3985E-02
  1.1449E+03  3.0616E-02 -1.3981E-02
  1.1464E+03  3.0551E-02 -1.3977E-02
  1.1478E+03  3.0493E-02 -1.3973E-02
  1.1493E+03  3.0446E-02 -1.3969E-02
  1.1507E+03  3.0402E-02 -1.3966E-02
  1.1522E+03  3.0352E-02 -1.3962E-02
  1.1536E+03  3.0298E-02 -1.3958E-02
  1.1550E+03  3.0246E-02 -1.3955E-02
  1.1565E+03  3.0200E-02 -1.3951E-02
  1.1579E+03  3.0159E-02 -1.3947E-02
  1.1594E+03  3.0114E-02 -1.3944E-02
  1.1608E+03  3.0066E-02 -1.3940E-02
  1.1623E+03  3.0020E-02 -1.3937E-02
  1.1637E+03  2.9982E-02 -1.3933E-02
  1.1651E+03  2.9946E-02 -1.3930E-02
  1.1666E+03  2.9908E-02 -1.3927E-02
  1.1680E+03  2.9871E-02 -1.3923E-02
  1.1695E+03  2.9837E-02 -1.3920E-02
  1.1709E+03  2.9807E-02 -1.3917E-02
  1.1723E+03  2.9778E-02 -1.3913E-02
  1.1738E+03  2.9751E-02 -1.3910E-02
  1.1752E+03  2.9723E-02 -1.3907E-02
  1.1767E+03  2.9693E-02 -1.3903E-02
  1.1781E+03  2.9660E-02 -1.3900E-02
  1.1796E+03  2.9629E-02 -1.3897E-02
  1.1810E+03  2.9604E-02 -1.3893E-02
  1.1824E+03  2.9584E-02 -1.3890E-02
  1.1839E+03  2.9565E-02 -1.3887E-02
  1.1853E+03  2.9545E-02 -1.3884E-02
  1.1868E+03  2.9524E-02 -1.3880E-02
  1.1882E+03  2.9506E-02 -1.3877E-02
  1.1896E+03  2.9489E-02 -1.3874E-02
  1.1911E+03  2.9468E-02 -1.3871E-02
  1.1925E+03  2.9437E-02 -1.3868E-02
  1.1940E+03  2.9406E-02 -1.3865E-02
  1.1954E+03  2.9386E-02 -1.3862E-02
  1.1969E+03  2.9380E-02 -1.3858E-02
  1.1983E+03  2.9376E-02 -1.3855E-02
  1.1997E+03  2.9362E-02 -1.3853E-02
  1.2012E+03  2.9336E-02 -1.3850E-02
  1.2026E+03  2.9306E-02 -1.3847E-02
  1.2041E+03  2.9280E-02 -1.3844E-02
  1.2055E+03  2.9262E-02 -1.3841E-02
  1.2070E+03  2.9248E-02 -1.3838E-02
  1.2084E+03  2.9235E-02 -1.3836E-02
  1.2098E+03  2.9219E-02 -1.3833E-02
  1.2113E+03  2.9200E-02 -1.3830E-02
  1.2127E+03  2.9180E-02 -1.3828E-02
  1.2142E+03  2.9159E-02 -1.3825E-02
  1.2156E+03  2.9139E-02 -1.3823E-02
  1.2170E+03  2.9121E-02 -1.3820E-02
  1.2185E+03  2.9106E-02 -1.3818E-02
  1.2199E+03  2.9092E-02 -1.3816E-02
  1.2214E+03  2.9077E-02 -1.3813E-02
  1.2228E+03  2.9062E-02 -1.3811E-02
  1.2243E+03  2.9046E-02 -1.3809E-02
  1.2257E+03  2.9027E-02 -1.3807E-02
  1.2271E+03  2.9010E-02 -1.3805E-02
  1.2286E+03  2.8996E-02 -1.3803E-02
  1.2300E+03  2.8986E-02 -1.3801E-02
  1.2315E+03  2.8975E-02 -1.3799E-02
  1.2329E+03  2.8960E-02 -1.3797E-02
  1.2344E+03  2.8941E-02 -1.3795E-02
  1.2358E+03  2.8924E-02 -1.3793E-02
  1.2372E+03  2.8915E-02 -1.3792E-02
  1.2387E+03  2.8911E-02 -1.3790E-02
  1.2401E+03  2.8905E-02 -1.3788E-02
  1.2416E+03  2.8890E-02 -1.3787E-02
  1.2430E+03  2.8871E-02 -1.3785E-02
  1.2444E+03  2.8857E-02 -1.3783E-02
  1.2459E+03  2.8848E-02 -1.3782E-02
  1.2473E+03  2.8839E-02 -1.3780E-02
  1.2488E+03  2.8828E-02 -1.3779E-02
  1.2502E+03  2.8815E-02 -1.3777E-02
  1.2517E+03  2.8806E-02 -1.3776E-02
  1.2531E+03  2.8798E-02 -1.3774E-02
  1.2545E+03  2.8789E-02 -1.3773E-02
  1.2560E+03  2.8776E-02 -1.3771E-02
  1.2574E+03  2.8758E-02 -1.3770E-02
  1.2589E+03  2.8740E-02 -1.3769E-02
  1.2603E+03  2.8724E-02 -1.3767E-02
  1.2618E+03  2.8712E-02 -1.3766E-02
  1.2632E+03  2.8704E-02 -1.3765E-02
  1.2646E+03  2.8697E-02 -1.3763E-02
  1.2661E+03  2.8688E-02 -1.3762E-02
  1.2675E+03  2.8671E-02 -1.3761E-02
  1.2690E+03  2.8651E-02 -1.3760E-02
  1.2704E+03  2.8633E-02 -1.3759E-02
  1.2718E+03  2.8618E-02 -1.3757E-02
  1.2733E+03  2.8606E-02 -1.3756E-02
  1.2747E+03  2.8594E-02 -1.3755E-02
  1.2762E+03  2.8583E-02 -1.3754E-02
  1.2776E+03  2.8575E-02 -1.3754E-02
  1.2791E+03  2.8566E-02 -1.3753E-02
  1.2805E+03  2.8554E-02 -1.3752E-02
  1.2819E+03  2.8536E-02 -1.3751E-02
  1.2834E+03  2.8520E-02 -1.3751E-02
  1.2848E+03  2.8510E-02 -1.3750E-02
  1.2863E+03  2.8507E-02 -1.3749E-02
  1.2877E+03  2.8505E-02 -1.3749E-02
  1.2891E+03  2.8497E-02 -1.3749E-02
  1.2906E+03  2.8486E-02 -1.3748E-02
  1.2920E+03  2.8476E-02 -1.3748E-02
  1.2935E+03  2.8471E-02 -1.3748E-02
  1.2949E+03  2.8468E-02 -1.3748E-02
  1.2964E+03  2.8466E-02 -1.3748E-02
  1.2978E+03  2.8462E-02 -1.3747E-02
  1.2992E+03  2.8458E-02 -1.3748E-02
  1.3007E+03  2.8457E-02 -1.3748E-02
  1.3021E+03  2.8460E-02 -1.3748E-02
  1.3036E+03  2.8465E-02 -1.3748E-02
  1.3050E+03  2.8471E-02 -1.3748E-02
  1.3065E+03  2.8477E-02 -1.3749E-02
  1.3079E+03  2.8481E-02 -1.3749E-02
  1.3093E+03  2.8486E-02 -1.3749E-02
  1.3108E+03  2.8491E-02 -1.3750E-02
  1.3122E+03  2.8500E-02 -1.3750E-02
  1.3137E+03  2.8512E-02 -1.3751E-02
  1.3151E+03  2.8526E-02 -1.3752E-02
  1.3165E+03  2.8541E-02 -1.3752E-02
  1.3180E+03  2.8558E-02 -1.3753E-02
  1.3194E+03  2.8578E-02 -1.3754E-02
  1.3209E+03  2.8599E-02 -1.3755E-02
  1.3223E+03  2.8617E-02 -1.3755E-02
  1.3238E+03  2.8633E-02 -1.3756E-02
  1.3252E+03  2.8651E-02 -1.3757E-02
  1.3266E+03  2.8676E-02 -1.3758E-02
  1.3281E+03  2.8703E-02 -1.3759E-02
  1.3295E+03  2.8730E-02 -1.3760E-02
  1.3310E+03  2.8754E-02 -1.3762E-02
  1.3324E+03  2.8778E-02 -1.3763E-02
  1.3339E+03  2.8806E-02 -1.3764E-02
  1.3353E+03  2.8836E-02 -1.3765E-02
  1.3367E+03  2.8864E-02 -1.3766E-02
  1.3382E+03  2.8888E-02 -1.3768E-02
  1.3396E+03  2.8911E-02 -1.3769E-02
  1.3411E+03  2.8937E-02 -1.3770E-02
  1.3425E+03  2.8966E-02 -1.3771E-02
  1.3439E+03  2.8993E-02 -1.3773E-02
  1.3454E+03  2.9018E-02 -1.3774E-02
  1.3468E+03  2.9040E-02 -1.3775E-02
  1.3483E+03  2.9059E-02 -1.3777E-02
  1.3497E+03  2.9076E-02 -1.3778E-02
  1.3512E+03  2.9095E-02 -1.3779E-02
  1.3526E+03  2.9115E-02 -1.3781E-02
  1.3540E+03  2.9133E-02 -1.3782E-02
  1.3555E+03  2.9146E-02 -1.3784E-02
  1.3569E+03  2.9154E-02 -1.3785E-02
  1.3584E+03  2.9160E-02 -1.3786E-02
  1.3598E+03  2.9166E-02 -1.3788E-02
  1.3612E+03  2.9173E-02 -1.3789E-02
  1.3627E+03  2.9178E-02 -1.3790E-02
  1.3641E+03  2.9178E-02 -1.3792E-02
  1.3656E+03  2.9175E-02 -1.3793E-02
  1.3670E+03  2.9172E-02 -1.3795E-02
  1.3685E+03  2.9169E-02 -1.3796E-02
  1.3699E+03  2.9162E-02 -1.3798E-02
  1.3713E+03  2.9152E-02 -1.3799E-02
  1.3728E+03  2.9141E-02 -1.3801E-02
  1.3742E+03  2.9130E-02 -1.3802E-02
  1.3757E+03  2.9120E-02 -1.3804E-02
  1.3771E+03  2.9105E-02 -1.3806E-02
  1.3786E+03  2.9087E-02 -1.3807E-02
  1.3800E+03  2.9068E-02 -1.3809E-02
  1.3814E+03  2.9051E-02 -1.3811E-02
  1.3829E+03  2.9038E-02 -1.3813E-02
  1.3843E+03  2.9025E-02 -1.3815E-02
  1.3858E+03  2.9009E-02 -1.3817E-02
  1.3872E+03  2.8988E-02 -1.3819E-02
  1.3886E+03  2.8966E-02 -1.3821E-02
  1.3901E+03  2.8945E-02 -1.3823E-02
  1.3915E+03  2.8925E-02 -1.3826E-02
  1.3930E+03  2.8908E-02 -1.3828E-02
  1.3944E+03  2.8891E-02 -1.3830E-02
  1.3959E+03  2.8873E-02 -1.3833E-02
  1.3973E+03  2.8855E-02 -1.3835E-02
  1.3987E+03  2.8835E-02 -1.3838E-02
  1.4002E+03  2.8817E-02 -1.3840E-02
  1.4016E+03  2.8800E-02 -1.3843E-02
  1.4031E+03  2.8782E-02 -1.3845E-02
  1.4045E+03  2.8761E-02 -1.3848E-02
  1.4060E+03  2.8740E-02 -1.3851E-02
  1.4074E+03  2.8722E-02 -1.3853E-02
  1.4088E+03  2.8707E-02 -1.3856E-02
  1.4103E+03  2.8693E-02 -1.3859E-02
  1.4117E+03  2.8676E-02 -1.3862E-02
  1.4132E+03  2.8656E-02 -1.3865E-02
  1.4146E+03  2.8636E-02 -1.3867E-02
  1.4160E+03  2.8620E-02 -1.3870E-02
  1.4175E+03  2.8605E-02 -1.3873E-02
  1.4189E+03  2.8589E-02 -1.3876E-02
  1.4204E+03  2.8571E-02 -1.3879E-02
  1.4218E+03  2.8554E-02 -1.3882E-02
  1.4233E+03  2.8537E-02 -1.3885E-02
  1.4247E+03  2.8521E-02 -1.3887E-02
  1.4261E+03  2.8503E-02 -1.3890E-02
  1.4276E+03  2.8486E-02 -1.3893E-02
  1.4290E+03  2.8469E-02 -1.3896E-02
  1.4305E+03  2.8454E-02 -1.3899E-02
  1.4319E+03  2.8440E-02 -1.3902E-02
  1.4333E+03  2.8424E-02 -1.3905E-02
  1.4348E+03  2.8405E-02 -1.3908E-02
  1.4362E+03  2.8386E-02 -1.3911E-02
  1.4377E+03  2.8368E-02 -1.3914E-02
  1.4391E+03  2.8352E-02 -1.3917E-02
  1.4406E+03  2.8338E-02 -1.3921E-02
  1.4420E+03  2.8324E-02 -1.3924E-02
  1.4434E+03  2.8308E-02 -1.3927E-02
  1.4449E+03  2.8288E-02 -1.3930E-02
  1.4463E+03  2.8267E-02 -1.3934E-02
  1.4478E+03  2.8249E-02 -1.3937E-02
  1.4492E+03  2.8235E-02 -1.3940E-02
  1.4507E+03  2.8223E-02 -1.3944E-02
  1.4521E+03  2.8209E-02 -1.3947E-02
  1.4535E+03  2.8193E-02 -1.3951E-02
  1.4550E+03  2.8176E-02 -1.3954E-02
  1.4564E+03  2.8160E-02 -1.3958E-02
  1.4579E+03  2.8145E-02 -1.3962E-02
  1.4593E+03  2.8132E-02 -1.3965E-02
  1.4607E+03  2.8117E-02 -1.3969E-02
  1.4622E+03  2.8104E-02 -1.3973E-02
  1.4636E+03  2.8094E-02 -1.3977E-02
  1.4651E+03  2.8087E-02 -1.3980E-02
  1.4665E+03  2.8078E-02 -1.3984E-02
  1.4680E+03  2.8068E-02 -1.3988E-02
  1.4694E+03  2.8057E-02 -1.3993E-02
  1.4708E+03  2.8050E-02 -1.3997E-02
  1.4723E+03  2.8045E-02 -1.4001E-02
  1.4737E+03  2.8041E-02 -1.4005E-02
  1.4752E+03  2.8038E-02 -1.4009E-02
  1.4766E+03  2.8035E-02 -1.4014E-02
  1.4781E+03  2.8034E-02 -1.4018E-02
  1.4795E+03  2.8034E-02 -1.4022E-02
  1.4809E+03  2.8035E-02 -1.4027E-02
  1.4824E+03  2.8036E-02 -1.4031E-02
  1.4838E+03  2.8038E-02 -1.4036E-02
  1.4853E+03  2.8041E-02 -1.4040E-02
  1.4867E+03  2.8045E-02 -1.4045E-02
  1.4881E+03  2.8050E-02 -1.4050E-02
  1.4896E+03  2.8057E-02 -1.4054E-02
  1.4910E+03  2.8064E-02 -1.4059E-02
  1.4925E+03  2.8071E-02 -1.4063E-02
  1.4939E+03  2.8077E-02 -1.4068E-02
  1.4954E+03  2.8084E-02 -1.4073E-02
  1.4968E+03  2.8092E-02 -1.4077E-02
  1.4982E+03  2.8102E-02 -1.4082E-02
  1.4997E+03  2.8111E-02 -1.4087E-02
  1.5011E+03  2.8117E-02 -1.4092E-02
  1.5026E+03  2.8123E-02 -1.4096E-02
  1.5040E+03  2.8130E-02 -1.4101E-02
  1.5054E+03  2.8140E-02 -1.4106E-02
  1.5069E+03  2.8151E-02 -1.4110E-02
  1.5083E+03  2.8158E-02 -1.4115E-02
  1.5098E+03  2.8163E-02 -1.4120E-02
  1.5112E+03  2.8166E-02 -1.4124E-02
  1.5127E+03  2.8171E-02 -1.4129E-02
  1.5141E+03  2.8175E-02 -1.4134E-02
  1.5155E+03  2.8180E-02 -1.4138E-02
  1.5170E+03  2.8183E-02 -1.4143E-02
  1.5184E+03  2.8186E-02 -1.4148E-02
  1.5199E+03  2.8188E-02 -1.4152E-02
  1.5213E+03  2.8188E-02 -1.4157E-02
  1.5228E+03  2.8186E-02 -1.4162E-02
  1.5242E+03  2.8182E-02 -1.4166E-02
  1.5256E+03  2.8177E-02 -1.4171E-02
  1.5271E+03  2.8173E-02 -1.4176E-02
  1.5285E+03  2.8168E-02 -1.4181E-02
  1.5300E+03  2.8164E-02 -1.4185E-02
  1.5314E+03  2.8158E-02 -1.4190E-02
  1.5328E+03  2.8150E-02 -1.4195E-02
  1.5343E+03  2.8138E-02 -1.4200E-02
  1.5357E+03  2.8126E-02 -1.4205E-02
  1.5372E+03  2.8113E-02 -1.4210E-02
  1.5386E+03  2.8102E-02 -1.4214E-02
  1.5401E+03  2.8090E-02 -1.4219E-02
  1.5415E+03  2.8075E-02 -1.4224E-02
  1.5429E+03  2.8058E-02 -1.4229E-02
  1.5444E+03  2.8040E-02 -1.4234E-02
  1.5458E+03  2.8023E-02 -1.4239E-02
  1.5473E+03  2.8007E-02 -1.4244E-02
  1.5487E+03  2.7989E-02 -1.4250E-02
  1.5502E+03  2.7969E-02 -1.4255E-02
  1.5516E+03  2.7948E-02 -1.4260E-02
  1.5530E+03  2.7927E-02 -1.4265E-02
  1.5545E+03  2.7907E-02 -1.4270E-02
  1.5559E+03  2.7886E-02 -1.4275E-02
  1.5574E+03  2.7863E-02 -1.4281E-02
  1.5588E+03  2.7841E-02 -1.4286E-02
  1.5602E+03  2.7820E-02 -1.4291E-02
  1.5617E+03  2.7799E-02 -1.4297E-02
  1.5631E+03  2.7778E-02 -1.4302E-02
  1.5646E+03  2.7754E-02 -1.4307E-02
  1.5660E+03  2.7731E-02 -1.4313E-02
  1.5675E+03  2.7709E-02 -1.4318E-02
  1.5689E+03  2.7688E-02 -1.4324E-02
  1.5703E+03  2.7667E-02 -1.4330E-02
  1.5718E+03  2.7647E-02 -1.4335E-02
  1.5732E+03  2.7627E-02 -1.4341E-02
  1.5747E+03  2.7607E-02 -1.4346E-02
  1.5761E+03  2.7586E-02 -1.4352E-02
  1.5775E+03  2.7565E-02 -1.4358E-02
  1.5790E+03  2.7546E-02 -1.4364E-02
  1.5804E+03  2.7528E-02 -1.4370E-02
  1.5819E+03  2.7511E-02 -1.4375E-02
  1.5833E+03  2.7494E-02 -1.4381E-02
  1.5848E+03  2.7478E-02 -1.4387E-02
  1.5862E+03  2.7463E-02 -1.4393E-02
  1.5876E+03  2.7448E-02 -1.4399E-02
  1.5891E+03  2.7432E-02 -1.4405E-02
  1.5905E+03  2.7415E-02 -1.4411E-02
  1.5920E+03  2.7398E-02 -1.4417E-02
  1.5934E+03  2.7385E-02 -1.4424E-02
  1.5949E+03  2.7375E-02 -1.4430E-02
  1.5963E+03  2.7365E-02 -1.4436E-02
  1.5977E+03  2.7354E-02 -1.4442E-02
  1.5992E+03  2.7341E-02 -1.4449E-02
  1.6006E+03  2.7328E-02 -1.4455E-02
  1.6021E+03  2.7317E-02 -1.4461E-02
  1.6035E+03  2.7307E-02 -1.4468E-02
  1.6049E+03  2.7299E-02 -1.4474E-02
  1.6064E+03  2.7290E-02 -1.4480E-02
  1.6078E+03  2.7281E-02 -1.4487E-02
  1.6093E+03  2.7273E-02 -1.4493E-02
  1.6107E+03  2.7265E-02 -1.4500E-02
  1.6122E+03  2.7257E-02 -1.4506E-02
  1.6136E+03  2.7250E-02 -1.4513E-02
  1.6150E+03  2.7244E-02 -1.4519E-02
  1.6165E+03  2.7239E-02 -1.4526E-02
  1.6179E+03  2.7233E-02 -1.4533E-02
  1.6194E+03  2.7227E-02 -1.4539E-02
  1.6208E+03  2.7221E-02 -1.4546E-02
  1.6223E+03  2.7216E-02 -1.4553E-02
  1.6237E+03  2.7210E-02 -1.4559E-02
  1.6251E+03  2.7206E-02 -1.4566E-02
  1.6266E+03  2.7203E-02 -1.4573E-02
  1.6280E+03  2.7200E-02 -1.4580E-02
  1.6295E+03  2.7196E-02 -1.4586E-02
  1.6309E+03  2.7192E-02 -1.4593E-02
  1.6323E+03  2.7186E-02 -1.4600E-02
  1.6338E+03  2.7182E-02 -1.4607E-02
  1.6352E+03  2.7180E-02 -1.4614E-02
  1.6367E+03  2.7178E-02 -1.4621E-02
  1.6381E+03  2.7175E-02 -1.4628E-02
  1.6396E+03  2.7171E-02 -1.4634E-02
  1.6410E+03  2.7168E-02 -1.4641E-02
  1.6424E+03  2.7165E-02 -1.4648E-02
  1.6439E+03  2.7162E-02 -1.4655E-02
  1.6453E+03  2.7159E-02 -1.4662E-02
  1.6468E+03  2.7155E-02 -1.4669E-02
  1.6482E+03  2.7152E-02 -1.4676E-02
  1.6496E+03  2.7150E-02 -1.4683E-02
  1.6511E+03  2.7148E-02 -1.4690E-02
  1.6525E+03  2.7146E-02 -1.4697E-02
  1.6540E+03  2.7142E-02 -1.4704E-02
  1.6554E+03  2.7138E-02 -1.4711E-02
  1.6569E+03  2.7133E-02 -1.4718E-02
  1.6583E+03  2.7129E-02 -1.4725E-02
  1.6597E+03  2.7125E-02 -1.4732E-02
  1.6612E+03  2.7122E-02 -1.4739E-02
  1.6626E+03  2.7119E-02 -1.4746E-02
  1.6641E+03  2.7115E-02 -1.4753E-02
  1.6655E+03  2.7109E-02 -1.4760E-02
  1.6670E+03  2.7103E-02 -1.4767E-02
  1.6684E+03  2.7098E-02 -1.4775E-02
  1.6698E+03  2.7093E-02 -1.4782E-02
  1.6713E+03  2.7087E-02 -1.4789E-02
  1.6727E+03  2.7080E-02 -1.4796E-02
  1.6742E+03  2.7074E-02 -1.4803E-02
  1.6756E+03  2.7067E-02 -1.4810E-02
  1.6770E+03  2.7061E-02 -1.4817E-02
  1.6785E+03  2.7054E-02 -1.4824E-02
  1.6799E+03  2.7046E-02 -1.4832E-02
  1.6814E+03  2.7039E-02 -1.4839E-02
  1.6828E+03  2.7032E-02 -1.4846E-02
  1.6843E+03  2.7026E-02 -1.4853E-02
  1.6857E+03  2.7019E-02 -1.4861E-02
  1.6871E+03  2.7010E-02 -1.4868E-02
  1.6886E+03  2.7002E-02 -1.4875E-02
  1.6900E+03  2.6995E-02 -1.4883E-02
  1.6915E+03  2.6989E-02 -1.4890E-02
  1.6929E+03  2.6984E-02 -1.4897E-02
  1.6944E+03  2.6978E-02 -1.4905E-02
  1.6958E+03  2.6971E-02 -1.4912E-02
  1.6972E+03  2.6965E-02 -1.4920E-02
  1.6987E+03  2.6959E-02 -1.4928E-02
  1.7001E+03  2.6954E-02 -1.4935E-02
  1.7016E+03  2.6950E-02 -1.4943E-02
  1.7030E+03  2.6947E-02 -1.4950E-02
  1.7044E+03  2.6944E-02 -1.4958E-02
  1.7059E+03  2.6941E-02 -1.4966E-02
  1.7073E+03  2.6938E-02 -1.4974E-02
  1.7088E+03  2.6936E-02 -1.4981E-02
  1.7102E+03  2.6935E-02 -1.4989E-02
  1.7117E+03  2.6934E-02 -1.4997E-02
  1.7131E+03  2.6933E-02 -1.5005E-02
  1.7145E+03  2.6933E-02 -1.5013E-02
  1.7160E+03  2.6934E-02 -1.5021E-02
  1.7174E+03  2.6936E-02 -1.5029E-02
  1.7189E+03  2.6938E-02 -1.5037E-02
  1.7203E+03  2.6939E-02 -1.5045E-02
  1.7217E+03  2.6940E-02 -1.5053E-02
  1.7232E+03  2.6943E-02 -1.5061E-02
  1.7246E+03  2.6947E-02 -1.5069E-02
  1.7261E+03  2.6951E-02 -1.5077E-02
  1.7275E+03  2.6954E-02 -1.5085E-02
  1.7290E+03  2.6957E-02 -1.5093E-02
  1.7304E+03  2.6961E-02 -1.5101E-02
  1.7318E+03  2.6965E-02 -1.5109E-02
  1.7333E+03  2.6970E-02 -1.5117E-02
  1.7347E+03  2.6974E-02 -1.5125E-02
  1.7362E+03  2.6978E-02 -1.5133E-02
  1.7376E+03  2.6982E-02 -1.5141E-02
  1.7391E+03  2.6986E-02 -1.5149E-02
  1.7405E+03  2.6990E-02 -1.5157E-02
  1.7419E+03  2.6994E-02 -1.5166E-02
  1.7434E+03  2.6998E-02 -1.5174E-02
  1.7448E+03  2.7001E-02 -1.5182E-02
  1.7463E+03  2.7004E-02 -1.5190E-02
  1.7477E+03  2.7007E-02 -1.5198E-02
  1.7491E+03  2.7010E-02 -1.5206E-02
  1.7506E+03  2.7013E-02 -1.5214E-02
  1.7520E+03  2.7014E-02 -1.5222E-02
  1.7535E+03  2.7015E-02 -1.5230E-02
  1.7549E+03  2.7015E-02 -1.5237E-02
  1.7564E+03  2.7015E-02 -1.5245E-02
  1.7578E+03  2.7015E-02 -1.5253E-02
  1.7592E+03  2.7015E-02 -1.5261E-02
  1.7607E+03  2.7014E-02 -1.5269E-02
  1.7621E+03  2.7011E-02 -1.5277E-02
  1.7636E+03  2.7008E-02 -1.5285E-02
  1.7650E+03  2.7004E-02 -1.5293E-02
  1.7665E+03  2.7000E-02 -1.5301E-02
  1.7679E+03  2.6995E-02 -1.5309E-02
  1.7693E+03  2.6990E-02 -1.5317E-02
  1.7708E+03  2.6984E-02 -1.5325E-02
  1.7722E+03  2.6978E-02 -1.5333E-02
  1.7737E+03  2.6971E-02 -1.5340E-02
  1.7751E+03  2.6963E-02 -1.5348E-02
  1.7765E+03  2.6953E-02 -1.5356E-02
  1.7780E+03  2.6943E-02 -1.5364E-02
  1.7794E+03  2.6933E-02 -1.5372E-02
  1.7809E+03  2.6924E-02 -1.5380E-02
  1.7823E+03  2.6914E-02 -1.5388E-02
  1.7838E+03  2.6902E-02 -1.5396E-02
  1.7852E+03  2.6890E-02 -1.5404E-02
  1.7866E+03  2.6877E-02 -1.5412E-02
  1.7881E+03  2.6864E-02 -1.5420E-02
  1.7895E+03  2.6851E-02 -1.5428E-02
  1.7910E+03  2.6838E-02 -1.5436E-02
  1.7924E+03  2.6824E-02 -1.5445E-02
  1.7938E+03  2.6809E-02 -1.5453E-02
  1.7953E+03  2.6795E-02 -1.5461E-02
  1.7967E+03  2.6780E-02 -1.5469E-02
  1.7982E+03  2.6765E-02 -1.5477E-02
  1.7996E+03  2.6751E-02 -1.5485E-02
  1.8011E+03  2.6736E-02 -1.5493E-02
  1.8025E+03  2.6720E-02 -1.5502E-02
  1.8039E+03  2.6704E-02 -1.5510E-02
  1.8054E+03  2.6689E-02 -1.5518E-02
  1.8068E+03  2.6674E-02 -1.5526E-02
  1.8083E+03  2.6659E-02 -1.5535E-02
  1.8097E+03  2.6643E-02 -1.5543E-02
  1.8112E+03  2.6627E-02 -1.5551E-02
  1.8126E+03  2.6612E-02 -1.5560E-02
  1.8140E+03  2.6598E-02 -1.5568E-02
  1.8155E+03  2.6583E-02 -1.5576E-02
  1.8169E+03  2.6567E-02 -1.5585E-02
  1.8184E+03  2.6551E-02 -1.5593E-02
  1.8198E+03  2.6536E-02 -1.5601E-02
  1.8212E+03  2.6521E-02 -1.5610E-02
  1.8227E+03  2.6506E-02 -1.5618E-02
  1.8241E+03  2.6491E-02 -1.5626E-02
  1.8256E+03  2.6477E-02 -1.5635E-02
  1.8270E+03  2.6462E-02 -1.5643E-02
  1.8285E+03  2.6448E-02 -1.5652E-02
  1.8299E+03  2.6434E-02 -1.5660E-02
  1.8313E+03  2.6419E-02 -1.5669E-02
  1.8328E+03  2.6404E-02 -1.5677E-02
  1.8342E+03  2.6389E-02 -1.5685E-02
  1.8357E+03  2.6375E-02 -1.5694E-02
  1.8371E+03  2.6362E-02 -1.5702E-02
  1.8386E+03  2.6348E-02 -1.5711E-02
  1.8400E+03  2.6334E-02 -1.5719E-02
  1.8414E+03  2.6320E-02 -1.5728E-02
  1.8429E+03  2.6306E-02 -1.5736E-02
  1.8443E+03  2.6292E-02 -1.5745E-02
  1.8458E+03  2.6278E-02 -1.5753E-02
  1.8472E+03  2.6265E-02 -1.5762E-02
  1.8486E+03  2.6252E-02 -1.5771E-02
  1.8501E+03  2.6239E-02 -1.5779E-02
  1.8515E+03  2.6225E-02 -1.5788E-02
  1.8530E+03  2.6212E-02 -1.5796E-02
  1.8544E+03  2.6199E-02 -1.5805E-02
  1.8559E+03  2.6186E-02 -1.5813E-02
  1.8573E+03  2.6172E-02 -1.5822E-02
  1.8587E+03  2.6159E-02 -1.5831E-02
  1.8602E+03  2.6145E-02 -1.5839E-02
  1.8616E+03  2.6132E-02 -1.5848E-02
  1.8631E+03  2.6120E-02 -1.5857E-02
  1.8645E+03  2.6107E-02 -1.5865E-02
  1.8659E+03  2.6094E-02 -1.5874E-02
  1.8674E+03  2.6080E-02 -1.5883E-02
  1.8688E+03  2.6067E-02 -1.5891E-02
  1.8703E+03  2.6055E-02 -1.5900E-02
  1.8717E+03  2.6042E-02 -1.5909E-02
  1.8732E+03  2.6029E-02 -1.5917E-02
  1.8746E+03  2.6016E-02 -1.5926E-02
  1.8760E+03  2.6003E-02 -1.5935E-02
  1.8775E+03  2.5990E-02 -1.5943E-02
  1.8789E+03  2.5978E-02 -1.5952E-02
  1.8804E+03  2.5965E-02 -1.5961E-02
  1.8818E+03  2.5953E-02 -1.5969E-02
  1.8833E+03  2.5940E-02 -1.5978E-02
  1.8847E+03  2.5927E-02 -1.5987E-02
  1.8861E+03  2.5915E-02 -1.5995E-02
  1.8876E+03  2.5903E-02 -1.6004E-02
  1.8890E+03  2.5891E-02 -1.6013E-02
  1.8905E+03  2.5879E-02 -1.6022E-02
  1.8919E+03  2.5867E-02 -1.6030E-02
  1.8933E+03  2.5855E-02 -1.6039E-02
  1.8948E+03  2.5843E-02 -1.6048E-02
  1.8962E+03  2.5832E-02 -1.6056E-02
  1.8977E+03  2.5820E-02 -1.6065E-02
  1.8991E+03  2.5808E-02 -1.6074E-02
  1.9006E+03  2.5796E-02 -1.6082E-02
  1.9020E+03  2.5785E-02 -1.6091E-02
  1.9034E+03  2.5775E-02 -1.6100E-02
  1.9049E+03  2.5764E-02 -1.6108E-02
  1.9063E+03  2.5753E-02 -1.6117E-02
  1.9078E+03  2.5742E-02 -1.6126E-02
  1.9092E+03  2.5731E-02 -1.6134E-02
  1.9107E+03  2.5720E-02 -1.6143E-02
  1.9121E+03  2.5710E-02 -1.6152E-02
  1.9135E+03  2.5699E-02 -1.6160E-02
  1.9150E+03  2.5689E-02 -1.6169E-02
  1.9164E+03  2.5679E-02 -1.6177E-02
  1.9179E+03  2.5669E-02 -1.6186E-02
  1.9193E+03  2.5658E-02 -1.6195E-02
  1.9207E+03  2.5648E-02 -1.6203E-02
  1.9222E+03  2.5638E-02 -1.6212E-02
  1.9236E+03  2.5628E-02 -1.6220E-02
  1.9251E+03  2.5618E-02 -1.6229E-02
  1.9265E+03  2.5608E-02 -1.6238E-02
  1.9280E+03  2.5599E-02 -1.6246E-02
  1.9294E+03  2.5589E-02 -1.6255E-02
  1.9308E+03  2.5579E-02 -1.6263E-02
  1.9323E+03  2.5569E-02 -1.6272E-02
  1.9337E+03  2.5559E-02 -1.6280E-02
  1.9352E+03  2.5550E-02 -1.6289E-02
  1.9366E+03  2.5541E-02 -1.6298E-02
  1.9380E+03  2.5531E-02 -1.6306E-02
  1.9395E+03  2.5521E-02 -1.6315E-02
  1.9409E+03  2.5511E-02 -1.6323E-02
  1.9424E+03  2.5501E-02 -1.6332E-02
  1.9438E+03  2.5492E-02 -1.6340E-02
  1.9453E+03  2.5482E-02 -1.6349E-02
  1.9467E+03  2.5472E-02 -1.6357E-02
  1.9481E+03  2.5462E-02 -1.6366E-02
  1.9496E+03  2.5452E-02 -1.6374E-02
  1.9510E+03  2.5442E-02 -1.6383E-02
  1.9525E+03  2.5431E-02 -1.6391E-02
  1.9539E+03  2.5421E-02 -1.6400E-02
  1.9554E+03  2.5410E-02 -1.6408E-02
  1.9568E+03  2.5399E-02 -1.6416E-02
  1.9582E+03  2.5388E-02 -1.6425E-02
  1.9597E+03  2.5377E-02 -1.6433E-02
  1.9611E+03  2.5366E-02 -1.6442E-02
  1.9626E+03  2.5354E-02 -1.6450E-02
  1.9640E+03  2.5342E-02 -1.6459E-02
  1.9654E+03  2.5329E-02 -1.6467E-02
  1.9669E+03  2.5317E-02 -1.6476E-02
  1.9683E+03  2.5304E-02 -1.6484E-02
  1.9698E+03  2.5292E-02 -1.6493E-02
  1.9712E+03  2.5278E-02 -1.6501E-02
  1.9727E+03  2.5265E-02 -1.6509E-02
  1.9741E+03  2.5251E-02 -1.6518E-02
  1.9755E+03  2.5237E-02 -1.6526E-02
  1.9770E+03  2.5223E-02 -1.6535E-02
  1.9784E+03  2.5209E-02 -1.6543E-02
  1.9799E+03  2.5194E-02 -1.6552E-02
  1.9813E+03  2.5179E-02 -1.6560E-02
  1.9828E+03  2.5164E-02 -1.6568E-02
  1.9842E+03  2.5149E-02 -1.6577E-02
  1.9856E+03  2.5134E-02 -1.6585E-02
  1.9871E+03  2.5119E-02 -1.6594E-02
  1.9885E+03  2.5103E-02 -1.6602E-02
  1.9900E+03  2.5087E-02 -1.6611E-02
  1.9914E+03  2.5071E-02 -1.6619E-02
  1.9928E+03  2.5056E-02 -1.6628E-02
  1.9943E+03  2.5041E-02 -1.6636E-02
  1.9957E+03  2.5025E-02 -1.6644E-02
  1.9972E+03  2.5009E-02 -1.6653E-02
  1.9986E+03  2.4993E-02 -1.6661E-02
  2.0000E+03  2.4978E-02 -1.6669E-02
