# CREATED BY GENE DIAGNOSTICS TOOL on Wed Mar 10 11:10:13 2021
# diag: timetrace, run(s): 0072, time window: 0-2000(1377 steps), species: ions
# original data path: /marconi_scratch/userexternal/cmoreno0/GAMZF_convergence/lhd_surface/scanfiles0000/
# normalization: L_ref=1.65m
#
#  t          Re[phi]     Im[phi]   
  0.0000E+00  9.9997E-01  0.0000E+00
  1.4540E+00  8.4205E-01 -3.0349E-03
  2.9080E+00  6.4160E-01 -5.5041E-03
  4.3620E+00  4.3228E-01 -6.8468E-03
  5.8160E+00  2.7560E-01 -6.8319E-03
  7.2700E+00  1.7658E-01 -5.7766E-03
  8.7240E+00  1.2074E-01 -4.2923E-03
  1.0178E+01  9.1091E-02 -2.8923E-03
  1.1632E+01  7.5461E-02 -1.8351E-03
  1.3086E+01  6.6798E-02 -1.1476E-03
  1.4540E+01  6.1624E-02 -7.1434E-04
  1.5994E+01  5.8826E-02 -4.9974E-04
  1.7448E+01  5.8409E-02 -6.8357E-04
  1.8902E+01  5.9735E-02 -1.3673E-03
  2.0356E+01  6.0878E-02 -2.3816E-03
  2.1810E+01  5.8988E-02 -3.2572E-03
  2.3264E+01  5.2027E-02 -3.5302E-03
  2.4718E+01  3.9678E-02 -2.9954E-03
  2.6172E+01  2.3480E-02 -1.7546E-03
  2.7626E+01  6.1819E-03 -1.4364E-04
  2.9080E+01 -9.2720E-03  1.4385E-03
  3.0534E+01 -2.0827E-02  2.6677E-03
  3.1988E+01 -2.7537E-02  3.3645E-03
  3.3442E+01 -2.9203E-02  3.5024E-03
  3.4896E+01 -2.6306E-02  3.1727E-03
  3.6350E+01 -2.0308E-02  2.5094E-03
  3.7804E+01 -1.2942E-02  1.6522E-03
  3.9258E+01 -4.9609E-03  7.3460E-04
  4.0712E+01  3.7374E-03 -1.7994E-04
  4.2166E+01  1.2668E-02 -1.0203E-03
  4.3620E+01  2.0585E-02 -1.7648E-03
  4.5074E+01  2.6700E-02 -2.4073E-03
  4.6528E+01  3.1484E-02 -2.9466E-03
  4.7982E+01  3.6195E-02 -3.4027E-03
  4.9436E+01  4.1616E-02 -3.7977E-03
  5.0890E+01  4.7466E-02 -4.1530E-03
  5.2344E+01  5.2660E-02 -4.4836E-03
  5.3798E+01  5.6114E-02 -4.7877E-03
  5.5252E+01  5.7641E-02 -5.0467E-03
  5.6706E+01  5.8096E-02 -5.2457E-03
  5.8160E+01  5.8725E-02 -5.3682E-03
  5.9614E+01  6.0290E-02 -5.4014E-03
  6.1068E+01  6.2655E-02 -5.3658E-03
  6.2522E+01  6.4756E-02 -5.2481E-03
  6.3976E+01  6.5426E-02 -5.0644E-03
  6.5430E+01  6.4185E-02 -4.8227E-03
  6.6884E+01  6.1552E-02 -4.5357E-03
  6.8338E+01  5.8363E-02 -4.2280E-03
  6.9792E+01  5.5402E-02 -3.9255E-03
  7.1246E+01  5.3302E-02 -3.6476E-03
  7.2700E+01  5.2238E-02 -3.4120E-03
  7.4154E+01  5.1623E-02 -3.2211E-03
  7.5608E+01  5.0713E-02 -3.0719E-03
  7.7062E+01  4.9403E-02 -2.9662E-03
  7.8516E+01  4.8081E-02 -2.9015E-03
  7.9970E+01  4.6877E-02 -2.8736E-03
  8.1424E+01  4.5622E-02 -2.8913E-03
  8.2878E+01  4.4484E-02 -2.9364E-03
  8.4332E+01  4.4107E-02 -3.0033E-03
  8.5786E+01  4.4793E-02 -3.0941E-03
  8.7240E+01  4.5946E-02 -3.1981E-03
  8.8694E+01  4.6730E-02 -3.3194E-03
  9.0148E+01  4.6949E-02 -3.4543E-03
  9.1602E+01  4.7131E-02 -3.5999E-03
  9.3056E+01  4.7730E-02 -3.7558E-03
  9.4510E+01  4.8543E-02 -3.9187E-03
  9.5964E+01  4.8984E-02 -4.0829E-03
  9.7418E+01  4.8807E-02 -4.2461E-03
  9.8872E+01  4.8386E-02 -4.4010E-03
  1.0033E+02  4.8326E-02 -4.5415E-03
  1.0178E+02  4.8894E-02 -4.6739E-03
  1.0323E+02  4.9842E-02 -4.7897E-03
  1.0469E+02  5.0690E-02 -4.8934E-03
  1.0614E+02  5.1072E-02 -4.9877E-03
  1.0760E+02  5.0949E-02 -5.0685E-03
  1.0905E+02  5.0580E-02 -5.1363E-03
  1.1050E+02  5.0351E-02 -5.1905E-03
  1.1196E+02  5.0546E-02 -5.2320E-03
  1.1341E+02  5.1213E-02 -5.2636E-03
  1.1487E+02  5.2162E-02 -5.2874E-03
  1.1632E+02  5.3059E-02 -5.3046E-03
  1.1777E+02  5.3589E-02 -5.3186E-03
  1.1923E+02  5.3635E-02 -5.3295E-03
  1.2068E+02  5.3361E-02 -5.3379E-03
  1.2214E+02  5.3116E-02 -5.3498E-03
  1.2359E+02  5.3222E-02 -5.3605E-03
  1.2504E+02  5.3807E-02 -5.3733E-03
  1.2650E+02  5.4753E-02 -5.3914E-03
  1.2795E+02  5.5738E-02 -5.4143E-03
  1.2941E+02  5.6401E-02 -5.4431E-03
  1.3086E+02  5.6556E-02 -5.4769E-03
  1.3231E+02  5.6249E-02 -5.5136E-03
  1.3377E+02  5.5663E-02 -5.5520E-03
  1.3522E+02  5.5004E-02 -5.5910E-03
  1.3668E+02  5.4432E-02 -5.6306E-03
  1.3813E+02  5.3987E-02 -5.6731E-03
  1.3958E+02  5.3608E-02 -5.7187E-03
  1.4104E+02  5.3259E-02 -5.7677E-03
  1.4249E+02  5.2971E-02 -5.8228E-03
  1.4395E+02  5.2726E-02 -5.8796E-03
  1.4540E+02  5.2411E-02 -5.9380E-03
  1.4685E+02  5.1967E-02 -5.9981E-03
  1.4831E+02  5.1490E-02 -6.0574E-03
  1.4976E+02  5.1092E-02 -6.1154E-03
  1.5122E+02  5.0769E-02 -6.1707E-03
  1.5267E+02  5.0461E-02 -6.2214E-03
  1.5412E+02  5.0164E-02 -6.2667E-03
  1.5558E+02  4.9870E-02 -6.3073E-03
  1.5703E+02  4.9550E-02 -6.3453E-03
  1.5849E+02  4.9293E-02 -6.3845E-03
  1.5994E+02  4.9315E-02 -6.4275E-03
  1.6139E+02  4.9723E-02 -6.4760E-03
  1.6285E+02  5.0335E-02 -6.5319E-03
  1.6430E+02  5.0822E-02 -6.5912E-03
  1.6576E+02  5.1010E-02 -6.6515E-03
  1.6721E+02  5.1015E-02 -6.7114E-03
  1.6866E+02  5.1070E-02 -6.7701E-03
  1.7012E+02  5.1264E-02 -6.8286E-03
  1.7157E+02  5.1504E-02 -6.8877E-03
  1.7303E+02  5.1681E-02 -6.9465E-03
  1.7448E+02  5.1797E-02 -7.0036E-03
  1.7593E+02  5.1897E-02 -7.0578E-03
  1.7739E+02  5.1966E-02 -7.1085E-03
  1.7884E+02  5.2001E-02 -7.1569E-03
  1.8030E+02  5.2105E-02 -7.2035E-03
  1.8175E+02  5.2406E-02 -7.2492E-03
  1.8320E+02  5.2863E-02 -7.2949E-03
  1.8466E+02  5.3255E-02 -7.3383E-03
  1.8611E+02  5.3362E-02 -7.3774E-03
  1.8757E+02  5.3129E-02 -7.4112E-03
  1.8902E+02  5.2697E-02 -7.4388E-03
  1.9047E+02  5.2293E-02 -7.4617E-03
  1.9193E+02  5.2061E-02 -7.4820E-03
  1.9338E+02  5.1973E-02 -7.5019E-03
  1.9484E+02  5.1919E-02 -7.5225E-03
  1.9629E+02  5.1859E-02 -7.5442E-03
  1.9774E+02  5.1854E-02 -7.5677E-03
  1.9920E+02  5.1984E-02 -7.5942E-03
  2.0065E+02  5.2251E-02 -7.6249E-03
  2.0211E+02  5.2548E-02 -7.6605E-03
  2.0356E+02  5.2745E-02 -7.7006E-03
  2.0501E+02  5.2832E-02 -7.7432E-03
  2.0647E+02  5.2944E-02 -7.7865E-03
  2.0792E+02  5.3210E-02 -7.8305E-03
  2.0938E+02  5.3616E-02 -7.8758E-03
  2.1083E+02  5.4041E-02 -7.9238E-03
  2.1228E+02  5.4390E-02 -7.9753E-03
  2.1374E+02  5.4644E-02 -8.0301E-03
  2.1519E+02  5.4820E-02 -8.0873E-03
  2.1665E+02  5.4957E-02 -8.1460E-03
  2.1810E+02  5.5090E-02 -8.2052E-03
  2.1955E+02  5.5205E-02 -8.2647E-03
  2.2101E+02  5.5266E-02 -8.3235E-03
  2.2246E+02  5.5296E-02 -8.3808E-03
  2.2392E+02  5.5365E-02 -8.4359E-03
  2.2537E+02  5.5496E-02 -8.4881E-03
  2.2682E+02  5.5653E-02 -8.5371E-03
  2.2828E+02  5.5814E-02 -8.5832E-03
  2.2973E+02  5.5978E-02 -8.6267E-03
  2.3119E+02  5.6105E-02 -8.6679E-03
  2.3264E+02  5.6105E-02 -8.7066E-03
  2.3409E+02  5.5933E-02 -8.7424E-03
  2.3555E+02  5.5660E-02 -8.7746E-03
  2.3700E+02  5.5402E-02 -8.8036E-03
  2.3846E+02  5.5198E-02 -8.8299E-03
  2.3991E+02  5.4978E-02 -8.8544E-03
  2.4136E+02  5.4658E-02 -8.8779E-03
  2.4282E+02  5.4219E-02 -8.9008E-03
  2.4427E+02  5.3703E-02 -8.9232E-03
  2.4573E+02  5.3145E-02 -8.9457E-03
  2.4718E+02  5.2551E-02 -8.9687E-03
  2.4863E+02  5.1917E-02 -8.9924E-03
  2.5009E+02  5.1244E-02 -9.0170E-03
  2.5154E+02  5.0518E-02 -9.0424E-03
  2.5300E+02  4.9738E-02 -9.0684E-03
  2.5445E+02  4.8972E-02 -9.0950E-03
  2.5590E+02  4.8322E-02 -9.1227E-03
  2.5736E+02  4.7830E-02 -9.1525E-03
  2.5881E+02  4.7447E-02 -9.1850E-03
  2.6027E+02  4.7102E-02 -9.2206E-03
  2.6172E+02  4.6786E-02 -9.2591E-03
  2.6317E+02  4.6550E-02 -9.3001E-03
  2.6463E+02  4.6434E-02 -9.3433E-03
  2.6608E+02  4.6417E-02 -9.3886E-03
  2.6754E+02  4.6430E-02 -9.4358E-03
  2.6899E+02  4.6421E-02 -9.4842E-03
  2.7044E+02  4.6402E-02 -9.5332E-03
  2.7190E+02  4.6413E-02 -9.5825E-03
  2.7335E+02  4.6467E-02 -9.6318E-03
  2.7481E+02  4.6539E-02 -9.6812E-03
  2.7626E+02  4.6603E-02 -9.7307E-03
  2.7771E+02  4.6653E-02 -9.7802E-03
  2.7917E+02  4.6687E-02 -9.8294E-03
  2.8062E+02  4.6696E-02 -9.8777E-03
  2.8208E+02  4.6667E-02 -9.9247E-03
  2.8353E+02  4.6579E-02 -9.9698E-03
  2.8498E+02  4.6422E-02 -1.0012E-02
  2.8644E+02  4.6228E-02 -1.0053E-02
  2.8789E+02  4.6048E-02 -1.0090E-02
  2.8935E+02  4.5908E-02 -1.0125E-02
  2.9080E+02  4.5790E-02 -1.0158E-02
  2.9225E+02  4.5653E-02 -1.0189E-02
  2.9371E+02  4.5468E-02 -1.0217E-02
  2.9516E+02  4.5221E-02 -1.0244E-02
  2.9662E+02  4.4922E-02 -1.0269E-02
  2.9807E+02  4.4604E-02 -1.0292E-02
  2.9952E+02  4.4312E-02 -1.0315E-02
  3.0098E+02  4.4078E-02 -1.0337E-02
  3.0243E+02  4.3910E-02 -1.0359E-02
  3.0389E+02  4.3808E-02 -1.0382E-02
  3.0534E+02  4.3763E-02 -1.0406E-02
  3.0679E+02  4.3762E-02 -1.0431E-02
  3.0825E+02  4.3787E-02 -1.0458E-02
  3.0970E+02  4.3832E-02 -1.0487E-02
  3.1116E+02  4.3907E-02 -1.0518E-02
  3.1261E+02  4.4021E-02 -1.0550E-02
  3.1406E+02  4.4166E-02 -1.0583E-02
  3.1552E+02  4.4330E-02 -1.0617E-02
  3.1697E+02  4.4510E-02 -1.0652E-02
  3.1843E+02  4.4710E-02 -1.0687E-02
  3.1988E+02  4.4917E-02 -1.0723E-02
  3.2133E+02  4.5096E-02 -1.0760E-02
  3.2279E+02  4.5223E-02 -1.0797E-02
  3.2424E+02  4.5314E-02 -1.0834E-02
  3.2570E+02  4.5406E-02 -1.0871E-02
  3.2715E+02  4.5524E-02 -1.0907E-02
  3.2860E+02  4.5660E-02 -1.0943E-02
  3.3006E+02  4.5792E-02 -1.0978E-02
  3.3151E+02  4.5901E-02 -1.1013E-02
  3.3297E+02  4.5977E-02 -1.1046E-02
  3.3442E+02  4.6021E-02 -1.1078E-02
  3.3587E+02  4.6043E-02 -1.1107E-02
  3.3733E+02  4.6056E-02 -1.1136E-02
  3.3878E+02  4.6062E-02 -1.1162E-02
  3.4024E+02  4.6052E-02 -1.1188E-02
  3.4169E+02  4.6010E-02 -1.1213E-02
  3.4314E+02  4.5933E-02 -1.1236E-02
  3.4460E+02  4.5834E-02 -1.1258E-02
  3.4605E+02  4.5734E-02 -1.1280E-02
  3.4751E+02  4.5639E-02 -1.1301E-02
  3.4896E+02  4.5530E-02 -1.1322E-02
  3.5041E+02  4.5389E-02 -1.1344E-02
  3.5187E+02  4.5218E-02 -1.1365E-02
  3.5332E+02  4.5040E-02 -1.1387E-02
  3.5478E+02  4.4872E-02 -1.1409E-02
  3.5623E+02  4.4714E-02 -1.1431E-02
  3.5768E+02  4.4557E-02 -1.1454E-02
  3.5914E+02  4.4393E-02 -1.1477E-02
  3.6059E+02  4.4225E-02 -1.1500E-02
  3.6205E+02  4.4062E-02 -1.1523E-02
  3.6350E+02  4.3915E-02 -1.1547E-02
  3.6495E+02  4.3792E-02 -1.1572E-02
  3.6641E+02  4.3690E-02 -1.1596E-02
  3.6786E+02  4.3605E-02 -1.1621E-02
  3.6932E+02  4.3544E-02 -1.1646E-02
  3.7077E+02  4.3517E-02 -1.1672E-02
  3.7222E+02  4.3526E-02 -1.1698E-02
  3.7368E+02  4.3568E-02 -1.1724E-02
  3.7513E+02  4.3638E-02 -1.1750E-02
  3.7659E+02  4.3725E-02 -1.1777E-02
  3.7804E+02  4.3818E-02 -1.1803E-02
  3.7949E+02  4.3916E-02 -1.1829E-02
  3.8095E+02  4.4021E-02 -1.1856E-02
  3.8240E+02  4.4138E-02 -1.1882E-02
  3.8386E+02  4.4271E-02 -1.1908E-02
  3.8531E+02  4.4414E-02 -1.1933E-02
  3.8676E+02  4.4557E-02 -1.1959E-02
  3.8822E+02  4.4691E-02 -1.1984E-02
  3.8967E+02  4.4809E-02 -1.2008E-02
  3.9113E+02  4.4918E-02 -1.2033E-02
  3.9258E+02  4.5032E-02 -1.2057E-02
  3.9403E+02  4.5168E-02 -1.2080E-02
  3.9549E+02  4.5324E-02 -1.2104E-02
  3.9694E+02  4.5478E-02 -1.2126E-02
  3.9840E+02  4.5605E-02 -1.2148E-02
  3.9985E+02  4.5698E-02 -1.2170E-02
  4.0130E+02  4.5769E-02 -1.2190E-02
  4.0276E+02  4.5830E-02 -1.2210E-02
  4.0421E+02  4.5881E-02 -1.2229E-02
  4.0567E+02  4.5916E-02 -1.2247E-02
  4.0712E+02  4.5932E-02 -1.2265E-02
  4.0857E+02  4.5933E-02 -1.2282E-02
  4.1003E+02  4.5921E-02 -1.2299E-02
  4.1148E+02  4.5899E-02 -1.2315E-02
  4.1294E+02  4.5866E-02 -1.2332E-02
  4.1439E+02  4.5820E-02 -1.2348E-02
  4.1584E+02  4.5763E-02 -1.2365E-02
  4.1730E+02  4.5696E-02 -1.2381E-02
  4.1875E+02  4.5624E-02 -1.2398E-02
  4.2021E+02  4.5547E-02 -1.2414E-02
  4.2166E+02  4.5469E-02 -1.2431E-02
  4.2311E+02  4.5390E-02 -1.2447E-02
  4.2457E+02  4.5307E-02 -1.2464E-02
  4.2602E+02  4.5218E-02 -1.2481E-02
  4.2748E+02  4.5128E-02 -1.2498E-02
  4.2893E+02  4.5041E-02 -1.2515E-02
  4.3038E+02  4.4954E-02 -1.2533E-02
  4.3184E+02  4.4865E-02 -1.2550E-02
  4.3329E+02  4.4774E-02 -1.2569E-02
  4.3475E+02  4.4685E-02 -1.2587E-02
  4.3620E+02  4.4598E-02 -1.2606E-02
  4.3765E+02  4.4510E-02 -1.2624E-02
  4.3911E+02  4.4420E-02 -1.2643E-02
  4.4056E+02  4.4329E-02 -1.2662E-02
  4.4202E+02  4.4239E-02 -1.2682E-02
  4.4347E+02  4.4149E-02 -1.2701E-02
  4.4492E+02  4.4059E-02 -1.2720E-02
  4.4638E+02  4.3967E-02 -1.2739E-02
  4.4783E+02  4.3875E-02 -1.2758E-02
  4.4929E+02  4.3787E-02 -1.2778E-02
  4.5074E+02  4.3706E-02 -1.2797E-02
  4.5219E+02  4.3632E-02 -1.2815E-02
  4.5365E+02  4.3558E-02 -1.2834E-02
  4.5510E+02  4.3483E-02 -1.2853E-02
  4.5656E+02  4.3412E-02 -1.2872E-02
  4.5801E+02  4.3351E-02 -1.2891E-02
  4.5946E+02  4.3303E-02 -1.2909E-02
  4.6092E+02  4.3265E-02 -1.2928E-02
  4.6237E+02  4.3230E-02 -1.2946E-02
  4.6383E+02  4.3194E-02 -1.2964E-02
  4.6528E+02  4.3158E-02 -1.2982E-02
  4.6673E+02  4.3122E-02 -1.2999E-02
  4.6819E+02  4.3089E-02 -1.3016E-02
  4.6964E+02  4.3061E-02 -1.3033E-02
  4.7110E+02  4.3039E-02 -1.3049E-02
  4.7255E+02  4.3022E-02 -1.3066E-02
  4.7400E+02  4.3008E-02 -1.3082E-02
  4.7546E+02  4.3002E-02 -1.3097E-02
  4.7691E+02  4.3004E-02 -1.3113E-02
  4.7837E+02  4.3013E-02 -1.3128E-02
  4.7982E+02  4.3026E-02 -1.3143E-02
  4.8127E+02  4.3043E-02 -1.3158E-02
  4.8273E+02  4.3063E-02 -1.3173E-02
  4.8418E+02  4.3086E-02 -1.3188E-02
  4.8564E+02  4.3106E-02 -1.3202E-02
  4.8709E+02  4.3116E-02 -1.3216E-02
  4.8854E+02  4.3116E-02 -1.3230E-02
  4.9000E+02  4.3107E-02 -1.3244E-02
  4.9145E+02  4.3091E-02 -1.3258E-02
  4.9291E+02  4.3066E-02 -1.3271E-02
  4.9436E+02  4.3026E-02 -1.3284E-02
  4.9581E+02  4.2968E-02 -1.3297E-02
  4.9727E+02  4.2892E-02 -1.3310E-02
  4.9872E+02  4.2798E-02 -1.3323E-02
  5.0018E+02  4.2689E-02 -1.3335E-02
  5.0163E+02  4.2567E-02 -1.3347E-02
  5.0308E+02  4.2438E-02 -1.3359E-02
  5.0454E+02  4.2306E-02 -1.3371E-02
  5.0599E+02  4.2169E-02 -1.3382E-02
  5.0745E+02  4.2027E-02 -1.3394E-02
  5.0890E+02  4.1878E-02 -1.3405E-02
  5.1035E+02  4.1726E-02 -1.3416E-02
  5.1181E+02  4.1575E-02 -1.3426E-02
  5.1326E+02  4.1427E-02 -1.3437E-02
  5.1472E+02  4.1287E-02 -1.3447E-02
  5.1617E+02  4.1154E-02 -1.3457E-02
  5.1762E+02  4.1030E-02 -1.3468E-02
  5.1908E+02  4.0916E-02 -1.3478E-02
  5.2053E+02  4.0814E-02 -1.3488E-02
  5.2199E+02  4.0725E-02 -1.3499E-02
  5.2344E+02  4.0653E-02 -1.3509E-02
  5.2489E+02  4.0596E-02 -1.3520E-02
  5.2635E+02  4.0555E-02 -1.3530E-02
  5.2780E+02  4.0525E-02 -1.3541E-02
  5.2926E+02  4.0505E-02 -1.3552E-02
  5.3071E+02  4.0495E-02 -1.3563E-02
  5.3216E+02  4.0493E-02 -1.3573E-02
  5.3362E+02  4.0499E-02 -1.3584E-02
  5.3507E+02  4.0510E-02 -1.3594E-02
  5.3653E+02  4.0524E-02 -1.3605E-02
  5.3798E+02  4.0540E-02 -1.3615E-02
  5.3943E+02  4.0559E-02 -1.3625E-02
  5.4089E+02  4.0579E-02 -1.3634E-02
  5.4234E+02  4.0597E-02 -1.3643E-02
  5.4380E+02  4.0613E-02 -1.3652E-02
  5.4525E+02  4.0625E-02 -1.3660E-02
  5.4670E+02  4.0636E-02 -1.3668E-02
  5.4816E+02  4.0646E-02 -1.3675E-02
  5.4961E+02  4.0656E-02 -1.3682E-02
  5.5107E+02  4.0666E-02 -1.3689E-02
  5.5252E+02  4.0676E-02 -1.3695E-02
  5.5397E+02  4.0684E-02 -1.3701E-02
  5.5543E+02  4.0691E-02 -1.3707E-02
  5.5688E+02  4.0700E-02 -1.3712E-02
  5.5834E+02  4.0715E-02 -1.3717E-02
  5.5979E+02  4.0737E-02 -1.3722E-02
  5.6124E+02  4.0764E-02 -1.3727E-02
  5.6270E+02  4.0794E-02 -1.3732E-02
  5.6415E+02  4.0825E-02 -1.3737E-02
  5.6561E+02  4.0859E-02 -1.3742E-02
  5.6706E+02  4.0896E-02 -1.3747E-02
  5.6851E+02  4.0935E-02 -1.3752E-02
  5.6997E+02  4.0976E-02 -1.3758E-02
  5.7142E+02  4.1016E-02 -1.3764E-02
  5.7288E+02  4.1053E-02 -1.3770E-02
  5.7433E+02  4.1084E-02 -1.3776E-02
  5.7578E+02  4.1107E-02 -1.3782E-02
  5.7724E+02  4.1121E-02 -1.3789E-02
  5.7869E+02  4.1125E-02 -1.3795E-02
  5.8015E+02  4.1120E-02 -1.3802E-02
  5.8160E+02  4.1105E-02 -1.3808E-02
  5.8305E+02  4.1078E-02 -1.3815E-02
  5.8451E+02  4.1038E-02 -1.3821E-02
  5.8596E+02  4.0987E-02 -1.3827E-02
  5.8742E+02  4.0923E-02 -1.3833E-02
  5.8887E+02  4.0848E-02 -1.3838E-02
  5.9032E+02  4.0762E-02 -1.3844E-02
  5.9178E+02  4.0664E-02 -1.3849E-02
  5.9323E+02  4.0555E-02 -1.3854E-02
  5.9469E+02  4.0437E-02 -1.3858E-02
  5.9614E+02  4.0311E-02 -1.3862E-02
  5.9759E+02  4.0178E-02 -1.3866E-02
  5.9905E+02  4.0041E-02 -1.3869E-02
  6.0050E+02  3.9901E-02 -1.3873E-02
  6.0196E+02  3.9759E-02 -1.3876E-02
  6.0341E+02  3.9616E-02 -1.3879E-02
  6.0486E+02  3.9475E-02 -1.3882E-02
  6.0632E+02  3.9339E-02 -1.3885E-02
  6.0777E+02  3.9209E-02 -1.3889E-02
  6.0923E+02  3.9086E-02 -1.3892E-02
  6.1068E+02  3.8971E-02 -1.3895E-02
  6.1213E+02  3.8866E-02 -1.3899E-02
  6.1359E+02  3.8772E-02 -1.3903E-02
  6.1504E+02  3.8689E-02 -1.3907E-02
  6.1650E+02  3.8618E-02 -1.3912E-02
  6.1795E+02  3.8555E-02 -1.3917E-02
  6.1940E+02  3.8502E-02 -1.3922E-02
  6.2086E+02  3.8457E-02 -1.3927E-02
  6.2231E+02  3.8422E-02 -1.3932E-02
  6.2377E+02  3.8395E-02 -1.3938E-02
  6.2522E+02  3.8376E-02 -1.3944E-02
  6.2667E+02  3.8362E-02 -1.3950E-02
  6.2813E+02  3.8352E-02 -1.3955E-02
  6.2958E+02  3.8344E-02 -1.3961E-02
  6.3104E+02  3.8337E-02 -1.3967E-02
  6.3249E+02  3.8329E-02 -1.3972E-02
  6.3394E+02  3.8321E-02 -1.3978E-02
  6.3540E+02  3.8311E-02 -1.3983E-02
  6.3685E+02  3.8300E-02 -1.3988E-02
  6.3831E+02  3.8286E-02 -1.3992E-02
  6.3976E+02  3.8268E-02 -1.3996E-02
  6.4121E+02  3.8246E-02 -1.4000E-02
  6.4267E+02  3.8221E-02 -1.4003E-02
  6.4412E+02  3.8192E-02 -1.4005E-02
  6.4558E+02  3.8160E-02 -1.4008E-02
  6.4703E+02  3.8125E-02 -1.4010E-02
  6.4848E+02  3.8088E-02 -1.4012E-02
  6.4994E+02  3.8049E-02 -1.4013E-02
  6.5139E+02  3.8007E-02 -1.4014E-02
  6.5285E+02  3.7964E-02 -1.4015E-02
  6.5430E+02  3.7920E-02 -1.4015E-02
  6.5575E+02  3.7876E-02 -1.4016E-02
  6.5721E+02  3.7831E-02 -1.4016E-02
  6.5866E+02  3.7786E-02 -1.4016E-02
  6.6012E+02  3.7741E-02 -1.4017E-02
  6.6157E+02  3.7695E-02 -1.4017E-02
  6.6302E+02  3.7650E-02 -1.4017E-02
  6.6448E+02  3.7604E-02 -1.4018E-02
  6.6593E+02  3.7559E-02 -1.4018E-02
  6.6739E+02  3.7514E-02 -1.4019E-02
  6.6884E+02  3.7470E-02 -1.4020E-02
  6.7029E+02  3.7426E-02 -1.4020E-02
  6.7175E+02  3.7384E-02 -1.4021E-02
  6.7320E+02  3.7341E-02 -1.4022E-02
  6.7466E+02  3.7299E-02 -1.4024E-02
  6.7611E+02  3.7257E-02 -1.4025E-02
  6.7756E+02  3.7217E-02 -1.4026E-02
  6.7902E+02  3.7178E-02 -1.4027E-02
  6.8047E+02  3.7139E-02 -1.4028E-02
  6.8193E+02  3.7100E-02 -1.4030E-02
  6.8338E+02  3.7061E-02 -1.4031E-02
  6.8483E+02  3.7021E-02 -1.4032E-02
  6.8629E+02  3.6981E-02 -1.4032E-02
  6.8774E+02  3.6940E-02 -1.4033E-02
  6.8920E+02  3.6899E-02 -1.4034E-02
  6.9065E+02  3.6857E-02 -1.4034E-02
  6.9210E+02  3.6816E-02 -1.4034E-02
  6.9356E+02  3.6774E-02 -1.4034E-02
  6.9501E+02  3.6731E-02 -1.4034E-02
  6.9647E+02  3.6688E-02 -1.4033E-02
  6.9792E+02  3.6645E-02 -1.4033E-02
  6.9937E+02  3.6602E-02 -1.4032E-02
  7.0083E+02  3.6559E-02 -1.4031E-02
  7.0228E+02  3.6517E-02 -1.4030E-02
  7.0374E+02  3.6476E-02 -1.4030E-02
  7.0519E+02  3.6436E-02 -1.4028E-02
  7.0664E+02  3.6396E-02 -1.4027E-02
  7.0810E+02  3.6358E-02 -1.4026E-02
  7.0955E+02  3.6321E-02 -1.4025E-02
  7.1101E+02  3.6285E-02 -1.4024E-02
  7.1246E+02  3.6250E-02 -1.4023E-02
  7.1391E+02  3.6216E-02 -1.4022E-02
  7.1537E+02  3.6182E-02 -1.4021E-02
  7.1682E+02  3.6150E-02 -1.4020E-02
  7.1828E+02  3.6118E-02 -1.4019E-02
  7.1973E+02  3.6087E-02 -1.4019E-02
  7.2118E+02  3.6056E-02 -1.4018E-02
  7.2264E+02  3.6025E-02 -1.4017E-02
  7.2409E+02  3.5993E-02 -1.4016E-02
  7.2555E+02  3.5962E-02 -1.4015E-02
  7.2700E+02  3.5930E-02 -1.4014E-02
  7.2845E+02  3.5898E-02 -1.4013E-02
  7.2991E+02  3.5864E-02 -1.4012E-02
  7.3136E+02  3.5830E-02 -1.4011E-02
  7.3282E+02  3.5795E-02 -1.4010E-02
  7.3427E+02  3.5760E-02 -1.4009E-02
  7.3572E+02  3.5723E-02 -1.4007E-02
  7.3718E+02  3.5686E-02 -1.4006E-02
  7.3863E+02  3.5649E-02 -1.4004E-02
  7.4009E+02  3.5611E-02 -1.4003E-02
  7.4154E+02  3.5572E-02 -1.4001E-02
  7.4299E+02  3.5532E-02 -1.3999E-02
  7.4445E+02  3.5493E-02 -1.3998E-02
  7.4590E+02  3.5453E-02 -1.3996E-02
  7.4736E+02  3.5413E-02 -1.3994E-02
  7.4881E+02  3.5372E-02 -1.3992E-02
  7.5026E+02  3.5331E-02 -1.3990E-02
  7.5172E+02  3.5289E-02 -1.3988E-02
  7.5317E+02  3.5248E-02 -1.3985E-02
  7.5463E+02  3.5206E-02 -1.3983E-02
  7.5608E+02  3.5164E-02 -1.3981E-02
  7.5753E+02  3.5122E-02 -1.3979E-02
  7.5899E+02  3.5079E-02 -1.3977E-02
  7.6044E+02  3.5036E-02 -1.3975E-02
  7.6190E+02  3.4993E-02 -1.3972E-02
  7.6335E+02  3.4949E-02 -1.3970E-02
  7.6480E+02  3.4905E-02 -1.3968E-02
  7.6626E+02  3.4860E-02 -1.3966E-02
  7.6771E+02  3.4815E-02 -1.3963E-02
  7.6917E+02  3.4770E-02 -1.3961E-02
  7.7062E+02  3.4725E-02 -1.3959E-02
  7.7207E+02  3.4680E-02 -1.3956E-02
  7.7353E+02  3.4636E-02 -1.3954E-02
  7.7498E+02  3.4593E-02 -1.3951E-02
  7.7644E+02  3.4551E-02 -1.3948E-02
  7.7789E+02  3.4510E-02 -1.3945E-02
  7.7934E+02  3.4470E-02 -1.3943E-02
  7.8080E+02  3.4432E-02 -1.3940E-02
  7.8225E+02  3.4396E-02 -1.3937E-02
  7.8371E+02  3.4362E-02 -1.3934E-02
  7.8516E+02  3.4329E-02 -1.3931E-02
  7.8661E+02  3.4298E-02 -1.3927E-02
  7.8807E+02  3.4269E-02 -1.3924E-02
  7.8952E+02  3.4241E-02 -1.3921E-02
  7.9098E+02  3.4214E-02 -1.3917E-02
  7.9243E+02  3.4188E-02 -1.3914E-02
  7.9388E+02  3.4163E-02 -1.3911E-02
  7.9534E+02  3.4137E-02 -1.3907E-02
  7.9679E+02  3.4112E-02 -1.3904E-02
  7.9825E+02  3.4086E-02 -1.3900E-02
  7.9970E+02  3.4059E-02 -1.3897E-02
  8.0115E+02  3.4032E-02 -1.3893E-02
  8.0261E+02  3.4004E-02 -1.3889E-02
  8.0406E+02  3.3975E-02 -1.3886E-02
  8.0552E+02  3.3945E-02 -1.3882E-02
  8.0697E+02  3.3914E-02 -1.3879E-02
  8.0842E+02  3.3882E-02 -1.3875E-02
  8.0988E+02  3.3849E-02 -1.3871E-02
  8.1133E+02  3.3816E-02 -1.3867E-02
  8.1279E+02  3.3782E-02 -1.3864E-02
  8.1424E+02  3.3748E-02 -1.3860E-02
  8.1569E+02  3.3714E-02 -1.3856E-02
  8.1715E+02  3.3680E-02 -1.3852E-02
  8.1860E+02  3.3646E-02 -1.3848E-02
  8.2006E+02  3.3613E-02 -1.3844E-02
  8.2151E+02  3.3580E-02 -1.3840E-02
  8.2296E+02  3.3549E-02 -1.3837E-02
  8.2442E+02  3.3518E-02 -1.3833E-02
  8.2587E+02  3.3488E-02 -1.3829E-02
  8.2733E+02  3.3459E-02 -1.3825E-02
  8.2878E+02  3.3430E-02 -1.3821E-02
  8.3023E+02  3.3402E-02 -1.3817E-02
  8.3169E+02  3.3375E-02 -1.3813E-02
  8.3314E+02  3.3348E-02 -1.3809E-02
  8.3460E+02  3.3321E-02 -1.3805E-02
  8.3605E+02  3.3295E-02 -1.3801E-02
  8.3750E+02  3.3268E-02 -1.3797E-02
  8.3896E+02  3.3241E-02 -1.3793E-02
  8.4041E+02  3.3213E-02 -1.3789E-02
  8.4187E+02  3.3185E-02 -1.3785E-02
  8.4332E+02  3.3155E-02 -1.3781E-02
  8.4477E+02  3.3125E-02 -1.3777E-02
  8.4623E+02  3.3093E-02 -1.3774E-02
  8.4768E+02  3.3060E-02 -1.3770E-02
  8.4914E+02  3.3025E-02 -1.3766E-02
  8.5059E+02  3.2989E-02 -1.3762E-02
  8.5204E+02  3.2950E-02 -1.3758E-02
  8.5350E+02  3.2910E-02 -1.3754E-02
  8.5495E+02  3.2869E-02 -1.3750E-02
  8.5641E+02  3.2825E-02 -1.3746E-02
  8.5786E+02  3.2781E-02 -1.3742E-02
  8.5931E+02  3.2734E-02 -1.3738E-02
  8.6077E+02  3.2687E-02 -1.3733E-02
  8.6222E+02  3.2638E-02 -1.3729E-02
  8.6368E+02  3.2589E-02 -1.3725E-02
  8.6513E+02  3.2538E-02 -1.3721E-02
  8.6658E+02  3.2488E-02 -1.3717E-02
  8.6804E+02  3.2437E-02 -1.3712E-02
  8.6949E+02  3.2386E-02 -1.3708E-02
  8.7095E+02  3.2335E-02 -1.3704E-02
  8.7240E+02  3.2285E-02 -1.3699E-02
  8.7385E+02  3.2236E-02 -1.3695E-02
  8.7531E+02  3.2188E-02 -1.3691E-02
  8.7676E+02  3.2141E-02 -1.3687E-02
  8.7822E+02  3.2096E-02 -1.3682E-02
  8.7967E+02  3.2052E-02 -1.3678E-02
  8.8112E+02  3.2011E-02 -1.3674E-02
  8.8258E+02  3.1972E-02 -1.3669E-02
  8.8403E+02  3.1935E-02 -1.3665E-02
  8.8549E+02  3.1901E-02 -1.3661E-02
  8.8694E+02  3.1869E-02 -1.3657E-02
  8.8839E+02  3.1840E-02 -1.3653E-02
  8.8985E+02  3.1813E-02 -1.3648E-02
  8.9130E+02  3.1789E-02 -1.3644E-02
  8.9276E+02  3.1768E-02 -1.3640E-02
  8.9421E+02  3.1750E-02 -1.3636E-02
  8.9566E+02  3.1734E-02 -1.3632E-02
  8.9712E+02  3.1720E-02 -1.3627E-02
  8.9857E+02  3.1708E-02 -1.3623E-02
  9.0003E+02  3.1698E-02 -1.3619E-02
  9.0148E+02  3.1690E-02 -1.3614E-02
  9.0293E+02  3.1684E-02 -1.3610E-02
  9.0439E+02  3.1679E-02 -1.3606E-02
  9.0584E+02  3.1674E-02 -1.3601E-02
  9.0730E+02  3.1671E-02 -1.3596E-02
  9.0875E+02  3.1668E-02 -1.3592E-02
  9.1020E+02  3.1665E-02 -1.3587E-02
  9.1166E+02  3.1662E-02 -1.3582E-02
  9.1311E+02  3.1659E-02 -1.3577E-02
  9.1457E+02  3.1656E-02 -1.3572E-02
  9.1602E+02  3.1652E-02 -1.3567E-02
  9.1747E+02  3.1647E-02 -1.3562E-02
  9.1893E+02  3.1642E-02 -1.3557E-02
  9.2038E+02  3.1636E-02 -1.3552E-02
  9.2184E+02  3.1629E-02 -1.3546E-02
  9.2329E+02  3.1621E-02 -1.3541E-02
  9.2474E+02  3.1613E-02 -1.3536E-02
  9.2620E+02  3.1604E-02 -1.3530E-02
  9.2765E+02  3.1594E-02 -1.3525E-02
  9.2911E+02  3.1583E-02 -1.3519E-02
  9.3056E+02  3.1571E-02 -1.3514E-02
  9.3201E+02  3.1559E-02 -1.3508E-02
  9.3347E+02  3.1545E-02 -1.3503E-02
  9.3492E+02  3.1532E-02 -1.3497E-02
  9.3638E+02  3.1517E-02 -1.3491E-02
  9.3783E+02  3.1501E-02 -1.3486E-02
  9.3928E+02  3.1485E-02 -1.3481E-02
  9.4074E+02  3.1468E-02 -1.3475E-02
  9.4219E+02  3.1450E-02 -1.3470E-02
  9.4365E+02  3.1431E-02 -1.3465E-02
  9.4510E+02  3.1411E-02 -1.3459E-02
  9.4655E+02  3.1390E-02 -1.3454E-02
  9.4801E+02  3.1368E-02 -1.3449E-02
  9.4946E+02  3.1346E-02 -1.3444E-02
  9.5092E+02  3.1322E-02 -1.3439E-02
  9.5237E+02  3.1298E-02 -1.3433E-02
  9.5382E+02  3.1273E-02 -1.3428E-02
  9.5528E+02  3.1248E-02 -1.3423E-02
  9.5673E+02  3.1223E-02 -1.3418E-02
  9.5819E+02  3.1197E-02 -1.3414E-02
  9.5964E+02  3.1171E-02 -1.3409E-02
  9.6109E+02  3.1145E-02 -1.3404E-02
  9.6255E+02  3.1120E-02 -1.3399E-02
  9.6400E+02  3.1095E-02 -1.3394E-02
  9.6546E+02  3.1071E-02 -1.3389E-02
  9.6691E+02  3.1048E-02 -1.3385E-02
  9.6836E+02  3.1025E-02 -1.3380E-02
  9.6982E+02  3.1004E-02 -1.3375E-02
  9.7127E+02  3.0984E-02 -1.3371E-02
  9.7273E+02  3.0966E-02 -1.3366E-02
  9.7418E+02  3.0949E-02 -1.3362E-02
  9.7563E+02  3.0933E-02 -1.3357E-02
  9.7709E+02  3.0919E-02 -1.3353E-02
  9.7854E+02  3.0906E-02 -1.3348E-02
  9.8000E+02  3.0895E-02 -1.3344E-02
  9.8145E+02  3.0886E-02 -1.3339E-02
  9.8290E+02  3.0877E-02 -1.3335E-02
  9.8436E+02  3.0870E-02 -1.3331E-02
  9.8581E+02  3.0864E-02 -1.3327E-02
  9.8727E+02  3.0859E-02 -1.3322E-02
  9.8872E+02  3.0855E-02 -1.3318E-02
  9.9017E+02  3.0851E-02 -1.3314E-02
  9.9163E+02  3.0849E-02 -1.3310E-02
  9.9308E+02  3.0846E-02 -1.3306E-02
  9.9454E+02  3.0844E-02 -1.3302E-02
  9.9599E+02  3.0842E-02 -1.3297E-02
  9.9744E+02  3.0840E-02 -1.3293E-02
  9.9890E+02  3.0838E-02 -1.3289E-02
  1.0004E+03  3.0836E-02 -1.3285E-02
  1.0018E+03  3.0833E-02 -1.3281E-02
  1.0033E+03  3.0831E-02 -1.3277E-02
  1.0047E+03  3.0827E-02 -1.3272E-02
  1.0062E+03  3.0823E-02 -1.3268E-02
  1.0076E+03  3.0818E-02 -1.3264E-02
  1.0091E+03  3.0813E-02 -1.3260E-02
  1.0105E+03  3.0807E-02 -1.3255E-02
  1.0120E+03  3.0800E-02 -1.3251E-02
  1.0134E+03  3.0793E-02 -1.3247E-02
  1.0149E+03  3.0785E-02 -1.3243E-02
  1.0163E+03  3.0775E-02 -1.3238E-02
  1.0178E+03  3.0766E-02 -1.3234E-02
  1.0193E+03  3.0755E-02 -1.3230E-02
  1.0207E+03  3.0744E-02 -1.3225E-02
  1.0222E+03  3.0733E-02 -1.3221E-02
  1.0236E+03  3.0720E-02 -1.3217E-02
  1.0251E+03  3.0708E-02 -1.3212E-02
  1.0265E+03  3.0695E-02 -1.3208E-02
  1.0280E+03  3.0681E-02 -1.3204E-02
  1.0294E+03  3.0668E-02 -1.3199E-02
  1.0309E+03  3.0654E-02 -1.3195E-02
  1.0323E+03  3.0640E-02 -1.3191E-02
  1.0338E+03  3.0626E-02 -1.3187E-02
  1.0352E+03  3.0612E-02 -1.3183E-02
  1.0367E+03  3.0598E-02 -1.3179E-02
  1.0382E+03  3.0583E-02 -1.3175E-02
  1.0396E+03  3.0569E-02 -1.3170E-02
  1.0411E+03  3.0555E-02 -1.3166E-02
  1.0425E+03  3.0541E-02 -1.3162E-02
  1.0440E+03  3.0528E-02 -1.3159E-02
  1.0454E+03  3.0514E-02 -1.3155E-02
  1.0469E+03  3.0500E-02 -1.3151E-02
  1.0483E+03  3.0487E-02 -1.3147E-02
  1.0498E+03  3.0474E-02 -1.3143E-02
  1.0512E+03  3.0461E-02 -1.3139E-02
  1.0527E+03  3.0448E-02 -1.3135E-02
  1.0542E+03  3.0436E-02 -1.3132E-02
  1.0556E+03  3.0424E-02 -1.3128E-02
  1.0571E+03  3.0413E-02 -1.3124E-02
  1.0585E+03  3.0403E-02 -1.3121E-02
  1.0600E+03  3.0393E-02 -1.3117E-02
  1.0614E+03  3.0385E-02 -1.3114E-02
  1.0629E+03  3.0378E-02 -1.3110E-02
  1.0643E+03  3.0372E-02 -1.3107E-02
  1.0658E+03  3.0367E-02 -1.3103E-02
  1.0672E+03  3.0363E-02 -1.3100E-02
  1.0687E+03  3.0361E-02 -1.3097E-02
  1.0701E+03  3.0360E-02 -1.3093E-02
  1.0716E+03  3.0360E-02 -1.3090E-02
  1.0731E+03  3.0362E-02 -1.3087E-02
  1.0745E+03  3.0365E-02 -1.3084E-02
  1.0760E+03  3.0369E-02 -1.3081E-02
  1.0774E+03  3.0373E-02 -1.3078E-02
  1.0789E+03  3.0378E-02 -1.3075E-02
  1.0803E+03  3.0383E-02 -1.3072E-02
  1.0818E+03  3.0389E-02 -1.3069E-02
  1.0832E+03  3.0394E-02 -1.3066E-02
  1.0847E+03  3.0399E-02 -1.3063E-02
  1.0861E+03  3.0403E-02 -1.3061E-02
  1.0876E+03  3.0406E-02 -1.3058E-02
  1.0890E+03  3.0408E-02 -1.3055E-02
  1.0905E+03  3.0408E-02 -1.3053E-02
  1.0920E+03  3.0406E-02 -1.3050E-02
  1.0934E+03  3.0403E-02 -1.3047E-02
  1.0949E+03  3.0397E-02 -1.3044E-02
  1.0963E+03  3.0390E-02 -1.3042E-02
  1.0978E+03  3.0380E-02 -1.3039E-02
  1.0992E+03  3.0368E-02 -1.3036E-02
  1.1007E+03  3.0354E-02 -1.3034E-02
  1.1021E+03  3.0337E-02 -1.3031E-02
  1.1036E+03  3.0319E-02 -1.3028E-02
  1.1050E+03  3.0298E-02 -1.3025E-02
  1.1065E+03  3.0276E-02 -1.3022E-02
  1.1079E+03  3.0252E-02 -1.3020E-02
  1.1094E+03  3.0227E-02 -1.3017E-02
  1.1109E+03  3.0200E-02 -1.3014E-02
  1.1123E+03  3.0173E-02 -1.3011E-02
  1.1138E+03  3.0144E-02 -1.3009E-02
  1.1152E+03  3.0115E-02 -1.3006E-02
  1.1167E+03  3.0086E-02 -1.3003E-02
  1.1181E+03  3.0056E-02 -1.3001E-02
  1.1196E+03  3.0027E-02 -1.2998E-02
  1.1210E+03  2.9997E-02 -1.2996E-02
  1.1225E+03  2.9968E-02 -1.2993E-02
  1.1239E+03  2.9939E-02 -1.2991E-02
  1.1254E+03  2.9911E-02 -1.2989E-02
  1.1269E+03  2.9883E-02 -1.2987E-02
  1.1283E+03  2.9856E-02 -1.2984E-02
  1.1298E+03  2.9830E-02 -1.2982E-02
  1.1312E+03  2.9804E-02 -1.2980E-02
  1.1327E+03  2.9779E-02 -1.2978E-02
  1.1341E+03  2.9755E-02 -1.2976E-02
  1.1356E+03  2.9731E-02 -1.2974E-02
  1.1370E+03  2.9708E-02 -1.2973E-02
  1.1385E+03  2.9686E-02 -1.2971E-02
  1.1399E+03  2.9664E-02 -1.2969E-02
  1.1414E+03  2.9643E-02 -1.2967E-02
  1.1428E+03  2.9622E-02 -1.2965E-02
  1.1443E+03  2.9601E-02 -1.2964E-02
  1.1458E+03  2.9581E-02 -1.2962E-02
  1.1472E+03  2.9562E-02 -1.2960E-02
  1.1487E+03  2.9542E-02 -1.2958E-02
  1.1501E+03  2.9523E-02 -1.2957E-02
  1.1516E+03  2.9504E-02 -1.2955E-02
  1.1530E+03  2.9484E-02 -1.2953E-02
  1.1545E+03  2.9465E-02 -1.2951E-02
  1.1559E+03  2.9446E-02 -1.2949E-02
  1.1574E+03  2.9427E-02 -1.2948E-02
  1.1588E+03  2.9408E-02 -1.2946E-02
  1.1603E+03  2.9389E-02 -1.2944E-02
  1.1617E+03  2.9370E-02 -1.2942E-02
  1.1632E+03  2.9351E-02 -1.2940E-02
  1.1647E+03  2.9332E-02 -1.2939E-02
  1.1661E+03  2.9313E-02 -1.2937E-02
  1.1676E+03  2.9294E-02 -1.2935E-02
  1.1690E+03  2.9275E-02 -1.2933E-02
  1.1705E+03  2.9255E-02 -1.2932E-02
  1.1719E+03  2.9236E-02 -1.2930E-02
  1.1734E+03  2.9217E-02 -1.2928E-02
  1.1748E+03  2.9198E-02 -1.2927E-02
  1.1763E+03  2.9178E-02 -1.2925E-02
  1.1777E+03  2.9159E-02 -1.2924E-02
  1.1792E+03  2.9140E-02 -1.2922E-02
  1.1806E+03  2.9121E-02 -1.2921E-02
  1.1821E+03  2.9102E-02 -1.2919E-02
  1.1836E+03  2.9084E-02 -1.2918E-02
  1.1850E+03  2.9065E-02 -1.2916E-02
  1.1865E+03  2.9047E-02 -1.2915E-02
  1.1879E+03  2.9029E-02 -1.2914E-02
  1.1894E+03  2.9011E-02 -1.2913E-02
  1.1908E+03  2.8993E-02 -1.2911E-02
  1.1923E+03  2.8975E-02 -1.2910E-02
  1.1937E+03  2.8958E-02 -1.2909E-02
  1.1952E+03  2.8941E-02 -1.2908E-02
  1.1966E+03  2.8924E-02 -1.2907E-02
  1.1981E+03  2.8908E-02 -1.2906E-02
  1.1996E+03  2.8891E-02 -1.2905E-02
  1.2010E+03  2.8876E-02 -1.2904E-02
  1.2025E+03  2.8860E-02 -1.2903E-02
  1.2039E+03  2.8845E-02 -1.2902E-02
  1.2054E+03  2.8831E-02 -1.2901E-02
  1.2068E+03  2.8816E-02 -1.2900E-02
  1.2083E+03  2.8802E-02 -1.2900E-02
  1.2097E+03  2.8789E-02 -1.2899E-02
  1.2112E+03  2.8775E-02 -1.2898E-02
  1.2126E+03  2.8763E-02 -1.2897E-02
  1.2141E+03  2.8750E-02 -1.2897E-02
  1.2155E+03  2.8738E-02 -1.2896E-02
  1.2170E+03  2.8726E-02 -1.2896E-02
  1.2185E+03  2.8714E-02 -1.2895E-02
  1.2199E+03  2.8702E-02 -1.2895E-02
  1.2214E+03  2.8691E-02 -1.2894E-02
  1.2228E+03  2.8679E-02 -1.2894E-02
  1.2243E+03  2.8668E-02 -1.2893E-02
  1.2257E+03  2.8657E-02 -1.2893E-02
  1.2272E+03  2.8646E-02 -1.2892E-02
  1.2286E+03  2.8635E-02 -1.2892E-02
  1.2301E+03  2.8624E-02 -1.2892E-02
  1.2315E+03  2.8613E-02 -1.2892E-02
  1.2330E+03  2.8602E-02 -1.2891E-02
  1.2344E+03  2.8592E-02 -1.2891E-02
  1.2359E+03  2.8581E-02 -1.2891E-02
  1.2374E+03  2.8571E-02 -1.2891E-02
  1.2388E+03  2.8560E-02 -1.2891E-02
  1.2403E+03  2.8550E-02 -1.2891E-02
  1.2417E+03  2.8540E-02 -1.2891E-02
  1.2432E+03  2.8530E-02 -1.2891E-02
  1.2446E+03  2.8521E-02 -1.2891E-02
  1.2461E+03  2.8511E-02 -1.2891E-02
  1.2475E+03  2.8502E-02 -1.2891E-02
  1.2490E+03  2.8493E-02 -1.2891E-02
  1.2504E+03  2.8485E-02 -1.2891E-02
  1.2519E+03  2.8476E-02 -1.2892E-02
  1.2533E+03  2.8468E-02 -1.2892E-02
  1.2548E+03  2.8460E-02 -1.2892E-02
  1.2563E+03  2.8452E-02 -1.2893E-02
  1.2577E+03  2.8445E-02 -1.2893E-02
  1.2592E+03  2.8437E-02 -1.2893E-02
  1.2606E+03  2.8430E-02 -1.2894E-02
  1.2621E+03  2.8422E-02 -1.2894E-02
  1.2635E+03  2.8414E-02 -1.2895E-02
  1.2650E+03  2.8406E-02 -1.2895E-02
  1.2664E+03  2.8398E-02 -1.2896E-02
  1.2679E+03  2.8390E-02 -1.2897E-02
  1.2693E+03  2.8382E-02 -1.2897E-02
  1.2708E+03  2.8373E-02 -1.2898E-02
  1.2723E+03  2.8364E-02 -1.2899E-02
  1.2737E+03  2.8354E-02 -1.2899E-02
  1.2752E+03  2.8345E-02 -1.2900E-02
  1.2766E+03  2.8335E-02 -1.2901E-02
  1.2781E+03  2.8324E-02 -1.2902E-02
  1.2795E+03  2.8314E-02 -1.2903E-02
  1.2810E+03  2.8303E-02 -1.2904E-02
  1.2824E+03  2.8293E-02 -1.2905E-02
  1.2839E+03  2.8282E-02 -1.2905E-02
  1.2853E+03  2.8272E-02 -1.2906E-02
  1.2868E+03  2.8261E-02 -1.2907E-02
  1.2882E+03  2.8251E-02 -1.2908E-02
  1.2897E+03  2.8241E-02 -1.2910E-02
  1.2912E+03  2.8232E-02 -1.2911E-02
  1.2926E+03  2.8223E-02 -1.2912E-02
  1.2941E+03  2.8215E-02 -1.2913E-02
  1.2955E+03  2.8207E-02 -1.2914E-02
  1.2970E+03  2.8200E-02 -1.2916E-02
  1.2984E+03  2.8193E-02 -1.2917E-02
  1.2999E+03  2.8188E-02 -1.2918E-02
  1.3013E+03  2.8183E-02 -1.2920E-02
  1.3028E+03  2.8178E-02 -1.2921E-02
  1.3042E+03  2.8175E-02 -1.2923E-02
  1.3057E+03  2.8172E-02 -1.2924E-02
  1.3071E+03  2.8170E-02 -1.2926E-02
  1.3086E+03  2.8169E-02 -1.2928E-02
  1.3101E+03  2.8168E-02 -1.2929E-02
  1.3115E+03  2.8168E-02 -1.2931E-02
  1.3130E+03  2.8168E-02 -1.2933E-02
  1.3144E+03  2.8169E-02 -1.2935E-02
  1.3159E+03  2.8170E-02 -1.2937E-02
  1.3173E+03  2.8171E-02 -1.2939E-02
  1.3188E+03  2.8173E-02 -1.2941E-02
  1.3202E+03  2.8174E-02 -1.2943E-02
  1.3217E+03  2.8176E-02 -1.2945E-02
  1.3231E+03  2.8178E-02 -1.2947E-02
  1.3246E+03  2.8180E-02 -1.2949E-02
  1.3260E+03  2.8181E-02 -1.2951E-02
  1.3275E+03  2.8182E-02 -1.2953E-02
  1.3290E+03  2.8183E-02 -1.2955E-02
  1.3304E+03  2.8184E-02 -1.2957E-02
  1.3319E+03  2.8184E-02 -1.2960E-02
  1.3333E+03  2.8184E-02 -1.2962E-02
  1.3348E+03  2.8184E-02 -1.2964E-02
  1.3362E+03  2.8183E-02 -1.2966E-02
  1.3377E+03  2.8181E-02 -1.2968E-02
  1.3391E+03  2.8179E-02 -1.2970E-02
  1.3406E+03  2.8176E-02 -1.2973E-02
  1.3420E+03  2.8173E-02 -1.2975E-02
  1.3435E+03  2.8169E-02 -1.2977E-02
  1.3450E+03  2.8165E-02 -1.2979E-02
  1.3464E+03  2.8160E-02 -1.2982E-02
  1.3479E+03  2.8155E-02 -1.2984E-02
  1.3493E+03  2.8149E-02 -1.2986E-02
  1.3508E+03  2.8142E-02 -1.2989E-02
  1.3522E+03  2.8136E-02 -1.2991E-02
  1.3537E+03  2.8128E-02 -1.2993E-02
  1.3551E+03  2.8121E-02 -1.2996E-02
  1.3566E+03  2.8113E-02 -1.2998E-02
  1.3580E+03  2.8104E-02 -1.3001E-02
  1.3595E+03  2.8096E-02 -1.3004E-02
  1.3609E+03  2.8087E-02 -1.3006E-02
  1.3624E+03  2.8077E-02 -1.3009E-02
  1.3639E+03  2.8068E-02 -1.3012E-02
  1.3653E+03  2.8058E-02 -1.3014E-02
  1.3668E+03  2.8048E-02 -1.3017E-02
  1.3682E+03  2.8038E-02 -1.3020E-02
  1.3697E+03  2.8027E-02 -1.3023E-02
  1.3711E+03  2.8017E-02 -1.3026E-02
  1.3726E+03  2.8006E-02 -1.3028E-02
  1.3740E+03  2.7996E-02 -1.3031E-02
  1.3755E+03  2.7985E-02 -1.3034E-02
  1.3769E+03  2.7974E-02 -1.3037E-02
  1.3784E+03  2.7963E-02 -1.3040E-02
  1.3798E+03  2.7951E-02 -1.3043E-02
  1.3813E+03  2.7940E-02 -1.3046E-02
  1.3828E+03  2.7929E-02 -1.3050E-02
  1.3842E+03  2.7917E-02 -1.3053E-02
  1.3857E+03  2.7906E-02 -1.3056E-02
  1.3871E+03  2.7894E-02 -1.3059E-02
  1.3886E+03  2.7882E-02 -1.3062E-02
  1.3900E+03  2.7870E-02 -1.3065E-02
  1.3915E+03  2.7858E-02 -1.3069E-02
  1.3929E+03  2.7846E-02 -1.3072E-02
  1.3944E+03  2.7834E-02 -1.3075E-02
  1.3958E+03  2.7821E-02 -1.3079E-02
  1.3973E+03  2.7808E-02 -1.3082E-02
  1.3987E+03  2.7795E-02 -1.3085E-02
  1.4002E+03  2.7782E-02 -1.3089E-02
  1.4017E+03  2.7769E-02 -1.3092E-02
  1.4031E+03  2.7755E-02 -1.3095E-02
  1.4046E+03  2.7742E-02 -1.3099E-02
  1.4060E+03  2.7728E-02 -1.3102E-02
  1.4075E+03  2.7714E-02 -1.3106E-02
  1.4089E+03  2.7700E-02 -1.3109E-02
  1.4104E+03  2.7686E-02 -1.3113E-02
  1.4118E+03  2.7672E-02 -1.3116E-02
  1.4133E+03  2.7658E-02 -1.3120E-02
  1.4147E+03  2.7644E-02 -1.3123E-02
  1.4162E+03  2.7630E-02 -1.3127E-02
  1.4177E+03  2.7617E-02 -1.3130E-02
  1.4191E+03  2.7603E-02 -1.3134E-02
  1.4206E+03  2.7590E-02 -1.3138E-02
  1.4220E+03  2.7577E-02 -1.3141E-02
  1.4235E+03  2.7564E-02 -1.3145E-02
  1.4249E+03  2.7552E-02 -1.3149E-02
  1.4264E+03  2.7541E-02 -1.3153E-02
  1.4278E+03  2.7529E-02 -1.3156E-02
  1.4293E+03  2.7518E-02 -1.3160E-02
  1.4307E+03  2.7508E-02 -1.3164E-02
  1.4322E+03  2.7499E-02 -1.3168E-02
  1.4336E+03  2.7489E-02 -1.3172E-02
  1.4351E+03  2.7481E-02 -1.3176E-02
  1.4366E+03  2.7473E-02 -1.3180E-02
  1.4380E+03  2.7465E-02 -1.3184E-02
  1.4395E+03  2.7458E-02 -1.3188E-02
  1.4409E+03  2.7451E-02 -1.3192E-02
  1.4424E+03  2.7445E-02 -1.3196E-02
  1.4438E+03  2.7439E-02 -1.3200E-02
  1.4453E+03  2.7433E-02 -1.3204E-02
  1.4467E+03  2.7428E-02 -1.3209E-02
  1.4482E+03  2.7423E-02 -1.3213E-02
  1.4496E+03  2.7418E-02 -1.3217E-02
  1.4511E+03  2.7413E-02 -1.3221E-02
  1.4525E+03  2.7409E-02 -1.3226E-02
  1.4540E+03  2.7405E-02 -1.3230E-02
  1.4555E+03  2.7400E-02 -1.3234E-02
  1.4569E+03  2.7396E-02 -1.3239E-02
  1.4584E+03  2.7392E-02 -1.3243E-02
  1.4598E+03  2.7388E-02 -1.3247E-02
  1.4613E+03  2.7384E-02 -1.3252E-02
  1.4627E+03  2.7380E-02 -1.3256E-02
  1.4642E+03  2.7376E-02 -1.3261E-02
  1.4656E+03  2.7372E-02 -1.3265E-02
  1.4671E+03  2.7368E-02 -1.3270E-02
  1.4685E+03  2.7364E-02 -1.3274E-02
  1.4700E+03  2.7360E-02 -1.3279E-02
  1.4714E+03  2.7356E-02 -1.3284E-02
  1.4729E+03  2.7352E-02 -1.3288E-02
  1.4744E+03  2.7349E-02 -1.3293E-02
  1.4758E+03  2.7345E-02 -1.3297E-02
  1.4773E+03  2.7342E-02 -1.3302E-02
  1.4787E+03  2.7339E-02 -1.3307E-02
  1.4802E+03  2.7336E-02 -1.3312E-02
  1.4816E+03  2.7333E-02 -1.3316E-02
  1.4831E+03  2.7330E-02 -1.3321E-02
  1.4845E+03  2.7328E-02 -1.3326E-02
  1.4860E+03  2.7325E-02 -1.3331E-02
  1.4874E+03  2.7323E-02 -1.3336E-02
  1.4889E+03  2.7321E-02 -1.3341E-02
  1.4903E+03  2.7319E-02 -1.3346E-02
  1.4918E+03  2.7317E-02 -1.3351E-02
  1.4933E+03  2.7315E-02 -1.3356E-02
  1.4947E+03  2.7313E-02 -1.3361E-02
  1.4962E+03  2.7311E-02 -1.3366E-02
  1.4976E+03  2.7309E-02 -1.3371E-02
  1.4991E+03  2.7307E-02 -1.3376E-02
  1.5005E+03  2.7304E-02 -1.3381E-02
  1.5020E+03  2.7301E-02 -1.3387E-02
  1.5034E+03  2.7299E-02 -1.3392E-02
  1.5049E+03  2.7295E-02 -1.3397E-02
  1.5063E+03  2.7292E-02 -1.3402E-02
  1.5078E+03  2.7288E-02 -1.3407E-02
  1.5093E+03  2.7283E-02 -1.3413E-02
  1.5107E+03  2.7278E-02 -1.3418E-02
  1.5122E+03  2.7273E-02 -1.3423E-02
  1.5136E+03  2.7267E-02 -1.3428E-02
  1.5151E+03  2.7261E-02 -1.3434E-02
  1.5165E+03  2.7254E-02 -1.3439E-02
  1.5180E+03  2.7247E-02 -1.3444E-02
  1.5194E+03  2.7239E-02 -1.3449E-02
  1.5209E+03  2.7230E-02 -1.3455E-02
  1.5223E+03  2.7222E-02 -1.3460E-02
  1.5238E+03  2.7212E-02 -1.3465E-02
  1.5252E+03  2.7203E-02 -1.3471E-02
  1.5267E+03  2.7192E-02 -1.3476E-02
  1.5282E+03  2.7182E-02 -1.3482E-02
  1.5296E+03  2.7171E-02 -1.3487E-02
  1.5311E+03  2.7160E-02 -1.3492E-02
  1.5325E+03  2.7149E-02 -1.3498E-02
  1.5340E+03  2.7137E-02 -1.3503E-02
  1.5354E+03  2.7126E-02 -1.3509E-02
  1.5369E+03  2.7114E-02 -1.3514E-02
  1.5383E+03  2.7102E-02 -1.3520E-02
  1.5398E+03  2.7090E-02 -1.3525E-02
  1.5412E+03  2.7078E-02 -1.3531E-02
  1.5427E+03  2.7066E-02 -1.3537E-02
  1.5441E+03  2.7054E-02 -1.3542E-02
  1.5456E+03  2.7042E-02 -1.3548E-02
  1.5471E+03  2.7030E-02 -1.3554E-02
  1.5485E+03  2.7018E-02 -1.3559E-02
  1.5500E+03  2.7006E-02 -1.3565E-02
  1.5514E+03  2.6994E-02 -1.3571E-02
  1.5529E+03  2.6982E-02 -1.3577E-02
  1.5543E+03  2.6971E-02 -1.3583E-02
  1.5558E+03  2.6959E-02 -1.3588E-02
  1.5572E+03  2.6948E-02 -1.3594E-02
  1.5587E+03  2.6937E-02 -1.3600E-02
  1.5601E+03  2.6926E-02 -1.3606E-02
  1.5616E+03  2.6915E-02 -1.3612E-02
  1.5630E+03  2.6904E-02 -1.3618E-02
  1.5645E+03  2.6894E-02 -1.3624E-02
  1.5660E+03  2.6883E-02 -1.3630E-02
  1.5674E+03  2.6872E-02 -1.3636E-02
  1.5689E+03  2.6862E-02 -1.3642E-02
  1.5703E+03  2.6852E-02 -1.3648E-02
  1.5718E+03  2.6842E-02 -1.3654E-02
  1.5732E+03  2.6832E-02 -1.3660E-02
  1.5747E+03  2.6822E-02 -1.3667E-02
  1.5761E+03  2.6812E-02 -1.3673E-02
  1.5776E+03  2.6802E-02 -1.3679E-02
  1.5790E+03  2.6792E-02 -1.3685E-02
  1.5805E+03  2.6783E-02 -1.3691E-02
  1.5820E+03  2.6773E-02 -1.3697E-02
  1.5834E+03  2.6764E-02 -1.3703E-02
  1.5849E+03  2.6754E-02 -1.3710E-02
  1.5863E+03  2.6745E-02 -1.3716E-02
  1.5878E+03  2.6735E-02 -1.3722E-02
  1.5892E+03  2.6726E-02 -1.3728E-02
  1.5907E+03  2.6717E-02 -1.3735E-02
  1.5921E+03  2.6708E-02 -1.3741E-02
  1.5936E+03  2.6699E-02 -1.3747E-02
  1.5950E+03  2.6690E-02 -1.3754E-02
  1.5965E+03  2.6681E-02 -1.3760E-02
  1.5979E+03  2.6673E-02 -1.3766E-02
  1.5994E+03  2.6664E-02 -1.3773E-02
  1.6009E+03  2.6655E-02 -1.3779E-02
  1.6023E+03  2.6647E-02 -1.3785E-02
  1.6038E+03  2.6639E-02 -1.3792E-02
  1.6052E+03  2.6631E-02 -1.3798E-02
  1.6067E+03  2.6622E-02 -1.3805E-02
  1.6081E+03  2.6614E-02 -1.3811E-02
  1.6096E+03  2.6606E-02 -1.3818E-02
  1.6110E+03  2.6599E-02 -1.3824E-02
  1.6125E+03  2.6591E-02 -1.3831E-02
  1.6139E+03  2.6583E-02 -1.3837E-02
  1.6154E+03  2.6576E-02 -1.3844E-02
  1.6168E+03  2.6568E-02 -1.3851E-02
  1.6183E+03  2.6560E-02 -1.3857E-02
  1.6198E+03  2.6553E-02 -1.3864E-02
  1.6212E+03  2.6545E-02 -1.3870E-02
  1.6227E+03  2.6538E-02 -1.3877E-02
  1.6241E+03  2.6530E-02 -1.3884E-02
  1.6256E+03  2.6522E-02 -1.3890E-02
  1.6270E+03  2.6515E-02 -1.3897E-02
  1.6285E+03  2.6507E-02 -1.3904E-02
  1.6299E+03  2.6499E-02 -1.3910E-02
  1.6314E+03  2.6491E-02 -1.3917E-02
  1.6328E+03  2.6483E-02 -1.3924E-02
  1.6343E+03  2.6474E-02 -1.3931E-02
  1.6357E+03  2.6466E-02 -1.3937E-02
  1.6372E+03  2.6457E-02 -1.3944E-02
  1.6387E+03  2.6448E-02 -1.3951E-02
  1.6401E+03  2.6439E-02 -1.3957E-02
  1.6416E+03  2.6430E-02 -1.3964E-02
  1.6430E+03  2.6421E-02 -1.3971E-02
  1.6445E+03  2.6411E-02 -1.3978E-02
  1.6459E+03  2.6402E-02 -1.3985E-02
  1.6474E+03  2.6392E-02 -1.3991E-02
  1.6488E+03  2.6382E-02 -1.3998E-02
  1.6503E+03  2.6372E-02 -1.4005E-02
  1.6517E+03  2.6362E-02 -1.4012E-02
  1.6532E+03  2.6352E-02 -1.4019E-02
  1.6547E+03  2.6342E-02 -1.4025E-02
  1.6561E+03  2.6332E-02 -1.4032E-02
  1.6576E+03  2.6322E-02 -1.4039E-02
  1.6590E+03  2.6312E-02 -1.4046E-02
  1.6605E+03  2.6302E-02 -1.4053E-02
  1.6619E+03  2.6292E-02 -1.4060E-02
  1.6634E+03  2.6283E-02 -1.4067E-02
  1.6648E+03  2.6273E-02 -1.4074E-02
  1.6663E+03  2.6264E-02 -1.4081E-02
  1.6677E+03  2.6255E-02 -1.4088E-02
  1.6692E+03  2.6246E-02 -1.4095E-02
  1.6706E+03  2.6237E-02 -1.4102E-02
  1.6721E+03  2.6228E-02 -1.4109E-02
  1.6736E+03  2.6220E-02 -1.4116E-02
  1.6750E+03  2.6212E-02 -1.4123E-02
  1.6765E+03  2.6204E-02 -1.4130E-02
  1.6779E+03  2.6196E-02 -1.4137E-02
  1.6794E+03  2.6189E-02 -1.4144E-02
  1.6808E+03  2.6182E-02 -1.4151E-02
  1.6823E+03  2.6174E-02 -1.4158E-02
  1.6837E+03  2.6167E-02 -1.4165E-02
  1.6852E+03  2.6160E-02 -1.4173E-02
  1.6866E+03  2.6153E-02 -1.4180E-02
  1.6881E+03  2.6147E-02 -1.4187E-02
  1.6895E+03  2.6140E-02 -1.4194E-02
  1.6910E+03  2.6133E-02 -1.4201E-02
  1.6925E+03  2.6127E-02 -1.4209E-02
  1.6939E+03  2.6120E-02 -1.4216E-02
  1.6954E+03  2.6114E-02 -1.4223E-02
  1.6968E+03  2.6107E-02 -1.4231E-02
  1.6983E+03  2.6100E-02 -1.4238E-02
  1.6997E+03  2.6094E-02 -1.4245E-02
  1.7012E+03  2.6087E-02 -1.4252E-02
  1.7026E+03  2.6081E-02 -1.4260E-02
  1.7041E+03  2.6074E-02 -1.4267E-02
  1.7055E+03  2.6068E-02 -1.4274E-02
  1.7070E+03  2.6061E-02 -1.4282E-02
  1.7084E+03  2.6054E-02 -1.4289E-02
  1.7099E+03  2.6048E-02 -1.4296E-02
  1.7114E+03  2.6041E-02 -1.4304E-02
  1.7128E+03  2.6035E-02 -1.4311E-02
  1.7143E+03  2.6028E-02 -1.4319E-02
  1.7157E+03  2.6022E-02 -1.4326E-02
  1.7172E+03  2.6016E-02 -1.4334E-02
  1.7186E+03  2.6009E-02 -1.4341E-02
  1.7201E+03  2.6003E-02 -1.4348E-02
  1.7215E+03  2.5997E-02 -1.4356E-02
  1.7230E+03  2.5990E-02 -1.4363E-02
  1.7244E+03  2.5984E-02 -1.4371E-02
  1.7259E+03  2.5978E-02 -1.4378E-02
  1.7274E+03  2.5972E-02 -1.4386E-02
  1.7288E+03  2.5966E-02 -1.4393E-02
  1.7303E+03  2.5959E-02 -1.4401E-02
  1.7317E+03  2.5953E-02 -1.4408E-02
  1.7332E+03  2.5947E-02 -1.4416E-02
  1.7346E+03  2.5941E-02 -1.4424E-02
  1.7361E+03  2.5934E-02 -1.4431E-02
  1.7375E+03  2.5928E-02 -1.4439E-02
  1.7390E+03  2.5921E-02 -1.4446E-02
  1.7404E+03  2.5915E-02 -1.4454E-02
  1.7419E+03  2.5908E-02 -1.4461E-02
  1.7433E+03  2.5901E-02 -1.4469E-02
  1.7448E+03  2.5894E-02 -1.4477E-02
  1.7463E+03  2.5887E-02 -1.4484E-02
  1.7477E+03  2.5879E-02 -1.4492E-02
  1.7492E+03  2.5871E-02 -1.4499E-02
  1.7506E+03  2.5864E-02 -1.4507E-02
  1.7521E+03  2.5856E-02 -1.4515E-02
  1.7535E+03  2.5847E-02 -1.4522E-02
  1.7550E+03  2.5839E-02 -1.4530E-02
  1.7564E+03  2.5830E-02 -1.4537E-02
  1.7579E+03  2.5821E-02 -1.4545E-02
  1.7593E+03  2.5812E-02 -1.4552E-02
  1.7608E+03  2.5802E-02 -1.4560E-02
  1.7622E+03  2.5792E-02 -1.4568E-02
  1.7637E+03  2.5783E-02 -1.4575E-02
  1.7652E+03  2.5772E-02 -1.4583E-02
  1.7666E+03  2.5762E-02 -1.4590E-02
  1.7681E+03  2.5751E-02 -1.4598E-02
  1.7695E+03  2.5741E-02 -1.4606E-02
  1.7710E+03  2.5730E-02 -1.4613E-02
  1.7724E+03  2.5719E-02 -1.4621E-02
  1.7739E+03  2.5707E-02 -1.4628E-02
  1.7753E+03  2.5696E-02 -1.4636E-02
  1.7768E+03  2.5685E-02 -1.4644E-02
  1.7782E+03  2.5673E-02 -1.4651E-02
  1.7797E+03  2.5661E-02 -1.4659E-02
  1.7811E+03  2.5650E-02 -1.4667E-02
  1.7826E+03  2.5638E-02 -1.4674E-02
  1.7841E+03  2.5626E-02 -1.4682E-02
  1.7855E+03  2.5614E-02 -1.4690E-02
  1.7870E+03  2.5602E-02 -1.4697E-02
  1.7884E+03  2.5591E-02 -1.4705E-02
  1.7899E+03  2.5579E-02 -1.4713E-02
  1.7913E+03  2.5567E-02 -1.4721E-02
  1.7928E+03  2.5555E-02 -1.4728E-02
  1.7942E+03  2.5543E-02 -1.4736E-02
  1.7957E+03  2.5532E-02 -1.4744E-02
  1.7971E+03  2.5520E-02 -1.4751E-02
  1.7986E+03  2.5508E-02 -1.4759E-02
  1.8001E+03  2.5497E-02 -1.4767E-02
  1.8015E+03  2.5485E-02 -1.4775E-02
  1.8030E+03  2.5474E-02 -1.4783E-02
  1.8044E+03  2.5462E-02 -1.4790E-02
  1.8059E+03  2.5451E-02 -1.4798E-02
  1.8073E+03  2.5439E-02 -1.4806E-02
  1.8088E+03  2.5428E-02 -1.4814E-02
  1.8102E+03  2.5416E-02 -1.4821E-02
  1.8117E+03  2.5405E-02 -1.4829E-02
  1.8131E+03  2.5393E-02 -1.4837E-02
  1.8146E+03  2.5382E-02 -1.4845E-02
  1.8160E+03  2.5370E-02 -1.4853E-02
  1.8175E+03  2.5359E-02 -1.4860E-02
  1.8190E+03  2.5347E-02 -1.4868E-02
  1.8204E+03  2.5335E-02 -1.4876E-02
  1.8219E+03  2.5323E-02 -1.4884E-02
  1.8233E+03  2.5311E-02 -1.4892E-02
  1.8248E+03  2.5299E-02 -1.4900E-02
  1.8262E+03  2.5287E-02 -1.4907E-02
  1.8277E+03  2.5275E-02 -1.4915E-02
  1.8291E+03  2.5263E-02 -1.4923E-02
  1.8306E+03  2.5251E-02 -1.4931E-02
  1.8320E+03  2.5239E-02 -1.4939E-02
  1.8335E+03  2.5226E-02 -1.4946E-02
  1.8349E+03  2.5214E-02 -1.4954E-02
  1.8364E+03  2.5202E-02 -1.4962E-02
  1.8379E+03  2.5189E-02 -1.4970E-02
  1.8393E+03  2.5177E-02 -1.4978E-02
  1.8408E+03  2.5165E-02 -1.4985E-02
  1.8422E+03  2.5152E-02 -1.4993E-02
  1.8437E+03  2.5140E-02 -1.5001E-02
  1.8451E+03  2.5128E-02 -1.5009E-02
  1.8466E+03  2.5116E-02 -1.5017E-02
  1.8480E+03  2.5104E-02 -1.5025E-02
  1.8495E+03  2.5092E-02 -1.5032E-02
  1.8509E+03  2.5080E-02 -1.5040E-02
  1.8524E+03  2.5068E-02 -1.5048E-02
  1.8538E+03  2.5056E-02 -1.5056E-02
  1.8553E+03  2.5044E-02 -1.5064E-02
  1.8568E+03  2.5033E-02 -1.5072E-02
  1.8582E+03  2.5021E-02 -1.5080E-02
  1.8597E+03  2.5010E-02 -1.5087E-02
  1.8611E+03  2.4999E-02 -1.5095E-02
  1.8626E+03  2.4987E-02 -1.5103E-02
  1.8640E+03  2.4976E-02 -1.5111E-02
  1.8655E+03  2.4965E-02 -1.5119E-02
  1.8669E+03  2.4954E-02 -1.5127E-02
  1.8684E+03  2.4943E-02 -1.5135E-02
  1.8698E+03  2.4932E-02 -1.5143E-02
  1.8713E+03  2.4921E-02 -1.5150E-02
  1.8728E+03  2.4910E-02 -1.5158E-02
  1.8742E+03  2.4899E-02 -1.5166E-02
  1.8757E+03  2.4888E-02 -1.5174E-02
  1.8771E+03  2.4877E-02 -1.5182E-02
  1.8786E+03  2.4866E-02 -1.5190E-02
  1.8800E+03  2.4856E-02 -1.5198E-02
  1.8815E+03  2.4845E-02 -1.5205E-02
  1.8829E+03  2.4834E-02 -1.5213E-02
  1.8844E+03  2.4823E-02 -1.5221E-02
  1.8858E+03  2.4812E-02 -1.5229E-02
  1.8873E+03  2.4802E-02 -1.5237E-02
  1.8887E+03  2.4791E-02 -1.5245E-02
  1.8902E+03  2.4780E-02 -1.5253E-02
  1.8917E+03  2.4770E-02 -1.5260E-02
  1.8931E+03  2.4759E-02 -1.5268E-02
  1.8946E+03  2.4749E-02 -1.5276E-02
  1.8960E+03  2.4738E-02 -1.5284E-02
  1.8975E+03  2.4728E-02 -1.5292E-02
  1.8989E+03  2.4717E-02 -1.5300E-02
  1.9004E+03  2.4707E-02 -1.5307E-02
  1.9018E+03  2.4697E-02 -1.5315E-02
  1.9033E+03  2.4686E-02 -1.5323E-02
  1.9047E+03  2.4676E-02 -1.5331E-02
  1.9062E+03  2.4666E-02 -1.5339E-02
  1.9076E+03  2.4656E-02 -1.5347E-02
  1.9091E+03  2.4646E-02 -1.5354E-02
  1.9106E+03  2.4636E-02 -1.5362E-02
  1.9120E+03  2.4626E-02 -1.5370E-02
  1.9135E+03  2.4616E-02 -1.5378E-02
  1.9149E+03  2.4606E-02 -1.5386E-02
  1.9164E+03  2.4597E-02 -1.5394E-02
  1.9178E+03  2.4587E-02 -1.5401E-02
  1.9193E+03  2.4577E-02 -1.5409E-02
  1.9207E+03  2.4567E-02 -1.5417E-02
  1.9222E+03  2.4558E-02 -1.5425E-02
  1.9236E+03  2.4548E-02 -1.5433E-02
  1.9251E+03  2.4538E-02 -1.5441E-02
  1.9265E+03  2.4528E-02 -1.5448E-02
  1.9280E+03  2.4518E-02 -1.5456E-02
  1.9295E+03  2.4508E-02 -1.5464E-02
  1.9309E+03  2.4499E-02 -1.5472E-02
  1.9324E+03  2.4489E-02 -1.5480E-02
  1.9338E+03  2.4478E-02 -1.5488E-02
  1.9353E+03  2.4468E-02 -1.5495E-02
  1.9367E+03  2.4458E-02 -1.5503E-02
  1.9382E+03  2.4448E-02 -1.5511E-02
  1.9396E+03  2.4438E-02 -1.5519E-02
  1.9411E+03  2.4427E-02 -1.5527E-02
  1.9425E+03  2.4417E-02 -1.5534E-02
  1.9440E+03  2.4406E-02 -1.5542E-02
  1.9455E+03  2.4396E-02 -1.5550E-02
  1.9469E+03  2.4385E-02 -1.5558E-02
  1.9484E+03  2.4374E-02 -1.5566E-02
  1.9498E+03  2.4363E-02 -1.5573E-02
  1.9513E+03  2.4352E-02 -1.5581E-02
  1.9527E+03  2.4342E-02 -1.5589E-02
  1.9542E+03  2.4331E-02 -1.5597E-02
  1.9556E+03  2.4319E-02 -1.5604E-02
  1.9571E+03  2.4308E-02 -1.5612E-02
  1.9585E+03  2.4297E-02 -1.5620E-02
  1.9600E+03  2.4286E-02 -1.5628E-02
  1.9614E+03  2.4275E-02 -1.5636E-02
  1.9629E+03  2.4263E-02 -1.5643E-02
  1.9644E+03  2.4252E-02 -1.5651E-02
  1.9658E+03  2.4241E-02 -1.5659E-02
  1.9673E+03  2.4229E-02 -1.5667E-02
  1.9687E+03  2.4218E-02 -1.5674E-02
  1.9702E+03  2.4207E-02 -1.5682E-02
  1.9716E+03  2.4195E-02 -1.5690E-02
  1.9731E+03  2.4184E-02 -1.5698E-02
  1.9745E+03  2.4172E-02 -1.5706E-02
  1.9760E+03  2.4161E-02 -1.5713E-02
  1.9774E+03  2.4149E-02 -1.5721E-02
  1.9789E+03  2.4138E-02 -1.5729E-02
  1.9803E+03  2.4126E-02 -1.5737E-02
  1.9818E+03  2.4115E-02 -1.5744E-02
  1.9833E+03  2.4103E-02 -1.5752E-02
  1.9847E+03  2.4092E-02 -1.5760E-02
  1.9862E+03  2.4080E-02 -1.5768E-02
  1.9876E+03  2.4068E-02 -1.5775E-02
  1.9891E+03  2.4057E-02 -1.5783E-02
  1.9905E+03  2.4045E-02 -1.5791E-02
  1.9920E+03  2.4033E-02 -1.5798E-02
  1.9934E+03  2.4021E-02 -1.5806E-02
  1.9949E+03  2.4010E-02 -1.5814E-02
  1.9963E+03  2.3998E-02 -1.5822E-02
  1.9978E+03  2.3986E-02 -1.5829E-02
  1.9992E+03  2.3974E-02 -1.5837E-02
  2.0000E+03  2.3968E-02 -1.5841E-02
