# CREATED BY GENE DIAGNOSTICS TOOL on Fri Dec 11 18:25:16 2020
# diag: gamdiag, run(s): 0019, time window: 0-1500(1487 steps), species: ions
# original data path: /marconi_scratch/userexternal/cmoreno0/GAM_HP_scan/LHD_s0.25_alpha-0_npol2_nz0512/
# normalization: L_ref=1.65m
#
# xind= 0, x/a= 0.5, q= 2.1464562
# Fit:    0.050855927,8676.3943,6529.261
# Analytic (Gao, Zhou/Yu): 0.078523524,0.41974027,3.2388626
#  t          Re[phi]     Im[phi]   
  0.0000E+00  9.9998E-01  0.0000E+00
  1.0100E+00  8.9232E-01 -4.0601E-04
  2.0200E+00  7.5373E-01 -6.9727E-04
  3.0300E+00  5.7397E-01 -9.0828E-04
  4.0400E+00  3.9082E-01 -1.0117E-03
  5.0500E+00  2.3256E-01 -1.0012E-03
  6.0600E+00  1.1200E-01 -8.9311E-04
  7.0700E+00  3.2012E-02 -7.1817E-04
  8.0800E+00 -1.2370E-02 -5.1494E-04
  9.0900E+00 -2.9432E-02 -3.1843E-04
  1.0100E+01 -2.8192E-02 -1.6000E-04
  1.1110E+01 -1.6861E-02 -5.1271E-05
  1.2120E+01 -1.4822E-03  1.1103E-05
  1.3130E+01  1.4207E-02  2.8185E-05
  1.4140E+01  2.7135E-02  2.1364E-05
  1.5150E+01  3.0764E-02 -3.5976E-05
  1.6160E+01  3.5960E-02 -7.3160E-05
  1.7170E+01  3.5731E-02 -1.1424E-04
  1.8180E+01  2.9331E-02 -1.3251E-04
  1.9190E+01  2.0859E-02 -1.1871E-04
  2.0200E+01  9.1205E-03 -5.6073E-05
  2.1210E+01 -3.7852E-03  3.9721E-05
  2.2220E+01 -1.5369E-02  1.5550E-04
  2.3230E+01 -2.4595E-02  2.7406E-04
  2.4240E+01 -3.0414E-02  3.7007E-04
  2.5250E+01 -3.2076E-02  4.2325E-04
  2.6260E+01 -2.9211E-02  4.2447E-04
  2.7270E+01 -2.2042E-02  3.6920E-04
  2.8280E+01 -1.1783E-02  2.6625E-04
  2.9290E+01  8.4200E-04  1.3328E-04
  3.0300E+01  1.5743E-02 -2.8782E-05
  3.1310E+01  2.9983E-02 -1.9171E-04
  3.2320E+01  4.3339E-02 -3.5353E-04
  3.3330E+01  5.4723E-02 -4.9011E-04
  3.4340E+01  6.4402E-02 -6.0192E-04
  3.5350E+01  7.2346E-02 -6.8682E-04
  3.6360E+01  7.6528E-02 -7.3409E-04
  3.7370E+01  7.9727E-02 -7.6707E-04
  3.8380E+01  8.0456E-02 -7.6680E-04
  3.9390E+01  8.0944E-02 -7.6028E-04
  4.0400E+01  8.0663E-02 -7.3862E-04
  4.1410E+01  7.9752E-02 -7.1255E-04
  4.2420E+01  7.7811E-02 -6.8405E-04
  4.3430E+01  7.4980E-02 -6.5284E-04
  4.4440E+01  7.2222E-02 -6.2423E-04
  4.5450E+01  6.9687E-02 -5.9339E-04
  4.6460E+01  6.8240E-02 -5.6414E-04
  4.7470E+01  6.7196E-02 -5.3262E-04
  4.8480E+01  6.5824E-02 -4.9657E-04
  4.9490E+01  6.3924E-02 -4.6100E-04
  5.0500E+01  6.0678E-02 -4.1870E-04
  5.1510E+01  5.6762E-02 -3.7246E-04
  5.2520E+01  5.2704E-02 -3.2369E-04
  5.3530E+01  4.9031E-02 -2.7316E-04
  5.4540E+01  4.6521E-02 -2.2843E-04
  5.5550E+01  4.4675E-02 -1.8464E-04
  5.6560E+01  4.3404E-02 -1.4844E-04
  5.7570E+01  4.2492E-02 -1.2204E-04
  5.8580E+01  4.1596E-02 -1.0531E-04
  5.9590E+01  4.0691E-02 -9.8827E-05
  6.0600E+01  3.9943E-02 -1.0092E-04
  6.1610E+01  3.9450E-02 -1.1088E-04
  6.2620E+01  3.9250E-02 -1.2727E-04
  6.3630E+01  3.9623E-02 -1.5116E-04
  6.4640E+01  4.0461E-02 -1.8061E-04
  6.5650E+01  4.1762E-02 -2.1446E-04
  6.6660E+01  4.3372E-02 -2.5138E-04
  6.7670E+01  4.5029E-02 -2.8842E-04
  6.8680E+01  4.6684E-02 -3.2489E-04
  6.9690E+01  4.8201E-02 -3.5732E-04
  7.0700E+01  4.9721E-02 -3.8730E-04
  7.1710E+01  5.1105E-02 -4.1475E-04
  7.2720E+01  5.2282E-02 -4.4024E-04
  7.3730E+01  5.3272E-02 -4.6413E-04
  7.4740E+01  5.4156E-02 -4.8571E-04
  7.5750E+01  5.4864E-02 -5.0262E-04
  7.6760E+01  5.5406E-02 -5.1521E-04
  7.7770E+01  5.5651E-02 -5.2233E-04
  7.8780E+01  5.5640E-02 -5.2536E-04
  7.9790E+01  5.5455E-02 -5.2512E-04
  8.0800E+01  5.5280E-02 -5.2266E-04
  8.1810E+01  5.5199E-02 -5.1840E-04
  8.2820E+01  5.5170E-02 -5.1216E-04
  8.3830E+01  5.5082E-02 -5.0397E-04
  8.4840E+01  5.4819E-02 -4.9403E-04
  8.5850E+01  5.4412E-02 -4.8264E-04
  8.6860E+01  5.3994E-02 -4.6989E-04
  8.7870E+01  5.3702E-02 -4.5687E-04
  8.8880E+01  5.3495E-02 -4.4301E-04
  8.9890E+01  5.3324E-02 -4.2957E-04
  9.0900E+01  5.3023E-02 -4.1541E-04
  9.1910E+01  5.2577E-02 -4.0170E-04
  9.2920E+01  5.1959E-02 -3.8779E-04
  9.3930E+01  5.1272E-02 -3.7479E-04
  9.4940E+01  5.0644E-02 -3.6327E-04
  9.5950E+01  5.0225E-02 -3.5424E-04
  9.6960E+01  5.0061E-02 -3.4830E-04
  9.7970E+01  5.0067E-02 -3.4590E-04
  9.8980E+01  5.0068E-02 -3.4698E-04
  9.9990E+01  4.9913E-02 -3.5078E-04
  1.0100E+02  4.9558E-02 -3.5634E-04
  1.0201E+02  4.9074E-02 -3.6281E-04
  1.0302E+02  4.8602E-02 -3.6939E-04
  1.0403E+02  4.8299E-02 -3.7600E-04
  1.0504E+02  4.8242E-02 -3.8243E-04
  1.0605E+02  4.8427E-02 -3.8923E-04
  1.0706E+02  4.8720E-02 -3.9635E-04
  1.0807E+02  4.8963E-02 -4.0386E-04
  1.0908E+02  4.9029E-02 -4.1152E-04
  1.1009E+02  4.8898E-02 -4.1894E-04
  1.1110E+02  4.8665E-02 -4.2580E-04
  1.1211E+02  4.8475E-02 -4.3193E-04
  1.1312E+02  4.8427E-02 -4.3726E-04
  1.1413E+02  4.8531E-02 -4.4181E-04
  1.1514E+02  4.8735E-02 -4.4561E-04
  1.1615E+02  4.8970E-02 -4.4881E-04
  1.1716E+02  4.9180E-02 -4.5137E-04
  1.1817E+02  4.9342E-02 -4.5348E-04
  1.1918E+02  4.9436E-02 -4.5506E-04
  1.2019E+02  4.9463E-02 -4.5611E-04
  1.2120E+02  4.9454E-02 -4.5648E-04
  1.2221E+02  4.9484E-02 -4.5616E-04
  1.2322E+02  4.9616E-02 -4.5513E-04
  1.2423E+02  4.9851E-02 -4.5348E-04
  1.2524E+02  5.0146E-02 -4.5150E-04
  1.2625E+02  5.0442E-02 -4.4938E-04
  1.2726E+02  5.0686E-02 -4.4731E-04
  1.2827E+02  5.0824E-02 -4.4537E-04
  1.2928E+02  5.0837E-02 -4.4355E-04
  1.3029E+02  5.0771E-02 -4.4183E-04
  1.3130E+02  5.0709E-02 -4.4024E-04
  1.3231E+02  5.0688E-02 -4.3889E-04
  1.3332E+02  5.0659E-02 -4.3783E-04
  1.3433E+02  5.0557E-02 -4.3711E-04
  1.3534E+02  5.0356E-02 -4.3668E-04
  1.3635E+02  5.0089E-02 -4.3654E-04
  1.3736E+02  4.9802E-02 -4.3670E-04
  1.3837E+02  4.9517E-02 -4.3718E-04
  1.3938E+02  4.9218E-02 -4.3797E-04
  1.4039E+02  4.8872E-02 -4.3903E-04
  1.4140E+02  4.8455E-02 -4.4028E-04
  1.4241E+02  4.7967E-02 -4.4170E-04
  1.4342E+02  4.7423E-02 -4.4329E-04
  1.4443E+02  4.6862E-02 -4.4500E-04
  1.4544E+02  4.6356E-02 -4.4682E-04
  1.4645E+02  4.5976E-02 -4.4875E-04
  1.4746E+02  4.5739E-02 -4.5086E-04
  1.4847E+02  4.5579E-02 -4.5319E-04
  1.4948E+02  4.5385E-02 -4.5574E-04
  1.5049E+02  4.5075E-02 -4.5841E-04
  1.5150E+02  4.4670E-02 -4.6104E-04
  1.5251E+02  4.4297E-02 -4.6358E-04
  1.5352E+02  4.4089E-02 -4.6603E-04
  1.5453E+02  4.4076E-02 -4.6849E-04
  1.5554E+02  4.4163E-02 -4.7107E-04
  1.5655E+02  4.4254E-02 -4.7381E-04
  1.5756E+02  4.4353E-02 -4.7672E-04
  1.5857E+02  4.4533E-02 -4.7976E-04
  1.5958E+02  4.4817E-02 -4.8290E-04
  1.6059E+02  4.5137E-02 -4.8608E-04
  1.6160E+02  4.5406E-02 -4.8922E-04
  1.6261E+02  4.5620E-02 -4.9228E-04
  1.6362E+02  4.5858E-02 -4.9525E-04
  1.6463E+02  4.6197E-02 -4.9815E-04
  1.6564E+02  4.6636E-02 -5.0102E-04
  1.6665E+02  4.7106E-02 -5.0386E-04
  1.6766E+02  4.7525E-02 -5.0662E-04
  1.6867E+02  4.7855E-02 -5.0925E-04
  1.6968E+02  4.8108E-02 -5.1166E-04
  1.7069E+02  4.8338E-02 -5.1383E-04
  1.7170E+02  4.8601E-02 -5.1581E-04
  1.7271E+02  4.8916E-02 -5.1765E-04
  1.7372E+02  4.9236E-02 -5.1944E-04
  1.7473E+02  4.9477E-02 -5.2116E-04
  1.7574E+02  4.9596E-02 -5.2275E-04
  1.7675E+02  4.9629E-02 -5.2412E-04
  1.7776E+02  4.9665E-02 -5.2527E-04
  1.7877E+02  4.9762E-02 -5.2627E-04
  1.7978E+02  4.9901E-02 -5.2723E-04
  1.8079E+02  4.9987E-02 -5.2822E-04
  1.8180E+02  4.9933E-02 -5.2926E-04
  1.8281E+02  4.9730E-02 -5.3028E-04
  1.8382E+02  4.9466E-02 -5.3126E-04
  1.8483E+02  4.9240E-02 -5.3223E-04
  1.8584E+02  4.9082E-02 -5.3325E-04
  1.8685E+02  4.8939E-02 -5.3442E-04
  1.8786E+02  4.8745E-02 -5.3574E-04
  1.8887E+02  4.8489E-02 -5.3722E-04
  1.8988E+02  4.8206E-02 -5.3887E-04
  1.9089E+02  4.7934E-02 -5.4073E-04
  1.9190E+02  4.7676E-02 -5.4284E-04
  1.9291E+02  4.7420E-02 -5.4519E-04
  1.9392E+02  4.7169E-02 -5.4775E-04
  1.9493E+02  4.6948E-02 -5.5050E-04
  1.9594E+02  4.6778E-02 -5.5343E-04
  1.9695E+02  4.6649E-02 -5.5655E-04
  1.9796E+02  4.6528E-02 -5.5986E-04
  1.9897E+02  4.6388E-02 -5.6332E-04
  1.9998E+02  4.6231E-02 -5.6685E-04
  2.0099E+02  4.6086E-02 -5.7039E-04
  2.0200E+02  4.5982E-02 -5.7391E-04
  2.0301E+02  4.5926E-02 -5.7742E-04
  2.0402E+02  4.5888E-02 -5.8095E-04
  2.0503E+02  4.5820E-02 -5.8449E-04
  2.0604E+02  4.5708E-02 -5.8799E-04
  2.0705E+02  4.5593E-02 -5.9143E-04
  2.0806E+02  4.5531E-02 -5.9478E-04
  2.0907E+02  4.5533E-02 -5.9807E-04
  2.1008E+02  4.5555E-02 -6.0127E-04
  2.1109E+02  4.5536E-02 -6.0438E-04
  2.1210E+02  4.5455E-02 -6.0736E-04
  2.1311E+02  4.5343E-02 -6.1022E-04
  2.1412E+02  4.5262E-02 -6.1297E-04
  2.1513E+02  4.5254E-02 -6.1561E-04
  2.1614E+02  4.5301E-02 -6.1816E-04
  2.1715E+02  4.5335E-02 -6.2062E-04
  2.1816E+02  4.5294E-02 -6.2298E-04
  2.1917E+02  4.5172E-02 -6.2522E-04
  2.2018E+02  4.5026E-02 -6.2734E-04
  2.2119E+02  4.4928E-02 -6.2935E-04
  2.2220E+02  4.4909E-02 -6.3131E-04
  2.2321E+02  4.4935E-02 -6.3323E-04
  2.2422E+02  4.4946E-02 -6.3514E-04
  2.2523E+02  4.4901E-02 -6.3701E-04
  2.2624E+02  4.4810E-02 -6.3886E-04
  2.2725E+02  4.4711E-02 -6.4070E-04
  2.2826E+02  4.4635E-02 -6.4256E-04
  2.2927E+02  4.4585E-02 -6.4445E-04
  2.3028E+02  4.4544E-02 -6.4635E-04
  2.3129E+02  4.4493E-02 -6.4828E-04
  2.3230E+02  4.4425E-02 -6.5022E-04
  2.3331E+02  4.4341E-02 -6.5218E-04
  2.3432E+02  4.4254E-02 -6.5415E-04
  2.3533E+02  4.4181E-02 -6.5613E-04
  2.3634E+02  4.4132E-02 -6.5814E-04
  2.3735E+02  4.4102E-02 -6.6021E-04
  2.3836E+02  4.4079E-02 -6.6236E-04
  2.3937E+02  4.4051E-02 -6.6460E-04
  2.4038E+02  4.4014E-02 -6.6690E-04
  2.4139E+02  4.3972E-02 -6.6924E-04
  2.4240E+02  4.3931E-02 -6.7160E-04
  2.4341E+02  4.3901E-02 -6.7396E-04
  2.4442E+02  4.3887E-02 -6.7633E-04
  2.4543E+02  4.3882E-02 -6.7874E-04
  2.4644E+02  4.3869E-02 -6.8118E-04
  2.4745E+02  4.3832E-02 -6.8362E-04
  2.4846E+02  4.3767E-02 -6.8606E-04
  2.4947E+02  4.3687E-02 -6.8847E-04
  2.5048E+02  4.3611E-02 -6.9085E-04
  2.5149E+02  4.3550E-02 -6.9320E-04
  2.5250E+02  4.3501E-02 -6.9553E-04
  2.5351E+02  4.3453E-02 -6.9783E-04
  2.5452E+02  4.3401E-02 -7.0012E-04
  2.5553E+02  4.3347E-02 -7.0240E-04
  2.5654E+02  4.3295E-02 -7.0466E-04
  2.5755E+02  4.3250E-02 -7.0687E-04
  2.5856E+02  4.3216E-02 -7.0904E-04
  2.5957E+02  4.3195E-02 -7.1116E-04
  2.6058E+02  4.3180E-02 -7.1323E-04
  2.6159E+02  4.3160E-02 -7.1527E-04
  2.6260E+02  4.3130E-02 -7.1728E-04
  2.6361E+02  4.3099E-02 -7.1925E-04
  2.6462E+02  4.3081E-02 -7.2120E-04
  2.6563E+02  4.3079E-02 -7.2312E-04
  2.6664E+02  4.3078E-02 -7.2504E-04
  2.6765E+02  4.3068E-02 -7.2699E-04
  2.6866E+02  4.3051E-02 -7.2898E-04
  2.6967E+02  4.3040E-02 -7.3102E-04
  2.7068E+02  4.3046E-02 -7.3311E-04
  2.7169E+02  4.3070E-02 -7.3526E-04
  2.7270E+02  4.3103E-02 -7.3748E-04
  2.7371E+02  4.3143E-02 -7.3978E-04
  2.7472E+02  4.3189E-02 -7.4217E-04
  2.7573E+02  4.3236E-02 -7.4465E-04
  2.7674E+02  4.3283E-02 -7.4721E-04
  2.7775E+02  4.3330E-02 -7.4984E-04
  2.7876E+02  4.3379E-02 -7.5249E-04
  2.7977E+02  4.3429E-02 -7.5516E-04
  2.8078E+02  4.3469E-02 -7.5783E-04
  2.8179E+02  4.3490E-02 -7.6050E-04
  2.8280E+02  4.3494E-02 -7.6316E-04
  2.8381E+02  4.3489E-02 -7.6580E-04
  2.8482E+02  4.3480E-02 -7.6842E-04
  2.8583E+02  4.3467E-02 -7.7101E-04
  2.8684E+02  4.3450E-02 -7.7356E-04
  2.8785E+02  4.3428E-02 -7.7609E-04
  2.8886E+02  4.3399E-02 -7.7857E-04
  2.8987E+02  4.3363E-02 -7.8101E-04
  2.9088E+02  4.3330E-02 -7.8340E-04
  2.9189E+02  4.3306E-02 -7.8574E-04
  2.9290E+02  4.3289E-02 -7.8805E-04
  2.9391E+02  4.3270E-02 -7.9032E-04
  2.9492E+02  4.3241E-02 -7.9256E-04
  2.9593E+02  4.3212E-02 -7.9475E-04
  2.9694E+02  4.3191E-02 -7.9690E-04
  2.9795E+02  4.3176E-02 -7.9902E-04
  2.9896E+02  4.3155E-02 -8.0110E-04
  2.9997E+02  4.3127E-02 -8.0315E-04
  3.0098E+02  4.3102E-02 -8.0518E-04
  3.0199E+02  4.3093E-02 -8.0721E-04
  3.0300E+02  4.3097E-02 -8.0926E-04
  3.0401E+02  4.3095E-02 -8.1135E-04
  3.0502E+02  4.3068E-02 -8.1348E-04
  3.0603E+02  4.3021E-02 -8.1564E-04
  3.0704E+02  4.2978E-02 -8.1783E-04
  3.0805E+02  4.2961E-02 -8.2006E-04
  3.0906E+02  4.2968E-02 -8.2236E-04
  3.1007E+02  4.2980E-02 -8.2471E-04
  3.1108E+02  4.2976E-02 -8.2712E-04
  3.1209E+02  4.2955E-02 -8.2957E-04
  3.1310E+02  4.2929E-02 -8.3205E-04
  3.1411E+02  4.2915E-02 -8.3455E-04
  3.1512E+02  4.2917E-02 -8.3706E-04
  3.1613E+02  4.2927E-02 -8.3959E-04
  3.1714E+02  4.2936E-02 -8.4212E-04
  3.1815E+02  4.2944E-02 -8.4464E-04
  3.1916E+02  4.2954E-02 -8.4715E-04
  3.2017E+02  4.2967E-02 -8.4965E-04
  3.2118E+02  4.2978E-02 -8.5211E-04
  3.2219E+02  4.2980E-02 -8.5453E-04
  3.2320E+02  4.2968E-02 -8.5689E-04
  3.2421E+02  4.2948E-02 -8.5920E-04
  3.2522E+02  4.2928E-02 -8.6146E-04
  3.2623E+02  4.2908E-02 -8.6367E-04
  3.2724E+02  4.2885E-02 -8.6582E-04
  3.2825E+02  4.2853E-02 -8.6791E-04
  3.2926E+02  4.2809E-02 -8.6996E-04
  3.3027E+02  4.2753E-02 -8.7195E-04
  3.3128E+02  4.2686E-02 -8.7391E-04
  3.3229E+02  4.2619E-02 -8.7582E-04
  3.3330E+02  4.2561E-02 -8.7770E-04
  3.3431E+02  4.2508E-02 -8.7957E-04
  3.3532E+02  4.2449E-02 -8.8142E-04
  3.3633E+02  4.2375E-02 -8.8326E-04
  3.3734E+02  4.2292E-02 -8.8510E-04
  3.3835E+02  4.2214E-02 -8.8694E-04
  3.3936E+02  4.2148E-02 -8.8880E-04
  3.4037E+02  4.2088E-02 -8.9068E-04
  3.4138E+02  4.2020E-02 -8.9259E-04
  3.4239E+02  4.1932E-02 -8.9453E-04
  3.4340E+02  4.1831E-02 -8.9649E-04
  3.4441E+02  4.1734E-02 -8.9848E-04
  3.4542E+02  4.1651E-02 -9.0050E-04
  3.4643E+02  4.1575E-02 -9.0257E-04
  3.4744E+02  4.1493E-02 -9.0469E-04
  3.4845E+02  4.1400E-02 -9.0685E-04
  3.4946E+02  4.1299E-02 -9.0905E-04
  3.5047E+02  4.1202E-02 -9.1129E-04
  3.5148E+02  4.1115E-02 -9.1355E-04
  3.5249E+02  4.1041E-02 -9.1585E-04
  3.5350E+02  4.0974E-02 -9.1817E-04
  3.5451E+02  4.0909E-02 -9.2052E-04
  3.5552E+02  4.0844E-02 -9.2288E-04
  3.5653E+02  4.0782E-02 -9.2525E-04
  3.5754E+02  4.0726E-02 -9.2762E-04
  3.5855E+02  4.0680E-02 -9.2997E-04
  3.5956E+02  4.0645E-02 -9.3232E-04
  3.6057E+02  4.0619E-02 -9.3465E-04
  3.6158E+02  4.0593E-02 -9.3696E-04
  3.6259E+02  4.0564E-02 -9.3925E-04
  3.6360E+02  4.0535E-02 -9.4151E-04
  3.6461E+02  4.0513E-02 -9.4374E-04
  3.6562E+02  4.0501E-02 -9.4595E-04
  3.6663E+02  4.0492E-02 -9.4813E-04
  3.6764E+02  4.0480E-02 -9.5029E-04
  3.6865E+02  4.0465E-02 -9.5242E-04
  3.6966E+02  4.0450E-02 -9.5452E-04
  3.7067E+02  4.0439E-02 -9.5660E-04
  3.7168E+02  4.0429E-02 -9.5864E-04
  3.7269E+02  4.0417E-02 -9.6066E-04
  3.7370E+02  4.0402E-02 -9.6266E-04
  3.7471E+02  4.0386E-02 -9.6463E-04
  3.7572E+02  4.0368E-02 -9.6658E-04
  3.7673E+02  4.0345E-02 -9.6851E-04
  3.7774E+02  4.0314E-02 -9.7041E-04
  3.7875E+02  4.0277E-02 -9.7229E-04
  3.7976E+02  4.0238E-02 -9.7415E-04
  3.8077E+02  4.0197E-02 -9.7599E-04
  3.8178E+02  4.0154E-02 -9.7783E-04
  3.8279E+02  4.0109E-02 -9.7966E-04
  3.8380E+02  4.0063E-02 -9.8150E-04
  3.8481E+02  4.0015E-02 -9.8335E-04
  3.8582E+02  3.9967E-02 -9.8522E-04
  3.8683E+02  3.9918E-02 -9.8710E-04
  3.8784E+02  3.9874E-02 -9.8901E-04
  3.8885E+02  3.9837E-02 -9.9095E-04
  3.8986E+02  3.9807E-02 -9.9292E-04
  3.9087E+02  3.9780E-02 -9.9493E-04
  3.9188E+02  3.9754E-02 -9.9697E-04
  3.9289E+02  3.9730E-02 -9.9905E-04
  3.9390E+02  3.9709E-02 -1.0012E-03
  3.9491E+02  3.9691E-02 -1.0033E-03
  3.9592E+02  3.9675E-02 -1.0055E-03
  3.9693E+02  3.9661E-02 -1.0077E-03
  3.9794E+02  3.9649E-02 -1.0099E-03
  3.9895E+02  3.9633E-02 -1.0122E-03
  3.9996E+02  3.9609E-02 -1.0144E-03
  4.0097E+02  3.9580E-02 -1.0167E-03
  4.0198E+02  3.9552E-02 -1.0189E-03
  4.0299E+02  3.9523E-02 -1.0212E-03
  4.0400E+02  3.9490E-02 -1.0234E-03
  4.0501E+02  3.9452E-02 -1.0256E-03
  4.0602E+02  3.9409E-02 -1.0278E-03
  4.0703E+02  3.9363E-02 -1.0300E-03
  4.0804E+02  3.9313E-02 -1.0322E-03
  4.0905E+02  3.9260E-02 -1.0343E-03
  4.1006E+02  3.9206E-02 -1.0364E-03
  4.1107E+02  3.9155E-02 -1.0385E-03
  4.1208E+02  3.9106E-02 -1.0405E-03
  4.1309E+02  3.9055E-02 -1.0425E-03
  4.1410E+02  3.9003E-02 -1.0445E-03
  4.1511E+02  3.8951E-02 -1.0465E-03
  4.1612E+02  3.8904E-02 -1.0484E-03
  4.1713E+02  3.8861E-02 -1.0503E-03
  4.1814E+02  3.8822E-02 -1.0522E-03
  4.1915E+02  3.8787E-02 -1.0541E-03
  4.2016E+02  3.8756E-02 -1.0559E-03
  4.2117E+02  3.8731E-02 -1.0578E-03
  4.2218E+02  3.8708E-02 -1.0597E-03
  4.2319E+02  3.8688E-02 -1.0616E-03
  4.2420E+02  3.8670E-02 -1.0635E-03
  4.2521E+02  3.8657E-02 -1.0655E-03
  4.2622E+02  3.8649E-02 -1.0674E-03
  4.2723E+02  3.8643E-02 -1.0694E-03
  4.2824E+02  3.8637E-02 -1.0714E-03
  4.2925E+02  3.8634E-02 -1.0734E-03
  4.3026E+02  3.8632E-02 -1.0754E-03
  4.3127E+02  3.8631E-02 -1.0775E-03
  4.3228E+02  3.8627E-02 -1.0795E-03
  4.3329E+02  3.8619E-02 -1.0816E-03
  4.3430E+02  3.8608E-02 -1.0836E-03
  4.3531E+02  3.8596E-02 -1.0857E-03
  4.3632E+02  3.8585E-02 -1.0878E-03
  4.3733E+02  3.8572E-02 -1.0898E-03
  4.3834E+02  3.8551E-02 -1.0918E-03
  4.3935E+02  3.8522E-02 -1.0939E-03
  4.4036E+02  3.8488E-02 -1.0959E-03
  4.4137E+02  3.8452E-02 -1.0978E-03
  4.4238E+02  3.8415E-02 -1.0998E-03
  4.4339E+02  3.8374E-02 -1.1017E-03
  4.4440E+02  3.8325E-02 -1.1036E-03
  4.4541E+02  3.8270E-02 -1.1055E-03
  4.4642E+02  3.8215E-02 -1.1073E-03
  4.4743E+02  3.8163E-02 -1.1091E-03
  4.4844E+02  3.8111E-02 -1.1109E-03
  4.4945E+02  3.8055E-02 -1.1127E-03
  4.5046E+02  3.7995E-02 -1.1145E-03
  4.5147E+02  3.7938E-02 -1.1163E-03
  4.5248E+02  3.7889E-02 -1.1181E-03
  4.5349E+02  3.7847E-02 -1.1199E-03
  4.5450E+02  3.7811E-02 -1.1216E-03
  4.5551E+02  3.7776E-02 -1.1235E-03
  4.5652E+02  3.7743E-02 -1.1253E-03
  4.5753E+02  3.7715E-02 -1.1271E-03
  4.5854E+02  3.7696E-02 -1.1290E-03
  4.5955E+02  3.7687E-02 -1.1309E-03
  4.6056E+02  3.7684E-02 -1.1328E-03
  4.6157E+02  3.7684E-02 -1.1348E-03
  4.6258E+02  3.7687E-02 -1.1367E-03
  4.6359E+02  3.7692E-02 -1.1387E-03
  4.6460E+02  3.7701E-02 -1.1407E-03
  4.6561E+02  3.7714E-02 -1.1428E-03
  4.6662E+02  3.7730E-02 -1.1448E-03
  4.6763E+02  3.7746E-02 -1.1469E-03
  4.6864E+02  3.7760E-02 -1.1489E-03
  4.6965E+02  3.7774E-02 -1.1510E-03
  4.7066E+02  3.7784E-02 -1.1530E-03
  4.7167E+02  3.7791E-02 -1.1550E-03
  4.7268E+02  3.7794E-02 -1.1571E-03
  4.7369E+02  3.7795E-02 -1.1590E-03
  4.7470E+02  3.7793E-02 -1.1610E-03
  4.7571E+02  3.7784E-02 -1.1630E-03
  4.7672E+02  3.7768E-02 -1.1649E-03
  4.7773E+02  3.7747E-02 -1.1667E-03
  4.7874E+02  3.7722E-02 -1.1686E-03
  4.7975E+02  3.7693E-02 -1.1704E-03
  4.8076E+02  3.7659E-02 -1.1722E-03
  4.8177E+02  3.7620E-02 -1.1739E-03
  4.8278E+02  3.7578E-02 -1.1756E-03
  4.8379E+02  3.7535E-02 -1.1773E-03
  4.8480E+02  3.7489E-02 -1.1790E-03
  4.8581E+02  3.7440E-02 -1.1807E-03
  4.8682E+02  3.7386E-02 -1.1824E-03
  4.8783E+02  3.7331E-02 -1.1840E-03
  4.8884E+02  3.7280E-02 -1.1857E-03
  4.8985E+02  3.7233E-02 -1.1874E-03
  4.9086E+02  3.7188E-02 -1.1891E-03
  4.9187E+02  3.7140E-02 -1.1908E-03
  4.9288E+02  3.7091E-02 -1.1925E-03
  4.9389E+02  3.7044E-02 -1.1943E-03
  4.9490E+02  3.7003E-02 -1.1961E-03
  4.9591E+02  3.6971E-02 -1.1979E-03
  4.9692E+02  3.6942E-02 -1.1998E-03
  4.9793E+02  3.6914E-02 -1.2016E-03
  4.9894E+02  3.6885E-02 -1.2036E-03
  4.9995E+02  3.6858E-02 -1.2055E-03
  5.0096E+02  3.6838E-02 -1.2075E-03
  5.0197E+02  3.6825E-02 -1.2094E-03
  5.0298E+02  3.6815E-02 -1.2114E-03
  5.0399E+02  3.6807E-02 -1.2135E-03
  5.0500E+02  3.6799E-02 -1.2155E-03
  5.0601E+02  3.6790E-02 -1.2175E-03
  5.0702E+02  3.6784E-02 -1.2196E-03
  5.0803E+02  3.6783E-02 -1.2216E-03
  5.0904E+02  3.6785E-02 -1.2236E-03
  5.1005E+02  3.6787E-02 -1.2256E-03
  5.1106E+02  3.6786E-02 -1.2276E-03
  5.1207E+02  3.6782E-02 -1.2296E-03
  5.1308E+02  3.6779E-02 -1.2315E-03
  5.1409E+02  3.6776E-02 -1.2334E-03
  5.1510E+02  3.6773E-02 -1.2353E-03
  5.1611E+02  3.6769E-02 -1.2372E-03
  5.1712E+02  3.6761E-02 -1.2390E-03
  5.1813E+02  3.6748E-02 -1.2408E-03
  5.1914E+02  3.6733E-02 -1.2426E-03
  5.2015E+02  3.6718E-02 -1.2443E-03
  5.2116E+02  3.6701E-02 -1.2460E-03
  5.2217E+02  3.6682E-02 -1.2477E-03
  5.2318E+02  3.6658E-02 -1.2494E-03
  5.2419E+02  3.6629E-02 -1.2511E-03
  5.2520E+02  3.6599E-02 -1.2527E-03
  5.2621E+02  3.6569E-02 -1.2544E-03
  5.2722E+02  3.6538E-02 -1.2560E-03
  5.2823E+02  3.6504E-02 -1.2577E-03
  5.2924E+02  3.6465E-02 -1.2593E-03
  5.3025E+02  3.6424E-02 -1.2610E-03
  5.3126E+02  3.6385E-02 -1.2626E-03
  5.3227E+02  3.6346E-02 -1.2643E-03
  5.3328E+02  3.6307E-02 -1.2660E-03
  5.3429E+02  3.6266E-02 -1.2677E-03
  5.3530E+02  3.6225E-02 -1.2694E-03
  5.3631E+02  3.6185E-02 -1.2711E-03
  5.3732E+02  3.6147E-02 -1.2729E-03
  5.3833E+02  3.6110E-02 -1.2747E-03
  5.3934E+02  3.6075E-02 -1.2764E-03
  5.4035E+02  3.6042E-02 -1.2782E-03
  5.4136E+02  3.6010E-02 -1.2801E-03
  5.4237E+02  3.5979E-02 -1.2819E-03
  5.4338E+02  3.5949E-02 -1.2838E-03
  5.4439E+02  3.5923E-02 -1.2856E-03
  5.4540E+02  3.5900E-02 -1.2875E-03
  5.4641E+02  3.5879E-02 -1.2894E-03
  5.4742E+02  3.5857E-02 -1.2913E-03
  5.4843E+02  3.5836E-02 -1.2932E-03
  5.4944E+02  3.5815E-02 -1.2951E-03
  5.5045E+02  3.5798E-02 -1.2969E-03
  5.5146E+02  3.5783E-02 -1.2988E-03
  5.5247E+02  3.5768E-02 -1.3007E-03
  5.5348E+02  3.5752E-02 -1.3026E-03
  5.5449E+02  3.5736E-02 -1.3044E-03
  5.5550E+02  3.5719E-02 -1.3063E-03
  5.5651E+02  3.5704E-02 -1.3081E-03
  5.5752E+02  3.5689E-02 -1.3099E-03
  5.5853E+02  3.5674E-02 -1.3117E-03
  5.5954E+02  3.5658E-02 -1.3135E-03
  5.6055E+02  3.5641E-02 -1.3152E-03
  5.6156E+02  3.5622E-02 -1.3170E-03
  5.6257E+02  3.5604E-02 -1.3187E-03
  5.6358E+02  3.5586E-02 -1.3204E-03
  5.6459E+02  3.5567E-02 -1.3222E-03
  5.6560E+02  3.5546E-02 -1.3239E-03
  5.6661E+02  3.5525E-02 -1.3255E-03
  5.6762E+02  3.5503E-02 -1.3272E-03
  5.6863E+02  3.5480E-02 -1.3289E-03
  5.6964E+02  3.5457E-02 -1.3305E-03
  5.7065E+02  3.5432E-02 -1.3322E-03
  5.7166E+02  3.5408E-02 -1.3338E-03
  5.7267E+02  3.5383E-02 -1.3355E-03
  5.7368E+02  3.5358E-02 -1.3371E-03
  5.7469E+02  3.5333E-02 -1.3388E-03
  5.7570E+02  3.5308E-02 -1.3405E-03
  5.7671E+02  3.5283E-02 -1.3421E-03
  5.7772E+02  3.5259E-02 -1.3438E-03
  5.7873E+02  3.5234E-02 -1.3455E-03
  5.7974E+02  3.5210E-02 -1.3471E-03
  5.8075E+02  3.5186E-02 -1.3488E-03
  5.8176E+02  3.5164E-02 -1.3505E-03
  5.8277E+02  3.5142E-02 -1.3522E-03
  5.8378E+02  3.5120E-02 -1.3540E-03
  5.8479E+02  3.5097E-02 -1.3557E-03
  5.8580E+02  3.5076E-02 -1.3574E-03
  5.8681E+02  3.5056E-02 -1.3592E-03
  5.8782E+02  3.5037E-02 -1.3609E-03
  5.8883E+02  3.5017E-02 -1.3627E-03
  5.8984E+02  3.4997E-02 -1.3644E-03
  5.9085E+02  3.4977E-02 -1.3662E-03
  5.9186E+02  3.4958E-02 -1.3680E-03
  5.9287E+02  3.4941E-02 -1.3697E-03
  5.9388E+02  3.4923E-02 -1.3715E-03
  5.9489E+02  3.4904E-02 -1.3732E-03
  5.9590E+02  3.4885E-02 -1.3750E-03
  5.9691E+02  3.4865E-02 -1.3767E-03
  5.9792E+02  3.4847E-02 -1.3785E-03
  5.9893E+02  3.4828E-02 -1.3802E-03
  5.9994E+02  3.4809E-02 -1.3819E-03
  6.0095E+02  3.4788E-02 -1.3837E-03
  6.0196E+02  3.4766E-02 -1.3854E-03
  6.0297E+02  3.4745E-02 -1.3871E-03
  6.0398E+02  3.4725E-02 -1.3888E-03
  6.0499E+02  3.4703E-02 -1.3904E-03
  6.0600E+02  3.4681E-02 -1.3921E-03
  6.0701E+02  3.4658E-02 -1.3938E-03
  6.0802E+02  3.4636E-02 -1.3954E-03
  6.0903E+02  3.4615E-02 -1.3971E-03
  6.1004E+02  3.4594E-02 -1.3987E-03
  6.1105E+02  3.4572E-02 -1.4004E-03
  6.1206E+02  3.4550E-02 -1.4020E-03
  6.1307E+02  3.4529E-02 -1.4036E-03
  6.1408E+02  3.4509E-02 -1.4053E-03
  6.1509E+02  3.4489E-02 -1.4069E-03
  6.1610E+02  3.4468E-02 -1.4085E-03
  6.1711E+02  3.4447E-02 -1.4102E-03
  6.1812E+02  3.4427E-02 -1.4118E-03
  6.1913E+02  3.4408E-02 -1.4134E-03
  6.2014E+02  3.4388E-02 -1.4151E-03
  6.2115E+02  3.4368E-02 -1.4167E-03
  6.2216E+02  3.4348E-02 -1.4183E-03
  6.2317E+02  3.4329E-02 -1.4200E-03
  6.2418E+02  3.4310E-02 -1.4216E-03
  6.2519E+02  3.4291E-02 -1.4233E-03
  6.2620E+02  3.4272E-02 -1.4249E-03
  6.2721E+02  3.4253E-02 -1.4266E-03
  6.2822E+02  3.4234E-02 -1.4282E-03
  6.2923E+02  3.4216E-02 -1.4299E-03
  6.3024E+02  3.4198E-02 -1.4316E-03
  6.3125E+02  3.4179E-02 -1.4333E-03
  6.3226E+02  3.4160E-02 -1.4349E-03
  6.3327E+02  3.4140E-02 -1.4366E-03
  6.3428E+02  3.4120E-02 -1.4383E-03
  6.3529E+02  3.4101E-02 -1.4399E-03
  6.3630E+02  3.4082E-02 -1.4416E-03
  6.3731E+02  3.4062E-02 -1.4433E-03
  6.3832E+02  3.4041E-02 -1.4449E-03
  6.3933E+02  3.4020E-02 -1.4466E-03
  6.4034E+02  3.4000E-02 -1.4483E-03
  6.4135E+02  3.3980E-02 -1.4499E-03
  6.4236E+02  3.3960E-02 -1.4516E-03
  6.4337E+02  3.3939E-02 -1.4532E-03
  6.4438E+02  3.3918E-02 -1.4549E-03
  6.4539E+02  3.3898E-02 -1.4565E-03
  6.4640E+02  3.3878E-02 -1.4581E-03
  6.4741E+02  3.3858E-02 -1.4598E-03
  6.4842E+02  3.3838E-02 -1.4614E-03
  6.4943E+02  3.3817E-02 -1.4630E-03
  6.5044E+02  3.3797E-02 -1.4646E-03
  6.5145E+02  3.3776E-02 -1.4662E-03
  6.5246E+02  3.3756E-02 -1.4678E-03
  6.5347E+02  3.3735E-02 -1.4694E-03
  6.5448E+02  3.3715E-02 -1.4710E-03
  6.5549E+02  3.3694E-02 -1.4726E-03
  6.5650E+02  3.3674E-02 -1.4742E-03
  6.5751E+02  3.3654E-02 -1.4758E-03
  6.5852E+02  3.3634E-02 -1.4773E-03
  6.5953E+02  3.3614E-02 -1.4789E-03
  6.6054E+02  3.3595E-02 -1.4805E-03
  6.6155E+02  3.3576E-02 -1.4821E-03
  6.6256E+02  3.3558E-02 -1.4837E-03
  6.6357E+02  3.3539E-02 -1.4853E-03
  6.6458E+02  3.3521E-02 -1.4868E-03
  6.6559E+02  3.3504E-02 -1.4884E-03
  6.6660E+02  3.3488E-02 -1.4900E-03
  6.6761E+02  3.3471E-02 -1.4916E-03
  6.6862E+02  3.3454E-02 -1.4932E-03
  6.6963E+02  3.3438E-02 -1.4948E-03
  6.7064E+02  3.3423E-02 -1.4964E-03
  6.7165E+02  3.3408E-02 -1.4980E-03
  6.7266E+02  3.3394E-02 -1.4996E-03
  6.7367E+02  3.3378E-02 -1.5012E-03
  6.7468E+02  3.3363E-02 -1.5028E-03
  6.7569E+02  3.3349E-02 -1.5044E-03
  6.7670E+02  3.3334E-02 -1.5060E-03
  6.7771E+02  3.3320E-02 -1.5076E-03
  6.7872E+02  3.3305E-02 -1.5092E-03
  6.7973E+02  3.3290E-02 -1.5108E-03
  6.8074E+02  3.3274E-02 -1.5124E-03
  6.8175E+02  3.3257E-02 -1.5140E-03
  6.8276E+02  3.3240E-02 -1.5156E-03
  6.8377E+02  3.3223E-02 -1.5172E-03
  6.8478E+02  3.3205E-02 -1.5187E-03
  6.8579E+02  3.3185E-02 -1.5203E-03
  6.8680E+02  3.3166E-02 -1.5219E-03
  6.8781E+02  3.3145E-02 -1.5234E-03
  6.8882E+02  3.3124E-02 -1.5250E-03
  6.8983E+02  3.3102E-02 -1.5265E-03
  6.9084E+02  3.3080E-02 -1.5281E-03
  6.9185E+02  3.3057E-02 -1.5296E-03
  6.9286E+02  3.3034E-02 -1.5312E-03
  6.9387E+02  3.3010E-02 -1.5327E-03
  6.9488E+02  3.2985E-02 -1.5342E-03
  6.9589E+02  3.2960E-02 -1.5358E-03
  6.9690E+02  3.2936E-02 -1.5373E-03
  6.9791E+02  3.2911E-02 -1.5388E-03
  6.9892E+02  3.2886E-02 -1.5403E-03
  6.9993E+02  3.2861E-02 -1.5419E-03
  7.0094E+02  3.2836E-02 -1.5434E-03
  7.0195E+02  3.2813E-02 -1.5449E-03
  7.0296E+02  3.2790E-02 -1.5464E-03
  7.0397E+02  3.2767E-02 -1.5480E-03
  7.0498E+02  3.2745E-02 -1.5495E-03
  7.0599E+02  3.2723E-02 -1.5511E-03
  7.0700E+02  3.2703E-02 -1.5526E-03
  7.0801E+02  3.2685E-02 -1.5542E-03
  7.0902E+02  3.2667E-02 -1.5557E-03
  7.1003E+02  3.2649E-02 -1.5573E-03
  7.1104E+02  3.2632E-02 -1.5588E-03
  7.1205E+02  3.2616E-02 -1.5604E-03
  7.1306E+02  3.2601E-02 -1.5620E-03
  7.1407E+02  3.2587E-02 -1.5635E-03
  7.1508E+02  3.2574E-02 -1.5651E-03
  7.1609E+02  3.2560E-02 -1.5666E-03
  7.1710E+02  3.2547E-02 -1.5682E-03
  7.1811E+02  3.2534E-02 -1.5698E-03
  7.1912E+02  3.2521E-02 -1.5713E-03
  7.2013E+02  3.2509E-02 -1.5729E-03
  7.2114E+02  3.2496E-02 -1.5744E-03
  7.2215E+02  3.2483E-02 -1.5760E-03
  7.2316E+02  3.2469E-02 -1.5775E-03
  7.2417E+02  3.2455E-02 -1.5791E-03
  7.2518E+02  3.2441E-02 -1.5806E-03
  7.2619E+02  3.2426E-02 -1.5821E-03
  7.2720E+02  3.2411E-02 -1.5836E-03
  7.2821E+02  3.2395E-02 -1.5851E-03
  7.2922E+02  3.2379E-02 -1.5866E-03
  7.3023E+02  3.2362E-02 -1.5881E-03
  7.3124E+02  3.2345E-02 -1.5896E-03
  7.3225E+02  3.2327E-02 -1.5911E-03
  7.3326E+02  3.2309E-02 -1.5926E-03
  7.3427E+02  3.2290E-02 -1.5941E-03
  7.3528E+02  3.2271E-02 -1.5956E-03
  7.3629E+02  3.2252E-02 -1.5970E-03
  7.3730E+02  3.2233E-02 -1.5985E-03
  7.3831E+02  3.2213E-02 -1.6000E-03
  7.3932E+02  3.2194E-02 -1.6015E-03
  7.4033E+02  3.2174E-02 -1.6029E-03
  7.4134E+02  3.2154E-02 -1.6044E-03
  7.4235E+02  3.2135E-02 -1.6059E-03
  7.4336E+02  3.2116E-02 -1.6074E-03
  7.4437E+02  3.2097E-02 -1.6088E-03
  7.4538E+02  3.2078E-02 -1.6103E-03
  7.4639E+02  3.2059E-02 -1.6118E-03
  7.4740E+02  3.2041E-02 -1.6133E-03
  7.4841E+02  3.2023E-02 -1.6148E-03
  7.4942E+02  3.2005E-02 -1.6163E-03
  7.5043E+02  3.1988E-02 -1.6178E-03
  7.5144E+02  3.1971E-02 -1.6193E-03
  7.5245E+02  3.1954E-02 -1.6208E-03
  7.5346E+02  3.1937E-02 -1.6223E-03
  7.5447E+02  3.1921E-02 -1.6238E-03
  7.5548E+02  3.1905E-02 -1.6253E-03
  7.5649E+02  3.1889E-02 -1.6268E-03
  7.5750E+02  3.1873E-02 -1.6283E-03
  7.5851E+02  3.1856E-02 -1.6297E-03
  7.5952E+02  3.1840E-02 -1.6312E-03
  7.6053E+02  3.1824E-02 -1.6327E-03
  7.6154E+02  3.1807E-02 -1.6342E-03
  7.6255E+02  3.1790E-02 -1.6357E-03
  7.6356E+02  3.1773E-02 -1.6372E-03
  7.6457E+02  3.1756E-02 -1.6387E-03
  7.6558E+02  3.1738E-02 -1.6401E-03
  7.6659E+02  3.1721E-02 -1.6416E-03
  7.6760E+02  3.1702E-02 -1.6431E-03
  7.6861E+02  3.1684E-02 -1.6445E-03
  7.6962E+02  3.1666E-02 -1.6460E-03
  7.7063E+02  3.1648E-02 -1.6474E-03
  7.7164E+02  3.1629E-02 -1.6489E-03
  7.7265E+02  3.1611E-02 -1.6503E-03
  7.7366E+02  3.1592E-02 -1.6518E-03
  7.7467E+02  3.1574E-02 -1.6532E-03
  7.7568E+02  3.1556E-02 -1.6547E-03
  7.7669E+02  3.1538E-02 -1.6561E-03
  7.7770E+02  3.1520E-02 -1.6575E-03
  7.7871E+02  3.1502E-02 -1.6590E-03
  7.7972E+02  3.1485E-02 -1.6604E-03
  7.8073E+02  3.1468E-02 -1.6618E-03
  7.8174E+02  3.1451E-02 -1.6633E-03
  7.8275E+02  3.1434E-02 -1.6647E-03
  7.8376E+02  3.1418E-02 -1.6662E-03
  7.8477E+02  3.1402E-02 -1.6676E-03
  7.8578E+02  3.1386E-02 -1.6690E-03
  7.8679E+02  3.1370E-02 -1.6705E-03
  7.8780E+02  3.1355E-02 -1.6719E-03
  7.8881E+02  3.1340E-02 -1.6734E-03
  7.8982E+02  3.1325E-02 -1.6748E-03
  7.9083E+02  3.1310E-02 -1.6762E-03
  7.9184E+02  3.1296E-02 -1.6777E-03
  7.9285E+02  3.1282E-02 -1.6791E-03
  7.9386E+02  3.1268E-02 -1.6806E-03
  7.9487E+02  3.1254E-02 -1.6820E-03
  7.9588E+02  3.1240E-02 -1.6834E-03
  7.9689E+02  3.1226E-02 -1.6849E-03
  7.9790E+02  3.1212E-02 -1.6863E-03
  7.9891E+02  3.1198E-02 -1.6877E-03
  7.9992E+02  3.1184E-02 -1.6892E-03
  8.0093E+02  3.1170E-02 -1.6906E-03
  8.0194E+02  3.1156E-02 -1.6920E-03
  8.0295E+02  3.1141E-02 -1.6935E-03
  8.0396E+02  3.1127E-02 -1.6949E-03
  8.0497E+02  3.1112E-02 -1.6963E-03
  8.0598E+02  3.1096E-02 -1.6977E-03
  8.0699E+02  3.1081E-02 -1.6991E-03
  8.0800E+02  3.1066E-02 -1.7005E-03
  8.0901E+02  3.1050E-02 -1.7019E-03
  8.1002E+02  3.1034E-02 -1.7033E-03
  8.1103E+02  3.1018E-02 -1.7047E-03
  8.1204E+02  3.1001E-02 -1.7061E-03
  8.1305E+02  3.0985E-02 -1.7075E-03
  8.1406E+02  3.0969E-02 -1.7089E-03
  8.1507E+02  3.0952E-02 -1.7103E-03
  8.1608E+02  3.0935E-02 -1.7117E-03
  8.1709E+02  3.0918E-02 -1.7131E-03
  8.1810E+02  3.0902E-02 -1.7145E-03
  8.1911E+02  3.0885E-02 -1.7159E-03
  8.2012E+02  3.0868E-02 -1.7173E-03
  8.2113E+02  3.0851E-02 -1.7187E-03
  8.2214E+02  3.0835E-02 -1.7201E-03
  8.2315E+02  3.0818E-02 -1.7215E-03
  8.2416E+02  3.0802E-02 -1.7229E-03
  8.2517E+02  3.0785E-02 -1.7243E-03
  8.2618E+02  3.0769E-02 -1.7257E-03
  8.2719E+02  3.0753E-02 -1.7271E-03
  8.2820E+02  3.0737E-02 -1.7285E-03
  8.2921E+02  3.0721E-02 -1.7298E-03
  8.3022E+02  3.0705E-02 -1.7312E-03
  8.3123E+02  3.0690E-02 -1.7326E-03
  8.3224E+02  3.0674E-02 -1.7340E-03
  8.3325E+02  3.0659E-02 -1.7354E-03
  8.3426E+02  3.0644E-02 -1.7368E-03
  8.3527E+02  3.0629E-02 -1.7382E-03
  8.3628E+02  3.0615E-02 -1.7396E-03
  8.3729E+02  3.0600E-02 -1.7410E-03
  8.3830E+02  3.0585E-02 -1.7424E-03
  8.3931E+02  3.0571E-02 -1.7438E-03
  8.4032E+02  3.0556E-02 -1.7452E-03
  8.4133E+02  3.0541E-02 -1.7465E-03
  8.4234E+02  3.0527E-02 -1.7479E-03
  8.4335E+02  3.0512E-02 -1.7493E-03
  8.4436E+02  3.0497E-02 -1.7507E-03
  8.4537E+02  3.0482E-02 -1.7521E-03
  8.4638E+02  3.0467E-02 -1.7534E-03
  8.4739E+02  3.0453E-02 -1.7548E-03
  8.4840E+02  3.0438E-02 -1.7562E-03
  8.4941E+02  3.0422E-02 -1.7575E-03
  8.5042E+02  3.0407E-02 -1.7589E-03
  8.5143E+02  3.0392E-02 -1.7603E-03
  8.5244E+02  3.0377E-02 -1.7616E-03
  8.5345E+02  3.0361E-02 -1.7630E-03
  8.5446E+02  3.0346E-02 -1.7643E-03
  8.5547E+02  3.0330E-02 -1.7657E-03
  8.5648E+02  3.0315E-02 -1.7670E-03
  8.5749E+02  3.0299E-02 -1.7684E-03
  8.5850E+02  3.0283E-02 -1.7697E-03
  8.5951E+02  3.0267E-02 -1.7711E-03
  8.6052E+02  3.0252E-02 -1.7724E-03
  8.6153E+02  3.0236E-02 -1.7738E-03
  8.6254E+02  3.0220E-02 -1.7751E-03
  8.6355E+02  3.0204E-02 -1.7765E-03
  8.6456E+02  3.0188E-02 -1.7778E-03
  8.6557E+02  3.0173E-02 -1.7792E-03
  8.6658E+02  3.0157E-02 -1.7805E-03
  8.6759E+02  3.0142E-02 -1.7819E-03
  8.6860E+02  3.0127E-02 -1.7832E-03
  8.6961E+02  3.0112E-02 -1.7845E-03
  8.7062E+02  3.0097E-02 -1.7859E-03
  8.7163E+02  3.0082E-02 -1.7872E-03
  8.7264E+02  3.0067E-02 -1.7886E-03
  8.7365E+02  3.0052E-02 -1.7899E-03
  8.7466E+02  3.0038E-02 -1.7912E-03
  8.7567E+02  3.0024E-02 -1.7926E-03
  8.7668E+02  3.0009E-02 -1.7939E-03
  8.7769E+02  2.9995E-02 -1.7953E-03
  8.7870E+02  2.9981E-02 -1.7966E-03
  8.7971E+02  2.9967E-02 -1.7979E-03
  8.8072E+02  2.9953E-02 -1.7993E-03
  8.8173E+02  2.9939E-02 -1.8006E-03
  8.8274E+02  2.9925E-02 -1.8019E-03
  8.8375E+02  2.9911E-02 -1.8033E-03
  8.8476E+02  2.9897E-02 -1.8046E-03
  8.8577E+02  2.9882E-02 -1.8059E-03
  8.8678E+02  2.9868E-02 -1.8073E-03
  8.8779E+02  2.9853E-02 -1.8086E-03
  8.8880E+02  2.9838E-02 -1.8099E-03
  8.8981E+02  2.9823E-02 -1.8112E-03
  8.9082E+02  2.9808E-02 -1.8126E-03
  8.9183E+02  2.9793E-02 -1.8139E-03
  8.9284E+02  2.9777E-02 -1.8152E-03
  8.9385E+02  2.9762E-02 -1.8165E-03
  8.9486E+02  2.9746E-02 -1.8178E-03
  8.9587E+02  2.9730E-02 -1.8191E-03
  8.9688E+02  2.9714E-02 -1.8204E-03
  8.9789E+02  2.9697E-02 -1.8218E-03
  8.9890E+02  2.9681E-02 -1.8231E-03
  8.9991E+02  2.9665E-02 -1.8244E-03
  9.0092E+02  2.9648E-02 -1.8257E-03
  9.0193E+02  2.9632E-02 -1.8270E-03
  9.0294E+02  2.9616E-02 -1.8283E-03
  9.0395E+02  2.9600E-02 -1.8296E-03
  9.0496E+02  2.9584E-02 -1.8309E-03
  9.0597E+02  2.9568E-02 -1.8322E-03
  9.0698E+02  2.9553E-02 -1.8335E-03
  9.0799E+02  2.9537E-02 -1.8348E-03
  9.0900E+02  2.9522E-02 -1.8361E-03
  9.1001E+02  2.9508E-02 -1.8374E-03
  9.1102E+02  2.9493E-02 -1.8387E-03
  9.1203E+02  2.9479E-02 -1.8400E-03
  9.1304E+02  2.9465E-02 -1.8413E-03
  9.1405E+02  2.9451E-02 -1.8426E-03
  9.1506E+02  2.9438E-02 -1.8439E-03
  9.1607E+02  2.9425E-02 -1.8452E-03
  9.1708E+02  2.9412E-02 -1.8465E-03
  9.1809E+02  2.9400E-02 -1.8478E-03
  9.1910E+02  2.9387E-02 -1.8491E-03
  9.2011E+02  2.9375E-02 -1.8504E-03
  9.2112E+02  2.9363E-02 -1.8517E-03
  9.2213E+02  2.9351E-02 -1.8530E-03
  9.2314E+02  2.9339E-02 -1.8543E-03
  9.2415E+02  2.9327E-02 -1.8555E-03
  9.2516E+02  2.9315E-02 -1.8568E-03
  9.2617E+02  2.9303E-02 -1.8581E-03
  9.2718E+02  2.9290E-02 -1.8594E-03
  9.2819E+02  2.9278E-02 -1.8607E-03
  9.2920E+02  2.9266E-02 -1.8620E-03
  9.3021E+02  2.9253E-02 -1.8633E-03
  9.3122E+02  2.9240E-02 -1.8645E-03
  9.3223E+02  2.9227E-02 -1.8658E-03
  9.3324E+02  2.9213E-02 -1.8671E-03
  9.3425E+02  2.9200E-02 -1.8684E-03
  9.3526E+02  2.9186E-02 -1.8696E-03
  9.3627E+02  2.9172E-02 -1.8709E-03
  9.3728E+02  2.9157E-02 -1.8722E-03
  9.3829E+02  2.9143E-02 -1.8734E-03
  9.3930E+02  2.9128E-02 -1.8747E-03
  9.4031E+02  2.9113E-02 -1.8759E-03
  9.4132E+02  2.9098E-02 -1.8772E-03
  9.4233E+02  2.9083E-02 -1.8785E-03
  9.4334E+02  2.9068E-02 -1.8797E-03
  9.4435E+02  2.9052E-02 -1.8810E-03
  9.4536E+02  2.9037E-02 -1.8822E-03
  9.4637E+02  2.9022E-02 -1.8835E-03
  9.4738E+02  2.9007E-02 -1.8847E-03
  9.4839E+02  2.8992E-02 -1.8860E-03
  9.4940E+02  2.8977E-02 -1.8873E-03
  9.5041E+02  2.8962E-02 -1.8885E-03
  9.5142E+02  2.8947E-02 -1.8898E-03
  9.5243E+02  2.8933E-02 -1.8910E-03
  9.5344E+02  2.8919E-02 -1.8923E-03
  9.5445E+02  2.8905E-02 -1.8936E-03
  9.5546E+02  2.8891E-02 -1.8948E-03
  9.5647E+02  2.8877E-02 -1.8961E-03
  9.5748E+02  2.8864E-02 -1.8973E-03
  9.5849E+02  2.8851E-02 -1.8986E-03
  9.5950E+02  2.8838E-02 -1.8998E-03
  9.6051E+02  2.8825E-02 -1.9011E-03
  9.6152E+02  2.8812E-02 -1.9023E-03
  9.6253E+02  2.8800E-02 -1.9036E-03
  9.6354E+02  2.8787E-02 -1.9049E-03
  9.6455E+02  2.8774E-02 -1.9061E-03
  9.6556E+02  2.8762E-02 -1.9074E-03
  9.6657E+02  2.8749E-02 -1.9086E-03
  9.6758E+02  2.8737E-02 -1.9098E-03
  9.6859E+02  2.8724E-02 -1.9111E-03
  9.6960E+02  2.8711E-02 -1.9123E-03
  9.7061E+02  2.8698E-02 -1.9136E-03
  9.7162E+02  2.8685E-02 -1.9148E-03
  9.7263E+02  2.8672E-02 -1.9160E-03
  9.7364E+02  2.8659E-02 -1.9173E-03
  9.7465E+02  2.8645E-02 -1.9185E-03
  9.7566E+02  2.8632E-02 -1.9197E-03
  9.7667E+02  2.8618E-02 -1.9209E-03
  9.7768E+02  2.8604E-02 -1.9222E-03
  9.7869E+02  2.8590E-02 -1.9234E-03
  9.7970E+02  2.8576E-02 -1.9246E-03
  9.8071E+02  2.8562E-02 -1.9258E-03
  9.8172E+02  2.8548E-02 -1.9271E-03
  9.8273E+02  2.8534E-02 -1.9283E-03
  9.8374E+02  2.8519E-02 -1.9295E-03
  9.8475E+02  2.8505E-02 -1.9307E-03
  9.8576E+02  2.8491E-02 -1.9319E-03
  9.8677E+02  2.8477E-02 -1.9331E-03
  9.8778E+02  2.8463E-02 -1.9344E-03
  9.8879E+02  2.8449E-02 -1.9356E-03
  9.8980E+02  2.8436E-02 -1.9368E-03
  9.9081E+02  2.8422E-02 -1.9380E-03
  9.9182E+02  2.8409E-02 -1.9392E-03
  9.9283E+02  2.8395E-02 -1.9404E-03
  9.9384E+02  2.8382E-02 -1.9417E-03
  9.9485E+02  2.8369E-02 -1.9429E-03
  9.9586E+02  2.8356E-02 -1.9441E-03
  9.9687E+02  2.8344E-02 -1.9453E-03
  9.9788E+02  2.8331E-02 -1.9465E-03
  9.9889E+02  2.8319E-02 -1.9477E-03
  9.9990E+02  2.8306E-02 -1.9490E-03
  1.0009E+03  2.8294E-02 -1.9502E-03
  1.0019E+03  2.8282E-02 -1.9514E-03
  1.0029E+03  2.8270E-02 -1.9526E-03
  1.0039E+03  2.8258E-02 -1.9538E-03
  1.0049E+03  2.8246E-02 -1.9550E-03
  1.0060E+03  2.8235E-02 -1.9562E-03
  1.0070E+03  2.8223E-02 -1.9574E-03
  1.0080E+03  2.8211E-02 -1.9586E-03
  1.0090E+03  2.8199E-02 -1.9598E-03
  1.0100E+03  2.8187E-02 -1.9610E-03
  1.0110E+03  2.8175E-02 -1.9622E-03
  1.0120E+03  2.8163E-02 -1.9634E-03
  1.0130E+03  2.8150E-02 -1.9646E-03
  1.0140E+03  2.8138E-02 -1.9658E-03
  1.0150E+03  2.8126E-02 -1.9670E-03
  1.0161E+03  2.8113E-02 -1.9682E-03
  1.0171E+03  2.8100E-02 -1.9694E-03
  1.0181E+03  2.8087E-02 -1.9706E-03
  1.0191E+03  2.8074E-02 -1.9718E-03
  1.0201E+03  2.8061E-02 -1.9730E-03
  1.0211E+03  2.8048E-02 -1.9741E-03
  1.0221E+03  2.8035E-02 -1.9753E-03
  1.0231E+03  2.8022E-02 -1.9765E-03
  1.0241E+03  2.8008E-02 -1.9777E-03
  1.0251E+03  2.7995E-02 -1.9789E-03
  1.0262E+03  2.7981E-02 -1.9800E-03
  1.0272E+03  2.7968E-02 -1.9812E-03
  1.0282E+03  2.7954E-02 -1.9824E-03
  1.0292E+03  2.7941E-02 -1.9836E-03
  1.0302E+03  2.7927E-02 -1.9847E-03
  1.0312E+03  2.7914E-02 -1.9859E-03
  1.0322E+03  2.7901E-02 -1.9871E-03
  1.0332E+03  2.7887E-02 -1.9883E-03
  1.0342E+03  2.7874E-02 -1.9895E-03
  1.0353E+03  2.7861E-02 -1.9906E-03
  1.0363E+03  2.7848E-02 -1.9918E-03
  1.0373E+03  2.7835E-02 -1.9930E-03
  1.0383E+03  2.7822E-02 -1.9942E-03
  1.0393E+03  2.7809E-02 -1.9953E-03
  1.0403E+03  2.7796E-02 -1.9965E-03
  1.0413E+03  2.7784E-02 -1.9977E-03
  1.0423E+03  2.7771E-02 -1.9988E-03
  1.0433E+03  2.7759E-02 -2.0000E-03
  1.0443E+03  2.7746E-02 -2.0012E-03
  1.0454E+03  2.7734E-02 -2.0024E-03
  1.0464E+03  2.7722E-02 -2.0035E-03
  1.0474E+03  2.7710E-02 -2.0047E-03
  1.0484E+03  2.7698E-02 -2.0059E-03
  1.0494E+03  2.7686E-02 -2.0070E-03
  1.0504E+03  2.7674E-02 -2.0082E-03
  1.0514E+03  2.7662E-02 -2.0094E-03
  1.0524E+03  2.7650E-02 -2.0105E-03
  1.0534E+03  2.7638E-02 -2.0117E-03
  1.0544E+03  2.7626E-02 -2.0128E-03
  1.0555E+03  2.7615E-02 -2.0140E-03
  1.0565E+03  2.7603E-02 -2.0152E-03
  1.0575E+03  2.7591E-02 -2.0163E-03
  1.0585E+03  2.7580E-02 -2.0175E-03
  1.0595E+03  2.7568E-02 -2.0186E-03
  1.0605E+03  2.7556E-02 -2.0198E-03
  1.0615E+03  2.7545E-02 -2.0209E-03
  1.0625E+03  2.7533E-02 -2.0221E-03
  1.0635E+03  2.7522E-02 -2.0232E-03
  1.0645E+03  2.7510E-02 -2.0244E-03
  1.0656E+03  2.7499E-02 -2.0255E-03
  1.0666E+03  2.7487E-02 -2.0266E-03
  1.0676E+03  2.7476E-02 -2.0278E-03
  1.0686E+03  2.7464E-02 -2.0289E-03
  1.0696E+03  2.7453E-02 -2.0301E-03
  1.0706E+03  2.7441E-02 -2.0312E-03
  1.0716E+03  2.7430E-02 -2.0324E-03
  1.0726E+03  2.7418E-02 -2.0335E-03
  1.0736E+03  2.7406E-02 -2.0346E-03
  1.0746E+03  2.7395E-02 -2.0358E-03
  1.0757E+03  2.7383E-02 -2.0369E-03
  1.0767E+03  2.7371E-02 -2.0380E-03
  1.0777E+03  2.7359E-02 -2.0392E-03
  1.0787E+03  2.7347E-02 -2.0403E-03
  1.0797E+03  2.7335E-02 -2.0414E-03
  1.0807E+03  2.7323E-02 -2.0426E-03
  1.0817E+03  2.7310E-02 -2.0437E-03
  1.0827E+03  2.7298E-02 -2.0448E-03
  1.0837E+03  2.7286E-02 -2.0460E-03
  1.0847E+03  2.7274E-02 -2.0471E-03
  1.0858E+03  2.7261E-02 -2.0482E-03
  1.0868E+03  2.7249E-02 -2.0494E-03
  1.0878E+03  2.7236E-02 -2.0505E-03
  1.0888E+03  2.7224E-02 -2.0516E-03
  1.0898E+03  2.7211E-02 -2.0527E-03
  1.0908E+03  2.7198E-02 -2.0539E-03
  1.0918E+03  2.7186E-02 -2.0550E-03
  1.0928E+03  2.7173E-02 -2.0561E-03
  1.0938E+03  2.7161E-02 -2.0572E-03
  1.0948E+03  2.7148E-02 -2.0584E-03
  1.0959E+03  2.7136E-02 -2.0595E-03
  1.0969E+03  2.7123E-02 -2.0606E-03
  1.0979E+03  2.7111E-02 -2.0617E-03
  1.0989E+03  2.7098E-02 -2.0629E-03
  1.0999E+03  2.7086E-02 -2.0640E-03
  1.1009E+03  2.7073E-02 -2.0651E-03
  1.1019E+03  2.7061E-02 -2.0662E-03
  1.1029E+03  2.7049E-02 -2.0673E-03
  1.1039E+03  2.7037E-02 -2.0684E-03
  1.1049E+03  2.7025E-02 -2.0696E-03
  1.1060E+03  2.7013E-02 -2.0707E-03
  1.1070E+03  2.7001E-02 -2.0718E-03
  1.1080E+03  2.6989E-02 -2.0729E-03
  1.1090E+03  2.6977E-02 -2.0740E-03
  1.1100E+03  2.6965E-02 -2.0751E-03
  1.1110E+03  2.6954E-02 -2.0762E-03
  1.1120E+03  2.6942E-02 -2.0773E-03
  1.1130E+03  2.6931E-02 -2.0784E-03
  1.1140E+03  2.6919E-02 -2.0795E-03
  1.1150E+03  2.6908E-02 -2.0806E-03
  1.1161E+03  2.6896E-02 -2.0817E-03
  1.1171E+03  2.6885E-02 -2.0828E-03
  1.1181E+03  2.6873E-02 -2.0839E-03
  1.1191E+03  2.6862E-02 -2.0850E-03
  1.1201E+03  2.6850E-02 -2.0861E-03
  1.1211E+03  2.6839E-02 -2.0872E-03
  1.1221E+03  2.6828E-02 -2.0883E-03
  1.1231E+03  2.6816E-02 -2.0894E-03
  1.1241E+03  2.6805E-02 -2.0905E-03
  1.1251E+03  2.6794E-02 -2.0916E-03
  1.1262E+03  2.6782E-02 -2.0927E-03
  1.1272E+03  2.6771E-02 -2.0938E-03
  1.1282E+03  2.6759E-02 -2.0949E-03
  1.1292E+03  2.6748E-02 -2.0960E-03
  1.1302E+03  2.6736E-02 -2.0971E-03
  1.1312E+03  2.6725E-02 -2.0982E-03
  1.1322E+03  2.6713E-02 -2.0993E-03
  1.1332E+03  2.6702E-02 -2.1003E-03
  1.1342E+03  2.6690E-02 -2.1014E-03
  1.1352E+03  2.6679E-02 -2.1025E-03
  1.1363E+03  2.6667E-02 -2.1036E-03
  1.1373E+03  2.6656E-02 -2.1047E-03
  1.1383E+03  2.6644E-02 -2.1058E-03
  1.1393E+03  2.6633E-02 -2.1069E-03
  1.1403E+03  2.6621E-02 -2.1079E-03
  1.1413E+03  2.6609E-02 -2.1090E-03
  1.1423E+03  2.6598E-02 -2.1101E-03
  1.1433E+03  2.6586E-02 -2.1112E-03
  1.1443E+03  2.6575E-02 -2.1123E-03
  1.1453E+03  2.6563E-02 -2.1133E-03
  1.1464E+03  2.6552E-02 -2.1144E-03
  1.1474E+03  2.6540E-02 -2.1155E-03
  1.1484E+03  2.6529E-02 -2.1166E-03
  1.1494E+03  2.6517E-02 -2.1176E-03
  1.1504E+03  2.6506E-02 -2.1187E-03
  1.1514E+03  2.6494E-02 -2.1198E-03
  1.1524E+03  2.6483E-02 -2.1209E-03
  1.1534E+03  2.6471E-02 -2.1219E-03
  1.1544E+03  2.6460E-02 -2.1230E-03
  1.1554E+03  2.6449E-02 -2.1241E-03
  1.1565E+03  2.6437E-02 -2.1251E-03
  1.1575E+03  2.6426E-02 -2.1262E-03
  1.1585E+03  2.6415E-02 -2.1273E-03
  1.1595E+03  2.6404E-02 -2.1283E-03
  1.1605E+03  2.6392E-02 -2.1294E-03
  1.1615E+03  2.6381E-02 -2.1305E-03
  1.1625E+03  2.6370E-02 -2.1315E-03
  1.1635E+03  2.6359E-02 -2.1326E-03
  1.1645E+03  2.6348E-02 -2.1337E-03
  1.1655E+03  2.6337E-02 -2.1347E-03
  1.1666E+03  2.6326E-02 -2.1358E-03
  1.1676E+03  2.6315E-02 -2.1368E-03
  1.1686E+03  2.6304E-02 -2.1379E-03
  1.1696E+03  2.6293E-02 -2.1390E-03
  1.1706E+03  2.6282E-02 -2.1400E-03
  1.1716E+03  2.6270E-02 -2.1411E-03
  1.1726E+03  2.6259E-02 -2.1421E-03
  1.1736E+03  2.6248E-02 -2.1432E-03
  1.1746E+03  2.6237E-02 -2.1442E-03
  1.1756E+03  2.6226E-02 -2.1453E-03
  1.1767E+03  2.6215E-02 -2.1463E-03
  1.1777E+03  2.6204E-02 -2.1474E-03
  1.1787E+03  2.6193E-02 -2.1484E-03
  1.1797E+03  2.6182E-02 -2.1495E-03
  1.1807E+03  2.6171E-02 -2.1505E-03
  1.1817E+03  2.6159E-02 -2.1516E-03
  1.1827E+03  2.6148E-02 -2.1526E-03
  1.1837E+03  2.6137E-02 -2.1537E-03
  1.1847E+03  2.6126E-02 -2.1547E-03
  1.1857E+03  2.6115E-02 -2.1558E-03
  1.1868E+03  2.6104E-02 -2.1568E-03
  1.1878E+03  2.6093E-02 -2.1579E-03
  1.1888E+03  2.6082E-02 -2.1589E-03
  1.1898E+03  2.6071E-02 -2.1600E-03
  1.1908E+03  2.6060E-02 -2.1610E-03
  1.1918E+03  2.6049E-02 -2.1620E-03
  1.1928E+03  2.6038E-02 -2.1631E-03
  1.1938E+03  2.6027E-02 -2.1641E-03
  1.1948E+03  2.6016E-02 -2.1652E-03
  1.1958E+03  2.6005E-02 -2.1662E-03
  1.1969E+03  2.5994E-02 -2.1672E-03
  1.1979E+03  2.5983E-02 -2.1683E-03
  1.1989E+03  2.5972E-02 -2.1693E-03
  1.1999E+03  2.5961E-02 -2.1703E-03
  1.2009E+03  2.5950E-02 -2.1714E-03
  1.2019E+03  2.5939E-02 -2.1724E-03
  1.2029E+03  2.5929E-02 -2.1734E-03
  1.2039E+03  2.5918E-02 -2.1745E-03
  1.2049E+03  2.5907E-02 -2.1755E-03
  1.2059E+03  2.5896E-02 -2.1765E-03
  1.2070E+03  2.5886E-02 -2.1775E-03
  1.2080E+03  2.5875E-02 -2.1786E-03
  1.2090E+03  2.5864E-02 -2.1796E-03
  1.2100E+03  2.5853E-02 -2.1806E-03
  1.2110E+03  2.5843E-02 -2.1817E-03
  1.2120E+03  2.5832E-02 -2.1827E-03
  1.2130E+03  2.5821E-02 -2.1837E-03
  1.2140E+03  2.5811E-02 -2.1847E-03
  1.2150E+03  2.5800E-02 -2.1857E-03
  1.2160E+03  2.5789E-02 -2.1868E-03
  1.2171E+03  2.5779E-02 -2.1878E-03
  1.2181E+03  2.5768E-02 -2.1888E-03
  1.2191E+03  2.5757E-02 -2.1898E-03
  1.2201E+03  2.5747E-02 -2.1908E-03
  1.2211E+03  2.5736E-02 -2.1919E-03
  1.2221E+03  2.5725E-02 -2.1929E-03
  1.2231E+03  2.5715E-02 -2.1939E-03
  1.2241E+03  2.5704E-02 -2.1949E-03
  1.2251E+03  2.5694E-02 -2.1959E-03
  1.2261E+03  2.5683E-02 -2.1969E-03
  1.2272E+03  2.5673E-02 -2.1979E-03
  1.2282E+03  2.5662E-02 -2.1990E-03
  1.2292E+03  2.5652E-02 -2.2000E-03
  1.2302E+03  2.5641E-02 -2.2010E-03
  1.2312E+03  2.5631E-02 -2.2020E-03
  1.2322E+03  2.5620E-02 -2.2030E-03
  1.2332E+03  2.5610E-02 -2.2040E-03
  1.2342E+03  2.5599E-02 -2.2050E-03
  1.2352E+03  2.5589E-02 -2.2060E-03
  1.2362E+03  2.5579E-02 -2.2070E-03
  1.2373E+03  2.5568E-02 -2.2080E-03
  1.2383E+03  2.5558E-02 -2.2090E-03
  1.2393E+03  2.5548E-02 -2.2100E-03
  1.2403E+03  2.5537E-02 -2.2110E-03
  1.2413E+03  2.5527E-02 -2.2120E-03
  1.2423E+03  2.5517E-02 -2.2130E-03
  1.2433E+03  2.5506E-02 -2.2140E-03
  1.2443E+03  2.5496E-02 -2.2150E-03
  1.2453E+03  2.5486E-02 -2.2160E-03
  1.2463E+03  2.5476E-02 -2.2170E-03
  1.2474E+03  2.5465E-02 -2.2180E-03
  1.2484E+03  2.5455E-02 -2.2190E-03
  1.2494E+03  2.5445E-02 -2.2200E-03
  1.2504E+03  2.5434E-02 -2.2210E-03
  1.2514E+03  2.5424E-02 -2.2220E-03
  1.2524E+03  2.5414E-02 -2.2230E-03
  1.2534E+03  2.5404E-02 -2.2240E-03
  1.2544E+03  2.5393E-02 -2.2250E-03
  1.2554E+03  2.5383E-02 -2.2260E-03
  1.2564E+03  2.5373E-02 -2.2270E-03
  1.2575E+03  2.5362E-02 -2.2280E-03
  1.2585E+03  2.5352E-02 -2.2290E-03
  1.2595E+03  2.5342E-02 -2.2299E-03
  1.2605E+03  2.5332E-02 -2.2309E-03
  1.2615E+03  2.5322E-02 -2.2319E-03
  1.2625E+03  2.5311E-02 -2.2329E-03
  1.2635E+03  2.5301E-02 -2.2339E-03
  1.2645E+03  2.5291E-02 -2.2349E-03
  1.2655E+03  2.5281E-02 -2.2359E-03
  1.2665E+03  2.5271E-02 -2.2368E-03
  1.2676E+03  2.5261E-02 -2.2378E-03
  1.2686E+03  2.5251E-02 -2.2388E-03
  1.2696E+03  2.5241E-02 -2.2398E-03
  1.2706E+03  2.5231E-02 -2.2408E-03
  1.2716E+03  2.5221E-02 -2.2418E-03
  1.2726E+03  2.5211E-02 -2.2427E-03
  1.2736E+03  2.5201E-02 -2.2437E-03
  1.2746E+03  2.5191E-02 -2.2447E-03
  1.2756E+03  2.5181E-02 -2.2457E-03
  1.2766E+03  2.5172E-02 -2.2466E-03
  1.2777E+03  2.5162E-02 -2.2476E-03
  1.2787E+03  2.5152E-02 -2.2486E-03
  1.2797E+03  2.5142E-02 -2.2496E-03
  1.2807E+03  2.5132E-02 -2.2505E-03
  1.2817E+03  2.5122E-02 -2.2515E-03
  1.2827E+03  2.5113E-02 -2.2525E-03
  1.2837E+03  2.5103E-02 -2.2535E-03
  1.2847E+03  2.5093E-02 -2.2544E-03
  1.2857E+03  2.5083E-02 -2.2554E-03
  1.2867E+03  2.5073E-02 -2.2564E-03
  1.2878E+03  2.5063E-02 -2.2573E-03
  1.2888E+03  2.5053E-02 -2.2583E-03
  1.2898E+03  2.5043E-02 -2.2593E-03
  1.2908E+03  2.5033E-02 -2.2602E-03
  1.2918E+03  2.5023E-02 -2.2612E-03
  1.2928E+03  2.5013E-02 -2.2622E-03
  1.2938E+03  2.5003E-02 -2.2631E-03
  1.2948E+03  2.4992E-02 -2.2641E-03
  1.2958E+03  2.4982E-02 -2.2651E-03
  1.2968E+03  2.4972E-02 -2.2660E-03
  1.2979E+03  2.4962E-02 -2.2670E-03
  1.2989E+03  2.4952E-02 -2.2679E-03
  1.2999E+03  2.4942E-02 -2.2689E-03
  1.3009E+03  2.4931E-02 -2.2698E-03
  1.3019E+03  2.4921E-02 -2.2708E-03
  1.3029E+03  2.4911E-02 -2.2718E-03
  1.3039E+03  2.4901E-02 -2.2727E-03
  1.3049E+03  2.4891E-02 -2.2737E-03
  1.3059E+03  2.4881E-02 -2.2746E-03
  1.3069E+03  2.4870E-02 -2.2756E-03
  1.3080E+03  2.4860E-02 -2.2765E-03
  1.3090E+03  2.4850E-02 -2.2775E-03
  1.3100E+03  2.4840E-02 -2.2784E-03
  1.3110E+03  2.4830E-02 -2.2794E-03
  1.3120E+03  2.4820E-02 -2.2803E-03
  1.3130E+03  2.4811E-02 -2.2813E-03
  1.3140E+03  2.4801E-02 -2.2822E-03
  1.3150E+03  2.4791E-02 -2.2832E-03
  1.3160E+03  2.4781E-02 -2.2841E-03
  1.3170E+03  2.4771E-02 -2.2851E-03
  1.3181E+03  2.4762E-02 -2.2860E-03
  1.3191E+03  2.4752E-02 -2.2870E-03
  1.3201E+03  2.4743E-02 -2.2879E-03
  1.3211E+03  2.4733E-02 -2.2889E-03
  1.3221E+03  2.4724E-02 -2.2898E-03
  1.3231E+03  2.4714E-02 -2.2908E-03
  1.3241E+03  2.4705E-02 -2.2917E-03
  1.3251E+03  2.4695E-02 -2.2926E-03
  1.3261E+03  2.4686E-02 -2.2936E-03
  1.3271E+03  2.4676E-02 -2.2945E-03
  1.3282E+03  2.4667E-02 -2.2955E-03
  1.3292E+03  2.4657E-02 -2.2964E-03
  1.3302E+03  2.4648E-02 -2.2973E-03
  1.3312E+03  2.4638E-02 -2.2983E-03
  1.3322E+03  2.4629E-02 -2.2992E-03
  1.3332E+03  2.4620E-02 -2.3002E-03
  1.3342E+03  2.4610E-02 -2.3011E-03
  1.3352E+03  2.4601E-02 -2.3020E-03
  1.3362E+03  2.4591E-02 -2.3030E-03
  1.3372E+03  2.4582E-02 -2.3039E-03
  1.3383E+03  2.4572E-02 -2.3048E-03
  1.3393E+03  2.4563E-02 -2.3058E-03
  1.3403E+03  2.4553E-02 -2.3067E-03
  1.3413E+03  2.4544E-02 -2.3076E-03
  1.3423E+03  2.4534E-02 -2.3085E-03
  1.3433E+03  2.4525E-02 -2.3095E-03
  1.3443E+03  2.4515E-02 -2.3104E-03
  1.3453E+03  2.4506E-02 -2.3113E-03
  1.3463E+03  2.4496E-02 -2.3123E-03
  1.3473E+03  2.4487E-02 -2.3132E-03
  1.3484E+03  2.4477E-02 -2.3141E-03
  1.3494E+03  2.4467E-02 -2.3150E-03
  1.3504E+03  2.4458E-02 -2.3160E-03
  1.3514E+03  2.4448E-02 -2.3169E-03
  1.3524E+03  2.4439E-02 -2.3178E-03
  1.3534E+03  2.4429E-02 -2.3187E-03
  1.3544E+03  2.4420E-02 -2.3196E-03
  1.3554E+03  2.4410E-02 -2.3206E-03
  1.3564E+03  2.4401E-02 -2.3215E-03
  1.3574E+03  2.4391E-02 -2.3224E-03
  1.3585E+03  2.4382E-02 -2.3233E-03
  1.3595E+03  2.4372E-02 -2.3242E-03
  1.3605E+03  2.4363E-02 -2.3252E-03
  1.3615E+03  2.4353E-02 -2.3261E-03
  1.3625E+03  2.4344E-02 -2.3270E-03
  1.3635E+03  2.4334E-02 -2.3279E-03
  1.3645E+03  2.4325E-02 -2.3288E-03
  1.3655E+03  2.4315E-02 -2.3297E-03
  1.3665E+03  2.4306E-02 -2.3307E-03
  1.3675E+03  2.4296E-02 -2.3316E-03
  1.3686E+03  2.4287E-02 -2.3325E-03
  1.3696E+03  2.4278E-02 -2.3334E-03
  1.3706E+03  2.4268E-02 -2.3343E-03
  1.3716E+03  2.4259E-02 -2.3352E-03
  1.3726E+03  2.4249E-02 -2.3361E-03
  1.3736E+03  2.4240E-02 -2.3370E-03
  1.3746E+03  2.4231E-02 -2.3379E-03
  1.3756E+03  2.4221E-02 -2.3389E-03
  1.3766E+03  2.4212E-02 -2.3398E-03
  1.3776E+03  2.4203E-02 -2.3407E-03
  1.3787E+03  2.4193E-02 -2.3416E-03
  1.3797E+03  2.4184E-02 -2.3425E-03
  1.3807E+03  2.4175E-02 -2.3434E-03
  1.3817E+03  2.4165E-02 -2.3443E-03
  1.3827E+03  2.4156E-02 -2.3452E-03
  1.3837E+03  2.4147E-02 -2.3461E-03
  1.3847E+03  2.4137E-02 -2.3470E-03
  1.3857E+03  2.4128E-02 -2.3479E-03
  1.3867E+03  2.4119E-02 -2.3488E-03
  1.3877E+03  2.4110E-02 -2.3497E-03
  1.3888E+03  2.4100E-02 -2.3506E-03
  1.3898E+03  2.4091E-02 -2.3515E-03
  1.3908E+03  2.4082E-02 -2.3524E-03
  1.3918E+03  2.4073E-02 -2.3533E-03
  1.3928E+03  2.4064E-02 -2.3542E-03
  1.3938E+03  2.4054E-02 -2.3551E-03
  1.3948E+03  2.4045E-02 -2.3560E-03
  1.3958E+03  2.4036E-02 -2.3569E-03
  1.3968E+03  2.4027E-02 -2.3578E-03
  1.3978E+03  2.4018E-02 -2.3587E-03
  1.3989E+03  2.4009E-02 -2.3595E-03
  1.3999E+03  2.4000E-02 -2.3604E-03
  1.4009E+03  2.3991E-02 -2.3613E-03
  1.4019E+03  2.3982E-02 -2.3622E-03
  1.4029E+03  2.3973E-02 -2.3631E-03
  1.4039E+03  2.3963E-02 -2.3640E-03
  1.4049E+03  2.3954E-02 -2.3649E-03
  1.4059E+03  2.3945E-02 -2.3658E-03
  1.4069E+03  2.3936E-02 -2.3667E-03
  1.4079E+03  2.3927E-02 -2.3676E-03
  1.4090E+03  2.3918E-02 -2.3684E-03
  1.4100E+03  2.3909E-02 -2.3693E-03
  1.4110E+03  2.3900E-02 -2.3702E-03
  1.4120E+03  2.3891E-02 -2.3711E-03
  1.4130E+03  2.3882E-02 -2.3720E-03
  1.4140E+03  2.3874E-02 -2.3729E-03
  1.4150E+03  2.3865E-02 -2.3737E-03
  1.4160E+03  2.3856E-02 -2.3746E-03
  1.4170E+03  2.3847E-02 -2.3755E-03
  1.4180E+03  2.3838E-02 -2.3764E-03
  1.4191E+03  2.3829E-02 -2.3773E-03
  1.4201E+03  2.3820E-02 -2.3781E-03
  1.4211E+03  2.3811E-02 -2.3790E-03
  1.4221E+03  2.3802E-02 -2.3799E-03
  1.4231E+03  2.3793E-02 -2.3808E-03
  1.4241E+03  2.3784E-02 -2.3817E-03
  1.4251E+03  2.3775E-02 -2.3825E-03
  1.4261E+03  2.3765E-02 -2.3834E-03
  1.4271E+03  2.3756E-02 -2.3843E-03
  1.4281E+03  2.3747E-02 -2.3852E-03
  1.4292E+03  2.3738E-02 -2.3860E-03
  1.4302E+03  2.3729E-02 -2.3869E-03
  1.4312E+03  2.3720E-02 -2.3878E-03
  1.4322E+03  2.3711E-02 -2.3886E-03
  1.4332E+03  2.3702E-02 -2.3895E-03
  1.4342E+03  2.3693E-02 -2.3904E-03
  1.4352E+03  2.3684E-02 -2.3913E-03
  1.4362E+03  2.3675E-02 -2.3921E-03
  1.4372E+03  2.3666E-02 -2.3930E-03
  1.4382E+03  2.3657E-02 -2.3939E-03
  1.4393E+03  2.3648E-02 -2.3947E-03
  1.4403E+03  2.3639E-02 -2.3956E-03
  1.4413E+03  2.3630E-02 -2.3965E-03
  1.4423E+03  2.3621E-02 -2.3973E-03
  1.4433E+03  2.3612E-02 -2.3982E-03
  1.4443E+03  2.3603E-02 -2.3991E-03
  1.4453E+03  2.3594E-02 -2.3999E-03
  1.4463E+03  2.3585E-02 -2.4008E-03
  1.4473E+03  2.3576E-02 -2.4016E-03
  1.4483E+03  2.3568E-02 -2.4025E-03
  1.4494E+03  2.3559E-02 -2.4034E-03
  1.4504E+03  2.3550E-02 -2.4042E-03
  1.4514E+03  2.3541E-02 -2.4051E-03
  1.4524E+03  2.3532E-02 -2.4059E-03
  1.4534E+03  2.3524E-02 -2.4068E-03
  1.4544E+03  2.3515E-02 -2.4077E-03
  1.4554E+03  2.3506E-02 -2.4085E-03
  1.4564E+03  2.3497E-02 -2.4094E-03
  1.4574E+03  2.3489E-02 -2.4102E-03
  1.4584E+03  2.3480E-02 -2.4111E-03
  1.4595E+03  2.3471E-02 -2.4119E-03
  1.4605E+03  2.3462E-02 -2.4128E-03
  1.4615E+03  2.3454E-02 -2.4137E-03
  1.4625E+03  2.3445E-02 -2.4145E-03
  1.4635E+03  2.3436E-02 -2.4154E-03
  1.4645E+03  2.3428E-02 -2.4162E-03
  1.4655E+03  2.3419E-02 -2.4171E-03
  1.4665E+03  2.3410E-02 -2.4179E-03
  1.4675E+03  2.3402E-02 -2.4188E-03
  1.4685E+03  2.3393E-02 -2.4196E-03
  1.4696E+03  2.3384E-02 -2.4205E-03
  1.4706E+03  2.3376E-02 -2.4213E-03
  1.4716E+03  2.3367E-02 -2.4222E-03
  1.4726E+03  2.3358E-02 -2.4230E-03
  1.4736E+03  2.3350E-02 -2.4238E-03
  1.4746E+03  2.3341E-02 -2.4247E-03
  1.4756E+03  2.3332E-02 -2.4255E-03
  1.4766E+03  2.3324E-02 -2.4264E-03
  1.4776E+03  2.3315E-02 -2.4272E-03
  1.4786E+03  2.3306E-02 -2.4281E-03
  1.4797E+03  2.3298E-02 -2.4289E-03
  1.4807E+03  2.3289E-02 -2.4298E-03
  1.4817E+03  2.3281E-02 -2.4306E-03
  1.4827E+03  2.3272E-02 -2.4314E-03
  1.4837E+03  2.3263E-02 -2.4323E-03
  1.4847E+03  2.3255E-02 -2.4331E-03
  1.4857E+03  2.3246E-02 -2.4340E-03
  1.4867E+03  2.3238E-02 -2.4348E-03
  1.4877E+03  2.3229E-02 -2.4356E-03
  1.4887E+03  2.3221E-02 -2.4365E-03
  1.4898E+03  2.3212E-02 -2.4373E-03
  1.4908E+03  2.3204E-02 -2.4381E-03
  1.4918E+03  2.3195E-02 -2.4390E-03
  1.4928E+03  2.3187E-02 -2.4398E-03
  1.4938E+03  2.3179E-02 -2.4407E-03
  1.4948E+03  2.3170E-02 -2.4415E-03
  1.4958E+03  2.3162E-02 -2.4423E-03
  1.4968E+03  2.3153E-02 -2.4432E-03
  1.4978E+03  2.3145E-02 -2.4440E-03
  1.4988E+03  2.3137E-02 -2.4448E-03
  1.4999E+03  2.3128E-02 -2.4457E-03
  1.5000E+03  2.3127E-02 -2.4458E-03
