# CREATED BY GENE DIAGNOSTICS TOOL on Fri Dec 11 18:22:16 2020
# diag: gamdiag, run(s): 0016, time window: 0-1500(1458 steps), species: ions
# original data path: /marconi_scratch/userexternal/cmoreno0/GAM_HP_scan/LHD_s0.25_alpha-0_npol2_nz0512/
# normalization: L_ref=1.65m
#
# xind= 0, x/a= 0.5, q= 2.1464562
# Fit:    0.051138431,10.735312,-1.3507509
# Analytic (Gao, Zhou/Yu): 0.078523524,0.43265431,2.8937619
#  t          Re[phi]     Im[phi]   
  0.0000E+00  9.9999E-01  0.0000E+00
  1.0300E+00  8.8577E-01 -4.7217E-04
  2.0600E+00  7.3595E-01 -8.0480E-04
  3.0900E+00  5.3739E-01 -1.0237E-03
  4.1200E+00  3.3528E-01 -1.0982E-03
  5.1500E+00  1.6018E-01 -1.0297E-03
  6.1800E+00  2.8773E-02 -8.4518E-04
  7.2100E+00 -5.4173E-02 -5.8875E-04
  8.2400E+00 -9.3537E-02 -3.1250E-04
  9.2700E+00 -9.8972E-02 -6.3217E-05
  1.0300E+01 -8.1978E-02  1.2341E-04
  1.1330E+01 -5.3739E-02  2.3323E-04
  1.2360E+01 -2.2855E-02  2.7508E-04
  1.3390E+01  5.1002E-03  2.5687E-04
  1.4420E+01  2.5041E-02  1.9826E-04
  1.5450E+01  3.1430E-02  1.1209E-04
  1.6480E+01  3.5962E-02  6.5015E-05
  1.7510E+01  2.9725E-02  3.2969E-05
  1.8540E+01  1.8813E-02  4.1594E-05
  1.9570E+01  6.5526E-03  9.0518E-05
  2.0600E+01 -6.5048E-03  1.6705E-04
  2.1630E+01 -1.5759E-02  2.4304E-04
  2.2660E+01 -1.9504E-02  2.9933E-04
  2.3690E+01 -1.7132E-02  3.1348E-04
  2.4720E+01 -8.9207E-03  2.6943E-04
  2.5750E+01  4.3103E-03  1.6339E-04
  2.6780E+01  2.1091E-02  8.1983E-06
  2.7810E+01  3.9428E-02 -1.7848E-04
  2.8840E+01  5.7787E-02 -3.8745E-04
  2.9870E+01  7.4239E-02 -5.7886E-04
  3.0900E+01  8.7435E-02 -7.3684E-04
  3.1930E+01  9.7615E-02 -8.6813E-04
  3.2960E+01  1.0242E-01 -9.3940E-04
  3.3990E+01  1.0360E-01 -9.5982E-04
  3.5020E+01  1.0288E-01 -9.4685E-04
  3.6050E+01  9.8214E-02 -8.8393E-04
  3.7080E+01  9.3136E-02 -8.1226E-04
  3.8110E+01  8.6520E-02 -7.1879E-04
  3.9140E+01  7.9640E-02 -6.2660E-04
  4.0170E+01  7.3345E-02 -5.3849E-04
  4.1200E+01  6.8029E-02 -4.5857E-04
  4.2230E+01  6.3741E-02 -3.8945E-04
  4.3260E+01  6.0121E-02 -3.3173E-04
  4.4290E+01  5.6335E-02 -2.8178E-04
  4.5320E+01  5.2048E-02 -2.3717E-04
  4.6350E+01  4.8102E-02 -1.9785E-04
  4.7380E+01  4.4806E-02 -1.5817E-04
  4.8410E+01  4.2768E-02 -1.1985E-04
  4.9440E+01  4.1993E-02 -8.8361E-05
  5.0470E+01  4.1219E-02 -6.0340E-05
  5.1500E+01  4.0239E-02 -4.2027E-05
  5.2530E+01  3.8530E-02 -3.2690E-05
  5.3560E+01  3.6640E-02 -3.4559E-05
  5.4590E+01  3.5693E-02 -5.1074E-05
  5.5620E+01  3.5861E-02 -7.6910E-05
  5.6650E+01  3.7663E-02 -1.1497E-04
  5.7680E+01  4.0746E-02 -1.6320E-04
  5.8710E+01  4.4471E-02 -2.2012E-04
  5.9740E+01  4.8133E-02 -2.8210E-04
  6.0770E+01  5.1249E-02 -3.4562E-04
  6.1800E+01  5.3493E-02 -4.0707E-04
  6.2830E+01  5.5016E-02 -4.6244E-04
  6.3860E+01  5.6242E-02 -5.1061E-04
  6.4890E+01  5.7245E-02 -5.4829E-04
  6.5920E+01  5.8358E-02 -5.7617E-04
  6.6950E+01  5.9467E-02 -5.9341E-04
  6.7980E+01  6.0531E-02 -6.0126E-04
  6.9010E+01  6.1330E-02 -6.0013E-04
  7.0040E+01  6.1777E-02 -5.9300E-04
  7.1070E+01  6.1711E-02 -5.8010E-04
  7.2100E+01  6.1182E-02 -5.6514E-04
  7.3130E+01  6.0331E-02 -5.4861E-04
  7.4160E+01  5.9292E-02 -5.3024E-04
  7.5190E+01  5.8170E-02 -5.0979E-04
  7.6220E+01  5.6907E-02 -4.8487E-04
  7.7250E+01  5.5650E-02 -4.5722E-04
  7.8280E+01  5.4413E-02 -4.2621E-04
  7.9310E+01  5.3362E-02 -3.9578E-04
  8.0340E+01  5.2469E-02 -3.6727E-04
  8.1370E+01  5.1722E-02 -3.4406E-04
  8.2400E+01  5.1045E-02 -3.2663E-04
  8.3430E+01  5.0545E-02 -3.1594E-04
  8.4460E+01  5.0296E-02 -3.1164E-04
  8.5490E+01  5.0267E-02 -3.1240E-04
  8.6520E+01  5.0338E-02 -3.1700E-04
  8.7550E+01  5.0376E-02 -3.2438E-04
  8.8580E+01  5.0267E-02 -3.3263E-04
  8.9610E+01  5.0137E-02 -3.4219E-04
  9.0640E+01  5.0048E-02 -3.5169E-04
  9.1670E+01  5.0145E-02 -3.6252E-04
  9.2700E+01  5.0360E-02 -3.7403E-04
  9.3730E+01  5.0632E-02 -3.8760E-04
  9.4760E+01  5.0823E-02 -4.0279E-04
  9.5790E+01  5.0922E-02 -4.1973E-04
  9.6820E+01  5.0986E-02 -4.3738E-04
  9.7850E+01  5.1150E-02 -4.5493E-04
  9.8880E+01  5.1475E-02 -4.7102E-04
  9.9910E+01  5.1932E-02 -4.8447E-04
  1.0094E+02  5.2422E-02 -4.9418E-04
  1.0197E+02  5.2853E-02 -4.9969E-04
  1.0300E+02  5.3153E-02 -5.0086E-04
  1.0403E+02  5.3267E-02 -4.9828E-04
  1.0506E+02  5.3179E-02 -4.9279E-04
  1.0609E+02  5.2944E-02 -4.8549E-04
  1.0712E+02  5.2650E-02 -4.7731E-04
  1.0815E+02  5.2401E-02 -4.6914E-04
  1.0918E+02  5.2272E-02 -4.6154E-04
  1.1021E+02  5.2306E-02 -4.5471E-04
  1.1124E+02  5.2473E-02 -4.4877E-04
  1.1227E+02  5.2633E-02 -4.4354E-04
  1.1330E+02  5.2603E-02 -4.3889E-04
  1.1433E+02  5.2293E-02 -4.3462E-04
  1.1536E+02  5.1758E-02 -4.3057E-04
  1.1639E+02  5.1150E-02 -4.2694E-04
  1.1742E+02  5.0624E-02 -4.2376E-04
  1.1845E+02  5.0303E-02 -4.2131E-04
  1.1948E+02  5.0232E-02 -4.1974E-04
  1.2051E+02  5.0353E-02 -4.1920E-04
  1.2154E+02  5.0519E-02 -4.1984E-04
  1.2257E+02  5.0571E-02 -4.2168E-04
  1.2360E+02  5.0404E-02 -4.2460E-04
  1.2463E+02  5.0015E-02 -4.2835E-04
  1.2566E+02  4.9488E-02 -4.3255E-04
  1.2669E+02  4.8972E-02 -4.3686E-04
  1.2772E+02  4.8627E-02 -4.4114E-04
  1.2875E+02  4.8539E-02 -4.4534E-04
  1.2978E+02  4.8666E-02 -4.4954E-04
  1.3081E+02  4.8857E-02 -4.5372E-04
  1.3184E+02  4.8950E-02 -4.5784E-04
  1.3287E+02  4.8876E-02 -4.6167E-04
  1.3390E+02  4.8697E-02 -4.6503E-04
  1.3493E+02  4.8525E-02 -4.6775E-04
  1.3596E+02  4.8407E-02 -4.6975E-04
  1.3699E+02  4.8313E-02 -4.7105E-04
  1.3802E+02  4.8232E-02 -4.7171E-04
  1.3905E+02  4.8223E-02 -4.7196E-04
  1.4008E+02  4.8345E-02 -4.7201E-04
  1.4111E+02  4.8575E-02 -4.7210E-04
  1.4214E+02  4.8837E-02 -4.7236E-04
  1.4317E+02  4.9084E-02 -4.7286E-04
  1.4420E+02  4.9317E-02 -4.7360E-04
  1.4523E+02  4.9520E-02 -4.7450E-04
  1.4626E+02  4.9647E-02 -4.7541E-04
  1.4729E+02  4.9696E-02 -4.7616E-04
  1.4832E+02  4.9744E-02 -4.7670E-04
  1.4935E+02  4.9876E-02 -4.7716E-04
  1.5038E+02  5.0095E-02 -4.7775E-04
  1.5141E+02  5.0312E-02 -4.7858E-04
  1.5244E+02  5.0448E-02 -4.7969E-04
  1.5347E+02  5.0510E-02 -4.8102E-04
  1.5450E+02  5.0574E-02 -4.8250E-04
  1.5553E+02  5.0686E-02 -4.8411E-04
  1.5656E+02  5.0801E-02 -4.8579E-04
  1.5759E+02  5.0809E-02 -4.8745E-04
  1.5862E+02  5.0639E-02 -4.8897E-04
  1.5965E+02  5.0325E-02 -4.9028E-04
  1.6068E+02  4.9988E-02 -4.9140E-04
  1.6171E+02  4.9740E-02 -4.9245E-04
  1.6274E+02  4.9608E-02 -4.9358E-04
  1.6377E+02  4.9510E-02 -4.9490E-04
  1.6480E+02  4.9335E-02 -4.9642E-04
  1.6583E+02  4.9038E-02 -4.9808E-04
  1.6686E+02  4.8675E-02 -4.9981E-04
  1.6789E+02  4.8335E-02 -5.0153E-04
  1.6892E+02  4.8045E-02 -5.0320E-04
  1.6995E+02  4.7753E-02 -5.0480E-04
  1.7098E+02  4.7421E-02 -5.0638E-04
  1.7201E+02  4.7093E-02 -5.0804E-04
  1.7304E+02  4.6868E-02 -5.0992E-04
  1.7407E+02  4.6782E-02 -5.1214E-04
  1.7510E+02  4.6756E-02 -5.1470E-04
  1.7613E+02  4.6656E-02 -5.1749E-04
  1.7716E+02  4.6424E-02 -5.2036E-04
  1.7819E+02  4.6137E-02 -5.2317E-04
  1.7922E+02  4.5934E-02 -5.2592E-04
  1.8025E+02  4.5894E-02 -5.2869E-04
  1.8128E+02  4.5980E-02 -5.3155E-04
  1.8231E+02  4.6095E-02 -5.3456E-04
  1.8334E+02  4.6166E-02 -5.3764E-04
  1.8437E+02  4.6183E-02 -5.4070E-04
  1.8540E+02  4.6185E-02 -5.4362E-04
  1.8643E+02  4.6229E-02 -5.4635E-04
  1.8746E+02  4.6360E-02 -5.4893E-04
  1.8849E+02  4.6584E-02 -5.5145E-04
  1.8952E+02  4.6841E-02 -5.5397E-04
  1.9055E+02  4.7031E-02 -5.5646E-04
  1.9158E+02  4.7084E-02 -5.5880E-04
  1.9261E+02  4.7022E-02 -5.6087E-04
  1.9364E+02  4.6957E-02 -5.6262E-04
  1.9467E+02  4.7003E-02 -5.6411E-04
  1.9570E+02  4.7187E-02 -5.6546E-04
  1.9673E+02  4.7419E-02 -5.6678E-04
  1.9776E+02  4.7568E-02 -5.6812E-04
  1.9879E+02  4.7567E-02 -5.6944E-04
  1.9982E+02  4.7463E-02 -5.7071E-04
  2.0085E+02  4.7365E-02 -5.7194E-04
  2.0188E+02  4.7354E-02 -5.7322E-04
  2.0291E+02  4.7430E-02 -5.7461E-04
  2.0394E+02  4.7532E-02 -5.7617E-04
  2.0497E+02  4.7604E-02 -5.7786E-04
  2.0600E+02  4.7625E-02 -5.7965E-04
  2.0703E+02  4.7607E-02 -5.8152E-04
  2.0806E+02  4.7569E-02 -5.8348E-04
  2.0909E+02  4.7532E-02 -5.8555E-04
  2.1012E+02  4.7524E-02 -5.8775E-04
  2.1115E+02  4.7566E-02 -5.9010E-04
  2.1218E+02  4.7658E-02 -5.9263E-04
  2.1321E+02  4.7763E-02 -5.9534E-04
  2.1424E+02  4.7830E-02 -5.9820E-04
  2.1527E+02  4.7827E-02 -6.0116E-04
  2.1630E+02  4.7766E-02 -6.0415E-04
  2.1733E+02  4.7693E-02 -6.0710E-04
  2.1836E+02  4.7655E-02 -6.1001E-04
  2.1939E+02  4.7668E-02 -6.1288E-04
  2.2042E+02  4.7703E-02 -6.1575E-04
  2.2145E+02  4.7716E-02 -6.1865E-04
  2.2248E+02  4.7669E-02 -6.2153E-04
  2.2351E+02  4.7558E-02 -6.2434E-04
  2.2454E+02  4.7413E-02 -6.2704E-04
  2.2557E+02  4.7288E-02 -6.2962E-04
  2.2660E+02  4.7225E-02 -6.3209E-04
  2.2763E+02  4.7213E-02 -6.3449E-04
  2.2866E+02  4.7199E-02 -6.3683E-04
  2.2969E+02  4.7131E-02 -6.3913E-04
  2.3072E+02  4.7006E-02 -6.4139E-04
  2.3175E+02  4.6864E-02 -6.4363E-04
  2.3278E+02  4.6753E-02 -6.4583E-04
  2.3381E+02  4.6696E-02 -6.4801E-04
  2.3484E+02  4.6684E-02 -6.5020E-04
  2.3587E+02  4.6677E-02 -6.5244E-04
  2.3690E+02  4.6631E-02 -6.5474E-04
  2.3793E+02  4.6527E-02 -6.5707E-04
  2.3896E+02  4.6383E-02 -6.5942E-04
  2.3999E+02  4.6241E-02 -6.6180E-04
  2.4102E+02  4.6133E-02 -6.6423E-04
  2.4205E+02  4.6063E-02 -6.6674E-04
  2.4308E+02  4.6010E-02 -6.6933E-04
  2.4411E+02  4.5948E-02 -6.7199E-04
  2.4514E+02  4.5863E-02 -6.7469E-04
  2.4617E+02  4.5769E-02 -6.7743E-04
  2.4720E+02  4.5696E-02 -6.8021E-04
  2.4823E+02  4.5658E-02 -6.8303E-04
  2.4926E+02  4.5633E-02 -6.8590E-04
  2.5029E+02  4.5587E-02 -6.8877E-04
  2.5132E+02  4.5507E-02 -6.9162E-04
  2.5235E+02  4.5405E-02 -6.9441E-04
  2.5338E+02  4.5300E-02 -6.9712E-04
  2.5441E+02  4.5207E-02 -6.9976E-04
  2.5544E+02  4.5138E-02 -7.0232E-04
  2.5647E+02  4.5096E-02 -7.0486E-04
  2.5750E+02  4.5058E-02 -7.0740E-04
  2.5853E+02  4.4996E-02 -7.0997E-04
  2.5956E+02  4.4900E-02 -7.1253E-04
  2.6059E+02  4.4791E-02 -7.1505E-04
  2.6162E+02  4.4697E-02 -7.1751E-04
  2.6265E+02  4.4630E-02 -7.1991E-04
  2.6368E+02  4.4587E-02 -7.2230E-04
  2.6471E+02  4.4560E-02 -7.2469E-04
  2.6574E+02  4.4541E-02 -7.2708E-04
  2.6677E+02  4.4519E-02 -7.2947E-04
  2.6780E+02  4.4481E-02 -7.3183E-04
  2.6883E+02  4.4422E-02 -7.3415E-04
  2.6986E+02  4.4344E-02 -7.3642E-04
  2.7089E+02  4.4257E-02 -7.3864E-04
  2.7192E+02  4.4169E-02 -7.4080E-04
  2.7295E+02  4.4090E-02 -7.4292E-04
  2.7398E+02  4.4031E-02 -7.4502E-04
  2.7501E+02  4.3994E-02 -7.4714E-04
  2.7604E+02  4.3970E-02 -7.4928E-04
  2.7707E+02  4.3933E-02 -7.5145E-04
  2.7810E+02  4.3867E-02 -7.5363E-04
  2.7913E+02  4.3787E-02 -7.5579E-04
  2.8016E+02  4.3730E-02 -7.5796E-04
  2.8119E+02  4.3716E-02 -7.6017E-04
  2.8222E+02  4.3726E-02 -7.6243E-04
  2.8325E+02  4.3726E-02 -7.6473E-04
  2.8428E+02  4.3706E-02 -7.6704E-04
  2.8531E+02  4.3684E-02 -7.6934E-04
  2.8634E+02  4.3680E-02 -7.7163E-04
  2.8737E+02  4.3689E-02 -7.7395E-04
  2.8840E+02  4.3688E-02 -7.7629E-04
  2.8943E+02  4.3661E-02 -7.7866E-04
  2.9046E+02  4.3616E-02 -7.8105E-04
  2.9149E+02  4.3570E-02 -7.8343E-04
  2.9252E+02  4.3530E-02 -7.8579E-04
  2.9355E+02  4.3490E-02 -7.8813E-04
  2.9458E+02  4.3442E-02 -7.9046E-04
  2.9561E+02  4.3388E-02 -7.9278E-04
  2.9664E+02  4.3334E-02 -7.9510E-04
  2.9767E+02  4.3282E-02 -7.9740E-04
  2.9870E+02  4.3227E-02 -7.9967E-04
  2.9973E+02  4.3162E-02 -8.0190E-04
  3.0076E+02  4.3092E-02 -8.0409E-04
  3.0179E+02  4.3027E-02 -8.0623E-04
  3.0282E+02  4.2978E-02 -8.0833E-04
  3.0385E+02  4.2946E-02 -8.1042E-04
  3.0488E+02  4.2919E-02 -8.1248E-04
  3.0591E+02  4.2886E-02 -8.1453E-04
  3.0694E+02  4.2849E-02 -8.1658E-04
  3.0797E+02  4.2812E-02 -8.1864E-04
  3.0900E+02  4.2780E-02 -8.2071E-04
  3.1003E+02  4.2750E-02 -8.2280E-04
  3.1106E+02  4.2723E-02 -8.2489E-04
  3.1209E+02  4.2702E-02 -8.2699E-04
  3.1312E+02  4.2688E-02 -8.2913E-04
  3.1415E+02  4.2675E-02 -8.3133E-04
  3.1518E+02  4.2659E-02 -8.3359E-04
  3.1621E+02  4.2637E-02 -8.3592E-04
  3.1724E+02  4.2618E-02 -8.3828E-04
  3.1827E+02  4.2607E-02 -8.4069E-04
  3.1930E+02  4.2608E-02 -8.4312E-04
  3.2033E+02  4.2618E-02 -8.4560E-04
  3.2136E+02  4.2636E-02 -8.4811E-04
  3.2239E+02  4.2653E-02 -8.5066E-04
  3.2342E+02  4.2667E-02 -8.5324E-04
  3.2445E+02  4.2684E-02 -8.5584E-04
  3.2548E+02  4.2718E-02 -8.5846E-04
  3.2651E+02  4.2771E-02 -8.6108E-04
  3.2754E+02  4.2822E-02 -8.6371E-04
  3.2857E+02  4.2842E-02 -8.6631E-04
  3.2960E+02  4.2827E-02 -8.6885E-04
  3.3063E+02  4.2802E-02 -8.7134E-04
  3.3166E+02  4.2796E-02 -8.7377E-04
  3.3269E+02  4.2813E-02 -8.7617E-04
  3.3372E+02  4.2832E-02 -8.7855E-04
  3.3475E+02  4.2833E-02 -8.8088E-04
  3.3578E+02  4.2807E-02 -8.8316E-04
  3.3681E+02  4.2759E-02 -8.8538E-04
  3.3784E+02  4.2703E-02 -8.8754E-04
  3.3887E+02  4.2654E-02 -8.8966E-04
  3.3990E+02  4.2624E-02 -8.9174E-04
  3.4093E+02  4.2609E-02 -8.9381E-04
  3.4196E+02  4.2593E-02 -8.9587E-04
  3.4299E+02  4.2567E-02 -8.9792E-04
  3.4402E+02  4.2535E-02 -8.9997E-04
  3.4505E+02  4.2506E-02 -9.0203E-04
  3.4608E+02  4.2483E-02 -9.0410E-04
  3.4711E+02  4.2459E-02 -9.0619E-04
  3.4814E+02  4.2430E-02 -9.0831E-04
  3.4917E+02  4.2401E-02 -9.1046E-04
  3.5020E+02  4.2384E-02 -9.1266E-04
  3.5123E+02  4.2383E-02 -9.1490E-04
  3.5226E+02  4.2385E-02 -9.1720E-04
  3.5329E+02  4.2370E-02 -9.1954E-04
  3.5432E+02  4.2339E-02 -9.2192E-04
  3.5535E+02  4.2312E-02 -9.2433E-04
  3.5638E+02  4.2305E-02 -9.2678E-04
  3.5741E+02  4.2311E-02 -9.2926E-04
  3.5844E+02  4.2309E-02 -9.3177E-04
  3.5947E+02  4.2289E-02 -9.3429E-04
  3.6050E+02  4.2258E-02 -9.3679E-04
  3.6153E+02  4.2226E-02 -9.3926E-04
  3.6256E+02  4.2196E-02 -9.4170E-04
  3.6359E+02  4.2171E-02 -9.4411E-04
  3.6462E+02  4.2149E-02 -9.4650E-04
  3.6565E+02  4.2123E-02 -9.4886E-04
  3.6668E+02  4.2087E-02 -9.5118E-04
  3.6771E+02  4.2041E-02 -9.5345E-04
  3.6874E+02  4.1993E-02 -9.5567E-04
  3.6977E+02  4.1952E-02 -9.5784E-04
  3.7080E+02  4.1921E-02 -9.5997E-04
  3.7183E+02  4.1902E-02 -9.6208E-04
  3.7286E+02  4.1894E-02 -9.6419E-04
  3.7389E+02  4.1884E-02 -9.6630E-04
  3.7492E+02  4.1862E-02 -9.6840E-04
  3.7595E+02  4.1828E-02 -9.7048E-04
  3.7698E+02  4.1800E-02 -9.7254E-04
  3.7801E+02  4.1795E-02 -9.7459E-04
  3.7904E+02  4.1814E-02 -9.7665E-04
  3.8007E+02  4.1835E-02 -9.7872E-04
  3.8110E+02  4.1831E-02 -9.8081E-04
  3.8213E+02  4.1801E-02 -9.8291E-04
  3.8316E+02  4.1767E-02 -9.8500E-04
  3.8419E+02  4.1752E-02 -9.8709E-04
  3.8522E+02  4.1756E-02 -9.8919E-04
  3.8625E+02  4.1756E-02 -9.9130E-04
  3.8728E+02  4.1738E-02 -9.9341E-04
  3.8831E+02  4.1708E-02 -9.9553E-04
  3.8934E+02  4.1677E-02 -9.9766E-04
  3.9037E+02  4.1645E-02 -9.9978E-04
  3.9140E+02  4.1610E-02 -1.0019E-03
  3.9243E+02  4.1574E-02 -1.0040E-03
  3.9346E+02  4.1549E-02 -1.0062E-03
  3.9449E+02  4.1535E-02 -1.0083E-03
  3.9552E+02  4.1517E-02 -1.0105E-03
  3.9655E+02  4.1480E-02 -1.0126E-03
  3.9758E+02  4.1426E-02 -1.0148E-03
  3.9861E+02  4.1373E-02 -1.0170E-03
  3.9964E+02  4.1334E-02 -1.0191E-03
  4.0067E+02  4.1308E-02 -1.0213E-03
  4.0170E+02  4.1284E-02 -1.0235E-03
  4.0273E+02  4.1250E-02 -1.0257E-03
  4.0376E+02  4.1203E-02 -1.0279E-03
  4.0479E+02  4.1140E-02 -1.0301E-03
  4.0582E+02  4.1071E-02 -1.0323E-03
  4.0685E+02  4.1007E-02 -1.0345E-03
  4.0788E+02  4.0956E-02 -1.0367E-03
  4.0891E+02  4.0909E-02 -1.0390E-03
  4.0994E+02  4.0852E-02 -1.0412E-03
  4.1097E+02  4.0783E-02 -1.0434E-03
  4.1200E+02  4.0713E-02 -1.0456E-03
  4.1303E+02  4.0650E-02 -1.0478E-03
  4.1406E+02  4.0587E-02 -1.0500E-03
  4.1509E+02  4.0517E-02 -1.0522E-03
  4.1612E+02  4.0446E-02 -1.0543E-03
  4.1715E+02  4.0387E-02 -1.0565E-03
  4.1818E+02  4.0343E-02 -1.0586E-03
  4.1921E+02  4.0305E-02 -1.0608E-03
  4.2024E+02  4.0261E-02 -1.0629E-03
  4.2127E+02  4.0212E-02 -1.0651E-03
  4.2230E+02  4.0166E-02 -1.0672E-03
  4.2333E+02  4.0131E-02 -1.0694E-03
  4.2436E+02  4.0104E-02 -1.0715E-03
  4.2539E+02  4.0084E-02 -1.0737E-03
  4.2642E+02  4.0068E-02 -1.0758E-03
  4.2745E+02  4.0057E-02 -1.0780E-03
  4.2848E+02  4.0045E-02 -1.0801E-03
  4.2951E+02  4.0027E-02 -1.0823E-03
  4.3054E+02  4.0008E-02 -1.0845E-03
  4.3157E+02  3.9995E-02 -1.0866E-03
  4.3260E+02  3.9994E-02 -1.0888E-03
  4.3363E+02  3.9996E-02 -1.0909E-03
  4.3466E+02  3.9990E-02 -1.0931E-03
  4.3569E+02  3.9971E-02 -1.0952E-03
  4.3672E+02  3.9948E-02 -1.0973E-03
  4.3775E+02  3.9930E-02 -1.0994E-03
  4.3878E+02  3.9921E-02 -1.1015E-03
  4.3981E+02  3.9912E-02 -1.1036E-03
  4.4084E+02  3.9895E-02 -1.1056E-03
  4.4187E+02  3.9866E-02 -1.1076E-03
  4.4290E+02  3.9827E-02 -1.1096E-03
  4.4393E+02  3.9790E-02 -1.1116E-03
  4.4496E+02  3.9761E-02 -1.1136E-03
  4.4599E+02  3.9734E-02 -1.1155E-03
  4.4702E+02  3.9698E-02 -1.1175E-03
  4.4805E+02  3.9649E-02 -1.1194E-03
  4.4908E+02  3.9593E-02 -1.1214E-03
  4.5011E+02  3.9544E-02 -1.1233E-03
  4.5114E+02  3.9506E-02 -1.1252E-03
  4.5217E+02  3.9474E-02 -1.1272E-03
  4.5320E+02  3.9437E-02 -1.1292E-03
  4.5423E+02  3.9390E-02 -1.1312E-03
  4.5526E+02  3.9344E-02 -1.1332E-03
  4.5629E+02  3.9310E-02 -1.1352E-03
  4.5732E+02  3.9292E-02 -1.1373E-03
  4.5835E+02  3.9283E-02 -1.1394E-03
  4.5938E+02  3.9274E-02 -1.1416E-03
  4.6041E+02  3.9262E-02 -1.1438E-03
  4.6144E+02  3.9252E-02 -1.1460E-03
  4.6247E+02  3.9249E-02 -1.1482E-03
  4.6350E+02  3.9254E-02 -1.1505E-03
  4.6453E+02  3.9266E-02 -1.1527E-03
  4.6556E+02  3.9278E-02 -1.1550E-03
  4.6659E+02  3.9288E-02 -1.1573E-03
  4.6762E+02  3.9297E-02 -1.1596E-03
  4.6865E+02  3.9306E-02 -1.1619E-03
  4.6968E+02  3.9315E-02 -1.1641E-03
  4.7071E+02  3.9318E-02 -1.1664E-03
  4.7174E+02  3.9315E-02 -1.1686E-03
  4.7277E+02  3.9309E-02 -1.1707E-03
  4.7380E+02  3.9300E-02 -1.1729E-03
  4.7483E+02  3.9286E-02 -1.1750E-03
  4.7586E+02  3.9263E-02 -1.1770E-03
  4.7689E+02  3.9233E-02 -1.1790E-03
  4.7792E+02  3.9200E-02 -1.1810E-03
  4.7895E+02  3.9163E-02 -1.1829E-03
  4.7998E+02  3.9120E-02 -1.1848E-03
  4.8101E+02  3.9072E-02 -1.1867E-03
  4.8204E+02  3.9021E-02 -1.1885E-03
  4.8307E+02  3.8968E-02 -1.1903E-03
  4.8410E+02  3.8915E-02 -1.1921E-03
  4.8513E+02  3.8861E-02 -1.1939E-03
  4.8616E+02  3.8806E-02 -1.1957E-03
  4.8719E+02  3.8750E-02 -1.1976E-03
  4.8822E+02  3.8698E-02 -1.1994E-03
  4.8925E+02  3.8652E-02 -1.2013E-03
  4.9028E+02  3.8610E-02 -1.2032E-03
  4.9131E+02  3.8570E-02 -1.2051E-03
  4.9234E+02  3.8531E-02 -1.2071E-03
  4.9337E+02  3.8498E-02 -1.2091E-03
  4.9440E+02  3.8473E-02 -1.2112E-03
  4.9543E+02  3.8455E-02 -1.2133E-03
  4.9646E+02  3.8441E-02 -1.2155E-03
  4.9749E+02  3.8430E-02 -1.2176E-03
  4.9852E+02  3.8420E-02 -1.2198E-03
  4.9955E+02  3.8410E-02 -1.2220E-03
  5.0058E+02  3.8404E-02 -1.2243E-03
  5.0161E+02  3.8403E-02 -1.2265E-03
  5.0264E+02  3.8408E-02 -1.2287E-03
  5.0367E+02  3.8412E-02 -1.2309E-03
  5.0470E+02  3.8411E-02 -1.2331E-03
  5.0573E+02  3.8406E-02 -1.2352E-03
  5.0676E+02  3.8400E-02 -1.2374E-03
  5.0779E+02  3.8395E-02 -1.2395E-03
  5.0882E+02  3.8391E-02 -1.2415E-03
  5.0985E+02  3.8386E-02 -1.2435E-03
  5.1088E+02  3.8376E-02 -1.2455E-03
  5.1191E+02  3.8359E-02 -1.2474E-03
  5.1294E+02  3.8336E-02 -1.2493E-03
  5.1397E+02  3.8311E-02 -1.2512E-03
  5.1500E+02  3.8285E-02 -1.2530E-03
  5.1603E+02  3.8258E-02 -1.2548E-03
  5.1706E+02  3.8229E-02 -1.2566E-03
  5.1809E+02  3.8194E-02 -1.2584E-03
  5.1912E+02  3.8155E-02 -1.2601E-03
  5.2015E+02  3.8113E-02 -1.2619E-03
  5.2118E+02  3.8070E-02 -1.2636E-03
  5.2221E+02  3.8028E-02 -1.2654E-03
  5.2324E+02  3.7984E-02 -1.2672E-03
  5.2427E+02  3.7937E-02 -1.2690E-03
  5.2530E+02  3.7892E-02 -1.2709E-03
  5.2633E+02  3.7849E-02 -1.2727E-03
  5.2736E+02  3.7805E-02 -1.2746E-03
  5.2839E+02  3.7759E-02 -1.2765E-03
  5.2942E+02  3.7713E-02 -1.2785E-03
  5.3045E+02  3.7672E-02 -1.2804E-03
  5.3148E+02  3.7636E-02 -1.2824E-03
  5.3251E+02  3.7603E-02 -1.2844E-03
  5.3354E+02  3.7569E-02 -1.2865E-03
  5.3457E+02  3.7537E-02 -1.2886E-03
  5.3560E+02  3.7510E-02 -1.2906E-03
  5.3663E+02  3.7487E-02 -1.2927E-03
  5.3766E+02  3.7469E-02 -1.2948E-03
  5.3869E+02  3.7453E-02 -1.2969E-03
  5.3972E+02  3.7439E-02 -1.2990E-03
  5.4075E+02  3.7428E-02 -1.3011E-03
  5.4178E+02  3.7419E-02 -1.3032E-03
  5.4281E+02  3.7414E-02 -1.3053E-03
  5.4384E+02  3.7411E-02 -1.3073E-03
  5.4487E+02  3.7410E-02 -1.3093E-03
  5.4590E+02  3.7409E-02 -1.3114E-03
  5.4693E+02  3.7405E-02 -1.3134E-03
  5.4796E+02  3.7401E-02 -1.3153E-03
  5.4899E+02  3.7400E-02 -1.3173E-03
  5.5002E+02  3.7402E-02 -1.3192E-03
  5.5105E+02  3.7402E-02 -1.3211E-03
  5.5208E+02  3.7396E-02 -1.3230E-03
  5.5311E+02  3.7386E-02 -1.3249E-03
  5.5414E+02  3.7377E-02 -1.3267E-03
  5.5517E+02  3.7372E-02 -1.3286E-03
  5.5620E+02  3.7364E-02 -1.3304E-03
  5.5723E+02  3.7350E-02 -1.3322E-03
  5.5826E+02  3.7331E-02 -1.3340E-03
  5.5929E+02  3.7312E-02 -1.3358E-03
  5.6032E+02  3.7293E-02 -1.3376E-03
  5.6135E+02  3.7273E-02 -1.3394E-03
  5.6238E+02  3.7249E-02 -1.3413E-03
  5.6341E+02  3.7223E-02 -1.3431E-03
  5.6444E+02  3.7197E-02 -1.3449E-03
  5.6547E+02  3.7170E-02 -1.3467E-03
  5.6650E+02  3.7142E-02 -1.3486E-03
  5.6753E+02  3.7112E-02 -1.3504E-03
  5.6856E+02  3.7082E-02 -1.3523E-03
  5.6959E+02  3.7054E-02 -1.3542E-03
  5.7062E+02  3.7028E-02 -1.3561E-03
  5.7165E+02  3.7001E-02 -1.3580E-03
  5.7268E+02  3.6973E-02 -1.3600E-03
  5.7371E+02  3.6944E-02 -1.3619E-03
  5.7474E+02  3.6916E-02 -1.3639E-03
  5.7577E+02  3.6891E-02 -1.3658E-03
  5.7680E+02  3.6867E-02 -1.3678E-03
  5.7783E+02  3.6844E-02 -1.3698E-03
  5.7886E+02  3.6820E-02 -1.3718E-03
  5.7989E+02  3.6795E-02 -1.3738E-03
  5.8092E+02  3.6771E-02 -1.3757E-03
  5.8195E+02  3.6750E-02 -1.3777E-03
  5.8298E+02  3.6729E-02 -1.3797E-03
  5.8401E+02  3.6708E-02 -1.3817E-03
  5.8504E+02  3.6688E-02 -1.3836E-03
  5.8607E+02  3.6668E-02 -1.3856E-03
  5.8710E+02  3.6649E-02 -1.3875E-03
  5.8813E+02  3.6631E-02 -1.3895E-03
  5.8916E+02  3.6611E-02 -1.3914E-03
  5.9019E+02  3.6591E-02 -1.3933E-03
  5.9122E+02  3.6571E-02 -1.3952E-03
  5.9225E+02  3.6552E-02 -1.3971E-03
  5.9328E+02  3.6535E-02 -1.3990E-03
  5.9431E+02  3.6518E-02 -1.4009E-03
  5.9534E+02  3.6499E-02 -1.4027E-03
  5.9637E+02  3.6479E-02 -1.4046E-03
  5.9740E+02  3.6461E-02 -1.4064E-03
  5.9843E+02  3.6444E-02 -1.4082E-03
  5.9946E+02  3.6429E-02 -1.4101E-03
  6.0049E+02  3.6412E-02 -1.4119E-03
  6.0152E+02  3.6396E-02 -1.4138E-03
  6.0255E+02  3.6382E-02 -1.4156E-03
  6.0358E+02  3.6369E-02 -1.4174E-03
  6.0461E+02  3.6355E-02 -1.4193E-03
  6.0564E+02  3.6341E-02 -1.4211E-03
  6.0667E+02  3.6326E-02 -1.4230E-03
  6.0770E+02  3.6312E-02 -1.4248E-03
  6.0873E+02  3.6299E-02 -1.4267E-03
  6.0976E+02  3.6289E-02 -1.4285E-03
  6.1079E+02  3.6277E-02 -1.4304E-03
  6.1182E+02  3.6264E-02 -1.4323E-03
  6.1285E+02  3.6248E-02 -1.4341E-03
  6.1388E+02  3.6233E-02 -1.4360E-03
  6.1491E+02  3.6219E-02 -1.4379E-03
  6.1594E+02  3.6206E-02 -1.4397E-03
  6.1697E+02  3.6193E-02 -1.4416E-03
  6.1800E+02  3.6177E-02 -1.4435E-03
  6.1903E+02  3.6160E-02 -1.4453E-03
  6.2006E+02  3.6141E-02 -1.4472E-03
  6.2109E+02  3.6121E-02 -1.4490E-03
  6.2212E+02  3.6102E-02 -1.4509E-03
  6.2315E+02  3.6083E-02 -1.4527E-03
  6.2418E+02  3.6063E-02 -1.4546E-03
  6.2521E+02  3.6040E-02 -1.4564E-03
  6.2624E+02  3.6016E-02 -1.4582E-03
  6.2727E+02  3.5990E-02 -1.4600E-03
  6.2830E+02  3.5965E-02 -1.4619E-03
  6.2933E+02  3.5940E-02 -1.4637E-03
  6.3036E+02  3.5915E-02 -1.4655E-03
  6.3139E+02  3.5890E-02 -1.4673E-03
  6.3242E+02  3.5865E-02 -1.4691E-03
  6.3345E+02  3.5838E-02 -1.4709E-03
  6.3448E+02  3.5812E-02 -1.4728E-03
  6.3551E+02  3.5786E-02 -1.4746E-03
  6.3654E+02  3.5762E-02 -1.4764E-03
  6.3757E+02  3.5739E-02 -1.4782E-03
  6.3860E+02  3.5716E-02 -1.4801E-03
  6.3963E+02  3.5694E-02 -1.4819E-03
  6.4066E+02  3.5672E-02 -1.4837E-03
  6.4169E+02  3.5650E-02 -1.4856E-03
  6.4272E+02  3.5629E-02 -1.4874E-03
  6.4375E+02  3.5609E-02 -1.4893E-03
  6.4478E+02  3.5591E-02 -1.4911E-03
  6.4581E+02  3.5573E-02 -1.4930E-03
  6.4684E+02  3.5554E-02 -1.4948E-03
  6.4787E+02  3.5536E-02 -1.4967E-03
  6.4890E+02  3.5518E-02 -1.4985E-03
  6.4993E+02  3.5501E-02 -1.5004E-03
  6.5096E+02  3.5485E-02 -1.5022E-03
  6.5199E+02  3.5468E-02 -1.5041E-03
  6.5302E+02  3.5450E-02 -1.5059E-03
  6.5405E+02  3.5432E-02 -1.5077E-03
  6.5508E+02  3.5415E-02 -1.5096E-03
  6.5611E+02  3.5397E-02 -1.5114E-03
  6.5714E+02  3.5380E-02 -1.5132E-03
  6.5817E+02  3.5361E-02 -1.5150E-03
  6.5920E+02  3.5343E-02 -1.5168E-03
  6.6023E+02  3.5324E-02 -1.5186E-03
  6.6126E+02  3.5305E-02 -1.5204E-03
  6.6229E+02  3.5287E-02 -1.5222E-03
  6.6332E+02  3.5269E-02 -1.5240E-03
  6.6435E+02  3.5250E-02 -1.5258E-03
  6.6538E+02  3.5230E-02 -1.5275E-03
  6.6641E+02  3.5210E-02 -1.5293E-03
  6.6744E+02  3.5191E-02 -1.5311E-03
  6.6847E+02  3.5173E-02 -1.5329E-03
  6.6950E+02  3.5154E-02 -1.5346E-03
  6.7053E+02  3.5134E-02 -1.5364E-03
  6.7156E+02  3.5114E-02 -1.5382E-03
  6.7259E+02  3.5095E-02 -1.5400E-03
  6.7362E+02  3.5077E-02 -1.5417E-03
  6.7465E+02  3.5058E-02 -1.5435E-03
  6.7568E+02  3.5040E-02 -1.5453E-03
  6.7671E+02  3.5021E-02 -1.5471E-03
  6.7774E+02  3.5003E-02 -1.5489E-03
  6.7877E+02  3.4985E-02 -1.5506E-03
  6.7980E+02  3.4968E-02 -1.5524E-03
  6.8083E+02  3.4950E-02 -1.5542E-03
  6.8186E+02  3.4933E-02 -1.5560E-03
  6.8289E+02  3.4916E-02 -1.5578E-03
  6.8392E+02  3.4899E-02 -1.5596E-03
  6.8495E+02  3.4882E-02 -1.5613E-03
  6.8598E+02  3.4866E-02 -1.5631E-03
  6.8701E+02  3.4849E-02 -1.5649E-03
  6.8804E+02  3.4833E-02 -1.5667E-03
  6.8907E+02  3.4817E-02 -1.5685E-03
  6.9010E+02  3.4800E-02 -1.5703E-03
  6.9113E+02  3.4784E-02 -1.5720E-03
  6.9216E+02  3.4767E-02 -1.5738E-03
  6.9319E+02  3.4751E-02 -1.5756E-03
  6.9422E+02  3.4735E-02 -1.5774E-03
  6.9525E+02  3.4718E-02 -1.5791E-03
  6.9628E+02  3.4702E-02 -1.5809E-03
  6.9731E+02  3.4687E-02 -1.5827E-03
  6.9834E+02  3.4670E-02 -1.5844E-03
  6.9937E+02  3.4653E-02 -1.5862E-03
  7.0040E+02  3.4636E-02 -1.5879E-03
  7.0143E+02  3.4619E-02 -1.5897E-03
  7.0246E+02  3.4603E-02 -1.5915E-03
  7.0349E+02  3.4586E-02 -1.5932E-03
  7.0452E+02  3.4569E-02 -1.5950E-03
  7.0555E+02  3.4550E-02 -1.5967E-03
  7.0658E+02  3.4533E-02 -1.5985E-03
  7.0761E+02  3.4516E-02 -1.6002E-03
  7.0864E+02  3.4498E-02 -1.6019E-03
  7.0967E+02  3.4480E-02 -1.6037E-03
  7.1070E+02  3.4461E-02 -1.6054E-03
  7.1173E+02  3.4442E-02 -1.6072E-03
  7.1276E+02  3.4424E-02 -1.6089E-03
  7.1379E+02  3.4406E-02 -1.6106E-03
  7.1482E+02  3.4387E-02 -1.6124E-03
  7.1585E+02  3.4368E-02 -1.6141E-03
  7.1688E+02  3.4350E-02 -1.6158E-03
  7.1791E+02  3.4331E-02 -1.6176E-03
  7.1894E+02  3.4313E-02 -1.6193E-03
  7.1997E+02  3.4295E-02 -1.6210E-03
  7.2100E+02  3.4278E-02 -1.6228E-03
  7.2203E+02  3.4261E-02 -1.6245E-03
  7.2306E+02  3.4245E-02 -1.6262E-03
  7.2409E+02  3.4228E-02 -1.6280E-03
  7.2512E+02  3.4211E-02 -1.6297E-03
  7.2615E+02  3.4195E-02 -1.6314E-03
  7.2718E+02  3.4179E-02 -1.6332E-03
  7.2821E+02  3.4164E-02 -1.6349E-03
  7.2924E+02  3.4149E-02 -1.6366E-03
  7.3027E+02  3.4132E-02 -1.6384E-03
  7.3130E+02  3.4116E-02 -1.6401E-03
  7.3233E+02  3.4101E-02 -1.6418E-03
  7.3336E+02  3.4086E-02 -1.6436E-03
  7.3439E+02  3.4070E-02 -1.6453E-03
  7.3542E+02  3.4054E-02 -1.6470E-03
  7.3645E+02  3.4038E-02 -1.6487E-03
  7.3748E+02  3.4022E-02 -1.6505E-03
  7.3851E+02  3.4007E-02 -1.6522E-03
  7.3954E+02  3.3991E-02 -1.6539E-03
  7.4057E+02  3.3974E-02 -1.6556E-03
  7.4160E+02  3.3958E-02 -1.6573E-03
  7.4263E+02  3.3942E-02 -1.6591E-03
  7.4366E+02  3.3926E-02 -1.6608E-03
  7.4469E+02  3.3909E-02 -1.6625E-03
  7.4572E+02  3.3893E-02 -1.6642E-03
  7.4675E+02  3.3877E-02 -1.6659E-03
  7.4778E+02  3.3860E-02 -1.6676E-03
  7.4881E+02  3.3843E-02 -1.6693E-03
  7.4984E+02  3.3826E-02 -1.6710E-03
  7.5087E+02  3.3809E-02 -1.6727E-03
  7.5190E+02  3.3792E-02 -1.6744E-03
  7.5293E+02  3.3775E-02 -1.6761E-03
  7.5396E+02  3.3758E-02 -1.6778E-03
  7.5499E+02  3.3741E-02 -1.6795E-03
  7.5602E+02  3.3724E-02 -1.6812E-03
  7.5705E+02  3.3707E-02 -1.6829E-03
  7.5808E+02  3.3690E-02 -1.6846E-03
  7.5911E+02  3.3674E-02 -1.6863E-03
  7.6014E+02  3.3658E-02 -1.6880E-03
  7.6117E+02  3.3642E-02 -1.6897E-03
  7.6220E+02  3.3626E-02 -1.6914E-03
  7.6323E+02  3.3610E-02 -1.6931E-03
  7.6426E+02  3.3594E-02 -1.6948E-03
  7.6529E+02  3.3578E-02 -1.6965E-03
  7.6632E+02  3.3563E-02 -1.6982E-03
  7.6735E+02  3.3547E-02 -1.6999E-03
  7.6838E+02  3.3531E-02 -1.7015E-03
  7.6941E+02  3.3515E-02 -1.7032E-03
  7.7044E+02  3.3499E-02 -1.7049E-03
  7.7147E+02  3.3483E-02 -1.7066E-03
  7.7250E+02  3.3466E-02 -1.7083E-03
  7.7353E+02  3.3449E-02 -1.7100E-03
  7.7456E+02  3.3433E-02 -1.7116E-03
  7.7559E+02  3.3416E-02 -1.7133E-03
  7.7662E+02  3.3399E-02 -1.7150E-03
  7.7765E+02  3.3382E-02 -1.7166E-03
  7.7868E+02  3.3365E-02 -1.7183E-03
  7.7971E+02  3.3348E-02 -1.7200E-03
  7.8074E+02  3.3332E-02 -1.7217E-03
  7.8177E+02  3.3316E-02 -1.7233E-03
  7.8280E+02  3.3299E-02 -1.7250E-03
  7.8383E+02  3.3283E-02 -1.7267E-03
  7.8486E+02  3.3267E-02 -1.7283E-03
  7.8589E+02  3.3252E-02 -1.7300E-03
  7.8692E+02  3.3237E-02 -1.7317E-03
  7.8795E+02  3.3222E-02 -1.7333E-03
  7.8898E+02  3.3207E-02 -1.7350E-03
  7.9001E+02  3.3193E-02 -1.7367E-03
  7.9104E+02  3.3179E-02 -1.7384E-03
  7.9207E+02  3.3166E-02 -1.7400E-03
  7.9310E+02  3.3153E-02 -1.7417E-03
  7.9413E+02  3.3141E-02 -1.7434E-03
  7.9516E+02  3.3128E-02 -1.7451E-03
  7.9619E+02  3.3116E-02 -1.7467E-03
  7.9722E+02  3.3104E-02 -1.7484E-03
  7.9825E+02  3.3092E-02 -1.7501E-03
  7.9928E+02  3.3080E-02 -1.7518E-03
  8.0031E+02  3.3068E-02 -1.7534E-03
  8.0134E+02  3.3056E-02 -1.7551E-03
  8.0237E+02  3.3044E-02 -1.7567E-03
  8.0340E+02  3.3031E-02 -1.7584E-03
  8.0443E+02  3.3018E-02 -1.7600E-03
  8.0546E+02  3.3005E-02 -1.7617E-03
  8.0649E+02  3.2992E-02 -1.7633E-03
  8.0752E+02  3.2977E-02 -1.7650E-03
  8.0855E+02  3.2963E-02 -1.7666E-03
  8.0958E+02  3.2948E-02 -1.7682E-03
  8.1061E+02  3.2933E-02 -1.7699E-03
  8.1164E+02  3.2916E-02 -1.7715E-03
  8.1267E+02  3.2900E-02 -1.7731E-03
  8.1370E+02  3.2883E-02 -1.7747E-03
  8.1473E+02  3.2866E-02 -1.7763E-03
  8.1576E+02  3.2848E-02 -1.7780E-03
  8.1679E+02  3.2830E-02 -1.7796E-03
  8.1782E+02  3.2812E-02 -1.7812E-03
  8.1885E+02  3.2793E-02 -1.7828E-03
  8.1988E+02  3.2775E-02 -1.7844E-03
  8.2091E+02  3.2756E-02 -1.7860E-03
  8.2194E+02  3.2737E-02 -1.7877E-03
  8.2297E+02  3.2718E-02 -1.7893E-03
  8.2400E+02  3.2699E-02 -1.7909E-03
  8.2503E+02  3.2679E-02 -1.7925E-03
  8.2606E+02  3.2660E-02 -1.7942E-03
  8.2709E+02  3.2642E-02 -1.7958E-03
  8.2812E+02  3.2624E-02 -1.7975E-03
  8.2915E+02  3.2606E-02 -1.7991E-03
  8.3018E+02  3.2588E-02 -1.8007E-03
  8.3121E+02  3.2570E-02 -1.8024E-03
  8.3224E+02  3.2554E-02 -1.8040E-03
  8.3327E+02  3.2537E-02 -1.8057E-03
  8.3430E+02  3.2521E-02 -1.8073E-03
  8.3533E+02  3.2505E-02 -1.8089E-03
  8.3636E+02  3.2490E-02 -1.8106E-03
  8.3739E+02  3.2475E-02 -1.8122E-03
  8.3842E+02  3.2462E-02 -1.8139E-03
  8.3945E+02  3.2448E-02 -1.8155E-03
  8.4048E+02  3.2434E-02 -1.8171E-03
  8.4151E+02  3.2420E-02 -1.8188E-03
  8.4254E+02  3.2408E-02 -1.8204E-03
  8.4357E+02  3.2396E-02 -1.8220E-03
  8.4460E+02  3.2383E-02 -1.8236E-03
  8.4563E+02  3.2371E-02 -1.8252E-03
  8.4666E+02  3.2358E-02 -1.8269E-03
  8.4769E+02  3.2346E-02 -1.8285E-03
  8.4872E+02  3.2334E-02 -1.8301E-03
  8.4975E+02  3.2322E-02 -1.8317E-03
  8.5078E+02  3.2310E-02 -1.8333E-03
  8.5181E+02  3.2297E-02 -1.8349E-03
  8.5284E+02  3.2284E-02 -1.8365E-03
  8.5387E+02  3.2271E-02 -1.8381E-03
  8.5490E+02  3.2258E-02 -1.8396E-03
  8.5593E+02  3.2245E-02 -1.8412E-03
  8.5696E+02  3.2231E-02 -1.8428E-03
  8.5799E+02  3.2217E-02 -1.8444E-03
  8.5902E+02  3.2203E-02 -1.8460E-03
  8.6005E+02  3.2189E-02 -1.8476E-03
  8.6108E+02  3.2175E-02 -1.8492E-03
  8.6211E+02  3.2160E-02 -1.8507E-03
  8.6314E+02  3.2145E-02 -1.8523E-03
  8.6417E+02  3.2130E-02 -1.8539E-03
  8.6520E+02  3.2115E-02 -1.8555E-03
  8.6623E+02  3.2100E-02 -1.8571E-03
  8.6726E+02  3.2085E-02 -1.8587E-03
  8.6829E+02  3.2070E-02 -1.8603E-03
  8.6932E+02  3.2055E-02 -1.8619E-03
  8.7035E+02  3.2040E-02 -1.8634E-03
  8.7138E+02  3.2025E-02 -1.8650E-03
  8.7241E+02  3.2011E-02 -1.8666E-03
  8.7344E+02  3.1996E-02 -1.8682E-03
  8.7447E+02  3.1981E-02 -1.8698E-03
  8.7550E+02  3.1967E-02 -1.8714E-03
  8.7653E+02  3.1952E-02 -1.8730E-03
  8.7756E+02  3.1938E-02 -1.8746E-03
  8.7859E+02  3.1924E-02 -1.8762E-03
  8.7962E+02  3.1910E-02 -1.8778E-03
  8.8065E+02  3.1896E-02 -1.8793E-03
  8.8168E+02  3.1882E-02 -1.8809E-03
  8.8271E+02  3.1868E-02 -1.8825E-03
  8.8374E+02  3.1854E-02 -1.8841E-03
  8.8477E+02  3.1841E-02 -1.8857E-03
  8.8580E+02  3.1827E-02 -1.8872E-03
  8.8683E+02  3.1814E-02 -1.8888E-03
  8.8786E+02  3.1800E-02 -1.8904E-03
  8.8889E+02  3.1787E-02 -1.8920E-03
  8.8992E+02  3.1774E-02 -1.8935E-03
  8.9095E+02  3.1760E-02 -1.8951E-03
  8.9198E+02  3.1747E-02 -1.8967E-03
  8.9301E+02  3.1734E-02 -1.8982E-03
  8.9404E+02  3.1720E-02 -1.8998E-03
  8.9507E+02  3.1707E-02 -1.9014E-03
  8.9610E+02  3.1693E-02 -1.9029E-03
  8.9713E+02  3.1679E-02 -1.9045E-03
  8.9816E+02  3.1665E-02 -1.9060E-03
  8.9919E+02  3.1651E-02 -1.9076E-03
  9.0022E+02  3.1636E-02 -1.9092E-03
  9.0125E+02  3.1622E-02 -1.9107E-03
  9.0228E+02  3.1607E-02 -1.9123E-03
  9.0331E+02  3.1592E-02 -1.9138E-03
  9.0434E+02  3.1577E-02 -1.9154E-03
  9.0537E+02  3.1562E-02 -1.9169E-03
  9.0640E+02  3.1547E-02 -1.9185E-03
  9.0743E+02  3.1531E-02 -1.9200E-03
  9.0846E+02  3.1516E-02 -1.9216E-03
  9.0949E+02  3.1501E-02 -1.9231E-03
  9.1052E+02  3.1485E-02 -1.9247E-03
  9.1155E+02  3.1470E-02 -1.9262E-03
  9.1258E+02  3.1455E-02 -1.9278E-03
  9.1361E+02  3.1439E-02 -1.9293E-03
  9.1464E+02  3.1424E-02 -1.9309E-03
  9.1567E+02  3.1409E-02 -1.9324E-03
  9.1670E+02  3.1394E-02 -1.9340E-03
  9.1773E+02  3.1380E-02 -1.9355E-03
  9.1876E+02  3.1365E-02 -1.9370E-03
  9.1979E+02  3.1351E-02 -1.9386E-03
  9.2082E+02  3.1337E-02 -1.9401E-03
  9.2185E+02  3.1323E-02 -1.9417E-03
  9.2288E+02  3.1309E-02 -1.9432E-03
  9.2391E+02  3.1295E-02 -1.9448E-03
  9.2494E+02  3.1282E-02 -1.9463E-03
  9.2597E+02  3.1269E-02 -1.9478E-03
  9.2700E+02  3.1256E-02 -1.9494E-03
  9.2803E+02  3.1242E-02 -1.9509E-03
  9.2906E+02  3.1229E-02 -1.9525E-03
  9.3009E+02  3.1217E-02 -1.9540E-03
  9.3112E+02  3.1204E-02 -1.9555E-03
  9.3215E+02  3.1191E-02 -1.9571E-03
  9.3318E+02  3.1179E-02 -1.9586E-03
  9.3421E+02  3.1166E-02 -1.9601E-03
  9.3524E+02  3.1153E-02 -1.9617E-03
  9.3627E+02  3.1141E-02 -1.9632E-03
  9.3730E+02  3.1129E-02 -1.9647E-03
  9.3833E+02  3.1116E-02 -1.9662E-03
  9.3936E+02  3.1103E-02 -1.9678E-03
  9.4039E+02  3.1091E-02 -1.9693E-03
  9.4142E+02  3.1079E-02 -1.9708E-03
  9.4245E+02  3.1066E-02 -1.9723E-03
  9.4348E+02  3.1054E-02 -1.9738E-03
  9.4451E+02  3.1042E-02 -1.9754E-03
  9.4554E+02  3.1029E-02 -1.9769E-03
  9.4657E+02  3.1017E-02 -1.9784E-03
  9.4760E+02  3.1005E-02 -1.9799E-03
  9.4863E+02  3.0992E-02 -1.9814E-03
  9.4966E+02  3.0980E-02 -1.9829E-03
  9.5069E+02  3.0967E-02 -1.9844E-03
  9.5172E+02  3.0955E-02 -1.9860E-03
  9.5275E+02  3.0942E-02 -1.9875E-03
  9.5378E+02  3.0929E-02 -1.9890E-03
  9.5481E+02  3.0916E-02 -1.9905E-03
  9.5584E+02  3.0904E-02 -1.9920E-03
  9.5687E+02  3.0891E-02 -1.9935E-03
  9.5790E+02  3.0878E-02 -1.9950E-03
  9.5893E+02  3.0865E-02 -1.9965E-03
  9.5996E+02  3.0852E-02 -1.9980E-03
  9.6099E+02  3.0839E-02 -1.9995E-03
  9.6202E+02  3.0826E-02 -2.0010E-03
  9.6305E+02  3.0813E-02 -2.0025E-03
  9.6408E+02  3.0800E-02 -2.0041E-03
  9.6511E+02  3.0787E-02 -2.0056E-03
  9.6614E+02  3.0773E-02 -2.0071E-03
  9.6717E+02  3.0760E-02 -2.0086E-03
  9.6820E+02  3.0747E-02 -2.0101E-03
  9.6923E+02  3.0734E-02 -2.0116E-03
  9.7026E+02  3.0721E-02 -2.0131E-03
  9.7129E+02  3.0708E-02 -2.0146E-03
  9.7232E+02  3.0694E-02 -2.0161E-03
  9.7335E+02  3.0681E-02 -2.0176E-03
  9.7438E+02  3.0668E-02 -2.0191E-03
  9.7541E+02  3.0655E-02 -2.0206E-03
  9.7644E+02  3.0642E-02 -2.0221E-03
  9.7747E+02  3.0629E-02 -2.0236E-03
  9.7850E+02  3.0616E-02 -2.0251E-03
  9.7953E+02  3.0603E-02 -2.0266E-03
  9.8056E+02  3.0590E-02 -2.0280E-03
  9.8159E+02  3.0577E-02 -2.0295E-03
  9.8262E+02  3.0564E-02 -2.0310E-03
  9.8365E+02  3.0552E-02 -2.0325E-03
  9.8468E+02  3.0539E-02 -2.0340E-03
  9.8571E+02  3.0527E-02 -2.0355E-03
  9.8674E+02  3.0514E-02 -2.0370E-03
  9.8777E+02  3.0502E-02 -2.0385E-03
  9.8880E+02  3.0489E-02 -2.0400E-03
  9.8983E+02  3.0477E-02 -2.0414E-03
  9.9086E+02  3.0465E-02 -2.0429E-03
  9.9189E+02  3.0453E-02 -2.0444E-03
  9.9292E+02  3.0440E-02 -2.0459E-03
  9.9395E+02  3.0428E-02 -2.0474E-03
  9.9498E+02  3.0416E-02 -2.0489E-03
  9.9601E+02  3.0404E-02 -2.0503E-03
  9.9704E+02  3.0392E-02 -2.0518E-03
  9.9807E+02  3.0380E-02 -2.0533E-03
  9.9910E+02  3.0368E-02 -2.0548E-03
  1.0001E+03  3.0355E-02 -2.0562E-03
  1.0012E+03  3.0343E-02 -2.0577E-03
  1.0022E+03  3.0331E-02 -2.0592E-03
  1.0032E+03  3.0319E-02 -2.0607E-03
  1.0042E+03  3.0307E-02 -2.0621E-03
  1.0053E+03  3.0295E-02 -2.0636E-03
  1.0063E+03  3.0282E-02 -2.0651E-03
  1.0073E+03  3.0270E-02 -2.0665E-03
  1.0084E+03  3.0258E-02 -2.0680E-03
  1.0094E+03  3.0246E-02 -2.0695E-03
  1.0104E+03  3.0233E-02 -2.0709E-03
  1.0115E+03  3.0221E-02 -2.0724E-03
  1.0125E+03  3.0208E-02 -2.0739E-03
  1.0135E+03  3.0196E-02 -2.0753E-03
  1.0145E+03  3.0183E-02 -2.0768E-03
  1.0156E+03  3.0170E-02 -2.0782E-03
  1.0166E+03  3.0158E-02 -2.0797E-03
  1.0176E+03  3.0145E-02 -2.0812E-03
  1.0187E+03  3.0132E-02 -2.0826E-03
  1.0197E+03  3.0119E-02 -2.0841E-03
  1.0207E+03  3.0106E-02 -2.0855E-03
  1.0218E+03  3.0094E-02 -2.0870E-03
  1.0228E+03  3.0081E-02 -2.0884E-03
  1.0238E+03  3.0068E-02 -2.0899E-03
  1.0248E+03  3.0055E-02 -2.0914E-03
  1.0259E+03  3.0042E-02 -2.0928E-03
  1.0269E+03  3.0030E-02 -2.0943E-03
  1.0279E+03  3.0017E-02 -2.0957E-03
  1.0290E+03  3.0004E-02 -2.0972E-03
  1.0300E+03  2.9992E-02 -2.0986E-03
  1.0310E+03  2.9979E-02 -2.1001E-03
  1.0321E+03  2.9967E-02 -2.1015E-03
  1.0331E+03  2.9955E-02 -2.1030E-03
  1.0341E+03  2.9942E-02 -2.1044E-03
  1.0351E+03  2.9930E-02 -2.1059E-03
  1.0362E+03  2.9918E-02 -2.1073E-03
  1.0372E+03  2.9906E-02 -2.1087E-03
  1.0382E+03  2.9894E-02 -2.1102E-03
  1.0393E+03  2.9882E-02 -2.1116E-03
  1.0403E+03  2.9871E-02 -2.1131E-03
  1.0413E+03  2.9859E-02 -2.1145E-03
  1.0424E+03  2.9847E-02 -2.1160E-03
  1.0434E+03  2.9835E-02 -2.1174E-03
  1.0444E+03  2.9824E-02 -2.1188E-03
  1.0454E+03  2.9812E-02 -2.1203E-03
  1.0465E+03  2.9800E-02 -2.1217E-03
  1.0475E+03  2.9789E-02 -2.1232E-03
  1.0485E+03  2.9777E-02 -2.1246E-03
  1.0496E+03  2.9765E-02 -2.1260E-03
  1.0506E+03  2.9753E-02 -2.1275E-03
  1.0516E+03  2.9741E-02 -2.1289E-03
  1.0527E+03  2.9729E-02 -2.1303E-03
  1.0537E+03  2.9716E-02 -2.1318E-03
  1.0547E+03  2.9704E-02 -2.1332E-03
  1.0557E+03  2.9691E-02 -2.1346E-03
  1.0568E+03  2.9679E-02 -2.1360E-03
  1.0578E+03  2.9666E-02 -2.1375E-03
  1.0588E+03  2.9654E-02 -2.1389E-03
  1.0599E+03  2.9641E-02 -2.1403E-03
  1.0609E+03  2.9628E-02 -2.1417E-03
  1.0619E+03  2.9615E-02 -2.1432E-03
  1.0630E+03  2.9602E-02 -2.1446E-03
  1.0640E+03  2.9589E-02 -2.1460E-03
  1.0650E+03  2.9576E-02 -2.1474E-03
  1.0660E+03  2.9563E-02 -2.1488E-03
  1.0671E+03  2.9550E-02 -2.1503E-03
  1.0681E+03  2.9537E-02 -2.1517E-03
  1.0691E+03  2.9524E-02 -2.1531E-03
  1.0702E+03  2.9511E-02 -2.1545E-03
  1.0712E+03  2.9499E-02 -2.1559E-03
  1.0722E+03  2.9486E-02 -2.1574E-03
  1.0733E+03  2.9474E-02 -2.1588E-03
  1.0743E+03  2.9461E-02 -2.1602E-03
  1.0753E+03  2.9449E-02 -2.1616E-03
  1.0763E+03  2.9437E-02 -2.1630E-03
  1.0774E+03  2.9425E-02 -2.1644E-03
  1.0784E+03  2.9413E-02 -2.1659E-03
  1.0794E+03  2.9401E-02 -2.1673E-03
  1.0805E+03  2.9390E-02 -2.1687E-03
  1.0815E+03  2.9378E-02 -2.1701E-03
  1.0825E+03  2.9367E-02 -2.1715E-03
  1.0836E+03  2.9356E-02 -2.1729E-03
  1.0846E+03  2.9345E-02 -2.1743E-03
  1.0856E+03  2.9334E-02 -2.1757E-03
  1.0866E+03  2.9323E-02 -2.1772E-03
  1.0877E+03  2.9312E-02 -2.1786E-03
  1.0887E+03  2.9301E-02 -2.1800E-03
  1.0897E+03  2.9291E-02 -2.1814E-03
  1.0908E+03  2.9280E-02 -2.1828E-03
  1.0918E+03  2.9270E-02 -2.1842E-03
  1.0928E+03  2.9259E-02 -2.1856E-03
  1.0939E+03  2.9249E-02 -2.1870E-03
  1.0949E+03  2.9238E-02 -2.1884E-03
  1.0959E+03  2.9227E-02 -2.1898E-03
  1.0969E+03  2.9217E-02 -2.1912E-03
  1.0980E+03  2.9206E-02 -2.1926E-03
  1.0990E+03  2.9195E-02 -2.1940E-03
  1.1000E+03  2.9185E-02 -2.1954E-03
  1.1011E+03  2.9174E-02 -2.1968E-03
  1.1021E+03  2.9163E-02 -2.1982E-03
  1.1031E+03  2.9152E-02 -2.1995E-03
  1.1042E+03  2.9140E-02 -2.2009E-03
  1.1052E+03  2.9129E-02 -2.2023E-03
  1.1062E+03  2.9118E-02 -2.2037E-03
  1.1072E+03  2.9106E-02 -2.2051E-03
  1.1083E+03  2.9095E-02 -2.2065E-03
  1.1093E+03  2.9083E-02 -2.2079E-03
  1.1103E+03  2.9071E-02 -2.2093E-03
  1.1114E+03  2.9059E-02 -2.2107E-03
  1.1124E+03  2.9047E-02 -2.2120E-03
  1.1134E+03  2.9035E-02 -2.2134E-03
  1.1145E+03  2.9023E-02 -2.2148E-03
  1.1155E+03  2.9011E-02 -2.2162E-03
  1.1165E+03  2.8999E-02 -2.2176E-03
  1.1175E+03  2.8987E-02 -2.2190E-03
  1.1186E+03  2.8975E-02 -2.2203E-03
  1.1196E+03  2.8963E-02 -2.2217E-03
  1.1206E+03  2.8952E-02 -2.2231E-03
  1.1217E+03  2.8940E-02 -2.2245E-03
  1.1227E+03  2.8928E-02 -2.2259E-03
  1.1237E+03  2.8916E-02 -2.2273E-03
  1.1248E+03  2.8905E-02 -2.2286E-03
  1.1258E+03  2.8893E-02 -2.2300E-03
  1.1268E+03  2.8882E-02 -2.2314E-03
  1.1278E+03  2.8871E-02 -2.2328E-03
  1.1289E+03  2.8860E-02 -2.2341E-03
  1.1299E+03  2.8849E-02 -2.2355E-03
  1.1309E+03  2.8838E-02 -2.2369E-03
  1.1320E+03  2.8827E-02 -2.2383E-03
  1.1330E+03  2.8816E-02 -2.2396E-03
  1.1340E+03  2.8805E-02 -2.2410E-03
  1.1351E+03  2.8794E-02 -2.2424E-03
  1.1361E+03  2.8783E-02 -2.2438E-03
  1.1371E+03  2.8773E-02 -2.2451E-03
  1.1381E+03  2.8762E-02 -2.2465E-03
  1.1392E+03  2.8751E-02 -2.2479E-03
  1.1402E+03  2.8741E-02 -2.2492E-03
  1.1412E+03  2.8730E-02 -2.2506E-03
  1.1423E+03  2.8719E-02 -2.2520E-03
  1.1433E+03  2.8708E-02 -2.2533E-03
  1.1443E+03  2.8697E-02 -2.2547E-03
  1.1454E+03  2.8686E-02 -2.2560E-03
  1.1464E+03  2.8675E-02 -2.2574E-03
  1.1474E+03  2.8664E-02 -2.2588E-03
  1.1484E+03  2.8653E-02 -2.2601E-03
  1.1495E+03  2.8642E-02 -2.2615E-03
  1.1505E+03  2.8631E-02 -2.2628E-03
  1.1515E+03  2.8620E-02 -2.2642E-03
  1.1526E+03  2.8608E-02 -2.2655E-03
  1.1536E+03  2.8597E-02 -2.2669E-03
  1.1546E+03  2.8586E-02 -2.2682E-03
  1.1557E+03  2.8574E-02 -2.2696E-03
  1.1567E+03  2.8563E-02 -2.2709E-03
  1.1577E+03  2.8551E-02 -2.2723E-03
  1.1587E+03  2.8540E-02 -2.2737E-03
  1.1598E+03  2.8529E-02 -2.2750E-03
  1.1608E+03  2.8517E-02 -2.2764E-03
  1.1618E+03  2.8506E-02 -2.2777E-03
  1.1629E+03  2.8495E-02 -2.2791E-03
  1.1639E+03  2.8483E-02 -2.2804E-03
  1.1649E+03  2.8472E-02 -2.2818E-03
  1.1660E+03  2.8461E-02 -2.2831E-03
  1.1670E+03  2.8450E-02 -2.2845E-03
  1.1680E+03  2.8439E-02 -2.2858E-03
  1.1690E+03  2.8428E-02 -2.2872E-03
  1.1701E+03  2.8417E-02 -2.2885E-03
  1.1711E+03  2.8406E-02 -2.2899E-03
  1.1721E+03  2.8396E-02 -2.2912E-03
  1.1732E+03  2.8385E-02 -2.2926E-03
  1.1742E+03  2.8374E-02 -2.2939E-03
  1.1752E+03  2.8364E-02 -2.2952E-03
  1.1763E+03  2.8353E-02 -2.2966E-03
  1.1773E+03  2.8343E-02 -2.2979E-03
  1.1783E+03  2.8332E-02 -2.2993E-03
  1.1793E+03  2.8322E-02 -2.3006E-03
  1.1804E+03  2.8311E-02 -2.3019E-03
  1.1814E+03  2.8301E-02 -2.3033E-03
  1.1824E+03  2.8291E-02 -2.3046E-03
  1.1835E+03  2.8281E-02 -2.3060E-03
  1.1845E+03  2.8270E-02 -2.3073E-03
  1.1855E+03  2.8260E-02 -2.3086E-03
  1.1866E+03  2.8250E-02 -2.3100E-03
  1.1876E+03  2.8240E-02 -2.3113E-03
  1.1886E+03  2.8230E-02 -2.3126E-03
  1.1896E+03  2.8220E-02 -2.3140E-03
  1.1907E+03  2.8210E-02 -2.3153E-03
  1.1917E+03  2.8200E-02 -2.3166E-03
  1.1927E+03  2.8189E-02 -2.3179E-03
  1.1938E+03  2.8179E-02 -2.3193E-03
  1.1948E+03  2.8169E-02 -2.3206E-03
  1.1958E+03  2.8159E-02 -2.3219E-03
  1.1969E+03  2.8149E-02 -2.3232E-03
  1.1979E+03  2.8139E-02 -2.3246E-03
  1.1989E+03  2.8129E-02 -2.3259E-03
  1.1999E+03  2.8118E-02 -2.3272E-03
  1.2010E+03  2.8108E-02 -2.3285E-03
  1.2020E+03  2.8098E-02 -2.3299E-03
  1.2030E+03  2.8088E-02 -2.3312E-03
  1.2041E+03  2.8077E-02 -2.3325E-03
  1.2051E+03  2.8067E-02 -2.3338E-03
  1.2061E+03  2.8056E-02 -2.3352E-03
  1.2072E+03  2.8046E-02 -2.3365E-03
  1.2082E+03  2.8035E-02 -2.3378E-03
  1.2092E+03  2.8025E-02 -2.3391E-03
  1.2102E+03  2.8014E-02 -2.3404E-03
  1.2113E+03  2.8004E-02 -2.3417E-03
  1.2123E+03  2.7993E-02 -2.3431E-03
  1.2133E+03  2.7982E-02 -2.3444E-03
  1.2144E+03  2.7972E-02 -2.3457E-03
  1.2154E+03  2.7961E-02 -2.3470E-03
  1.2164E+03  2.7950E-02 -2.3483E-03
  1.2175E+03  2.7940E-02 -2.3496E-03
  1.2185E+03  2.7929E-02 -2.3509E-03
  1.2195E+03  2.7918E-02 -2.3523E-03
  1.2205E+03  2.7908E-02 -2.3536E-03
  1.2216E+03  2.7897E-02 -2.3549E-03
  1.2226E+03  2.7886E-02 -2.3562E-03
  1.2236E+03  2.7876E-02 -2.3575E-03
  1.2247E+03  2.7865E-02 -2.3588E-03
  1.2257E+03  2.7855E-02 -2.3601E-03
  1.2267E+03  2.7844E-02 -2.3614E-03
  1.2278E+03  2.7834E-02 -2.3627E-03
  1.2288E+03  2.7823E-02 -2.3640E-03
  1.2298E+03  2.7813E-02 -2.3653E-03
  1.2308E+03  2.7802E-02 -2.3666E-03
  1.2319E+03  2.7792E-02 -2.3679E-03
  1.2329E+03  2.7781E-02 -2.3692E-03
  1.2339E+03  2.7771E-02 -2.3705E-03
  1.2350E+03  2.7760E-02 -2.3718E-03
  1.2360E+03  2.7750E-02 -2.3732E-03
  1.2370E+03  2.7740E-02 -2.3745E-03
  1.2381E+03  2.7729E-02 -2.3758E-03
  1.2391E+03  2.7719E-02 -2.3770E-03
  1.2401E+03  2.7709E-02 -2.3783E-03
  1.2411E+03  2.7699E-02 -2.3796E-03
  1.2422E+03  2.7689E-02 -2.3809E-03
  1.2432E+03  2.7678E-02 -2.3822E-03
  1.2442E+03  2.7668E-02 -2.3835E-03
  1.2453E+03  2.7658E-02 -2.3848E-03
  1.2463E+03  2.7648E-02 -2.3861E-03
  1.2473E+03  2.7638E-02 -2.3874E-03
  1.2484E+03  2.7628E-02 -2.3887E-03
  1.2494E+03  2.7619E-02 -2.3900E-03
  1.2504E+03  2.7609E-02 -2.3913E-03
  1.2514E+03  2.7599E-02 -2.3926E-03
  1.2525E+03  2.7589E-02 -2.3939E-03
  1.2535E+03  2.7580E-02 -2.3952E-03
  1.2545E+03  2.7570E-02 -2.3965E-03
  1.2556E+03  2.7560E-02 -2.3977E-03
  1.2566E+03  2.7551E-02 -2.3990E-03
  1.2576E+03  2.7541E-02 -2.4003E-03
  1.2587E+03  2.7532E-02 -2.4016E-03
  1.2597E+03  2.7522E-02 -2.4029E-03
  1.2607E+03  2.7513E-02 -2.4042E-03
  1.2617E+03  2.7504E-02 -2.4055E-03
  1.2628E+03  2.7494E-02 -2.4067E-03
  1.2638E+03  2.7485E-02 -2.4080E-03
  1.2648E+03  2.7476E-02 -2.4093E-03
  1.2659E+03  2.7466E-02 -2.4106E-03
  1.2669E+03  2.7457E-02 -2.4119E-03
  1.2679E+03  2.7447E-02 -2.4131E-03
  1.2690E+03  2.7438E-02 -2.4144E-03
  1.2700E+03  2.7429E-02 -2.4157E-03
  1.2710E+03  2.7419E-02 -2.4170E-03
  1.2720E+03  2.7410E-02 -2.4183E-03
  1.2731E+03  2.7400E-02 -2.4195E-03
  1.2741E+03  2.7391E-02 -2.4208E-03
  1.2751E+03  2.7381E-02 -2.4221E-03
  1.2762E+03  2.7371E-02 -2.4234E-03
  1.2772E+03  2.7361E-02 -2.4246E-03
  1.2782E+03  2.7352E-02 -2.4259E-03
  1.2793E+03  2.7342E-02 -2.4272E-03
  1.2803E+03  2.7332E-02 -2.4284E-03
  1.2813E+03  2.7322E-02 -2.4297E-03
  1.2823E+03  2.7312E-02 -2.4310E-03
  1.2834E+03  2.7302E-02 -2.4323E-03
  1.2844E+03  2.7292E-02 -2.4335E-03
  1.2854E+03  2.7282E-02 -2.4348E-03
  1.2865E+03  2.7272E-02 -2.4361E-03
  1.2875E+03  2.7262E-02 -2.4373E-03
  1.2885E+03  2.7252E-02 -2.4386E-03
  1.2896E+03  2.7241E-02 -2.4399E-03
  1.2906E+03  2.7231E-02 -2.4411E-03
  1.2916E+03  2.7221E-02 -2.4424E-03
  1.2926E+03  2.7211E-02 -2.4437E-03
  1.2937E+03  2.7201E-02 -2.4449E-03
  1.2947E+03  2.7191E-02 -2.4462E-03
  1.2957E+03  2.7180E-02 -2.4475E-03
  1.2968E+03  2.7170E-02 -2.4487E-03
  1.2978E+03  2.7160E-02 -2.4500E-03
  1.2988E+03  2.7150E-02 -2.4512E-03
  1.2999E+03  2.7140E-02 -2.4525E-03
  1.3009E+03  2.7130E-02 -2.4538E-03
  1.3019E+03  2.7120E-02 -2.4550E-03
  1.3029E+03  2.7110E-02 -2.4563E-03
  1.3040E+03  2.7100E-02 -2.4575E-03
  1.3050E+03  2.7090E-02 -2.4588E-03
  1.3060E+03  2.7080E-02 -2.4601E-03
  1.3071E+03  2.7070E-02 -2.4613E-03
  1.3081E+03  2.7060E-02 -2.4626E-03
  1.3091E+03  2.7050E-02 -2.4638E-03
  1.3102E+03  2.7041E-02 -2.4651E-03
  1.3112E+03  2.7031E-02 -2.4663E-03
  1.3122E+03  2.7021E-02 -2.4676E-03
  1.3132E+03  2.7011E-02 -2.4688E-03
  1.3143E+03  2.7002E-02 -2.4701E-03
  1.3153E+03  2.6992E-02 -2.4713E-03
  1.3163E+03  2.6982E-02 -2.4726E-03
  1.3174E+03  2.6973E-02 -2.4738E-03
  1.3184E+03  2.6963E-02 -2.4751E-03
  1.3194E+03  2.6954E-02 -2.4763E-03
  1.3205E+03  2.6944E-02 -2.4776E-03
  1.3215E+03  2.6934E-02 -2.4788E-03
  1.3225E+03  2.6925E-02 -2.4801E-03
  1.3235E+03  2.6915E-02 -2.4813E-03
  1.3246E+03  2.6906E-02 -2.4825E-03
  1.3256E+03  2.6896E-02 -2.4838E-03
  1.3266E+03  2.6887E-02 -2.4850E-03
  1.3277E+03  2.6877E-02 -2.4863E-03
  1.3287E+03  2.6868E-02 -2.4875E-03
  1.3297E+03  2.6858E-02 -2.4887E-03
  1.3308E+03  2.6848E-02 -2.4900E-03
  1.3318E+03  2.6839E-02 -2.4912E-03
  1.3328E+03  2.6829E-02 -2.4925E-03
  1.3338E+03  2.6820E-02 -2.4937E-03
  1.3349E+03  2.6810E-02 -2.4949E-03
  1.3359E+03  2.6801E-02 -2.4962E-03
  1.3369E+03  2.6791E-02 -2.4974E-03
  1.3380E+03  2.6782E-02 -2.4986E-03
  1.3390E+03  2.6772E-02 -2.4999E-03
  1.3400E+03  2.6763E-02 -2.5011E-03
  1.3411E+03  2.6753E-02 -2.5024E-03
  1.3421E+03  2.6744E-02 -2.5036E-03
  1.3431E+03  2.6734E-02 -2.5048E-03
  1.3441E+03  2.6725E-02 -2.5061E-03
  1.3452E+03  2.6716E-02 -2.5073E-03
  1.3462E+03  2.6706E-02 -2.5085E-03
  1.3472E+03  2.6697E-02 -2.5097E-03
  1.3483E+03  2.6687E-02 -2.5110E-03
  1.3493E+03  2.6678E-02 -2.5122E-03
  1.3503E+03  2.6668E-02 -2.5134E-03
  1.3514E+03  2.6659E-02 -2.5147E-03
  1.3524E+03  2.6649E-02 -2.5159E-03
  1.3534E+03  2.6640E-02 -2.5171E-03
  1.3544E+03  2.6630E-02 -2.5183E-03
  1.3555E+03  2.6621E-02 -2.5196E-03
  1.3565E+03  2.6611E-02 -2.5208E-03
  1.3575E+03  2.6602E-02 -2.5220E-03
  1.3586E+03  2.6593E-02 -2.5232E-03
  1.3596E+03  2.6583E-02 -2.5245E-03
  1.3606E+03  2.6574E-02 -2.5257E-03
  1.3617E+03  2.6565E-02 -2.5269E-03
  1.3627E+03  2.6555E-02 -2.5281E-03
  1.3637E+03  2.6546E-02 -2.5293E-03
  1.3648E+03  2.6537E-02 -2.5306E-03
  1.3658E+03  2.6527E-02 -2.5318E-03
  1.3668E+03  2.6518E-02 -2.5330E-03
  1.3678E+03  2.6509E-02 -2.5342E-03
  1.3689E+03  2.6499E-02 -2.5354E-03
  1.3699E+03  2.6490E-02 -2.5367E-03
  1.3709E+03  2.6481E-02 -2.5379E-03
  1.3720E+03  2.6472E-02 -2.5391E-03
  1.3730E+03  2.6462E-02 -2.5403E-03
  1.3740E+03  2.6453E-02 -2.5415E-03
  1.3751E+03  2.6444E-02 -2.5427E-03
  1.3761E+03  2.6435E-02 -2.5439E-03
  1.3771E+03  2.6426E-02 -2.5452E-03
  1.3781E+03  2.6416E-02 -2.5464E-03
  1.3792E+03  2.6407E-02 -2.5476E-03
  1.3802E+03  2.6398E-02 -2.5488E-03
  1.3812E+03  2.6389E-02 -2.5500E-03
  1.3823E+03  2.6380E-02 -2.5512E-03
  1.3833E+03  2.6371E-02 -2.5524E-03
  1.3843E+03  2.6362E-02 -2.5536E-03
  1.3854E+03  2.6352E-02 -2.5548E-03
  1.3864E+03  2.6343E-02 -2.5560E-03
  1.3874E+03  2.6334E-02 -2.5573E-03
  1.3884E+03  2.6325E-02 -2.5585E-03
  1.3895E+03  2.6316E-02 -2.5597E-03
  1.3905E+03  2.6307E-02 -2.5609E-03
  1.3915E+03  2.6298E-02 -2.5621E-03
  1.3926E+03  2.6288E-02 -2.5633E-03
  1.3936E+03  2.6279E-02 -2.5645E-03
  1.3946E+03  2.6270E-02 -2.5657E-03
  1.3957E+03  2.6261E-02 -2.5669E-03
  1.3967E+03  2.6252E-02 -2.5681E-03
  1.3977E+03  2.6243E-02 -2.5693E-03
  1.3987E+03  2.6234E-02 -2.5705E-03
  1.3998E+03  2.6225E-02 -2.5717E-03
  1.4008E+03  2.6216E-02 -2.5729E-03
  1.4018E+03  2.6207E-02 -2.5741E-03
  1.4029E+03  2.6197E-02 -2.5753E-03
  1.4039E+03  2.6188E-02 -2.5765E-03
  1.4049E+03  2.6179E-02 -2.5777E-03
  1.4060E+03  2.6170E-02 -2.5789E-03
  1.4070E+03  2.6161E-02 -2.5801E-03
  1.4080E+03  2.6152E-02 -2.5813E-03
  1.4090E+03  2.6143E-02 -2.5825E-03
  1.4101E+03  2.6134E-02 -2.5836E-03
  1.4111E+03  2.6125E-02 -2.5848E-03
  1.4121E+03  2.6116E-02 -2.5860E-03
  1.4132E+03  2.6107E-02 -2.5872E-03
  1.4142E+03  2.6098E-02 -2.5884E-03
  1.4152E+03  2.6089E-02 -2.5896E-03
  1.4163E+03  2.6080E-02 -2.5908E-03
  1.4173E+03  2.6071E-02 -2.5920E-03
  1.4183E+03  2.6063E-02 -2.5932E-03
  1.4193E+03  2.6054E-02 -2.5944E-03
  1.4204E+03  2.6045E-02 -2.5956E-03
  1.4214E+03  2.6036E-02 -2.5967E-03
  1.4224E+03  2.6027E-02 -2.5979E-03
  1.4235E+03  2.6018E-02 -2.5991E-03
  1.4245E+03  2.6009E-02 -2.6003E-03
  1.4255E+03  2.6000E-02 -2.6015E-03
  1.4266E+03  2.5991E-02 -2.6027E-03
  1.4276E+03  2.5982E-02 -2.6039E-03
  1.4286E+03  2.5974E-02 -2.6050E-03
  1.4296E+03  2.5965E-02 -2.6062E-03
  1.4307E+03  2.5956E-02 -2.6074E-03
  1.4317E+03  2.5947E-02 -2.6086E-03
  1.4327E+03  2.5938E-02 -2.6098E-03
  1.4338E+03  2.5929E-02 -2.6109E-03
  1.4348E+03  2.5920E-02 -2.6121E-03
  1.4358E+03  2.5912E-02 -2.6133E-03
  1.4369E+03  2.5903E-02 -2.6145E-03
  1.4379E+03  2.5894E-02 -2.6157E-03
  1.4389E+03  2.5885E-02 -2.6168E-03
  1.4399E+03  2.5876E-02 -2.6180E-03
  1.4410E+03  2.5868E-02 -2.6192E-03
  1.4420E+03  2.5859E-02 -2.6204E-03
  1.4430E+03  2.5850E-02 -2.6215E-03
  1.4441E+03  2.5841E-02 -2.6227E-03
  1.4451E+03  2.5832E-02 -2.6239E-03
  1.4461E+03  2.5824E-02 -2.6251E-03
  1.4472E+03  2.5815E-02 -2.6262E-03
  1.4482E+03  2.5806E-02 -2.6274E-03
  1.4492E+03  2.5797E-02 -2.6286E-03
  1.4502E+03  2.5789E-02 -2.6297E-03
  1.4513E+03  2.5780E-02 -2.6309E-03
  1.4523E+03  2.5771E-02 -2.6321E-03
  1.4533E+03  2.5763E-02 -2.6333E-03
  1.4544E+03  2.5754E-02 -2.6344E-03
  1.4554E+03  2.5745E-02 -2.6356E-03
  1.4564E+03  2.5737E-02 -2.6368E-03
  1.4575E+03  2.5728E-02 -2.6379E-03
  1.4585E+03  2.5720E-02 -2.6391E-03
  1.4595E+03  2.5711E-02 -2.6403E-03
  1.4605E+03  2.5703E-02 -2.6414E-03
  1.4616E+03  2.5694E-02 -2.6426E-03
  1.4626E+03  2.5686E-02 -2.6438E-03
  1.4636E+03  2.5677E-02 -2.6449E-03
  1.4647E+03  2.5669E-02 -2.6461E-03
  1.4657E+03  2.5660E-02 -2.6472E-03
  1.4667E+03  2.5652E-02 -2.6484E-03
  1.4678E+03  2.5643E-02 -2.6496E-03
  1.4688E+03  2.5635E-02 -2.6507E-03
  1.4698E+03  2.5626E-02 -2.6519E-03
  1.4708E+03  2.5618E-02 -2.6530E-03
  1.4719E+03  2.5609E-02 -2.6542E-03
  1.4729E+03  2.5601E-02 -2.6554E-03
  1.4739E+03  2.5592E-02 -2.6565E-03
  1.4750E+03  2.5584E-02 -2.6577E-03
  1.4760E+03  2.5575E-02 -2.6588E-03
  1.4770E+03  2.5567E-02 -2.6600E-03
  1.4781E+03  2.5559E-02 -2.6611E-03
  1.4791E+03  2.5550E-02 -2.6623E-03
  1.4801E+03  2.5542E-02 -2.6635E-03
  1.4811E+03  2.5533E-02 -2.6646E-03
  1.4822E+03  2.5525E-02 -2.6658E-03
  1.4832E+03  2.5516E-02 -2.6669E-03
  1.4842E+03  2.5508E-02 -2.6681E-03
  1.4853E+03  2.5499E-02 -2.6692E-03
  1.4863E+03  2.5491E-02 -2.6704E-03
  1.4873E+03  2.5482E-02 -2.6715E-03
  1.4884E+03  2.5474E-02 -2.6727E-03
  1.4894E+03  2.5465E-02 -2.6738E-03
  1.4904E+03  2.5457E-02 -2.6750E-03
  1.4914E+03  2.5449E-02 -2.6761E-03
  1.4925E+03  2.5440E-02 -2.6773E-03
  1.4935E+03  2.5432E-02 -2.6784E-03
  1.4945E+03  2.5423E-02 -2.6796E-03
  1.4956E+03  2.5415E-02 -2.6807E-03
  1.4966E+03  2.5407E-02 -2.6819E-03
  1.4976E+03  2.5399E-02 -2.6830E-03
  1.4987E+03  2.5390E-02 -2.6842E-03
  1.4997E+03  2.5382E-02 -2.6853E-03
  1.5000E+03  2.5380E-02 -2.6857E-03
