# CREATED BY GENE DIAGNOSTICS TOOL on Wed Dec 16 17:25:03 2020
# diag: timetrace, run(s): 0028, time window: 0-3000(1458 steps), species: ions
# original data path: /marconi_scratch/userexternal/cmoreno0/GAM_HP_scan/scanfiles0000/
# normalization: L_ref=1.65m
#
#  t          Re[phi]     Im[phi]   
  0.0000E+00  9.9997E-01  0.0000E+00
  2.0600E+00  9.2826E-01 -5.0513E-04
  4.1200E+00  8.2520E-01 -9.4212E-04
  6.1800E+00  7.6832E-01 -1.3441E-03
  8.2400E+00  7.3351E-01 -1.7437E-03
  1.0300E+01  6.9680E-01 -2.0714E-03
  1.2360E+01  6.6055E-01 -2.3010E-03
  1.4420E+01  6.3131E-01 -2.4652E-03
  1.6480E+01  6.1009E-01 -2.5948E-03
  1.8540E+01  5.9577E-01 -2.7158E-03
  2.0600E+01  5.8763E-01 -2.8600E-03
  2.2660E+01  5.8510E-01 -3.0493E-03
  2.4720E+01  5.8718E-01 -3.2914E-03
  2.6780E+01  5.9248E-01 -3.5804E-03
  2.8840E+01  5.9941E-01 -3.8992E-03
  3.0900E+01  6.0658E-01 -4.2287E-03
  3.2960E+01  6.1298E-01 -4.5541E-03
  3.5020E+01  6.1773E-01 -4.8596E-03
  3.7080E+01  6.2057E-01 -5.1410E-03
  3.9140E+01  6.2202E-01 -5.4111E-03
  4.1200E+01  6.2075E-01 -5.6397E-03
  4.3260E+01  6.1890E-01 -5.8670E-03
  4.5320E+01  6.1614E-01 -6.0748E-03
  4.7380E+01  6.1240E-01 -6.2761E-03
  4.9440E+01  6.0857E-01 -6.4796E-03
  5.1500E+01  6.0494E-01 -6.6857E-03
  5.3560E+01  6.0155E-01 -6.8962E-03
  5.5620E+01  5.9853E-01 -7.1176E-03
  5.7680E+01  5.9593E-01 -7.3439E-03
  5.9740E+01  5.9370E-01 -7.5861E-03
  6.1800E+01  5.9186E-01 -7.8353E-03
  6.3860E+01  5.9034E-01 -8.0845E-03
  6.5920E+01  5.8892E-01 -8.3504E-03
  6.7980E+01  5.8772E-01 -8.6020E-03
  7.0040E+01  5.8677E-01 -8.8453E-03
  7.2100E+01  5.8588E-01 -9.1027E-03
  7.4160E+01  5.8502E-01 -9.3488E-03
  7.6220E+01  5.8422E-01 -9.5709E-03
  7.8280E+01  5.8331E-01 -9.8199E-03
  8.0340E+01  5.8201E-01 -1.0087E-02
  8.2400E+01  5.8076E-01 -1.0329E-02
  8.4460E+01  5.7987E-01 -1.0550E-02
  8.6520E+01  5.7924E-01 -1.0783E-02
  8.8580E+01  5.7860E-01 -1.1023E-02
  9.0640E+01  5.7782E-01 -1.1260E-02
  9.2700E+01  5.7704E-01 -1.1494E-02
  9.4760E+01  5.7629E-01 -1.1727E-02
  9.6820E+01  5.7553E-01 -1.1958E-02
  9.8880E+01  5.7476E-01 -1.2189E-02
  1.0094E+02  5.7398E-01 -1.2421E-02
  1.0300E+02  5.7318E-01 -1.2653E-02
  1.0506E+02  5.7234E-01 -1.2884E-02
  1.0712E+02  5.7148E-01 -1.3114E-02
  1.0918E+02  5.7059E-01 -1.3342E-02
  1.1124E+02  5.6968E-01 -1.3567E-02
  1.1330E+02  5.6875E-01 -1.3791E-02
  1.1536E+02  5.6780E-01 -1.4015E-02
  1.1742E+02  5.6685E-01 -1.4238E-02
  1.1948E+02  5.6589E-01 -1.4461E-02
  1.2154E+02  5.6491E-01 -1.4683E-02
  1.2360E+02  5.6392E-01 -1.4904E-02
  1.2566E+02  5.6292E-01 -1.5125E-02
  1.2772E+02  5.6193E-01 -1.5345E-02
  1.2978E+02  5.6095E-01 -1.5565E-02
  1.3184E+02  5.5998E-01 -1.5784E-02
  1.3390E+02  5.5899E-01 -1.6002E-02
  1.3596E+02  5.5800E-01 -1.6220E-02
  1.3802E+02  5.5704E-01 -1.6439E-02
  1.4008E+02  5.5613E-01 -1.6658E-02
  1.4214E+02  5.5528E-01 -1.6877E-02
  1.4420E+02  5.5447E-01 -1.7096E-02
  1.4626E+02  5.5365E-01 -1.7315E-02
  1.4832E+02  5.5281E-01 -1.7535E-02
  1.5038E+02  5.5195E-01 -1.7755E-02
  1.5244E+02  5.5110E-01 -1.7975E-02
  1.5450E+02  5.5028E-01 -1.8195E-02
  1.5656E+02  5.4949E-01 -1.8415E-02
  1.5862E+02  5.4872E-01 -1.8635E-02
  1.6068E+02  5.4796E-01 -1.8854E-02
  1.6274E+02  5.4720E-01 -1.9073E-02
  1.6480E+02  5.4646E-01 -1.9292E-02
  1.6686E+02  5.4575E-01 -1.9511E-02
  1.6892E+02  5.4506E-01 -1.9730E-02
  1.7098E+02  5.4436E-01 -1.9949E-02
  1.7304E+02  5.4365E-01 -2.0167E-02
  1.7510E+02  5.4293E-01 -2.0385E-02
  1.7716E+02  5.4221E-01 -2.0602E-02
  1.7922E+02  5.4152E-01 -2.0819E-02
  1.8128E+02  5.4086E-01 -2.1036E-02
  1.8334E+02  5.4020E-01 -2.1252E-02
  1.8540E+02  5.3954E-01 -2.1468E-02
  1.8746E+02  5.3886E-01 -2.1683E-02
  1.8952E+02  5.3814E-01 -2.1898E-02
  1.9158E+02  5.3742E-01 -2.2113E-02
  1.9364E+02  5.3669E-01 -2.2327E-02
  1.9570E+02  5.3600E-01 -2.2541E-02
  1.9776E+02  5.3534E-01 -2.2754E-02
  1.9982E+02  5.3472E-01 -2.2967E-02
  2.0188E+02  5.3413E-01 -2.3180E-02
  2.0394E+02  5.3355E-01 -2.3393E-02
  2.0600E+02  5.3297E-01 -2.3605E-02
  2.0806E+02  5.3238E-01 -2.3816E-02
  2.1012E+02  5.3176E-01 -2.4028E-02
  2.1218E+02  5.3112E-01 -2.4239E-02
  2.1424E+02  5.3045E-01 -2.4450E-02
  2.1630E+02  5.2978E-01 -2.4660E-02
  2.1836E+02  5.2912E-01 -2.4870E-02
  2.2042E+02  5.2848E-01 -2.5080E-02
  2.2248E+02  5.2787E-01 -2.5290E-02
  2.2454E+02  5.2728E-01 -2.5499E-02
  2.2660E+02  5.2673E-01 -2.5709E-02
  2.2866E+02  5.2619E-01 -2.5918E-02
  2.3072E+02  5.2565E-01 -2.6126E-02
  2.3278E+02  5.2510E-01 -2.6335E-02
  2.3484E+02  5.2454E-01 -2.6543E-02
  2.3690E+02  5.2396E-01 -2.6751E-02
  2.3896E+02  5.2338E-01 -2.6959E-02
  2.4102E+02  5.2280E-01 -2.7166E-02
  2.4308E+02  5.2223E-01 -2.7373E-02
  2.4514E+02  5.2167E-01 -2.7580E-02
  2.4720E+02  5.2113E-01 -2.7787E-02
  2.4926E+02  5.2060E-01 -2.7993E-02
  2.5132E+02  5.2008E-01 -2.8199E-02
  2.5338E+02  5.1956E-01 -2.8405E-02
  2.5544E+02  5.1903E-01 -2.8610E-02
  2.5750E+02  5.1848E-01 -2.8816E-02
  2.5956E+02  5.1793E-01 -2.9021E-02
  2.6162E+02  5.1738E-01 -2.9225E-02
  2.6368E+02  5.1684E-01 -2.9430E-02
  2.6574E+02  5.1633E-01 -2.9633E-02
  2.6780E+02  5.1585E-01 -2.9837E-02
  2.6986E+02  5.1539E-01 -3.0040E-02
  2.7192E+02  5.1495E-01 -3.0243E-02
  2.7398E+02  5.1452E-01 -3.0446E-02
  2.7604E+02  5.1407E-01 -3.0648E-02
  2.7810E+02  5.1358E-01 -3.0851E-02
  2.8016E+02  5.1303E-01 -3.1053E-02
  2.8222E+02  5.1241E-01 -3.1255E-02
  2.8428E+02  5.1176E-01 -3.1457E-02
  2.8634E+02  5.1109E-01 -3.1658E-02
  2.8840E+02  5.1046E-01 -3.1859E-02
  2.9046E+02  5.0987E-01 -3.2060E-02
  2.9252E+02  5.0936E-01 -3.2260E-02
  2.9458E+02  5.0894E-01 -3.2460E-02
  2.9664E+02  5.0861E-01 -3.2659E-02
  2.9870E+02  5.0834E-01 -3.2859E-02
  3.0076E+02  5.0809E-01 -3.3058E-02
  3.0282E+02  5.0781E-01 -3.3257E-02
  3.0488E+02  5.0745E-01 -3.3457E-02
  3.0694E+02  5.0697E-01 -3.3656E-02
  3.0900E+02  5.0639E-01 -3.3855E-02
  3.1106E+02  5.0571E-01 -3.4053E-02
  3.1312E+02  5.0496E-01 -3.4251E-02
  3.1518E+02  5.0419E-01 -3.4448E-02
  3.1724E+02  5.0344E-01 -3.4644E-02
  3.1930E+02  5.0278E-01 -3.4840E-02
  3.2136E+02  5.0223E-01 -3.5036E-02
  3.2342E+02  5.0183E-01 -3.5231E-02
  3.2548E+02  5.0155E-01 -3.5427E-02
  3.2754E+02  5.0135E-01 -3.5623E-02
  3.2960E+02  5.0117E-01 -3.5819E-02
  3.3166E+02  5.0096E-01 -3.6015E-02
  3.3372E+02  5.0066E-01 -3.6212E-02
  3.3578E+02  5.0026E-01 -3.6409E-02
  3.3784E+02  4.9976E-01 -3.6606E-02
  3.3990E+02  4.9917E-01 -3.6801E-02
  3.4196E+02  4.9854E-01 -3.6997E-02
  3.4402E+02  4.9789E-01 -3.7191E-02
  3.4608E+02  4.9728E-01 -3.7384E-02
  3.4814E+02  4.9674E-01 -3.7576E-02
  3.5020E+02  4.9629E-01 -3.7768E-02
  3.5226E+02  4.9595E-01 -3.7959E-02
  3.5432E+02  4.9568E-01 -3.8151E-02
  3.5638E+02  4.9545E-01 -3.8342E-02
  3.5844E+02  4.9520E-01 -3.8534E-02
  3.6050E+02  4.9489E-01 -3.8727E-02
  3.6256E+02  4.9450E-01 -3.8920E-02
  3.6462E+02  4.9400E-01 -3.9114E-02
  3.6668E+02  4.9342E-01 -3.9307E-02
  3.6874E+02  4.9278E-01 -3.9501E-02
  3.7080E+02  4.9211E-01 -3.9693E-02
  3.7286E+02  4.9145E-01 -3.9885E-02
  3.7492E+02  4.9085E-01 -4.0077E-02
  3.7698E+02  4.9033E-01 -4.0267E-02
  3.7904E+02  4.8991E-01 -4.0457E-02
  3.8110E+02  4.8960E-01 -4.0646E-02
  3.8316E+02  4.8937E-01 -4.0835E-02
  3.8522E+02  4.8921E-01 -4.1024E-02
  3.8728E+02  4.8907E-01 -4.1214E-02
  3.8934E+02  4.8892E-01 -4.1403E-02
  3.9140E+02  4.8871E-01 -4.1592E-02
  3.9346E+02  4.8842E-01 -4.1782E-02
  3.9552E+02  4.8803E-01 -4.1972E-02
  3.9758E+02  4.8754E-01 -4.2161E-02
  3.9964E+02  4.8695E-01 -4.2350E-02
  4.0170E+02  4.8630E-01 -4.2539E-02
  4.0376E+02  4.8562E-01 -4.2727E-02
  4.0582E+02  4.8493E-01 -4.2915E-02
  4.0788E+02  4.8428E-01 -4.3102E-02
  4.0994E+02  4.8370E-01 -4.3289E-02
  4.1200E+02  4.8319E-01 -4.3476E-02
  4.1406E+02  4.8277E-01 -4.3662E-02
  4.1612E+02  4.8242E-01 -4.3849E-02
  4.1818E+02  4.8214E-01 -4.4036E-02
  4.2024E+02  4.8190E-01 -4.4222E-02
  4.2230E+02  4.8168E-01 -4.4409E-02
  4.2436E+02  4.8146E-01 -4.4596E-02
  4.2642E+02  4.8122E-01 -4.4782E-02
  4.2848E+02  4.8093E-01 -4.4969E-02
  4.3054E+02  4.8061E-01 -4.5155E-02
  4.3260E+02  4.8025E-01 -4.5341E-02
  4.3466E+02  4.7985E-01 -4.5526E-02
  4.3672E+02  4.7941E-01 -4.5711E-02
  4.3878E+02  4.7894E-01 -4.5896E-02
  4.4084E+02  4.7846E-01 -4.6080E-02
  4.4290E+02  4.7798E-01 -4.6264E-02
  4.4496E+02  4.7750E-01 -4.6448E-02
  4.4702E+02  4.7703E-01 -4.6632E-02
  4.4908E+02  4.7657E-01 -4.6816E-02
  4.5114E+02  4.7614E-01 -4.7000E-02
  4.5320E+02  4.7572E-01 -4.7183E-02
  4.5526E+02  4.7533E-01 -4.7367E-02
  4.5732E+02  4.7497E-01 -4.7550E-02
  4.5938E+02  4.7463E-01 -4.7733E-02
  4.6144E+02  4.7432E-01 -4.7917E-02
  4.6350E+02  4.7401E-01 -4.8099E-02
  4.6556E+02  4.7371E-01 -4.8282E-02
  4.6762E+02  4.7341E-01 -4.8465E-02
  4.6968E+02  4.7311E-01 -4.8647E-02
  4.7174E+02  4.7279E-01 -4.8829E-02
  4.7380E+02  4.7246E-01 -4.9011E-02
  4.7586E+02  4.7210E-01 -4.9192E-02
  4.7792E+02  4.7172E-01 -4.9374E-02
  4.7998E+02  4.7133E-01 -4.9555E-02
  4.8204E+02  4.7093E-01 -4.9736E-02
  4.8410E+02  4.7053E-01 -4.9917E-02
  4.8616E+02  4.7014E-01 -5.0098E-02
  4.8822E+02  4.6975E-01 -5.0279E-02
  4.9028E+02  4.6936E-01 -5.0459E-02
  4.9234E+02  4.6897E-01 -5.0639E-02
  4.9440E+02  4.6860E-01 -5.0820E-02
  4.9646E+02  4.6824E-01 -5.1000E-02
  4.9852E+02  4.6790E-01 -5.1180E-02
  5.0058E+02  4.6756E-01 -5.1359E-02
  5.0264E+02  4.6723E-01 -5.1539E-02
  5.0470E+02  4.6689E-01 -5.1718E-02
  5.0676E+02  4.6656E-01 -5.1897E-02
  5.0882E+02  4.6622E-01 -5.2076E-02
  5.1088E+02  4.6589E-01 -5.2255E-02
  5.1294E+02  4.6555E-01 -5.2434E-02
  5.1500E+02  4.6522E-01 -5.2612E-02
  5.1706E+02  4.6488E-01 -5.2790E-02
  5.1912E+02  4.6453E-01 -5.2968E-02
  5.2118E+02  4.6417E-01 -5.3146E-02
  5.2324E+02  4.6381E-01 -5.3324E-02
  5.2530E+02  4.6345E-01 -5.3501E-02
  5.2736E+02  4.6308E-01 -5.3679E-02
  5.2942E+02  4.6273E-01 -5.3856E-02
  5.3148E+02  4.6238E-01 -5.4033E-02
  5.3354E+02  4.6203E-01 -5.4210E-02
  5.3560E+02  4.6170E-01 -5.4387E-02
  5.3766E+02  4.6137E-01 -5.4563E-02
  5.3972E+02  4.6104E-01 -5.4740E-02
  5.4178E+02  4.6072E-01 -5.4916E-02
  5.4384E+02  4.6039E-01 -5.5092E-02
  5.4590E+02  4.6006E-01 -5.5268E-02
  5.4796E+02  4.5972E-01 -5.5444E-02
  5.5002E+02  4.5938E-01 -5.5620E-02
  5.5208E+02  4.5903E-01 -5.5795E-02
  5.5414E+02  4.5870E-01 -5.5970E-02
  5.5620E+02  4.5837E-01 -5.6145E-02
  5.5826E+02  4.5805E-01 -5.6320E-02
  5.6032E+02  4.5773E-01 -5.6495E-02
  5.6238E+02  4.5741E-01 -5.6669E-02
  5.6444E+02  4.5709E-01 -5.6844E-02
  5.6650E+02  4.5676E-01 -5.7018E-02
  5.6856E+02  4.5642E-01 -5.7192E-02
  5.7062E+02  4.5607E-01 -5.7366E-02
  5.7268E+02  4.5572E-01 -5.7540E-02
  5.7474E+02  4.5537E-01 -5.7714E-02
  5.7680E+02  4.5503E-01 -5.7887E-02
  5.7886E+02  4.5471E-01 -5.8060E-02
  5.8092E+02  4.5440E-01 -5.8233E-02
  5.8298E+02  4.5411E-01 -5.8406E-02
  5.8504E+02  4.5382E-01 -5.8579E-02
  5.8710E+02  4.5352E-01 -5.8752E-02
  5.8916E+02  4.5322E-01 -5.8924E-02
  5.9122E+02  4.5290E-01 -5.9097E-02
  5.9328E+02  4.5256E-01 -5.9269E-02
  5.9534E+02  4.5220E-01 -5.9441E-02
  5.9740E+02  4.5184E-01 -5.9613E-02
  5.9946E+02  4.5147E-01 -5.9785E-02
  6.0152E+02  4.5112E-01 -5.9956E-02
  6.0358E+02  4.5079E-01 -6.0128E-02
  6.0564E+02  4.5048E-01 -6.0299E-02
  6.0770E+02  4.5019E-01 -6.0470E-02
  6.0976E+02  4.4991E-01 -6.0640E-02
  6.1182E+02  4.4964E-01 -6.0811E-02
  6.1388E+02  4.4936E-01 -6.0982E-02
  6.1594E+02  4.4907E-01 -6.1152E-02
  6.1800E+02  4.4875E-01 -6.1323E-02
  6.2006E+02  4.4841E-01 -6.1493E-02
  6.2212E+02  4.4805E-01 -6.1663E-02
  6.2418E+02  4.4768E-01 -6.1833E-02
  6.2624E+02  4.4732E-01 -6.2003E-02
  6.2830E+02  4.4697E-01 -6.2173E-02
  6.3036E+02  4.4665E-01 -6.2342E-02
  6.3242E+02  4.4636E-01 -6.2511E-02
  6.3448E+02  4.4609E-01 -6.2680E-02
  6.3654E+02  4.4582E-01 -6.2848E-02
  6.3860E+02  4.4555E-01 -6.3017E-02
  6.4066E+02  4.4527E-01 -6.3185E-02
  6.4272E+02  4.4496E-01 -6.3354E-02
  6.4478E+02  4.4462E-01 -6.3522E-02
  6.4684E+02  4.4426E-01 -6.3691E-02
  6.4890E+02  4.4389E-01 -6.3859E-02
  6.5096E+02  4.4351E-01 -6.4027E-02
  6.5302E+02  4.4316E-01 -6.4195E-02
  6.5508E+02  4.4284E-01 -6.4362E-02
  6.5714E+02  4.4256E-01 -6.4529E-02
  6.5920E+02  4.4232E-01 -6.4696E-02
  6.6126E+02  4.4210E-01 -6.4863E-02
  6.6332E+02  4.4189E-01 -6.5029E-02
  6.6538E+02  4.4168E-01 -6.5196E-02
  6.6744E+02  4.4144E-01 -6.5362E-02
  6.6950E+02  4.4116E-01 -6.5529E-02
  6.7156E+02  4.4083E-01 -6.5696E-02
  6.7362E+02  4.4045E-01 -6.5862E-02
  6.7568E+02  4.4003E-01 -6.6029E-02
  6.7774E+02  4.3960E-01 -6.6195E-02
  6.7980E+02  4.3916E-01 -6.6360E-02
  6.8186E+02  4.3875E-01 -6.6526E-02
  6.8392E+02  4.3839E-01 -6.6691E-02
  6.8598E+02  4.3810E-01 -6.6855E-02
  6.8804E+02  4.3786E-01 -6.7020E-02
  6.9010E+02  4.3768E-01 -6.7184E-02
  6.9216E+02  4.3753E-01 -6.7348E-02
  6.9422E+02  4.3739E-01 -6.7512E-02
  6.9628E+02  4.3724E-01 -6.7677E-02
  6.9834E+02  4.3705E-01 -6.7841E-02
  7.0040E+02  4.3681E-01 -6.8006E-02
  7.0246E+02  4.3651E-01 -6.8170E-02
  7.0452E+02  4.3616E-01 -6.8335E-02
  7.0658E+02  4.3577E-01 -6.8499E-02
  7.0864E+02  4.3535E-01 -6.8663E-02
  7.1070E+02  4.3493E-01 -6.8827E-02
  7.1276E+02  4.3452E-01 -6.8990E-02
  7.1482E+02  4.3415E-01 -6.9152E-02
  7.1688E+02  4.3382E-01 -6.9314E-02
  7.1894E+02  4.3353E-01 -6.9477E-02
  7.2100E+02  4.3328E-01 -6.9639E-02
  7.2306E+02  4.3305E-01 -6.9800E-02
  7.2512E+02  4.3285E-01 -6.9963E-02
  7.2718E+02  4.3265E-01 -7.0125E-02
  7.2924E+02  4.3243E-01 -7.0287E-02
  7.3130E+02  4.3220E-01 -7.0449E-02
  7.3336E+02  4.3195E-01 -7.0612E-02
  7.3542E+02  4.3167E-01 -7.0774E-02
  7.3748E+02  4.3137E-01 -7.0936E-02
  7.3954E+02  4.3106E-01 -7.1097E-02
  7.4160E+02  4.3075E-01 -7.1259E-02
  7.4366E+02  4.3044E-01 -7.1420E-02
  7.4572E+02  4.3013E-01 -7.1580E-02
  7.4778E+02  4.2984E-01 -7.1741E-02
  7.4984E+02  4.2956E-01 -7.1901E-02
  7.5190E+02  4.2929E-01 -7.2061E-02
  7.5396E+02  4.2902E-01 -7.2221E-02
  7.5602E+02  4.2875E-01 -7.2381E-02
  7.5808E+02  4.2847E-01 -7.2541E-02
  7.6014E+02  4.2818E-01 -7.2701E-02
  7.6220E+02  4.2788E-01 -7.2861E-02
  7.6426E+02  4.2758E-01 -7.3021E-02
  7.6632E+02  4.2727E-01 -7.3180E-02
  7.6838E+02  4.2696E-01 -7.3340E-02
  7.7044E+02  4.2666E-01 -7.3499E-02
  7.7250E+02  4.2638E-01 -7.3658E-02
  7.7456E+02  4.2611E-01 -7.3817E-02
  7.7662E+02  4.2585E-01 -7.3976E-02
  7.7868E+02  4.2560E-01 -7.4134E-02
  7.8074E+02  4.2536E-01 -7.4292E-02
  7.8280E+02  4.2513E-01 -7.4451E-02
  7.8486E+02  4.2489E-01 -7.4609E-02
  7.8692E+02  4.2464E-01 -7.4767E-02
  7.8898E+02  4.2439E-01 -7.4925E-02
  7.9104E+02  4.2412E-01 -7.5082E-02
  7.9310E+02  4.2384E-01 -7.5240E-02
  7.9516E+02  4.2354E-01 -7.5398E-02
  7.9722E+02  4.2324E-01 -7.5555E-02
  7.9928E+02  4.2294E-01 -7.5712E-02
  8.0134E+02  4.2263E-01 -7.5869E-02
  8.0340E+02  4.2232E-01 -7.6026E-02
  8.0546E+02  4.2201E-01 -7.6183E-02
  8.0752E+02  4.2171E-01 -7.6339E-02
  8.0958E+02  4.2142E-01 -7.6496E-02
  8.1164E+02  4.2114E-01 -7.6652E-02
  8.1370E+02  4.2087E-01 -7.6808E-02
  8.1576E+02  4.2061E-01 -7.6964E-02
  8.1782E+02  4.2036E-01 -7.7120E-02
  8.1988E+02  4.2012E-01 -7.7276E-02
  8.2194E+02  4.1988E-01 -7.7431E-02
  8.2400E+02  4.1964E-01 -7.7587E-02
  8.2606E+02  4.1939E-01 -7.7742E-02
  8.2812E+02  4.1914E-01 -7.7897E-02
  8.3018E+02  4.1887E-01 -7.8052E-02
  8.3224E+02  4.1859E-01 -7.8207E-02
  8.3430E+02  4.1831E-01 -7.8362E-02
  8.3636E+02  4.1802E-01 -7.8516E-02
  8.3842E+02  4.1773E-01 -7.8670E-02
  8.4048E+02  4.1744E-01 -7.8825E-02
  8.4254E+02  4.1715E-01 -7.8979E-02
  8.4460E+02  4.1687E-01 -7.9133E-02
  8.4666E+02  4.1659E-01 -7.9286E-02
  8.4872E+02  4.1632E-01 -7.9440E-02
  8.5078E+02  4.1605E-01 -7.9594E-02
  8.5284E+02  4.1578E-01 -7.9747E-02
  8.5490E+02  4.1551E-01 -7.9900E-02
  8.5696E+02  4.1524E-01 -8.0053E-02
  8.5902E+02  4.1497E-01 -8.0206E-02
  8.6108E+02  4.1471E-01 -8.0359E-02
  8.6314E+02  4.1444E-01 -8.0512E-02
  8.6520E+02  4.1419E-01 -8.0664E-02
  8.6726E+02  4.1393E-01 -8.0817E-02
  8.6932E+02  4.1368E-01 -8.0969E-02
  8.7138E+02  4.1342E-01 -8.1121E-02
  8.7344E+02  4.1317E-01 -8.1273E-02
  8.7550E+02  4.1291E-01 -8.1425E-02
  8.7756E+02  4.1264E-01 -8.1576E-02
  8.7962E+02  4.1236E-01 -8.1728E-02
  8.8168E+02  4.1208E-01 -8.1879E-02
  8.8374E+02  4.1180E-01 -8.2031E-02
  8.8580E+02  4.1151E-01 -8.2182E-02
  8.8786E+02  4.1123E-01 -8.2333E-02
  8.8992E+02  4.1096E-01 -8.2483E-02
  8.9198E+02  4.1069E-01 -8.2634E-02
  8.9404E+02  4.1044E-01 -8.2785E-02
  8.9610E+02  4.1018E-01 -8.2935E-02
  8.9816E+02  4.0994E-01 -8.3085E-02
  9.0022E+02  4.0968E-01 -8.3235E-02
  9.0228E+02  4.0943E-01 -8.3385E-02
  9.0434E+02  4.0917E-01 -8.3535E-02
  9.0640E+02  4.0890E-01 -8.3685E-02
  9.0846E+02  4.0863E-01 -8.3834E-02
  9.1052E+02  4.0836E-01 -8.3984E-02
  9.1258E+02  4.0808E-01 -8.4133E-02
  9.1464E+02  4.0782E-01 -8.4282E-02
  9.1670E+02  4.0756E-01 -8.4431E-02
  9.1876E+02  4.0731E-01 -8.4580E-02
  9.2082E+02  4.0706E-01 -8.4729E-02
  9.2288E+02  4.0681E-01 -8.4877E-02
  9.2494E+02  4.0656E-01 -8.5025E-02
  9.2700E+02  4.0631E-01 -8.5174E-02
  9.2906E+02  4.0605E-01 -8.5322E-02
  9.3112E+02  4.0577E-01 -8.5470E-02
  9.3318E+02  4.0550E-01 -8.5618E-02
  9.3524E+02  4.0522E-01 -8.5766E-02
  9.3730E+02  4.0494E-01 -8.5913E-02
  9.3936E+02  4.0467E-01 -8.6061E-02
  9.4142E+02  4.0442E-01 -8.6208E-02
  9.4348E+02  4.0417E-01 -8.6355E-02
  9.4554E+02  4.0393E-01 -8.6502E-02
  9.4760E+02  4.0370E-01 -8.6649E-02
  9.4966E+02  4.0347E-01 -8.6796E-02
  9.5172E+02  4.0323E-01 -8.6942E-02
  9.5378E+02  4.0298E-01 -8.7089E-02
  9.5584E+02  4.0272E-01 -8.7235E-02
  9.5790E+02  4.0245E-01 -8.7381E-02
  9.5996E+02  4.0218E-01 -8.7528E-02
  9.6202E+02  4.0190E-01 -8.7674E-02
  9.6408E+02  4.0162E-01 -8.7819E-02
  9.6614E+02  4.0136E-01 -8.7965E-02
  9.6820E+02  4.0110E-01 -8.8111E-02
  9.7026E+02  4.0085E-01 -8.8256E-02
  9.7232E+02  4.0062E-01 -8.8401E-02
  9.7438E+02  4.0039E-01 -8.8546E-02
  9.7644E+02  4.0016E-01 -8.8691E-02
  9.7850E+02  3.9992E-01 -8.8836E-02
  9.8056E+02  3.9968E-01 -8.8980E-02
  9.8262E+02  3.9943E-01 -8.9125E-02
  9.8468E+02  3.9917E-01 -8.9269E-02
  9.8674E+02  3.9890E-01 -8.9414E-02
  9.8880E+02  3.9863E-01 -8.9558E-02
  9.9086E+02  3.9836E-01 -8.9702E-02
  9.9292E+02  3.9810E-01 -8.9846E-02
  9.9498E+02  3.9785E-01 -8.9990E-02
  9.9704E+02  3.9761E-01 -9.0133E-02
  9.9910E+02  3.9738E-01 -9.0276E-02
  1.0012E+03  3.9715E-01 -9.0419E-02
  1.0032E+03  3.9692E-01 -9.0562E-02
  1.0053E+03  3.9669E-01 -9.0705E-02
  1.0073E+03  3.9645E-01 -9.0848E-02
  1.0094E+03  3.9620E-01 -9.0991E-02
  1.0115E+03  3.9594E-01 -9.1134E-02
  1.0135E+03  3.9567E-01 -9.1276E-02
  1.0156E+03  3.9540E-01 -9.1419E-02
  1.0176E+03  3.9513E-01 -9.1561E-02
  1.0197E+03  3.9487E-01 -9.1703E-02
  1.0218E+03  3.9462E-01 -9.1845E-02
  1.0238E+03  3.9439E-01 -9.1987E-02
  1.0259E+03  3.9416E-01 -9.2128E-02
  1.0279E+03  3.9394E-01 -9.2269E-02
  1.0300E+03  3.9372E-01 -9.2410E-02
  1.0321E+03  3.9350E-01 -9.2551E-02
  1.0341E+03  3.9327E-01 -9.2692E-02
  1.0362E+03  3.9303E-01 -9.2833E-02
  1.0382E+03  3.9278E-01 -9.2974E-02
  1.0403E+03  3.9252E-01 -9.3115E-02
  1.0424E+03  3.9225E-01 -9.3256E-02
  1.0444E+03  3.9198E-01 -9.3397E-02
  1.0465E+03  3.9171E-01 -9.3537E-02
  1.0485E+03  3.9144E-01 -9.3677E-02
  1.0506E+03  3.9118E-01 -9.3817E-02
  1.0527E+03  3.9094E-01 -9.3957E-02
  1.0547E+03  3.9071E-01 -9.4096E-02
  1.0568E+03  3.9049E-01 -9.4235E-02
  1.0588E+03  3.9027E-01 -9.4374E-02
  1.0609E+03  3.9006E-01 -9.4513E-02
  1.0630E+03  3.8985E-01 -9.4652E-02
  1.0650E+03  3.8963E-01 -9.4791E-02
  1.0671E+03  3.8940E-01 -9.4930E-02
  1.0691E+03  3.8916E-01 -9.5069E-02
  1.0712E+03  3.8890E-01 -9.5208E-02
  1.0733E+03  3.8863E-01 -9.5347E-02
  1.0753E+03  3.8836E-01 -9.5485E-02
  1.0774E+03  3.8808E-01 -9.5624E-02
  1.0794E+03  3.8781E-01 -9.5762E-02
  1.0815E+03  3.8755E-01 -9.5899E-02
  1.0836E+03  3.8730E-01 -9.6037E-02
  1.0856E+03  3.8706E-01 -9.6174E-02
  1.0877E+03  3.8684E-01 -9.6312E-02
  1.0897E+03  3.8662E-01 -9.6449E-02
  1.0918E+03  3.8641E-01 -9.6586E-02
  1.0939E+03  3.8619E-01 -9.6723E-02
  1.0959E+03  3.8597E-01 -9.6860E-02
  1.0980E+03  3.8575E-01 -9.6997E-02
  1.1000E+03  3.8552E-01 -9.7134E-02
  1.1021E+03  3.8528E-01 -9.7270E-02
  1.1042E+03  3.8503E-01 -9.7407E-02
  1.1062E+03  3.8477E-01 -9.7543E-02
  1.1083E+03  3.8451E-01 -9.7679E-02
  1.1103E+03  3.8425E-01 -9.7815E-02
  1.1124E+03  3.8400E-01 -9.7951E-02
  1.1145E+03  3.8374E-01 -9.8087E-02
  1.1165E+03  3.8349E-01 -9.8222E-02
  1.1186E+03  3.8325E-01 -9.8357E-02
  1.1206E+03  3.8301E-01 -9.8493E-02
  1.1227E+03  3.8278E-01 -9.8628E-02
  1.1248E+03  3.8254E-01 -9.8763E-02
  1.1268E+03  3.8232E-01 -9.8898E-02
  1.1289E+03  3.8209E-01 -9.9032E-02
  1.1309E+03  3.8186E-01 -9.9167E-02
  1.1330E+03  3.8163E-01 -9.9302E-02
  1.1351E+03  3.8140E-01 -9.9436E-02
  1.1371E+03  3.8116E-01 -9.9571E-02
  1.1392E+03  3.8092E-01 -9.9705E-02
  1.1412E+03  3.8068E-01 -9.9839E-02
  1.1433E+03  3.8044E-01 -9.9972E-02
  1.1454E+03  3.8020E-01 -1.0011E-01
  1.1474E+03  3.7995E-01 -1.0024E-01
  1.1495E+03  3.7971E-01 -1.0037E-01
  1.1515E+03  3.7947E-01 -1.0051E-01
  1.1536E+03  3.7923E-01 -1.0064E-01
  1.1557E+03  3.7899E-01 -1.0077E-01
  1.1577E+03  3.7876E-01 -1.0091E-01
  1.1598E+03  3.7852E-01 -1.0104E-01
  1.1618E+03  3.7828E-01 -1.0117E-01
  1.1639E+03  3.7804E-01 -1.0130E-01
  1.1660E+03  3.7780E-01 -1.0144E-01
  1.1680E+03  3.7756E-01 -1.0157E-01
  1.1701E+03  3.7732E-01 -1.0170E-01
  1.1721E+03  3.7708E-01 -1.0183E-01
  1.1742E+03  3.7684E-01 -1.0196E-01
  1.1763E+03  3.7661E-01 -1.0210E-01
  1.1783E+03  3.7638E-01 -1.0223E-01
  1.1804E+03  3.7616E-01 -1.0236E-01
  1.1824E+03  3.7593E-01 -1.0249E-01
  1.1845E+03  3.7571E-01 -1.0262E-01
  1.1866E+03  3.7548E-01 -1.0275E-01
  1.1886E+03  3.7525E-01 -1.0288E-01
  1.1907E+03  3.7501E-01 -1.0301E-01
  1.1927E+03  3.7477E-01 -1.0314E-01
  1.1948E+03  3.7452E-01 -1.0327E-01
  1.1969E+03  3.7428E-01 -1.0340E-01
  1.1989E+03  3.7403E-01 -1.0353E-01
  1.2010E+03  3.7379E-01 -1.0366E-01
  1.2030E+03  3.7356E-01 -1.0379E-01
  1.2051E+03  3.7332E-01 -1.0392E-01
  1.2072E+03  3.7309E-01 -1.0405E-01
  1.2092E+03  3.7286E-01 -1.0418E-01
  1.2113E+03  3.7264E-01 -1.0431E-01
  1.2133E+03  3.7241E-01 -1.0444E-01
  1.2154E+03  3.7218E-01 -1.0457E-01
  1.2175E+03  3.7194E-01 -1.0470E-01
  1.2195E+03  3.7171E-01 -1.0483E-01
  1.2216E+03  3.7148E-01 -1.0496E-01
  1.2236E+03  3.7125E-01 -1.0509E-01
  1.2257E+03  3.7102E-01 -1.0521E-01
  1.2278E+03  3.7079E-01 -1.0534E-01
  1.2298E+03  3.7056E-01 -1.0547E-01
  1.2319E+03  3.7033E-01 -1.0560E-01
  1.2339E+03  3.7011E-01 -1.0573E-01
  1.2360E+03  3.6988E-01 -1.0585E-01
  1.2381E+03  3.6965E-01 -1.0598E-01
  1.2401E+03  3.6941E-01 -1.0611E-01
  1.2422E+03  3.6918E-01 -1.0624E-01
  1.2442E+03  3.6894E-01 -1.0636E-01
  1.2463E+03  3.6870E-01 -1.0649E-01
  1.2484E+03  3.6846E-01 -1.0662E-01
  1.2504E+03  3.6823E-01 -1.0675E-01
  1.2525E+03  3.6800E-01 -1.0687E-01
  1.2545E+03  3.6777E-01 -1.0700E-01
  1.2566E+03  3.6755E-01 -1.0713E-01
  1.2587E+03  3.6733E-01 -1.0725E-01
  1.2607E+03  3.6711E-01 -1.0738E-01
  1.2628E+03  3.6689E-01 -1.0750E-01
  1.2648E+03  3.6666E-01 -1.0763E-01
  1.2669E+03  3.6643E-01 -1.0776E-01
  1.2690E+03  3.6620E-01 -1.0788E-01
  1.2710E+03  3.6597E-01 -1.0801E-01
  1.2731E+03  3.6574E-01 -1.0813E-01
  1.2751E+03  3.6550E-01 -1.0826E-01
  1.2772E+03  3.6527E-01 -1.0838E-01
  1.2793E+03  3.6504E-01 -1.0851E-01
  1.2813E+03  3.6482E-01 -1.0863E-01
  1.2834E+03  3.6459E-01 -1.0876E-01
  1.2854E+03  3.6437E-01 -1.0888E-01
  1.2875E+03  3.6415E-01 -1.0901E-01
  1.2896E+03  3.6392E-01 -1.0913E-01
  1.2916E+03  3.6370E-01 -1.0925E-01
  1.2937E+03  3.6347E-01 -1.0938E-01
  1.2957E+03  3.6324E-01 -1.0950E-01
  1.2978E+03  3.6301E-01 -1.0963E-01
  1.2999E+03  3.6278E-01 -1.0975E-01
  1.3019E+03  3.6256E-01 -1.0987E-01
  1.3040E+03  3.6233E-01 -1.1000E-01
  1.3060E+03  3.6211E-01 -1.1012E-01
  1.3081E+03  3.6188E-01 -1.1024E-01
  1.3102E+03  3.6166E-01 -1.1037E-01
  1.3122E+03  3.6144E-01 -1.1049E-01
  1.3143E+03  3.6122E-01 -1.1061E-01
  1.3163E+03  3.6100E-01 -1.1073E-01
  1.3184E+03  3.6077E-01 -1.1086E-01
  1.3205E+03  3.6055E-01 -1.1098E-01
  1.3225E+03  3.6032E-01 -1.1110E-01
  1.3246E+03  3.6010E-01 -1.1122E-01
  1.3266E+03  3.5987E-01 -1.1134E-01
  1.3287E+03  3.5965E-01 -1.1147E-01
  1.3308E+03  3.5942E-01 -1.1159E-01
  1.3328E+03  3.5920E-01 -1.1171E-01
  1.3349E+03  3.5897E-01 -1.1183E-01
  1.3369E+03  3.5875E-01 -1.1195E-01
  1.3390E+03  3.5853E-01 -1.1207E-01
  1.3411E+03  3.5830E-01 -1.1219E-01
  1.3431E+03  3.5808E-01 -1.1231E-01
  1.3452E+03  3.5786E-01 -1.1243E-01
  1.3472E+03  3.5764E-01 -1.1255E-01
  1.3493E+03  3.5742E-01 -1.1268E-01
  1.3514E+03  3.5720E-01 -1.1280E-01
  1.3534E+03  3.5698E-01 -1.1292E-01
  1.3555E+03  3.5676E-01 -1.1304E-01
  1.3575E+03  3.5653E-01 -1.1316E-01
  1.3596E+03  3.5631E-01 -1.1328E-01
  1.3617E+03  3.5608E-01 -1.1340E-01
  1.3637E+03  3.5586E-01 -1.1351E-01
  1.3658E+03  3.5563E-01 -1.1363E-01
  1.3678E+03  3.5541E-01 -1.1375E-01
  1.3699E+03  3.5519E-01 -1.1387E-01
  1.3720E+03  3.5497E-01 -1.1399E-01
  1.3740E+03  3.5476E-01 -1.1411E-01
  1.3761E+03  3.5454E-01 -1.1423E-01
  1.3781E+03  3.5432E-01 -1.1435E-01
  1.3802E+03  3.5410E-01 -1.1447E-01
  1.3823E+03  3.5388E-01 -1.1458E-01
  1.3843E+03  3.5366E-01 -1.1470E-01
  1.3864E+03  3.5343E-01 -1.1482E-01
  1.3884E+03  3.5320E-01 -1.1494E-01
  1.3905E+03  3.5298E-01 -1.1506E-01
  1.3926E+03  3.5275E-01 -1.1517E-01
  1.3946E+03  3.5253E-01 -1.1529E-01
  1.3967E+03  3.5231E-01 -1.1541E-01
  1.3987E+03  3.5210E-01 -1.1553E-01
  1.4008E+03  3.5188E-01 -1.1564E-01
  1.4029E+03  3.5167E-01 -1.1576E-01
  1.4049E+03  3.5146E-01 -1.1588E-01
  1.4070E+03  3.5124E-01 -1.1599E-01
  1.4090E+03  3.5103E-01 -1.1611E-01
  1.4111E+03  3.5081E-01 -1.1623E-01
  1.4132E+03  3.5058E-01 -1.1634E-01
  1.4152E+03  3.5035E-01 -1.1646E-01
  1.4173E+03  3.5013E-01 -1.1657E-01
  1.4193E+03  3.4990E-01 -1.1669E-01
  1.4214E+03  3.4968E-01 -1.1681E-01
  1.4235E+03  3.4945E-01 -1.1692E-01
  1.4255E+03  3.4923E-01 -1.1704E-01
  1.4276E+03  3.4902E-01 -1.1715E-01
  1.4296E+03  3.4880E-01 -1.1727E-01
  1.4317E+03  3.4859E-01 -1.1738E-01
  1.4338E+03  3.4838E-01 -1.1750E-01
  1.4358E+03  3.4817E-01 -1.1761E-01
  1.4379E+03  3.4796E-01 -1.1773E-01
  1.4399E+03  3.4774E-01 -1.1784E-01
  1.4420E+03  3.4752E-01 -1.1796E-01
  1.4441E+03  3.4730E-01 -1.1807E-01
  1.4461E+03  3.4707E-01 -1.1819E-01
  1.4482E+03  3.4685E-01 -1.1830E-01
  1.4502E+03  3.4662E-01 -1.1841E-01
  1.4523E+03  3.4640E-01 -1.1853E-01
  1.4544E+03  3.4618E-01 -1.1864E-01
  1.4564E+03  3.4596E-01 -1.1875E-01
  1.4585E+03  3.4575E-01 -1.1887E-01
  1.4605E+03  3.4554E-01 -1.1898E-01
  1.4626E+03  3.4533E-01 -1.1909E-01
  1.4647E+03  3.4512E-01 -1.1921E-01
  1.4667E+03  3.4491E-01 -1.1932E-01
  1.4688E+03  3.4469E-01 -1.1943E-01
  1.4708E+03  3.4448E-01 -1.1955E-01
  1.4729E+03  3.4426E-01 -1.1966E-01
  1.4750E+03  3.4403E-01 -1.1977E-01
  1.4770E+03  3.4381E-01 -1.1988E-01
  1.4791E+03  3.4358E-01 -1.1999E-01
  1.4811E+03  3.4336E-01 -1.2011E-01
  1.4832E+03  3.4314E-01 -1.2022E-01
  1.4853E+03  3.4292E-01 -1.2033E-01
  1.4873E+03  3.4271E-01 -1.2044E-01
  1.4894E+03  3.4250E-01 -1.2055E-01
  1.4914E+03  3.4229E-01 -1.2066E-01
  1.4935E+03  3.4208E-01 -1.2078E-01
  1.4956E+03  3.4187E-01 -1.2089E-01
  1.4976E+03  3.4166E-01 -1.2100E-01
  1.4997E+03  3.4144E-01 -1.2111E-01
  1.5017E+03  3.4123E-01 -1.2122E-01
  1.5038E+03  3.4101E-01 -1.2133E-01
  1.5059E+03  3.4079E-01 -1.2144E-01
  1.5079E+03  3.4057E-01 -1.2155E-01
  1.5100E+03  3.4035E-01 -1.2166E-01
  1.5120E+03  3.4013E-01 -1.2177E-01
  1.5141E+03  3.3991E-01 -1.2188E-01
  1.5162E+03  3.3970E-01 -1.2199E-01
  1.5182E+03  3.3948E-01 -1.2210E-01
  1.5203E+03  3.3927E-01 -1.2221E-01
  1.5223E+03  3.3906E-01 -1.2232E-01
  1.5244E+03  3.3884E-01 -1.2243E-01
  1.5265E+03  3.3863E-01 -1.2254E-01
  1.5285E+03  3.3841E-01 -1.2265E-01
  1.5306E+03  3.3820E-01 -1.2276E-01
  1.5326E+03  3.3798E-01 -1.2286E-01
  1.5347E+03  3.3777E-01 -1.2297E-01
  1.5368E+03  3.3755E-01 -1.2308E-01
  1.5388E+03  3.3734E-01 -1.2319E-01
  1.5409E+03  3.3713E-01 -1.2330E-01
  1.5429E+03  3.3692E-01 -1.2341E-01
  1.5450E+03  3.3670E-01 -1.2351E-01
  1.5471E+03  3.3649E-01 -1.2362E-01
  1.5491E+03  3.3627E-01 -1.2373E-01
  1.5512E+03  3.3606E-01 -1.2384E-01
  1.5532E+03  3.3584E-01 -1.2394E-01
  1.5553E+03  3.3563E-01 -1.2405E-01
  1.5574E+03  3.3541E-01 -1.2416E-01
  1.5594E+03  3.3520E-01 -1.2427E-01
  1.5615E+03  3.3498E-01 -1.2437E-01
  1.5635E+03  3.3477E-01 -1.2448E-01
  1.5656E+03  3.3456E-01 -1.2459E-01
  1.5677E+03  3.3435E-01 -1.2469E-01
  1.5697E+03  3.3413E-01 -1.2480E-01
  1.5718E+03  3.3392E-01 -1.2490E-01
  1.5738E+03  3.3371E-01 -1.2501E-01
  1.5759E+03  3.3350E-01 -1.2512E-01
  1.5780E+03  3.3329E-01 -1.2522E-01
  1.5800E+03  3.3307E-01 -1.2533E-01
  1.5821E+03  3.3286E-01 -1.2543E-01
  1.5841E+03  3.3265E-01 -1.2554E-01
  1.5862E+03  3.3244E-01 -1.2564E-01
  1.5883E+03  3.3222E-01 -1.2575E-01
  1.5903E+03  3.3201E-01 -1.2585E-01
  1.5924E+03  3.3180E-01 -1.2596E-01
  1.5944E+03  3.3159E-01 -1.2606E-01
  1.5965E+03  3.3137E-01 -1.2617E-01
  1.5986E+03  3.3116E-01 -1.2627E-01
  1.6006E+03  3.3095E-01 -1.2638E-01
  1.6027E+03  3.3073E-01 -1.2648E-01
  1.6047E+03  3.3052E-01 -1.2659E-01
  1.6068E+03  3.3031E-01 -1.2669E-01
  1.6089E+03  3.3010E-01 -1.2679E-01
  1.6109E+03  3.2989E-01 -1.2690E-01
  1.6130E+03  3.2968E-01 -1.2700E-01
  1.6150E+03  3.2947E-01 -1.2711E-01
  1.6171E+03  3.2926E-01 -1.2721E-01
  1.6192E+03  3.2905E-01 -1.2731E-01
  1.6212E+03  3.2884E-01 -1.2742E-01
  1.6233E+03  3.2863E-01 -1.2752E-01
  1.6253E+03  3.2841E-01 -1.2762E-01
  1.6274E+03  3.2820E-01 -1.2772E-01
  1.6295E+03  3.2799E-01 -1.2783E-01
  1.6315E+03  3.2778E-01 -1.2793E-01
  1.6336E+03  3.2757E-01 -1.2803E-01
  1.6356E+03  3.2736E-01 -1.2813E-01
  1.6377E+03  3.2715E-01 -1.2824E-01
  1.6398E+03  3.2695E-01 -1.2834E-01
  1.6418E+03  3.2674E-01 -1.2844E-01
  1.6439E+03  3.2653E-01 -1.2854E-01
  1.6459E+03  3.2631E-01 -1.2864E-01
  1.6480E+03  3.2610E-01 -1.2874E-01
  1.6501E+03  3.2589E-01 -1.2884E-01
  1.6521E+03  3.2567E-01 -1.2895E-01
  1.6542E+03  3.2546E-01 -1.2905E-01
  1.6562E+03  3.2525E-01 -1.2915E-01
  1.6583E+03  3.2505E-01 -1.2925E-01
  1.6604E+03  3.2484E-01 -1.2935E-01
  1.6624E+03  3.2464E-01 -1.2945E-01
  1.6645E+03  3.2443E-01 -1.2955E-01
  1.6665E+03  3.2422E-01 -1.2965E-01
  1.6686E+03  3.2401E-01 -1.2975E-01
  1.6707E+03  3.2380E-01 -1.2985E-01
  1.6727E+03  3.2359E-01 -1.2995E-01
  1.6748E+03  3.2337E-01 -1.3005E-01
  1.6768E+03  3.2316E-01 -1.3015E-01
  1.6789E+03  3.2295E-01 -1.3025E-01
  1.6810E+03  3.2273E-01 -1.3035E-01
  1.6830E+03  3.2253E-01 -1.3045E-01
  1.6851E+03  3.2232E-01 -1.3055E-01
  1.6871E+03  3.2212E-01 -1.3065E-01
  1.6892E+03  3.2192E-01 -1.3074E-01
  1.6913E+03  3.2171E-01 -1.3084E-01
  1.6933E+03  3.2151E-01 -1.3094E-01
  1.6954E+03  3.2130E-01 -1.3104E-01
  1.6974E+03  3.2109E-01 -1.3114E-01
  1.6995E+03  3.2088E-01 -1.3124E-01
  1.7016E+03  3.2066E-01 -1.3133E-01
  1.7036E+03  3.2045E-01 -1.3143E-01
  1.7057E+03  3.2023E-01 -1.3153E-01
  1.7077E+03  3.2002E-01 -1.3163E-01
  1.7098E+03  3.1982E-01 -1.3173E-01
  1.7119E+03  3.1961E-01 -1.3182E-01
  1.7139E+03  3.1941E-01 -1.3192E-01
  1.7160E+03  3.1921E-01 -1.3202E-01
  1.7180E+03  3.1901E-01 -1.3211E-01
  1.7201E+03  3.1881E-01 -1.3221E-01
  1.7222E+03  3.1860E-01 -1.3231E-01
  1.7242E+03  3.1839E-01 -1.3240E-01
  1.7263E+03  3.1818E-01 -1.3250E-01
  1.7283E+03  3.1797E-01 -1.3260E-01
  1.7304E+03  3.1775E-01 -1.3269E-01
  1.7325E+03  3.1754E-01 -1.3279E-01
  1.7345E+03  3.1733E-01 -1.3289E-01
  1.7366E+03  3.1712E-01 -1.3298E-01
  1.7386E+03  3.1692E-01 -1.3308E-01
  1.7407E+03  3.1672E-01 -1.3317E-01
  1.7428E+03  3.1652E-01 -1.3327E-01
  1.7448E+03  3.1632E-01 -1.3336E-01
  1.7469E+03  3.1612E-01 -1.3346E-01
  1.7489E+03  3.1592E-01 -1.3355E-01
  1.7510E+03  3.1571E-01 -1.3365E-01
  1.7531E+03  3.1550E-01 -1.3374E-01
  1.7551E+03  3.1529E-01 -1.3384E-01
  1.7572E+03  3.1508E-01 -1.3393E-01
  1.7592E+03  3.1486E-01 -1.3403E-01
  1.7613E+03  3.1465E-01 -1.3412E-01
  1.7634E+03  3.1444E-01 -1.3422E-01
  1.7654E+03  3.1424E-01 -1.3431E-01
  1.7675E+03  3.1404E-01 -1.3440E-01
  1.7695E+03  3.1384E-01 -1.3450E-01
  1.7716E+03  3.1364E-01 -1.3459E-01
  1.7737E+03  3.1344E-01 -1.3468E-01
  1.7757E+03  3.1325E-01 -1.3478E-01
  1.7778E+03  3.1305E-01 -1.3487E-01
  1.7798E+03  3.1284E-01 -1.3496E-01
  1.7819E+03  3.1263E-01 -1.3506E-01
  1.7840E+03  3.1242E-01 -1.3515E-01
  1.7860E+03  3.1221E-01 -1.3524E-01
  1.7881E+03  3.1200E-01 -1.3534E-01
  1.7901E+03  3.1179E-01 -1.3543E-01
  1.7922E+03  3.1158E-01 -1.3552E-01
  1.7943E+03  3.1137E-01 -1.3561E-01
  1.7963E+03  3.1117E-01 -1.3570E-01
  1.7984E+03  3.1098E-01 -1.3580E-01
  1.8004E+03  3.1078E-01 -1.3589E-01
  1.8025E+03  3.1058E-01 -1.3598E-01
  1.8046E+03  3.1038E-01 -1.3607E-01
  1.8066E+03  3.1018E-01 -1.3616E-01
  1.8087E+03  3.0998E-01 -1.3625E-01
  1.8107E+03  3.0977E-01 -1.3635E-01
  1.8128E+03  3.0956E-01 -1.3644E-01
  1.8149E+03  3.0935E-01 -1.3653E-01
  1.8169E+03  3.0915E-01 -1.3662E-01
  1.8190E+03  3.0894E-01 -1.3671E-01
  1.8210E+03  3.0873E-01 -1.3680E-01
  1.8231E+03  3.0853E-01 -1.3689E-01
  1.8252E+03  3.0833E-01 -1.3698E-01
  1.8272E+03  3.0813E-01 -1.3707E-01
  1.8293E+03  3.0793E-01 -1.3716E-01
  1.8313E+03  3.0773E-01 -1.3725E-01
  1.8334E+03  3.0753E-01 -1.3734E-01
  1.8355E+03  3.0733E-01 -1.3743E-01
  1.8375E+03  3.0713E-01 -1.3752E-01
  1.8396E+03  3.0692E-01 -1.3761E-01
  1.8416E+03  3.0672E-01 -1.3770E-01
  1.8437E+03  3.0651E-01 -1.3779E-01
  1.8458E+03  3.0631E-01 -1.3788E-01
  1.8478E+03  3.0610E-01 -1.3797E-01
  1.8499E+03  3.0590E-01 -1.3805E-01
  1.8519E+03  3.0570E-01 -1.3814E-01
  1.8540E+03  3.0550E-01 -1.3823E-01
  1.8561E+03  3.0530E-01 -1.3832E-01
  1.8581E+03  3.0510E-01 -1.3841E-01
  1.8602E+03  3.0489E-01 -1.3850E-01
  1.8622E+03  3.0469E-01 -1.3858E-01
  1.8643E+03  3.0449E-01 -1.3867E-01
  1.8664E+03  3.0429E-01 -1.3876E-01
  1.8684E+03  3.0409E-01 -1.3885E-01
  1.8705E+03  3.0389E-01 -1.3894E-01
  1.8725E+03  3.0368E-01 -1.3902E-01
  1.8746E+03  3.0348E-01 -1.3911E-01
  1.8767E+03  3.0328E-01 -1.3920E-01
  1.8787E+03  3.0308E-01 -1.3928E-01
  1.8808E+03  3.0287E-01 -1.3937E-01
  1.8828E+03  3.0267E-01 -1.3946E-01
  1.8849E+03  3.0247E-01 -1.3954E-01
  1.8870E+03  3.0227E-01 -1.3963E-01
  1.8890E+03  3.0207E-01 -1.3972E-01
  1.8911E+03  3.0187E-01 -1.3980E-01
  1.8931E+03  3.0167E-01 -1.3989E-01
  1.8952E+03  3.0147E-01 -1.3998E-01
  1.8973E+03  3.0127E-01 -1.4006E-01
  1.8993E+03  3.0107E-01 -1.4015E-01
  1.9014E+03  3.0087E-01 -1.4023E-01
  1.9034E+03  3.0067E-01 -1.4032E-01
  1.9055E+03  3.0046E-01 -1.4040E-01
  1.9076E+03  3.0026E-01 -1.4049E-01
  1.9096E+03  3.0006E-01 -1.4057E-01
  1.9117E+03  2.9985E-01 -1.4066E-01
  1.9137E+03  2.9965E-01 -1.4074E-01
  1.9158E+03  2.9945E-01 -1.4083E-01
  1.9179E+03  2.9925E-01 -1.4091E-01
  1.9199E+03  2.9905E-01 -1.4100E-01
  1.9220E+03  2.9886E-01 -1.4108E-01
  1.9240E+03  2.9866E-01 -1.4117E-01
  1.9261E+03  2.9846E-01 -1.4125E-01
  1.9282E+03  2.9826E-01 -1.4133E-01
  1.9302E+03  2.9806E-01 -1.4142E-01
  1.9323E+03  2.9786E-01 -1.4150E-01
  1.9343E+03  2.9765E-01 -1.4158E-01
  1.9364E+03  2.9745E-01 -1.4167E-01
  1.9385E+03  2.9725E-01 -1.4175E-01
  1.9405E+03  2.9705E-01 -1.4183E-01
  1.9426E+03  2.9685E-01 -1.4192E-01
  1.9446E+03  2.9665E-01 -1.4200E-01
  1.9467E+03  2.9646E-01 -1.4208E-01
  1.9488E+03  2.9626E-01 -1.4217E-01
  1.9508E+03  2.9606E-01 -1.4225E-01
  1.9529E+03  2.9586E-01 -1.4233E-01
  1.9549E+03  2.9566E-01 -1.4241E-01
  1.9570E+03  2.9546E-01 -1.4250E-01
  1.9591E+03  2.9526E-01 -1.4258E-01
  1.9611E+03  2.9506E-01 -1.4266E-01
  1.9632E+03  2.9485E-01 -1.4274E-01
  1.9652E+03  2.9465E-01 -1.4282E-01
  1.9673E+03  2.9445E-01 -1.4290E-01
  1.9694E+03  2.9426E-01 -1.4299E-01
  1.9714E+03  2.9406E-01 -1.4307E-01
  1.9735E+03  2.9387E-01 -1.4315E-01
  1.9755E+03  2.9367E-01 -1.4323E-01
  1.9776E+03  2.9348E-01 -1.4331E-01
  1.9797E+03  2.9328E-01 -1.4339E-01
  1.9817E+03  2.9308E-01 -1.4347E-01
  1.9838E+03  2.9288E-01 -1.4355E-01
  1.9858E+03  2.9267E-01 -1.4363E-01
  1.9879E+03  2.9247E-01 -1.4371E-01
  1.9900E+03  2.9227E-01 -1.4379E-01
  1.9920E+03  2.9207E-01 -1.4387E-01
  1.9941E+03  2.9187E-01 -1.4395E-01
  1.9961E+03  2.9167E-01 -1.4403E-01
  1.9982E+03  2.9148E-01 -1.4411E-01
  2.0003E+03  2.9129E-01 -1.4419E-01
  2.0023E+03  2.9109E-01 -1.4427E-01
  2.0044E+03  2.9090E-01 -1.4435E-01
  2.0064E+03  2.9070E-01 -1.4443E-01
  2.0085E+03  2.9050E-01 -1.4451E-01
  2.0106E+03  2.9030E-01 -1.4459E-01
  2.0126E+03  2.9009E-01 -1.4467E-01
  2.0147E+03  2.8989E-01 -1.4475E-01
  2.0167E+03  2.8969E-01 -1.4482E-01
  2.0188E+03  2.8949E-01 -1.4490E-01
  2.0209E+03  2.8929E-01 -1.4498E-01
  2.0229E+03  2.8910E-01 -1.4506E-01
  2.0250E+03  2.8891E-01 -1.4514E-01
  2.0270E+03  2.8872E-01 -1.4521E-01
  2.0291E+03  2.8852E-01 -1.4529E-01
  2.0312E+03  2.8833E-01 -1.4537E-01
  2.0332E+03  2.8813E-01 -1.4545E-01
  2.0353E+03  2.8793E-01 -1.4552E-01
  2.0373E+03  2.8773E-01 -1.4560E-01
  2.0394E+03  2.8753E-01 -1.4568E-01
  2.0415E+03  2.8732E-01 -1.4576E-01
  2.0435E+03  2.8712E-01 -1.4583E-01
  2.0456E+03  2.8692E-01 -1.4591E-01
  2.0476E+03  2.8673E-01 -1.4599E-01
  2.0497E+03  2.8653E-01 -1.4606E-01
  2.0518E+03  2.8634E-01 -1.4614E-01
  2.0538E+03  2.8615E-01 -1.4622E-01
  2.0559E+03  2.8596E-01 -1.4629E-01
  2.0579E+03  2.8577E-01 -1.4637E-01
  2.0600E+03  2.8557E-01 -1.4644E-01
  2.0621E+03  2.8538E-01 -1.4652E-01
  2.0641E+03  2.8517E-01 -1.4660E-01
  2.0662E+03  2.8497E-01 -1.4667E-01
  2.0682E+03  2.8477E-01 -1.4675E-01
  2.0703E+03  2.8457E-01 -1.4682E-01
  2.0724E+03  2.8437E-01 -1.4690E-01
  2.0744E+03  2.8417E-01 -1.4697E-01
  2.0765E+03  2.8398E-01 -1.4705E-01
  2.0785E+03  2.8378E-01 -1.4712E-01
  2.0806E+03  2.8360E-01 -1.4720E-01
  2.0827E+03  2.8341E-01 -1.4727E-01
  2.0847E+03  2.8322E-01 -1.4734E-01
  2.0868E+03  2.8302E-01 -1.4742E-01
  2.0888E+03  2.8283E-01 -1.4749E-01
  2.0909E+03  2.8263E-01 -1.4757E-01
  2.0930E+03  2.8243E-01 -1.4764E-01
  2.0950E+03  2.8223E-01 -1.4771E-01
  2.0971E+03  2.8202E-01 -1.4779E-01
  2.0991E+03  2.8182E-01 -1.4786E-01
  2.1012E+03  2.8163E-01 -1.4793E-01
  2.1033E+03  2.8143E-01 -1.4801E-01
  2.1053E+03  2.8124E-01 -1.4808E-01
  2.1074E+03  2.8105E-01 -1.4815E-01
  2.1094E+03  2.8086E-01 -1.4823E-01
  2.1115E+03  2.8067E-01 -1.4830E-01
  2.1136E+03  2.8048E-01 -1.4837E-01
  2.1156E+03  2.8029E-01 -1.4845E-01
  2.1177E+03  2.8009E-01 -1.4852E-01
  2.1197E+03  2.7990E-01 -1.4859E-01
  2.1218E+03  2.7970E-01 -1.4866E-01
  2.1239E+03  2.7950E-01 -1.4873E-01
  2.1259E+03  2.7930E-01 -1.4881E-01
  2.1280E+03  2.7910E-01 -1.4888E-01
  2.1300E+03  2.7890E-01 -1.4895E-01
  2.1321E+03  2.7871E-01 -1.4902E-01
  2.1342E+03  2.7852E-01 -1.4909E-01
  2.1362E+03  2.7833E-01 -1.4916E-01
  2.1383E+03  2.7814E-01 -1.4923E-01
  2.1403E+03  2.7795E-01 -1.4931E-01
  2.1424E+03  2.7776E-01 -1.4938E-01
  2.1445E+03  2.7757E-01 -1.4945E-01
  2.1465E+03  2.7737E-01 -1.4952E-01
  2.1486E+03  2.7718E-01 -1.4959E-01
  2.1506E+03  2.7698E-01 -1.4966E-01
  2.1527E+03  2.7678E-01 -1.4973E-01
  2.1548E+03  2.7658E-01 -1.4980E-01
  2.1568E+03  2.7639E-01 -1.4987E-01
  2.1589E+03  2.7619E-01 -1.4994E-01
  2.1609E+03  2.7600E-01 -1.5001E-01
  2.1630E+03  2.7581E-01 -1.5008E-01
  2.1651E+03  2.7562E-01 -1.5015E-01
  2.1671E+03  2.7543E-01 -1.5022E-01
  2.1692E+03  2.7524E-01 -1.5029E-01
  2.1712E+03  2.7505E-01 -1.5036E-01
  2.1733E+03  2.7486E-01 -1.5042E-01
  2.1754E+03  2.7466E-01 -1.5049E-01
  2.1774E+03  2.7447E-01 -1.5056E-01
  2.1795E+03  2.7428E-01 -1.5063E-01
  2.1815E+03  2.7408E-01 -1.5070E-01
  2.1836E+03  2.7389E-01 -1.5077E-01
  2.1857E+03  2.7369E-01 -1.5084E-01
  2.1877E+03  2.7350E-01 -1.5090E-01
  2.1898E+03  2.7331E-01 -1.5097E-01
  2.1918E+03  2.7312E-01 -1.5104E-01
  2.1939E+03  2.7293E-01 -1.5111E-01
  2.1960E+03  2.7273E-01 -1.5118E-01
  2.1980E+03  2.7254E-01 -1.5124E-01
  2.2001E+03  2.7235E-01 -1.5131E-01
  2.2021E+03  2.7216E-01 -1.5138E-01
  2.2042E+03  2.7197E-01 -1.5145E-01
  2.2063E+03  2.7178E-01 -1.5151E-01
  2.2083E+03  2.7159E-01 -1.5158E-01
  2.2104E+03  2.7140E-01 -1.5165E-01
  2.2124E+03  2.7121E-01 -1.5171E-01
  2.2145E+03  2.7101E-01 -1.5178E-01
  2.2166E+03  2.7082E-01 -1.5185E-01
  2.2186E+03  2.7063E-01 -1.5191E-01
  2.2207E+03  2.7043E-01 -1.5198E-01
  2.2227E+03  2.7024E-01 -1.5204E-01
  2.2248E+03  2.7005E-01 -1.5211E-01
  2.2269E+03  2.6986E-01 -1.5218E-01
  2.2289E+03  2.6967E-01 -1.5224E-01
  2.2310E+03  2.6948E-01 -1.5231E-01
  2.2330E+03  2.6929E-01 -1.5237E-01
  2.2351E+03  2.6910E-01 -1.5244E-01
  2.2372E+03  2.6891E-01 -1.5250E-01
  2.2392E+03  2.6872E-01 -1.5257E-01
  2.2413E+03  2.6853E-01 -1.5263E-01
  2.2433E+03  2.6834E-01 -1.5270E-01
  2.2454E+03  2.6815E-01 -1.5276E-01
  2.2475E+03  2.6795E-01 -1.5283E-01
  2.2495E+03  2.6776E-01 -1.5289E-01
  2.2516E+03  2.6757E-01 -1.5296E-01
  2.2536E+03  2.6738E-01 -1.5302E-01
  2.2557E+03  2.6719E-01 -1.5309E-01
  2.2578E+03  2.6701E-01 -1.5315E-01
  2.2598E+03  2.6682E-01 -1.5321E-01
  2.2619E+03  2.6663E-01 -1.5328E-01
  2.2639E+03  2.6644E-01 -1.5334E-01
  2.2660E+03  2.6625E-01 -1.5340E-01
  2.2681E+03  2.6606E-01 -1.5347E-01
  2.2701E+03  2.6587E-01 -1.5353E-01
  2.2722E+03  2.6567E-01 -1.5359E-01
  2.2742E+03  2.6548E-01 -1.5366E-01
  2.2763E+03  2.6529E-01 -1.5372E-01
  2.2784E+03  2.6510E-01 -1.5378E-01
  2.2804E+03  2.6491E-01 -1.5385E-01
  2.2825E+03  2.6472E-01 -1.5391E-01
  2.2845E+03  2.6454E-01 -1.5397E-01
  2.2866E+03  2.6435E-01 -1.5403E-01
  2.2887E+03  2.6416E-01 -1.5409E-01
  2.2907E+03  2.6398E-01 -1.5416E-01
  2.2928E+03  2.6379E-01 -1.5422E-01
  2.2948E+03  2.6359E-01 -1.5428E-01
  2.2969E+03  2.6340E-01 -1.5434E-01
  2.2990E+03  2.6321E-01 -1.5440E-01
  2.3010E+03  2.6302E-01 -1.5447E-01
  2.3031E+03  2.6283E-01 -1.5453E-01
  2.3051E+03  2.6264E-01 -1.5459E-01
  2.3072E+03  2.6245E-01 -1.5465E-01
  2.3093E+03  2.6227E-01 -1.5471E-01
  2.3113E+03  2.6208E-01 -1.5477E-01
  2.3134E+03  2.6189E-01 -1.5483E-01
  2.3154E+03  2.6171E-01 -1.5489E-01
  2.3175E+03  2.6152E-01 -1.5495E-01
  2.3196E+03  2.6133E-01 -1.5501E-01
  2.3216E+03  2.6114E-01 -1.5507E-01
  2.3237E+03  2.6094E-01 -1.5513E-01
  2.3257E+03  2.6075E-01 -1.5519E-01
  2.3278E+03  2.6056E-01 -1.5525E-01
  2.3299E+03  2.6037E-01 -1.5531E-01
  2.3319E+03  2.6018E-01 -1.5537E-01
  2.3340E+03  2.6000E-01 -1.5543E-01
  2.3360E+03  2.5981E-01 -1.5549E-01
  2.3381E+03  2.5963E-01 -1.5555E-01
  2.3402E+03  2.5944E-01 -1.5561E-01
  2.3422E+03  2.5926E-01 -1.5567E-01
  2.3443E+03  2.5907E-01 -1.5573E-01
  2.3463E+03  2.5888E-01 -1.5579E-01
  2.3484E+03  2.5869E-01 -1.5585E-01
  2.3505E+03  2.5850E-01 -1.5590E-01
  2.3525E+03  2.5830E-01 -1.5596E-01
  2.3546E+03  2.5811E-01 -1.5602E-01
  2.3566E+03  2.5792E-01 -1.5608E-01
  2.3587E+03  2.5774E-01 -1.5614E-01
  2.3608E+03  2.5755E-01 -1.5619E-01
  2.3628E+03  2.5737E-01 -1.5625E-01
  2.3649E+03  2.5718E-01 -1.5631E-01
  2.3669E+03  2.5700E-01 -1.5637E-01
  2.3690E+03  2.5682E-01 -1.5643E-01
  2.3711E+03  2.5663E-01 -1.5648E-01
  2.3731E+03  2.5644E-01 -1.5654E-01
  2.3752E+03  2.5625E-01 -1.5660E-01
  2.3772E+03  2.5605E-01 -1.5665E-01
  2.3793E+03  2.5586E-01 -1.5671E-01
  2.3814E+03  2.5567E-01 -1.5677E-01
  2.3834E+03  2.5548E-01 -1.5682E-01
  2.3855E+03  2.5530E-01 -1.5688E-01
  2.3875E+03  2.5511E-01 -1.5694E-01
  2.3896E+03  2.5493E-01 -1.5699E-01
  2.3917E+03  2.5475E-01 -1.5705E-01
  2.3937E+03  2.5456E-01 -1.5711E-01
  2.3958E+03  2.5438E-01 -1.5716E-01
  2.3978E+03  2.5419E-01 -1.5722E-01
  2.3999E+03  2.5400E-01 -1.5727E-01
  2.4020E+03  2.5381E-01 -1.5733E-01
  2.4040E+03  2.5362E-01 -1.5738E-01
  2.4061E+03  2.5343E-01 -1.5744E-01
  2.4081E+03  2.5324E-01 -1.5749E-01
  2.4102E+03  2.5305E-01 -1.5755E-01
  2.4123E+03  2.5286E-01 -1.5760E-01
  2.4143E+03  2.5268E-01 -1.5766E-01
  2.4164E+03  2.5250E-01 -1.5771E-01
  2.4184E+03  2.5231E-01 -1.5777E-01
  2.4205E+03  2.5213E-01 -1.5782E-01
  2.4226E+03  2.5195E-01 -1.5788E-01
  2.4246E+03  2.5176E-01 -1.5793E-01
  2.4267E+03  2.5158E-01 -1.5799E-01
  2.4287E+03  2.5139E-01 -1.5804E-01
  2.4308E+03  2.5120E-01 -1.5809E-01
  2.4329E+03  2.5101E-01 -1.5815E-01
  2.4349E+03  2.5082E-01 -1.5820E-01
  2.4370E+03  2.5063E-01 -1.5825E-01
  2.4390E+03  2.5044E-01 -1.5831E-01
  2.4411E+03  2.5026E-01 -1.5836E-01
  2.4432E+03  2.5007E-01 -1.5841E-01
  2.4452E+03  2.4989E-01 -1.5847E-01
  2.4473E+03  2.4971E-01 -1.5852E-01
  2.4493E+03  2.4953E-01 -1.5857E-01
  2.4514E+03  2.4934E-01 -1.5863E-01
  2.4535E+03  2.4916E-01 -1.5868E-01
  2.4555E+03  2.4897E-01 -1.5873E-01
  2.4576E+03  2.4878E-01 -1.5878E-01
  2.4596E+03  2.4859E-01 -1.5883E-01
  2.4617E+03  2.4840E-01 -1.5889E-01
  2.4638E+03  2.4821E-01 -1.5894E-01
  2.4658E+03  2.4803E-01 -1.5899E-01
  2.4679E+03  2.4784E-01 -1.5904E-01
  2.4699E+03  2.4766E-01 -1.5909E-01
  2.4720E+03  2.4748E-01 -1.5915E-01
  2.4741E+03  2.4729E-01 -1.5920E-01
  2.4761E+03  2.4711E-01 -1.5925E-01
  2.4782E+03  2.4693E-01 -1.5930E-01
  2.4802E+03  2.4674E-01 -1.5935E-01
  2.4823E+03  2.4656E-01 -1.5940E-01
  2.4844E+03  2.4637E-01 -1.5945E-01
  2.4864E+03  2.4619E-01 -1.5950E-01
  2.4885E+03  2.4600E-01 -1.5955E-01
  2.4905E+03  2.4581E-01 -1.5960E-01
  2.4926E+03  2.4563E-01 -1.5965E-01
  2.4947E+03  2.4544E-01 -1.5970E-01
  2.4967E+03  2.4526E-01 -1.5975E-01
  2.4988E+03  2.4507E-01 -1.5980E-01
  2.5008E+03  2.4489E-01 -1.5985E-01
  2.5029E+03  2.4471E-01 -1.5990E-01
  2.5050E+03  2.4452E-01 -1.5995E-01
  2.5070E+03  2.4434E-01 -1.6000E-01
  2.5091E+03  2.4416E-01 -1.6005E-01
  2.5111E+03  2.4397E-01 -1.6010E-01
  2.5132E+03  2.4379E-01 -1.6015E-01
  2.5153E+03  2.4360E-01 -1.6020E-01
  2.5173E+03  2.4342E-01 -1.6025E-01
  2.5194E+03  2.4323E-01 -1.6030E-01
  2.5214E+03  2.4305E-01 -1.6035E-01
  2.5235E+03  2.4286E-01 -1.6039E-01
  2.5256E+03  2.4268E-01 -1.6044E-01
  2.5276E+03  2.4249E-01 -1.6049E-01
  2.5297E+03  2.4231E-01 -1.6054E-01
  2.5317E+03  2.4213E-01 -1.6059E-01
  2.5338E+03  2.4194E-01 -1.6063E-01
  2.5359E+03  2.4176E-01 -1.6068E-01
  2.5379E+03  2.4158E-01 -1.6073E-01
  2.5400E+03  2.4140E-01 -1.6078E-01
  2.5420E+03  2.4121E-01 -1.6083E-01
  2.5441E+03  2.4103E-01 -1.6087E-01
  2.5462E+03  2.4085E-01 -1.6092E-01
  2.5482E+03  2.4067E-01 -1.6097E-01
  2.5503E+03  2.4048E-01 -1.6101E-01
  2.5523E+03  2.4030E-01 -1.6106E-01
  2.5544E+03  2.4011E-01 -1.6111E-01
  2.5565E+03  2.3993E-01 -1.6115E-01
  2.5585E+03  2.3974E-01 -1.6120E-01
  2.5606E+03  2.3956E-01 -1.6125E-01
  2.5626E+03  2.3938E-01 -1.6129E-01
  2.5647E+03  2.3920E-01 -1.6134E-01
  2.5668E+03  2.3901E-01 -1.6139E-01
  2.5688E+03  2.3883E-01 -1.6143E-01
  2.5709E+03  2.3865E-01 -1.6148E-01
  2.5729E+03  2.3847E-01 -1.6152E-01
  2.5750E+03  2.3829E-01 -1.6157E-01
  2.5771E+03  2.3811E-01 -1.6161E-01
  2.5791E+03  2.3792E-01 -1.6166E-01
  2.5812E+03  2.3774E-01 -1.6170E-01
  2.5832E+03  2.3755E-01 -1.6175E-01
  2.5853E+03  2.3737E-01 -1.6179E-01
  2.5874E+03  2.3719E-01 -1.6184E-01
  2.5894E+03  2.3701E-01 -1.6188E-01
  2.5915E+03  2.3682E-01 -1.6193E-01
  2.5935E+03  2.3664E-01 -1.6197E-01
  2.5956E+03  2.3647E-01 -1.6202E-01
  2.5977E+03  2.3629E-01 -1.6206E-01
  2.5997E+03  2.3611E-01 -1.6211E-01
  2.6018E+03  2.3592E-01 -1.6215E-01
  2.6038E+03  2.3574E-01 -1.6219E-01
  2.6059E+03  2.3556E-01 -1.6224E-01
  2.6080E+03  2.3537E-01 -1.6228E-01
  2.6100E+03  2.3519E-01 -1.6233E-01
  2.6121E+03  2.3501E-01 -1.6237E-01
  2.6141E+03  2.3483E-01 -1.6241E-01
  2.6162E+03  2.3464E-01 -1.6246E-01
  2.6183E+03  2.3447E-01 -1.6250E-01
  2.6203E+03  2.3429E-01 -1.6254E-01
  2.6224E+03  2.3411E-01 -1.6259E-01
  2.6244E+03  2.3393E-01 -1.6263E-01
  2.6265E+03  2.3375E-01 -1.6267E-01
  2.6286E+03  2.3357E-01 -1.6271E-01
  2.6306E+03  2.3339E-01 -1.6276E-01
  2.6327E+03  2.3320E-01 -1.6280E-01
  2.6347E+03  2.3302E-01 -1.6284E-01
  2.6368E+03  2.3284E-01 -1.6288E-01
  2.6389E+03  2.3266E-01 -1.6292E-01
  2.6409E+03  2.3247E-01 -1.6297E-01
  2.6430E+03  2.3230E-01 -1.6301E-01
  2.6450E+03  2.3212E-01 -1.6305E-01
  2.6471E+03  2.3194E-01 -1.6309E-01
  2.6492E+03  2.3176E-01 -1.6313E-01
  2.6512E+03  2.3158E-01 -1.6317E-01
  2.6533E+03  2.3140E-01 -1.6322E-01
  2.6553E+03  2.3122E-01 -1.6326E-01
  2.6574E+03  2.3104E-01 -1.6330E-01
  2.6595E+03  2.3086E-01 -1.6334E-01
  2.6615E+03  2.3068E-01 -1.6338E-01
  2.6636E+03  2.3050E-01 -1.6342E-01
  2.6656E+03  2.3031E-01 -1.6346E-01
  2.6677E+03  2.3013E-01 -1.6350E-01
  2.6698E+03  2.2996E-01 -1.6354E-01
  2.6718E+03  2.2978E-01 -1.6358E-01
  2.6739E+03  2.2960E-01 -1.6362E-01
  2.6759E+03  2.2942E-01 -1.6366E-01
  2.6780E+03  2.2925E-01 -1.6370E-01
  2.6801E+03  2.2907E-01 -1.6374E-01
  2.6821E+03  2.2889E-01 -1.6378E-01
  2.6842E+03  2.2871E-01 -1.6382E-01
  2.6862E+03  2.2853E-01 -1.6386E-01
  2.6883E+03  2.2835E-01 -1.6390E-01
  2.6904E+03  2.2816E-01 -1.6394E-01
  2.6924E+03  2.2798E-01 -1.6398E-01
  2.6945E+03  2.2780E-01 -1.6402E-01
  2.6965E+03  2.2763E-01 -1.6405E-01
  2.6986E+03  2.2745E-01 -1.6409E-01
  2.7007E+03  2.2727E-01 -1.6413E-01
  2.7027E+03  2.2710E-01 -1.6417E-01
  2.7048E+03  2.2692E-01 -1.6421E-01
  2.7068E+03  2.2674E-01 -1.6425E-01
  2.7089E+03  2.2657E-01 -1.6428E-01
  2.7110E+03  2.2639E-01 -1.6432E-01
  2.7130E+03  2.2621E-01 -1.6436E-01
  2.7151E+03  2.2603E-01 -1.6440E-01
  2.7171E+03  2.2584E-01 -1.6444E-01
  2.7192E+03  2.2566E-01 -1.6447E-01
  2.7213E+03  2.2549E-01 -1.6451E-01
  2.7233E+03  2.2531E-01 -1.6455E-01
  2.7254E+03  2.2513E-01 -1.6459E-01
  2.7274E+03  2.2496E-01 -1.6462E-01
  2.7295E+03  2.2478E-01 -1.6466E-01
  2.7316E+03  2.2461E-01 -1.6470E-01
  2.7336E+03  2.2443E-01 -1.6473E-01
  2.7357E+03  2.2425E-01 -1.6477E-01
  2.7377E+03  2.2407E-01 -1.6481E-01
  2.7398E+03  2.2389E-01 -1.6484E-01
  2.7419E+03  2.2371E-01 -1.6488E-01
  2.7439E+03  2.2353E-01 -1.6491E-01
  2.7460E+03  2.2335E-01 -1.6495E-01
  2.7480E+03  2.2318E-01 -1.6499E-01
  2.7501E+03  2.2300E-01 -1.6502E-01
  2.7522E+03  2.2282E-01 -1.6506E-01
  2.7542E+03  2.2265E-01 -1.6509E-01
  2.7563E+03  2.2248E-01 -1.6513E-01
  2.7583E+03  2.2230E-01 -1.6517E-01
  2.7604E+03  2.2213E-01 -1.6520E-01
  2.7625E+03  2.2195E-01 -1.6524E-01
  2.7645E+03  2.2177E-01 -1.6527E-01
  2.7666E+03  2.2159E-01 -1.6531E-01
  2.7686E+03  2.2141E-01 -1.6534E-01
  2.7707E+03  2.2124E-01 -1.6538E-01
  2.7728E+03  2.2106E-01 -1.6541E-01
  2.7748E+03  2.2088E-01 -1.6544E-01
  2.7769E+03  2.2070E-01 -1.6548E-01
  2.7789E+03  2.2053E-01 -1.6551E-01
  2.7810E+03  2.2035E-01 -1.6555E-01
  2.7831E+03  2.2018E-01 -1.6558E-01
  2.7851E+03  2.2000E-01 -1.6562E-01
  2.7872E+03  2.1983E-01 -1.6565E-01
  2.7892E+03  2.1965E-01 -1.6568E-01
  2.7913E+03  2.1948E-01 -1.6572E-01
  2.7934E+03  2.1930E-01 -1.6575E-01
  2.7954E+03  2.1912E-01 -1.6578E-01
  2.7975E+03  2.1895E-01 -1.6582E-01
  2.7995E+03  2.1877E-01 -1.6585E-01
  2.8016E+03  2.1859E-01 -1.6588E-01
  2.8037E+03  2.1842E-01 -1.6592E-01
  2.8057E+03  2.1824E-01 -1.6595E-01
  2.8078E+03  2.1807E-01 -1.6598E-01
  2.8098E+03  2.1789E-01 -1.6601E-01
  2.8119E+03  2.1772E-01 -1.6605E-01
  2.8140E+03  2.1754E-01 -1.6608E-01
  2.8160E+03  2.1737E-01 -1.6611E-01
  2.8181E+03  2.1719E-01 -1.6614E-01
  2.8201E+03  2.1702E-01 -1.6618E-01
  2.8222E+03  2.1684E-01 -1.6621E-01
  2.8243E+03  2.1667E-01 -1.6624E-01
  2.8263E+03  2.1649E-01 -1.6627E-01
  2.8284E+03  2.1632E-01 -1.6630E-01
  2.8304E+03  2.1614E-01 -1.6633E-01
  2.8325E+03  2.1597E-01 -1.6636E-01
  2.8346E+03  2.1579E-01 -1.6640E-01
  2.8366E+03  2.1562E-01 -1.6643E-01
  2.8387E+03  2.1544E-01 -1.6646E-01
  2.8407E+03  2.1527E-01 -1.6649E-01
  2.8428E+03  2.1509E-01 -1.6652E-01
  2.8449E+03  2.1492E-01 -1.6655E-01
  2.8469E+03  2.1475E-01 -1.6658E-01
  2.8490E+03  2.1457E-01 -1.6661E-01
  2.8510E+03  2.1440E-01 -1.6664E-01
  2.8531E+03  2.1422E-01 -1.6667E-01
  2.8552E+03  2.1405E-01 -1.6670E-01
  2.8572E+03  2.1388E-01 -1.6673E-01
  2.8593E+03  2.1370E-01 -1.6676E-01
  2.8613E+03  2.1353E-01 -1.6679E-01
  2.8634E+03  2.1335E-01 -1.6682E-01
  2.8655E+03  2.1318E-01 -1.6685E-01
  2.8675E+03  2.1300E-01 -1.6688E-01
  2.8696E+03  2.1283E-01 -1.6691E-01
  2.8716E+03  2.1266E-01 -1.6694E-01
  2.8737E+03  2.1248E-01 -1.6697E-01
  2.8758E+03  2.1231E-01 -1.6700E-01
  2.8778E+03  2.1214E-01 -1.6703E-01
  2.8799E+03  2.1196E-01 -1.6706E-01
  2.8819E+03  2.1179E-01 -1.6709E-01
  2.8840E+03  2.1162E-01 -1.6711E-01
  2.8861E+03  2.1144E-01 -1.6714E-01
  2.8881E+03  2.1127E-01 -1.6717E-01
  2.8902E+03  2.1110E-01 -1.6720E-01
  2.8922E+03  2.1092E-01 -1.6723E-01
  2.8943E+03  2.1075E-01 -1.6726E-01
  2.8964E+03  2.1057E-01 -1.6728E-01
  2.8984E+03  2.1040E-01 -1.6731E-01
  2.9005E+03  2.1023E-01 -1.6734E-01
  2.9025E+03  2.1006E-01 -1.6737E-01
  2.9046E+03  2.0989E-01 -1.6739E-01
  2.9067E+03  2.0971E-01 -1.6742E-01
  2.9087E+03  2.0954E-01 -1.6745E-01
  2.9108E+03  2.0937E-01 -1.6748E-01
  2.9128E+03  2.0920E-01 -1.6750E-01
  2.9149E+03  2.0902E-01 -1.6753E-01
  2.9170E+03  2.0885E-01 -1.6756E-01
  2.9190E+03  2.0868E-01 -1.6758E-01
  2.9211E+03  2.0850E-01 -1.6761E-01
  2.9231E+03  2.0833E-01 -1.6764E-01
  2.9252E+03  2.0816E-01 -1.6766E-01
  2.9273E+03  2.0798E-01 -1.6769E-01
  2.9293E+03  2.0781E-01 -1.6772E-01
  2.9314E+03  2.0764E-01 -1.6774E-01
  2.9334E+03  2.0747E-01 -1.6777E-01
  2.9355E+03  2.0730E-01 -1.6779E-01
  2.9376E+03  2.0713E-01 -1.6782E-01
  2.9396E+03  2.0696E-01 -1.6785E-01
  2.9417E+03  2.0679E-01 -1.6787E-01
  2.9437E+03  2.0661E-01 -1.6790E-01
  2.9458E+03  2.0644E-01 -1.6792E-01
  2.9479E+03  2.0627E-01 -1.6795E-01
  2.9499E+03  2.0609E-01 -1.6797E-01
  2.9520E+03  2.0592E-01 -1.6800E-01
  2.9540E+03  2.0575E-01 -1.6802E-01
  2.9561E+03  2.0558E-01 -1.6805E-01
  2.9582E+03  2.0541E-01 -1.6807E-01
  2.9602E+03  2.0524E-01 -1.6810E-01
  2.9623E+03  2.0507E-01 -1.6812E-01
  2.9643E+03  2.0490E-01 -1.6815E-01
  2.9664E+03  2.0473E-01 -1.6817E-01
  2.9685E+03  2.0456E-01 -1.6819E-01
  2.9705E+03  2.0439E-01 -1.6822E-01
  2.9726E+03  2.0421E-01 -1.6824E-01
  2.9746E+03  2.0404E-01 -1.6827E-01
  2.9767E+03  2.0387E-01 -1.6829E-01
  2.9788E+03  2.0370E-01 -1.6831E-01
  2.9808E+03  2.0353E-01 -1.6834E-01
  2.9829E+03  2.0336E-01 -1.6836E-01
  2.9849E+03  2.0319E-01 -1.6838E-01
  2.9870E+03  2.0302E-01 -1.6841E-01
  2.9891E+03  2.0285E-01 -1.6843E-01
  2.9911E+03  2.0268E-01 -1.6845E-01
  2.9932E+03  2.0251E-01 -1.6848E-01
  2.9952E+03  2.0234E-01 -1.6850E-01
  2.9973E+03  2.0217E-01 -1.6852E-01
  2.9994E+03  2.0200E-01 -1.6854E-01
  3.0000E+03  2.0194E-01 -1.6855E-01
