# CREATED BY GENE DIAGNOSTICS TOOL on Wed Mar 17 19:38:21 2021
# diag: timetrace, run(s): 0061, time window: 0-1000(1491 steps), species: ions
# original data path: /marconi_scratch/userexternal/cmoreno0/GAMZF_convergence/w7x_surface/scanfiles0000/
# normalization: L_ref=1.65m
#
#  t          Re[phi]     Im[phi]   
  0.0000E+00  9.9997E-01  0.0000E+00
  6.7120E-01  9.9082E-01 -4.7411E-04
  1.3424E+00  9.6655E-01 -8.8191E-04
  2.0136E+00  9.3381E-01 -1.2142E-03
  2.6848E+00  8.9919E-01 -1.4914E-03
  3.3560E+00  8.6739E-01 -1.7494E-03
  4.0272E+00  8.4077E-01 -2.0126E-03
  4.6984E+00  8.1974E-01 -2.2870E-03
  5.3696E+00  8.0346E-01 -2.5682E-03
  6.0408E+00  7.9056E-01 -2.8503E-03
  6.7120E+00  7.7963E-01 -3.1283E-03
  7.3832E+00  7.6952E-01 -3.3985E-03
  8.0544E+00  7.5945E-01 -3.6579E-03
  8.7256E+00  7.4906E-01 -3.9039E-03
  9.3968E+00  7.3827E-01 -4.1343E-03
  1.0068E+01  7.2721E-01 -4.3475E-03
  1.0739E+01  7.1610E-01 -4.5423E-03
  1.1410E+01  7.0516E-01 -4.7183E-03
  1.2082E+01  6.9459E-01 -4.8759E-03
  1.2753E+01  6.8457E-01 -5.0167E-03
  1.3424E+01  6.7518E-01 -5.1423E-03
  1.4095E+01  6.6648E-01 -5.2548E-03
  1.4766E+01  6.5849E-01 -5.3565E-03
  1.5438E+01  6.5122E-01 -5.4503E-03
  1.6109E+01  6.4468E-01 -5.5392E-03
  1.6780E+01  6.3885E-01 -5.6258E-03
  1.7451E+01  6.3372E-01 -5.7125E-03
  1.8122E+01  6.2928E-01 -5.8014E-03
  1.8794E+01  6.2552E-01 -5.8949E-03
  1.9465E+01  6.2242E-01 -5.9955E-03
  2.0136E+01  6.1999E-01 -6.1050E-03
  2.0807E+01  6.1817E-01 -6.2242E-03
  2.1478E+01  6.1692E-01 -6.3533E-03
  2.2150E+01  6.1622E-01 -6.4932E-03
  2.2821E+01  6.1601E-01 -6.6445E-03
  2.3492E+01  6.1627E-01 -6.8075E-03
  2.4163E+01  6.1692E-01 -6.9815E-03
  2.4834E+01  6.1793E-01 -7.1660E-03
  2.5506E+01  6.1923E-01 -7.3603E-03
  2.6177E+01  6.2078E-01 -7.5635E-03
  2.6848E+01  6.2252E-01 -7.7747E-03
  2.7519E+01  6.2440E-01 -7.9926E-03
  2.8190E+01  6.2638E-01 -8.2156E-03
  2.8862E+01  6.2839E-01 -8.4424E-03
  2.9533E+01  6.3041E-01 -8.6719E-03
  3.0204E+01  6.3240E-01 -8.9030E-03
  3.0875E+01  6.3431E-01 -9.1344E-03
  3.1546E+01  6.3613E-01 -9.3651E-03
  3.2218E+01  6.3782E-01 -9.5945E-03
  3.2889E+01  6.3937E-01 -9.8216E-03
  3.3560E+01  6.4075E-01 -1.0046E-02
  3.4231E+01  6.4195E-01 -1.0265E-02
  3.4902E+01  6.4297E-01 -1.0480E-02
  3.5574E+01  6.4379E-01 -1.0691E-02
  3.6245E+01  6.4441E-01 -1.0896E-02
  3.6916E+01  6.4484E-01 -1.1096E-02
  3.7587E+01  6.4508E-01 -1.1290E-02
  3.8258E+01  6.4513E-01 -1.1479E-02
  3.8930E+01  6.4501E-01 -1.1662E-02
  3.9601E+01  6.4473E-01 -1.1842E-02
  4.0272E+01  6.4429E-01 -1.2017E-02
  4.0943E+01  6.4372E-01 -1.2187E-02
  4.1614E+01  6.4301E-01 -1.2352E-02
  4.2286E+01  6.4218E-01 -1.2513E-02
  4.2957E+01  6.4126E-01 -1.2670E-02
  4.3628E+01  6.4025E-01 -1.2824E-02
  4.4299E+01  6.3916E-01 -1.2975E-02
  4.4970E+01  6.3802E-01 -1.3125E-02
  4.5642E+01  6.3683E-01 -1.3272E-02
  4.6313E+01  6.3561E-01 -1.3418E-02
  4.6984E+01  6.3437E-01 -1.3563E-02
  4.7655E+01  6.3312E-01 -1.3707E-02
  4.8326E+01  6.3187E-01 -1.3852E-02
  4.8998E+01  6.3062E-01 -1.3995E-02
  4.9669E+01  6.2939E-01 -1.4140E-02
  5.0340E+01  6.2817E-01 -1.4284E-02
  5.1011E+01  6.2698E-01 -1.4430E-02
  5.1682E+01  6.2583E-01 -1.4577E-02
  5.2354E+01  6.2470E-01 -1.4725E-02
  5.3025E+01  6.2362E-01 -1.4875E-02
  5.3696E+01  6.2257E-01 -1.5027E-02
  5.4367E+01  6.2156E-01 -1.5180E-02
  5.5038E+01  6.2059E-01 -1.5334E-02
  5.5710E+01  6.1965E-01 -1.5490E-02
  5.6381E+01  6.1875E-01 -1.5648E-02
  5.7052E+01  6.1790E-01 -1.5808E-02
  5.7723E+01  6.1707E-01 -1.5969E-02
  5.8394E+01  6.1628E-01 -1.6132E-02
  5.9066E+01  6.1552E-01 -1.6296E-02
  5.9737E+01  6.1479E-01 -1.6463E-02
  6.0408E+01  6.1409E-01 -1.6631E-02
  6.1079E+01  6.1342E-01 -1.6800E-02
  6.1750E+01  6.1276E-01 -1.6969E-02
  6.2422E+01  6.1212E-01 -1.7138E-02
  6.3093E+01  6.1150E-01 -1.7308E-02
  6.3764E+01  6.1089E-01 -1.7479E-02
  6.4435E+01  6.1030E-01 -1.7649E-02
  6.5106E+01  6.0972E-01 -1.7820E-02
  6.5778E+01  6.0915E-01 -1.7990E-02
  6.6449E+01  6.0859E-01 -1.8161E-02
  6.7120E+01  6.0803E-01 -1.8331E-02
  6.7791E+01  6.0749E-01 -1.8502E-02
  6.8462E+01  6.0695E-01 -1.8671E-02
  6.9134E+01  6.0641E-01 -1.8840E-02
  6.9805E+01  6.0587E-01 -1.9008E-02
  7.0476E+01  6.0534E-01 -1.9176E-02
  7.1147E+01  6.0482E-01 -1.9343E-02
  7.1818E+01  6.0429E-01 -1.9509E-02
  7.2490E+01  6.0377E-01 -1.9675E-02
  7.3161E+01  6.0326E-01 -1.9840E-02
  7.3832E+01  6.0274E-01 -2.0006E-02
  7.4503E+01  6.0223E-01 -2.0170E-02
  7.5174E+01  6.0172E-01 -2.0334E-02
  7.5846E+01  6.0122E-01 -2.0496E-02
  7.6517E+01  6.0071E-01 -2.0659E-02
  7.7188E+01  6.0021E-01 -2.0821E-02
  7.7859E+01  5.9971E-01 -2.0983E-02
  7.8530E+01  5.9922E-01 -2.1145E-02
  7.9202E+01  5.9872E-01 -2.1306E-02
  7.9873E+01  5.9823E-01 -2.1467E-02
  8.0544E+01  5.9775E-01 -2.1629E-02
  8.1215E+01  5.9727E-01 -2.1791E-02
  8.1886E+01  5.9679E-01 -2.1952E-02
  8.2558E+01  5.9630E-01 -2.2111E-02
  8.3229E+01  5.9582E-01 -2.2270E-02
  8.3900E+01  5.9534E-01 -2.2429E-02
  8.4571E+01  5.9487E-01 -2.2587E-02
  8.5242E+01  5.9439E-01 -2.2746E-02
  8.5914E+01  5.9392E-01 -2.2904E-02
  8.6585E+01  5.9345E-01 -2.3061E-02
  8.7256E+01  5.9298E-01 -2.3219E-02
  8.7927E+01  5.9251E-01 -2.3377E-02
  8.8598E+01  5.9205E-01 -2.3534E-02
  8.9270E+01  5.9158E-01 -2.3690E-02
  8.9941E+01  5.9112E-01 -2.3847E-02
  9.0612E+01  5.9066E-01 -2.4003E-02
  9.1283E+01  5.9020E-01 -2.4159E-02
  9.1954E+01  5.8975E-01 -2.4314E-02
  9.2626E+01  5.8930E-01 -2.4470E-02
  9.3297E+01  5.8885E-01 -2.4626E-02
  9.3968E+01  5.8840E-01 -2.4782E-02
  9.4639E+01  5.8796E-01 -2.4939E-02
  9.5310E+01  5.8751E-01 -2.5095E-02
  9.5982E+01  5.8707E-01 -2.5250E-02
  9.6653E+01  5.8664E-01 -2.5406E-02
  9.7324E+01  5.8620E-01 -2.5562E-02
  9.7995E+01  5.8577E-01 -2.5718E-02
  9.8666E+01  5.8535E-01 -2.5874E-02
  9.9338E+01  5.8492E-01 -2.6030E-02
  1.0001E+02  5.8450E-01 -2.6186E-02
  1.0068E+02  5.8409E-01 -2.6343E-02
  1.0135E+02  5.8368E-01 -2.6500E-02
  1.0202E+02  5.8327E-01 -2.6656E-02
  1.0269E+02  5.8286E-01 -2.6812E-02
  1.0336E+02  5.8245E-01 -2.6967E-02
  1.0404E+02  5.8204E-01 -2.7122E-02
  1.0471E+02  5.8164E-01 -2.7276E-02
  1.0538E+02  5.8124E-01 -2.7430E-02
  1.0605E+02  5.8084E-01 -2.7584E-02
  1.0672E+02  5.8045E-01 -2.7738E-02
  1.0739E+02  5.8006E-01 -2.7891E-02
  1.0806E+02  5.7967E-01 -2.8044E-02
  1.0873E+02  5.7928E-01 -2.8197E-02
  1.0941E+02  5.7889E-01 -2.8350E-02
  1.1008E+02  5.7851E-01 -2.8502E-02
  1.1075E+02  5.7812E-01 -2.8653E-02
  1.1142E+02  5.7775E-01 -2.8805E-02
  1.1209E+02  5.7737E-01 -2.8956E-02
  1.1276E+02  5.7700E-01 -2.9107E-02
  1.1343E+02  5.7663E-01 -2.9258E-02
  1.1410E+02  5.7626E-01 -2.9409E-02
  1.1478E+02  5.7590E-01 -2.9561E-02
  1.1545E+02  5.7554E-01 -2.9712E-02
  1.1612E+02  5.7519E-01 -2.9862E-02
  1.1679E+02  5.7483E-01 -3.0013E-02
  1.1746E+02  5.7448E-01 -3.0164E-02
  1.1813E+02  5.7413E-01 -3.0314E-02
  1.1880E+02  5.7379E-01 -3.0465E-02
  1.1947E+02  5.7344E-01 -3.0616E-02
  1.2014E+02  5.7311E-01 -3.0767E-02
  1.2082E+02  5.7277E-01 -3.0918E-02
  1.2149E+02  5.7244E-01 -3.1069E-02
  1.2216E+02  5.7211E-01 -3.1221E-02
  1.2283E+02  5.7178E-01 -3.1371E-02
  1.2350E+02  5.7145E-01 -3.1521E-02
  1.2417E+02  5.7112E-01 -3.1670E-02
  1.2484E+02  5.7080E-01 -3.1819E-02
  1.2551E+02  5.7048E-01 -3.1968E-02
  1.2619E+02  5.7015E-01 -3.2116E-02
  1.2686E+02  5.6984E-01 -3.2264E-02
  1.2753E+02  5.6952E-01 -3.2412E-02
  1.2820E+02  5.6921E-01 -3.2560E-02
  1.2887E+02  5.6890E-01 -3.2707E-02
  1.2954E+02  5.6859E-01 -3.2854E-02
  1.3021E+02  5.6828E-01 -3.3001E-02
  1.3088E+02  5.6797E-01 -3.3147E-02
  1.3156E+02  5.6767E-01 -3.3293E-02
  1.3223E+02  5.6736E-01 -3.3439E-02
  1.3290E+02  5.6706E-01 -3.3585E-02
  1.3357E+02  5.6676E-01 -3.3731E-02
  1.3424E+02  5.6646E-01 -3.3877E-02
  1.3491E+02  5.6617E-01 -3.4023E-02
  1.3558E+02  5.6588E-01 -3.4169E-02
  1.3625E+02  5.6559E-01 -3.4314E-02
  1.3692E+02  5.6530E-01 -3.4460E-02
  1.3760E+02  5.6501E-01 -3.4606E-02
  1.3827E+02  5.6472E-01 -3.4751E-02
  1.3894E+02  5.6444E-01 -3.4897E-02
  1.3961E+02  5.6415E-01 -3.5043E-02
  1.4028E+02  5.6387E-01 -3.5188E-02
  1.4095E+02  5.6359E-01 -3.5334E-02
  1.4162E+02  5.6332E-01 -3.5481E-02
  1.4229E+02  5.6305E-01 -3.5627E-02
  1.4297E+02  5.6277E-01 -3.5773E-02
  1.4364E+02  5.6250E-01 -3.5918E-02
  1.4431E+02  5.6223E-01 -3.6062E-02
  1.4498E+02  5.6196E-01 -3.6206E-02
  1.4565E+02  5.6169E-01 -3.6350E-02
  1.4632E+02  5.6142E-01 -3.6494E-02
  1.4699E+02  5.6116E-01 -3.6637E-02
  1.4766E+02  5.6089E-01 -3.6780E-02
  1.4834E+02  5.6062E-01 -3.6922E-02
  1.4901E+02  5.6036E-01 -3.7065E-02
  1.4968E+02  5.6010E-01 -3.7207E-02
  1.5035E+02  5.5983E-01 -3.7349E-02
  1.5102E+02  5.5957E-01 -3.7491E-02
  1.5169E+02  5.5931E-01 -3.7632E-02
  1.5236E+02  5.5905E-01 -3.7773E-02
  1.5303E+02  5.5879E-01 -3.7914E-02
  1.5370E+02  5.5854E-01 -3.8055E-02
  1.5438E+02  5.5828E-01 -3.8196E-02
  1.5505E+02  5.5802E-01 -3.8337E-02
  1.5572E+02  5.5777E-01 -3.8479E-02
  1.5639E+02  5.5751E-01 -3.8620E-02
  1.5706E+02  5.5726E-01 -3.8761E-02
  1.5773E+02  5.5702E-01 -3.8903E-02
  1.5840E+02  5.5677E-01 -3.9044E-02
  1.5907E+02  5.5652E-01 -3.9185E-02
  1.5975E+02  5.5628E-01 -3.9327E-02
  1.6042E+02  5.5604E-01 -3.9468E-02
  1.6109E+02  5.5580E-01 -3.9610E-02
  1.6176E+02  5.5557E-01 -3.9752E-02
  1.6243E+02  5.5533E-01 -3.9894E-02
  1.6310E+02  5.5509E-01 -4.0036E-02
  1.6377E+02  5.5486E-01 -4.0177E-02
  1.6444E+02  5.5462E-01 -4.0318E-02
  1.6512E+02  5.5439E-01 -4.0459E-02
  1.6579E+02  5.5415E-01 -4.0599E-02
  1.6646E+02  5.5392E-01 -4.0738E-02
  1.6713E+02  5.5369E-01 -4.0878E-02
  1.6780E+02  5.5347E-01 -4.1017E-02
  1.6847E+02  5.5324E-01 -4.1156E-02
  1.6914E+02  5.5301E-01 -4.1295E-02
  1.6981E+02  5.5278E-01 -4.1434E-02
  1.7048E+02  5.5255E-01 -4.1572E-02
  1.7116E+02  5.5232E-01 -4.1710E-02
  1.7183E+02  5.5209E-01 -4.1848E-02
  1.7250E+02  5.5187E-01 -4.1986E-02
  1.7317E+02  5.5164E-01 -4.2124E-02
  1.7384E+02  5.5142E-01 -4.2262E-02
  1.7451E+02  5.5120E-01 -4.2400E-02
  1.7518E+02  5.5098E-01 -4.2538E-02
  1.7585E+02  5.5077E-01 -4.2676E-02
  1.7653E+02  5.5056E-01 -4.2814E-02
  1.7720E+02  5.5035E-01 -4.2953E-02
  1.7787E+02  5.5014E-01 -4.3091E-02
  1.7854E+02  5.4993E-01 -4.3229E-02
  1.7921E+02  5.4972E-01 -4.3368E-02
  1.7988E+02  5.4951E-01 -4.3507E-02
  1.8055E+02  5.4931E-01 -4.3645E-02
  1.8122E+02  5.4910E-01 -4.3784E-02
  1.8190E+02  5.4891E-01 -4.3924E-02
  1.8257E+02  5.4871E-01 -4.4063E-02
  1.8324E+02  5.4852E-01 -4.4203E-02
  1.8391E+02  5.4833E-01 -4.4342E-02
  1.8458E+02  5.4813E-01 -4.4480E-02
  1.8525E+02  5.4794E-01 -4.4618E-02
  1.8592E+02  5.4775E-01 -4.4756E-02
  1.8659E+02  5.4755E-01 -4.4894E-02
  1.8726E+02  5.4735E-01 -4.5031E-02
  1.8794E+02  5.4715E-01 -4.5168E-02
  1.8861E+02  5.4695E-01 -4.5305E-02
  1.8928E+02  5.4675E-01 -4.5441E-02
  1.8995E+02  5.4656E-01 -4.5578E-02
  1.9062E+02  5.4636E-01 -4.5714E-02
  1.9129E+02  5.4618E-01 -4.5850E-02
  1.9196E+02  5.4599E-01 -4.5986E-02
  1.9263E+02  5.4581E-01 -4.6121E-02
  1.9331E+02  5.4563E-01 -4.6257E-02
  1.9398E+02  5.4545E-01 -4.6392E-02
  1.9465E+02  5.4527E-01 -4.6528E-02
  1.9532E+02  5.4508E-01 -4.6664E-02
  1.9599E+02  5.4490E-01 -4.6800E-02
  1.9666E+02  5.4471E-01 -4.6936E-02
  1.9733E+02  5.4453E-01 -4.7072E-02
  1.9800E+02  5.4434E-01 -4.7208E-02
  1.9868E+02  5.4416E-01 -4.7344E-02
  1.9935E+02  5.4398E-01 -4.7481E-02
  2.0002E+02  5.4381E-01 -4.7617E-02
  2.0069E+02  5.4364E-01 -4.7754E-02
  2.0136E+02  5.4348E-01 -4.7891E-02
  2.0203E+02  5.4332E-01 -4.8028E-02
  2.0270E+02  5.4316E-01 -4.8165E-02
  2.0337E+02  5.4301E-01 -4.8302E-02
  2.0404E+02  5.4285E-01 -4.8439E-02
  2.0472E+02  5.4269E-01 -4.8576E-02
  2.0539E+02  5.4252E-01 -4.8712E-02
  2.0606E+02  5.4235E-01 -4.8848E-02
  2.0673E+02  5.4217E-01 -4.8984E-02
  2.0740E+02  5.4198E-01 -4.9119E-02
  2.0807E+02  5.4180E-01 -4.9254E-02
  2.0874E+02  5.4161E-01 -4.9389E-02
  2.0941E+02  5.4143E-01 -4.9523E-02
  2.1009E+02  5.4126E-01 -4.9657E-02
  2.1076E+02  5.4108E-01 -4.9791E-02
  2.1143E+02  5.4092E-01 -4.9925E-02
  2.1210E+02  5.4076E-01 -5.0059E-02
  2.1277E+02  5.4060E-01 -5.0192E-02
  2.1344E+02  5.4045E-01 -5.0325E-02
  2.1411E+02  5.4030E-01 -5.0458E-02
  2.1478E+02  5.4014E-01 -5.0591E-02
  2.1546E+02  5.3999E-01 -5.0725E-02
  2.1613E+02  5.3983E-01 -5.0858E-02
  2.1680E+02  5.3966E-01 -5.0992E-02
  2.1747E+02  5.3949E-01 -5.1126E-02
  2.1814E+02  5.3932E-01 -5.1259E-02
  2.1881E+02  5.3914E-01 -5.1393E-02
  2.1948E+02  5.3897E-01 -5.1527E-02
  2.2015E+02  5.3879E-01 -5.1661E-02
  2.2082E+02  5.3862E-01 -5.1795E-02
  2.2150E+02  5.3846E-01 -5.1929E-02
  2.2217E+02  5.3830E-01 -5.2064E-02
  2.2284E+02  5.3815E-01 -5.2199E-02
  2.2351E+02  5.3801E-01 -5.2333E-02
  2.2418E+02  5.3787E-01 -5.2468E-02
  2.2485E+02  5.3773E-01 -5.2602E-02
  2.2552E+02  5.3760E-01 -5.2737E-02
  2.2619E+02  5.3746E-01 -5.2870E-02
  2.2687E+02  5.3732E-01 -5.3004E-02
  2.2754E+02  5.3716E-01 -5.3137E-02
  2.2821E+02  5.3700E-01 -5.3269E-02
  2.2888E+02  5.3684E-01 -5.3402E-02
  2.2955E+02  5.3666E-01 -5.3534E-02
  2.3022E+02  5.3648E-01 -5.3666E-02
  2.3089E+02  5.3629E-01 -5.3797E-02
  2.3156E+02  5.3611E-01 -5.3928E-02
  2.3224E+02  5.3592E-01 -5.4060E-02
  2.3291E+02  5.3574E-01 -5.4190E-02
  2.3358E+02  5.3556E-01 -5.4321E-02
  2.3425E+02  5.3539E-01 -5.4452E-02
  2.3492E+02  5.3523E-01 -5.4582E-02
  2.3559E+02  5.3507E-01 -5.4713E-02
  2.3626E+02  5.3493E-01 -5.4844E-02
  2.3693E+02  5.3479E-01 -5.4975E-02
  2.3760E+02  5.3465E-01 -5.5106E-02
  2.3828E+02  5.3451E-01 -5.5237E-02
  2.3895E+02  5.3438E-01 -5.5368E-02
  2.3962E+02  5.3423E-01 -5.5500E-02
  2.4029E+02  5.3408E-01 -5.5631E-02
  2.4096E+02  5.3393E-01 -5.5762E-02
  2.4163E+02  5.3377E-01 -5.5894E-02
  2.4230E+02  5.3361E-01 -5.6026E-02
  2.4297E+02  5.3344E-01 -5.6158E-02
  2.4365E+02  5.3327E-01 -5.6290E-02
  2.4432E+02  5.3310E-01 -5.6422E-02
  2.4499E+02  5.3293E-01 -5.6555E-02
  2.4566E+02  5.3277E-01 -5.6686E-02
  2.4633E+02  5.3260E-01 -5.6818E-02
  2.4700E+02  5.3244E-01 -5.6949E-02
  2.4767E+02  5.3229E-01 -5.7080E-02
  2.4834E+02  5.3214E-01 -5.7211E-02
  2.4902E+02  5.3199E-01 -5.7341E-02
  2.4969E+02  5.3184E-01 -5.7471E-02
  2.5036E+02  5.3170E-01 -5.7600E-02
  2.5103E+02  5.3155E-01 -5.7730E-02
  2.5170E+02  5.3140E-01 -5.7859E-02
  2.5237E+02  5.3126E-01 -5.7988E-02
  2.5304E+02  5.3110E-01 -5.8117E-02
  2.5371E+02  5.3095E-01 -5.8245E-02
  2.5438E+02  5.3079E-01 -5.8374E-02
  2.5506E+02  5.3063E-01 -5.8502E-02
  2.5573E+02  5.3047E-01 -5.8630E-02
  2.5640E+02  5.3031E-01 -5.8759E-02
  2.5707E+02  5.3015E-01 -5.8887E-02
  2.5774E+02  5.2998E-01 -5.9016E-02
  2.5841E+02  5.2982E-01 -5.9145E-02
  2.5908E+02  5.2966E-01 -5.9274E-02
  2.5975E+02  5.2949E-01 -5.9403E-02
  2.6043E+02  5.2933E-01 -5.9532E-02
  2.6110E+02  5.2916E-01 -5.9662E-02
  2.6177E+02  5.2900E-01 -5.9791E-02
  2.6244E+02  5.2883E-01 -5.9921E-02
  2.6311E+02  5.2867E-01 -6.0050E-02
  2.6378E+02  5.2851E-01 -6.0180E-02
  2.6445E+02  5.2835E-01 -6.0310E-02
  2.6512E+02  5.2820E-01 -6.0440E-02
  2.6580E+02  5.2805E-01 -6.0570E-02
  2.6647E+02  5.2790E-01 -6.0700E-02
  2.6714E+02  5.2776E-01 -6.0829E-02
  2.6781E+02  5.2762E-01 -6.0958E-02
  2.6848E+02  5.2749E-01 -6.1087E-02
  2.6915E+02  5.2736E-01 -6.1215E-02
  2.6982E+02  5.2723E-01 -6.1344E-02
  2.7049E+02  5.2710E-01 -6.1472E-02
  2.7116E+02  5.2697E-01 -6.1599E-02
  2.7184E+02  5.2684E-01 -6.1727E-02
  2.7251E+02  5.2671E-01 -6.1854E-02
  2.7318E+02  5.2657E-01 -6.1981E-02
  2.7385E+02  5.2643E-01 -6.2108E-02
  2.7452E+02  5.2628E-01 -6.2234E-02
  2.7519E+02  5.2612E-01 -6.2361E-02
  2.7586E+02  5.2596E-01 -6.2487E-02
  2.7653E+02  5.2579E-01 -6.2614E-02
  2.7721E+02  5.2563E-01 -6.2741E-02
  2.7788E+02  5.2546E-01 -6.2867E-02
  2.7855E+02  5.2530E-01 -6.2994E-02
  2.7922E+02  5.2513E-01 -6.3121E-02
  2.7989E+02  5.2498E-01 -6.3248E-02
  2.8056E+02  5.2482E-01 -6.3375E-02
  2.8123E+02  5.2468E-01 -6.3503E-02
  2.8190E+02  5.2453E-01 -6.3630E-02
  2.8258E+02  5.2439E-01 -6.3758E-02
  2.8325E+02  5.2425E-01 -6.3886E-02
  2.8392E+02  5.2412E-01 -6.4014E-02
  2.8459E+02  5.2398E-01 -6.4142E-02
  2.8526E+02  5.2384E-01 -6.4270E-02
  2.8593E+02  5.2371E-01 -6.4398E-02
  2.8660E+02  5.2357E-01 -6.4526E-02
  2.8727E+02  5.2342E-01 -6.4653E-02
  2.8794E+02  5.2328E-01 -6.4781E-02
  2.8862E+02  5.2314E-01 -6.4908E-02
  2.8929E+02  5.2299E-01 -6.5035E-02
  2.8996E+02  5.2284E-01 -6.5161E-02
  2.9063E+02  5.2268E-01 -6.5288E-02
  2.9130E+02  5.2253E-01 -6.5414E-02
  2.9197E+02  5.2238E-01 -6.5540E-02
  2.9264E+02  5.2223E-01 -6.5665E-02
  2.9331E+02  5.2209E-01 -6.5791E-02
  2.9399E+02  5.2195E-01 -6.5916E-02
  2.9466E+02  5.2181E-01 -6.6041E-02
  2.9533E+02  5.2168E-01 -6.6166E-02
  2.9600E+02  5.2155E-01 -6.6291E-02
  2.9667E+02  5.2142E-01 -6.6415E-02
  2.9734E+02  5.2129E-01 -6.6540E-02
  2.9801E+02  5.2117E-01 -6.6665E-02
  2.9868E+02  5.2105E-01 -6.6790E-02
  2.9936E+02  5.2092E-01 -6.6915E-02
  3.0003E+02  5.2079E-01 -6.7040E-02
  3.0070E+02  5.2067E-01 -6.7166E-02
  3.0137E+02  5.2054E-01 -6.7291E-02
  3.0204E+02  5.2041E-01 -6.7417E-02
  3.0271E+02  5.2028E-01 -6.7542E-02
  3.0338E+02  5.2014E-01 -6.7668E-02
  3.0405E+02  5.2001E-01 -6.7794E-02
  3.0472E+02  5.1988E-01 -6.7920E-02
  3.0540E+02  5.1974E-01 -6.8046E-02
  3.0607E+02  5.1960E-01 -6.8173E-02
  3.0674E+02  5.1946E-01 -6.8299E-02
  3.0741E+02  5.1932E-01 -6.8425E-02
  3.0808E+02  5.1918E-01 -6.8550E-02
  3.0875E+02  5.1903E-01 -6.8676E-02
  3.0942E+02  5.1890E-01 -6.8801E-02
  3.1009E+02  5.1876E-01 -6.8926E-02
  3.1077E+02  5.1862E-01 -6.9051E-02
  3.1144E+02  5.1848E-01 -6.9175E-02
  3.1211E+02  5.1835E-01 -6.9300E-02
  3.1278E+02  5.1821E-01 -6.9424E-02
  3.1345E+02  5.1807E-01 -6.9547E-02
  3.1412E+02  5.1793E-01 -6.9671E-02
  3.1479E+02  5.1780E-01 -6.9794E-02
  3.1546E+02  5.1766E-01 -6.9917E-02
  3.1614E+02  5.1752E-01 -7.0040E-02
  3.1681E+02  5.1739E-01 -7.0163E-02
  3.1748E+02  5.1725E-01 -7.0286E-02
  3.1815E+02  5.1712E-01 -7.0409E-02
  3.1882E+02  5.1699E-01 -7.0533E-02
  3.1949E+02  5.1686E-01 -7.0656E-02
  3.2016E+02  5.1674E-01 -7.0779E-02
  3.2083E+02  5.1661E-01 -7.0902E-02
  3.2150E+02  5.1647E-01 -7.1026E-02
  3.2218E+02  5.1634E-01 -7.1150E-02
  3.2285E+02  5.1621E-01 -7.1273E-02
  3.2352E+02  5.1608E-01 -7.1397E-02
  3.2419E+02  5.1595E-01 -7.1521E-02
  3.2486E+02  5.1583E-01 -7.1645E-02
  3.2553E+02  5.1570E-01 -7.1770E-02
  3.2620E+02  5.1557E-01 -7.1894E-02
  3.2687E+02  5.1545E-01 -7.2018E-02
  3.2755E+02  5.1533E-01 -7.2142E-02
  3.2822E+02  5.1520E-01 -7.2266E-02
  3.2889E+02  5.1507E-01 -7.2390E-02
  3.2956E+02  5.1495E-01 -7.2513E-02
  3.3023E+02  5.1482E-01 -7.2637E-02
  3.3090E+02  5.1469E-01 -7.2760E-02
  3.3157E+02  5.1457E-01 -7.2883E-02
  3.3224E+02  5.1444E-01 -7.3005E-02
  3.3292E+02  5.1432E-01 -7.3128E-02
  3.3359E+02  5.1420E-01 -7.3250E-02
  3.3426E+02  5.1408E-01 -7.3372E-02
  3.3493E+02  5.1397E-01 -7.3493E-02
  3.3560E+02  5.1385E-01 -7.3615E-02
  3.3627E+02  5.1373E-01 -7.3736E-02
  3.3694E+02  5.1361E-01 -7.3857E-02
  3.3761E+02  5.1348E-01 -7.3979E-02
  3.3828E+02  5.1336E-01 -7.4100E-02
  3.3896E+02  5.1323E-01 -7.4221E-02
  3.3963E+02  5.1310E-01 -7.4343E-02
  3.4030E+02  5.1297E-01 -7.4464E-02
  3.4097E+02  5.1284E-01 -7.4586E-02
  3.4164E+02  5.1271E-01 -7.4707E-02
  3.4231E+02  5.1258E-01 -7.4829E-02
  3.4298E+02  5.1245E-01 -7.4951E-02
  3.4365E+02  5.1232E-01 -7.5073E-02
  3.4433E+02  5.1220E-01 -7.5195E-02
  3.4500E+02  5.1207E-01 -7.5317E-02
  3.4567E+02  5.1194E-01 -7.5440E-02
  3.4634E+02  5.1181E-01 -7.5562E-02
  3.4701E+02  5.1167E-01 -7.5684E-02
  3.4768E+02  5.1154E-01 -7.5807E-02
  3.4835E+02  5.1141E-01 -7.5929E-02
  3.4902E+02  5.1128E-01 -7.6051E-02
  3.4970E+02  5.1116E-01 -7.6173E-02
  3.5037E+02  5.1104E-01 -7.6294E-02
  3.5104E+02  5.1092E-01 -7.6416E-02
  3.5171E+02  5.1080E-01 -7.6537E-02
  3.5238E+02  5.1069E-01 -7.6658E-02
  3.5305E+02  5.1057E-01 -7.6779E-02
  3.5372E+02  5.1046E-01 -7.6899E-02
  3.5439E+02  5.1035E-01 -7.7019E-02
  3.5506E+02  5.1023E-01 -7.7140E-02
  3.5574E+02  5.1011E-01 -7.7259E-02
  3.5641E+02  5.0999E-01 -7.7379E-02
  3.5708E+02  5.0987E-01 -7.7499E-02
  3.5775E+02  5.0975E-01 -7.7619E-02
  3.5842E+02  5.0963E-01 -7.7738E-02
  3.5909E+02  5.0950E-01 -7.7858E-02
  3.5976E+02  5.0938E-01 -7.7977E-02
  3.6043E+02  5.0926E-01 -7.8097E-02
  3.6111E+02  5.0913E-01 -7.8217E-02
  3.6178E+02  5.0901E-01 -7.8337E-02
  3.6245E+02  5.0888E-01 -7.8457E-02
  3.6312E+02  5.0875E-01 -7.8577E-02
  3.6379E+02  5.0862E-01 -7.8697E-02
  3.6446E+02  5.0848E-01 -7.8817E-02
  3.6513E+02  5.0835E-01 -7.8938E-02
  3.6580E+02  5.0821E-01 -7.9058E-02
  3.6648E+02  5.0808E-01 -7.9179E-02
  3.6715E+02  5.0794E-01 -7.9299E-02
  3.6782E+02  5.0781E-01 -7.9420E-02
  3.6849E+02  5.0769E-01 -7.9540E-02
  3.6916E+02  5.0757E-01 -7.9660E-02
  3.6983E+02  5.0745E-01 -7.9781E-02
  3.7050E+02  5.0733E-01 -7.9901E-02
  3.7117E+02  5.0722E-01 -8.0020E-02
  3.7184E+02  5.0710E-01 -8.0140E-02
  3.7252E+02  5.0700E-01 -8.0259E-02
  3.7319E+02  5.0689E-01 -8.0379E-02
  3.7386E+02  5.0678E-01 -8.0497E-02
  3.7453E+02  5.0667E-01 -8.0616E-02
  3.7520E+02  5.0657E-01 -8.0735E-02
  3.7587E+02  5.0647E-01 -8.0853E-02
  3.7654E+02  5.0636E-01 -8.0971E-02
  3.7721E+02  5.0626E-01 -8.1089E-02
  3.7789E+02  5.0617E-01 -8.1207E-02
  3.7856E+02  5.0607E-01 -8.1325E-02
  3.7923E+02  5.0597E-01 -8.1443E-02
  3.7990E+02  5.0587E-01 -8.1561E-02
  3.8057E+02  5.0577E-01 -8.1679E-02
  3.8124E+02  5.0567E-01 -8.1797E-02
  3.8191E+02  5.0556E-01 -8.1915E-02
  3.8258E+02  5.0545E-01 -8.2034E-02
  3.8326E+02  5.0533E-01 -8.2152E-02
  3.8393E+02  5.0521E-01 -8.2270E-02
  3.8460E+02  5.0509E-01 -8.2389E-02
  3.8527E+02  5.0497E-01 -8.2508E-02
  3.8594E+02  5.0484E-01 -8.2627E-02
  3.8661E+02  5.0471E-01 -8.2745E-02
  3.8728E+02  5.0458E-01 -8.2864E-02
  3.8795E+02  5.0446E-01 -8.2983E-02
  3.8862E+02  5.0433E-01 -8.3102E-02
  3.8930E+02  5.0420E-01 -8.3221E-02
  3.8997E+02  5.0407E-01 -8.3340E-02
  3.9064E+02  5.0394E-01 -8.3458E-02
  3.9131E+02  5.0381E-01 -8.3576E-02
  3.9198E+02  5.0368E-01 -8.3694E-02
  3.9265E+02  5.0354E-01 -8.3812E-02
  3.9332E+02  5.0341E-01 -8.3930E-02
  3.9399E+02  5.0328E-01 -8.4048E-02
  3.9467E+02  5.0315E-01 -8.4165E-02
  3.9534E+02  5.0302E-01 -8.4282E-02
  3.9601E+02  5.0290E-01 -8.4399E-02
  3.9668E+02  5.0278E-01 -8.4515E-02
  3.9735E+02  5.0266E-01 -8.4632E-02
  3.9802E+02  5.0254E-01 -8.4748E-02
  3.9869E+02  5.0242E-01 -8.4864E-02
  3.9936E+02  5.0231E-01 -8.4981E-02
  4.0004E+02  5.0220E-01 -8.5097E-02
  4.0071E+02  5.0208E-01 -8.5213E-02
  4.0138E+02  5.0197E-01 -8.5330E-02
  4.0205E+02  5.0185E-01 -8.5446E-02
  4.0272E+02  5.0174E-01 -8.5562E-02
  4.0339E+02  5.0162E-01 -8.5679E-02
  4.0406E+02  5.0150E-01 -8.5796E-02
  4.0473E+02  5.0139E-01 -8.5912E-02
  4.0540E+02  5.0127E-01 -8.6029E-02
  4.0608E+02  5.0115E-01 -8.6146E-02
  4.0675E+02  5.0104E-01 -8.6263E-02
  4.0742E+02  5.0092E-01 -8.6380E-02
  4.0809E+02  5.0081E-01 -8.6498E-02
  4.0876E+02  5.0070E-01 -8.6615E-02
  4.0943E+02  5.0059E-01 -8.6732E-02
  4.1010E+02  5.0049E-01 -8.6849E-02
  4.1077E+02  5.0038E-01 -8.6966E-02
  4.1145E+02  5.0028E-01 -8.7083E-02
  4.1212E+02  5.0018E-01 -8.7199E-02
  4.1279E+02  5.0008E-01 -8.7316E-02
  4.1346E+02  4.9999E-01 -8.7432E-02
  4.1413E+02  4.9989E-01 -8.7548E-02
  4.1480E+02  4.9980E-01 -8.7664E-02
  4.1547E+02  4.9971E-01 -8.7780E-02
  4.1614E+02  4.9962E-01 -8.7895E-02
  4.1682E+02  4.9953E-01 -8.8011E-02
  4.1749E+02  4.9945E-01 -8.8126E-02
  4.1816E+02  4.9937E-01 -8.8241E-02
  4.1883E+02  4.9929E-01 -8.8356E-02
  4.1950E+02  4.9920E-01 -8.8471E-02
  4.2017E+02  4.9912E-01 -8.8586E-02
  4.2084E+02  4.9904E-01 -8.8700E-02
  4.2151E+02  4.9895E-01 -8.8815E-02
  4.2218E+02  4.9886E-01 -8.8930E-02
  4.2286E+02  4.9876E-01 -8.9045E-02
  4.2353E+02  4.9865E-01 -8.9160E-02
  4.2420E+02  4.9854E-01 -8.9275E-02
  4.2487E+02  4.9842E-01 -8.9391E-02
  4.2554E+02  4.9829E-01 -8.9506E-02
  4.2621E+02  4.9815E-01 -8.9621E-02
  4.2688E+02  4.9801E-01 -8.9737E-02
  4.2755E+02  4.9786E-01 -8.9852E-02
  4.2823E+02  4.9771E-01 -8.9968E-02
  4.2890E+02  4.9756E-01 -9.0083E-02
  4.2957E+02  4.9740E-01 -9.0199E-02
  4.3024E+02  4.9724E-01 -9.0314E-02
  4.3091E+02  4.9708E-01 -9.0429E-02
  4.3158E+02  4.9692E-01 -9.0545E-02
  4.3225E+02  4.9676E-01 -9.0660E-02
  4.3292E+02  4.9661E-01 -9.0775E-02
  4.3360E+02  4.9646E-01 -9.0889E-02
  4.3427E+02  4.9631E-01 -9.1004E-02
  4.3494E+02  4.9617E-01 -9.1118E-02
  4.3561E+02  4.9604E-01 -9.1232E-02
  4.3628E+02  4.9591E-01 -9.1346E-02
  4.3695E+02  4.9579E-01 -9.1460E-02
  4.3762E+02  4.9568E-01 -9.1573E-02
  4.3829E+02  4.9558E-01 -9.1687E-02
  4.3896E+02  4.9549E-01 -9.1800E-02
  4.3964E+02  4.9541E-01 -9.1913E-02
  4.4031E+02  4.9534E-01 -9.2026E-02
  4.4098E+02  4.9528E-01 -9.2139E-02
  4.4165E+02  4.9523E-01 -9.2253E-02
  4.4232E+02  4.9519E-01 -9.2366E-02
  4.4299E+02  4.9516E-01 -9.2479E-02
  4.4366E+02  4.9513E-01 -9.2593E-02
  4.4433E+02  4.9510E-01 -9.2706E-02
  4.4501E+02  4.9506E-01 -9.2820E-02
  4.4568E+02  4.9502E-01 -9.2933E-02
  4.4635E+02  4.9498E-01 -9.3047E-02
  4.4702E+02  4.9492E-01 -9.3161E-02
  4.4769E+02  4.9485E-01 -9.3275E-02
  4.4836E+02  4.9478E-01 -9.3389E-02
  4.4903E+02  4.9469E-01 -9.3504E-02
  4.4970E+02  4.9459E-01 -9.3618E-02
  4.5038E+02  4.9448E-01 -9.3732E-02
  4.5105E+02  4.9435E-01 -9.3846E-02
  4.5172E+02  4.9422E-01 -9.3960E-02
  4.5239E+02  4.9407E-01 -9.4074E-02
  4.5306E+02  4.9392E-01 -9.4188E-02
  4.5373E+02  4.9375E-01 -9.4302E-02
  4.5440E+02  4.9359E-01 -9.4415E-02
  4.5507E+02  4.9341E-01 -9.4528E-02
  4.5574E+02  4.9323E-01 -9.4641E-02
  4.5642E+02  4.9305E-01 -9.4754E-02
  4.5709E+02  4.9287E-01 -9.4867E-02
  4.5776E+02  4.9269E-01 -9.4979E-02
  4.5843E+02  4.9250E-01 -9.5091E-02
  4.5910E+02  4.9233E-01 -9.5203E-02
  4.5977E+02  4.9215E-01 -9.5315E-02
  4.6044E+02  4.9199E-01 -9.5426E-02
  4.6111E+02  4.9183E-01 -9.5538E-02
  4.6179E+02  4.9169E-01 -9.5649E-02
  4.6246E+02  4.9156E-01 -9.5760E-02
  4.6313E+02  4.9145E-01 -9.5872E-02
  4.6380E+02  4.9136E-01 -9.5983E-02
  4.6447E+02  4.9129E-01 -9.6095E-02
  4.6514E+02  4.9123E-01 -9.6206E-02
  4.6581E+02  4.9119E-01 -9.6318E-02
  4.6648E+02  4.9117E-01 -9.6430E-02
  4.6716E+02  4.9115E-01 -9.6541E-02
  4.6783E+02  4.9114E-01 -9.6654E-02
  4.6850E+02  4.9114E-01 -9.6766E-02
  4.6917E+02  4.9114E-01 -9.6878E-02
  4.6984E+02  4.9114E-01 -9.6990E-02
  4.7051E+02  4.9114E-01 -9.7103E-02
  4.7118E+02  4.9112E-01 -9.7216E-02
  4.7185E+02  4.9110E-01 -9.7328E-02
  4.7252E+02  4.9107E-01 -9.7441E-02
  4.7320E+02  4.9103E-01 -9.7553E-02
  4.7387E+02  4.9097E-01 -9.7666E-02
  4.7454E+02  4.9090E-01 -9.7778E-02
  4.7521E+02  4.9081E-01 -9.7890E-02
  4.7588E+02  4.9070E-01 -9.8002E-02
  4.7655E+02  4.9058E-01 -9.8114E-02
  4.7722E+02  4.9044E-01 -9.8226E-02
  4.7789E+02  4.9028E-01 -9.8338E-02
  4.7857E+02  4.9011E-01 -9.8449E-02
  4.7924E+02  4.8992E-01 -9.8560E-02
  4.7991E+02  4.8973E-01 -9.8671E-02
  4.8058E+02  4.8952E-01 -9.8782E-02
  4.8125E+02  4.8931E-01 -9.8892E-02
  4.8192E+02  4.8909E-01 -9.9003E-02
  4.8259E+02  4.8887E-01 -9.9113E-02
  4.8326E+02  4.8865E-01 -9.9223E-02
  4.8394E+02  4.8843E-01 -9.9333E-02
  4.8461E+02  4.8822E-01 -9.9444E-02
  4.8528E+02  4.8802E-01 -9.9554E-02
  4.8595E+02  4.8784E-01 -9.9664E-02
  4.8662E+02  4.8766E-01 -9.9773E-02
  4.8729E+02  4.8751E-01 -9.9883E-02
  4.8796E+02  4.8737E-01 -9.9994E-02
  4.8863E+02  4.8726E-01 -1.0010E-01
  4.8930E+02  4.8716E-01 -1.0021E-01
  4.8998E+02  4.8708E-01 -1.0032E-01
  4.9065E+02  4.8703E-01 -1.0043E-01
  4.9132E+02  4.8699E-01 -1.0054E-01
  4.9199E+02  4.8697E-01 -1.0065E-01
  4.9266E+02  4.8697E-01 -1.0076E-01
  4.9333E+02  4.8699E-01 -1.0088E-01
  4.9400E+02  4.8701E-01 -1.0099E-01
  4.9467E+02  4.8705E-01 -1.0110E-01
  4.9535E+02  4.8710E-01 -1.0121E-01
  4.9602E+02  4.8715E-01 -1.0132E-01
  4.9669E+02  4.8720E-01 -1.0143E-01
  4.9736E+02  4.8724E-01 -1.0154E-01
  4.9803E+02  4.8728E-01 -1.0165E-01
  4.9870E+02  4.8730E-01 -1.0176E-01
  4.9937E+02  4.8731E-01 -1.0187E-01
  5.0004E+02  4.8729E-01 -1.0198E-01
  5.0072E+02  4.8725E-01 -1.0209E-01
  5.0139E+02  4.8719E-01 -1.0220E-01
  5.0206E+02  4.8709E-01 -1.0231E-01
  5.0273E+02  4.8697E-01 -1.0242E-01
  5.0340E+02  4.8682E-01 -1.0253E-01
  5.0407E+02  4.8665E-01 -1.0264E-01
  5.0474E+02  4.8646E-01 -1.0275E-01
  5.0541E+02  4.8625E-01 -1.0286E-01
  5.0608E+02  4.8603E-01 -1.0296E-01
  5.0676E+02  4.8579E-01 -1.0307E-01
  5.0743E+02  4.8554E-01 -1.0318E-01
  5.0810E+02  4.8528E-01 -1.0329E-01
  5.0877E+02  4.8502E-01 -1.0340E-01
  5.0944E+02  4.8476E-01 -1.0351E-01
  5.1011E+02  4.8450E-01 -1.0362E-01
  5.1078E+02  4.8425E-01 -1.0373E-01
  5.1145E+02  4.8401E-01 -1.0384E-01
  5.1213E+02  4.8378E-01 -1.0395E-01
  5.1280E+02  4.8357E-01 -1.0406E-01
  5.1347E+02  4.8338E-01 -1.0416E-01
  5.1414E+02  4.8321E-01 -1.0427E-01
  5.1481E+02  4.8305E-01 -1.0438E-01
  5.1548E+02  4.8292E-01 -1.0449E-01
  5.1615E+02  4.8282E-01 -1.0460E-01
  5.1682E+02  4.8274E-01 -1.0470E-01
  5.1750E+02  4.8269E-01 -1.0481E-01
  5.1817E+02  4.8266E-01 -1.0492E-01
  5.1884E+02  4.8265E-01 -1.0503E-01
  5.1951E+02  4.8268E-01 -1.0513E-01
  5.2018E+02  4.8272E-01 -1.0524E-01
  5.2085E+02  4.8279E-01 -1.0535E-01
  5.2152E+02  4.8287E-01 -1.0546E-01
  5.2219E+02  4.8296E-01 -1.0556E-01
  5.2286E+02  4.8306E-01 -1.0567E-01
  5.2354E+02  4.8317E-01 -1.0578E-01
  5.2421E+02  4.8327E-01 -1.0589E-01
  5.2488E+02  4.8336E-01 -1.0600E-01
  5.2555E+02  4.8344E-01 -1.0610E-01
  5.2622E+02  4.8350E-01 -1.0621E-01
  5.2689E+02  4.8354E-01 -1.0632E-01
  5.2756E+02  4.8356E-01 -1.0643E-01
  5.2823E+02  4.8355E-01 -1.0654E-01
  5.2891E+02  4.8351E-01 -1.0665E-01
  5.2958E+02  4.8345E-01 -1.0676E-01
  5.3025E+02  4.8335E-01 -1.0686E-01
  5.3092E+02  4.8323E-01 -1.0697E-01
  5.3159E+02  4.8307E-01 -1.0708E-01
  5.3226E+02  4.8288E-01 -1.0719E-01
  5.3293E+02  4.8267E-01 -1.0730E-01
  5.3360E+02  4.8243E-01 -1.0741E-01
  5.3428E+02  4.8217E-01 -1.0752E-01
  5.3495E+02  4.8188E-01 -1.0762E-01
  5.3562E+02  4.8158E-01 -1.0773E-01
  5.3629E+02  4.8127E-01 -1.0784E-01
  5.3696E+02  4.8094E-01 -1.0795E-01
  5.3763E+02  4.8062E-01 -1.0805E-01
  5.3830E+02  4.8030E-01 -1.0816E-01
  5.3897E+02  4.7999E-01 -1.0827E-01
  5.3964E+02  4.7969E-01 -1.0837E-01
  5.4032E+02  4.7941E-01 -1.0848E-01
  5.4099E+02  4.7915E-01 -1.0859E-01
  5.4166E+02  4.7892E-01 -1.0869E-01
  5.4233E+02  4.7871E-01 -1.0880E-01
  5.4300E+02  4.7854E-01 -1.0890E-01
  5.4367E+02  4.7840E-01 -1.0901E-01
  5.4434E+02  4.7829E-01 -1.0911E-01
  5.4501E+02  4.7821E-01 -1.0922E-01
  5.4569E+02  4.7817E-01 -1.0932E-01
  5.4636E+02  4.7815E-01 -1.0943E-01
  5.4703E+02  4.7817E-01 -1.0953E-01
  5.4770E+02  4.7821E-01 -1.0964E-01
  5.4837E+02  4.7828E-01 -1.0974E-01
  5.4904E+02  4.7837E-01 -1.0985E-01
  5.4971E+02  4.7847E-01 -1.0995E-01
  5.5038E+02  4.7859E-01 -1.1006E-01
  5.5106E+02  4.7872E-01 -1.1017E-01
  5.5173E+02  4.7886E-01 -1.1027E-01
  5.5240E+02  4.7900E-01 -1.1038E-01
  5.5307E+02  4.7913E-01 -1.1049E-01
  5.5374E+02  4.7926E-01 -1.1059E-01
  5.5441E+02  4.7937E-01 -1.1070E-01
  5.5508E+02  4.7947E-01 -1.1081E-01
  5.5575E+02  4.7956E-01 -1.1091E-01
  5.5642E+02  4.7962E-01 -1.1102E-01
  5.5710E+02  4.7965E-01 -1.1113E-01
  5.5777E+02  4.7965E-01 -1.1124E-01
  5.5844E+02  4.7962E-01 -1.1134E-01
  5.5911E+02  4.7956E-01 -1.1145E-01
  5.5978E+02  4.7945E-01 -1.1156E-01
  5.6045E+02  4.7931E-01 -1.1166E-01
  5.6112E+02  4.7913E-01 -1.1177E-01
  5.6179E+02  4.7891E-01 -1.1188E-01
  5.6247E+02  4.7866E-01 -1.1198E-01
  5.6314E+02  4.7837E-01 -1.1209E-01
  5.6381E+02  4.7806E-01 -1.1219E-01
  5.6448E+02  4.7772E-01 -1.1230E-01
  5.6515E+02  4.7737E-01 -1.1241E-01
  5.6582E+02  4.7700E-01 -1.1251E-01
  5.6649E+02  4.7662E-01 -1.1261E-01
  5.6716E+02  4.7625E-01 -1.1272E-01
  5.6784E+02  4.7587E-01 -1.1282E-01
  5.6851E+02  4.7550E-01 -1.1293E-01
  5.6918E+02  4.7515E-01 -1.1303E-01
  5.6985E+02  4.7481E-01 -1.1314E-01
  5.7052E+02  4.7450E-01 -1.1324E-01
  5.7119E+02  4.7421E-01 -1.1334E-01
  5.7186E+02  4.7396E-01 -1.1345E-01
  5.7253E+02  4.7373E-01 -1.1355E-01
  5.7320E+02  4.7355E-01 -1.1365E-01
  5.7388E+02  4.7339E-01 -1.1376E-01
  5.7455E+02  4.7328E-01 -1.1386E-01
  5.7522E+02  4.7320E-01 -1.1396E-01
  5.7589E+02  4.7315E-01 -1.1407E-01
  5.7656E+02  4.7315E-01 -1.1417E-01
  5.7723E+02  4.7317E-01 -1.1427E-01
  5.7790E+02  4.7324E-01 -1.1438E-01
  5.7857E+02  4.7333E-01 -1.1448E-01
  5.7925E+02  4.7345E-01 -1.1458E-01
  5.7992E+02  4.7360E-01 -1.1469E-01
  5.8059E+02  4.7377E-01 -1.1479E-01
  5.8126E+02  4.7396E-01 -1.1489E-01
  5.8193E+02  4.7417E-01 -1.1500E-01
  5.8260E+02  4.7438E-01 -1.1510E-01
  5.8327E+02  4.7459E-01 -1.1521E-01
  5.8394E+02  4.7480E-01 -1.1531E-01
  5.8462E+02  4.7500E-01 -1.1542E-01
  5.8529E+02  4.7518E-01 -1.1552E-01
  5.8596E+02  4.7535E-01 -1.1563E-01
  5.8663E+02  4.7549E-01 -1.1573E-01
  5.8730E+02  4.7560E-01 -1.1584E-01
  5.8797E+02  4.7568E-01 -1.1594E-01
  5.8864E+02  4.7572E-01 -1.1605E-01
  5.8931E+02  4.7572E-01 -1.1615E-01
  5.8998E+02  4.7568E-01 -1.1626E-01
  5.9066E+02  4.7560E-01 -1.1636E-01
  5.9133E+02  4.7547E-01 -1.1647E-01
  5.9200E+02  4.7531E-01 -1.1657E-01
  5.9267E+02  4.7511E-01 -1.1668E-01
  5.9334E+02  4.7487E-01 -1.1678E-01
  5.9401E+02  4.7460E-01 -1.1688E-01
  5.9468E+02  4.7429E-01 -1.1699E-01
  5.9535E+02  4.7396E-01 -1.1709E-01
  5.9603E+02  4.7360E-01 -1.1720E-01
  5.9670E+02  4.7322E-01 -1.1730E-01
  5.9737E+02  4.7282E-01 -1.1740E-01
  5.9804E+02  4.7241E-01 -1.1751E-01
  5.9871E+02  4.7199E-01 -1.1761E-01
  5.9938E+02  4.7157E-01 -1.1771E-01
  6.0005E+02  4.7115E-01 -1.1781E-01
  6.0072E+02  4.7075E-01 -1.1792E-01
  6.0140E+02  4.7035E-01 -1.1802E-01
  6.0207E+02  4.6997E-01 -1.1812E-01
  6.0274E+02  4.6962E-01 -1.1822E-01
  6.0341E+02  4.6929E-01 -1.1832E-01
  6.0408E+02  4.6899E-01 -1.1842E-01
  6.0475E+02  4.6872E-01 -1.1852E-01
  6.0542E+02  4.6849E-01 -1.1862E-01
  6.0609E+02  4.6829E-01 -1.1872E-01
  6.0676E+02  4.6814E-01 -1.1882E-01
  6.0744E+02  4.6802E-01 -1.1892E-01
  6.0811E+02  4.6795E-01 -1.1902E-01
  6.0878E+02  4.6792E-01 -1.1912E-01
  6.0945E+02  4.6793E-01 -1.1923E-01
  6.1012E+02  4.6798E-01 -1.1933E-01
  6.1079E+02  4.6807E-01 -1.1943E-01
  6.1146E+02  4.6819E-01 -1.1953E-01
  6.1213E+02  4.6835E-01 -1.1963E-01
  6.1281E+02  4.6853E-01 -1.1973E-01
  6.1348E+02  4.6874E-01 -1.1983E-01
  6.1415E+02  4.6897E-01 -1.1994E-01
  6.1482E+02  4.6921E-01 -1.2004E-01
  6.1549E+02  4.6946E-01 -1.2014E-01
  6.1616E+02  4.6971E-01 -1.2024E-01
  6.1683E+02  4.6997E-01 -1.2035E-01
  6.1750E+02  4.7021E-01 -1.2045E-01
  6.1818E+02  4.7045E-01 -1.2055E-01
  6.1885E+02  4.7067E-01 -1.2065E-01
  6.1952E+02  4.7087E-01 -1.2076E-01
  6.2019E+02  4.7105E-01 -1.2086E-01
  6.2086E+02  4.7120E-01 -1.2096E-01
  6.2153E+02  4.7132E-01 -1.2107E-01
  6.2220E+02  4.7141E-01 -1.2117E-01
  6.2287E+02  4.7146E-01 -1.2127E-01
  6.2354E+02  4.7148E-01 -1.2137E-01
  6.2422E+02  4.7146E-01 -1.2148E-01
  6.2489E+02  4.7140E-01 -1.2158E-01
  6.2556E+02  4.7130E-01 -1.2168E-01
  6.2623E+02  4.7116E-01 -1.2178E-01
  6.2690E+02  4.7099E-01 -1.2189E-01
  6.2757E+02  4.7077E-01 -1.2199E-01
  6.2824E+02  4.7053E-01 -1.2209E-01
  6.2891E+02  4.7025E-01 -1.2219E-01
  6.2959E+02  4.6994E-01 -1.2229E-01
  6.3026E+02  4.6961E-01 -1.2239E-01
  6.3093E+02  4.6925E-01 -1.2250E-01
  6.3160E+02  4.6887E-01 -1.2260E-01
  6.3227E+02  4.6847E-01 -1.2270E-01
  6.3294E+02  4.6806E-01 -1.2280E-01
  6.3361E+02  4.6765E-01 -1.2290E-01
  6.3428E+02  4.6723E-01 -1.2300E-01
  6.3496E+02  4.6680E-01 -1.2310E-01
  6.3563E+02  4.6638E-01 -1.2320E-01
  6.3630E+02  4.6597E-01 -1.2330E-01
  6.3697E+02  4.6558E-01 -1.2340E-01
  6.3764E+02  4.6519E-01 -1.2350E-01
  6.3831E+02  4.6483E-01 -1.2359E-01
  6.3898E+02  4.6449E-01 -1.2369E-01
  6.3965E+02  4.6417E-01 -1.2379E-01
  6.4032E+02  4.6388E-01 -1.2389E-01
  6.4100E+02  4.6362E-01 -1.2399E-01
  6.4167E+02  4.6340E-01 -1.2409E-01
  6.4234E+02  4.6320E-01 -1.2419E-01
  6.4301E+02  4.6304E-01 -1.2429E-01
  6.4368E+02  4.6291E-01 -1.2439E-01
  6.4435E+02  4.6281E-01 -1.2448E-01
  6.4502E+02  4.6275E-01 -1.2458E-01
  6.4569E+02  4.6272E-01 -1.2468E-01
  6.4637E+02  4.6271E-01 -1.2478E-01
  6.4704E+02  4.6274E-01 -1.2488E-01
  6.4771E+02  4.6279E-01 -1.2498E-01
  6.4838E+02  4.6286E-01 -1.2508E-01
  6.4905E+02  4.6296E-01 -1.2518E-01
  6.4972E+02  4.6308E-01 -1.2528E-01
  6.5039E+02  4.6321E-01 -1.2538E-01
  6.5106E+02  4.6336E-01 -1.2547E-01
  6.5174E+02  4.6351E-01 -1.2557E-01
  6.5241E+02  4.6367E-01 -1.2567E-01
  6.5308E+02  4.6384E-01 -1.2577E-01
  6.5375E+02  4.6401E-01 -1.2587E-01
  6.5442E+02  4.6417E-01 -1.2597E-01
  6.5509E+02  4.6433E-01 -1.2607E-01
  6.5576E+02  4.6448E-01 -1.2617E-01
  6.5643E+02  4.6462E-01 -1.2627E-01
  6.5710E+02  4.6475E-01 -1.2637E-01
  6.5778E+02  4.6486E-01 -1.2647E-01
  6.5845E+02  4.6495E-01 -1.2657E-01
  6.5912E+02  4.6503E-01 -1.2667E-01
  6.5979E+02  4.6508E-01 -1.2677E-01
  6.6046E+02  4.6512E-01 -1.2687E-01
  6.6113E+02  4.6513E-01 -1.2697E-01
  6.6180E+02  4.6512E-01 -1.2707E-01
  6.6247E+02  4.6508E-01 -1.2717E-01
  6.6315E+02  4.6502E-01 -1.2727E-01
  6.6382E+02  4.6494E-01 -1.2737E-01
  6.6449E+02  4.6483E-01 -1.2747E-01
  6.6516E+02  4.6470E-01 -1.2757E-01
  6.6583E+02  4.6455E-01 -1.2766E-01
  6.6650E+02  4.6437E-01 -1.2776E-01
  6.6717E+02  4.6417E-01 -1.2786E-01
  6.6784E+02  4.6395E-01 -1.2796E-01
  6.6852E+02  4.6371E-01 -1.2806E-01
  6.6919E+02  4.6346E-01 -1.2816E-01
  6.6986E+02  4.6320E-01 -1.2825E-01
  6.7053E+02  4.6292E-01 -1.2835E-01
  6.7120E+02  4.6264E-01 -1.2845E-01
  6.7187E+02  4.6235E-01 -1.2855E-01
  6.7254E+02  4.6206E-01 -1.2865E-01
  6.7321E+02  4.6176E-01 -1.2874E-01
  6.7388E+02  4.6147E-01 -1.2884E-01
  6.7456E+02  4.6117E-01 -1.2894E-01
  6.7523E+02  4.6088E-01 -1.2904E-01
  6.7590E+02  4.6060E-01 -1.2913E-01
  6.7657E+02  4.6032E-01 -1.2923E-01
  6.7724E+02  4.6005E-01 -1.2933E-01
  6.7791E+02  4.5978E-01 -1.2943E-01
  6.7858E+02  4.5953E-01 -1.2952E-01
  6.7925E+02  4.5929E-01 -1.2962E-01
  6.7993E+02  4.5907E-01 -1.2972E-01
  6.8060E+02  4.5886E-01 -1.2982E-01
  6.8127E+02  4.5866E-01 -1.2991E-01
  6.8194E+02  4.5849E-01 -1.3001E-01
  6.8261E+02  4.5833E-01 -1.3011E-01
  6.8328E+02  4.5819E-01 -1.3020E-01
  6.8395E+02  4.5807E-01 -1.3030E-01
  6.8462E+02  4.5796E-01 -1.3040E-01
  6.8530E+02  4.5787E-01 -1.3049E-01
  6.8597E+02  4.5780E-01 -1.3059E-01
  6.8664E+02  4.5775E-01 -1.3069E-01
  6.8731E+02  4.5771E-01 -1.3078E-01
  6.8798E+02  4.5768E-01 -1.3088E-01
  6.8865E+02  4.5766E-01 -1.3098E-01
  6.8932E+02  4.5766E-01 -1.3107E-01
  6.8999E+02  4.5766E-01 -1.3117E-01
  6.9066E+02  4.5768E-01 -1.3127E-01
  6.9134E+02  4.5771E-01 -1.3136E-01
  6.9201E+02  4.5774E-01 -1.3146E-01
  6.9268E+02  4.5778E-01 -1.3156E-01
  6.9335E+02  4.5783E-01 -1.3165E-01
  6.9402E+02  4.5788E-01 -1.3175E-01
  6.9469E+02  4.5793E-01 -1.3185E-01
  6.9536E+02  4.5799E-01 -1.3194E-01
  6.9603E+02  4.5805E-01 -1.3204E-01
  6.9671E+02  4.5811E-01 -1.3214E-01
  6.9738E+02  4.5816E-01 -1.3223E-01
  6.9805E+02  4.5821E-01 -1.3233E-01
  6.9872E+02  4.5825E-01 -1.3243E-01
  6.9939E+02  4.5828E-01 -1.3252E-01
  7.0006E+02  4.5831E-01 -1.3262E-01
  7.0073E+02  4.5832E-01 -1.3272E-01
  7.0140E+02  4.5832E-01 -1.3281E-01
  7.0208E+02  4.5831E-01 -1.3291E-01
  7.0275E+02  4.5829E-01 -1.3300E-01
  7.0342E+02  4.5825E-01 -1.3310E-01
  7.0409E+02  4.5820E-01 -1.3320E-01
  7.0476E+02  4.5813E-01 -1.3329E-01
  7.0543E+02  4.5806E-01 -1.3339E-01
  7.0610E+02  4.5796E-01 -1.3348E-01
  7.0677E+02  4.5786E-01 -1.3358E-01
  7.0744E+02  4.5773E-01 -1.3367E-01
  7.0812E+02  4.5760E-01 -1.3377E-01
  7.0879E+02  4.5745E-01 -1.3387E-01
  7.0946E+02  4.5729E-01 -1.3396E-01
  7.1013E+02  4.5711E-01 -1.3406E-01
  7.1080E+02  4.5693E-01 -1.3415E-01
  7.1147E+02  4.5673E-01 -1.3425E-01
  7.1214E+02  4.5653E-01 -1.3434E-01
  7.1281E+02  4.5632E-01 -1.3444E-01
  7.1349E+02  4.5610E-01 -1.3453E-01
  7.1416E+02  4.5588E-01 -1.3463E-01
  7.1483E+02  4.5566E-01 -1.3472E-01
  7.1550E+02  4.5544E-01 -1.3482E-01
  7.1617E+02  4.5522E-01 -1.3491E-01
  7.1684E+02  4.5500E-01 -1.3501E-01
  7.1751E+02  4.5479E-01 -1.3510E-01
  7.1818E+02  4.5457E-01 -1.3520E-01
  7.1886E+02  4.5437E-01 -1.3529E-01
  7.1953E+02  4.5417E-01 -1.3539E-01
  7.2020E+02  4.5398E-01 -1.3548E-01
  7.2087E+02  4.5380E-01 -1.3558E-01
  7.2154E+02  4.5363E-01 -1.3567E-01
  7.2221E+02  4.5347E-01 -1.3577E-01
  7.2288E+02  4.5333E-01 -1.3586E-01
  7.2355E+02  4.5320E-01 -1.3596E-01
  7.2422E+02  4.5310E-01 -1.3605E-01
  7.2490E+02  4.5300E-01 -1.3614E-01
  7.2557E+02  4.5293E-01 -1.3624E-01
  7.2624E+02  4.5286E-01 -1.3633E-01
  7.2691E+02  4.5282E-01 -1.3643E-01
  7.2758E+02  4.5278E-01 -1.3652E-01
  7.2825E+02  4.5276E-01 -1.3662E-01
  7.2892E+02  4.5275E-01 -1.3671E-01
  7.2959E+02  4.5275E-01 -1.3680E-01
  7.3027E+02  4.5276E-01 -1.3690E-01
  7.3094E+02  4.5278E-01 -1.3699E-01
  7.3161E+02  4.5280E-01 -1.3709E-01
  7.3228E+02  4.5283E-01 -1.3718E-01
  7.3295E+02  4.5287E-01 -1.3728E-01
  7.3362E+02  4.5290E-01 -1.3737E-01
  7.3429E+02  4.5294E-01 -1.3746E-01
  7.3496E+02  4.5299E-01 -1.3756E-01
  7.3564E+02  4.5303E-01 -1.3765E-01
  7.3631E+02  4.5307E-01 -1.3775E-01
  7.3698E+02  4.5311E-01 -1.3784E-01
  7.3765E+02  4.5314E-01 -1.3793E-01
  7.3832E+02  4.5316E-01 -1.3803E-01
  7.3899E+02  4.5318E-01 -1.3812E-01
  7.3966E+02  4.5319E-01 -1.3822E-01
  7.4033E+02  4.5319E-01 -1.3831E-01
  7.4100E+02  4.5317E-01 -1.3840E-01
  7.4168E+02  4.5314E-01 -1.3850E-01
  7.4235E+02  4.5309E-01 -1.3859E-01
  7.4302E+02  4.5302E-01 -1.3868E-01
  7.4369E+02  4.5294E-01 -1.3878E-01
  7.4436E+02  4.5284E-01 -1.3887E-01
  7.4503E+02  4.5272E-01 -1.3897E-01
  7.4570E+02  4.5258E-01 -1.3906E-01
  7.4637E+02  4.5243E-01 -1.3915E-01
  7.4705E+02  4.5226E-01 -1.3924E-01
  7.4772E+02  4.5208E-01 -1.3934E-01
  7.4839E+02  4.5189E-01 -1.3943E-01
  7.4906E+02  4.5170E-01 -1.3952E-01
  7.4973E+02  4.5149E-01 -1.3962E-01
  7.5040E+02  4.5127E-01 -1.3971E-01
  7.5107E+02  4.5105E-01 -1.3980E-01
  7.5174E+02  4.5083E-01 -1.3989E-01
  7.5242E+02  4.5060E-01 -1.3999E-01
  7.5309E+02  4.5037E-01 -1.4008E-01
  7.5376E+02  4.5015E-01 -1.4017E-01
  7.5443E+02  4.4992E-01 -1.4026E-01
  7.5510E+02  4.4970E-01 -1.4036E-01
  7.5577E+02  4.4948E-01 -1.4045E-01
  7.5644E+02  4.4926E-01 -1.4054E-01
  7.5711E+02  4.4906E-01 -1.4063E-01
  7.5778E+02  4.4887E-01 -1.4072E-01
  7.5846E+02  4.4868E-01 -1.4082E-01
  7.5913E+02  4.4851E-01 -1.4091E-01
  7.5980E+02  4.4835E-01 -1.4100E-01
  7.6047E+02  4.4821E-01 -1.4109E-01
  7.6114E+02  4.4808E-01 -1.4118E-01
  7.6181E+02  4.4796E-01 -1.4128E-01
  7.6248E+02  4.4786E-01 -1.4137E-01
  7.6315E+02  4.4776E-01 -1.4146E-01
  7.6383E+02  4.4768E-01 -1.4155E-01
  7.6450E+02  4.4762E-01 -1.4164E-01
  7.6517E+02  4.4756E-01 -1.4173E-01
  7.6584E+02  4.4751E-01 -1.4183E-01
  7.6651E+02  4.4747E-01 -1.4192E-01
  7.6718E+02  4.4743E-01 -1.4201E-01
  7.6785E+02  4.4741E-01 -1.4210E-01
  7.6852E+02  4.4739E-01 -1.4219E-01
  7.6920E+02  4.4737E-01 -1.4229E-01
  7.6987E+02  4.4736E-01 -1.4238E-01
  7.7054E+02  4.4735E-01 -1.4247E-01
  7.7121E+02  4.4733E-01 -1.4256E-01
  7.7188E+02  4.4732E-01 -1.4265E-01
  7.7255E+02  4.4730E-01 -1.4274E-01
  7.7322E+02  4.4728E-01 -1.4284E-01
  7.7389E+02  4.4725E-01 -1.4293E-01
  7.7456E+02  4.4721E-01 -1.4302E-01
  7.7524E+02  4.4716E-01 -1.4311E-01
  7.7591E+02  4.4709E-01 -1.4320E-01
  7.7658E+02  4.4702E-01 -1.4329E-01
  7.7725E+02  4.4694E-01 -1.4339E-01
  7.7792E+02  4.4685E-01 -1.4348E-01
  7.7859E+02  4.4675E-01 -1.4357E-01
  7.7926E+02  4.4665E-01 -1.4366E-01
  7.7993E+02  4.4654E-01 -1.4375E-01
  7.8061E+02  4.4642E-01 -1.4384E-01
  7.8128E+02  4.4630E-01 -1.4393E-01
  7.8195E+02  4.4617E-01 -1.4402E-01
  7.8262E+02  4.4604E-01 -1.4411E-01
  7.8329E+02  4.4591E-01 -1.4420E-01
  7.8396E+02  4.4577E-01 -1.4430E-01
  7.8463E+02  4.4563E-01 -1.4439E-01
  7.8530E+02  4.4549E-01 -1.4448E-01
  7.8598E+02  4.4534E-01 -1.4457E-01
  7.8665E+02  4.4519E-01 -1.4466E-01
  7.8732E+02  4.4504E-01 -1.4475E-01
  7.8799E+02  4.4489E-01 -1.4484E-01
  7.8866E+02  4.4474E-01 -1.4493E-01
  7.8933E+02  4.4459E-01 -1.4502E-01
  7.9000E+02  4.4443E-01 -1.4511E-01
  7.9067E+02  4.4428E-01 -1.4520E-01
  7.9134E+02  4.4413E-01 -1.4529E-01
  7.9202E+02  4.4399E-01 -1.4537E-01
  7.9269E+02  4.4385E-01 -1.4546E-01
  7.9336E+02  4.4372E-01 -1.4555E-01
  7.9403E+02  4.4359E-01 -1.4564E-01
  7.9470E+02  4.4347E-01 -1.4573E-01
  7.9537E+02  4.4336E-01 -1.4582E-01
  7.9604E+02  4.4325E-01 -1.4591E-01
  7.9671E+02  4.4315E-01 -1.4600E-01
  7.9739E+02  4.4306E-01 -1.4609E-01
  7.9806E+02  4.4298E-01 -1.4618E-01
  7.9873E+02  4.4290E-01 -1.4627E-01
  7.9940E+02  4.4282E-01 -1.4636E-01
  8.0007E+02  4.4275E-01 -1.4645E-01
  8.0074E+02  4.4268E-01 -1.4654E-01
  8.0141E+02  4.4261E-01 -1.4663E-01
  8.0208E+02  4.4254E-01 -1.4672E-01
  8.0276E+02  4.4247E-01 -1.4681E-01
  8.0343E+02  4.4240E-01 -1.4690E-01
  8.0410E+02  4.4234E-01 -1.4699E-01
  8.0477E+02  4.4227E-01 -1.4708E-01
  8.0544E+02  4.4219E-01 -1.4717E-01
  8.0611E+02  4.4212E-01 -1.4725E-01
  8.0678E+02  4.4205E-01 -1.4734E-01
  8.0745E+02  4.4197E-01 -1.4743E-01
  8.0812E+02  4.4189E-01 -1.4752E-01
  8.0880E+02  4.4181E-01 -1.4761E-01
  8.0947E+02  4.4173E-01 -1.4770E-01
  8.1014E+02  4.4164E-01 -1.4779E-01
  8.1081E+02  4.4155E-01 -1.4788E-01
  8.1148E+02  4.4145E-01 -1.4797E-01
  8.1215E+02  4.4135E-01 -1.4806E-01
  8.1282E+02  4.4124E-01 -1.4815E-01
  8.1349E+02  4.4113E-01 -1.4823E-01
  8.1417E+02  4.4102E-01 -1.4832E-01
  8.1484E+02  4.4089E-01 -1.4841E-01
  8.1551E+02  4.4077E-01 -1.4850E-01
  8.1618E+02  4.4065E-01 -1.4859E-01
  8.1685E+02  4.4052E-01 -1.4868E-01
  8.1752E+02  4.4039E-01 -1.4876E-01
  8.1819E+02  4.4027E-01 -1.4885E-01
  8.1886E+02  4.4015E-01 -1.4894E-01
  8.1954E+02  4.4003E-01 -1.4903E-01
  8.2021E+02  4.3991E-01 -1.4912E-01
  8.2088E+02  4.3979E-01 -1.4921E-01
  8.2155E+02  4.3968E-01 -1.4929E-01
  8.2222E+02  4.3957E-01 -1.4938E-01
  8.2289E+02  4.3946E-01 -1.4947E-01
  8.2356E+02  4.3935E-01 -1.4956E-01
  8.2423E+02  4.3925E-01 -1.4964E-01
  8.2490E+02  4.3915E-01 -1.4973E-01
  8.2558E+02  4.3905E-01 -1.4982E-01
  8.2625E+02  4.3896E-01 -1.4991E-01
  8.2692E+02  4.3887E-01 -1.4999E-01
  8.2759E+02  4.3878E-01 -1.5008E-01
  8.2826E+02  4.3870E-01 -1.5017E-01
  8.2893E+02  4.3862E-01 -1.5026E-01
  8.2960E+02  4.3854E-01 -1.5034E-01
  8.3027E+02  4.3847E-01 -1.5043E-01
  8.3095E+02  4.3840E-01 -1.5052E-01
  8.3162E+02  4.3833E-01 -1.5061E-01
  8.3229E+02  4.3826E-01 -1.5069E-01
  8.3296E+02  4.3819E-01 -1.5078E-01
  8.3363E+02  4.3812E-01 -1.5087E-01
  8.3430E+02  4.3804E-01 -1.5096E-01
  8.3497E+02  4.3796E-01 -1.5104E-01
  8.3564E+02  4.3788E-01 -1.5113E-01
  8.3632E+02  4.3780E-01 -1.5122E-01
  8.3699E+02  4.3771E-01 -1.5131E-01
  8.3766E+02  4.3762E-01 -1.5139E-01
  8.3833E+02  4.3752E-01 -1.5148E-01
  8.3900E+02  4.3741E-01 -1.5157E-01
  8.3967E+02  4.3731E-01 -1.5165E-01
  8.4034E+02  4.3720E-01 -1.5174E-01
  8.4101E+02  4.3709E-01 -1.5183E-01
  8.4168E+02  4.3698E-01 -1.5191E-01
  8.4236E+02  4.3686E-01 -1.5200E-01
  8.4303E+02  4.3675E-01 -1.5209E-01
  8.4370E+02  4.3664E-01 -1.5218E-01
  8.4437E+02  4.3653E-01 -1.5226E-01
  8.4504E+02  4.3643E-01 -1.5235E-01
  8.4571E+02  4.3632E-01 -1.5243E-01
  8.4638E+02  4.3622E-01 -1.5252E-01
  8.4705E+02  4.3612E-01 -1.5261E-01
  8.4773E+02  4.3602E-01 -1.5269E-01
  8.4840E+02  4.3593E-01 -1.5278E-01
  8.4907E+02  4.3584E-01 -1.5287E-01
  8.4974E+02  4.3575E-01 -1.5295E-01
  8.5041E+02  4.3566E-01 -1.5304E-01
  8.5108E+02  4.3557E-01 -1.5313E-01
  8.5175E+02  4.3549E-01 -1.5321E-01
  8.5242E+02  4.3541E-01 -1.5330E-01
  8.5310E+02  4.3532E-01 -1.5338E-01
  8.5377E+02  4.3524E-01 -1.5347E-01
  8.5444E+02  4.3516E-01 -1.5355E-01
  8.5511E+02  4.3508E-01 -1.5364E-01
  8.5578E+02  4.3499E-01 -1.5373E-01
  8.5645E+02  4.3491E-01 -1.5381E-01
  8.5712E+02  4.3482E-01 -1.5390E-01
  8.5779E+02  4.3473E-01 -1.5398E-01
  8.5846E+02  4.3465E-01 -1.5407E-01
  8.5914E+02  4.3456E-01 -1.5416E-01
  8.5981E+02  4.3447E-01 -1.5424E-01
  8.6048E+02  4.3438E-01 -1.5433E-01
  8.6115E+02  4.3429E-01 -1.5441E-01
  8.6182E+02  4.3420E-01 -1.5450E-01
  8.6249E+02  4.3410E-01 -1.5458E-01
  8.6316E+02  4.3401E-01 -1.5467E-01
  8.6383E+02  4.3391E-01 -1.5475E-01
  8.6451E+02  4.3381E-01 -1.5484E-01
  8.6518E+02  4.3371E-01 -1.5493E-01
  8.6585E+02  4.3360E-01 -1.5501E-01
  8.6652E+02  4.3350E-01 -1.5510E-01
  8.6719E+02  4.3340E-01 -1.5518E-01
  8.6786E+02  4.3330E-01 -1.5527E-01
  8.6853E+02  4.3320E-01 -1.5535E-01
  8.6920E+02  4.3311E-01 -1.5544E-01
  8.6988E+02  4.3302E-01 -1.5552E-01
  8.7055E+02  4.3293E-01 -1.5561E-01
  8.7122E+02  4.3285E-01 -1.5569E-01
  8.7189E+02  4.3276E-01 -1.5578E-01
  8.7256E+02  4.3269E-01 -1.5586E-01
  8.7323E+02  4.3261E-01 -1.5595E-01
  8.7390E+02  4.3253E-01 -1.5603E-01
  8.7457E+02  4.3246E-01 -1.5611E-01
  8.7524E+02  4.3239E-01 -1.5620E-01
  8.7592E+02  4.3231E-01 -1.5628E-01
  8.7659E+02  4.3224E-01 -1.5637E-01
  8.7726E+02  4.3217E-01 -1.5645E-01
  8.7793E+02  4.3209E-01 -1.5654E-01
  8.7860E+02  4.3202E-01 -1.5662E-01
  8.7927E+02  4.3194E-01 -1.5671E-01
  8.7994E+02  4.3186E-01 -1.5679E-01
  8.8061E+02  4.3177E-01 -1.5688E-01
  8.8129E+02  4.3169E-01 -1.5696E-01
  8.8196E+02  4.3159E-01 -1.5704E-01
  8.8263E+02  4.3150E-01 -1.5713E-01
  8.8330E+02  4.3140E-01 -1.5721E-01
  8.8397E+02  4.3129E-01 -1.5730E-01
  8.8464E+02  4.3119E-01 -1.5738E-01
  8.8531E+02  4.3107E-01 -1.5746E-01
  8.8598E+02  4.3096E-01 -1.5755E-01
  8.8666E+02  4.3085E-01 -1.5763E-01
  8.8733E+02  4.3073E-01 -1.5772E-01
  8.8800E+02  4.3061E-01 -1.5780E-01
  8.8867E+02  4.3049E-01 -1.5788E-01
  8.8934E+02  4.3037E-01 -1.5797E-01
  8.9001E+02  4.3026E-01 -1.5805E-01
  8.9068E+02  4.3014E-01 -1.5814E-01
  8.9135E+02  4.3003E-01 -1.5822E-01
  8.9202E+02  4.2992E-01 -1.5830E-01
  8.9270E+02  4.2982E-01 -1.5839E-01
  8.9337E+02  4.2972E-01 -1.5847E-01
  8.9404E+02  4.2963E-01 -1.5855E-01
  8.9471E+02  4.2953E-01 -1.5864E-01
  8.9538E+02  4.2945E-01 -1.5872E-01
  8.9605E+02  4.2936E-01 -1.5880E-01
  8.9672E+02  4.2928E-01 -1.5889E-01
  8.9739E+02  4.2920E-01 -1.5897E-01
  8.9807E+02  4.2913E-01 -1.5905E-01
  8.9874E+02  4.2905E-01 -1.5914E-01
  8.9941E+02  4.2898E-01 -1.5922E-01
  9.0008E+02  4.2891E-01 -1.5930E-01
  9.0075E+02  4.2884E-01 -1.5938E-01
  9.0142E+02  4.2877E-01 -1.5947E-01
  9.0209E+02  4.2870E-01 -1.5955E-01
  9.0276E+02  4.2863E-01 -1.5963E-01
  9.0344E+02  4.2856E-01 -1.5972E-01
  9.0411E+02  4.2849E-01 -1.5980E-01
  9.0478E+02  4.2841E-01 -1.5988E-01
  9.0545E+02  4.2832E-01 -1.5997E-01
  9.0612E+02  4.2823E-01 -1.6005E-01
  9.0679E+02  4.2813E-01 -1.6013E-01
  9.0746E+02  4.2803E-01 -1.6021E-01
  9.0813E+02  4.2792E-01 -1.6030E-01
  9.0880E+02  4.2780E-01 -1.6038E-01
  9.0948E+02  4.2768E-01 -1.6046E-01
  9.1015E+02  4.2755E-01 -1.6054E-01
  9.1082E+02  4.2742E-01 -1.6063E-01
  9.1149E+02  4.2729E-01 -1.6071E-01
  9.1216E+02  4.2716E-01 -1.6079E-01
  9.1283E+02  4.2703E-01 -1.6087E-01
  9.1350E+02  4.2689E-01 -1.6096E-01
  9.1417E+02  4.2676E-01 -1.6104E-01
  9.1485E+02  4.2663E-01 -1.6112E-01
  9.1552E+02  4.2650E-01 -1.6120E-01
  9.1619E+02  4.2638E-01 -1.6128E-01
  9.1686E+02  4.2626E-01 -1.6137E-01
  9.1753E+02  4.2614E-01 -1.6145E-01
  9.1820E+02  4.2602E-01 -1.6153E-01
  9.1887E+02  4.2592E-01 -1.6161E-01
  9.1954E+02  4.2581E-01 -1.6169E-01
  9.2022E+02  4.2572E-01 -1.6177E-01
  9.2089E+02  4.2562E-01 -1.6186E-01
  9.2156E+02  4.2554E-01 -1.6194E-01
  9.2223E+02  4.2546E-01 -1.6202E-01
  9.2290E+02  4.2538E-01 -1.6210E-01
  9.2357E+02  4.2531E-01 -1.6218E-01
  9.2424E+02  4.2524E-01 -1.6226E-01
  9.2491E+02  4.2517E-01 -1.6235E-01
  9.2558E+02  4.2510E-01 -1.6243E-01
  9.2626E+02  4.2503E-01 -1.6251E-01
  9.2693E+02  4.2496E-01 -1.6259E-01
  9.2760E+02  4.2488E-01 -1.6267E-01
  9.2827E+02  4.2481E-01 -1.6275E-01
  9.2894E+02  4.2472E-01 -1.6283E-01
  9.2961E+02  4.2464E-01 -1.6291E-01
  9.3028E+02  4.2454E-01 -1.6300E-01
  9.3095E+02  4.2445E-01 -1.6308E-01
  9.3163E+02  4.2434E-01 -1.6316E-01
  9.3230E+02  4.2423E-01 -1.6324E-01
  9.3297E+02  4.2412E-01 -1.6332E-01
  9.3364E+02  4.2400E-01 -1.6340E-01
  9.3431E+02  4.2387E-01 -1.6348E-01
  9.3498E+02  4.2374E-01 -1.6356E-01
  9.3565E+02  4.2360E-01 -1.6364E-01
  9.3632E+02  4.2347E-01 -1.6373E-01
  9.3700E+02  4.2333E-01 -1.6381E-01
  9.3767E+02  4.2318E-01 -1.6389E-01
  9.3834E+02  4.2304E-01 -1.6397E-01
  9.3901E+02  4.2290E-01 -1.6405E-01
  9.3968E+02  4.2276E-01 -1.6413E-01
  9.4035E+02  4.2262E-01 -1.6421E-01
  9.4102E+02  4.2249E-01 -1.6429E-01
  9.4169E+02  4.2236E-01 -1.6437E-01
  9.4236E+02  4.2224E-01 -1.6445E-01
  9.4304E+02  4.2212E-01 -1.6453E-01
  9.4371E+02  4.2201E-01 -1.6461E-01
  9.4438E+02  4.2191E-01 -1.6469E-01
  9.4505E+02  4.2181E-01 -1.6477E-01
  9.4572E+02  4.2172E-01 -1.6485E-01
  9.4639E+02  4.2163E-01 -1.6493E-01
  9.4706E+02  4.2155E-01 -1.6501E-01
  9.4773E+02  4.2148E-01 -1.6509E-01
  9.4841E+02  4.2140E-01 -1.6517E-01
  9.4908E+02  4.2134E-01 -1.6525E-01
  9.4975E+02  4.2127E-01 -1.6533E-01
  9.5042E+02  4.2120E-01 -1.6541E-01
  9.5109E+02  4.2114E-01 -1.6549E-01
  9.5176E+02  4.2107E-01 -1.6557E-01
  9.5243E+02  4.2100E-01 -1.6565E-01
  9.5310E+02  4.2093E-01 -1.6573E-01
  9.5378E+02  4.2085E-01 -1.6581E-01
  9.5445E+02  4.2077E-01 -1.6589E-01
  9.5512E+02  4.2068E-01 -1.6597E-01
  9.5579E+02  4.2059E-01 -1.6605E-01
  9.5646E+02  4.2049E-01 -1.6613E-01
  9.5713E+02  4.2039E-01 -1.6621E-01
  9.5780E+02  4.2028E-01 -1.6628E-01
  9.5847E+02  4.2016E-01 -1.6636E-01
  9.5914E+02  4.2003E-01 -1.6644E-01
  9.5982E+02  4.1990E-01 -1.6652E-01
  9.6049E+02  4.1976E-01 -1.6660E-01
  9.6116E+02  4.1961E-01 -1.6668E-01
  9.6183E+02  4.1946E-01 -1.6676E-01
  9.6250E+02  4.1931E-01 -1.6684E-01
  9.6317E+02  4.1915E-01 -1.6692E-01
  9.6384E+02  4.1900E-01 -1.6700E-01
  9.6451E+02  4.1884E-01 -1.6708E-01
  9.6519E+02  4.1870E-01 -1.6716E-01
  9.6586E+02  4.1855E-01 -1.6723E-01
  9.6653E+02  4.1842E-01 -1.6731E-01
  9.6720E+02  4.1829E-01 -1.6739E-01
  9.6787E+02  4.1816E-01 -1.6747E-01
  9.6854E+02  4.1805E-01 -1.6755E-01
  9.6921E+02  4.1794E-01 -1.6763E-01
  9.6988E+02  4.1785E-01 -1.6770E-01
  9.7056E+02  4.1775E-01 -1.6778E-01
  9.7123E+02  4.1767E-01 -1.6786E-01
  9.7190E+02  4.1759E-01 -1.6794E-01
  9.7257E+02  4.1752E-01 -1.6802E-01
  9.7324E+02  4.1745E-01 -1.6810E-01
  9.7391E+02  4.1738E-01 -1.6817E-01
  9.7458E+02  4.1732E-01 -1.6825E-01
  9.7525E+02  4.1726E-01 -1.6833E-01
  9.7592E+02  4.1720E-01 -1.6841E-01
  9.7660E+02  4.1715E-01 -1.6849E-01
  9.7727E+02  4.1709E-01 -1.6856E-01
  9.7794E+02  4.1703E-01 -1.6864E-01
  9.7861E+02  4.1697E-01 -1.6872E-01
  9.7928E+02  4.1691E-01 -1.6880E-01
  9.7995E+02  4.1683E-01 -1.6888E-01
  9.8062E+02  4.1676E-01 -1.6895E-01
  9.8129E+02  4.1667E-01 -1.6903E-01
  9.8197E+02  4.1658E-01 -1.6911E-01
  9.8264E+02  4.1648E-01 -1.6919E-01
  9.8331E+02  4.1637E-01 -1.6927E-01
  9.8398E+02  4.1624E-01 -1.6934E-01
  9.8465E+02  4.1612E-01 -1.6942E-01
  9.8532E+02  4.1598E-01 -1.6950E-01
  9.8599E+02  4.1584E-01 -1.6958E-01
  9.8666E+02  4.1569E-01 -1.6965E-01
  9.8734E+02  4.1554E-01 -1.6973E-01
  9.8801E+02  4.1538E-01 -1.6981E-01
  9.8868E+02  4.1522E-01 -1.6989E-01
  9.8935E+02  4.1507E-01 -1.6996E-01
  9.9002E+02  4.1491E-01 -1.7004E-01
  9.9069E+02  4.1476E-01 -1.7012E-01
  9.9136E+02  4.1460E-01 -1.7020E-01
  9.9203E+02  4.1446E-01 -1.7027E-01
  9.9270E+02  4.1431E-01 -1.7035E-01
  9.9338E+02  4.1418E-01 -1.7043E-01
  9.9405E+02  4.1405E-01 -1.7050E-01
  9.9472E+02  4.1392E-01 -1.7058E-01
  9.9539E+02  4.1381E-01 -1.7066E-01
  9.9606E+02  4.1371E-01 -1.7073E-01
  9.9673E+02  4.1361E-01 -1.7081E-01
  9.9740E+02  4.1353E-01 -1.7089E-01
  9.9807E+02  4.1345E-01 -1.7096E-01
  9.9875E+02  4.1338E-01 -1.7104E-01
  9.9942E+02  4.1332E-01 -1.7112E-01
  1.0000E+03  4.1328E-01 -1.7118E-01
