# CREATED BY GENE DIAGNOSTICS TOOL on Wed Mar 17 18:01:48 2021
# diag: timetrace, run(s): 0024, time window: 0-1000(1446 steps), species: ions
# original data path: /marconi_scratch/userexternal/cmoreno0/GAMZF_convergence/w7x_surface/scanfiles0000/
# normalization: L_ref=1.65m
#
#  t          Re[phi]     Im[phi]   
  0.0000E+00  9.9990E-01  0.0000E+00
  6.9200E-01  9.9277E-01 -4.4773E-03
  1.3840E+00  9.7367E-01 -8.8288E-03
  2.0760E+00  9.4718E-01 -1.2966E-02
  2.7680E+00  9.1827E-01 -1.6848E-02
  3.4600E+00  8.9097E-01 -2.0480E-02
  4.1520E+00  8.6756E-01 -2.3896E-02
  4.8440E+00  8.4851E-01 -2.7139E-02
  5.5360E+00  8.3292E-01 -3.0247E-02
  6.2280E+00  8.1921E-01 -3.3244E-02
  6.9200E+00  8.0583E-01 -3.6140E-02
  7.6120E+00  7.9173E-01 -3.8933E-02
  8.3040E+00  7.7650E-01 -4.1613E-02
  8.9960E+00  7.6026E-01 -4.4171E-02
  9.6880E+00  7.4347E-01 -4.6599E-02
  1.0380E+01  7.2672E-01 -4.8895E-02
  1.1072E+01  7.1057E-01 -5.1065E-02
  1.1764E+01  6.9544E-01 -5.3117E-02
  1.2456E+01  6.8153E-01 -5.5062E-02
  1.3148E+01  6.6890E-01 -5.6912E-02
  1.3840E+01  6.5750E-01 -5.8681E-02
  1.4532E+01  6.4721E-01 -6.0378E-02
  1.5224E+01  6.3797E-01 -6.2014E-02
  1.5916E+01  6.2968E-01 -6.3597E-02
  1.6608E+01  6.2229E-01 -6.5136E-02
  1.7300E+01  6.1575E-01 -6.6638E-02
  1.7992E+01  6.1003E-01 -6.8110E-02
  1.8684E+01  6.0512E-01 -6.9560E-02
  1.9376E+01  6.0098E-01 -7.0994E-02
  2.0068E+01  5.9756E-01 -7.2418E-02
  2.0760E+01  5.9479E-01 -7.3837E-02
  2.1452E+01  5.9258E-01 -7.5256E-02
  2.2144E+01  5.9087E-01 -7.6679E-02
  2.2836E+01  5.8957E-01 -7.8109E-02
  2.3528E+01  5.8862E-01 -7.9547E-02
  2.4220E+01  5.8795E-01 -8.0996E-02
  2.4912E+01  5.8747E-01 -8.2456E-02
  2.5604E+01  5.8713E-01 -8.3928E-02
  2.6296E+01  5.8686E-01 -8.5411E-02
  2.6988E+01  5.8659E-01 -8.6904E-02
  2.7680E+01  5.8627E-01 -8.8406E-02
  2.8372E+01  5.8585E-01 -8.9915E-02
  2.9064E+01  5.8527E-01 -9.1429E-02
  2.9756E+01  5.8448E-01 -9.2945E-02
  3.0448E+01  5.8345E-01 -9.4461E-02
  3.1140E+01  5.8214E-01 -9.5974E-02
  3.1832E+01  5.8053E-01 -9.7480E-02
  3.2524E+01  5.7860E-01 -9.8976E-02
  3.3216E+01  5.7633E-01 -1.0046E-01
  3.3908E+01  5.7371E-01 -1.0193E-01
  3.4600E+01  5.7074E-01 -1.0337E-01
  3.5292E+01  5.6743E-01 -1.0480E-01
  3.5984E+01  5.6378E-01 -1.0620E-01
  3.6676E+01  5.5981E-01 -1.0757E-01
  3.7368E+01  5.5552E-01 -1.0891E-01
  3.8060E+01  5.5093E-01 -1.1022E-01
  3.8752E+01  5.4608E-01 -1.1149E-01
  3.9444E+01  5.4098E-01 -1.1273E-01
  4.0136E+01  5.3566E-01 -1.1393E-01
  4.0828E+01  5.3014E-01 -1.1509E-01
  4.1520E+01  5.2444E-01 -1.1621E-01
  4.2212E+01  5.1860E-01 -1.1729E-01
  4.2904E+01  5.1265E-01 -1.1833E-01
  4.3596E+01  5.0660E-01 -1.1933E-01
  4.4288E+01  5.0050E-01 -1.2029E-01
  4.4980E+01  4.9435E-01 -1.2121E-01
  4.5672E+01  4.8818E-01 -1.2209E-01
  4.6364E+01  4.8201E-01 -1.2293E-01
  4.7056E+01  4.7586E-01 -1.2374E-01
  4.7748E+01  4.6975E-01 -1.2450E-01
  4.8440E+01  4.6369E-01 -1.2523E-01
  4.9132E+01  4.5769E-01 -1.2593E-01
  4.9824E+01  4.5177E-01 -1.2659E-01
  5.0516E+01  4.4593E-01 -1.2722E-01
  5.1208E+01  4.4017E-01 -1.2781E-01
  5.1900E+01  4.3451E-01 -1.2838E-01
  5.2592E+01  4.2895E-01 -1.2892E-01
  5.3284E+01  4.2348E-01 -1.2943E-01
  5.3976E+01  4.1810E-01 -1.2991E-01
  5.4668E+01  4.1281E-01 -1.3036E-01
  5.5360E+01  4.0761E-01 -1.3079E-01
  5.6052E+01  4.0250E-01 -1.3120E-01
  5.6744E+01  3.9746E-01 -1.3158E-01
  5.7436E+01  3.9248E-01 -1.3194E-01
  5.8128E+01  3.8757E-01 -1.3228E-01
  5.8820E+01  3.8271E-01 -1.3259E-01
  5.9512E+01  3.7791E-01 -1.3288E-01
  6.0204E+01  3.7314E-01 -1.3315E-01
  6.0896E+01  3.6840E-01 -1.3340E-01
  6.1588E+01  3.6368E-01 -1.3363E-01
  6.2280E+01  3.5897E-01 -1.3383E-01
  6.2972E+01  3.5426E-01 -1.3401E-01
  6.3664E+01  3.4956E-01 -1.3417E-01
  6.4356E+01  3.4485E-01 -1.3431E-01
  6.5048E+01  3.4013E-01 -1.3443E-01
  6.5740E+01  3.3539E-01 -1.3452E-01
  6.6432E+01  3.3063E-01 -1.3459E-01
  6.7124E+01  3.2584E-01 -1.3463E-01
  6.7816E+01  3.2102E-01 -1.3466E-01
  6.8508E+01  3.1617E-01 -1.3465E-01
  6.9200E+01  3.1129E-01 -1.3463E-01
  6.9892E+01  3.0638E-01 -1.3458E-01
  7.0584E+01  3.0143E-01 -1.3450E-01
  7.1276E+01  2.9645E-01 -1.3440E-01
  7.1968E+01  2.9144E-01 -1.3427E-01
  7.2660E+01  2.8641E-01 -1.3412E-01
  7.3352E+01  2.8134E-01 -1.3394E-01
  7.4044E+01  2.7626E-01 -1.3373E-01
  7.4736E+01  2.7115E-01 -1.3350E-01
  7.5428E+01  2.6602E-01 -1.3325E-01
  7.6120E+01  2.6087E-01 -1.3297E-01
  7.6812E+01  2.5572E-01 -1.3266E-01
  7.7504E+01  2.5055E-01 -1.3232E-01
  7.8196E+01  2.4538E-01 -1.3196E-01
  7.8888E+01  2.4020E-01 -1.3158E-01
  7.9580E+01  2.3502E-01 -1.3117E-01
  8.0272E+01  2.2985E-01 -1.3073E-01
  8.0964E+01  2.2468E-01 -1.3027E-01
  8.1656E+01  2.1951E-01 -1.2979E-01
  8.2348E+01  2.1435E-01 -1.2928E-01
  8.3040E+01  2.0921E-01 -1.2874E-01
  8.3732E+01  2.0407E-01 -1.2818E-01
  8.4424E+01  1.9895E-01 -1.2760E-01
  8.5116E+01  1.9384E-01 -1.2700E-01
  8.5808E+01  1.8875E-01 -1.2637E-01
  8.6500E+01  1.8368E-01 -1.2572E-01
  8.7192E+01  1.7862E-01 -1.2504E-01
  8.7884E+01  1.7359E-01 -1.2435E-01
  8.8576E+01  1.6858E-01 -1.2363E-01
  8.9268E+01  1.6358E-01 -1.2289E-01
  8.9960E+01  1.5861E-01 -1.2213E-01
  9.0652E+01  1.5366E-01 -1.2135E-01
  9.1344E+01  1.4873E-01 -1.2055E-01
  9.2036E+01  1.4382E-01 -1.1972E-01
  9.2728E+01  1.3894E-01 -1.1888E-01
  9.3420E+01  1.3407E-01 -1.1802E-01
  9.4112E+01  1.2923E-01 -1.1714E-01
  9.4804E+01  1.2441E-01 -1.1623E-01
  9.5496E+01  1.1960E-01 -1.1531E-01
  9.6188E+01  1.1482E-01 -1.1437E-01
  9.6880E+01  1.1005E-01 -1.1341E-01
  9.7572E+01  1.0531E-01 -1.1243E-01
  9.8264E+01  1.0058E-01 -1.1143E-01
  9.8956E+01  9.5862E-02 -1.1042E-01
  9.9648E+01  9.1165E-02 -1.0938E-01
  1.0034E+02  8.6485E-02 -1.0833E-01
  1.0103E+02  8.1822E-02 -1.0726E-01
  1.0172E+02  7.7172E-02 -1.0617E-01
  1.0242E+02  7.2537E-02 -1.0506E-01
  1.0311E+02  6.7914E-02 -1.0394E-01
  1.0380E+02  6.3306E-02 -1.0280E-01
  1.0449E+02  5.8713E-02 -1.0164E-01
  1.0518E+02  5.4134E-02 -1.0046E-01
  1.0588E+02  4.9570E-02 -9.9270E-02
  1.0657E+02  4.5019E-02 -9.8059E-02
  1.0726E+02  4.0483E-02 -9.6832E-02
  1.0795E+02  3.5963E-02 -9.5588E-02
  1.0864E+02  3.1459E-02 -9.4328E-02
  1.0934E+02  2.6972E-02 -9.3051E-02
  1.1003E+02  2.2503E-02 -9.1758E-02
  1.1072E+02  1.8053E-02 -9.0450E-02
  1.1141E+02  1.3621E-02 -8.9125E-02
  1.1210E+02  9.2098E-03 -8.7785E-02
  1.1280E+02  4.8203E-03 -8.6430E-02
  1.1349E+02  4.5293E-04 -8.5060E-02
  1.1418E+02 -3.8917E-03 -8.3675E-02
  1.1487E+02 -8.2127E-03 -8.2276E-02
  1.1556E+02 -1.2509E-02 -8.0862E-02
  1.1626E+02 -1.6778E-02 -7.9435E-02
  1.1695E+02 -2.1021E-02 -7.7993E-02
  1.1764E+02 -2.5236E-02 -7.6539E-02
  1.1833E+02 -2.9423E-02 -7.5071E-02
  1.1902E+02 -3.3582E-02 -7.3590E-02
  1.1972E+02 -3.7712E-02 -7.2096E-02
  1.2041E+02 -4.1811E-02 -7.0591E-02
  1.2110E+02 -4.5879E-02 -6.9073E-02
  1.2179E+02 -4.9917E-02 -6.7543E-02
  1.2248E+02 -5.3925E-02 -6.6002E-02
  1.2318E+02 -5.7901E-02 -6.4450E-02
  1.2387E+02 -6.1847E-02 -6.2887E-02
  1.2456E+02 -6.5760E-02 -6.1313E-02
  1.2525E+02 -6.9640E-02 -5.9729E-02
  1.2594E+02 -7.3487E-02 -5.8134E-02
  1.2664E+02 -7.7301E-02 -5.6530E-02
  1.2733E+02 -8.1082E-02 -5.4917E-02
  1.2802E+02 -8.4829E-02 -5.3294E-02
  1.2871E+02 -8.8541E-02 -5.1662E-02
  1.2940E+02 -9.2217E-02 -5.0021E-02
  1.3010E+02 -9.5857E-02 -4.8372E-02
  1.3079E+02 -9.9461E-02 -4.6715E-02
  1.3148E+02 -1.0303E-01 -4.5051E-02
  1.3217E+02 -1.0656E-01 -4.3378E-02
  1.3286E+02 -1.1005E-01 -4.1699E-02
  1.3356E+02 -1.1350E-01 -4.0013E-02
  1.3425E+02 -1.1691E-01 -3.8320E-02
  1.3494E+02 -1.2029E-01 -3.6621E-02
  1.3563E+02 -1.2362E-01 -3.4916E-02
  1.3632E+02 -1.2691E-01 -3.3205E-02
  1.3702E+02 -1.3017E-01 -3.1489E-02
  1.3771E+02 -1.3338E-01 -2.9768E-02
  1.3840E+02 -1.3655E-01 -2.8042E-02
  1.3909E+02 -1.3968E-01 -2.6312E-02
  1.3978E+02 -1.4277E-01 -2.4578E-02
  1.4048E+02 -1.4582E-01 -2.2840E-02
  1.4117E+02 -1.4883E-01 -2.1098E-02
  1.4186E+02 -1.5179E-01 -1.9354E-02
  1.4255E+02 -1.5472E-01 -1.7606E-02
  1.4324E+02 -1.5760E-01 -1.5856E-02
  1.4394E+02 -1.6044E-01 -1.4103E-02
  1.4463E+02 -1.6324E-01 -1.2349E-02
  1.4532E+02 -1.6599E-01 -1.0592E-02
  1.4601E+02 -1.6871E-01 -8.8346E-03
  1.4670E+02 -1.7138E-01 -7.0758E-03
  1.4740E+02 -1.7401E-01 -5.3161E-03
  1.4809E+02 -1.7659E-01 -3.5560E-03
  1.4878E+02 -1.7914E-01 -1.7956E-03
  1.4947E+02 -1.8163E-01 -3.5324E-05
  1.5016E+02 -1.8409E-01  1.7245E-03
  1.5086E+02 -1.8650E-01  3.4836E-03
  1.5155E+02 -1.8886E-01  5.2417E-03
  1.5224E+02 -1.9118E-01  6.9983E-03
  1.5293E+02 -1.9345E-01  8.7533E-03
  1.5362E+02 -1.9568E-01  1.0506E-02
  1.5432E+02 -1.9786E-01  1.2257E-02
  1.5501E+02 -1.9999E-01  1.4005E-02
  1.5570E+02 -2.0207E-01  1.5750E-02
  1.5639E+02 -2.0411E-01  1.7491E-02
  1.5708E+02 -2.0610E-01  1.9229E-02
  1.5778E+02 -2.0804E-01  2.0963E-02
  1.5847E+02 -2.0994E-01  2.2693E-02
  1.5916E+02 -2.1179E-01  2.4418E-02
  1.5985E+02 -2.1359E-01  2.6138E-02
  1.6054E+02 -2.1534E-01  2.7853E-02
  1.6124E+02 -2.1704E-01  2.9563E-02
  1.6193E+02 -2.1870E-01  3.1267E-02
  1.6262E+02 -2.2031E-01  3.2964E-02
  1.6331E+02 -2.2187E-01  3.4655E-02
  1.6400E+02 -2.2338E-01  3.6340E-02
  1.6470E+02 -2.2485E-01  3.8017E-02
  1.6539E+02 -2.2627E-01  3.9687E-02
  1.6608E+02 -2.2765E-01  4.1350E-02
  1.6677E+02 -2.2898E-01  4.3005E-02
  1.6746E+02 -2.3026E-01  4.4652E-02
  1.6816E+02 -2.3149E-01  4.6290E-02
  1.6885E+02 -2.3268E-01  4.7920E-02
  1.6954E+02 -2.3382E-01  4.9540E-02
  1.7023E+02 -2.3491E-01  5.1152E-02
  1.7092E+02 -2.3596E-01  5.2753E-02
  1.7162E+02 -2.3696E-01  5.4345E-02
  1.7231E+02 -2.3791E-01  5.5927E-02
  1.7300E+02 -2.3881E-01  5.7499E-02
  1.7369E+02 -2.3967E-01  5.9059E-02
  1.7438E+02 -2.4047E-01  6.0609E-02
  1.7508E+02 -2.4123E-01  6.2148E-02
  1.7577E+02 -2.4195E-01  6.3675E-02
  1.7646E+02 -2.4261E-01  6.5190E-02
  1.7715E+02 -2.4323E-01  6.6693E-02
  1.7784E+02 -2.4380E-01  6.8184E-02
  1.7854E+02 -2.4432E-01  6.9662E-02
  1.7923E+02 -2.4480E-01  7.1128E-02
  1.7992E+02 -2.4523E-01  7.2580E-02
  1.8061E+02 -2.4562E-01  7.4019E-02
  1.8130E+02 -2.4596E-01  7.5445E-02
  1.8200E+02 -2.4625E-01  7.6856E-02
  1.8269E+02 -2.4650E-01  7.8254E-02
  1.8338E+02 -2.4670E-01  7.9637E-02
  1.8407E+02 -2.4686E-01  8.1006E-02
  1.8476E+02 -2.4697E-01  8.2359E-02
  1.8546E+02 -2.4704E-01  8.3698E-02
  1.8615E+02 -2.4706E-01  8.5022E-02
  1.8684E+02 -2.4705E-01  8.6331E-02
  1.8753E+02 -2.4698E-01  8.7623E-02
  1.8822E+02 -2.4688E-01  8.8900E-02
  1.8892E+02 -2.4673E-01  9.0161E-02
  1.8961E+02 -2.4654E-01  9.1406E-02
  1.9030E+02 -2.4631E-01  9.2634E-02
  1.9099E+02 -2.4603E-01  9.3846E-02
  1.9168E+02 -2.4572E-01  9.5041E-02
  1.9238E+02 -2.4536E-01  9.6218E-02
  1.9307E+02 -2.4495E-01  9.7379E-02
  1.9376E+02 -2.4451E-01  9.8522E-02
  1.9445E+02 -2.4402E-01  9.9647E-02
  1.9514E+02 -2.4349E-01  1.0075E-01
  1.9584E+02 -2.4292E-01  1.0184E-01
  1.9653E+02 -2.4231E-01  1.0292E-01
  1.9722E+02 -2.4166E-01  1.0397E-01
  1.9791E+02 -2.4097E-01  1.0500E-01
  1.9860E+02 -2.4024E-01  1.0602E-01
  1.9930E+02 -2.3946E-01  1.0701E-01
  1.9999E+02 -2.3865E-01  1.0799E-01
  2.0068E+02 -2.3780E-01  1.0895E-01
  2.0137E+02 -2.3691E-01  1.0989E-01
  2.0206E+02 -2.3598E-01  1.1081E-01
  2.0276E+02 -2.3502E-01  1.1171E-01
  2.0345E+02 -2.3401E-01  1.1259E-01
  2.0414E+02 -2.3297E-01  1.1345E-01
  2.0483E+02 -2.3190E-01  1.1429E-01
  2.0552E+02 -2.3079E-01  1.1510E-01
  2.0622E+02 -2.2964E-01  1.1590E-01
  2.0691E+02 -2.2846E-01  1.1668E-01
  2.0760E+02 -2.2725E-01  1.1744E-01
  2.0829E+02 -2.2600E-01  1.1818E-01
  2.0898E+02 -2.2472E-01  1.1890E-01
  2.0968E+02 -2.2341E-01  1.1959E-01
  2.1037E+02 -2.2206E-01  1.2027E-01
  2.1106E+02 -2.2068E-01  1.2092E-01
  2.1175E+02 -2.1927E-01  1.2155E-01
  2.1244E+02 -2.1783E-01  1.2217E-01
  2.1314E+02 -2.1635E-01  1.2276E-01
  2.1383E+02 -2.1484E-01  1.2333E-01
  2.1452E+02 -2.1330E-01  1.2387E-01
  2.1521E+02 -2.1173E-01  1.2440E-01
  2.1590E+02 -2.1013E-01  1.2490E-01
  2.1660E+02 -2.0849E-01  1.2539E-01
  2.1729E+02 -2.0683E-01  1.2585E-01
  2.1798E+02 -2.0514E-01  1.2629E-01
  2.1867E+02 -2.0342E-01  1.2670E-01
  2.1936E+02 -2.0167E-01  1.2710E-01
  2.2006E+02 -1.9990E-01  1.2747E-01
  2.2075E+02 -1.9809E-01  1.2782E-01
  2.2144E+02 -1.9626E-01  1.2815E-01
  2.2213E+02 -1.9441E-01  1.2846E-01
  2.2282E+02 -1.9253E-01  1.2874E-01
  2.2352E+02 -1.9062E-01  1.2901E-01
  2.2421E+02 -1.8869E-01  1.2925E-01
  2.2490E+02 -1.8673E-01  1.2947E-01
  2.2559E+02 -1.8475E-01  1.2966E-01
  2.2628E+02 -1.8275E-01  1.2984E-01
  2.2698E+02 -1.8073E-01  1.2999E-01
  2.2767E+02 -1.7868E-01  1.3012E-01
  2.2836E+02 -1.7661E-01  1.3022E-01
  2.2905E+02 -1.7452E-01  1.3031E-01
  2.2974E+02 -1.7242E-01  1.3037E-01
  2.3044E+02 -1.7029E-01  1.3041E-01
  2.3113E+02 -1.6814E-01  1.3043E-01
  2.3182E+02 -1.6597E-01  1.3043E-01
  2.3251E+02 -1.6378E-01  1.3040E-01
  2.3320E+02 -1.6158E-01  1.3036E-01
  2.3390E+02 -1.5935E-01  1.3029E-01
  2.3459E+02 -1.5711E-01  1.3020E-01
  2.3528E+02 -1.5485E-01  1.3008E-01
  2.3597E+02 -1.5257E-01  1.2995E-01
  2.3666E+02 -1.5027E-01  1.2979E-01
  2.3736E+02 -1.4796E-01  1.2961E-01
  2.3805E+02 -1.4563E-01  1.2941E-01
  2.3874E+02 -1.4329E-01  1.2919E-01
  2.3943E+02 -1.4093E-01  1.2895E-01
  2.4012E+02 -1.3856E-01  1.2868E-01
  2.4082E+02 -1.3617E-01  1.2839E-01
  2.4151E+02 -1.3377E-01  1.2808E-01
  2.4220E+02 -1.3136E-01  1.2775E-01
  2.4289E+02 -1.2893E-01  1.2740E-01
  2.4358E+02 -1.2650E-01  1.2703E-01
  2.4428E+02 -1.2405E-01  1.2664E-01
  2.4497E+02 -1.2159E-01  1.2622E-01
  2.4566E+02 -1.1913E-01  1.2579E-01
  2.4635E+02 -1.1665E-01  1.2533E-01
  2.4704E+02 -1.1416E-01  1.2485E-01
  2.4774E+02 -1.1167E-01  1.2436E-01
  2.4843E+02 -1.0917E-01  1.2384E-01
  2.4912E+02 -1.0666E-01  1.2330E-01
  2.4981E+02 -1.0415E-01  1.2274E-01
  2.5050E+02 -1.0162E-01  1.2216E-01
  2.5120E+02 -9.9094E-02  1.2157E-01
  2.5189E+02 -9.6559E-02  1.2095E-01
  2.5258E+02 -9.4019E-02  1.2031E-01
  2.5327E+02 -9.1473E-02  1.1965E-01
  2.5396E+02 -8.8923E-02  1.1898E-01
  2.5466E+02 -8.6367E-02  1.1828E-01
  2.5535E+02 -8.3808E-02  1.1756E-01
  2.5604E+02 -8.1245E-02  1.1683E-01
  2.5673E+02 -7.8678E-02  1.1608E-01
  2.5742E+02 -7.6109E-02  1.1530E-01
  2.5812E+02 -7.3537E-02  1.1451E-01
  2.5881E+02 -7.0963E-02  1.1371E-01
  2.5950E+02 -6.8387E-02  1.1288E-01
  2.6019E+02 -6.5810E-02  1.1203E-01
  2.6088E+02 -6.3233E-02  1.1117E-01
  2.6158E+02 -6.0655E-02  1.1029E-01
  2.6227E+02 -5.8078E-02  1.0939E-01
  2.6296E+02 -5.5503E-02  1.0847E-01
  2.6365E+02 -5.2929E-02  1.0754E-01
  2.6434E+02 -5.0357E-02  1.0659E-01
  2.6504E+02 -4.7788E-02  1.0562E-01
  2.6573E+02 -4.5222E-02  1.0464E-01
  2.6642E+02 -4.2661E-02  1.0364E-01
  2.6711E+02 -4.0103E-02  1.0262E-01
  2.6780E+02 -3.7550E-02  1.0159E-01
  2.6850E+02 -3.5002E-02  1.0054E-01
  2.6919E+02 -3.2460E-02  9.9474E-02
  2.6988E+02 -2.9923E-02  9.8395E-02
  2.7057E+02 -2.7392E-02  9.7299E-02
  2.7126E+02 -2.4866E-02  9.6189E-02
  2.7196E+02 -2.2348E-02  9.5064E-02
  2.7265E+02 -1.9836E-02  9.3925E-02
  2.7334E+02 -1.7331E-02  9.2770E-02
  2.7403E+02 -1.4833E-02  9.1602E-02
  2.7472E+02 -1.2343E-02  9.0420E-02
  2.7542E+02 -9.8607E-03  8.9224E-02
  2.7611E+02 -7.3870E-03  8.8014E-02
  2.7680E+02 -4.9221E-03  8.6791E-02
  2.7749E+02 -2.4665E-03  8.5554E-02
  2.7818E+02 -2.0312E-05  8.4305E-02
  2.7888E+02  2.4159E-03  8.3043E-02
  2.7957E+02  4.8418E-03  8.1769E-02
  2.8026E+02  7.2570E-03  8.0482E-02
  2.8095E+02  9.6611E-03  7.9183E-02
  2.8164E+02  1.2054E-02  7.7872E-02
  2.8234E+02  1.4435E-02  7.6550E-02
  2.8303E+02  1.6803E-02  7.5216E-02
  2.8372E+02  1.9159E-02  7.3872E-02
  2.8441E+02  2.1502E-02  7.2516E-02
  2.8510E+02  2.3832E-02  7.1150E-02
  2.8580E+02  2.6148E-02  6.9774E-02
  2.8649E+02  2.8449E-02  6.8387E-02
  2.8718E+02  3.0736E-02  6.6991E-02
  2.8787E+02  3.3008E-02  6.5585E-02
  2.8856E+02  3.5265E-02  6.4169E-02
  2.8926E+02  3.7507E-02  6.2745E-02
  2.8995E+02  3.9732E-02  6.1311E-02
  2.9064E+02  4.1941E-02  5.9870E-02
  2.9133E+02  4.4134E-02  5.8419E-02
  2.9202E+02  4.6310E-02  5.6961E-02
  2.9272E+02  4.8469E-02  5.5495E-02
  2.9341E+02  5.0612E-02  5.4022E-02
  2.9410E+02  5.2737E-02  5.2541E-02
  2.9479E+02  5.4845E-02  5.1053E-02
  2.9548E+02  5.6936E-02  4.9558E-02
  2.9618E+02  5.9009E-02  4.8057E-02
  2.9687E+02  6.1065E-02  4.6549E-02
  2.9756E+02  6.3103E-02  4.5036E-02
  2.9825E+02  6.5122E-02  4.3516E-02
  2.9894E+02  6.7124E-02  4.1991E-02
  2.9964E+02  6.9108E-02  4.0461E-02
  3.0033E+02  7.1072E-02  3.8925E-02
  3.0102E+02  7.3018E-02  3.7385E-02
  3.0171E+02  7.4944E-02  3.5840E-02
  3.0240E+02  7.6850E-02  3.4291E-02
  3.0310E+02  7.8736E-02  3.2738E-02
  3.0379E+02  8.0602E-02  3.1181E-02
  3.0448E+02  8.2446E-02  2.9620E-02
  3.0517E+02  8.4269E-02  2.8057E-02
  3.0586E+02  8.6071E-02  2.6490E-02
  3.0656E+02  8.7850E-02  2.4921E-02
  3.0725E+02  8.9607E-02  2.3349E-02
  3.0794E+02  9.1342E-02  2.1775E-02
  3.0863E+02  9.3054E-02  2.0199E-02
  3.0932E+02  9.4744E-02  1.8622E-02
  3.1002E+02  9.6411E-02  1.7043E-02
  3.1071E+02  9.8056E-02  1.5464E-02
  3.1140E+02  9.9678E-02  1.3883E-02
  3.1209E+02  1.0128E-01  1.2302E-02
  3.1278E+02  1.0286E-01  1.0721E-02
  3.1348E+02  1.0441E-01  9.1392E-03
  3.1417E+02  1.0594E-01  7.5580E-03
  3.1486E+02  1.0745E-01  5.9773E-03
  3.1555E+02  1.0894E-01  4.3973E-03
  3.1624E+02  1.1041E-01  2.8182E-03
  3.1694E+02  1.1185E-01  1.2402E-03
  3.1763E+02  1.1327E-01 -3.3628E-04
  3.1832E+02  1.1466E-01 -1.9111E-03
  3.1901E+02  1.1604E-01 -3.4841E-03
  3.1970E+02  1.1739E-01 -5.0549E-03
  3.2040E+02  1.1871E-01 -6.6233E-03
  3.2109E+02  1.2002E-01 -8.1890E-03
  3.2178E+02  1.2129E-01 -9.7519E-03
  3.2247E+02  1.2255E-01 -1.1312E-02
  3.2316E+02  1.2378E-01 -1.2868E-02
  3.2386E+02  1.2498E-01 -1.4421E-02
  3.2455E+02  1.2616E-01 -1.5969E-02
  3.2524E+02  1.2731E-01 -1.7514E-02
  3.2593E+02  1.2844E-01 -1.9054E-02
  3.2662E+02  1.2954E-01 -2.0590E-02
  3.2732E+02  1.3062E-01 -2.2121E-02
  3.2801E+02  1.3167E-01 -2.3646E-02
  3.2870E+02  1.3270E-01 -2.5166E-02
  3.2939E+02  1.3370E-01 -2.6681E-02
  3.3008E+02  1.3468E-01 -2.8190E-02
  3.3078E+02  1.3563E-01 -2.9692E-02
  3.3147E+02  1.3656E-01 -3.1188E-02
  3.3216E+02  1.3746E-01 -3.2678E-02
  3.3285E+02  1.3834E-01 -3.4161E-02
  3.3354E+02  1.3920E-01 -3.5637E-02
  3.3424E+02  1.4002E-01 -3.7105E-02
  3.3493E+02  1.4083E-01 -3.8566E-02
  3.3562E+02  1.4161E-01 -4.0020E-02
  3.3631E+02  1.4237E-01 -4.1466E-02
  3.3700E+02  1.4310E-01 -4.2903E-02
  3.3770E+02  1.4380E-01 -4.4333E-02
  3.3839E+02  1.4449E-01 -4.5754E-02
  3.3908E+02  1.4514E-01 -4.7166E-02
  3.3977E+02  1.4578E-01 -4.8569E-02
  3.4046E+02  1.4639E-01 -4.9964E-02
  3.4116E+02  1.4697E-01 -5.1349E-02
  3.4185E+02  1.4753E-01 -5.2724E-02
  3.4254E+02  1.4806E-01 -5.4090E-02
  3.4323E+02  1.4857E-01 -5.5446E-02
  3.4392E+02  1.4905E-01 -5.6792E-02
  3.4462E+02  1.4951E-01 -5.8127E-02
  3.4531E+02  1.4995E-01 -5.9453E-02
  3.4600E+02  1.5036E-01 -6.0767E-02
  3.4669E+02  1.5074E-01 -6.2070E-02
  3.4738E+02  1.5110E-01 -6.3363E-02
  3.4808E+02  1.5144E-01 -6.4644E-02
  3.4877E+02  1.5175E-01 -6.5914E-02
  3.4946E+02  1.5203E-01 -6.7172E-02
  3.5015E+02  1.5230E-01 -6.8418E-02
  3.5084E+02  1.5253E-01 -6.9652E-02
  3.5154E+02  1.5275E-01 -7.0875E-02
  3.5223E+02  1.5294E-01 -7.2084E-02
  3.5292E+02  1.5310E-01 -7.3281E-02
  3.5361E+02  1.5324E-01 -7.4466E-02
  3.5430E+02  1.5336E-01 -7.5638E-02
  3.5500E+02  1.5346E-01 -7.6796E-02
  3.5569E+02  1.5353E-01 -7.7942E-02
  3.5638E+02  1.5358E-01 -7.9074E-02
  3.5707E+02  1.5361E-01 -8.0193E-02
  3.5776E+02  1.5361E-01 -8.1298E-02
  3.5846E+02  1.5359E-01 -8.2390E-02
  3.5915E+02  1.5355E-01 -8.3467E-02
  3.5984E+02  1.5349E-01 -8.4531E-02
  3.6053E+02  1.5341E-01 -8.5580E-02
  3.6122E+02  1.5330E-01 -8.6616E-02
  3.6192E+02  1.5317E-01 -8.7637E-02
  3.6261E+02  1.5303E-01 -8.8643E-02
  3.6330E+02  1.5286E-01 -8.9635E-02
  3.6399E+02  1.5267E-01 -9.0612E-02
  3.6468E+02  1.5245E-01 -9.1574E-02
  3.6538E+02  1.5222E-01 -9.2521E-02
  3.6607E+02  1.5196E-01 -9.3453E-02
  3.6676E+02  1.5169E-01 -9.4370E-02
  3.6745E+02  1.5139E-01 -9.5272E-02
  3.6814E+02  1.5107E-01 -9.6158E-02
  3.6884E+02  1.5073E-01 -9.7028E-02
  3.6953E+02  1.5037E-01 -9.7883E-02
  3.7022E+02  1.4998E-01 -9.8722E-02
  3.7091E+02  1.4958E-01 -9.9545E-02
  3.7160E+02  1.4916E-01 -1.0035E-01
  3.7230E+02  1.4871E-01 -1.0114E-01
  3.7299E+02  1.4825E-01 -1.0192E-01
  3.7368E+02  1.4776E-01 -1.0268E-01
  3.7437E+02  1.4726E-01 -1.0342E-01
  3.7506E+02  1.4674E-01 -1.0414E-01
  3.7576E+02  1.4620E-01 -1.0485E-01
  3.7645E+02  1.4564E-01 -1.0554E-01
  3.7714E+02  1.4506E-01 -1.0622E-01
  3.7783E+02  1.4447E-01 -1.0688E-01
  3.7852E+02  1.4386E-01 -1.0752E-01
  3.7922E+02  1.4323E-01 -1.0815E-01
  3.7991E+02  1.4259E-01 -1.0875E-01
  3.8060E+02  1.4193E-01 -1.0935E-01
  3.8129E+02  1.4125E-01 -1.0992E-01
  3.8198E+02  1.4056E-01 -1.1048E-01
  3.8268E+02  1.3985E-01 -1.1102E-01
  3.8337E+02  1.3912E-01 -1.1154E-01
  3.8406E+02  1.3838E-01 -1.1205E-01
  3.8475E+02  1.3763E-01 -1.1254E-01
  3.8544E+02  1.3685E-01 -1.1301E-01
  3.8614E+02  1.3607E-01 -1.1346E-01
  3.8683E+02  1.3526E-01 -1.1390E-01
  3.8752E+02  1.3444E-01 -1.1432E-01
  3.8821E+02  1.3361E-01 -1.1472E-01
  3.8890E+02  1.3276E-01 -1.1511E-01
  3.8960E+02  1.3189E-01 -1.1548E-01
  3.9029E+02  1.3101E-01 -1.1583E-01
  3.9098E+02  1.3011E-01 -1.1616E-01
  3.9167E+02  1.2920E-01 -1.1648E-01
  3.9236E+02  1.2828E-01 -1.1677E-01
  3.9306E+02  1.2734E-01 -1.1705E-01
  3.9375E+02  1.2638E-01 -1.1732E-01
  3.9444E+02  1.2542E-01 -1.1756E-01
  3.9513E+02  1.2444E-01 -1.1779E-01
  3.9582E+02  1.2345E-01 -1.1800E-01
  3.9652E+02  1.2244E-01 -1.1819E-01
  3.9721E+02  1.2143E-01 -1.1837E-01
  3.9790E+02  1.2040E-01 -1.1853E-01
  3.9859E+02  1.1937E-01 -1.1867E-01
  3.9928E+02  1.1832E-01 -1.1879E-01
  3.9998E+02  1.1727E-01 -1.1890E-01
  4.0067E+02  1.1620E-01 -1.1899E-01
  4.0136E+02  1.1513E-01 -1.1906E-01
  4.0205E+02  1.1404E-01 -1.1911E-01
  4.0274E+02  1.1295E-01 -1.1915E-01
  4.0344E+02  1.1185E-01 -1.1917E-01
  4.0413E+02  1.1074E-01 -1.1917E-01
  4.0482E+02  1.0963E-01 -1.1916E-01
  4.0551E+02  1.0850E-01 -1.1912E-01
  4.0620E+02  1.0737E-01 -1.1908E-01
  4.0690E+02  1.0622E-01 -1.1901E-01
  4.0759E+02  1.0507E-01 -1.1893E-01
  4.0828E+02  1.0391E-01 -1.1883E-01
  4.0897E+02  1.0274E-01 -1.1871E-01
  4.0966E+02  1.0156E-01 -1.1858E-01
  4.1036E+02  1.0038E-01 -1.1843E-01
  4.1105E+02  9.9180E-02 -1.1827E-01
  4.1174E+02  9.7976E-02 -1.1809E-01
  4.1243E+02  9.6765E-02 -1.1789E-01
  4.1312E+02  9.5545E-02 -1.1767E-01
  4.1382E+02  9.4318E-02 -1.1744E-01
  4.1451E+02  9.3085E-02 -1.1719E-01
  4.1520E+02  9.1845E-02 -1.1693E-01
  4.1589E+02  9.0599E-02 -1.1665E-01
  4.1658E+02  8.9348E-02 -1.1635E-01
  4.1728E+02  8.8092E-02 -1.1604E-01
  4.1797E+02  8.6831E-02 -1.1571E-01
  4.1866E+02  8.5567E-02 -1.1537E-01
  4.1935E+02  8.4300E-02 -1.1501E-01
  4.2004E+02  8.3030E-02 -1.1464E-01
  4.2074E+02  8.1758E-02 -1.1424E-01
  4.2143E+02  8.0484E-02 -1.1384E-01
  4.2212E+02  7.9209E-02 -1.1342E-01
  4.2281E+02  7.7932E-02 -1.1298E-01
  4.2350E+02  7.6654E-02 -1.1253E-01
  4.2420E+02  7.5376E-02 -1.1207E-01
  4.2489E+02  7.4096E-02 -1.1159E-01
  4.2558E+02  7.2816E-02 -1.1109E-01
  4.2627E+02  7.1535E-02 -1.1058E-01
  4.2696E+02  7.0254E-02 -1.1006E-01
  4.2766E+02  6.8971E-02 -1.0952E-01
  4.2835E+02  6.7688E-02 -1.0897E-01
  4.2904E+02  6.6403E-02 -1.0840E-01
  4.2973E+02  6.5118E-02 -1.0782E-01
  4.3042E+02  6.3831E-02 -1.0723E-01
  4.3112E+02  6.2542E-02 -1.0662E-01
  4.3181E+02  6.1253E-02 -1.0600E-01
  4.3250E+02  5.9962E-02 -1.0537E-01
  4.3319E+02  5.8671E-02 -1.0472E-01
  4.3388E+02  5.7378E-02 -1.0406E-01
  4.3458E+02  5.6085E-02 -1.0339E-01
  4.3527E+02  5.4791E-02 -1.0270E-01
  4.3596E+02  5.3498E-02 -1.0200E-01
  4.3665E+02  5.2204E-02 -1.0129E-01
  4.3734E+02  5.0912E-02 -1.0056E-01
  4.3804E+02  4.9621E-02 -9.9828E-02
  4.3873E+02  4.8332E-02 -9.9079E-02
  4.3942E+02  4.7046E-02 -9.8319E-02
  4.4011E+02  4.5762E-02 -9.7546E-02
  4.4080E+02  4.4482E-02 -9.6762E-02
  4.4150E+02  4.3206E-02 -9.5966E-02
  4.4219E+02  4.1934E-02 -9.5159E-02
  4.4288E+02  4.0668E-02 -9.4340E-02
  4.4357E+02  3.9406E-02 -9.3511E-02
  4.4426E+02  3.8151E-02 -9.2671E-02
  4.4496E+02  3.6901E-02 -9.1820E-02
  4.4565E+02  3.5658E-02 -9.0959E-02
  4.4634E+02  3.4421E-02 -9.0087E-02
  4.4703E+02  3.3190E-02 -8.9205E-02
  4.4772E+02  3.1966E-02 -8.8313E-02
  4.4842E+02  3.0748E-02 -8.7412E-02
  4.4911E+02  2.9536E-02 -8.6501E-02
  4.4980E+02  2.8330E-02 -8.5580E-02
  4.5049E+02  2.7130E-02 -8.4651E-02
  4.5118E+02  2.5937E-02 -8.3712E-02
  4.5188E+02  2.4748E-02 -8.2764E-02
  4.5257E+02  2.3566E-02 -8.1808E-02
  4.5326E+02  2.2389E-02 -8.0843E-02
  4.5395E+02  2.1217E-02 -7.9869E-02
  4.5464E+02  2.0050E-02 -7.8887E-02
  4.5534E+02  1.8889E-02 -7.7898E-02
  4.5603E+02  1.7733E-02 -7.6900E-02
  4.5672E+02  1.6582E-02 -7.5894E-02
  4.5741E+02  1.5438E-02 -7.4881E-02
  4.5810E+02  1.4299E-02 -7.3861E-02
  4.5880E+02  1.3166E-02 -7.2833E-02
  4.5949E+02  1.2040E-02 -7.1798E-02
  4.6018E+02  1.0921E-02 -7.0756E-02
  4.6087E+02  9.8096E-03 -6.9708E-02
  4.6156E+02  8.7059E-03 -6.8653E-02
  4.6226E+02  7.6107E-03 -6.7591E-02
  4.6295E+02  6.5243E-03 -6.6524E-02
  4.6364E+02  5.4472E-03 -6.5450E-02
  4.6433E+02  4.3800E-03 -6.4371E-02
  4.6502E+02  3.3230E-03 -6.3286E-02
  4.6572E+02  2.2766E-03 -6.2196E-02
  4.6641E+02  1.2412E-03 -6.1100E-02
  4.6710E+02  2.1700E-04 -6.0000E-02
  4.6779E+02 -7.9578E-04 -5.8895E-02
  4.6848E+02 -1.7970E-03 -5.7785E-02
  4.6918E+02 -2.7866E-03 -5.6671E-02
  4.6987E+02 -3.7645E-03 -5.5553E-02
  4.7056E+02 -4.7308E-03 -5.4430E-02
  4.7125E+02 -5.6856E-03 -5.3304E-02
  4.7194E+02 -6.6291E-03 -5.2175E-02
  4.7264E+02 -7.5615E-03 -5.1042E-02
  4.7333E+02 -8.4829E-03 -4.9906E-02
  4.7402E+02 -9.3936E-03 -4.8767E-02
  4.7471E+02 -1.0294E-02 -4.7625E-02
  4.7540E+02 -1.1184E-02 -4.6480E-02
  4.7610E+02 -1.2064E-02 -4.5333E-02
  4.7679E+02 -1.2934E-02 -4.4184E-02
  4.7748E+02 -1.3795E-02 -4.3033E-02
  4.7817E+02 -1.4646E-02 -4.1880E-02
  4.7886E+02 -1.5488E-02 -4.0725E-02
  4.7956E+02 -1.6320E-02 -3.9568E-02
  4.8025E+02 -1.7142E-02 -3.8410E-02
  4.8094E+02 -1.7955E-02 -3.7251E-02
  4.8163E+02 -1.8759E-02 -3.6090E-02
  4.8232E+02 -1.9552E-02 -3.4929E-02
  4.8302E+02 -2.0334E-02 -3.3767E-02
  4.8371E+02 -2.1106E-02 -3.2605E-02
  4.8440E+02 -2.1867E-02 -3.1442E-02
  4.8509E+02 -2.2616E-02 -3.0279E-02
  4.8578E+02 -2.3353E-02 -2.9116E-02
  4.8648E+02 -2.4078E-02 -2.7953E-02
  4.8717E+02 -2.4790E-02 -2.6791E-02
  4.8786E+02 -2.5488E-02 -2.5629E-02
  4.8855E+02 -2.6172E-02 -2.4468E-02
  4.8924E+02 -2.6842E-02 -2.3308E-02
  4.8994E+02 -2.7498E-02 -2.2150E-02
  4.9063E+02 -2.8139E-02 -2.0992E-02
  4.9132E+02 -2.8765E-02 -1.9836E-02
  4.9201E+02 -2.9375E-02 -1.8682E-02
  4.9270E+02 -2.9971E-02 -1.7530E-02
  4.9340E+02 -3.0551E-02 -1.6380E-02
  4.9409E+02 -3.1117E-02 -1.5232E-02
  4.9478E+02 -3.1668E-02 -1.4087E-02
  4.9547E+02 -3.2204E-02 -1.2945E-02
  4.9616E+02 -3.2726E-02 -1.1806E-02
  4.9686E+02 -3.3234E-02 -1.0669E-02
  4.9755E+02 -3.3728E-02 -9.5360E-03
  4.9824E+02 -3.4210E-02 -8.4063E-03
  4.9893E+02 -3.4679E-02 -7.2802E-03
  4.9962E+02 -3.5136E-02 -6.1579E-03
  5.0032E+02 -3.5581E-02 -5.0395E-03
  5.0101E+02 -3.6014E-02 -3.9251E-03
  5.0170E+02 -3.6437E-02 -2.8150E-03
  5.0239E+02 -3.6849E-02 -1.7093E-03
  5.0308E+02 -3.7251E-02 -6.0803E-04
  5.0378E+02 -3.7643E-02  4.8856E-04
  5.0447E+02 -3.8025E-02  1.5804E-03
  5.0516E+02 -3.8396E-02  2.6673E-03
  5.0585E+02 -3.8758E-02  3.7491E-03
  5.0654E+02 -3.9109E-02  4.8258E-03
  5.0724E+02 -3.9450E-02  5.8971E-03
  5.0793E+02 -3.9781E-02  6.9630E-03
  5.0862E+02 -4.0100E-02  8.0233E-03
  5.0931E+02 -4.0407E-02  9.0779E-03
  5.1000E+02 -4.0703E-02  1.0127E-02
  5.1070E+02 -4.0986E-02  1.1169E-02
  5.1139E+02 -4.1256E-02  1.2206E-02
  5.1208E+02 -4.1512E-02  1.3236E-02
  5.1277E+02 -4.1754E-02  1.4260E-02
  5.1346E+02 -4.1982E-02  1.5277E-02
  5.1416E+02 -4.2195E-02  1.6288E-02
  5.1485E+02 -4.2392E-02  1.7291E-02
  5.1554E+02 -4.2573E-02  1.8287E-02
  5.1623E+02 -4.2738E-02  1.9276E-02
  5.1692E+02 -4.2888E-02  2.0258E-02
  5.1762E+02 -4.3020E-02  2.1232E-02
  5.1831E+02 -4.3137E-02  2.2199E-02
  5.1900E+02 -4.3238E-02  2.3157E-02
  5.1969E+02 -4.3323E-02  2.4107E-02
  5.2038E+02 -4.3392E-02  2.5049E-02
  5.2108E+02 -4.3447E-02  2.5983E-02
  5.2177E+02 -4.3487E-02  2.6908E-02
  5.2246E+02 -4.3514E-02  2.7825E-02
  5.2315E+02 -4.3527E-02  2.8733E-02
  5.2384E+02 -4.3528E-02  2.9631E-02
  5.2454E+02 -4.3517E-02  3.0521E-02
  5.2523E+02 -4.3495E-02  3.1402E-02
  5.2592E+02 -4.3463E-02  3.2273E-02
  5.2661E+02 -4.3421E-02  3.3136E-02
  5.2730E+02 -4.3370E-02  3.3988E-02
  5.2800E+02 -4.3311E-02  3.4832E-02
  5.2869E+02 -4.3243E-02  3.5666E-02
  5.2938E+02 -4.3167E-02  3.6490E-02
  5.3007E+02 -4.3084E-02  3.7304E-02
  5.3076E+02 -4.2994E-02  3.8109E-02
  5.3146E+02 -4.2896E-02  3.8904E-02
  5.3215E+02 -4.2791E-02  3.9689E-02
  5.3284E+02 -4.2678E-02  4.0464E-02
  5.3353E+02 -4.2557E-02  4.1230E-02
  5.3422E+02 -4.2427E-02  4.1985E-02
  5.3492E+02 -4.2288E-02  4.2730E-02
  5.3561E+02 -4.2140E-02  4.3465E-02
  5.3630E+02 -4.1982E-02  4.4189E-02
  5.3699E+02 -4.1813E-02  4.4904E-02
  5.3768E+02 -4.1632E-02  4.5608E-02
  5.3838E+02 -4.1440E-02  4.6301E-02
  5.3907E+02 -4.1234E-02  4.6984E-02
  5.3976E+02 -4.1016E-02  4.7656E-02
  5.4045E+02 -4.0784E-02  4.8317E-02
  5.4114E+02 -4.0538E-02  4.8967E-02
  5.4184E+02 -4.0277E-02  4.9606E-02
  5.4253E+02 -4.0002E-02  5.0234E-02
  5.4322E+02 -3.9713E-02  5.0851E-02
  5.4391E+02 -3.9409E-02  5.1456E-02
  5.4460E+02 -3.9091E-02  5.2050E-02
  5.4530E+02 -3.8759E-02  5.2633E-02
  5.4599E+02 -3.8414E-02  5.3203E-02
  5.4668E+02 -3.8056E-02  5.3762E-02
  5.4737E+02 -3.7685E-02  5.4309E-02
  5.4806E+02 -3.7304E-02  5.4844E-02
  5.4876E+02 -3.6912E-02  5.5367E-02
  5.4945E+02 -3.6511E-02  5.5878E-02
  5.5014E+02 -3.6100E-02  5.6377E-02
  5.5083E+02 -3.5682E-02  5.6864E-02
  5.5152E+02 -3.5257E-02  5.7339E-02
  5.5222E+02 -3.4826E-02  5.7802E-02
  5.5291E+02 -3.4390E-02  5.8253E-02
  5.5360E+02 -3.3949E-02  5.8691E-02
  5.5429E+02 -3.3504E-02  5.9117E-02
  5.5498E+02 -3.3055E-02  5.9532E-02
  5.5568E+02 -3.2604E-02  5.9934E-02
  5.5637E+02 -3.2149E-02  6.0324E-02
  5.5706E+02 -3.1692E-02  6.0702E-02
  5.5775E+02 -3.1233E-02  6.1069E-02
  5.5844E+02 -3.0770E-02  6.1423E-02
  5.5914E+02 -3.0304E-02  6.1765E-02
  5.5983E+02 -2.9835E-02  6.2095E-02
  5.6052E+02 -2.9363E-02  6.2414E-02
  5.6121E+02 -2.8885E-02  6.2720E-02
  5.6190E+02 -2.8403E-02  6.3014E-02
  5.6260E+02 -2.7915E-02  6.3297E-02
  5.6329E+02 -2.7421E-02  6.3567E-02
  5.6398E+02 -2.6919E-02  6.3826E-02
  5.6467E+02 -2.6410E-02  6.4073E-02
  5.6536E+02 -2.5892E-02  6.4307E-02
  5.6606E+02 -2.5366E-02  6.4530E-02
  5.6675E+02 -2.4830E-02  6.4740E-02
  5.6744E+02 -2.4284E-02  6.4938E-02
  5.6813E+02 -2.3728E-02  6.5124E-02
  5.6882E+02 -2.3161E-02  6.5298E-02
  5.6952E+02 -2.2584E-02  6.5460E-02
  5.7021E+02 -2.1997E-02  6.5610E-02
  5.7090E+02 -2.1399E-02  6.5747E-02
  5.7159E+02 -2.0791E-02  6.5872E-02
  5.7228E+02 -2.0174E-02  6.5984E-02
  5.7298E+02 -1.9548E-02  6.6084E-02
  5.7367E+02 -1.8914E-02  6.6172E-02
  5.7436E+02 -1.8272E-02  6.6247E-02
  5.7505E+02 -1.7623E-02  6.6310E-02
  5.7574E+02 -1.6969E-02  6.6361E-02
  5.7644E+02 -1.6310E-02  6.6399E-02
  5.7713E+02 -1.5646E-02  6.6426E-02
  5.7782E+02 -1.4981E-02  6.6440E-02
  5.7851E+02 -1.4313E-02  6.6441E-02
  5.7920E+02 -1.3644E-02  6.6431E-02
  5.7990E+02 -1.2975E-02  6.6409E-02
  5.8059E+02 -1.2307E-02  6.6374E-02
  5.8128E+02 -1.1641E-02  6.6328E-02
  5.8197E+02 -1.0977E-02  6.6270E-02
  5.8266E+02 -1.0315E-02  6.6201E-02
  5.8336E+02 -9.6568E-03  6.6120E-02
  5.8405E+02 -9.0017E-03  6.6027E-02
  5.8474E+02 -8.3501E-03  6.5923E-02
  5.8543E+02 -7.7019E-03  6.5808E-02
  5.8612E+02 -7.0572E-03  6.5681E-02
  5.8682E+02 -6.4156E-03  6.5544E-02
  5.8751E+02 -5.7766E-03  6.5396E-02
  5.8820E+02 -5.1400E-03  6.5236E-02
  5.8889E+02 -4.5049E-03  6.5066E-02
  5.8958E+02 -3.8708E-03  6.4885E-02
  5.9028E+02 -3.2370E-03  6.4694E-02
  5.9097E+02 -2.6025E-03  6.4492E-02
  5.9166E+02 -1.9667E-03  6.4279E-02
  5.9235E+02 -1.3286E-03  6.4056E-02
  5.9304E+02 -6.8756E-04  6.3822E-02
  5.9374E+02 -4.2720E-05  6.3578E-02
  5.9443E+02  6.0660E-04  6.3324E-02
  5.9512E+02  1.2610E-03  6.3060E-02
  5.9581E+02  1.9211E-03  6.2785E-02
  5.9650E+02  2.5872E-03  6.2500E-02
  5.9720E+02  3.2597E-03  6.2204E-02
  5.9789E+02  3.9388E-03  6.1899E-02
  5.9858E+02  4.6244E-03  6.1583E-02
  5.9927E+02  5.3164E-03  6.1257E-02
  5.9996E+02  6.0145E-03  6.0921E-02
  6.0066E+02  6.7184E-03  6.0575E-02
  6.0135E+02  7.4274E-03  6.0218E-02
  6.0204E+02  8.1408E-03  5.9852E-02
  6.0273E+02  8.8578E-03  5.9476E-02
  6.0342E+02  9.5776E-03  5.9089E-02
  6.0412E+02  1.0299E-02  5.8693E-02
  6.0481E+02  1.1021E-02  5.8287E-02
  6.0550E+02  1.1742E-02  5.7872E-02
  6.0619E+02  1.2461E-02  5.7447E-02
  6.0688E+02  1.3178E-02  5.7012E-02
  6.0758E+02  1.3890E-02  5.6568E-02
  6.0827E+02  1.4596E-02  5.6115E-02
  6.0896E+02  1.5297E-02  5.5653E-02
  6.0965E+02  1.5989E-02  5.5182E-02
  6.1034E+02  1.6674E-02  5.4702E-02
  6.1104E+02  1.7349E-02  5.4214E-02
  6.1173E+02  1.8015E-02  5.3717E-02
  6.1242E+02  1.8670E-02  5.3212E-02
  6.1311E+02  1.9314E-02  5.2699E-02
  6.1380E+02  1.9948E-02  5.2179E-02
  6.1450E+02  2.0571E-02  5.1650E-02
  6.1519E+02  2.1184E-02  5.1114E-02
  6.1588E+02  2.1786E-02  5.0571E-02
  6.1657E+02  2.2379E-02  5.0021E-02
  6.1726E+02  2.2962E-02  4.9463E-02
  6.1796E+02  2.3537E-02  4.8899E-02
  6.1865E+02  2.4105E-02  4.8328E-02
  6.1934E+02  2.4666E-02  4.7750E-02
  6.2003E+02  2.5222E-02  4.7166E-02
  6.2072E+02  2.5773E-02  4.6576E-02
  6.2142E+02  2.6320E-02  4.5979E-02
  6.2211E+02  2.6866E-02  4.5377E-02
  6.2280E+02  2.7410E-02  4.4768E-02
  6.2349E+02  2.7953E-02  4.4153E-02
  6.2418E+02  2.8498E-02  4.3532E-02
  6.2488E+02  2.9043E-02  4.2906E-02
  6.2557E+02  2.9591E-02  4.2273E-02
  6.2626E+02  3.0141E-02  4.1635E-02
  6.2695E+02  3.0694E-02  4.0991E-02
  6.2764E+02  3.1251E-02  4.0342E-02
  6.2834E+02  3.1811E-02  3.9687E-02
  6.2903E+02  3.2374E-02  3.9026E-02
  6.2972E+02  3.2941E-02  3.8360E-02
  6.3041E+02  3.3511E-02  3.7688E-02
  6.3110E+02  3.4082E-02  3.7011E-02
  6.3180E+02  3.4656E-02  3.6328E-02
  6.3249E+02  3.5230E-02  3.5640E-02
  6.3318E+02  3.5805E-02  3.4947E-02
  6.3387E+02  3.6378E-02  3.4249E-02
  6.3456E+02  3.6950E-02  3.3547E-02
  6.3526E+02  3.7518E-02  3.2839E-02
  6.3595E+02  3.8082E-02  3.2126E-02
  6.3664E+02  3.8641E-02  3.1409E-02
  6.3733E+02  3.9193E-02  3.0688E-02
  6.3802E+02  3.9737E-02  2.9962E-02
  6.3872E+02  4.0272E-02  2.9232E-02
  6.3941E+02  4.0797E-02  2.8498E-02
  6.4010E+02  4.1311E-02  2.7761E-02
  6.4079E+02  4.1813E-02  2.7019E-02
  6.4148E+02  4.2302E-02  2.6275E-02
  6.4218E+02  4.2777E-02  2.5527E-02
  6.4287E+02  4.3239E-02  2.4777E-02
  6.4356E+02  4.3686E-02  2.4024E-02
  6.4425E+02  4.4118E-02  2.3268E-02
  6.4494E+02  4.4535E-02  2.2510E-02
  6.4564E+02  4.4937E-02  2.1749E-02
  6.4633E+02  4.5324E-02  2.0987E-02
  6.4702E+02  4.5696E-02  2.0223E-02
  6.4771E+02  4.6055E-02  1.9458E-02
  6.4840E+02  4.6399E-02  1.8691E-02
  6.4910E+02  4.6730E-02  1.7922E-02
  6.4979E+02  4.7049E-02  1.7153E-02
  6.5048E+02  4.7356E-02  1.6383E-02
  6.5117E+02  4.7653E-02  1.5612E-02
  6.5186E+02  4.7939E-02  1.4841E-02
  6.5256E+02  4.8218E-02  1.4069E-02
  6.5325E+02  4.8488E-02  1.3297E-02
  6.5394E+02  4.8752E-02  1.2524E-02
  6.5463E+02  4.9011E-02  1.1752E-02
  6.5532E+02  4.9265E-02  1.0979E-02
  6.5602E+02  4.9517E-02  1.0207E-02
  6.5671E+02  4.9765E-02  9.4340E-03
  6.5740E+02  5.0012E-02  8.6616E-03
  6.5809E+02  5.0259E-02  7.8894E-03
  6.5878E+02  5.0506E-02  7.1175E-03
  6.5948E+02  5.0753E-02  6.3459E-03
  6.6017E+02  5.1002E-02  5.5747E-03
  6.6086E+02  5.1252E-02  4.8039E-03
  6.6155E+02  5.1503E-02  4.0336E-03
  6.6224E+02  5.1757E-02  3.2637E-03
  6.6294E+02  5.2012E-02  2.4944E-03
  6.6363E+02  5.2269E-02  1.7257E-03
  6.6432E+02  5.2527E-02  9.5765E-04
  6.6501E+02  5.2785E-02  1.9030E-04
  6.6570E+02  5.3043E-02 -5.7629E-04
  6.6640E+02  5.3301E-02 -1.3420E-03
  6.6709E+02  5.3557E-02 -2.1068E-03
  6.6778E+02  5.3810E-02 -2.8706E-03
  6.6847E+02  5.4060E-02 -3.6333E-03
  6.6916E+02  5.4305E-02 -4.3948E-03
  6.6986E+02  5.4544E-02 -5.1549E-03
  6.7055E+02  5.4777E-02 -5.9136E-03
  6.7124E+02  5.5001E-02 -6.6707E-03
  6.7193E+02  5.5217E-02 -7.4260E-03
  6.7262E+02  5.5422E-02 -8.1794E-03
  6.7332E+02  5.5617E-02 -8.9308E-03
  6.7401E+02  5.5799E-02 -9.6799E-03
  6.7470E+02  5.5969E-02 -1.0427E-02
  6.7539E+02  5.6125E-02 -1.1171E-02
  6.7608E+02  5.6266E-02 -1.1912E-02
  6.7678E+02  5.6393E-02 -1.2651E-02
  6.7747E+02  5.6505E-02 -1.3386E-02
  6.7816E+02  5.6602E-02 -1.4118E-02
  6.7885E+02  5.6683E-02 -1.4847E-02
  6.7954E+02  5.6748E-02 -1.5572E-02
  6.8024E+02  5.6798E-02 -1.6293E-02
  6.8093E+02  5.6833E-02 -1.7010E-02
  6.8162E+02  5.6853E-02 -1.7723E-02
  6.8231E+02  5.6859E-02 -1.8432E-02
  6.8300E+02  5.6851E-02 -1.9136E-02
  6.8370E+02  5.6829E-02 -1.9835E-02
  6.8439E+02  5.6795E-02 -2.0530E-02
  6.8508E+02  5.6750E-02 -2.1220E-02
  6.8577E+02  5.6693E-02 -2.1905E-02
  6.8646E+02  5.6626E-02 -2.2585E-02
  6.8716E+02  5.6550E-02 -2.3260E-02
  6.8785E+02  5.6466E-02 -2.3930E-02
  6.8854E+02  5.6373E-02 -2.4594E-02
  6.8923E+02  5.6275E-02 -2.5253E-02
  6.8992E+02  5.6170E-02 -2.5906E-02
  6.9062E+02  5.6060E-02 -2.6554E-02
  6.9131E+02  5.5946E-02 -2.7197E-02
  6.9200E+02  5.5828E-02 -2.7833E-02
  6.9269E+02  5.5707E-02 -2.8464E-02
  6.9338E+02  5.5583E-02 -2.9090E-02
  6.9408E+02  5.5458E-02 -2.9710E-02
  6.9477E+02  5.5331E-02 -3.0324E-02
  6.9546E+02  5.5204E-02 -3.0932E-02
  6.9615E+02  5.5075E-02 -3.1534E-02
  6.9684E+02  5.4946E-02 -3.2131E-02
  6.9754E+02  5.4817E-02 -3.2722E-02
  6.9823E+02  5.4688E-02 -3.3307E-02
  6.9892E+02  5.4558E-02 -3.3886E-02
  6.9961E+02  5.4429E-02 -3.4459E-02
  7.0030E+02  5.4299E-02 -3.5026E-02
  7.0100E+02  5.4170E-02 -3.5587E-02
  7.0169E+02  5.4039E-02 -3.6143E-02
  7.0238E+02  5.3909E-02 -3.6692E-02
  7.0307E+02  5.3777E-02 -3.7235E-02
  7.0376E+02  5.3644E-02 -3.7772E-02
  7.0446E+02  5.3509E-02 -3.8303E-02
  7.0515E+02  5.3372E-02 -3.8828E-02
  7.0584E+02  5.3232E-02 -3.9346E-02
  7.0653E+02  5.3089E-02 -3.9858E-02
  7.0722E+02  5.2943E-02 -4.0364E-02
  7.0792E+02  5.2792E-02 -4.0864E-02
  7.0861E+02  5.2637E-02 -4.1357E-02
  7.0930E+02  5.2477E-02 -4.1843E-02
  7.0999E+02  5.2310E-02 -4.2323E-02
  7.1068E+02  5.2138E-02 -4.2796E-02
  7.1138E+02  5.1958E-02 -4.3262E-02
  7.1207E+02  5.1772E-02 -4.3722E-02
  7.1276E+02  5.1577E-02 -4.4175E-02
  7.1345E+02  5.1375E-02 -4.4620E-02
  7.1414E+02  5.1164E-02 -4.5059E-02
  7.1484E+02  5.0944E-02 -4.5490E-02
  7.1553E+02  5.0716E-02 -4.5914E-02
  7.1622E+02  5.0479E-02 -4.6331E-02
  7.1691E+02  5.0233E-02 -4.6740E-02
  7.1760E+02  4.9978E-02 -4.7142E-02
  7.1830E+02  4.9714E-02 -4.7536E-02
  7.1899E+02  4.9442E-02 -4.7923E-02
  7.1968E+02  4.9161E-02 -4.8302E-02
  7.2037E+02  4.8871E-02 -4.8673E-02
  7.2106E+02  4.8574E-02 -4.9037E-02
  7.2176E+02  4.8270E-02 -4.9392E-02
  7.2245E+02  4.7958E-02 -4.9740E-02
  7.2314E+02  4.7640E-02 -5.0080E-02
  7.2383E+02  4.7315E-02 -5.0411E-02
  7.2452E+02  4.6985E-02 -5.0735E-02
  7.2522E+02  4.6650E-02 -5.1050E-02
  7.2591E+02  4.6310E-02 -5.1358E-02
  7.2660E+02  4.5966E-02 -5.1658E-02
  7.2729E+02  4.5617E-02 -5.1949E-02
  7.2798E+02  4.5266E-02 -5.2232E-02
  7.2868E+02  4.4911E-02 -5.2507E-02
  7.2937E+02  4.4554E-02 -5.2775E-02
  7.3006E+02  4.4194E-02 -5.3034E-02
  7.3075E+02  4.3832E-02 -5.3284E-02
  7.3144E+02  4.3469E-02 -5.3527E-02
  7.3214E+02  4.3103E-02 -5.3762E-02
  7.3283E+02  4.2737E-02 -5.3989E-02
  7.3352E+02  4.2369E-02 -5.4208E-02
  7.3421E+02  4.2000E-02 -5.4418E-02
  7.3490E+02  4.1630E-02 -5.4621E-02
  7.3560E+02  4.1259E-02 -5.4816E-02
  7.3629E+02  4.0887E-02 -5.5002E-02
  7.3698E+02  4.0515E-02 -5.5181E-02
  7.3767E+02  4.0141E-02 -5.5352E-02
  7.3836E+02  3.9767E-02 -5.5515E-02
  7.3906E+02  3.9393E-02 -5.5670E-02
  7.3975E+02  3.9017E-02 -5.5817E-02
  7.4044E+02  3.8641E-02 -5.5956E-02
  7.4113E+02  3.8265E-02 -5.6087E-02
  7.4182E+02  3.7887E-02 -5.6210E-02
  7.4252E+02  3.7510E-02 -5.6325E-02
  7.4321E+02  3.7132E-02 -5.6433E-02
  7.4390E+02  3.6753E-02 -5.6532E-02
  7.4459E+02  3.6374E-02 -5.6624E-02
  7.4528E+02  3.5995E-02 -5.6708E-02
  7.4598E+02  3.5616E-02 -5.6785E-02
  7.4667E+02  3.5236E-02 -5.6853E-02
  7.4736E+02  3.4856E-02 -5.6914E-02
  7.4805E+02  3.4476E-02 -5.6967E-02
  7.4874E+02  3.4095E-02 -5.7012E-02
  7.4944E+02  3.3714E-02 -5.7050E-02
  7.5013E+02  3.3332E-02 -5.7080E-02
  7.5082E+02  3.2950E-02 -5.7102E-02
  7.5151E+02  3.2567E-02 -5.7117E-02
  7.5220E+02  3.2184E-02 -5.7124E-02
  7.5290E+02  3.1800E-02 -5.7124E-02
  7.5359E+02  3.1415E-02 -5.7116E-02
  7.5428E+02  3.1029E-02 -5.7100E-02
  7.5497E+02  3.0643E-02 -5.7077E-02
  7.5566E+02  3.0255E-02 -5.7047E-02
  7.5636E+02  2.9866E-02 -5.7009E-02
  7.5705E+02  2.9477E-02 -5.6964E-02
  7.5774E+02  2.9086E-02 -5.6911E-02
  7.5843E+02  2.8694E-02 -5.6851E-02
  7.5912E+02  2.8301E-02 -5.6784E-02
  7.5982E+02  2.7908E-02 -5.6709E-02
  7.6051E+02  2.7514E-02 -5.6627E-02
  7.6120E+02  2.7119E-02 -5.6538E-02
  7.6189E+02  2.6723E-02 -5.6441E-02
  7.6258E+02  2.6328E-02 -5.6338E-02
  7.6328E+02  2.5932E-02 -5.6227E-02
  7.6397E+02  2.5536E-02 -5.6109E-02
  7.6466E+02  2.5141E-02 -5.5985E-02
  7.6535E+02  2.4746E-02 -5.5853E-02
  7.6604E+02  2.4352E-02 -5.5714E-02
  7.6674E+02  2.3959E-02 -5.5569E-02
  7.6743E+02  2.3568E-02 -5.5416E-02
  7.6812E+02  2.3177E-02 -5.5257E-02
  7.6881E+02  2.2789E-02 -5.5091E-02
  7.6950E+02  2.2401E-02 -5.4919E-02
  7.7020E+02  2.2016E-02 -5.4739E-02
  7.7089E+02  2.1633E-02 -5.4554E-02
  7.7158E+02  2.1252E-02 -5.4362E-02
  7.7227E+02  2.0873E-02 -5.4163E-02
  7.7296E+02  2.0496E-02 -5.3958E-02
  7.7366E+02  2.0122E-02 -5.3747E-02
  7.7435E+02  1.9749E-02 -5.3530E-02
  7.7504E+02  1.9379E-02 -5.3307E-02
  7.7573E+02  1.9011E-02 -5.3077E-02
  7.7642E+02  1.8645E-02 -5.2841E-02
  7.7712E+02  1.8281E-02 -5.2600E-02
  7.7781E+02  1.7919E-02 -5.2353E-02
  7.7850E+02  1.7560E-02 -5.2099E-02
  7.7919E+02  1.7202E-02 -5.1840E-02
  7.7988E+02  1.6846E-02 -5.1576E-02
  7.8058E+02  1.6492E-02 -5.1305E-02
  7.8127E+02  1.6141E-02 -5.1030E-02
  7.8196E+02  1.5791E-02 -5.0748E-02
  7.8265E+02  1.5443E-02 -5.0461E-02
  7.8334E+02  1.5098E-02 -5.0169E-02
  7.8404E+02  1.4755E-02 -4.9871E-02
  7.8473E+02  1.4414E-02 -4.9568E-02
  7.8542E+02  1.4075E-02 -4.9260E-02
  7.8611E+02  1.3740E-02 -4.8947E-02
  7.8680E+02  1.3407E-02 -4.8629E-02
  7.8750E+02  1.3076E-02 -4.8306E-02
  7.8819E+02  1.2749E-02 -4.7978E-02
  7.8888E+02  1.2425E-02 -4.7645E-02
  7.8957E+02  1.2104E-02 -4.7307E-02
  7.9026E+02  1.1787E-02 -4.6964E-02
  7.9096E+02  1.1473E-02 -4.6617E-02
  7.9165E+02  1.1162E-02 -4.6266E-02
  7.9234E+02  1.0855E-02 -4.5910E-02
  7.9303E+02  1.0552E-02 -4.5549E-02
  7.9372E+02  1.0252E-02 -4.5184E-02
  7.9442E+02  9.9562E-03 -4.4815E-02
  7.9511E+02  9.6639E-03 -4.4442E-02
  7.9580E+02  9.3753E-03 -4.4065E-02
  7.9649E+02  9.0902E-03 -4.3684E-02
  7.9718E+02  8.8088E-03 -4.3299E-02
  7.9788E+02  8.5308E-03 -4.2910E-02
  7.9857E+02  8.2564E-03 -4.2518E-02
  7.9926E+02  7.9853E-03 -4.2122E-02
  7.9995E+02  7.7176E-03 -4.1722E-02
  8.0064E+02  7.4533E-03 -4.1319E-02
  8.0134E+02  7.1923E-03 -4.0912E-02
  8.0203E+02  6.9346E-03 -4.0502E-02
  8.0272E+02  6.6802E-03 -4.0088E-02
  8.0341E+02  6.4292E-03 -3.9672E-02
  8.0410E+02  6.1815E-03 -3.9252E-02
  8.0480E+02  5.9372E-03 -3.8829E-02
  8.0549E+02  5.6964E-03 -3.8404E-02
  8.0618E+02  5.4591E-03 -3.7975E-02
  8.0687E+02  5.2256E-03 -3.7543E-02
  8.0756E+02  4.9958E-03 -3.7109E-02
  8.0826E+02  4.7698E-03 -3.6672E-02
  8.0895E+02  4.5479E-03 -3.6233E-02
  8.0964E+02  4.3301E-03 -3.5791E-02
  8.1033E+02  4.1165E-03 -3.5347E-02
  8.1102E+02  3.9072E-03 -3.4900E-02
  8.1172E+02  3.7023E-03 -3.4451E-02
  8.1241E+02  3.5019E-03 -3.4000E-02
  8.1310E+02  3.3061E-03 -3.3547E-02
  8.1379E+02  3.1149E-03 -3.3092E-02
  8.1448E+02  2.9284E-03 -3.2636E-02
  8.1518E+02  2.7465E-03 -3.2177E-02
  8.1587E+02  2.5692E-03 -3.1716E-02
  8.1656E+02  2.3966E-03 -3.1254E-02
  8.1725E+02  2.2285E-03 -3.0791E-02
  8.1794E+02  2.0650E-03 -3.0326E-02
  8.1864E+02  1.9059E-03 -2.9859E-02
  8.1933E+02  1.7513E-03 -2.9392E-02
  8.2002E+02  1.6009E-03 -2.8923E-02
  8.2071E+02  1.4547E-03 -2.8453E-02
  8.2140E+02  1.3126E-03 -2.7982E-02
  8.2210E+02  1.1746E-03 -2.7510E-02
  8.2279E+02  1.0405E-03 -2.7037E-02
  8.2348E+02  9.1029E-04 -2.6563E-02
  8.2417E+02  7.8390E-04 -2.6088E-02
  8.2486E+02  6.6129E-04 -2.5613E-02
  8.2556E+02  5.4243E-04 -2.5137E-02
  8.2625E+02  4.2731E-04 -2.4661E-02
  8.2694E+02  3.1593E-04 -2.4184E-02
  8.2763E+02  2.0834E-04 -2.3707E-02
  8.2832E+02  1.0456E-04 -2.3229E-02
  8.2902E+02  4.6495E-06 -2.2752E-02
  8.2971E+02 -9.1313E-05 -2.2274E-02
  8.3040E+02 -1.8325E-04 -2.1796E-02
  8.3109E+02 -2.7107E-04 -2.1318E-02
  8.3178E+02 -3.5468E-04 -2.0840E-02
  8.3248E+02 -4.3400E-04 -2.0363E-02
  8.3317E+02 -5.0891E-04 -1.9885E-02
  8.3386E+02 -5.7935E-04 -1.9408E-02
  8.3455E+02 -6.4523E-04 -1.8931E-02
  8.3524E+02 -7.0649E-04 -1.8455E-02
  8.3594E+02 -7.6307E-04 -1.7979E-02
  8.3663E+02 -8.1496E-04 -1.7504E-02
  8.3732E+02 -8.6211E-04 -1.7030E-02
  8.3801E+02 -9.0456E-04 -1.6557E-02
  8.3870E+02 -9.4230E-04 -1.6084E-02
  8.3940E+02 -9.7539E-04 -1.5612E-02
  8.4009E+02 -1.0039E-03 -1.5141E-02
  8.4078E+02 -1.0278E-03 -1.4672E-02
  8.4147E+02 -1.0474E-03 -1.4203E-02
  8.4216E+02 -1.0625E-03 -1.3736E-02
  8.4286E+02 -1.0735E-03 -1.3270E-02
  8.4355E+02 -1.0803E-03 -1.2806E-02
  8.4424E+02 -1.0830E-03 -1.2343E-02
  8.4493E+02 -1.0819E-03 -1.1881E-02
  8.4562E+02 -1.0768E-03 -1.1422E-02
  8.4632E+02 -1.0681E-03 -1.0963E-02
  8.4701E+02 -1.0557E-03 -1.0507E-02
  8.4770E+02 -1.0396E-03 -1.0052E-02
  8.4839E+02 -1.0200E-03 -9.5991E-03
  8.4908E+02 -9.9677E-04 -9.1481E-03
  8.4978E+02 -9.7004E-04 -8.6991E-03
  8.5047E+02 -9.3977E-04 -8.2520E-03
  8.5116E+02 -9.0592E-04 -7.8071E-03
  8.5185E+02 -8.6847E-04 -7.3644E-03
  8.5254E+02 -8.2737E-04 -6.9238E-03
  8.5324E+02 -7.8255E-04 -6.4855E-03
  8.5393E+02 -7.3396E-04 -6.0496E-03
  8.5462E+02 -6.8153E-04 -5.6161E-03
  8.5531E+02 -6.2519E-04 -5.1850E-03
  8.5600E+02 -5.6487E-04 -4.7564E-03
  8.5670E+02 -5.0052E-04 -4.3305E-03
  8.5739E+02 -4.3207E-04 -3.9072E-03
  8.5808E+02 -3.5950E-04 -3.4865E-03
  8.5877E+02 -2.8278E-04 -3.0687E-03
  8.5946E+02 -2.0189E-04 -2.6537E-03
  8.6016E+02 -1.1684E-04 -2.2416E-03
  8.6085E+02 -2.7670E-05 -1.8324E-03
  8.6154E+02  6.5583E-05 -1.4263E-03
  8.6223E+02  1.6285E-04 -1.0232E-03
  8.6292E+02  2.6406E-04 -6.2328E-04
  8.6362E+02  3.6909E-04 -2.2651E-04
  8.6431E+02  4.7785E-04  1.6703E-04
  8.6500E+02  5.9020E-04  5.5727E-04
  8.6569E+02  7.0601E-04  9.4418E-04
  8.6638E+02  8.2513E-04  1.3277E-03
  8.6708E+02  9.4743E-04  1.7078E-03
  8.6777E+02  1.0728E-03  2.0844E-03
  8.6846E+02  1.2010E-03  2.4575E-03
  8.6915E+02  1.3320E-03  2.8270E-03
  8.6984E+02  1.4657E-03  3.1929E-03
  8.7054E+02  1.6019E-03  3.5552E-03
  8.7123E+02  1.7406E-03  3.9137E-03
  8.7192E+02  1.8817E-03  4.2686E-03
  8.7261E+02  2.0251E-03  4.6196E-03
  8.7330E+02  2.1709E-03  4.9669E-03
  8.7400E+02  2.3190E-03  5.3103E-03
  8.7469E+02  2.4694E-03  5.6499E-03
  8.7538E+02  2.6222E-03  5.9855E-03
  8.7607E+02  2.7775E-03  6.3172E-03
  8.7676E+02  2.9351E-03  6.6449E-03
  8.7746E+02  3.0953E-03  6.9686E-03
  8.7815E+02  3.2581E-03  7.2883E-03
  8.7884E+02  3.4236E-03  7.6038E-03
  8.7953E+02  3.5918E-03  7.9152E-03
  8.8022E+02  3.7629E-03  8.2225E-03
  8.8092E+02  3.9367E-03  8.5255E-03
  8.8161E+02  4.1135E-03  8.8244E-03
  8.8230E+02  4.2931E-03  9.1189E-03
  8.8299E+02  4.4757E-03  9.4092E-03
  8.8368E+02  4.6612E-03  9.6951E-03
  8.8438E+02  4.8495E-03  9.9766E-03
  8.8507E+02  5.0406E-03  1.0254E-02
  8.8576E+02  5.2344E-03  1.0526E-02
  8.8645E+02  5.4307E-03  1.0795E-02
  8.8714E+02  5.6296E-03  1.1058E-02
  8.8784E+02  5.8307E-03  1.1318E-02
  8.8853E+02  6.0340E-03  1.1572E-02
  8.8922E+02  6.2393E-03  1.1822E-02
  8.8991E+02  6.4464E-03  1.2068E-02
  8.9060E+02  6.6552E-03  1.2309E-02
  8.9130E+02  6.8654E-03  1.2545E-02
  8.9199E+02  7.0769E-03  1.2777E-02
  8.9268E+02  7.2897E-03  1.3004E-02
  8.9337E+02  7.5035E-03  1.3226E-02
  8.9406E+02  7.7182E-03  1.3443E-02
  8.9476E+02  7.9337E-03  1.3656E-02
  8.9545E+02  8.1501E-03  1.3864E-02
  8.9614E+02  8.3672E-03  1.4068E-02
  8.9683E+02  8.5850E-03  1.4267E-02
  8.9752E+02  8.8035E-03  1.4461E-02
  8.9822E+02  9.0228E-03  1.4650E-02
  8.9891E+02  9.2429E-03  1.4835E-02
  8.9960E+02  9.4639E-03  1.5014E-02
  9.0029E+02  9.6859E-03  1.5189E-02
  9.0098E+02  9.9089E-03  1.5360E-02
  9.0168E+02  1.0133E-02  1.5525E-02
  9.0237E+02  1.0358E-02  1.5686E-02
  9.0306E+02  1.0585E-02  1.5842E-02
  9.0375E+02  1.0813E-02  1.5993E-02
  9.0444E+02  1.1043E-02  1.6139E-02
  9.0514E+02  1.1274E-02  1.6281E-02
  9.0583E+02  1.1506E-02  1.6418E-02
  9.0652E+02  1.1740E-02  1.6549E-02
  9.0721E+02  1.1976E-02  1.6676E-02
  9.0790E+02  1.2213E-02  1.6799E-02
  9.0860E+02  1.2451E-02  1.6916E-02
  9.0929E+02  1.2691E-02  1.7028E-02
  9.0998E+02  1.2931E-02  1.7136E-02
  9.1067E+02  1.3173E-02  1.7239E-02
  9.1136E+02  1.3415E-02  1.7337E-02
  9.1206E+02  1.3658E-02  1.7430E-02
  9.1275E+02  1.3901E-02  1.7518E-02
  9.1344E+02  1.4145E-02  1.7601E-02
  9.1413E+02  1.4388E-02  1.7679E-02
  9.1482E+02  1.4631E-02  1.7753E-02
  9.1552E+02  1.4874E-02  1.7822E-02
  9.1621E+02  1.5117E-02  1.7886E-02
  9.1690E+02  1.5358E-02  1.7945E-02
  9.1759E+02  1.5599E-02  1.8000E-02
  9.1828E+02  1.5839E-02  1.8049E-02
  9.1898E+02  1.6078E-02  1.8094E-02
  9.1967E+02  1.6316E-02  1.8134E-02
  9.2036E+02  1.6553E-02  1.8170E-02
  9.2105E+02  1.6790E-02  1.8201E-02
  9.2174E+02  1.7025E-02  1.8227E-02
  9.2244E+02  1.7260E-02  1.8249E-02
  9.2313E+02  1.7494E-02  1.8266E-02
  9.2382E+02  1.7728E-02  1.8278E-02
  9.2451E+02  1.7961E-02  1.8286E-02
  9.2520E+02  1.8194E-02  1.8289E-02
  9.2590E+02  1.8427E-02  1.8288E-02
  9.2659E+02  1.8660E-02  1.8282E-02
  9.2728E+02  1.8893E-02  1.8272E-02
  9.2797E+02  1.9126E-02  1.8257E-02
  9.2866E+02  1.9360E-02  1.8238E-02
  9.2936E+02  1.9593E-02  1.8214E-02
  9.3005E+02  1.9827E-02  1.8185E-02
  9.3074E+02  2.0061E-02  1.8153E-02
  9.3143E+02  2.0295E-02  1.8116E-02
  9.3212E+02  2.0529E-02  1.8074E-02
  9.3282E+02  2.0762E-02  1.8028E-02
  9.3351E+02  2.0996E-02  1.7978E-02
  9.3420E+02  2.1229E-02  1.7923E-02
  9.3489E+02  2.1461E-02  1.7864E-02
  9.3558E+02  2.1692E-02  1.7801E-02
  9.3628E+02  2.1922E-02  1.7733E-02
  9.3697E+02  2.2151E-02  1.7661E-02
  9.3766E+02  2.2378E-02  1.7585E-02
  9.3835E+02  2.2603E-02  1.7505E-02
  9.3904E+02  2.2826E-02  1.7421E-02
  9.3974E+02  2.3048E-02  1.7332E-02
  9.4043E+02  2.3267E-02  1.7240E-02
  9.4112E+02  2.3484E-02  1.7143E-02
  9.4181E+02  2.3698E-02  1.7043E-02
  9.4250E+02  2.3910E-02  1.6939E-02
  9.4320E+02  2.4120E-02  1.6830E-02
  9.4389E+02  2.4328E-02  1.6718E-02
  9.4458E+02  2.4533E-02  1.6602E-02
  9.4527E+02  2.4736E-02  1.6482E-02
  9.4596E+02  2.4938E-02  1.6359E-02
  9.4666E+02  2.5137E-02  1.6232E-02
  9.4735E+02  2.5335E-02  1.6101E-02
  9.4804E+02  2.5532E-02  1.5966E-02
  9.4873E+02  2.5727E-02  1.5828E-02
  9.4942E+02  2.5921E-02  1.5687E-02
  9.5012E+02  2.6113E-02  1.5542E-02
  9.5081E+02  2.6305E-02  1.5393E-02
  9.5150E+02  2.6496E-02  1.5241E-02
  9.5219E+02  2.6686E-02  1.5086E-02
  9.5288E+02  2.6876E-02  1.4927E-02
  9.5358E+02  2.7064E-02  1.4764E-02
  9.5427E+02  2.7251E-02  1.4599E-02
  9.5496E+02  2.7438E-02  1.4430E-02
  9.5565E+02  2.7623E-02  1.4258E-02
  9.5634E+02  2.7807E-02  1.4082E-02
  9.5704E+02  2.7989E-02  1.3904E-02
  9.5773E+02  2.8170E-02  1.3722E-02
  9.5842E+02  2.8349E-02  1.3537E-02
  9.5911E+02  2.8526E-02  1.3349E-02
  9.5980E+02  2.8700E-02  1.3158E-02
  9.6050E+02  2.8872E-02  1.2964E-02
  9.6119E+02  2.9041E-02  1.2767E-02
  9.6188E+02  2.9207E-02  1.2567E-02
  9.6257E+02  2.9371E-02  1.2365E-02
  9.6326E+02  2.9531E-02  1.2159E-02
  9.6396E+02  2.9688E-02  1.1951E-02
  9.6465E+02  2.9842E-02  1.1740E-02
  9.6534E+02  2.9992E-02  1.1527E-02
  9.6603E+02  3.0139E-02  1.1311E-02
  9.6672E+02  3.0283E-02  1.1092E-02
  9.6742E+02  3.0424E-02  1.0871E-02
  9.6811E+02  3.0562E-02  1.0648E-02
  9.6880E+02  3.0696E-02  1.0422E-02
  9.6949E+02  3.0828E-02  1.0194E-02
  9.7018E+02  3.0958E-02  9.9641E-03
  9.7088E+02  3.1085E-02  9.7317E-03
  9.7157E+02  3.1209E-02  9.4971E-03
  9.7226E+02  3.1332E-02  9.2604E-03
  9.7295E+02  3.1453E-02  9.0216E-03
  9.7364E+02  3.1571E-02  8.7808E-03
  9.7434E+02  3.1688E-02  8.5380E-03
  9.7503E+02  3.1804E-02  8.2932E-03
  9.7572E+02  3.1918E-02  8.0465E-03
  9.7641E+02  3.2030E-02  7.7980E-03
  9.7710E+02  3.2140E-02  7.5476E-03
  9.7780E+02  3.2249E-02  7.2955E-03
  9.7849E+02  3.2357E-02  7.0416E-03
  9.7918E+02  3.2462E-02  6.7859E-03
  9.7987E+02  3.2566E-02  6.5287E-03
  9.8056E+02  3.2668E-02  6.2697E-03
  9.8126E+02  3.2767E-02  6.0092E-03
  9.8195E+02  3.2864E-02  5.7472E-03
  9.8264E+02  3.2958E-02  5.4837E-03
  9.8333E+02  3.3050E-02  5.2188E-03
  9.8402E+02  3.3139E-02  4.9524E-03
  9.8472E+02  3.3224E-02  4.6848E-03
  9.8541E+02  3.3307E-02  4.4159E-03
  9.8610E+02  3.3386E-02  4.1457E-03
  9.8679E+02  3.3461E-02  3.8744E-03
  9.8748E+02  3.3533E-02  3.6020E-03
  9.8818E+02  3.3601E-02  3.3286E-03
  9.8887E+02  3.3666E-02  3.0542E-03
  9.8956E+02  3.3727E-02  2.7788E-03
  9.9025E+02  3.3784E-02  2.5026E-03
  9.9094E+02  3.3838E-02  2.2255E-03
  9.9164E+02  3.3889E-02  1.9477E-03
  9.9233E+02  3.3936E-02  1.6692E-03
  9.9302E+02  3.3980E-02  1.3901E-03
  9.9371E+02  3.4021E-02  1.1103E-03
  9.9440E+02  3.4059E-02  8.3003E-04
  9.9510E+02  3.4094E-02  5.4922E-04
  9.9579E+02  3.4127E-02  2.6796E-04
  9.9648E+02  3.4157E-02 -1.3725E-05
  9.9717E+02  3.4185E-02 -2.9578E-04
  9.9786E+02  3.4212E-02 -5.7815E-04
  9.9856E+02  3.4236E-02 -8.6082E-04
  9.9925E+02  3.4258E-02 -1.1437E-03
  9.9994E+02  3.4278E-02 -1.4269E-03
