# CREATED BY GENE DIAGNOSTICS TOOL on Wed Mar 17 18:04:56 2021
# diag: timetrace, run(s): 0029, time window: 0-1000(1441 steps), species: ions
# original data path: /marconi_scratch/userexternal/cmoreno0/GAMZF_convergence/w7x_surface/scanfiles0000/
# normalization: L_ref=1.65m
#
#  t          Re[phi]     Im[phi]   
  0.0000E+00  9.9990E-01  0.0000E+00
  6.9440E-01  9.9269E-01 -4.4925E-03
  1.3888E+00  9.7347E-01 -8.8578E-03
  2.0832E+00  9.4682E-01 -1.3006E-02
  2.7776E+00  9.1779E-01 -1.6898E-02
  3.4720E+00  8.9044E-01 -2.0539E-02
  4.1664E+00  8.6703E-01 -2.3962E-02
  4.8608E+00  8.4801E-01 -2.7212E-02
  5.5552E+00  8.3244E-01 -3.0327E-02
  6.2496E+00  8.1870E-01 -3.3331E-02
  6.9440E+00  8.0527E-01 -3.6233E-02
  7.6384E+00  7.9109E-01 -3.9031E-02
  8.3328E+00  7.7576E-01 -4.1715E-02
  9.0272E+00  7.5943E-01 -4.4275E-02
  9.7216E+00  7.4257E-01 -4.6705E-02
  1.0416E+01  7.2578E-01 -4.9002E-02
  1.1110E+01  7.0962E-01 -5.1172E-02
  1.1805E+01  6.9450E-01 -5.3224E-02
  1.2499E+01  6.8063E-01 -5.5169E-02
  1.3194E+01  6.6804E-01 -5.7020E-02
  1.3888E+01  6.5667E-01 -5.8789E-02
  1.4582E+01  6.4643E-01 -6.0487E-02
  1.5277E+01  6.3723E-01 -6.2124E-02
  1.5971E+01  6.2898E-01 -6.3708E-02
  1.6666E+01  6.2164E-01 -6.5249E-02
  1.7360E+01  6.1515E-01 -6.6753E-02
  1.8054E+01  6.0949E-01 -6.8228E-02
  1.8749E+01  6.0463E-01 -6.9680E-02
  1.9443E+01  6.0055E-01 -7.1118E-02
  2.0138E+01  5.9718E-01 -7.2546E-02
  2.0832E+01  5.9446E-01 -7.3969E-02
  2.1526E+01  5.9230E-01 -7.5393E-02
  2.2221E+01  5.9063E-01 -7.6821E-02
  2.2915E+01  5.8938E-01 -7.8256E-02
  2.3610E+01  5.8846E-01 -7.9701E-02
  2.4304E+01  5.8781E-01 -8.1155E-02
  2.4998E+01  5.8735E-01 -8.2622E-02
  2.5693E+01  5.8702E-01 -8.4099E-02
  2.6387E+01  5.8675E-01 -8.5588E-02
  2.7082E+01  5.8648E-01 -8.7087E-02
  2.7776E+01  5.8615E-01 -8.8595E-02
  2.8470E+01  5.8570E-01 -9.0110E-02
  2.9165E+01  5.8509E-01 -9.1629E-02
  2.9859E+01  5.8427E-01 -9.3151E-02
  3.0554E+01  5.8319E-01 -9.4671E-02
  3.1248E+01  5.8183E-01 -9.6187E-02
  3.1942E+01  5.8016E-01 -9.7697E-02
  3.2637E+01  5.7816E-01 -9.9196E-02
  3.3331E+01  5.7582E-01 -1.0068E-01
  3.4026E+01  5.7313E-01 -1.0215E-01
  3.4720E+01  5.7008E-01 -1.0360E-01
  3.5414E+01  5.6670E-01 -1.0502E-01
  3.6109E+01  5.6297E-01 -1.0642E-01
  3.6803E+01  5.5892E-01 -1.0779E-01
  3.7498E+01  5.5455E-01 -1.0913E-01
  3.8192E+01  5.4989E-01 -1.1043E-01
  3.8886E+01  5.4496E-01 -1.1170E-01
  3.9581E+01  5.3979E-01 -1.1294E-01
  4.0275E+01  5.3440E-01 -1.1413E-01
  4.0970E+01  5.2882E-01 -1.1529E-01
  4.1664E+01  5.2307E-01 -1.1641E-01
  4.2358E+01  5.1718E-01 -1.1748E-01
  4.3053E+01  5.1117E-01 -1.1851E-01
  4.3747E+01  5.0508E-01 -1.1951E-01
  4.4442E+01  4.9893E-01 -1.2046E-01
  4.5136E+01  4.9275E-01 -1.2137E-01
  4.5830E+01  4.8655E-01 -1.2225E-01
  4.6525E+01  4.8035E-01 -1.2308E-01
  4.7219E+01  4.7418E-01 -1.2388E-01
  4.7914E+01  4.6805E-01 -1.2463E-01
  4.8608E+01  4.6198E-01 -1.2536E-01
  4.9302E+01  4.5598E-01 -1.2604E-01
  4.9997E+01  4.5005E-01 -1.2670E-01
  5.0691E+01  4.4420E-01 -1.2732E-01
  5.1386E+01  4.3845E-01 -1.2791E-01
  5.2080E+01  4.3279E-01 -1.2847E-01
  5.2774E+01  4.2722E-01 -1.2900E-01
  5.3469E+01  4.2176E-01 -1.2950E-01
  5.4163E+01  4.1638E-01 -1.2997E-01
  5.4858E+01  4.1110E-01 -1.3042E-01
  5.5552E+01  4.0590E-01 -1.3085E-01
  5.6246E+01  4.0079E-01 -1.3125E-01
  5.6941E+01  3.9575E-01 -1.3162E-01
  5.7635E+01  3.9078E-01 -1.3197E-01
  5.8330E+01  3.8587E-01 -1.3230E-01
  5.9024E+01  3.8102E-01 -1.3261E-01
  5.9718E+01  3.7621E-01 -1.3289E-01
  6.0413E+01  3.7144E-01 -1.3316E-01
  6.1107E+01  3.6670E-01 -1.3340E-01
  6.1802E+01  3.6197E-01 -1.3361E-01
  6.2496E+01  3.5726E-01 -1.3381E-01
  6.3190E+01  3.5254E-01 -1.3399E-01
  6.3885E+01  3.4783E-01 -1.3414E-01
  6.4579E+01  3.4311E-01 -1.3427E-01
  6.5274E+01  3.3838E-01 -1.3438E-01
  6.5968E+01  3.3363E-01 -1.3446E-01
  6.6662E+01  3.2885E-01 -1.3452E-01
  6.7357E+01  3.2405E-01 -1.3456E-01
  6.8051E+01  3.1921E-01 -1.3457E-01
  6.8746E+01  3.1435E-01 -1.3456E-01
  6.9440E+01  3.0945E-01 -1.3453E-01
  7.0134E+01  3.0453E-01 -1.3447E-01
  7.0829E+01  2.9957E-01 -1.3438E-01
  7.1523E+01  2.9457E-01 -1.3427E-01
  7.2218E+01  2.8955E-01 -1.3413E-01
  7.2912E+01  2.8450E-01 -1.3397E-01
  7.3606E+01  2.7943E-01 -1.3378E-01
  7.4301E+01  2.7433E-01 -1.3357E-01
  7.4995E+01  2.6921E-01 -1.3333E-01
  7.5690E+01  2.6407E-01 -1.3306E-01
  7.6384E+01  2.5892E-01 -1.3277E-01
  7.7078E+01  2.5376E-01 -1.3245E-01
  7.7773E+01  2.4858E-01 -1.3211E-01
  7.8467E+01  2.4340E-01 -1.3174E-01
  7.9162E+01  2.3822E-01 -1.3134E-01
  7.9856E+01  2.3304E-01 -1.3092E-01
  8.0550E+01  2.2786E-01 -1.3047E-01
  8.1245E+01  2.2269E-01 -1.3000E-01
  8.1939E+01  2.1752E-01 -1.2951E-01
  8.2634E+01  2.1236E-01 -1.2899E-01
  8.3328E+01  2.0721E-01 -1.2844E-01
  8.4022E+01  2.0207E-01 -1.2787E-01
  8.4717E+01  1.9695E-01 -1.2728E-01
  8.5411E+01  1.9184E-01 -1.2667E-01
  8.6106E+01  1.8675E-01 -1.2603E-01
  8.6800E+01  1.8168E-01 -1.2537E-01
  8.7494E+01  1.7662E-01 -1.2468E-01
  8.8189E+01  1.7159E-01 -1.2398E-01
  8.8883E+01  1.6657E-01 -1.2325E-01
  8.9578E+01  1.6158E-01 -1.2250E-01
  9.0272E+01  1.5660E-01 -1.2173E-01
  9.0966E+01  1.5165E-01 -1.2094E-01
  9.1661E+01  1.4672E-01 -1.2013E-01
  9.2355E+01  1.4180E-01 -1.1929E-01
  9.3050E+01  1.3691E-01 -1.1844E-01
  9.3744E+01  1.3204E-01 -1.1757E-01
  9.4438E+01  1.2719E-01 -1.1667E-01
  9.5133E+01  1.2236E-01 -1.1576E-01
  9.5827E+01  1.1755E-01 -1.1483E-01
  9.6522E+01  1.1275E-01 -1.1388E-01
  9.7216E+01  1.0798E-01 -1.1291E-01
  9.7910E+01  1.0322E-01 -1.1192E-01
  9.8605E+01  9.8478E-02 -1.1091E-01
  9.9299E+01  9.3752E-02 -1.0988E-01
  9.9994E+01  8.9042E-02 -1.0884E-01
  1.0069E+02  8.4349E-02 -1.0777E-01
  1.0138E+02  7.9671E-02 -1.0669E-01
  1.0208E+02  7.5007E-02 -1.0559E-01
  1.0277E+02  7.0356E-02 -1.0447E-01
  1.0347E+02  6.5718E-02 -1.0334E-01
  1.0416E+02  6.1095E-02 -1.0218E-01
  1.0485E+02  5.6485E-02 -1.0101E-01
  1.0555E+02  5.1890E-02 -9.9825E-02
  1.0624E+02  4.7309E-02 -9.8619E-02
  1.0694E+02  4.2743E-02 -9.7397E-02
  1.0763E+02  3.8191E-02 -9.6157E-02
  1.0833E+02  3.3654E-02 -9.4901E-02
  1.0902E+02  2.9135E-02 -9.3629E-02
  1.0972E+02  2.4633E-02 -9.2340E-02
  1.1041E+02  2.0149E-02 -9.1035E-02
  1.1110E+02  1.5683E-02 -8.9713E-02
  1.1180E+02  1.1238E-02 -8.8377E-02
  1.1249E+02  6.8136E-03 -8.7024E-02
  1.1319E+02  2.4115E-03 -8.5656E-02
  1.1388E+02 -1.9677E-03 -8.4274E-02
  1.1458E+02 -6.3235E-03 -8.2876E-02
  1.1527E+02 -1.0655E-02 -8.1464E-02
  1.1596E+02 -1.4960E-02 -8.0038E-02
  1.1666E+02 -1.9238E-02 -7.8598E-02
  1.1735E+02 -2.3488E-02 -7.7144E-02
  1.1805E+02 -2.7710E-02 -7.5676E-02
  1.1874E+02 -3.1903E-02 -7.4196E-02
  1.1944E+02 -3.6067E-02 -7.2702E-02
  1.2013E+02 -4.0201E-02 -7.1196E-02
  1.2083E+02 -4.4303E-02 -6.9678E-02
  1.2152E+02 -4.8373E-02 -6.8148E-02
  1.2221E+02 -5.2412E-02 -6.6606E-02
  1.2291E+02 -5.6420E-02 -6.5053E-02
  1.2360E+02 -6.0397E-02 -6.3488E-02
  1.2430E+02 -6.4341E-02 -6.1913E-02
  1.2499E+02 -6.8252E-02 -6.0327E-02
  1.2569E+02 -7.2129E-02 -5.8730E-02
  1.2638E+02 -7.5972E-02 -5.7124E-02
  1.2708E+02 -7.9782E-02 -5.5508E-02
  1.2777E+02 -8.3557E-02 -5.3883E-02
  1.2846E+02 -8.7298E-02 -5.2248E-02
  1.2916E+02 -9.1002E-02 -5.0604E-02
  1.2985E+02 -9.4670E-02 -4.8952E-02
  1.3055E+02 -9.8301E-02 -4.7292E-02
  1.3124E+02 -1.0189E-01 -4.5624E-02
  1.3194E+02 -1.0545E-01 -4.3948E-02
  1.3263E+02 -1.0897E-01 -4.2265E-02
  1.3332E+02 -1.1244E-01 -4.0575E-02
  1.3402E+02 -1.1588E-01 -3.8878E-02
  1.3471E+02 -1.1928E-01 -3.7175E-02
  1.3541E+02 -1.2264E-01 -3.5465E-02
  1.3610E+02 -1.2596E-01 -3.3750E-02
  1.3680E+02 -1.2923E-01 -3.2030E-02
  1.3749E+02 -1.3247E-01 -3.0304E-02
  1.3819E+02 -1.3566E-01 -2.8574E-02
  1.3888E+02 -1.3881E-01 -2.6839E-02
  1.3957E+02 -1.4192E-01 -2.5100E-02
  1.4027E+02 -1.4499E-01 -2.3356E-02
  1.4096E+02 -1.4802E-01 -2.1610E-02
  1.4166E+02 -1.5100E-01 -1.9860E-02
  1.4235E+02 -1.5394E-01 -1.8107E-02
  1.4305E+02 -1.5684E-01 -1.6351E-02
  1.4374E+02 -1.5969E-01 -1.4593E-02
  1.4444E+02 -1.6251E-01 -1.2833E-02
  1.4513E+02 -1.6528E-01 -1.1072E-02
  1.4582E+02 -1.6801E-01 -9.3083E-03
  1.4652E+02 -1.7069E-01 -7.5439E-03
  1.4721E+02 -1.7334E-01 -5.7786E-03
  1.4791E+02 -1.7593E-01 -4.0128E-03
  1.4860E+02 -1.7849E-01 -2.2467E-03
  1.4930E+02 -1.8100E-01 -4.8070E-04
  1.4999E+02 -1.8347E-01  1.2849E-03
  1.5068E+02 -1.8589E-01  3.0498E-03
  1.5138E+02 -1.8826E-01  4.8136E-03
  1.5207E+02 -1.9059E-01  6.5761E-03
  1.5277E+02 -1.9287E-01  8.3369E-03
  1.5346E+02 -1.9511E-01  1.0096E-02
  1.5416E+02 -1.9730E-01  1.1852E-02
  1.5485E+02 -1.9944E-01  1.3606E-02
  1.5555E+02 -2.0153E-01  1.5357E-02
  1.5624E+02 -2.0358E-01  1.7104E-02
  1.5693E+02 -2.0558E-01  1.8848E-02
  1.5763E+02 -2.0753E-01  2.0588E-02
  1.5832E+02 -2.0943E-01  2.2323E-02
  1.5902E+02 -2.1128E-01  2.4054E-02
  1.5971E+02 -2.1308E-01  2.5780E-02
  1.6041E+02 -2.1484E-01  2.7500E-02
  1.6110E+02 -2.1655E-01  2.9215E-02
  1.6180E+02 -2.1820E-01  3.0925E-02
  1.6249E+02 -2.1981E-01  3.2628E-02
  1.6318E+02 -2.2138E-01  3.4324E-02
  1.6388E+02 -2.2289E-01  3.6014E-02
  1.6457E+02 -2.2436E-01  3.7696E-02
  1.6527E+02 -2.2578E-01  3.9372E-02
  1.6596E+02 -2.2715E-01  4.1039E-02
  1.6666E+02 -2.2848E-01  4.2699E-02
  1.6735E+02 -2.2976E-01  4.4350E-02
  1.6804E+02 -2.3099E-01  4.5993E-02
  1.6874E+02 -2.3217E-01  4.7627E-02
  1.6943E+02 -2.3331E-01  4.9252E-02
  1.7013E+02 -2.3440E-01  5.0868E-02
  1.7082E+02 -2.3544E-01  5.2474E-02
  1.7152E+02 -2.3643E-01  5.4070E-02
  1.7221E+02 -2.3737E-01  5.5656E-02
  1.7291E+02 -2.3827E-01  5.7231E-02
  1.7360E+02 -2.3912E-01  5.8796E-02
  1.7429E+02 -2.3992E-01  6.0349E-02
  1.7499E+02 -2.4067E-01  6.1891E-02
  1.7568E+02 -2.4138E-01  6.3421E-02
  1.7638E+02 -2.4203E-01  6.4940E-02
  1.7707E+02 -2.4264E-01  6.6446E-02
  1.7777E+02 -2.4320E-01  6.7940E-02
  1.7846E+02 -2.4371E-01  6.9421E-02
  1.7916E+02 -2.4418E-01  7.0889E-02
  1.7985E+02 -2.4460E-01  7.2343E-02
  1.8054E+02 -2.4497E-01  7.3784E-02
  1.8124E+02 -2.4529E-01  7.5212E-02
  1.8193E+02 -2.4557E-01  7.6625E-02
  1.8263E+02 -2.4580E-01  7.8024E-02
  1.8332E+02 -2.4599E-01  7.9409E-02
  1.8402E+02 -2.4613E-01  8.0778E-02
  1.8471E+02 -2.4623E-01  8.2133E-02
  1.8540E+02 -2.4628E-01  8.3473E-02
  1.8610E+02 -2.4629E-01  8.4797E-02
  1.8679E+02 -2.4625E-01  8.6106E-02
  1.8749E+02 -2.4617E-01  8.7399E-02
  1.8818E+02 -2.4604E-01  8.8676E-02
  1.8888E+02 -2.4587E-01  8.9936E-02
  1.8957E+02 -2.4566E-01  9.1180E-02
  1.9027E+02 -2.4541E-01  9.2408E-02
  1.9096E+02 -2.4511E-01  9.3618E-02
  1.9165E+02 -2.4477E-01  9.4812E-02
  1.9235E+02 -2.4439E-01  9.5988E-02
  1.9304E+02 -2.4397E-01  9.7147E-02
  1.9374E+02 -2.4350E-01  9.8288E-02
  1.9443E+02 -2.4299E-01  9.9411E-02
  1.9513E+02 -2.4244E-01  1.0052E-01
  1.9582E+02 -2.4185E-01  1.0160E-01
  1.9652E+02 -2.4121E-01  1.0267E-01
  1.9721E+02 -2.4054E-01  1.0372E-01
  1.9790E+02 -2.3982E-01  1.0475E-01
  1.9860E+02 -2.3906E-01  1.0576E-01
  1.9929E+02 -2.3827E-01  1.0676E-01
  1.9999E+02 -2.3743E-01  1.0773E-01
  2.0068E+02 -2.3655E-01  1.0868E-01
  2.0138E+02 -2.3563E-01  1.0962E-01
  2.0207E+02 -2.3468E-01  1.1053E-01
  2.0276E+02 -2.3369E-01  1.1143E-01
  2.0346E+02 -2.3266E-01  1.1230E-01
  2.0415E+02 -2.3159E-01  1.1315E-01
  2.0485E+02 -2.3049E-01  1.1399E-01
  2.0554E+02 -2.2935E-01  1.1480E-01
  2.0624E+02 -2.2818E-01  1.1560E-01
  2.0693E+02 -2.2697E-01  1.1637E-01
  2.0763E+02 -2.2573E-01  1.1712E-01
  2.0832E+02 -2.2445E-01  1.1785E-01
  2.0901E+02 -2.2314E-01  1.1856E-01
  2.0971E+02 -2.2180E-01  1.1925E-01
  2.1040E+02 -2.2042E-01  1.1991E-01
  2.1110E+02 -2.1901E-01  1.2056E-01
  2.1179E+02 -2.1757E-01  1.2119E-01
  2.1249E+02 -2.1610E-01  1.2179E-01
  2.1318E+02 -2.1459E-01  1.2237E-01
  2.1388E+02 -2.1305E-01  1.2293E-01
  2.1457E+02 -2.1148E-01  1.2347E-01
  2.1526E+02 -2.0989E-01  1.2399E-01
  2.1596E+02 -2.0826E-01  1.2448E-01
  2.1665E+02 -2.0660E-01  1.2495E-01
  2.1735E+02 -2.0491E-01  1.2540E-01
  2.1804E+02 -2.0319E-01  1.2583E-01
  2.1874E+02 -2.0144E-01  1.2624E-01
  2.1943E+02 -1.9966E-01  1.2662E-01
  2.2012E+02 -1.9786E-01  1.2699E-01
  2.2082E+02 -1.9603E-01  1.2733E-01
  2.2151E+02 -1.9417E-01  1.2764E-01
  2.2221E+02 -1.9228E-01  1.2794E-01
  2.2290E+02 -1.9037E-01  1.2821E-01
  2.2360E+02 -1.8844E-01  1.2846E-01
  2.2429E+02 -1.8648E-01  1.2869E-01
  2.2499E+02 -1.8450E-01  1.2890E-01
  2.2568E+02 -1.8249E-01  1.2908E-01
  2.2637E+02 -1.8046E-01  1.2924E-01
  2.2707E+02 -1.7841E-01  1.2938E-01
  2.2776E+02 -1.7633E-01  1.2950E-01
  2.2846E+02 -1.7424E-01  1.2959E-01
  2.2915E+02 -1.7212E-01  1.2966E-01
  2.2985E+02 -1.6999E-01  1.2971E-01
  2.3054E+02 -1.6783E-01  1.2974E-01
  2.3124E+02 -1.6566E-01  1.2974E-01
  2.3193E+02 -1.6347E-01  1.2973E-01
  2.3262E+02 -1.6125E-01  1.2969E-01
  2.3332E+02 -1.5902E-01  1.2962E-01
  2.3401E+02 -1.5677E-01  1.2954E-01
  2.3471E+02 -1.5451E-01  1.2943E-01
  2.3540E+02 -1.5222E-01  1.2931E-01
  2.3610E+02 -1.4992E-01  1.2916E-01
  2.3679E+02 -1.4760E-01  1.2898E-01
  2.3748E+02 -1.4527E-01  1.2879E-01
  2.3818E+02 -1.4292E-01  1.2857E-01
  2.3887E+02 -1.4056E-01  1.2833E-01
  2.3957E+02 -1.3818E-01  1.2807E-01
  2.4026E+02 -1.3578E-01  1.2779E-01
  2.4096E+02 -1.3338E-01  1.2749E-01
  2.4165E+02 -1.3096E-01  1.2717E-01
  2.4235E+02 -1.2852E-01  1.2682E-01
  2.4304E+02 -1.2608E-01  1.2645E-01
  2.4373E+02 -1.2363E-01  1.2606E-01
  2.4443E+02 -1.2116E-01  1.2565E-01
  2.4512E+02 -1.1868E-01  1.2522E-01
  2.4582E+02 -1.1620E-01  1.2477E-01
  2.4651E+02 -1.1371E-01  1.2430E-01
  2.4721E+02 -1.1120E-01  1.2380E-01
  2.4790E+02 -1.0869E-01  1.2329E-01
  2.4860E+02 -1.0618E-01  1.2275E-01
  2.4929E+02 -1.0365E-01  1.2220E-01
  2.4998E+02 -1.0112E-01  1.2162E-01
  2.5068E+02 -9.8582E-02  1.2103E-01
  2.5137E+02 -9.6038E-02  1.2041E-01
  2.5207E+02 -9.3490E-02  1.1978E-01
  2.5276E+02 -9.0936E-02  1.1912E-01
  2.5346E+02 -8.8378E-02  1.1845E-01
  2.5415E+02 -8.5815E-02  1.1775E-01
  2.5484E+02 -8.3249E-02  1.1704E-01
  2.5554E+02 -8.0679E-02  1.1631E-01
  2.5623E+02 -7.8106E-02  1.1556E-01
  2.5693E+02 -7.5530E-02  1.1479E-01
  2.5762E+02 -7.2951E-02  1.1400E-01
  2.5832E+02 -7.0371E-02  1.1319E-01
  2.5901E+02 -6.7789E-02  1.1236E-01
  2.5971E+02 -6.5206E-02  1.1152E-01
  2.6040E+02 -6.2623E-02  1.1066E-01
  2.6109E+02 -6.0040E-02  1.0978E-01
  2.6179E+02 -5.7457E-02  1.0888E-01
  2.6248E+02 -5.4875E-02  1.0796E-01
  2.6318E+02 -5.2294E-02  1.0703E-01
  2.6387E+02 -4.9716E-02  1.0608E-01
  2.6457E+02 -4.7140E-02  1.0511E-01
  2.6526E+02 -4.4568E-02  1.0413E-01
  2.6596E+02 -4.1999E-02  1.0313E-01
  2.6665E+02 -3.9434E-02  1.0211E-01
  2.6734E+02 -3.6874E-02  1.0108E-01
  2.6804E+02 -3.4320E-02  1.0003E-01
  2.6873E+02 -3.1770E-02  9.8963E-02
  2.6943E+02 -2.9226E-02  9.7882E-02
  2.7012E+02 -2.6688E-02  9.6786E-02
  2.7082E+02 -2.4157E-02  9.5675E-02
  2.7151E+02 -2.1633E-02  9.4549E-02
  2.7220E+02 -1.9115E-02  9.3408E-02
  2.7290E+02 -1.6605E-02  9.2253E-02
  2.7359E+02 -1.4102E-02  9.1084E-02
  2.7429E+02 -1.1607E-02  8.9900E-02
  2.7498E+02 -9.1210E-03  8.8702E-02
  2.7568E+02 -6.6434E-03  8.7491E-02
  2.7637E+02 -4.1748E-03  8.6267E-02
  2.7707E+02 -1.7158E-03  8.5029E-02
  2.7776E+02  7.3344E-04  8.3778E-02
  2.7845E+02  3.1725E-03  8.2514E-02
  2.7915E+02  5.6011E-03  8.1238E-02
  2.7984E+02  8.0187E-03  7.9950E-02
  2.8054E+02  1.0425E-02  7.8649E-02
  2.8123E+02  1.2820E-02  7.7337E-02
  2.8193E+02  1.5203E-02  7.6013E-02
  2.8262E+02  1.7574E-02  7.4677E-02
  2.8332E+02  1.9932E-02  7.3331E-02
  2.8401E+02  2.2277E-02  7.1973E-02
  2.8470E+02  2.4609E-02  7.0605E-02
  2.8540E+02  2.6927E-02  6.9227E-02
  2.8609E+02  2.9231E-02  6.7838E-02
  2.8679E+02  3.1520E-02  6.6440E-02
  2.8748E+02  3.3795E-02  6.5031E-02
  2.8818E+02  3.6054E-02  6.3614E-02
  2.8887E+02  3.8297E-02  6.2187E-02
  2.8956E+02  4.0524E-02  6.0752E-02
  2.9026E+02  4.2735E-02  5.9308E-02
  2.9095E+02  4.4930E-02  5.7855E-02
  2.9165E+02  4.7107E-02  5.6395E-02
  2.9234E+02  4.9268E-02  5.4927E-02
  2.9304E+02  5.1411E-02  5.3451E-02
  2.9373E+02  5.3537E-02  5.1968E-02
  2.9443E+02  5.5645E-02  5.0478E-02
  2.9512E+02  5.7735E-02  4.8981E-02
  2.9581E+02  5.9808E-02  4.7477E-02
  2.9651E+02  6.1863E-02  4.5967E-02
  2.9720E+02  6.3899E-02  4.4452E-02
  2.9790E+02  6.5917E-02  4.2930E-02
  2.9859E+02  6.7917E-02  4.1403E-02
  2.9929E+02  6.9898E-02  3.9871E-02
  2.9998E+02  7.1860E-02  3.8333E-02
  3.0068E+02  7.3803E-02  3.6791E-02
  3.0137E+02  7.5726E-02  3.5244E-02
  3.0206E+02  7.7630E-02  3.3693E-02
  3.0276E+02  7.9513E-02  3.2139E-02
  3.0345E+02  8.1375E-02  3.0580E-02
  3.0415E+02  8.3216E-02  2.9018E-02
  3.0484E+02  8.5037E-02  2.7453E-02
  3.0554E+02  8.6835E-02  2.5884E-02
  3.0623E+02  8.8611E-02  2.4314E-02
  3.0692E+02  9.0366E-02  2.2740E-02
  3.0762E+02  9.2097E-02  2.1165E-02
  3.0831E+02  9.3807E-02  1.9588E-02
  3.0901E+02  9.5493E-02  1.8009E-02
  3.0970E+02  9.7157E-02  1.6429E-02
  3.1040E+02  9.8799E-02  1.4849E-02
  3.1109E+02  1.0042E-01  1.3267E-02
  3.1179E+02  1.0201E-01  1.1685E-02
  3.1248E+02  1.0359E-01  1.0102E-02
  3.1317E+02  1.0514E-01  8.5201E-03
  3.1387E+02  1.0666E-01  6.9381E-03
  3.1456E+02  1.0817E-01  5.3567E-03
  3.1526E+02  1.0965E-01  3.7760E-03
  3.1595E+02  1.1111E-01  2.1964E-03
  3.1665E+02  1.1255E-01  6.1806E-04
  3.1734E+02  1.1396E-01 -9.5874E-04
  3.1804E+02  1.1535E-01 -2.5338E-03
  3.1873E+02  1.1671E-01 -4.1067E-03
  3.1942E+02  1.1806E-01 -5.6775E-03
  3.2012E+02  1.1938E-01 -7.2457E-03
  3.2081E+02  1.2067E-01 -8.8111E-03
  3.2151E+02  1.2194E-01 -1.0374E-02
  3.2220E+02  1.2319E-01 -1.1933E-02
  3.2290E+02  1.2441E-01 -1.3488E-02
  3.2359E+02  1.2560E-01 -1.5040E-02
  3.2428E+02  1.2677E-01 -1.6588E-02
  3.2498E+02  1.2792E-01 -1.8132E-02
  3.2567E+02  1.2904E-01 -1.9671E-02
  3.2637E+02  1.3013E-01 -2.1205E-02
  3.2706E+02  1.3120E-01 -2.2735E-02
  3.2776E+02  1.3225E-01 -2.4259E-02
  3.2845E+02  1.3327E-01 -2.5777E-02
  3.2915E+02  1.3426E-01 -2.7290E-02
  3.2984E+02  1.3523E-01 -2.8797E-02
  3.3053E+02  1.3617E-01 -3.0298E-02
  3.3123E+02  1.3709E-01 -3.1792E-02
  3.3192E+02  1.3798E-01 -3.3279E-02
  3.3262E+02  1.3885E-01 -3.4760E-02
  3.3331E+02  1.3970E-01 -3.6233E-02
  3.3401E+02  1.4052E-01 -3.7700E-02
  3.3470E+02  1.4131E-01 -3.9158E-02
  3.3540E+02  1.4208E-01 -4.0609E-02
  3.3609E+02  1.4283E-01 -4.2051E-02
  3.3678E+02  1.4355E-01 -4.3486E-02
  3.3748E+02  1.4424E-01 -4.4912E-02
  3.3817E+02  1.4492E-01 -4.6329E-02
  3.3887E+02  1.4556E-01 -4.7738E-02
  3.3956E+02  1.4618E-01 -4.9137E-02
  3.4026E+02  1.4678E-01 -5.0528E-02
  3.4095E+02  1.4735E-01 -5.1908E-02
  3.4164E+02  1.4790E-01 -5.3280E-02
  3.4234E+02  1.4842E-01 -5.4641E-02
  3.4303E+02  1.4892E-01 -5.5992E-02
  3.4373E+02  1.4939E-01 -5.7333E-02
  3.4442E+02  1.4984E-01 -5.8664E-02
  3.4512E+02  1.5026E-01 -5.9984E-02
  3.4581E+02  1.5066E-01 -6.1293E-02
  3.4651E+02  1.5103E-01 -6.2592E-02
  3.4720E+02  1.5138E-01 -6.3878E-02
  3.4789E+02  1.5170E-01 -6.5154E-02
  3.4859E+02  1.5200E-01 -6.6418E-02
  3.4928E+02  1.5228E-01 -6.7670E-02
  3.4998E+02  1.5253E-01 -6.8910E-02
  3.5067E+02  1.5275E-01 -7.0138E-02
  3.5137E+02  1.5295E-01 -7.1354E-02
  3.5206E+02  1.5313E-01 -7.2557E-02
  3.5276E+02  1.5328E-01 -7.3748E-02
  3.5345E+02  1.5341E-01 -7.4925E-02
  3.5414E+02  1.5352E-01 -7.6090E-02
  3.5484E+02  1.5360E-01 -7.7242E-02
  3.5553E+02  1.5366E-01 -7.8380E-02
  3.5623E+02  1.5370E-01 -7.9505E-02
  3.5692E+02  1.5371E-01 -8.0616E-02
  3.5762E+02  1.5370E-01 -8.1713E-02
  3.5831E+02  1.5367E-01 -8.2797E-02
  3.5900E+02  1.5362E-01 -8.3866E-02
  3.5970E+02  1.5354E-01 -8.4921E-02
  3.6039E+02  1.5345E-01 -8.5962E-02
  3.6109E+02  1.5333E-01 -8.6989E-02
  3.6178E+02  1.5319E-01 -8.8001E-02
  3.6248E+02  1.5303E-01 -8.8999E-02
  3.6317E+02  1.5284E-01 -8.9981E-02
  3.6387E+02  1.5264E-01 -9.0949E-02
  3.6456E+02  1.5241E-01 -9.1902E-02
  3.6525E+02  1.5216E-01 -9.2840E-02
  3.6595E+02  1.5190E-01 -9.3762E-02
  3.6664E+02  1.5161E-01 -9.4669E-02
  3.6734E+02  1.5130E-01 -9.5561E-02
  3.6803E+02  1.5096E-01 -9.6437E-02
  3.6873E+02  1.5061E-01 -9.7297E-02
  3.6942E+02  1.5023E-01 -9.8141E-02
  3.7012E+02  1.4984E-01 -9.8970E-02
  3.7081E+02  1.4942E-01 -9.9782E-02
  3.7150E+02  1.4899E-01 -1.0058E-01
  3.7220E+02  1.4853E-01 -1.0136E-01
  3.7289E+02  1.4805E-01 -1.0212E-01
  3.7359E+02  1.4755E-01 -1.0287E-01
  3.7428E+02  1.4704E-01 -1.0360E-01
  3.7498E+02  1.4650E-01 -1.0431E-01
  3.7567E+02  1.4595E-01 -1.0501E-01
  3.7636E+02  1.4538E-01 -1.0569E-01
  3.7706E+02  1.4479E-01 -1.0636E-01
  3.7775E+02  1.4418E-01 -1.0700E-01
  3.7845E+02  1.4356E-01 -1.0763E-01
  3.7914E+02  1.4292E-01 -1.0825E-01
  3.7984E+02  1.4226E-01 -1.0884E-01
  3.8053E+02  1.4159E-01 -1.0942E-01
  3.8123E+02  1.4090E-01 -1.0998E-01
  3.8192E+02  1.4020E-01 -1.1053E-01
  3.8261E+02  1.3948E-01 -1.1106E-01
  3.8331E+02  1.3874E-01 -1.1157E-01
  3.8400E+02  1.3799E-01 -1.1206E-01
  3.8470E+02  1.3722E-01 -1.1254E-01
  3.8539E+02  1.3644E-01 -1.1299E-01
  3.8609E+02  1.3564E-01 -1.1344E-01
  3.8678E+02  1.3482E-01 -1.1386E-01
  3.8748E+02  1.3399E-01 -1.1427E-01
  3.8817E+02  1.3315E-01 -1.1466E-01
  3.8886E+02  1.3229E-01 -1.1503E-01
  3.8956E+02  1.3141E-01 -1.1538E-01
  3.9025E+02  1.3052E-01 -1.1572E-01
  3.9095E+02  1.2961E-01 -1.1604E-01
  3.9164E+02  1.2869E-01 -1.1634E-01
  3.9234E+02  1.2775E-01 -1.1662E-01
  3.9303E+02  1.2680E-01 -1.1689E-01
  3.9372E+02  1.2584E-01 -1.1714E-01
  3.9442E+02  1.2486E-01 -1.1737E-01
  3.9511E+02  1.2388E-01 -1.1758E-01
  3.9581E+02  1.2288E-01 -1.1778E-01
  3.9650E+02  1.2186E-01 -1.1796E-01
  3.9720E+02  1.2084E-01 -1.1812E-01
  3.9789E+02  1.1981E-01 -1.1826E-01
  3.9859E+02  1.1876E-01 -1.1839E-01
  3.9928E+02  1.1771E-01 -1.1850E-01
  3.9997E+02  1.1664E-01 -1.1859E-01
  4.0067E+02  1.1557E-01 -1.1866E-01
  4.0136E+02  1.1449E-01 -1.1872E-01
  4.0206E+02  1.1340E-01 -1.1876E-01
  4.0275E+02  1.1230E-01 -1.1878E-01
  4.0345E+02  1.1119E-01 -1.1879E-01
  4.0414E+02  1.1008E-01 -1.1877E-01
  4.0484E+02  1.0895E-01 -1.1874E-01
  4.0553E+02  1.0782E-01 -1.1870E-01
  4.0622E+02  1.0668E-01 -1.1863E-01
  4.0692E+02  1.0553E-01 -1.1855E-01
  4.0761E+02  1.0437E-01 -1.1846E-01
  4.0831E+02  1.0320E-01 -1.1834E-01
  4.0900E+02  1.0203E-01 -1.1821E-01
  4.0970E+02  1.0085E-01 -1.1807E-01
  4.1039E+02  9.9653E-02 -1.1790E-01
  4.1108E+02  9.8453E-02 -1.1772E-01
  4.1178E+02  9.7245E-02 -1.1753E-01
  4.1247E+02  9.6029E-02 -1.1731E-01
  4.1317E+02  9.4805E-02 -1.1708E-01
  4.1386E+02  9.3575E-02 -1.1684E-01
  4.1456E+02  9.2338E-02 -1.1657E-01
  4.1525E+02  9.1094E-02 -1.1630E-01
  4.1595E+02  8.9846E-02 -1.1600E-01
  4.1664E+02  8.8592E-02 -1.1569E-01
  4.1733E+02  8.7333E-02 -1.1536E-01
  4.1803E+02  8.6071E-02 -1.1502E-01
  4.1872E+02  8.4805E-02 -1.1466E-01
  4.1942E+02  8.3536E-02 -1.1429E-01
  4.2011E+02  8.2265E-02 -1.1390E-01
  4.2081E+02  8.0991E-02 -1.1350E-01
  4.2150E+02  7.9716E-02 -1.1308E-01
  4.2220E+02  7.8440E-02 -1.1264E-01
  4.2289E+02  7.7163E-02 -1.1219E-01
  4.2358E+02  7.5885E-02 -1.1173E-01
  4.2428E+02  7.4606E-02 -1.1125E-01
  4.2497E+02  7.3327E-02 -1.1075E-01
  4.2567E+02  7.2048E-02 -1.1024E-01
  4.2636E+02  7.0768E-02 -1.0972E-01
  4.2706E+02  6.9487E-02 -1.0918E-01
  4.2775E+02  6.8206E-02 -1.0863E-01
  4.2844E+02  6.6924E-02 -1.0807E-01
  4.2914E+02  6.5641E-02 -1.0749E-01
  4.2983E+02  6.4358E-02 -1.0689E-01
  4.3053E+02  6.3073E-02 -1.0629E-01
  4.3122E+02  6.1788E-02 -1.0567E-01
  4.3192E+02  6.0501E-02 -1.0503E-01
  4.3261E+02  5.9214E-02 -1.0439E-01
  4.3331E+02  5.7926E-02 -1.0373E-01
  4.3400E+02  5.6637E-02 -1.0306E-01
  4.3469E+02  5.5348E-02 -1.0237E-01
  4.3539E+02  5.4058E-02 -1.0167E-01
  4.3608E+02  5.2769E-02 -1.0096E-01
  4.3678E+02  5.1481E-02 -1.0024E-01
  4.3747E+02  5.0194E-02 -9.9501E-02
  4.3817E+02  4.8908E-02 -9.8753E-02
  4.3886E+02  4.7624E-02 -9.7993E-02
  4.3956E+02  4.6344E-02 -9.7221E-02
  4.4025E+02  4.5066E-02 -9.6437E-02
  4.4094E+02  4.3792E-02 -9.5642E-02
  4.4164E+02  4.2523E-02 -9.4835E-02
  4.4233E+02  4.1258E-02 -9.4017E-02
  4.4303E+02  3.9999E-02 -9.3188E-02
  4.4372E+02  3.8745E-02 -9.2348E-02
  4.4442E+02  3.7498E-02 -9.1498E-02
  4.4511E+02  3.6256E-02 -9.0637E-02
  4.4580E+02  3.5021E-02 -8.9766E-02
  4.4650E+02  3.3793E-02 -8.8885E-02
  4.4719E+02  3.2571E-02 -8.7993E-02
  4.4789E+02  3.1356E-02 -8.7092E-02
  4.4858E+02  3.0148E-02 -8.6182E-02
  4.4928E+02  2.8946E-02 -8.5262E-02
  4.4997E+02  2.7751E-02 -8.4333E-02
  4.5067E+02  2.6561E-02 -8.3395E-02
  4.5136E+02  2.5378E-02 -8.2448E-02
  4.5205E+02  2.4201E-02 -8.1492E-02
  4.5275E+02  2.3030E-02 -8.0528E-02
  4.5344E+02  2.1864E-02 -7.9555E-02
  4.5414E+02  2.0704E-02 -7.8574E-02
  4.5483E+02  1.9549E-02 -7.7585E-02
  4.5553E+02  1.8400E-02 -7.6589E-02
  4.5622E+02  1.7256E-02 -7.5584E-02
  4.5692E+02  1.6118E-02 -7.4572E-02
  4.5761E+02  1.4986E-02 -7.3553E-02
  4.5830E+02  1.3860E-02 -7.2526E-02
  4.5900E+02  1.2741E-02 -7.1493E-02
  4.5969E+02  1.1628E-02 -7.0452E-02
  4.6039E+02  1.0522E-02 -6.9405E-02
  4.6108E+02  9.4242E-03 -6.8352E-02
  4.6178E+02  8.3344E-03 -6.7292E-02
  4.6247E+02  7.2533E-03 -6.6226E-02
  4.6316E+02  6.1812E-03 -6.5154E-02
  4.6386E+02  5.1188E-03 -6.4076E-02
  4.6455E+02  4.0665E-03 -6.2993E-02
  4.6525E+02  3.0247E-03 -6.1904E-02
  4.6594E+02  1.9939E-03 -6.0810E-02
  4.6664E+02  9.7423E-04 -5.9712E-02
  4.6733E+02 -3.3869E-05 -5.8609E-02
  4.6803E+02 -1.0302E-03 -5.7501E-02
  4.6872E+02 -2.0147E-03 -5.6389E-02
  4.6941E+02 -2.9873E-03 -5.5272E-02
  4.7011E+02 -3.9480E-03 -5.4152E-02
  4.7080E+02 -4.8968E-03 -5.3029E-02
  4.7150E+02 -5.8339E-03 -5.1901E-02
  4.7219E+02 -6.7594E-03 -5.0771E-02
  4.7289E+02 -7.6737E-03 -4.9637E-02
  4.7358E+02 -8.5769E-03 -4.8501E-02
  4.7428E+02 -9.4693E-03 -4.7362E-02
  4.7497E+02 -1.0351E-02 -4.6220E-02
  4.7566E+02 -1.1223E-02 -4.5076E-02
  4.7636E+02 -1.2084E-02 -4.3929E-02
  4.7705E+02 -1.2936E-02 -4.2781E-02
  4.7775E+02 -1.3778E-02 -4.1631E-02
  4.7844E+02 -1.4611E-02 -4.0479E-02
  4.7914E+02 -1.5434E-02 -3.9326E-02
  4.7983E+02 -1.6248E-02 -3.8171E-02
  4.8052E+02 -1.7053E-02 -3.7016E-02
  4.8122E+02 -1.7847E-02 -3.5859E-02
  4.8191E+02 -1.8632E-02 -3.4702E-02
  4.8261E+02 -1.9407E-02 -3.3544E-02
  4.8330E+02 -2.0172E-02 -3.2385E-02
  4.8400E+02 -2.0925E-02 -3.1226E-02
  4.8469E+02 -2.1667E-02 -3.0067E-02
  4.8539E+02 -2.2398E-02 -2.8909E-02
  4.8608E+02 -2.3116E-02 -2.7750E-02
  4.8677E+02 -2.3821E-02 -2.6592E-02
  4.8747E+02 -2.4513E-02 -2.5435E-02
  4.8816E+02 -2.5191E-02 -2.4278E-02
  4.8886E+02 -2.5856E-02 -2.3123E-02
  4.8955E+02 -2.6505E-02 -2.1969E-02
  4.9025E+02 -2.7140E-02 -2.0816E-02
  4.9094E+02 -2.7760E-02 -1.9665E-02
  4.9164E+02 -2.8364E-02 -1.8516E-02
  4.9233E+02 -2.8953E-02 -1.7369E-02
  4.9302E+02 -2.9526E-02 -1.6224E-02
  4.9372E+02 -3.0085E-02 -1.5081E-02
  4.9441E+02 -3.0627E-02 -1.3942E-02
  4.9511E+02 -3.1155E-02 -1.2805E-02
  4.9580E+02 -3.1669E-02 -1.1671E-02
  4.9650E+02 -3.2168E-02 -1.0540E-02
  4.9719E+02 -3.2653E-02 -9.4131E-03
  4.9788E+02 -3.3124E-02 -8.2894E-03
  4.9858E+02 -3.3583E-02 -7.1694E-03
  4.9927E+02 -3.4029E-02 -6.0533E-03
  4.9997E+02 -3.4463E-02 -4.9412E-03
  5.0066E+02 -3.4885E-02 -3.8334E-03
  5.0136E+02 -3.5297E-02 -2.7298E-03
  5.0205E+02 -3.5697E-02 -1.6308E-03
  5.0275E+02 -3.6087E-02 -5.3644E-04
  5.0344E+02 -3.6467E-02  5.5317E-04
  5.0413E+02 -3.6838E-02  1.6379E-03
  5.0483E+02 -3.7198E-02  2.7175E-03
  5.0552E+02 -3.7548E-02  3.7920E-03
  5.0622E+02 -3.7888E-02  4.8612E-03
  5.0691E+02 -3.8218E-02  5.9250E-03
  5.0761E+02 -3.8538E-02  6.9832E-03
  5.0830E+02 -3.8846E-02  8.0356E-03
  5.0900E+02 -3.9144E-02  9.0823E-03
  5.0969E+02 -3.9430E-02  1.0123E-02
  5.1038E+02 -3.9704E-02  1.1157E-02
  5.1108E+02 -3.9965E-02  1.2186E-02
  5.1177E+02 -4.0213E-02  1.3208E-02
  5.1247E+02 -4.0447E-02  1.4223E-02
  5.1316E+02 -4.0666E-02  1.5231E-02
  5.1386E+02 -4.0871E-02  1.6233E-02
  5.1455E+02 -4.1061E-02  1.7228E-02
  5.1524E+02 -4.1235E-02  1.8215E-02
  5.1594E+02 -4.1393E-02  1.9195E-02
  5.1663E+02 -4.1536E-02  2.0168E-02
  5.1733E+02 -4.1662E-02  2.1133E-02
  5.1802E+02 -4.1771E-02  2.2090E-02
  5.1872E+02 -4.1865E-02  2.3039E-02
  5.1941E+02 -4.1943E-02  2.3979E-02
  5.2011E+02 -4.2005E-02  2.4912E-02
  5.2080E+02 -4.2053E-02  2.5836E-02
  5.2149E+02 -4.2085E-02  2.6751E-02
  5.2219E+02 -4.2104E-02  2.7658E-02
  5.2288E+02 -4.2109E-02  2.8556E-02
  5.2358E+02 -4.2101E-02  2.9445E-02
  5.2427E+02 -4.2082E-02  3.0325E-02
  5.2497E+02 -4.2051E-02  3.1195E-02
  5.2566E+02 -4.2010E-02  3.2056E-02
  5.2636E+02 -4.1958E-02  3.2908E-02
  5.2705E+02 -4.1897E-02  3.3750E-02
  5.2774E+02 -4.1828E-02  3.4583E-02
  5.2844E+02 -4.1750E-02  3.5406E-02
  5.2913E+02 -4.1664E-02  3.6219E-02
  5.2983E+02 -4.1571E-02  3.7023E-02
  5.3052E+02 -4.1470E-02  3.7817E-02
  5.3122E+02 -4.1362E-02  3.8600E-02
  5.3191E+02 -4.1246E-02  3.9374E-02
  5.3260E+02 -4.1123E-02  4.0138E-02
  5.3330E+02 -4.0992E-02  4.0892E-02
  5.3399E+02 -4.0853E-02  4.1635E-02
  5.3469E+02 -4.0705E-02  4.2369E-02
  5.3538E+02 -4.0548E-02  4.3092E-02
  5.3608E+02 -4.0381E-02  4.3805E-02
  5.3677E+02 -4.0204E-02  4.4507E-02
  5.3747E+02 -4.0016E-02  4.5199E-02
  5.3816E+02 -3.9816E-02  4.5880E-02
  5.3885E+02 -3.9604E-02  4.6551E-02
  5.3955E+02 -3.9379E-02  4.7210E-02
  5.4024E+02 -3.9141E-02  4.7859E-02
  5.4094E+02 -3.8889E-02  4.8497E-02
  5.4163E+02 -3.8623E-02  4.9124E-02
  5.4233E+02 -3.8343E-02  4.9739E-02
  5.4302E+02 -3.8049E-02  5.0343E-02
  5.4372E+02 -3.7741E-02  5.0936E-02
  5.4441E+02 -3.7419E-02  5.1518E-02
  5.4510E+02 -3.7083E-02  5.2087E-02
  5.4580E+02 -3.6733E-02  5.2645E-02
  5.4649E+02 -3.6371E-02  5.3191E-02
  5.4719E+02 -3.5997E-02  5.3726E-02
  5.4788E+02 -3.5611E-02  5.4248E-02
  5.4858E+02 -3.5214E-02  5.4758E-02
  5.4927E+02 -3.4807E-02  5.5257E-02
  5.4996E+02 -3.4392E-02  5.5743E-02
  5.5066E+02 -3.3968E-02  5.6217E-02
  5.5135E+02 -3.3537E-02  5.6679E-02
  5.5205E+02 -3.3100E-02  5.7129E-02
  5.5274E+02 -3.2657E-02  5.7566E-02
  5.5344E+02 -3.2210E-02  5.7992E-02
  5.5413E+02 -3.1758E-02  5.8405E-02
  5.5483E+02 -3.1303E-02  5.8806E-02
  5.5552E+02 -3.0844E-02  5.9195E-02
  5.5621E+02 -3.0383E-02  5.9572E-02
  5.5691E+02 -2.9919E-02  5.9937E-02
  5.5760E+02 -2.9452E-02  6.0290E-02
  5.5830E+02 -2.8983E-02  6.0630E-02
  5.5899E+02 -2.8511E-02  6.0959E-02
  5.5969E+02 -2.8036E-02  6.1276E-02
  5.6038E+02 -2.7558E-02  6.1581E-02
  5.6108E+02 -2.7075E-02  6.1873E-02
  5.6177E+02 -2.6588E-02  6.2154E-02
  5.6246E+02 -2.6096E-02  6.2423E-02
  5.6316E+02 -2.5598E-02  6.2680E-02
  5.6385E+02 -2.5094E-02  6.2925E-02
  5.6455E+02 -2.4582E-02  6.3158E-02
  5.6524E+02 -2.4063E-02  6.3379E-02
  5.6594E+02 -2.3535E-02  6.3588E-02
  5.6663E+02 -2.2999E-02  6.3785E-02
  5.6732E+02 -2.2453E-02  6.3970E-02
  5.6802E+02 -2.1897E-02  6.4143E-02
  5.6871E+02 -2.1331E-02  6.4303E-02
  5.6941E+02 -2.0755E-02  6.4452E-02
  5.7010E+02 -2.0168E-02  6.4588E-02
  5.7080E+02 -1.9572E-02  6.4712E-02
  5.7149E+02 -1.8965E-02  6.4823E-02
  5.7219E+02 -1.8349E-02  6.4923E-02
  5.7288E+02 -1.7724E-02  6.5010E-02
  5.7357E+02 -1.7091E-02  6.5084E-02
  5.7427E+02 -1.6450E-02  6.5147E-02
  5.7496E+02 -1.5802E-02  6.5197E-02
  5.7566E+02 -1.5147E-02  6.5235E-02
  5.7635E+02 -1.4488E-02  6.5260E-02
  5.7705E+02 -1.3825E-02  6.5274E-02
  5.7774E+02 -1.3158E-02  6.5275E-02
  5.7844E+02 -1.2490E-02  6.5264E-02
  5.7913E+02 -1.1820E-02  6.5241E-02
  5.7982E+02 -1.1150E-02  6.5206E-02
  5.8052E+02 -1.0481E-02  6.5159E-02
  5.8121E+02 -9.8125E-03  6.5100E-02
  5.8191E+02 -9.1466E-03  6.5029E-02
  5.8260E+02 -8.4834E-03  6.4947E-02
  5.8330E+02 -7.8234E-03  6.4854E-02
  5.8399E+02 -7.1669E-03  6.4748E-02
  5.8468E+02 -6.5141E-03  6.4632E-02
  5.8538E+02 -5.8651E-03  6.4504E-02
  5.8607E+02 -5.2199E-03  6.4366E-02
  5.8677E+02 -4.5782E-03  6.4216E-02
  5.8746E+02 -3.9396E-03  6.4055E-02
  5.8816E+02 -3.3038E-03  6.3884E-02
  5.8885E+02 -2.6702E-03  6.3702E-02
  5.8955E+02 -2.0382E-03  6.3509E-02
  5.9024E+02 -1.4070E-03  6.3306E-02
  5.9093E+02 -7.7574E-04  6.3092E-02
  5.9163E+02 -1.4376E-04  6.2868E-02
  5.9232E+02  4.8984E-04  6.2633E-02
  5.9302E+02  1.1259E-03  6.2388E-02
  5.9371E+02  1.7651E-03  6.2133E-02
  5.9441E+02  2.4084E-03  6.1868E-02
  5.9510E+02  3.0562E-03  6.1592E-02
  5.9580E+02  3.7093E-03  6.1307E-02
  5.9649E+02  4.3680E-03  6.1011E-02
  5.9718E+02  5.0328E-03  6.0705E-02
  5.9788E+02  5.7039E-03  6.0389E-02
  5.9857E+02  6.3813E-03  6.0063E-02
  5.9927E+02  7.0650E-03  5.9726E-02
  5.9996E+02  7.7547E-03  5.9380E-02
  6.0066E+02  8.4501E-03  5.9024E-02
  6.0135E+02  9.1507E-03  5.8658E-02
  6.0204E+02  9.8557E-03  5.8282E-02
  6.0274E+02  1.0564E-02  5.7896E-02
  6.0343E+02  1.1276E-02  5.7501E-02
  6.0413E+02  1.1989E-02  5.7096E-02
  6.0482E+02  1.2704E-02  5.6681E-02
  6.0552E+02  1.3417E-02  5.6256E-02
  6.0621E+02  1.4129E-02  5.5823E-02
  6.0691E+02  1.4839E-02  5.5379E-02
  6.0760E+02  1.5544E-02  5.4927E-02
  6.0829E+02  1.6244E-02  5.4466E-02
  6.0899E+02  1.6938E-02  5.3996E-02
  6.0968E+02  1.7625E-02  5.3517E-02
  6.1038E+02  1.8303E-02  5.3029E-02
  6.1107E+02  1.8973E-02  5.2533E-02
  6.1177E+02  1.9632E-02  5.2029E-02
  6.1246E+02  2.0282E-02  5.1517E-02
  6.1316E+02  2.0921E-02  5.0996E-02
  6.1385E+02  2.1549E-02  5.0468E-02
  6.1454E+02  2.2167E-02  4.9933E-02
  6.1524E+02  2.2774E-02  4.9390E-02
  6.1593E+02  2.3370E-02  4.8840E-02
  6.1663E+02  2.3956E-02  4.8283E-02
  6.1732E+02  2.4533E-02  4.7719E-02
  6.1802E+02  2.5101E-02  4.7149E-02
  6.1871E+02  2.5661E-02  4.6572E-02
  6.1940E+02  2.6214E-02  4.5988E-02
  6.2010E+02  2.6761E-02  4.5398E-02
  6.2079E+02  2.7303E-02  4.4802E-02
  6.2149E+02  2.7841E-02  4.4200E-02
  6.2218E+02  2.8376E-02  4.3592E-02
  6.2288E+02  2.8909E-02  4.2979E-02
  6.2357E+02  2.9441E-02  4.2359E-02
  6.2427E+02  2.9973E-02  4.1734E-02
  6.2496E+02  3.0506E-02  4.1103E-02
  6.2565E+02  3.1040E-02  4.0466E-02
  6.2635E+02  3.1577E-02  3.9824E-02
  6.2704E+02  3.2116E-02  3.9176E-02
  6.2774E+02  3.2657E-02  3.8523E-02
  6.2843E+02  3.3202E-02  3.7865E-02
  6.2913E+02  3.3750E-02  3.7201E-02
  6.2982E+02  3.4301E-02  3.6532E-02
  6.3052E+02  3.4854E-02  3.5858E-02
  6.3121E+02  3.5410E-02  3.5178E-02
  6.3190E+02  3.5967E-02  3.4494E-02
  6.3260E+02  3.6525E-02  3.3804E-02
  6.3329E+02  3.7084E-02  3.3110E-02
  6.3399E+02  3.7642E-02  3.2411E-02
  6.3468E+02  3.8198E-02  3.1706E-02
  6.3538E+02  3.8751E-02  3.0998E-02
  6.3607E+02  3.9300E-02  3.0285E-02
  6.3676E+02  3.9845E-02  2.9567E-02
  6.3746E+02  4.0383E-02  2.8845E-02
  6.3815E+02  4.0914E-02  2.8119E-02
  6.3885E+02  4.1436E-02  2.7390E-02
  6.3954E+02  4.1949E-02  2.6656E-02
  6.4024E+02  4.2451E-02  2.5919E-02
  6.4093E+02  4.2942E-02  2.5179E-02
  6.4163E+02  4.3420E-02  2.4435E-02
  6.4232E+02  4.3885E-02  2.3689E-02
  6.4301E+02  4.4336E-02  2.2939E-02
  6.4371E+02  4.4774E-02  2.2187E-02
  6.4440E+02  4.5196E-02  2.1433E-02
  6.4510E+02  4.5604E-02  2.0677E-02
  6.4579E+02  4.5996E-02  1.9918E-02
  6.4649E+02  4.6374E-02  1.9158E-02
  6.4718E+02  4.6737E-02  1.8397E-02
  6.4788E+02  4.7085E-02  1.7634E-02
  6.4857E+02  4.7420E-02  1.6869E-02
  6.4926E+02  4.7741E-02  1.6104E-02
  6.4996E+02  4.8049E-02  1.5338E-02
  6.5065E+02  4.8346E-02  1.4571E-02
  6.5135E+02  4.8631E-02  1.3804E-02
  6.5204E+02  4.8906E-02  1.3036E-02
  6.5274E+02  4.9171E-02  1.2268E-02
  6.5343E+02  4.9429E-02  1.1500E-02
  6.5412E+02  4.9680E-02  1.0732E-02
  6.5482E+02  4.9924E-02  9.9642E-03
  6.5551E+02  5.0163E-02  9.1964E-03
  6.5621E+02  5.0399E-02  8.4288E-03
  6.5690E+02  5.0631E-02  7.6615E-03
  6.5760E+02  5.0862E-02  6.8946E-03
  6.5829E+02  5.1091E-02  6.1282E-03
  6.5899E+02  5.1320E-02  5.3623E-03
  6.5968E+02  5.1549E-02  4.5969E-03
  6.6037E+02  5.1778E-02  3.8322E-03
  6.6107E+02  5.2009E-02  3.0682E-03
  6.6176E+02  5.2241E-02  2.3048E-03
  6.6246E+02  5.2474E-02  1.5423E-03
  6.6315E+02  5.2709E-02  7.8048E-04
  6.6385E+02  5.2945E-02  1.9551E-05
  6.6454E+02  5.3182E-02 -7.4047E-04
  6.6524E+02  5.3420E-02 -1.4995E-03
  6.6593E+02  5.3657E-02 -2.2576E-03
  6.6662E+02  5.3894E-02 -3.0145E-03
  6.6732E+02  5.4130E-02 -3.7702E-03
  6.6801E+02  5.4363E-02 -4.5247E-03
  6.6871E+02  5.4593E-02 -5.2779E-03
  6.6940E+02  5.4818E-02 -6.0296E-03
  6.7010E+02  5.5039E-02 -6.7797E-03
  6.7079E+02  5.5253E-02 -7.5281E-03
  6.7148E+02  5.5459E-02 -8.2747E-03
  6.7218E+02  5.5658E-02 -9.0194E-03
  6.7287E+02  5.5846E-02 -9.7619E-03
  6.7357E+02  5.6025E-02 -1.0502E-02
  6.7426E+02  5.6192E-02 -1.1240E-02
  6.7496E+02  5.6348E-02 -1.1975E-02
  6.7565E+02  5.6490E-02 -1.2708E-02
  6.7635E+02  5.6619E-02 -1.3438E-02
  6.7704E+02  5.6734E-02 -1.4164E-02
  6.7773E+02  5.6835E-02 -1.4887E-02
  6.7843E+02  5.6921E-02 -1.5607E-02
  6.7912E+02  5.6993E-02 -1.6324E-02
  6.7982E+02  5.7049E-02 -1.7036E-02
  6.8051E+02  5.7091E-02 -1.7745E-02
  6.8121E+02  5.7118E-02 -1.8449E-02
  6.8190E+02  5.7131E-02 -1.9149E-02
  6.8260E+02  5.7129E-02 -1.9845E-02
  6.8329E+02  5.7114E-02 -2.0536E-02
  6.8398E+02  5.7087E-02 -2.1222E-02
  6.8468E+02  5.7046E-02 -2.1904E-02
  6.8537E+02  5.6994E-02 -2.2580E-02
  6.8607E+02  5.6932E-02 -2.3252E-02
  6.8676E+02  5.6858E-02 -2.3918E-02
  6.8746E+02  5.6775E-02 -2.4579E-02
  6.8815E+02  5.6684E-02 -2.5235E-02
  6.8884E+02  5.6585E-02 -2.5885E-02
  6.8954E+02  5.6478E-02 -2.6530E-02
  6.9023E+02  5.6365E-02 -2.7169E-02
  6.9093E+02  5.6246E-02 -2.7802E-02
  6.9162E+02  5.6122E-02 -2.8430E-02
  6.9232E+02  5.5994E-02 -2.9052E-02
  6.9301E+02  5.5863E-02 -2.9668E-02
  6.9371E+02  5.5728E-02 -3.0279E-02
  6.9440E+02  5.5590E-02 -3.0883E-02
  6.9509E+02  5.5451E-02 -3.1482E-02
  6.9579E+02  5.5309E-02 -3.2075E-02
  6.9648E+02  5.5167E-02 -3.2661E-02
  6.9718E+02  5.5023E-02 -3.3242E-02
  6.9787E+02  5.4879E-02 -3.3817E-02
  6.9857E+02  5.4734E-02 -3.4386E-02
  6.9926E+02  5.4588E-02 -3.4948E-02
  6.9996E+02  5.4442E-02 -3.5505E-02
  7.0065E+02  5.4296E-02 -3.6056E-02
  7.0134E+02  5.4149E-02 -3.6600E-02
  7.0204E+02  5.4001E-02 -3.7138E-02
  7.0273E+02  5.3852E-02 -3.7670E-02
  7.0343E+02  5.3703E-02 -3.8196E-02
  7.0412E+02  5.3552E-02 -3.8716E-02
  7.0482E+02  5.3399E-02 -3.9229E-02
  7.0551E+02  5.3244E-02 -3.9736E-02
  7.0620E+02  5.3087E-02 -4.0236E-02
  7.0690E+02  5.2927E-02 -4.0730E-02
  7.0759E+02  5.2763E-02 -4.1218E-02
  7.0829E+02  5.2596E-02 -4.1699E-02
  7.0898E+02  5.2424E-02 -4.2174E-02
  7.0968E+02  5.2247E-02 -4.2641E-02
  7.1037E+02  5.2065E-02 -4.3102E-02
  7.1107E+02  5.1878E-02 -4.3556E-02
  7.1176E+02  5.1684E-02 -4.4004E-02
  7.1245E+02  5.1483E-02 -4.4444E-02
  7.1315E+02  5.1275E-02 -4.4878E-02
  7.1384E+02  5.1060E-02 -4.5304E-02
  7.1454E+02  5.0838E-02 -4.5723E-02
  7.1523E+02  5.0607E-02 -4.6135E-02
  7.1593E+02  5.0369E-02 -4.6539E-02
  7.1662E+02  5.0122E-02 -4.6937E-02
  7.1732E+02  4.9867E-02 -4.7326E-02
  7.1801E+02  4.9604E-02 -4.7709E-02
  7.1870E+02  4.9333E-02 -4.8083E-02
  7.1940E+02  4.9054E-02 -4.8450E-02
  7.2009E+02  4.8767E-02 -4.8809E-02
  7.2079E+02  4.8473E-02 -4.9161E-02
  7.2148E+02  4.8172E-02 -4.9505E-02
  7.2218E+02  4.7863E-02 -4.9840E-02
  7.2287E+02  4.7549E-02 -5.0168E-02
  7.2356E+02  4.7228E-02 -5.0488E-02
  7.2426E+02  4.6902E-02 -5.0800E-02
  7.2495E+02  4.6570E-02 -5.1104E-02
  7.2565E+02  4.6233E-02 -5.1400E-02
  7.2634E+02  4.5893E-02 -5.1688E-02
  7.2704E+02  4.5548E-02 -5.1968E-02
  7.2773E+02  4.5199E-02 -5.2240E-02
  7.2843E+02  4.4847E-02 -5.2504E-02
  7.2912E+02  4.4492E-02 -5.2759E-02
  7.2981E+02  4.4135E-02 -5.3007E-02
  7.3051E+02  4.3775E-02 -5.3247E-02
  7.3120E+02  4.3413E-02 -5.3478E-02
  7.3190E+02  4.3049E-02 -5.3702E-02
  7.3259E+02  4.2684E-02 -5.3917E-02
  7.3329E+02  4.2316E-02 -5.4124E-02
  7.3398E+02  4.1948E-02 -5.4324E-02
  7.3468E+02  4.1578E-02 -5.4515E-02
  7.3537E+02  4.1207E-02 -5.4699E-02
  7.3606E+02  4.0835E-02 -5.4874E-02
  7.3676E+02  4.0461E-02 -5.5042E-02
  7.3745E+02  4.0087E-02 -5.5201E-02
  7.3815E+02  3.9712E-02 -5.5353E-02
  7.3884E+02  3.9336E-02 -5.5497E-02
  7.3954E+02  3.8959E-02 -5.5633E-02
  7.4023E+02  3.8582E-02 -5.5761E-02
  7.4092E+02  3.8203E-02 -5.5881E-02
  7.4162E+02  3.7825E-02 -5.5993E-02
  7.4231E+02  3.7445E-02 -5.6097E-02
  7.4301E+02  3.7065E-02 -5.6194E-02
  7.4370E+02  3.6685E-02 -5.6283E-02
  7.4440E+02  3.6305E-02 -5.6364E-02
  7.4509E+02  3.5924E-02 -5.6437E-02
  7.4579E+02  3.5543E-02 -5.6502E-02
  7.4648E+02  3.5161E-02 -5.6560E-02
  7.4717E+02  3.4780E-02 -5.6610E-02
  7.4787E+02  3.4398E-02 -5.6652E-02
  7.4856E+02  3.4016E-02 -5.6687E-02
  7.4926E+02  3.3634E-02 -5.6714E-02
  7.4995E+02  3.3252E-02 -5.6734E-02
  7.5065E+02  3.2869E-02 -5.6746E-02
  7.5134E+02  3.2486E-02 -5.6750E-02
  7.5204E+02  3.2103E-02 -5.6747E-02
  7.5273E+02  3.1719E-02 -5.6736E-02
  7.5342E+02  3.1334E-02 -5.6718E-02
  7.5412E+02  3.0949E-02 -5.6692E-02
  7.5481E+02  3.0564E-02 -5.6659E-02
  7.5551E+02  3.0177E-02 -5.6619E-02
  7.5620E+02  2.9790E-02 -5.6571E-02
  7.5690E+02  2.9403E-02 -5.6516E-02
  7.5759E+02  2.9014E-02 -5.6453E-02
  7.5828E+02  2.8625E-02 -5.6384E-02
  7.5898E+02  2.8235E-02 -5.6307E-02
  7.5967E+02  2.7844E-02 -5.6223E-02
  7.6037E+02  2.7453E-02 -5.6131E-02
  7.6106E+02  2.7061E-02 -5.6033E-02
  7.6176E+02  2.6669E-02 -5.5927E-02
  7.6245E+02  2.6277E-02 -5.5815E-02
  7.6315E+02  2.5885E-02 -5.5695E-02
  7.6384E+02  2.5494E-02 -5.5569E-02
  7.6453E+02  2.5102E-02 -5.5435E-02
  7.6523E+02  2.4712E-02 -5.5295E-02
  7.6592E+02  2.4322E-02 -5.5147E-02
  7.6662E+02  2.3933E-02 -5.4993E-02
  7.6731E+02  2.3546E-02 -5.4833E-02
  7.6801E+02  2.3160E-02 -5.4665E-02
  7.6870E+02  2.2776E-02 -5.4491E-02
  7.6940E+02  2.2393E-02 -5.4311E-02
  7.7009E+02  2.2012E-02 -5.4124E-02
  7.7078E+02  2.1633E-02 -5.3931E-02
  7.7148E+02  2.1257E-02 -5.3731E-02
  7.7217E+02  2.0882E-02 -5.3525E-02
  7.7287E+02  2.0510E-02 -5.3312E-02
  7.7356E+02  2.0140E-02 -5.3094E-02
  7.7426E+02  1.9772E-02 -5.2870E-02
  7.7495E+02  1.9407E-02 -5.2639E-02
  7.7564E+02  1.9043E-02 -5.2403E-02
  7.7634E+02  1.8682E-02 -5.2160E-02
  7.7703E+02  1.8323E-02 -5.1912E-02
  7.7773E+02  1.7966E-02 -5.1658E-02
  7.7842E+02  1.7612E-02 -5.1398E-02
  7.7912E+02  1.7259E-02 -5.1133E-02
  7.7981E+02  1.6908E-02 -5.0862E-02
  7.8051E+02  1.6560E-02 -5.0586E-02
  7.8120E+02  1.6214E-02 -5.0304E-02
  7.8189E+02  1.5870E-02 -5.0017E-02
  7.8259E+02  1.5528E-02 -4.9724E-02
  7.8328E+02  1.5188E-02 -4.9426E-02
  7.8398E+02  1.4851E-02 -4.9123E-02
  7.8467E+02  1.4516E-02 -4.8815E-02
  7.8537E+02  1.4184E-02 -4.8502E-02
  7.8606E+02  1.3854E-02 -4.8184E-02
  7.8676E+02  1.3528E-02 -4.7861E-02
  7.8745E+02  1.3204E-02 -4.7533E-02
  7.8814E+02  1.2884E-02 -4.7200E-02
  7.8884E+02  1.2566E-02 -4.6863E-02
  7.8953E+02  1.2252E-02 -4.6521E-02
  7.9023E+02  1.1941E-02 -4.6174E-02
  7.9092E+02  1.1634E-02 -4.5823E-02
  7.9162E+02  1.1331E-02 -4.5468E-02
  7.9231E+02  1.1031E-02 -4.5108E-02
  7.9300E+02  1.0735E-02 -4.4744E-02
  7.9370E+02  1.0443E-02 -4.4376E-02
  7.9439E+02  1.0154E-02 -4.4004E-02
  7.9509E+02  9.8698E-03 -4.3628E-02
  7.9578E+02  9.5888E-03 -4.3248E-02
  7.9648E+02  9.3116E-03 -4.2864E-02
  7.9717E+02  9.0380E-03 -4.2476E-02
  7.9787E+02  8.7681E-03 -4.2085E-02
  7.9856E+02  8.5017E-03 -4.1690E-02
  7.9925E+02  8.2388E-03 -4.1292E-02
  7.9995E+02  7.9795E-03 -4.0890E-02
  8.0064E+02  7.7235E-03 -4.0485E-02
  8.0134E+02  7.4710E-03 -4.0077E-02
  8.0203E+02  7.2218E-03 -3.9665E-02
  8.0273E+02  6.9760E-03 -3.9250E-02
  8.0342E+02  6.7336E-03 -3.8833E-02
  8.0412E+02  6.4946E-03 -3.8412E-02
  8.0481E+02  6.2590E-03 -3.7989E-02
  8.0550E+02  6.0269E-03 -3.7562E-02
  8.0620E+02  5.7984E-03 -3.7133E-02
  8.0689E+02  5.5735E-03 -3.6702E-02
  8.0759E+02  5.3524E-03 -3.6267E-02
  8.0828E+02  5.1351E-03 -3.5831E-02
  8.0898E+02  4.9218E-03 -3.5391E-02
  8.0967E+02  4.7125E-03 -3.4950E-02
  8.1036E+02  4.5074E-03 -3.4506E-02
  8.1106E+02  4.3065E-03 -3.4060E-02
  8.1175E+02  4.1100E-03 -3.3612E-02
  8.1245E+02  3.9178E-03 -3.3163E-02
  8.1314E+02  3.7302E-03 -3.2711E-02
  8.1384E+02  3.5470E-03 -3.2257E-02
  8.1453E+02  3.3685E-03 -3.1802E-02
  8.1523E+02  3.1945E-03 -3.1345E-02
  8.1592E+02  3.0251E-03 -3.0886E-02
  8.1661E+02  2.8602E-03 -3.0426E-02
  8.1731E+02  2.6998E-03 -2.9965E-02
  8.1800E+02  2.5440E-03 -2.9502E-02
  8.1870E+02  2.3925E-03 -2.9038E-02
  8.1939E+02  2.2454E-03 -2.8573E-02
  8.2009E+02  2.1025E-03 -2.8107E-02
  8.2078E+02  1.9638E-03 -2.7640E-02
  8.2148E+02  1.8293E-03 -2.7171E-02
  8.2217E+02  1.6987E-03 -2.6703E-02
  8.2286E+02  1.5721E-03 -2.6233E-02
  8.2356E+02  1.4494E-03 -2.5763E-02
  8.2425E+02  1.3305E-03 -2.5292E-02
  8.2495E+02  1.2154E-03 -2.4821E-02
  8.2564E+02  1.1040E-03 -2.4349E-02
  8.2634E+02  9.9647E-04 -2.3877E-02
  8.2703E+02  8.9266E-04 -2.3404E-02
  8.2772E+02  7.9264E-04 -2.2931E-02
  8.2842E+02  6.9645E-04 -2.2459E-02
  8.2911E+02  6.0415E-04 -2.1986E-02
  8.2981E+02  5.1580E-04 -2.1513E-02
  8.3050E+02  4.3148E-04 -2.1040E-02
  8.3120E+02  3.5129E-04 -2.0567E-02
  8.3189E+02  2.7530E-04 -2.0095E-02
  8.3259E+02  2.0362E-04 -1.9623E-02
  8.3328E+02  1.3633E-04 -1.9151E-02
  8.3397E+02  7.3514E-05 -1.8680E-02
  8.3467E+02  1.5254E-05 -1.8209E-02
  8.3536E+02 -3.8390E-05 -1.7739E-02
  8.3606E+02 -8.7365E-05 -1.7269E-02
  8.3675E+02 -1.3164E-04 -1.6801E-02
  8.3745E+02 -1.7119E-04 -1.6333E-02
  8.3814E+02 -2.0603E-04 -1.5866E-02
  8.3884E+02 -2.3617E-04 -1.5400E-02
  8.3953E+02 -2.6165E-04 -1.4936E-02
  8.4022E+02 -2.8252E-04 -1.4472E-02
  8.4092E+02 -2.9887E-04 -1.4010E-02
  8.4161E+02 -3.1077E-04 -1.3549E-02
  8.4231E+02 -3.1831E-04 -1.3089E-02
  8.4300E+02 -3.2161E-04 -1.2631E-02
  8.4370E+02 -3.2076E-04 -1.2174E-02
  8.4439E+02 -3.1587E-04 -1.1719E-02
  8.4508E+02 -3.0705E-04 -1.1266E-02
  8.4578E+02 -2.9439E-04 -1.0814E-02
  8.4647E+02 -2.7799E-04 -1.0364E-02
  8.4717E+02 -2.5792E-04 -9.9163E-03
  8.4786E+02 -2.3425E-04 -9.4703E-03
  8.4856E+02 -2.0704E-04 -9.0261E-03
  8.4925E+02 -1.7630E-04 -8.5841E-03
  8.4995E+02 -1.4206E-04 -8.1441E-03
  8.5064E+02 -1.0433E-04 -7.7063E-03
  8.5133E+02 -6.3091E-05 -7.2707E-03
  8.5203E+02 -1.8311E-05 -6.8373E-03
  8.5272E+02  3.0046E-05 -6.4064E-03
  8.5342E+02  8.2029E-05 -5.9778E-03
  8.5411E+02  1.3769E-04 -5.5516E-03
  8.5481E+02  1.9710E-04 -5.1280E-03
  8.5550E+02  2.6032E-04 -4.7070E-03
  8.5620E+02  3.2740E-04 -4.2886E-03
  8.5689E+02  3.9840E-04 -3.8729E-03
  8.5758E+02  4.7336E-04 -3.4599E-03
  8.5828E+02  5.5234E-04 -3.0498E-03
  8.5897E+02  6.3534E-04 -2.6425E-03
  8.5967E+02  7.2237E-04 -2.2382E-03
  8.6036E+02  8.1344E-04 -1.8369E-03
  8.6106E+02  9.0849E-04 -1.4387E-03
  8.6175E+02  1.0075E-03 -1.0435E-03
  8.6244E+02  1.1104E-03 -6.5156E-04
  8.6314E+02  1.2171E-03 -2.6282E-04
  8.6383E+02  1.3275E-03  1.2265E-04
  8.6453E+02  1.4415E-03  5.0479E-04
  8.6522E+02  1.5589E-03  8.8356E-04
  8.6592E+02  1.6797E-03  1.2589E-03
  8.6661E+02  1.8037E-03  1.6307E-03
  8.6731E+02  1.9308E-03  1.9991E-03
  8.6800E+02  2.0607E-03  2.3639E-03
  8.6869E+02  2.1934E-03  2.7250E-03
  8.6939E+02  2.3288E-03  3.0825E-03
  8.7008E+02  2.4667E-03  3.4364E-03
  8.7078E+02  2.6071E-03  3.7865E-03
  8.7147E+02  2.7498E-03  4.1328E-03
  8.7217E+02  2.8948E-03  4.4754E-03
  8.7286E+02  3.0420E-03  4.8141E-03
  8.7356E+02  3.1915E-03  5.1490E-03
  8.7425E+02  3.3431E-03  5.4799E-03
  8.7494E+02  3.4970E-03  5.8069E-03
  8.7564E+02  3.6531E-03  6.1300E-03
  8.7633E+02  3.8116E-03  6.4490E-03
  8.7703E+02  3.9724E-03  6.7640E-03
  8.7772E+02  4.1356E-03  7.0749E-03
  8.7842E+02  4.3013E-03  7.3817E-03
  8.7911E+02  4.4695E-03  7.6844E-03
  8.7980E+02  4.6404E-03  7.9829E-03
  8.8050E+02  4.8140E-03  8.2772E-03
  8.8119E+02  4.9903E-03  8.5673E-03
  8.8189E+02  5.1694E-03  8.8531E-03
  8.8258E+02  5.3513E-03  9.1345E-03
  8.8328E+02  5.5359E-03  9.4116E-03
  8.8397E+02  5.7234E-03  9.6844E-03
  8.8467E+02  5.9135E-03  9.9527E-03
  8.8536E+02  6.1063E-03  1.0217E-02
  8.8605E+02  6.3017E-03  1.0476E-02
  8.8675E+02  6.4995E-03  1.0731E-02
  8.8744E+02  6.6997E-03  1.0981E-02
  8.8814E+02  6.9020E-03  1.1227E-02
  8.8883E+02  7.1064E-03  1.1468E-02
  8.8953E+02  7.3125E-03  1.1705E-02
  8.9022E+02  7.5204E-03  1.1937E-02
  8.9092E+02  7.7298E-03  1.2165E-02
  8.9161E+02  7.9406E-03  1.2387E-02
  8.9230E+02  8.1525E-03  1.2606E-02
  8.9300E+02  8.3655E-03  1.2819E-02
  8.9369E+02  8.5794E-03  1.3028E-02
  8.9439E+02  8.7941E-03  1.3232E-02
  8.9508E+02  9.0096E-03  1.3431E-02
  8.9578E+02  9.2257E-03  1.3626E-02
  8.9647E+02  9.4425E-03  1.3816E-02
  8.9716E+02  9.6599E-03  1.4001E-02
  8.9786E+02  9.8780E-03  1.4182E-02
  8.9855E+02  1.0097E-02  1.4358E-02
  8.9925E+02  1.0316E-02  1.4529E-02
  8.9994E+02  1.0536E-02  1.4695E-02
  9.0064E+02  1.0757E-02  1.4857E-02
  9.0133E+02  1.0980E-02  1.5014E-02
  9.0203E+02  1.1203E-02  1.5166E-02
  9.0272E+02  1.1427E-02  1.5313E-02
  9.0341E+02  1.1653E-02  1.5456E-02
  9.0411E+02  1.1879E-02  1.5594E-02
  9.0480E+02  1.2108E-02  1.5727E-02
  9.0550E+02  1.2337E-02  1.5855E-02
  9.0619E+02  1.2568E-02  1.5979E-02
  9.0689E+02  1.2800E-02  1.6097E-02
  9.0758E+02  1.3034E-02  1.6211E-02
  9.0828E+02  1.3269E-02  1.6320E-02
  9.0897E+02  1.3505E-02  1.6424E-02
  9.0966E+02  1.3742E-02  1.6524E-02
  9.1036E+02  1.3980E-02  1.6618E-02
  9.1105E+02  1.4219E-02  1.6708E-02
  9.1175E+02  1.4459E-02  1.6793E-02
  9.1244E+02  1.4699E-02  1.6873E-02
  9.1314E+02  1.4939E-02  1.6949E-02
  9.1383E+02  1.5179E-02  1.7019E-02
  9.1452E+02  1.5418E-02  1.7085E-02
  9.1522E+02  1.5658E-02  1.7146E-02
  9.1591E+02  1.5897E-02  1.7202E-02
  9.1661E+02  1.6135E-02  1.7254E-02
  9.1730E+02  1.6373E-02  1.7300E-02
  9.1800E+02  1.6609E-02  1.7342E-02
  9.1869E+02  1.6845E-02  1.7380E-02
  9.1939E+02  1.7079E-02  1.7412E-02
  9.2008E+02  1.7313E-02  1.7441E-02
  9.2077E+02  1.7546E-02  1.7464E-02
  9.2147E+02  1.7777E-02  1.7483E-02
  9.2216E+02  1.8008E-02  1.7497E-02
  9.2286E+02  1.8238E-02  1.7507E-02
  9.2355E+02  1.8468E-02  1.7512E-02
  9.2425E+02  1.8697E-02  1.7513E-02
  9.2494E+02  1.8925E-02  1.7509E-02
  9.2564E+02  1.9153E-02  1.7501E-02
  9.2633E+02  1.9381E-02  1.7488E-02
  9.2702E+02  1.9609E-02  1.7471E-02
  9.2772E+02  1.9837E-02  1.7449E-02
  9.2841E+02  2.0065E-02  1.7423E-02
  9.2911E+02  2.0294E-02  1.7393E-02
  9.2980E+02  2.0522E-02  1.7358E-02
  9.3050E+02  2.0750E-02  1.7319E-02
  9.3119E+02  2.0978E-02  1.7275E-02
  9.3188E+02  2.1207E-02  1.7228E-02
  9.3258E+02  2.1435E-02  1.7175E-02
  9.3327E+02  2.1662E-02  1.7119E-02
  9.3397E+02  2.1890E-02  1.7058E-02
  9.3466E+02  2.2116E-02  1.6993E-02
  9.3536E+02  2.2342E-02  1.6924E-02
  9.3605E+02  2.2566E-02  1.6851E-02
  9.3675E+02  2.2789E-02  1.6773E-02
  9.3744E+02  2.3011E-02  1.6692E-02
  9.3813E+02  2.3230E-02  1.6606E-02
  9.3883E+02  2.3448E-02  1.6516E-02
  9.3952E+02  2.3664E-02  1.6422E-02
  9.4022E+02  2.3878E-02  1.6325E-02
  9.4091E+02  2.4089E-02  1.6223E-02
  9.4161E+02  2.4298E-02  1.6117E-02
  9.4230E+02  2.4504E-02  1.6008E-02
  9.4300E+02  2.4709E-02  1.5895E-02
  9.4369E+02  2.4911E-02  1.5778E-02
  9.4438E+02  2.5110E-02  1.5657E-02
  9.4508E+02  2.5308E-02  1.5533E-02
  9.4577E+02  2.5503E-02  1.5405E-02
  9.4647E+02  2.5697E-02  1.5273E-02
  9.4716E+02  2.5888E-02  1.5138E-02
  9.4786E+02  2.6078E-02  1.4999E-02
  9.4855E+02  2.6267E-02  1.4857E-02
  9.4924E+02  2.6454E-02  1.4711E-02
  9.4994E+02  2.6641E-02  1.4562E-02
  9.5063E+02  2.6826E-02  1.4410E-02
  9.5133E+02  2.7010E-02  1.4254E-02
  9.5202E+02  2.7193E-02  1.4095E-02
  9.5272E+02  2.7375E-02  1.3932E-02
  9.5341E+02  2.7556E-02  1.3766E-02
  9.5411E+02  2.7737E-02  1.3597E-02
  9.5480E+02  2.7916E-02  1.3425E-02
  9.5549E+02  2.8094E-02  1.3250E-02
  9.5619E+02  2.8271E-02  1.3072E-02
  9.5688E+02  2.8446E-02  1.2890E-02
  9.5758E+02  2.8619E-02  1.2706E-02
  9.5827E+02  2.8791E-02  1.2518E-02
  9.5897E+02  2.8961E-02  1.2327E-02
  9.5966E+02  2.9128E-02  1.2134E-02
  9.6036E+02  2.9293E-02  1.1938E-02
  9.6105E+02  2.9456E-02  1.1738E-02
  9.6174E+02  2.9615E-02  1.1536E-02
  9.6244E+02  2.9772E-02  1.1332E-02
  9.6313E+02  2.9925E-02  1.1124E-02
  9.6383E+02  3.0076E-02  1.0914E-02
  9.6452E+02  3.0223E-02  1.0702E-02
  9.6522E+02  3.0366E-02  1.0487E-02
  9.6591E+02  3.0507E-02  1.0269E-02
  9.6660E+02  3.0644E-02  1.0050E-02
  9.6730E+02  3.0778E-02  9.8273E-03
  9.6799E+02  3.0909E-02  9.6028E-03
  9.6869E+02  3.1037E-02  9.3760E-03
  9.6938E+02  3.1162E-02  9.1471E-03
  9.7008E+02  3.1285E-02  8.9160E-03
  9.7077E+02  3.1405E-02  8.6828E-03
  9.7147E+02  3.1522E-02  8.4476E-03
  9.7216E+02  3.1638E-02  8.2103E-03
  9.7285E+02  3.1751E-02  7.9712E-03
  9.7355E+02  3.1863E-02  7.7301E-03
  9.7424E+02  3.1972E-02  7.4871E-03
  9.7494E+02  3.2080E-02  7.2423E-03
  9.7563E+02  3.2187E-02  6.9957E-03
  9.7633E+02  3.2291E-02  6.7473E-03
  9.7702E+02  3.2394E-02  6.4972E-03
  9.7772E+02  3.2496E-02  6.2455E-03
  9.7841E+02  3.2596E-02  5.9921E-03
  9.7910E+02  3.2694E-02  5.7372E-03
  9.7980E+02  3.2790E-02  5.4806E-03
  9.8049E+02  3.2884E-02  5.2226E-03
  9.8119E+02  3.2976E-02  4.9631E-03
  9.8188E+02  3.3066E-02  4.7022E-03
  9.8258E+02  3.3153E-02  4.4399E-03
  9.8327E+02  3.3237E-02  4.1763E-03
  9.8396E+02  3.3319E-02  3.9115E-03
  9.8466E+02  3.3398E-02  3.6454E-03
  9.8535E+02  3.3473E-02  3.3782E-03
  9.8605E+02  3.3545E-02  3.1098E-03
  9.8674E+02  3.3614E-02  2.8404E-03
  9.8744E+02  3.3679E-02  2.5700E-03
  9.8813E+02  3.3741E-02  2.2987E-03
  9.8883E+02  3.3799E-02  2.0265E-03
  9.8952E+02  3.3853E-02  1.7535E-03
  9.9021E+02  3.3904E-02  1.4797E-03
  9.9091E+02  3.3952E-02  1.2052E-03
  9.9160E+02  3.3996E-02  9.2999E-04
  9.9230E+02  3.4037E-02  6.5423E-04
  9.9299E+02  3.4074E-02  3.7793E-04
  9.9369E+02  3.4109E-02  1.0113E-04
  9.9438E+02  3.4140E-02 -1.7612E-04
  9.9508E+02  3.4169E-02 -4.5377E-04
  9.9577E+02  3.4196E-02 -7.3177E-04
  9.9646E+02  3.4220E-02 -1.0101E-03
  9.9716E+02  3.4241E-02 -1.2886E-03
  9.9785E+02  3.4261E-02 -1.5674E-03
  9.9855E+02  3.4278E-02 -1.8464E-03
  9.9924E+02  3.4294E-02 -2.1255E-03
  9.9994E+02  3.4307E-02 -2.4047E-03
