# CREATED BY GENE DIAGNOSTICS TOOL on Sat Dec 12 21:43:40 2020
# diag: gamdiag, run(s): 0026, time window: 0-1500(1558 steps), species: ions
# original data path: /marconi_scratch/userexternal/cmoreno0/GAM_HP_scan/LHD_s0.25_alpha-pi10_npol3_nz0768/
# normalization: L_ref=1.65m
#
# xind= 0, x/a= 0.5, q= 2.1464562
# Fit:    0.049556474,40.025696,6.9050999
# Analytic (Gao, Zhou/Yu): 0.078523524,0.35153249,4.2742405
#  t          Re[phi]     Im[phi]   
  0.0000E+00  9.9998E-01  0.0000E+00
  9.6400E-01  9.0126E-01  8.3667E-04
  1.9280E+00  7.8183E-01  1.4362E-03
  2.8920E+00  6.3775E-01  1.9093E-03
  3.8560E+00  4.8919E-01  2.1791E-03
  4.8200E+00  3.6077E-01  2.2406E-03
  5.7840E+00  2.5935E-01  2.0977E-03
  6.7480E+00  1.8550E-01  1.8021E-03
  7.7120E+00  1.3521E-01  1.4232E-03
  8.6760E+00  1.0280E-01  1.0357E-03
  9.6400E+00  8.2982E-02  6.9985E-04
  1.0604E+01  7.1358E-02  4.3340E-04
  1.1568E+01  6.4856E-02  2.6629E-04
  1.2532E+01  6.1878E-02  1.9344E-04
  1.3496E+01  6.0490E-02  1.2256E-04
  1.4460E+01  5.7229E-02  1.9022E-04
  1.5424E+01  5.5953E-02  2.1638E-04
  1.6388E+01  5.7362E-02  2.7818E-04
  1.7352E+01  5.8177E-02  3.9351E-04
  1.8316E+01  5.8596E-02  5.7042E-04
  1.9280E+01  5.8617E-02  7.9455E-04
  2.0244E+01  5.8590E-02  1.0417E-03
  2.1208E+01  5.6184E-02  1.2209E-03
  2.2172E+01  5.2055E-02  1.3189E-03
  2.3136E+01  4.5634E-02  1.3013E-03
  2.4100E+01  3.6836E-02  1.1406E-03
  2.5064E+01  2.6242E-02  8.6863E-04
  2.6028E+01  1.4701E-02  5.1835E-04
  2.6992E+01  2.8980E-03  1.4306E-04
  2.7956E+01 -8.0864E-03 -2.1685E-04
  2.8920E+01 -1.7015E-02 -5.5305E-04
  2.9884E+01 -2.3863E-02 -8.1262E-04
  3.0848E+01 -2.7962E-02 -9.7980E-04
  3.1812E+01 -3.0064E-02 -1.0442E-03
  3.2776E+01 -2.9971E-02 -1.0238E-03
  3.3740E+01 -2.7727E-02 -9.2515E-04
  3.4704E+01 -2.3843E-02 -7.7817E-04
  3.5668E+01 -1.8153E-02 -5.7663E-04
  3.6632E+01 -1.1959E-02 -3.6045E-04
  3.7596E+01 -5.1599E-03 -1.4089E-04
  3.8560E+01  1.0040E-03  1.0249E-04
  3.9524E+01  6.8505E-03  2.9416E-04
  4.0488E+01  1.2177E-02  5.1160E-04
  4.1452E+01  1.7350E-02  6.8774E-04
  4.2416E+01  2.2577E-02  8.4064E-04
  4.3380E+01  2.7897E-02  9.8262E-04
  4.4344E+01  3.2711E-02  1.1023E-03
  4.5308E+01  3.7135E-02  1.2067E-03
  4.6272E+01  4.0520E-02  1.3011E-03
  4.7236E+01  4.3357E-02  1.3642E-03
  4.8200E+01  4.5570E-02  1.4377E-03
  4.9164E+01  4.7658E-02  1.4925E-03
  5.0128E+01  4.9882E-02  1.5523E-03
  5.1092E+01  5.2029E-02  1.6007E-03
  5.2056E+01  5.4153E-02  1.6402E-03
  5.3020E+01  5.6195E-02  1.6814E-03
  5.3984E+01  5.7891E-02  1.7239E-03
  5.4948E+01  5.9316E-02  1.7550E-03
  5.5912E+01  6.0183E-02  1.7750E-03
  5.6876E+01  6.0591E-02  1.7765E-03
  5.7840E+01  6.0780E-02  1.7678E-03
  5.8804E+01  6.0884E-02  1.7521E-03
  5.9768E+01  6.0860E-02  1.7362E-03
  6.0732E+01  6.0622E-02  1.7044E-03
  6.1696E+01  6.0169E-02  1.6496E-03
  6.2660E+01  5.9452E-02  1.5833E-03
  6.3624E+01  5.8582E-02  1.5096E-03
  6.4588E+01  5.7622E-02  1.4386E-03
  6.5552E+01  5.6644E-02  1.3773E-03
  6.6516E+01  5.5643E-02  1.3228E-03
  6.7480E+01  5.4659E-02  1.2688E-03
  6.8444E+01  5.3642E-02  1.2134E-03
  6.9408E+01  5.2543E-02  1.1596E-03
  7.0372E+01  5.1315E-02  1.1022E-03
  7.1336E+01  5.0072E-02  1.0563E-03
  7.2300E+01  4.8923E-02  1.0189E-03
  7.3264E+01  4.8002E-02  9.9840E-04
  7.4228E+01  4.7302E-02  9.9098E-04
  7.5192E+01  4.6732E-02  9.8937E-04
  7.6156E+01  4.6151E-02  9.9078E-04
  7.7120E+01  4.5429E-02  9.8616E-04
  7.8084E+01  4.4670E-02  9.8155E-04
  7.9048E+01  4.3975E-02  9.7660E-04
  8.0012E+01  4.3519E-02  9.7970E-04
  8.0976E+01  4.3350E-02  9.9259E-04
  8.1940E+01  4.3434E-02  1.0172E-03
  8.2904E+01  4.3644E-02  1.0503E-03
  8.3868E+01  4.3870E-02  1.0874E-03
  8.4832E+01  4.4087E-02  1.1250E-03
  8.5796E+01  4.4318E-02  1.1598E-03
  8.6760E+01  4.4623E-02  1.1938E-03
  8.7724E+01  4.5006E-02  1.2245E-03
  8.8688E+01  4.5475E-02  1.2567E-03
  8.9652E+01  4.5962E-02  1.2863E-03
  9.0616E+01  4.6456E-02  1.3180E-03
  9.1580E+01  4.6894E-02  1.3492E-03
  9.2544E+01  4.7282E-02  1.3803E-03
  9.3508E+01  4.7642E-02  1.4099E-03
  9.4472E+01  4.8038E-02  1.4392E-03
  9.5436E+01  4.8496E-02  1.4674E-03
  9.6400E+01  4.8983E-02  1.4947E-03
  9.7364E+01  4.9416E-02  1.5205E-03
  9.8328E+01  4.9726E-02  1.5443E-03
  9.9292E+01  4.9903E-02  1.5657E-03
  1.0026E+02  4.9984E-02  1.5845E-03
  1.0122E+02  4.9986E-02  1.5996E-03
  1.0218E+02  4.9899E-02  1.6100E-03
  1.0315E+02  4.9704E-02  1.6164E-03
  1.0411E+02  4.9407E-02  1.6188E-03
  1.0508E+02  4.9065E-02  1.6195E-03
  1.0604E+02  4.8721E-02  1.6180E-03
  1.0700E+02  4.8389E-02  1.6165E-03
  1.0797E+02  4.8027E-02  1.6153E-03
  1.0893E+02  4.7597E-02  1.6150E-03
  1.0990E+02  4.7102E-02  1.6153E-03
  1.1086E+02  4.6615E-02  1.6160E-03
  1.1182E+02  4.6215E-02  1.6161E-03
  1.1279E+02  4.5943E-02  1.6154E-03
  1.1375E+02  4.5766E-02  1.6140E-03
  1.1472E+02  4.5604E-02  1.6117E-03
  1.1568E+02  4.5409E-02  1.6088E-03
  1.1664E+02  4.5197E-02  1.6049E-03
  1.1761E+02  4.5053E-02  1.6008E-03
  1.1857E+02  4.5046E-02  1.5968E-03
  1.1954E+02  4.5190E-02  1.5937E-03
  1.2050E+02  4.5425E-02  1.5915E-03
  1.2146E+02  4.5674E-02  1.5904E-03
  1.2243E+02  4.5889E-02  1.5898E-03
  1.2339E+02  4.6085E-02  1.5898E-03
  1.2436E+02  4.6310E-02  1.5906E-03
  1.2532E+02  4.6605E-02  1.5920E-03
  1.2628E+02  4.6984E-02  1.5945E-03
  1.2725E+02  4.7412E-02  1.5978E-03
  1.2821E+02  4.7835E-02  1.6021E-03
  1.2918E+02  4.8199E-02  1.6072E-03
  1.3014E+02  4.8481E-02  1.6129E-03
  1.3110E+02  4.8700E-02  1.6195E-03
  1.3207E+02  4.8898E-02  1.6270E-03
  1.3303E+02  4.9106E-02  1.6354E-03
  1.3400E+02  4.9327E-02  1.6449E-03
  1.3496E+02  4.9526E-02  1.6551E-03
  1.3592E+02  4.9659E-02  1.6659E-03
  1.3689E+02  4.9701E-02  1.6770E-03
  1.3785E+02  4.9651E-02  1.6882E-03
  1.3882E+02  4.9528E-02  1.6993E-03
  1.3978E+02  4.9356E-02  1.7100E-03
  1.4074E+02  4.9150E-02  1.7206E-03
  1.4171E+02  4.8909E-02  1.7310E-03
  1.4267E+02  4.8628E-02  1.7411E-03
  1.4364E+02  4.8306E-02  1.7509E-03
  1.4460E+02  4.7946E-02  1.7604E-03
  1.4556E+02  4.7553E-02  1.7696E-03
  1.4653E+02  4.7128E-02  1.7783E-03
  1.4749E+02  4.6672E-02  1.7867E-03
  1.4846E+02  4.6189E-02  1.7947E-03
  1.4942E+02  4.5697E-02  1.8025E-03
  1.5038E+02  4.5212E-02  1.8101E-03
  1.5135E+02  4.4746E-02  1.8175E-03
  1.5231E+02  4.4293E-02  1.8247E-03
  1.5328E+02  4.3847E-02  1.8317E-03
  1.5424E+02  4.3406E-02  1.8385E-03
  1.5520E+02  4.2976E-02  1.8453E-03
  1.5617E+02  4.2563E-02  1.8520E-03
  1.5713E+02  4.2176E-02  1.8588E-03
  1.5810E+02  4.1829E-02  1.8657E-03
  1.5906E+02  4.1533E-02  1.8728E-03
  1.6002E+02  4.1296E-02  1.8801E-03
  1.6099E+02  4.1109E-02  1.8878E-03
  1.6195E+02  4.0951E-02  1.8958E-03
  1.6292E+02  4.0814E-02  1.9043E-03
  1.6388E+02  4.0712E-02  1.9131E-03
  1.6484E+02  4.0665E-02  1.9224E-03
  1.6581E+02  4.0683E-02  1.9321E-03
  1.6677E+02  4.0755E-02  1.9424E-03
  1.6774E+02  4.0858E-02  1.9531E-03
  1.6870E+02  4.0975E-02  1.9642E-03
  1.6966E+02  4.1108E-02  1.9757E-03
  1.7063E+02  4.1268E-02  1.9877E-03
  1.7159E+02  4.1459E-02  1.9999E-03
  1.7256E+02  4.1677E-02  2.0123E-03
  1.7352E+02  4.1916E-02  2.0248E-03
  1.7448E+02  4.2167E-02  2.0374E-03
  1.7545E+02  4.2430E-02  2.0500E-03
  1.7641E+02  4.2703E-02  2.0625E-03
  1.7738E+02  4.2982E-02  2.0751E-03
  1.7834E+02  4.3254E-02  2.0875E-03
  1.7930E+02  4.3509E-02  2.0998E-03
  1.8027E+02  4.3743E-02  2.1119E-03
  1.8123E+02  4.3967E-02  2.1238E-03
  1.8220E+02  4.4193E-02  2.1354E-03
  1.8316E+02  4.4422E-02  2.1467E-03
  1.8412E+02  4.4637E-02  2.1576E-03
  1.8509E+02  4.4816E-02  2.1682E-03
  1.8605E+02  4.4956E-02  2.1785E-03
  1.8702E+02  4.5075E-02  2.1884E-03
  1.8798E+02  4.5193E-02  2.1979E-03
  1.8894E+02  4.5316E-02  2.2070E-03
  1.8991E+02  4.5430E-02  2.2156E-03
  1.9087E+02  4.5521E-02  2.2239E-03
  1.9184E+02  4.5586E-02  2.2317E-03
  1.9280E+02  4.5637E-02  2.2391E-03
  1.9376E+02  4.5685E-02  2.2461E-03
  1.9473E+02  4.5731E-02  2.2528E-03
  1.9569E+02  4.5767E-02  2.2592E-03
  1.9666E+02  4.5789E-02  2.2652E-03
  1.9762E+02  4.5798E-02  2.2710E-03
  1.9858E+02  4.5797E-02  2.2765E-03
  1.9955E+02  4.5784E-02  2.2817E-03
  2.0051E+02  4.5759E-02  2.2867E-03
  2.0148E+02  4.5724E-02  2.2916E-03
  2.0244E+02  4.5683E-02  2.2964E-03
  2.0340E+02  4.5642E-02  2.3012E-03
  2.0437E+02  4.5595E-02  2.3060E-03
  2.0533E+02  4.5534E-02  2.3108E-03
  2.0630E+02  4.5452E-02  2.3158E-03
  2.0726E+02  4.5352E-02  2.3208E-03
  2.0822E+02  4.5244E-02  2.3261E-03
  2.0919E+02  4.5142E-02  2.3316E-03
  2.1015E+02  4.5051E-02  2.3374E-03
  2.1112E+02  4.4963E-02  2.3435E-03
  2.1208E+02  4.4868E-02  2.3499E-03
  2.1304E+02  4.4764E-02  2.3566E-03
  2.1401E+02  4.4661E-02  2.3636E-03
  2.1497E+02  4.4578E-02  2.3711E-03
  2.1594E+02  4.4524E-02  2.3788E-03
  2.1690E+02  4.4492E-02  2.3870E-03
  2.1786E+02  4.4467E-02  2.3955E-03
  2.1883E+02  4.4442E-02  2.4042E-03
  2.1979E+02  4.4423E-02  2.4132E-03
  2.2076E+02  4.4425E-02  2.4225E-03
  2.2172E+02  4.4452E-02  2.4319E-03
  2.2268E+02  4.4495E-02  2.4416E-03
  2.2365E+02  4.4538E-02  2.4515E-03
  2.2461E+02  4.4575E-02  2.4614E-03
  2.2558E+02  4.4610E-02  2.4714E-03
  2.2654E+02  4.4652E-02  2.4815E-03
  2.2750E+02  4.4705E-02  2.4916E-03
  2.2847E+02  4.4761E-02  2.5017E-03
  2.2943E+02  4.4813E-02  2.5118E-03
  2.3040E+02  4.4855E-02  2.5218E-03
  2.3136E+02  4.4886E-02  2.5318E-03
  2.3232E+02  4.4911E-02  2.5417E-03
  2.3329E+02  4.4934E-02  2.5516E-03
  2.3425E+02  4.4957E-02  2.5614E-03
  2.3522E+02  4.4979E-02  2.5711E-03
  2.3618E+02  4.4992E-02  2.5807E-03
  2.3714E+02  4.4991E-02  2.5903E-03
  2.3811E+02  4.4974E-02  2.5997E-03
  2.3907E+02  4.4942E-02  2.6091E-03
  2.4004E+02  4.4899E-02  2.6182E-03
  2.4100E+02  4.4852E-02  2.6273E-03
  2.4196E+02  4.4802E-02  2.6362E-03
  2.4293E+02  4.4747E-02  2.6449E-03
  2.4389E+02  4.4682E-02  2.6535E-03
  2.4486E+02  4.4600E-02  2.6619E-03
  2.4582E+02  4.4502E-02  2.6701E-03
  2.4678E+02  4.4397E-02  2.6781E-03
  2.4775E+02  4.4295E-02  2.6860E-03
  2.4871E+02  4.4199E-02  2.6937E-03
  2.4968E+02  4.4101E-02  2.7012E-03
  2.5064E+02  4.3991E-02  2.7086E-03
  2.5160E+02  4.3867E-02  2.7159E-03
  2.5257E+02  4.3734E-02  2.7230E-03
  2.5353E+02  4.3602E-02  2.7300E-03
  2.5450E+02  4.3474E-02  2.7369E-03
  2.5546E+02  4.3345E-02  2.7437E-03
  2.5642E+02  4.3211E-02  2.7505E-03
  2.5739E+02  4.3070E-02  2.7572E-03
  2.5835E+02  4.2926E-02  2.7639E-03
  2.5932E+02  4.2784E-02  2.7705E-03
  2.6028E+02  4.2645E-02  2.7772E-03
  2.6124E+02  4.2509E-02  2.7839E-03
  2.6221E+02  4.2376E-02  2.7906E-03
  2.6317E+02  4.2247E-02  2.7974E-03
  2.6414E+02  4.2124E-02  2.8042E-03
  2.6510E+02  4.2007E-02  2.8111E-03
  2.6606E+02  4.1896E-02  2.8181E-03
  2.6703E+02  4.1792E-02  2.8252E-03
  2.6799E+02  4.1694E-02  2.8323E-03
  2.6896E+02  4.1602E-02  2.8396E-03
  2.6992E+02  4.1515E-02  2.8469E-03
  2.7088E+02  4.1435E-02  2.8543E-03
  2.7185E+02  4.1358E-02  2.8617E-03
  2.7281E+02  4.1284E-02  2.8692E-03
  2.7378E+02  4.1215E-02  2.8767E-03
  2.7474E+02  4.1151E-02  2.8843E-03
  2.7570E+02  4.1091E-02  2.8918E-03
  2.7667E+02  4.1032E-02  2.8993E-03
  2.7763E+02  4.0970E-02  2.9069E-03
  2.7860E+02  4.0904E-02  2.9144E-03
  2.7956E+02  4.0837E-02  2.9218E-03
  2.8052E+02  4.0774E-02  2.9292E-03
  2.8149E+02  4.0717E-02  2.9365E-03
  2.8245E+02  4.0659E-02  2.9438E-03
  2.8342E+02  4.0595E-02  2.9510E-03
  2.8438E+02  4.0524E-02  2.9581E-03
  2.8534E+02  4.0450E-02  2.9652E-03
  2.8631E+02  4.0380E-02  2.9721E-03
  2.8727E+02  4.0315E-02  2.9791E-03
  2.8824E+02  4.0250E-02  2.9859E-03
  2.8920E+02  4.0180E-02  2.9927E-03
  2.9016E+02  4.0104E-02  2.9994E-03
  2.9113E+02  4.0025E-02  3.0060E-03
  2.9209E+02  3.9946E-02  3.0126E-03
  2.9306E+02  3.9866E-02  3.0191E-03
  2.9402E+02  3.9782E-02  3.0256E-03
  2.9498E+02  3.9691E-02  3.0320E-03
  2.9595E+02  3.9593E-02  3.0384E-03
  2.9691E+02  3.9491E-02  3.0447E-03
  2.9788E+02  3.9387E-02  3.0510E-03
  2.9884E+02  3.9281E-02  3.0573E-03
  2.9980E+02  3.9172E-02  3.0635E-03
  3.0077E+02  3.9060E-02  3.0698E-03
  3.0173E+02  3.8945E-02  3.0760E-03
  3.0270E+02  3.8832E-02  3.0823E-03
  3.0366E+02  3.8722E-02  3.0886E-03
  3.0462E+02  3.8619E-02  3.0949E-03
  3.0559E+02  3.8520E-02  3.1012E-03
  3.0655E+02  3.8426E-02  3.1076E-03
  3.0752E+02  3.8338E-02  3.1141E-03
  3.0848E+02  3.8256E-02  3.1206E-03
  3.0944E+02  3.8181E-02  3.1271E-03
  3.1041E+02  3.8115E-02  3.1336E-03
  3.1137E+02  3.8055E-02  3.1402E-03
  3.1234E+02  3.8003E-02  3.1469E-03
  3.1330E+02  3.7959E-02  3.1535E-03
  3.1426E+02  3.7922E-02  3.1602E-03
  3.1523E+02  3.7890E-02  3.1669E-03
  3.1619E+02  3.7860E-02  3.1736E-03
  3.1716E+02  3.7832E-02  3.1803E-03
  3.1812E+02  3.7807E-02  3.1871E-03
  3.1908E+02  3.7788E-02  3.1938E-03
  3.2005E+02  3.7773E-02  3.2006E-03
  3.2101E+02  3.7758E-02  3.2073E-03
  3.2198E+02  3.7741E-02  3.2141E-03
  3.2294E+02  3.7721E-02  3.2209E-03
  3.2390E+02  3.7700E-02  3.2277E-03
  3.2487E+02  3.7681E-02  3.2344E-03
  3.2583E+02  3.7664E-02  3.2412E-03
  3.2680E+02  3.7647E-02  3.2480E-03
  3.2776E+02  3.7627E-02  3.2548E-03
  3.2872E+02  3.7604E-02  3.2616E-03
  3.2969E+02  3.7580E-02  3.2684E-03
  3.3065E+02  3.7557E-02  3.2752E-03
  3.3162E+02  3.7538E-02  3.2819E-03
  3.3258E+02  3.7520E-02  3.2886E-03
  3.3354E+02  3.7504E-02  3.2954E-03
  3.3451E+02  3.7487E-02  3.3020E-03
  3.3547E+02  3.7472E-02  3.3087E-03
  3.3644E+02  3.7459E-02  3.3153E-03
  3.3740E+02  3.7450E-02  3.3219E-03
  3.3836E+02  3.7444E-02  3.3285E-03
  3.3933E+02  3.7440E-02  3.3350E-03
  3.4029E+02  3.7436E-02  3.3415E-03
  3.4126E+02  3.7433E-02  3.3479E-03
  3.4222E+02  3.7430E-02  3.3543E-03
  3.4318E+02  3.7428E-02  3.3607E-03
  3.4415E+02  3.7425E-02  3.3671E-03
  3.4511E+02  3.7420E-02  3.3734E-03
  3.4608E+02  3.7413E-02  3.3797E-03
  3.4704E+02  3.7404E-02  3.3860E-03
  3.4800E+02  3.7391E-02  3.3923E-03
  3.4897E+02  3.7374E-02  3.3986E-03
  3.4993E+02  3.7353E-02  3.4048E-03
  3.5090E+02  3.7329E-02  3.4111E-03
  3.5186E+02  3.7302E-02  3.4173E-03
  3.5282E+02  3.7272E-02  3.4236E-03
  3.5379E+02  3.7239E-02  3.4299E-03
  3.5475E+02  3.7202E-02  3.4361E-03
  3.5572E+02  3.7162E-02  3.4424E-03
  3.5668E+02  3.7122E-02  3.4487E-03
  3.5764E+02  3.7081E-02  3.4550E-03
  3.5861E+02  3.7042E-02  3.4613E-03
  3.5957E+02  3.7003E-02  3.4677E-03
  3.6054E+02  3.6964E-02  3.4740E-03
  3.6150E+02  3.6925E-02  3.4804E-03
  3.6246E+02  3.6888E-02  3.4867E-03
  3.6343E+02  3.6852E-02  3.4931E-03
  3.6439E+02  3.6819E-02  3.4994E-03
  3.6536E+02  3.6789E-02  3.5058E-03
  3.6632E+02  3.6761E-02  3.5121E-03
  3.6728E+02  3.6734E-02  3.5184E-03
  3.6825E+02  3.6708E-02  3.5247E-03
  3.6921E+02  3.6684E-02  3.5310E-03
  3.7018E+02  3.6663E-02  3.5373E-03
  3.7114E+02  3.6645E-02  3.5435E-03
  3.7210E+02  3.6628E-02  3.5497E-03
  3.7307E+02  3.6613E-02  3.5559E-03
  3.7403E+02  3.6600E-02  3.5621E-03
  3.7500E+02  3.6587E-02  3.5683E-03
  3.7596E+02  3.6575E-02  3.5744E-03
  3.7692E+02  3.6565E-02  3.5806E-03
  3.7789E+02  3.6555E-02  3.5867E-03
  3.7885E+02  3.6545E-02  3.5928E-03
  3.7982E+02  3.6535E-02  3.5989E-03
  3.8078E+02  3.6525E-02  3.6050E-03
  3.8174E+02  3.6512E-02  3.6111E-03
  3.8271E+02  3.6499E-02  3.6172E-03
  3.8367E+02  3.6484E-02  3.6232E-03
  3.8464E+02  3.6467E-02  3.6293E-03
  3.8560E+02  3.6449E-02  3.6353E-03
  3.8656E+02  3.6428E-02  3.6413E-03
  3.8753E+02  3.6403E-02  3.6472E-03
  3.8849E+02  3.6376E-02  3.6532E-03
  3.8946E+02  3.6347E-02  3.6591E-03
  3.9042E+02  3.6317E-02  3.6650E-03
  3.9138E+02  3.6284E-02  3.6709E-03
  3.9235E+02  3.6249E-02  3.6767E-03
  3.9331E+02  3.6213E-02  3.6825E-03
  3.9428E+02  3.6174E-02  3.6883E-03
  3.9524E+02  3.6134E-02  3.6940E-03
  3.9620E+02  3.6094E-02  3.6997E-03
  3.9717E+02  3.6054E-02  3.7054E-03
  3.9813E+02  3.6013E-02  3.7110E-03
  3.9910E+02  3.5973E-02  3.7166E-03
  4.0006E+02  3.5932E-02  3.7222E-03
  4.0102E+02  3.5892E-02  3.7277E-03
  4.0199E+02  3.5852E-02  3.7332E-03
  4.0295E+02  3.5813E-02  3.7387E-03
  4.0392E+02  3.5775E-02  3.7441E-03
  4.0488E+02  3.5738E-02  3.7496E-03
  4.0584E+02  3.5701E-02  3.7549E-03
  4.0681E+02  3.5665E-02  3.7603E-03
  4.0777E+02  3.5630E-02  3.7657E-03
  4.0874E+02  3.5595E-02  3.7710E-03
  4.0970E+02  3.5560E-02  3.7763E-03
  4.1066E+02  3.5526E-02  3.7816E-03
  4.1163E+02  3.5493E-02  3.7869E-03
  4.1259E+02  3.5460E-02  3.7921E-03
  4.1356E+02  3.5427E-02  3.7974E-03
  4.1452E+02  3.5395E-02  3.8027E-03
  4.1548E+02  3.5363E-02  3.8080E-03
  4.1645E+02  3.5331E-02  3.8132E-03
  4.1741E+02  3.5299E-02  3.8185E-03
  4.1838E+02  3.5268E-02  3.8238E-03
  4.1934E+02  3.5237E-02  3.8290E-03
  4.2030E+02  3.5206E-02  3.8343E-03
  4.2127E+02  3.5175E-02  3.8396E-03
  4.2223E+02  3.5145E-02  3.8449E-03
  4.2320E+02  3.5114E-02  3.8502E-03
  4.2416E+02  3.5084E-02  3.8555E-03
  4.2512E+02  3.5054E-02  3.8608E-03
  4.2609E+02  3.5023E-02  3.8661E-03
  4.2705E+02  3.4992E-02  3.8713E-03
  4.2802E+02  3.4961E-02  3.8766E-03
  4.2898E+02  3.4930E-02  3.8819E-03
  4.2994E+02  3.4898E-02  3.8872E-03
  4.3091E+02  3.4866E-02  3.8924E-03
  4.3187E+02  3.4833E-02  3.8977E-03
  4.3284E+02  3.4799E-02  3.9029E-03
  4.3380E+02  3.4765E-02  3.9081E-03
  4.3476E+02  3.4730E-02  3.9133E-03
  4.3573E+02  3.4695E-02  3.9185E-03
  4.3669E+02  3.4658E-02  3.9237E-03
  4.3766E+02  3.4621E-02  3.9288E-03
  4.3862E+02  3.4583E-02  3.9340E-03
  4.3958E+02  3.4544E-02  3.9391E-03
  4.4055E+02  3.4505E-02  3.9443E-03
  4.4151E+02  3.4465E-02  3.9494E-03
  4.4248E+02  3.4424E-02  3.9545E-03
  4.4344E+02  3.4383E-02  3.9596E-03
  4.4440E+02  3.4342E-02  3.9647E-03
  4.4537E+02  3.4301E-02  3.9697E-03
  4.4633E+02  3.4260E-02  3.9748E-03
  4.4730E+02  3.4219E-02  3.9799E-03
  4.4826E+02  3.4178E-02  3.9849E-03
  4.4922E+02  3.4138E-02  3.9900E-03
  4.5019E+02  3.4099E-02  3.9951E-03
  4.5115E+02  3.4060E-02  4.0001E-03
  4.5212E+02  3.4021E-02  4.0052E-03
  4.5308E+02  3.3983E-02  4.0103E-03
  4.5404E+02  3.3946E-02  4.0153E-03
  4.5501E+02  3.3909E-02  4.0204E-03
  4.5597E+02  3.3874E-02  4.0254E-03
  4.5694E+02  3.3839E-02  4.0305E-03
  4.5790E+02  3.3804E-02  4.0355E-03
  4.5886E+02  3.3769E-02  4.0406E-03
  4.5983E+02  3.3735E-02  4.0456E-03
  4.6079E+02  3.3701E-02  4.0507E-03
  4.6176E+02  3.3668E-02  4.0557E-03
  4.6272E+02  3.3635E-02  4.0608E-03
  4.6368E+02  3.3601E-02  4.0658E-03
  4.6465E+02  3.3568E-02  4.0708E-03
  4.6561E+02  3.3534E-02  4.0758E-03
  4.6658E+02  3.3500E-02  4.0808E-03
  4.6754E+02  3.3467E-02  4.0858E-03
  4.6850E+02  3.3434E-02  4.0908E-03
  4.6947E+02  3.3400E-02  4.0958E-03
  4.7043E+02  3.3366E-02  4.1007E-03
  4.7140E+02  3.3333E-02  4.1056E-03
  4.7236E+02  3.3300E-02  4.1106E-03
  4.7332E+02  3.3267E-02  4.1155E-03
  4.7429E+02  3.3234E-02  4.1204E-03
  4.7525E+02  3.3201E-02  4.1252E-03
  4.7622E+02  3.3168E-02  4.1301E-03
  4.7718E+02  3.3136E-02  4.1349E-03
  4.7814E+02  3.3104E-02  4.1398E-03
  4.7911E+02  3.3072E-02  4.1446E-03
  4.8007E+02  3.3040E-02  4.1494E-03
  4.8104E+02  3.3008E-02  4.1541E-03
  4.8200E+02  3.2976E-02  4.1589E-03
  4.8296E+02  3.2945E-02  4.1636E-03
  4.8393E+02  3.2913E-02  4.1683E-03
  4.8489E+02  3.2881E-02  4.1730E-03
  4.8586E+02  3.2849E-02  4.1777E-03
  4.8682E+02  3.2817E-02  4.1824E-03
  4.8778E+02  3.2785E-02  4.1871E-03
  4.8875E+02  3.2752E-02  4.1917E-03
  4.8971E+02  3.2720E-02  4.1964E-03
  4.9068E+02  3.2687E-02  4.2010E-03
  4.9164E+02  3.2654E-02  4.2056E-03
  4.9260E+02  3.2621E-02  4.2103E-03
  4.9357E+02  3.2588E-02  4.2149E-03
  4.9453E+02  3.2555E-02  4.2195E-03
  4.9550E+02  3.2522E-02  4.2241E-03
  4.9646E+02  3.2489E-02  4.2287E-03
  4.9742E+02  3.2455E-02  4.2332E-03
  4.9839E+02  3.2422E-02  4.2378E-03
  4.9935E+02  3.2389E-02  4.2424E-03
  5.0032E+02  3.2356E-02  4.2470E-03
  5.0128E+02  3.2323E-02  4.2516E-03
  5.0224E+02  3.2290E-02  4.2561E-03
  5.0321E+02  3.2256E-02  4.2607E-03
  5.0417E+02  3.2223E-02  4.2652E-03
  5.0514E+02  3.2189E-02  4.2698E-03
  5.0610E+02  3.2156E-02  4.2743E-03
  5.0706E+02  3.2122E-02  4.2789E-03
  5.0803E+02  3.2088E-02  4.2834E-03
  5.0899E+02  3.2054E-02  4.2879E-03
  5.0996E+02  3.2021E-02  4.2924E-03
  5.1092E+02  3.1987E-02  4.2969E-03
  5.1188E+02  3.1953E-02  4.3014E-03
  5.1285E+02  3.1918E-02  4.3058E-03
  5.1381E+02  3.1884E-02  4.3103E-03
  5.1478E+02  3.1850E-02  4.3147E-03
  5.1574E+02  3.1816E-02  4.3191E-03
  5.1670E+02  3.1782E-02  4.3236E-03
  5.1767E+02  3.1748E-02  4.3280E-03
  5.1863E+02  3.1714E-02  4.3324E-03
  5.1960E+02  3.1681E-02  4.3367E-03
  5.2056E+02  3.1648E-02  4.3411E-03
  5.2152E+02  3.1615E-02  4.3454E-03
  5.2249E+02  3.1583E-02  4.3497E-03
  5.2345E+02  3.1551E-02  4.3541E-03
  5.2442E+02  3.1519E-02  4.3584E-03
  5.2538E+02  3.1487E-02  4.3626E-03
  5.2634E+02  3.1456E-02  4.3669E-03
  5.2731E+02  3.1425E-02  4.3711E-03
  5.2827E+02  3.1394E-02  4.3754E-03
  5.2924E+02  3.1363E-02  4.3796E-03
  5.3020E+02  3.1332E-02  4.3838E-03
  5.3116E+02  3.1301E-02  4.3879E-03
  5.3213E+02  3.1271E-02  4.3921E-03
  5.3309E+02  3.1240E-02  4.3962E-03
  5.3406E+02  3.1209E-02  4.4004E-03
  5.3502E+02  3.1178E-02  4.4045E-03
  5.3598E+02  3.1147E-02  4.4086E-03
  5.3695E+02  3.1116E-02  4.4127E-03
  5.3791E+02  3.1086E-02  4.4168E-03
  5.3888E+02  3.1055E-02  4.4209E-03
  5.3984E+02  3.1025E-02  4.4250E-03
  5.4080E+02  3.0994E-02  4.4290E-03
  5.4177E+02  3.0964E-02  4.4331E-03
  5.4273E+02  3.0934E-02  4.4372E-03
  5.4370E+02  3.0905E-02  4.4412E-03
  5.4466E+02  3.0876E-02  4.4453E-03
  5.4562E+02  3.0847E-02  4.4493E-03
  5.4659E+02  3.0819E-02  4.4534E-03
  5.4755E+02  3.0790E-02  4.4574E-03
  5.4852E+02  3.0763E-02  4.4614E-03
  5.4948E+02  3.0735E-02  4.4654E-03
  5.5044E+02  3.0708E-02  4.4695E-03
  5.5141E+02  3.0681E-02  4.4735E-03
  5.5237E+02  3.0654E-02  4.4775E-03
  5.5334E+02  3.0627E-02  4.4815E-03
  5.5430E+02  3.0601E-02  4.4854E-03
  5.5526E+02  3.0575E-02  4.4894E-03
  5.5623E+02  3.0548E-02  4.4934E-03
  5.5719E+02  3.0522E-02  4.4973E-03
  5.5816E+02  3.0495E-02  4.5013E-03
  5.5912E+02  3.0469E-02  4.5052E-03
  5.6008E+02  3.0443E-02  4.5092E-03
  5.6105E+02  3.0416E-02  4.5131E-03
  5.6201E+02  3.0390E-02  4.5170E-03
  5.6298E+02  3.0363E-02  4.5209E-03
  5.6394E+02  3.0336E-02  4.5248E-03
  5.6490E+02  3.0309E-02  4.5287E-03
  5.6587E+02  3.0283E-02  4.5326E-03
  5.6683E+02  3.0256E-02  4.5365E-03
  5.6780E+02  3.0229E-02  4.5403E-03
  5.6876E+02  3.0203E-02  4.5442E-03
  5.6972E+02  3.0176E-02  4.5480E-03
  5.7069E+02  3.0149E-02  4.5519E-03
  5.7165E+02  3.0123E-02  4.5557E-03
  5.7262E+02  3.0096E-02  4.5595E-03
  5.7358E+02  3.0070E-02  4.5633E-03
  5.7454E+02  3.0043E-02  4.5671E-03
  5.7551E+02  3.0017E-02  4.5709E-03
  5.7647E+02  2.9991E-02  4.5747E-03
  5.7744E+02  2.9965E-02  4.5784E-03
  5.7840E+02  2.9939E-02  4.5822E-03
  5.7936E+02  2.9913E-02  4.5859E-03
  5.8033E+02  2.9886E-02  4.5897E-03
  5.8129E+02  2.9860E-02  4.5934E-03
  5.8226E+02  2.9834E-02  4.5971E-03
  5.8322E+02  2.9808E-02  4.6008E-03
  5.8418E+02  2.9783E-02  4.6045E-03
  5.8515E+02  2.9757E-02  4.6082E-03
  5.8611E+02  2.9731E-02  4.6119E-03
  5.8708E+02  2.9705E-02  4.6156E-03
  5.8804E+02  2.9679E-02  4.6192E-03
  5.8900E+02  2.9653E-02  4.6229E-03
  5.8997E+02  2.9627E-02  4.6265E-03
  5.9093E+02  2.9602E-02  4.6302E-03
  5.9190E+02  2.9576E-02  4.6338E-03
  5.9286E+02  2.9550E-02  4.6374E-03
  5.9382E+02  2.9525E-02  4.6410E-03
  5.9479E+02  2.9500E-02  4.6446E-03
  5.9575E+02  2.9475E-02  4.6482E-03
  5.9672E+02  2.9449E-02  4.6518E-03
  5.9768E+02  2.9424E-02  4.6554E-03
  5.9864E+02  2.9400E-02  4.6590E-03
  5.9961E+02  2.9375E-02  4.6626E-03
  6.0057E+02  2.9351E-02  4.6662E-03
  6.0154E+02  2.9326E-02  4.6697E-03
  6.0250E+02  2.9302E-02  4.6733E-03
  6.0346E+02  2.9277E-02  4.6768E-03
  6.0443E+02  2.9253E-02  4.6804E-03
  6.0539E+02  2.9229E-02  4.6839E-03
  6.0636E+02  2.9205E-02  4.6874E-03
  6.0732E+02  2.9181E-02  4.6909E-03
  6.0828E+02  2.9158E-02  4.6944E-03
  6.0925E+02  2.9134E-02  4.6979E-03
  6.1021E+02  2.9111E-02  4.7014E-03
  6.1118E+02  2.9087E-02  4.7049E-03
  6.1214E+02  2.9063E-02  4.7084E-03
  6.1310E+02  2.9040E-02  4.7118E-03
  6.1407E+02  2.9016E-02  4.7153E-03
  6.1503E+02  2.8993E-02  4.7187E-03
  6.1600E+02  2.8969E-02  4.7221E-03
  6.1696E+02  2.8945E-02  4.7255E-03
  6.1792E+02  2.8922E-02  4.7289E-03
  6.1889E+02  2.8898E-02  4.7323E-03
  6.1985E+02  2.8874E-02  4.7357E-03
  6.2082E+02  2.8850E-02  4.7391E-03
  6.2178E+02  2.8825E-02  4.7424E-03
  6.2274E+02  2.8801E-02  4.7457E-03
  6.2371E+02  2.8777E-02  4.7491E-03
  6.2467E+02  2.8752E-02  4.7524E-03
  6.2564E+02  2.8727E-02  4.7557E-03
  6.2660E+02  2.8703E-02  4.7590E-03
  6.2756E+02  2.8678E-02  4.7623E-03
  6.2853E+02  2.8653E-02  4.7655E-03
  6.2949E+02  2.8628E-02  4.7688E-03
  6.3046E+02  2.8603E-02  4.7721E-03
  6.3142E+02  2.8579E-02  4.7753E-03
  6.3238E+02  2.8554E-02  4.7785E-03
  6.3335E+02  2.8529E-02  4.7818E-03
  6.3431E+02  2.8504E-02  4.7850E-03
  6.3528E+02  2.8480E-02  4.7882E-03
  6.3624E+02  2.8455E-02  4.7914E-03
  6.3720E+02  2.8431E-02  4.7946E-03
  6.3817E+02  2.8407E-02  4.7978E-03
  6.3913E+02  2.8383E-02  4.8010E-03
  6.4010E+02  2.8358E-02  4.8041E-03
  6.4106E+02  2.8335E-02  4.8073E-03
  6.4202E+02  2.8311E-02  4.8105E-03
  6.4299E+02  2.8287E-02  4.8136E-03
  6.4395E+02  2.8263E-02  4.8168E-03
  6.4492E+02  2.8240E-02  4.8199E-03
  6.4588E+02  2.8216E-02  4.8230E-03
  6.4684E+02  2.8193E-02  4.8262E-03
  6.4781E+02  2.8169E-02  4.8293E-03
  6.4877E+02  2.8146E-02  4.8324E-03
  6.4974E+02  2.8123E-02  4.8355E-03
  6.5070E+02  2.8099E-02  4.8386E-03
  6.5166E+02  2.8076E-02  4.8417E-03
  6.5263E+02  2.8052E-02  4.8448E-03
  6.5359E+02  2.8028E-02  4.8479E-03
  6.5456E+02  2.8005E-02  4.8509E-03
  6.5552E+02  2.7981E-02  4.8540E-03
  6.5648E+02  2.7957E-02  4.8570E-03
  6.5745E+02  2.7933E-02  4.8601E-03
  6.5841E+02  2.7910E-02  4.8631E-03
  6.5938E+02  2.7886E-02  4.8662E-03
  6.6034E+02  2.7862E-02  4.8692E-03
  6.6130E+02  2.7837E-02  4.8722E-03
  6.6227E+02  2.7813E-02  4.8752E-03
  6.6323E+02  2.7789E-02  4.8782E-03
  6.6420E+02  2.7765E-02  4.8812E-03
  6.6516E+02  2.7741E-02  4.8841E-03
  6.6612E+02  2.7717E-02  4.8871E-03
  6.6709E+02  2.7693E-02  4.8900E-03
  6.6805E+02  2.7669E-02  4.8930E-03
  6.6902E+02  2.7644E-02  4.8959E-03
  6.6998E+02  2.7620E-02  4.8988E-03
  6.7094E+02  2.7596E-02  4.9017E-03
  6.7191E+02  2.7572E-02  4.9046E-03
  6.7287E+02  2.7548E-02  4.9075E-03
  6.7384E+02  2.7524E-02  4.9104E-03
  6.7480E+02  2.7501E-02  4.9133E-03
  6.7576E+02  2.7477E-02  4.9161E-03
  6.7673E+02  2.7453E-02  4.9190E-03
  6.7769E+02  2.7429E-02  4.9218E-03
  6.7866E+02  2.7406E-02  4.9247E-03
  6.7962E+02  2.7382E-02  4.9275E-03
  6.8058E+02  2.7358E-02  4.9303E-03
  6.8155E+02  2.7335E-02  4.9331E-03
  6.8251E+02  2.7312E-02  4.9359E-03
  6.8348E+02  2.7288E-02  4.9387E-03
  6.8444E+02  2.7265E-02  4.9414E-03
  6.8540E+02  2.7242E-02  4.9442E-03
  6.8637E+02  2.7218E-02  4.9470E-03
  6.8733E+02  2.7195E-02  4.9497E-03
  6.8830E+02  2.7172E-02  4.9525E-03
  6.8926E+02  2.7149E-02  4.9552E-03
  6.9022E+02  2.7126E-02  4.9580E-03
  6.9119E+02  2.7103E-02  4.9607E-03
  6.9215E+02  2.7080E-02  4.9634E-03
  6.9312E+02  2.7057E-02  4.9662E-03
  6.9408E+02  2.7033E-02  4.9689E-03
  6.9504E+02  2.7010E-02  4.9716E-03
  6.9601E+02  2.6987E-02  4.9743E-03
  6.9697E+02  2.6964E-02  4.9770E-03
  6.9794E+02  2.6941E-02  4.9797E-03
  6.9890E+02  2.6918E-02  4.9824E-03
  6.9986E+02  2.6895E-02  4.9850E-03
  7.0083E+02  2.6872E-02  4.9877E-03
  7.0179E+02  2.6849E-02  4.9904E-03
  7.0276E+02  2.6826E-02  4.9930E-03
  7.0372E+02  2.6803E-02  4.9957E-03
  7.0468E+02  2.6780E-02  4.9983E-03
  7.0565E+02  2.6757E-02  5.0010E-03
  7.0661E+02  2.6735E-02  5.0036E-03
  7.0758E+02  2.6712E-02  5.0062E-03
  7.0854E+02  2.6689E-02  5.0088E-03
  7.0950E+02  2.6667E-02  5.0114E-03
  7.1047E+02  2.6644E-02  5.0140E-03
  7.1143E+02  2.6622E-02  5.0166E-03
  7.1240E+02  2.6600E-02  5.0192E-03
  7.1336E+02  2.6577E-02  5.0217E-03
  7.1432E+02  2.6555E-02  5.0243E-03
  7.1529E+02  2.6533E-02  5.0268E-03
  7.1625E+02  2.6511E-02  5.0294E-03
  7.1722E+02  2.6489E-02  5.0319E-03
  7.1818E+02  2.6467E-02  5.0345E-03
  7.1914E+02  2.6445E-02  5.0370E-03
  7.2011E+02  2.6423E-02  5.0395E-03
  7.2107E+02  2.6401E-02  5.0420E-03
  7.2204E+02  2.6379E-02  5.0445E-03
  7.2300E+02  2.6357E-02  5.0470E-03
  7.2396E+02  2.6335E-02  5.0494E-03
  7.2493E+02  2.6313E-02  5.0519E-03
  7.2589E+02  2.6291E-02  5.0544E-03
  7.2686E+02  2.6269E-02  5.0568E-03
  7.2782E+02  2.6247E-02  5.0593E-03
  7.2878E+02  2.6225E-02  5.0617E-03
  7.2975E+02  2.6202E-02  5.0641E-03
  7.3071E+02  2.6180E-02  5.0665E-03
  7.3168E+02  2.6158E-02  5.0689E-03
  7.3264E+02  2.6136E-02  5.0713E-03
  7.3360E+02  2.6114E-02  5.0737E-03
  7.3457E+02  2.6091E-02  5.0761E-03
  7.3553E+02  2.6069E-02  5.0785E-03
  7.3650E+02  2.6047E-02  5.0809E-03
  7.3746E+02  2.6025E-02  5.0832E-03
  7.3842E+02  2.6003E-02  5.0856E-03
  7.3939E+02  2.5981E-02  5.0879E-03
  7.4035E+02  2.5958E-02  5.0903E-03
  7.4132E+02  2.5936E-02  5.0926E-03
  7.4228E+02  2.5914E-02  5.0949E-03
  7.4324E+02  2.5892E-02  5.0972E-03
  7.4421E+02  2.5870E-02  5.0996E-03
  7.4517E+02  2.5848E-02  5.1019E-03
  7.4614E+02  2.5827E-02  5.1041E-03
  7.4710E+02  2.5805E-02  5.1064E-03
  7.4806E+02  2.5783E-02  5.1087E-03
  7.4903E+02  2.5761E-02  5.1110E-03
  7.4999E+02  2.5740E-02  5.1132E-03
  7.5096E+02  2.5718E-02  5.1155E-03
  7.5192E+02  2.5696E-02  5.1178E-03
  7.5288E+02  2.5675E-02  5.1200E-03
  7.5385E+02  2.5653E-02  5.1222E-03
  7.5481E+02  2.5632E-02  5.1245E-03
  7.5578E+02  2.5611E-02  5.1267E-03
  7.5674E+02  2.5590E-02  5.1289E-03
  7.5770E+02  2.5568E-02  5.1311E-03
  7.5867E+02  2.5547E-02  5.1333E-03
  7.5963E+02  2.5526E-02  5.1355E-03
  7.6060E+02  2.5505E-02  5.1377E-03
  7.6156E+02  2.5484E-02  5.1399E-03
  7.6252E+02  2.5463E-02  5.1421E-03
  7.6349E+02  2.5443E-02  5.1443E-03
  7.6445E+02  2.5422E-02  5.1464E-03
  7.6542E+02  2.5401E-02  5.1486E-03
  7.6638E+02  2.5380E-02  5.1507E-03
  7.6734E+02  2.5359E-02  5.1529E-03
  7.6831E+02  2.5338E-02  5.1550E-03
  7.6927E+02  2.5318E-02  5.1572E-03
  7.7024E+02  2.5297E-02  5.1593E-03
  7.7120E+02  2.5276E-02  5.1614E-03
  7.7216E+02  2.5255E-02  5.1635E-03
  7.7313E+02  2.5235E-02  5.1656E-03
  7.7409E+02  2.5214E-02  5.1677E-03
  7.7506E+02  2.5193E-02  5.1698E-03
  7.7602E+02  2.5172E-02  5.1719E-03
  7.7698E+02  2.5151E-02  5.1739E-03
  7.7795E+02  2.5131E-02  5.1760E-03
  7.7891E+02  2.5110E-02  5.1780E-03
  7.7988E+02  2.5089E-02  5.1801E-03
  7.8084E+02  2.5068E-02  5.1821E-03
  7.8180E+02  2.5047E-02  5.1842E-03
  7.8277E+02  2.5027E-02  5.1862E-03
  7.8373E+02  2.5006E-02  5.1882E-03
  7.8470E+02  2.4985E-02  5.1902E-03
  7.8566E+02  2.4965E-02  5.1922E-03
  7.8662E+02  2.4944E-02  5.1942E-03
  7.8759E+02  2.4924E-02  5.1962E-03
  7.8855E+02  2.4903E-02  5.1981E-03
  7.8952E+02  2.4883E-02  5.2001E-03
  7.9048E+02  2.4862E-02  5.2021E-03
  7.9144E+02  2.4842E-02  5.2040E-03
  7.9241E+02  2.4821E-02  5.2060E-03
  7.9337E+02  2.4801E-02  5.2079E-03
  7.9434E+02  2.4781E-02  5.2098E-03
  7.9530E+02  2.4761E-02  5.2117E-03
  7.9626E+02  2.4741E-02  5.2137E-03
  7.9723E+02  2.4720E-02  5.2156E-03
  7.9819E+02  2.4700E-02  5.2175E-03
  7.9916E+02  2.4680E-02  5.2194E-03
  8.0012E+02  2.4660E-02  5.2213E-03
  8.0108E+02  2.4641E-02  5.2231E-03
  8.0205E+02  2.4621E-02  5.2250E-03
  8.0301E+02  2.4601E-02  5.2269E-03
  8.0398E+02  2.4581E-02  5.2287E-03
  8.0494E+02  2.4562E-02  5.2306E-03
  8.0590E+02  2.4542E-02  5.2325E-03
  8.0687E+02  2.4522E-02  5.2343E-03
  8.0783E+02  2.4503E-02  5.2361E-03
  8.0880E+02  2.4483E-02  5.2380E-03
  8.0976E+02  2.4464E-02  5.2398E-03
  8.1072E+02  2.4444E-02  5.2416E-03
  8.1169E+02  2.4425E-02  5.2434E-03
  8.1265E+02  2.4406E-02  5.2452E-03
  8.1362E+02  2.4386E-02  5.2470E-03
  8.1458E+02  2.4367E-02  5.2488E-03
  8.1554E+02  2.4347E-02  5.2506E-03
  8.1651E+02  2.4328E-02  5.2524E-03
  8.1747E+02  2.4308E-02  5.2542E-03
  8.1844E+02  2.4289E-02  5.2559E-03
  8.1940E+02  2.4269E-02  5.2577E-03
  8.2036E+02  2.4250E-02  5.2595E-03
  8.2133E+02  2.4230E-02  5.2612E-03
  8.2229E+02  2.4211E-02  5.2629E-03
  8.2326E+02  2.4191E-02  5.2647E-03
  8.2422E+02  2.4172E-02  5.2664E-03
  8.2518E+02  2.4152E-02  5.2681E-03
  8.2615E+02  2.4132E-02  5.2698E-03
  8.2711E+02  2.4113E-02  5.2715E-03
  8.2808E+02  2.4093E-02  5.2732E-03
  8.2904E+02  2.4074E-02  5.2749E-03
  8.3000E+02  2.4054E-02  5.2766E-03
  8.3097E+02  2.4035E-02  5.2783E-03
  8.3193E+02  2.4016E-02  5.2799E-03
  8.3290E+02  2.3996E-02  5.2816E-03
  8.3386E+02  2.3977E-02  5.2832E-03
  8.3482E+02  2.3958E-02  5.2849E-03
  8.3579E+02  2.3938E-02  5.2865E-03
  8.3675E+02  2.3919E-02  5.2882E-03
  8.3772E+02  2.3900E-02  5.2898E-03
  8.3868E+02  2.3881E-02  5.2914E-03
  8.3964E+02  2.3862E-02  5.2930E-03
  8.4061E+02  2.3843E-02  5.2946E-03
  8.4157E+02  2.3824E-02  5.2962E-03
  8.4254E+02  2.3805E-02  5.2978E-03
  8.4350E+02  2.3786E-02  5.2994E-03
  8.4446E+02  2.3767E-02  5.3010E-03
  8.4543E+02  2.3748E-02  5.3026E-03
  8.4639E+02  2.3729E-02  5.3041E-03
  8.4736E+02  2.3710E-02  5.3057E-03
  8.4832E+02  2.3691E-02  5.3072E-03
  8.4928E+02  2.3672E-02  5.3088E-03
  8.5025E+02  2.3653E-02  5.3103E-03
  8.5121E+02  2.3634E-02  5.3119E-03
  8.5218E+02  2.3615E-02  5.3134E-03
  8.5314E+02  2.3596E-02  5.3149E-03
  8.5410E+02  2.3577E-02  5.3165E-03
  8.5507E+02  2.3558E-02  5.3180E-03
  8.5603E+02  2.3540E-02  5.3195E-03
  8.5700E+02  2.3521E-02  5.3210E-03
  8.5796E+02  2.3502E-02  5.3225E-03
  8.5892E+02  2.3483E-02  5.3240E-03
  8.5989E+02  2.3465E-02  5.3255E-03
  8.6085E+02  2.3446E-02  5.3269E-03
  8.6182E+02  2.3427E-02  5.3284E-03
  8.6278E+02  2.3409E-02  5.3299E-03
  8.6374E+02  2.3390E-02  5.3313E-03
  8.6471E+02  2.3372E-02  5.3328E-03
  8.6567E+02  2.3353E-02  5.3342E-03
  8.6664E+02  2.3335E-02  5.3357E-03
  8.6760E+02  2.3316E-02  5.3371E-03
  8.6856E+02  2.3298E-02  5.3385E-03
  8.6953E+02  2.3280E-02  5.3399E-03
  8.7049E+02  2.3261E-02  5.3413E-03
  8.7146E+02  2.3243E-02  5.3428E-03
  8.7242E+02  2.3224E-02  5.3441E-03
  8.7338E+02  2.3206E-02  5.3455E-03
  8.7435E+02  2.3188E-02  5.3469E-03
  8.7531E+02  2.3170E-02  5.3483E-03
  8.7628E+02  2.3151E-02  5.3497E-03
  8.7724E+02  2.3133E-02  5.3510E-03
  8.7820E+02  2.3115E-02  5.3524E-03
  8.7917E+02  2.3097E-02  5.3537E-03
  8.8013E+02  2.3078E-02  5.3551E-03
  8.8110E+02  2.3060E-02  5.3564E-03
  8.8206E+02  2.3042E-02  5.3578E-03
  8.8302E+02  2.3024E-02  5.3591E-03
  8.8399E+02  2.3005E-02  5.3604E-03
  8.8495E+02  2.2987E-02  5.3617E-03
  8.8592E+02  2.2969E-02  5.3630E-03
  8.8688E+02  2.2951E-02  5.3643E-03
  8.8784E+02  2.2932E-02  5.3656E-03
  8.8881E+02  2.2914E-02  5.3669E-03
  8.8977E+02  2.2896E-02  5.3682E-03
  8.9074E+02  2.2878E-02  5.3695E-03
  8.9170E+02  2.2860E-02  5.3707E-03
  8.9266E+02  2.2841E-02  5.3720E-03
  8.9363E+02  2.2823E-02  5.3732E-03
  8.9459E+02  2.2805E-02  5.3745E-03
  8.9556E+02  2.2787E-02  5.3757E-03
  8.9652E+02  2.2769E-02  5.3770E-03
  8.9748E+02  2.2751E-02  5.3782E-03
  8.9845E+02  2.2733E-02  5.3794E-03
  8.9941E+02  2.2715E-02  5.3807E-03
  9.0038E+02  2.2697E-02  5.3819E-03
  9.0134E+02  2.2679E-02  5.3831E-03
  9.0230E+02  2.2661E-02  5.3843E-03
  9.0327E+02  2.2643E-02  5.3855E-03
  9.0423E+02  2.2625E-02  5.3867E-03
  9.0520E+02  2.2607E-02  5.3879E-03
  9.0616E+02  2.2590E-02  5.3890E-03
  9.0712E+02  2.2572E-02  5.3902E-03
  9.0809E+02  2.2554E-02  5.3914E-03
  9.0905E+02  2.2536E-02  5.3926E-03
  9.1002E+02  2.2519E-02  5.3937E-03
  9.1098E+02  2.2501E-02  5.3949E-03
  9.1194E+02  2.2483E-02  5.3960E-03
  9.1291E+02  2.2466E-02  5.3971E-03
  9.1387E+02  2.2448E-02  5.3983E-03
  9.1484E+02  2.2431E-02  5.3994E-03
  9.1580E+02  2.2413E-02  5.4005E-03
  9.1676E+02  2.2396E-02  5.4016E-03
  9.1773E+02  2.2378E-02  5.4027E-03
  9.1869E+02  2.2361E-02  5.4039E-03
  9.1966E+02  2.2344E-02  5.4050E-03
  9.2062E+02  2.2326E-02  5.4060E-03
  9.2158E+02  2.2309E-02  5.4071E-03
  9.2255E+02  2.2292E-02  5.4082E-03
  9.2351E+02  2.2274E-02  5.4093E-03
  9.2448E+02  2.2257E-02  5.4104E-03
  9.2544E+02  2.2240E-02  5.4114E-03
  9.2640E+02  2.2222E-02  5.4125E-03
  9.2737E+02  2.2205E-02  5.4135E-03
  9.2833E+02  2.2188E-02  5.4146E-03
  9.2930E+02  2.2171E-02  5.4156E-03
  9.3026E+02  2.2153E-02  5.4166E-03
  9.3122E+02  2.2136E-02  5.4177E-03
  9.3219E+02  2.2119E-02  5.4187E-03
  9.3315E+02  2.2101E-02  5.4197E-03
  9.3412E+02  2.2084E-02  5.4207E-03
  9.3508E+02  2.2067E-02  5.4217E-03
  9.3604E+02  2.2050E-02  5.4227E-03
  9.3701E+02  2.2032E-02  5.4237E-03
  9.3797E+02  2.2015E-02  5.4247E-03
  9.3894E+02  2.1998E-02  5.4257E-03
  9.3990E+02  2.1980E-02  5.4267E-03
  9.4086E+02  2.1963E-02  5.4276E-03
  9.4183E+02  2.1946E-02  5.4286E-03
  9.4279E+02  2.1929E-02  5.4295E-03
  9.4376E+02  2.1912E-02  5.4305E-03
  9.4472E+02  2.1894E-02  5.4314E-03
  9.4568E+02  2.1877E-02  5.4324E-03
  9.4665E+02  2.1860E-02  5.4333E-03
  9.4761E+02  2.1843E-02  5.4342E-03
  9.4858E+02  2.1826E-02  5.4352E-03
  9.4954E+02  2.1809E-02  5.4361E-03
  9.5050E+02  2.1792E-02  5.4370E-03
  9.5147E+02  2.1775E-02  5.4379E-03
  9.5243E+02  2.1758E-02  5.4388E-03
  9.5340E+02  2.1742E-02  5.4397E-03
  9.5436E+02  2.1725E-02  5.4406E-03
  9.5532E+02  2.1708E-02  5.4414E-03
  9.5629E+02  2.1691E-02  5.4423E-03
  9.5725E+02  2.1674E-02  5.4432E-03
  9.5822E+02  2.1658E-02  5.4440E-03
  9.5918E+02  2.1641E-02  5.4449E-03
  9.6014E+02  2.1624E-02  5.4458E-03
  9.6111E+02  2.1608E-02  5.4466E-03
  9.6207E+02  2.1591E-02  5.4475E-03
  9.6304E+02  2.1575E-02  5.4483E-03
  9.6400E+02  2.1558E-02  5.4491E-03
  9.6496E+02  2.1542E-02  5.4500E-03
  9.6593E+02  2.1525E-02  5.4508E-03
  9.6689E+02  2.1509E-02  5.4516E-03
  9.6786E+02  2.1492E-02  5.4524E-03
  9.6882E+02  2.1476E-02  5.4532E-03
  9.6978E+02  2.1459E-02  5.4540E-03
  9.7075E+02  2.1443E-02  5.4548E-03
  9.7171E+02  2.1426E-02  5.4556E-03
  9.7268E+02  2.1410E-02  5.4564E-03
  9.7364E+02  2.1394E-02  5.4572E-03
  9.7460E+02  2.1377E-02  5.4580E-03
  9.7557E+02  2.1361E-02  5.4587E-03
  9.7653E+02  2.1345E-02  5.4595E-03
  9.7750E+02  2.1328E-02  5.4603E-03
  9.7846E+02  2.1312E-02  5.4610E-03
  9.7942E+02  2.1296E-02  5.4618E-03
  9.8039E+02  2.1279E-02  5.4625E-03
  9.8135E+02  2.1263E-02  5.4632E-03
  9.8232E+02  2.1247E-02  5.4640E-03
  9.8328E+02  2.1231E-02  5.4647E-03
  9.8424E+02  2.1214E-02  5.4654E-03
  9.8521E+02  2.1198E-02  5.4661E-03
  9.8617E+02  2.1182E-02  5.4668E-03
  9.8714E+02  2.1166E-02  5.4675E-03
  9.8810E+02  2.1149E-02  5.4682E-03
  9.8906E+02  2.1133E-02  5.4689E-03
  9.9003E+02  2.1117E-02  5.4696E-03
  9.9099E+02  2.1101E-02  5.4703E-03
  9.9196E+02  2.1085E-02  5.4710E-03
  9.9292E+02  2.1068E-02  5.4717E-03
  9.9388E+02  2.1052E-02  5.4723E-03
  9.9485E+02  2.1036E-02  5.4730E-03
  9.9581E+02  2.1020E-02  5.4736E-03
  9.9678E+02  2.1004E-02  5.4743E-03
  9.9774E+02  2.0988E-02  5.4749E-03
  9.9870E+02  2.0972E-02  5.4756E-03
  9.9967E+02  2.0956E-02  5.4762E-03
  1.0006E+03  2.0940E-02  5.4768E-03
  1.0016E+03  2.0924E-02  5.4774E-03
  1.0026E+03  2.0908E-02  5.4781E-03
  1.0035E+03  2.0892E-02  5.4787E-03
  1.0045E+03  2.0876E-02  5.4793E-03
  1.0055E+03  2.0860E-02  5.4799E-03
  1.0064E+03  2.0844E-02  5.4805E-03
  1.0074E+03  2.0828E-02  5.4811E-03
  1.0083E+03  2.0812E-02  5.4817E-03
  1.0093E+03  2.0796E-02  5.4822E-03
  1.0103E+03  2.0781E-02  5.4828E-03
  1.0112E+03  2.0765E-02  5.4834E-03
  1.0122E+03  2.0749E-02  5.4840E-03
  1.0132E+03  2.0733E-02  5.4845E-03
  1.0141E+03  2.0718E-02  5.4851E-03
  1.0151E+03  2.0702E-02  5.4856E-03
  1.0161E+03  2.0686E-02  5.4862E-03
  1.0170E+03  2.0671E-02  5.4867E-03
  1.0180E+03  2.0655E-02  5.4873E-03
  1.0189E+03  2.0640E-02  5.4878E-03
  1.0199E+03  2.0624E-02  5.4883E-03
  1.0209E+03  2.0608E-02  5.4888E-03
  1.0218E+03  2.0593E-02  5.4894E-03
  1.0228E+03  2.0577E-02  5.4899E-03
  1.0238E+03  2.0562E-02  5.4904E-03
  1.0247E+03  2.0546E-02  5.4909E-03
  1.0257E+03  2.0531E-02  5.4914E-03
  1.0267E+03  2.0516E-02  5.4919E-03
  1.0276E+03  2.0500E-02  5.4924E-03
  1.0286E+03  2.0485E-02  5.4928E-03
  1.0296E+03  2.0469E-02  5.4933E-03
  1.0305E+03  2.0454E-02  5.4938E-03
  1.0315E+03  2.0439E-02  5.4943E-03
  1.0324E+03  2.0423E-02  5.4947E-03
  1.0334E+03  2.0408E-02  5.4952E-03
  1.0344E+03  2.0392E-02  5.4956E-03
  1.0353E+03  2.0377E-02  5.4961E-03
  1.0363E+03  2.0362E-02  5.4965E-03
  1.0373E+03  2.0346E-02  5.4970E-03
  1.0382E+03  2.0331E-02  5.4974E-03
  1.0392E+03  2.0316E-02  5.4978E-03
  1.0402E+03  2.0301E-02  5.4982E-03
  1.0411E+03  2.0285E-02  5.4987E-03
  1.0421E+03  2.0270E-02  5.4991E-03
  1.0430E+03  2.0255E-02  5.4995E-03
  1.0440E+03  2.0240E-02  5.4999E-03
  1.0450E+03  2.0224E-02  5.5003E-03
  1.0459E+03  2.0209E-02  5.5007E-03
  1.0469E+03  2.0194E-02  5.5011E-03
  1.0479E+03  2.0179E-02  5.5014E-03
  1.0488E+03  2.0164E-02  5.5018E-03
  1.0498E+03  2.0149E-02  5.5022E-03
  1.0508E+03  2.0134E-02  5.5026E-03
  1.0517E+03  2.0119E-02  5.5029E-03
  1.0527E+03  2.0104E-02  5.5033E-03
  1.0537E+03  2.0089E-02  5.5036E-03
  1.0546E+03  2.0074E-02  5.5040E-03
  1.0556E+03  2.0059E-02  5.5043E-03
  1.0565E+03  2.0044E-02  5.5047E-03
  1.0575E+03  2.0029E-02  5.5050E-03
  1.0585E+03  2.0014E-02  5.5053E-03
  1.0594E+03  1.9999E-02  5.5057E-03
  1.0604E+03  1.9984E-02  5.5060E-03
  1.0614E+03  1.9969E-02  5.5063E-03
  1.0623E+03  1.9954E-02  5.5066E-03
  1.0633E+03  1.9939E-02  5.5069E-03
  1.0643E+03  1.9924E-02  5.5072E-03
  1.0652E+03  1.9909E-02  5.5075E-03
  1.0662E+03  1.9895E-02  5.5078E-03
  1.0671E+03  1.9880E-02  5.5081E-03
  1.0681E+03  1.9865E-02  5.5084E-03
  1.0691E+03  1.9850E-02  5.5087E-03
  1.0700E+03  1.9836E-02  5.5089E-03
  1.0710E+03  1.9821E-02  5.5092E-03
  1.0720E+03  1.9806E-02  5.5095E-03
  1.0729E+03  1.9791E-02  5.5097E-03
  1.0739E+03  1.9777E-02  5.5100E-03
  1.0749E+03  1.9762E-02  5.5102E-03
  1.0758E+03  1.9747E-02  5.5105E-03
  1.0768E+03  1.9733E-02  5.5107E-03
  1.0778E+03  1.9718E-02  5.5110E-03
  1.0787E+03  1.9703E-02  5.5112E-03
  1.0797E+03  1.9689E-02  5.5114E-03
  1.0806E+03  1.9674E-02  5.5116E-03
  1.0816E+03  1.9660E-02  5.5119E-03
  1.0826E+03  1.9645E-02  5.5121E-03
  1.0835E+03  1.9630E-02  5.5123E-03
  1.0845E+03  1.9616E-02  5.5125E-03
  1.0855E+03  1.9601E-02  5.5127E-03
  1.0864E+03  1.9587E-02  5.5129E-03
  1.0874E+03  1.9572E-02  5.5131E-03
  1.0884E+03  1.9558E-02  5.5133E-03
  1.0893E+03  1.9543E-02  5.5135E-03
  1.0903E+03  1.9529E-02  5.5136E-03
  1.0912E+03  1.9514E-02  5.5138E-03
  1.0922E+03  1.9500E-02  5.5140E-03
  1.0932E+03  1.9485E-02  5.5141E-03
  1.0941E+03  1.9471E-02  5.5143E-03
  1.0951E+03  1.9457E-02  5.5145E-03
  1.0961E+03  1.9442E-02  5.5146E-03
  1.0970E+03  1.9428E-02  5.5148E-03
  1.0980E+03  1.9413E-02  5.5149E-03
  1.0990E+03  1.9399E-02  5.5150E-03
  1.0999E+03  1.9385E-02  5.5152E-03
  1.1009E+03  1.9370E-02  5.5153E-03
  1.1019E+03  1.9356E-02  5.5154E-03
  1.1028E+03  1.9342E-02  5.5155E-03
  1.1038E+03  1.9327E-02  5.5157E-03
  1.1047E+03  1.9313E-02  5.5158E-03
  1.1057E+03  1.9299E-02  5.5159E-03
  1.1067E+03  1.9285E-02  5.5160E-03
  1.1076E+03  1.9271E-02  5.5161E-03
  1.1086E+03  1.9256E-02  5.5162E-03
  1.1096E+03  1.9242E-02  5.5163E-03
  1.1105E+03  1.9228E-02  5.5163E-03
  1.1115E+03  1.9214E-02  5.5164E-03
  1.1125E+03  1.9200E-02  5.5165E-03
  1.1134E+03  1.9186E-02  5.5166E-03
  1.1144E+03  1.9172E-02  5.5166E-03
  1.1153E+03  1.9158E-02  5.5167E-03
  1.1163E+03  1.9144E-02  5.5168E-03
  1.1173E+03  1.9129E-02  5.5168E-03
  1.1182E+03  1.9115E-02  5.5169E-03
  1.1192E+03  1.9101E-02  5.5169E-03
  1.1202E+03  1.9088E-02  5.5170E-03
  1.1211E+03  1.9074E-02  5.5170E-03
  1.1221E+03  1.9060E-02  5.5170E-03
  1.1231E+03  1.9046E-02  5.5171E-03
  1.1240E+03  1.9032E-02  5.5171E-03
  1.1250E+03  1.9018E-02  5.5171E-03
  1.1260E+03  1.9004E-02  5.5171E-03
  1.1269E+03  1.8990E-02  5.5171E-03
  1.1279E+03  1.8976E-02  5.5171E-03
  1.1288E+03  1.8962E-02  5.5172E-03
  1.1298E+03  1.8949E-02  5.5172E-03
  1.1308E+03  1.8935E-02  5.5172E-03
  1.1317E+03  1.8921E-02  5.5171E-03
  1.1327E+03  1.8907E-02  5.5171E-03
  1.1337E+03  1.8893E-02  5.5171E-03
  1.1346E+03  1.8880E-02  5.5171E-03
  1.1356E+03  1.8866E-02  5.5171E-03
  1.1366E+03  1.8852E-02  5.5170E-03
  1.1375E+03  1.8838E-02  5.5170E-03
  1.1385E+03  1.8825E-02  5.5170E-03
  1.1394E+03  1.8811E-02  5.5169E-03
  1.1404E+03  1.8797E-02  5.5169E-03
  1.1414E+03  1.8784E-02  5.5168E-03
  1.1423E+03  1.8770E-02  5.5168E-03
  1.1433E+03  1.8756E-02  5.5167E-03
  1.1443E+03  1.8743E-02  5.5167E-03
  1.1452E+03  1.8729E-02  5.5166E-03
  1.1462E+03  1.8715E-02  5.5165E-03
  1.1472E+03  1.8702E-02  5.5165E-03
  1.1481E+03  1.8688E-02  5.5164E-03
  1.1491E+03  1.8674E-02  5.5163E-03
  1.1501E+03  1.8661E-02  5.5162E-03
  1.1510E+03  1.8647E-02  5.5161E-03
  1.1520E+03  1.8634E-02  5.5160E-03
  1.1529E+03  1.8620E-02  5.5159E-03
  1.1539E+03  1.8607E-02  5.5158E-03
  1.1549E+03  1.8593E-02  5.5157E-03
  1.1558E+03  1.8580E-02  5.5156E-03
  1.1568E+03  1.8566E-02  5.5155E-03
  1.1578E+03  1.8553E-02  5.5154E-03
  1.1587E+03  1.8539E-02  5.5152E-03
  1.1597E+03  1.8526E-02  5.5151E-03
  1.1607E+03  1.8512E-02  5.5150E-03
  1.1616E+03  1.8499E-02  5.5149E-03
  1.1626E+03  1.8486E-02  5.5147E-03
  1.1635E+03  1.8472E-02  5.5146E-03
  1.1645E+03  1.8459E-02  5.5144E-03
  1.1655E+03  1.8446E-02  5.5143E-03
  1.1664E+03  1.8432E-02  5.5141E-03
  1.1674E+03  1.8419E-02  5.5140E-03
  1.1684E+03  1.8406E-02  5.5138E-03
  1.1693E+03  1.8392E-02  5.5136E-03
  1.1703E+03  1.8379E-02  5.5135E-03
  1.1713E+03  1.8366E-02  5.5133E-03
  1.1722E+03  1.8353E-02  5.5131E-03
  1.1732E+03  1.8340E-02  5.5129E-03
  1.1742E+03  1.8326E-02  5.5128E-03
  1.1751E+03  1.8313E-02  5.5126E-03
  1.1761E+03  1.8300E-02  5.5124E-03
  1.1770E+03  1.8287E-02  5.5122E-03
  1.1780E+03  1.8274E-02  5.5120E-03
  1.1790E+03  1.8261E-02  5.5118E-03
  1.1799E+03  1.8248E-02  5.5116E-03
  1.1809E+03  1.8234E-02  5.5114E-03
  1.1819E+03  1.8221E-02  5.5111E-03
  1.1828E+03  1.8208E-02  5.5109E-03
  1.1838E+03  1.8195E-02  5.5107E-03
  1.1848E+03  1.8182E-02  5.5105E-03
  1.1857E+03  1.8169E-02  5.5103E-03
  1.1867E+03  1.8156E-02  5.5100E-03
  1.1876E+03  1.8143E-02  5.5098E-03
  1.1886E+03  1.8130E-02  5.5095E-03
  1.1896E+03  1.8117E-02  5.5093E-03
  1.1905E+03  1.8104E-02  5.5090E-03
  1.1915E+03  1.8091E-02  5.5088E-03
  1.1925E+03  1.8078E-02  5.5085E-03
  1.1934E+03  1.8065E-02  5.5083E-03
  1.1944E+03  1.8052E-02  5.5080E-03
  1.1954E+03  1.8039E-02  5.5078E-03
  1.1963E+03  1.8026E-02  5.5075E-03
  1.1973E+03  1.8013E-02  5.5072E-03
  1.1983E+03  1.8000E-02  5.5069E-03
  1.1992E+03  1.7988E-02  5.5066E-03
  1.2002E+03  1.7975E-02  5.5064E-03
  1.2011E+03  1.7962E-02  5.5061E-03
  1.2021E+03  1.7949E-02  5.5058E-03
  1.2031E+03  1.7936E-02  5.5055E-03
  1.2040E+03  1.7923E-02  5.5052E-03
  1.2050E+03  1.7911E-02  5.5049E-03
  1.2060E+03  1.7898E-02  5.5046E-03
  1.2069E+03  1.7885E-02  5.5043E-03
  1.2079E+03  1.7872E-02  5.5039E-03
  1.2089E+03  1.7860E-02  5.5036E-03
  1.2098E+03  1.7847E-02  5.5033E-03
  1.2108E+03  1.7834E-02  5.5030E-03
  1.2117E+03  1.7821E-02  5.5026E-03
  1.2127E+03  1.7809E-02  5.5023E-03
  1.2137E+03  1.7796E-02  5.5020E-03
  1.2146E+03  1.7784E-02  5.5016E-03
  1.2156E+03  1.7771E-02  5.5013E-03
  1.2166E+03  1.7758E-02  5.5009E-03
  1.2175E+03  1.7746E-02  5.5006E-03
  1.2185E+03  1.7733E-02  5.5002E-03
  1.2195E+03  1.7721E-02  5.4999E-03
  1.2204E+03  1.7708E-02  5.4995E-03
  1.2214E+03  1.7695E-02  5.4992E-03
  1.2224E+03  1.7683E-02  5.4988E-03
  1.2233E+03  1.7670E-02  5.4984E-03
  1.2243E+03  1.7658E-02  5.4980E-03
  1.2252E+03  1.7645E-02  5.4977E-03
  1.2262E+03  1.7633E-02  5.4973E-03
  1.2272E+03  1.7621E-02  5.4969E-03
  1.2281E+03  1.7608E-02  5.4965E-03
  1.2291E+03  1.7596E-02  5.4961E-03
  1.2301E+03  1.7583E-02  5.4957E-03
  1.2310E+03  1.7571E-02  5.4953E-03
  1.2320E+03  1.7558E-02  5.4949E-03
  1.2330E+03  1.7546E-02  5.4945E-03
  1.2339E+03  1.7534E-02  5.4941E-03
  1.2349E+03  1.7521E-02  5.4937E-03
  1.2358E+03  1.7509E-02  5.4933E-03
  1.2368E+03  1.7497E-02  5.4929E-03
  1.2378E+03  1.7484E-02  5.4924E-03
  1.2387E+03  1.7472E-02  5.4920E-03
  1.2397E+03  1.7460E-02  5.4916E-03
  1.2407E+03  1.7447E-02  5.4912E-03
  1.2416E+03  1.7435E-02  5.4907E-03
  1.2426E+03  1.7423E-02  5.4903E-03
  1.2436E+03  1.7411E-02  5.4898E-03
  1.2445E+03  1.7398E-02  5.4894E-03
  1.2455E+03  1.7386E-02  5.4889E-03
  1.2465E+03  1.7374E-02  5.4885E-03
  1.2474E+03  1.7362E-02  5.4880E-03
  1.2484E+03  1.7349E-02  5.4876E-03
  1.2493E+03  1.7337E-02  5.4871E-03
  1.2503E+03  1.7325E-02  5.4866E-03
  1.2513E+03  1.7313E-02  5.4862E-03
  1.2522E+03  1.7301E-02  5.4857E-03
  1.2532E+03  1.7289E-02  5.4852E-03
  1.2542E+03  1.7276E-02  5.4847E-03
  1.2551E+03  1.7264E-02  5.4843E-03
  1.2561E+03  1.7252E-02  5.4838E-03
  1.2571E+03  1.7240E-02  5.4833E-03
  1.2580E+03  1.7228E-02  5.4828E-03
  1.2590E+03  1.7216E-02  5.4823E-03
  1.2599E+03  1.7204E-02  5.4818E-03
  1.2609E+03  1.7192E-02  5.4813E-03
  1.2619E+03  1.7180E-02  5.4808E-03
  1.2628E+03  1.7168E-02  5.4803E-03
  1.2638E+03  1.7156E-02  5.4798E-03
  1.2648E+03  1.7144E-02  5.4793E-03
  1.2657E+03  1.7132E-02  5.4787E-03
  1.2667E+03  1.7120E-02  5.4782E-03
  1.2677E+03  1.7108E-02  5.4777E-03
  1.2686E+03  1.7096E-02  5.4772E-03
  1.2696E+03  1.7084E-02  5.4766E-03
  1.2706E+03  1.7072E-02  5.4761E-03
  1.2715E+03  1.7060E-02  5.4756E-03
  1.2725E+03  1.7048E-02  5.4750E-03
  1.2734E+03  1.7036E-02  5.4745E-03
  1.2744E+03  1.7025E-02  5.4740E-03
  1.2754E+03  1.7013E-02  5.4734E-03
  1.2763E+03  1.7001E-02  5.4729E-03
  1.2773E+03  1.6989E-02  5.4723E-03
  1.2783E+03  1.6977E-02  5.4717E-03
  1.2792E+03  1.6965E-02  5.4712E-03
  1.2802E+03  1.6954E-02  5.4706E-03
  1.2812E+03  1.6942E-02  5.4700E-03
  1.2821E+03  1.6930E-02  5.4695E-03
  1.2831E+03  1.6918E-02  5.4689E-03
  1.2840E+03  1.6907E-02  5.4683E-03
  1.2850E+03  1.6895E-02  5.4677E-03
  1.2860E+03  1.6883E-02  5.4672E-03
  1.2869E+03  1.6871E-02  5.4666E-03
  1.2879E+03  1.6860E-02  5.4660E-03
  1.2889E+03  1.6848E-02  5.4654E-03
  1.2898E+03  1.6836E-02  5.4648E-03
  1.2908E+03  1.6825E-02  5.4642E-03
  1.2918E+03  1.6813E-02  5.4636E-03
  1.2927E+03  1.6802E-02  5.4630E-03
  1.2937E+03  1.6790E-02  5.4624E-03
  1.2947E+03  1.6778E-02  5.4618E-03
  1.2956E+03  1.6767E-02  5.4612E-03
  1.2966E+03  1.6755E-02  5.4606E-03
  1.2975E+03  1.6744E-02  5.4599E-03
  1.2985E+03  1.6732E-02  5.4593E-03
  1.2995E+03  1.6720E-02  5.4587E-03
  1.3004E+03  1.6709E-02  5.4581E-03
  1.3014E+03  1.6697E-02  5.4574E-03
  1.3024E+03  1.6686E-02  5.4568E-03
  1.3033E+03  1.6674E-02  5.4562E-03
  1.3043E+03  1.6663E-02  5.4555E-03
  1.3053E+03  1.6651E-02  5.4549E-03
  1.3062E+03  1.6640E-02  5.4543E-03
  1.3072E+03  1.6629E-02  5.4536E-03
  1.3081E+03  1.6617E-02  5.4530E-03
  1.3091E+03  1.6606E-02  5.4523E-03
  1.3101E+03  1.6594E-02  5.4516E-03
  1.3110E+03  1.6583E-02  5.4510E-03
  1.3120E+03  1.6571E-02  5.4503E-03
  1.3130E+03  1.6560E-02  5.4497E-03
  1.3139E+03  1.6549E-02  5.4490E-03
  1.3149E+03  1.6537E-02  5.4483E-03
  1.3159E+03  1.6526E-02  5.4476E-03
  1.3168E+03  1.6515E-02  5.4470E-03
  1.3178E+03  1.6503E-02  5.4463E-03
  1.3188E+03  1.6492E-02  5.4456E-03
  1.3197E+03  1.6481E-02  5.4449E-03
  1.3207E+03  1.6469E-02  5.4442E-03
  1.3216E+03  1.6458E-02  5.4435E-03
  1.3226E+03  1.6447E-02  5.4429E-03
  1.3236E+03  1.6436E-02  5.4422E-03
  1.3245E+03  1.6424E-02  5.4415E-03
  1.3255E+03  1.6413E-02  5.4408E-03
  1.3265E+03  1.6402E-02  5.4401E-03
  1.3274E+03  1.6391E-02  5.4394E-03
  1.3284E+03  1.6379E-02  5.4386E-03
  1.3294E+03  1.6368E-02  5.4379E-03
  1.3303E+03  1.6357E-02  5.4372E-03
  1.3313E+03  1.6346E-02  5.4365E-03
  1.3322E+03  1.6335E-02  5.4358E-03
  1.3332E+03  1.6324E-02  5.4351E-03
  1.3342E+03  1.6313E-02  5.4343E-03
  1.3351E+03  1.6301E-02  5.4336E-03
  1.3361E+03  1.6290E-02  5.4329E-03
  1.3371E+03  1.6279E-02  5.4321E-03
  1.3380E+03  1.6268E-02  5.4314E-03
  1.3390E+03  1.6257E-02  5.4307E-03
  1.3400E+03  1.6246E-02  5.4299E-03
  1.3409E+03  1.6235E-02  5.4292E-03
  1.3419E+03  1.6224E-02  5.4284E-03
  1.3429E+03  1.6213E-02  5.4277E-03
  1.3438E+03  1.6202E-02  5.4269E-03
  1.3448E+03  1.6191E-02  5.4262E-03
  1.3457E+03  1.6180E-02  5.4254E-03
  1.3467E+03  1.6169E-02  5.4247E-03
  1.3477E+03  1.6158E-02  5.4239E-03
  1.3486E+03  1.6147E-02  5.4231E-03
  1.3496E+03  1.6136E-02  5.4224E-03
  1.3506E+03  1.6125E-02  5.4216E-03
  1.3515E+03  1.6114E-02  5.4208E-03
  1.3525E+03  1.6103E-02  5.4201E-03
  1.3535E+03  1.6092E-02  5.4193E-03
  1.3544E+03  1.6081E-02  5.4185E-03
  1.3554E+03  1.6071E-02  5.4177E-03
  1.3563E+03  1.6060E-02  5.4169E-03
  1.3573E+03  1.6049E-02  5.4161E-03
  1.3583E+03  1.6038E-02  5.4154E-03
  1.3592E+03  1.6027E-02  5.4146E-03
  1.3602E+03  1.6016E-02  5.4138E-03
  1.3612E+03  1.6006E-02  5.4130E-03
  1.3621E+03  1.5995E-02  5.4122E-03
  1.3631E+03  1.5984E-02  5.4114E-03
  1.3641E+03  1.5973E-02  5.4106E-03
  1.3650E+03  1.5962E-02  5.4098E-03
  1.3660E+03  1.5952E-02  5.4089E-03
  1.3670E+03  1.5941E-02  5.4081E-03
  1.3679E+03  1.5930E-02  5.4073E-03
  1.3689E+03  1.5920E-02  5.4065E-03
  1.3698E+03  1.5909E-02  5.4057E-03
  1.3708E+03  1.5898E-02  5.4049E-03
  1.3718E+03  1.5887E-02  5.4040E-03
  1.3727E+03  1.5877E-02  5.4032E-03
  1.3737E+03  1.5866E-02  5.4024E-03
  1.3747E+03  1.5855E-02  5.4015E-03
  1.3756E+03  1.5845E-02  5.4007E-03
  1.3766E+03  1.5834E-02  5.3999E-03
  1.3776E+03  1.5824E-02  5.3990E-03
  1.3785E+03  1.5813E-02  5.3982E-03
  1.3795E+03  1.5802E-02  5.3973E-03
  1.3804E+03  1.5792E-02  5.3965E-03
  1.3814E+03  1.5781E-02  5.3956E-03
  1.3824E+03  1.5771E-02  5.3948E-03
  1.3833E+03  1.5760E-02  5.3939E-03
  1.3843E+03  1.5750E-02  5.3931E-03
  1.3853E+03  1.5739E-02  5.3922E-03
  1.3862E+03  1.5728E-02  5.3914E-03
  1.3872E+03  1.5718E-02  5.3905E-03
  1.3882E+03  1.5707E-02  5.3896E-03
  1.3891E+03  1.5697E-02  5.3888E-03
  1.3901E+03  1.5686E-02  5.3879E-03
  1.3911E+03  1.5676E-02  5.3870E-03
  1.3920E+03  1.5666E-02  5.3862E-03
  1.3930E+03  1.5655E-02  5.3853E-03
  1.3939E+03  1.5645E-02  5.3844E-03
  1.3949E+03  1.5634E-02  5.3835E-03
  1.3959E+03  1.5624E-02  5.3826E-03
  1.3968E+03  1.5613E-02  5.3817E-03
  1.3978E+03  1.5603E-02  5.3809E-03
  1.3988E+03  1.5593E-02  5.3800E-03
  1.3997E+03  1.5582E-02  5.3791E-03
  1.4007E+03  1.5572E-02  5.3782E-03
  1.4017E+03  1.5562E-02  5.3773E-03
  1.4026E+03  1.5551E-02  5.3764E-03
  1.4036E+03  1.5541E-02  5.3755E-03
  1.4045E+03  1.5531E-02  5.3746E-03
  1.4055E+03  1.5520E-02  5.3737E-03
  1.4065E+03  1.5510E-02  5.3728E-03
  1.4074E+03  1.5500E-02  5.3719E-03
  1.4084E+03  1.5489E-02  5.3709E-03
  1.4094E+03  1.5479E-02  5.3700E-03
  1.4103E+03  1.5469E-02  5.3691E-03
  1.4113E+03  1.5459E-02  5.3682E-03
  1.4123E+03  1.5448E-02  5.3673E-03
  1.4132E+03  1.5438E-02  5.3663E-03
  1.4142E+03  1.5428E-02  5.3654E-03
  1.4152E+03  1.5418E-02  5.3645E-03
  1.4161E+03  1.5407E-02  5.3636E-03
  1.4171E+03  1.5397E-02  5.3626E-03
  1.4180E+03  1.5387E-02  5.3617E-03
  1.4190E+03  1.5377E-02  5.3608E-03
  1.4200E+03  1.5367E-02  5.3598E-03
  1.4209E+03  1.5357E-02  5.3589E-03
  1.4219E+03  1.5347E-02  5.3579E-03
  1.4229E+03  1.5336E-02  5.3570E-03
  1.4238E+03  1.5326E-02  5.3560E-03
  1.4248E+03  1.5316E-02  5.3551E-03
  1.4258E+03  1.5306E-02  5.3541E-03
  1.4267E+03  1.5296E-02  5.3532E-03
  1.4277E+03  1.5286E-02  5.3522E-03
  1.4286E+03  1.5276E-02  5.3513E-03
  1.4296E+03  1.5266E-02  5.3503E-03
  1.4306E+03  1.5256E-02  5.3493E-03
  1.4315E+03  1.5246E-02  5.3484E-03
  1.4325E+03  1.5236E-02  5.3474E-03
  1.4335E+03  1.5226E-02  5.3464E-03
  1.4344E+03  1.5216E-02  5.3455E-03
  1.4354E+03  1.5206E-02  5.3445E-03
  1.4364E+03  1.5196E-02  5.3435E-03
  1.4373E+03  1.5186E-02  5.3426E-03
  1.4383E+03  1.5176E-02  5.3416E-03
  1.4393E+03  1.5166E-02  5.3406E-03
  1.4402E+03  1.5156E-02  5.3396E-03
  1.4412E+03  1.5146E-02  5.3386E-03
  1.4421E+03  1.5136E-02  5.3376E-03
  1.4431E+03  1.5126E-02  5.3367E-03
  1.4441E+03  1.5116E-02  5.3357E-03
  1.4450E+03  1.5106E-02  5.3347E-03
  1.4460E+03  1.5097E-02  5.3337E-03
  1.4470E+03  1.5087E-02  5.3327E-03
  1.4479E+03  1.5077E-02  5.3317E-03
  1.4489E+03  1.5067E-02  5.3307E-03
  1.4499E+03  1.5057E-02  5.3297E-03
  1.4508E+03  1.5047E-02  5.3287E-03
  1.4518E+03  1.5038E-02  5.3277E-03
  1.4527E+03  1.5028E-02  5.3267E-03
  1.4537E+03  1.5018E-02  5.3257E-03
  1.4547E+03  1.5008E-02  5.3247E-03
  1.4556E+03  1.4998E-02  5.3236E-03
  1.4566E+03  1.4989E-02  5.3226E-03
  1.4576E+03  1.4979E-02  5.3216E-03
  1.4585E+03  1.4969E-02  5.3206E-03
  1.4595E+03  1.4959E-02  5.3196E-03
  1.4605E+03  1.4950E-02  5.3186E-03
  1.4614E+03  1.4940E-02  5.3175E-03
  1.4624E+03  1.4930E-02  5.3165E-03
  1.4634E+03  1.4921E-02  5.3155E-03
  1.4643E+03  1.4911E-02  5.3144E-03
  1.4653E+03  1.4901E-02  5.3134E-03
  1.4662E+03  1.4892E-02  5.3124E-03
  1.4672E+03  1.4882E-02  5.3113E-03
  1.4682E+03  1.4872E-02  5.3103E-03
  1.4691E+03  1.4863E-02  5.3093E-03
  1.4701E+03  1.4853E-02  5.3082E-03
  1.4711E+03  1.4843E-02  5.3072E-03
  1.4720E+03  1.4834E-02  5.3061E-03
  1.4730E+03  1.4824E-02  5.3051E-03
  1.4740E+03  1.4815E-02  5.3040E-03
  1.4749E+03  1.4805E-02  5.3030E-03
  1.4759E+03  1.4796E-02  5.3019E-03
  1.4768E+03  1.4786E-02  5.3009E-03
  1.4778E+03  1.4776E-02  5.2998E-03
  1.4788E+03  1.4767E-02  5.2988E-03
  1.4797E+03  1.4757E-02  5.2977E-03
  1.4807E+03  1.4748E-02  5.2967E-03
  1.4817E+03  1.4738E-02  5.2956E-03
  1.4826E+03  1.4729E-02  5.2945E-03
  1.4836E+03  1.4719E-02  5.2935E-03
  1.4846E+03  1.4710E-02  5.2924E-03
  1.4855E+03  1.4700E-02  5.2913E-03
  1.4865E+03  1.4691E-02  5.2903E-03
  1.4875E+03  1.4682E-02  5.2892E-03
  1.4884E+03  1.4672E-02  5.2881E-03
  1.4894E+03  1.4663E-02  5.2870E-03
  1.4903E+03  1.4653E-02  5.2860E-03
  1.4913E+03  1.4644E-02  5.2849E-03
  1.4923E+03  1.4634E-02  5.2838E-03
  1.4932E+03  1.4625E-02  5.2827E-03
  1.4942E+03  1.4616E-02  5.2816E-03
  1.4952E+03  1.4606E-02  5.2806E-03
  1.4961E+03  1.4597E-02  5.2795E-03
  1.4971E+03  1.4588E-02  5.2784E-03
  1.4981E+03  1.4578E-02  5.2773E-03
  1.4990E+03  1.4569E-02  5.2762E-03
  1.5000E+03  1.4560E-02  5.2751E-03
  1.5000E+03  1.4560E-02  5.2751E-03
