# CREATED BY GENE DIAGNOSTICS TOOL on Sat Dec 12 21:06:08 2020
# diag: timetrace, run(s): 0023, time window: 0-1500(1523 steps), species: ions
# original data path: /marconi_scratch/userexternal/cmoreno0/GAM_HP_scan/LHD_s0.25_alpha-pi10_npol3_nz0768/
# normalization: L_ref=1.65m
#
#  t          Re[phi]     Im[phi]   
  0.0000E+00  9.9998E-01  0.0000E+00
  9.8600E-01  8.9834E-01  9.1343E-04
  1.9720E+00  7.7131E-01  1.5631E-03
  2.9580E+00  6.1265E-01  2.0473E-03
  3.9440E+00  4.5027E-01  2.2885E-03
  4.9300E+00  3.1024E-01  2.2818E-03
  5.9160E+00  2.0149E-01  2.0420E-03
  6.9020E+00  1.2524E-01  1.6392E-03
  7.8880E+00  7.6901E-02  1.1630E-03
  8.8740E+00  4.9758E-02  7.0712E-04
  9.8600E+00  3.7191E-02  3.3815E-04
  1.0846E+01  3.3572E-02  7.5140E-05
  1.1832E+01  3.4906E-02 -5.3286E-05
  1.2818E+01  3.8918E-02 -6.9496E-05
  1.3804E+01  4.3100E-02 -6.7997E-05
  1.4790E+01  4.3559E-02  1.1458E-04
  1.5776E+01  4.6706E-02  2.2322E-04
  1.6762E+01  4.9235E-02  4.0288E-04
  1.7748E+01  5.0018E-02  6.0459E-04
  1.8734E+01  4.7693E-02  7.7184E-04
  1.9720E+01  4.4435E-02  9.1616E-04
  2.0706E+01  3.7792E-02  9.2645E-04
  2.1692E+01  2.8866E-02  8.1366E-04
  2.2678E+01  1.8443E-02  5.8544E-04
  2.3664E+01  6.7518E-03  2.3899E-04
  2.4650E+01 -5.1658E-03 -1.6457E-04
  2.5636E+01 -1.6140E-02 -5.6225E-04
  2.6622E+01 -2.5132E-02 -9.0297E-04
  2.7608E+01 -3.1303E-02 -1.1598E-03
  2.8594E+01 -3.4315E-02 -1.3042E-03
  2.9580E+01 -3.4073E-02 -1.3114E-03
  3.0566E+01 -3.0268E-02 -1.2187E-03
  3.1552E+01 -2.4436E-02 -1.0139E-03
  3.2538E+01 -1.6710E-02 -7.2944E-04
  3.3524E+01 -7.9389E-03 -4.1367E-04
  3.4510E+01  1.1002E-03 -8.9117E-05
  3.5496E+01  1.0573E-02  2.3407E-04
  3.6482E+01  1.9198E-02  5.3349E-04
  3.7468E+01  2.7760E-02  7.7450E-04
  3.8454E+01  3.5245E-02  1.0060E-03
  3.9440E+01  4.1578E-02  1.1611E-03
  4.0426E+01  4.6361E-02  1.3062E-03
  4.1412E+01  4.9744E-02  1.3979E-03
  4.2398E+01  5.2354E-02  1.4611E-03
  4.3384E+01  5.4974E-02  1.5083E-03
  4.4370E+01  5.7673E-02  1.5342E-03
  4.5356E+01  6.0594E-02  1.5608E-03
  4.6342E+01  6.2933E-02  1.5797E-03
  4.7328E+01  6.4696E-02  1.5892E-03
  4.8314E+01  6.5317E-02  1.6104E-03
  4.9300E+01  6.5398E-02  1.6181E-03
  5.0286E+01  6.5173E-02  1.6317E-03
  5.1272E+01  6.4880E-02  1.6321E-03
  5.2258E+01  6.4827E-02  1.6194E-03
  5.3244E+01  6.4923E-02  1.6015E-03
  5.4230E+01  6.4924E-02  1.5686E-03
  5.5216E+01  6.4694E-02  1.5214E-03
  5.6202E+01  6.3768E-02  1.4552E-03
  5.7188E+01  6.2277E-02  1.3721E-03
  5.8174E+01  6.0390E-02  1.2839E-03
  5.9160E+01  5.8332E-02  1.1915E-03
  6.0146E+01  5.6261E-02  1.1038E-03
  6.1132E+01  5.4298E-02  1.0069E-03
  6.2118E+01  5.2436E-02  9.1406E-04
  6.3104E+01  5.0634E-02  8.2271E-04
  6.4090E+01  4.9032E-02  7.4755E-04
  6.5076E+01  4.7669E-02  6.8914E-04
  6.6062E+01  4.6542E-02  6.4963E-04
  6.7048E+01  4.5575E-02  6.2499E-04
  6.8034E+01  4.4686E-02  6.1427E-04
  6.9020E+01  4.3877E-02  6.1142E-04
  7.0006E+01  4.3216E-02  6.1277E-04
  7.0992E+01  4.2885E-02  6.2398E-04
  7.1978E+01  4.2838E-02  6.4226E-04
  7.2964E+01  4.2985E-02  6.7240E-04
  7.3950E+01  4.3216E-02  7.1353E-04
  7.4936E+01  4.3471E-02  7.5761E-04
  7.5922E+01  4.3827E-02  8.0248E-04
  7.6908E+01  4.4276E-02  8.4060E-04
  7.7894E+01  4.4808E-02  8.7608E-04
  7.8880E+01  4.5263E-02  9.0968E-04
  7.9866E+01  4.5589E-02  9.4817E-04
  8.0852E+01  4.5816E-02  9.9278E-04
  8.1838E+01  4.6116E-02  1.0443E-03
  8.2824E+01  4.6603E-02  1.0995E-03
  8.3810E+01  4.7305E-02  1.1545E-03
  8.4796E+01  4.8122E-02  1.2063E-03
  8.5782E+01  4.8868E-02  1.2526E-03
  8.6768E+01  4.9395E-02  1.2946E-03
  8.7754E+01  4.9648E-02  1.3294E-03
  8.8740E+01  4.9760E-02  1.3614E-03
  8.9726E+01  4.9876E-02  1.3856E-03
  9.0712E+01  5.0143E-02  1.4073E-03
  9.1698E+01  5.0500E-02  1.4227E-03
  9.2684E+01  5.0851E-02  1.4339E-03
  9.3670E+01  5.1091E-02  1.4395E-03
  9.4656E+01  5.1200E-02  1.4407E-03
  9.5642E+01  5.1188E-02  1.4387E-03
  9.6628E+01  5.1088E-02  1.4341E-03
  9.7614E+01  5.0954E-02  1.4276E-03
  9.8600E+01  5.0877E-02  1.4198E-03
  9.9586E+01  5.0926E-02  1.4110E-03
  1.0057E+02  5.1082E-02  1.4007E-03
  1.0156E+02  5.1235E-02  1.3886E-03
  1.0254E+02  5.1272E-02  1.3745E-03
  1.0353E+02  5.1170E-02  1.3583E-03
  1.0452E+02  5.1013E-02  1.3418E-03
  1.0550E+02  5.0884E-02  1.3254E-03
  1.0649E+02  5.0812E-02  1.3105E-03
  1.0747E+02  5.0743E-02  1.2979E-03
  1.0846E+02  5.0636E-02  1.2882E-03
  1.0945E+02  5.0519E-02  1.2816E-03
  1.1043E+02  5.0450E-02  1.2775E-03
  1.1142E+02  5.0429E-02  1.2755E-03
  1.1240E+02  5.0361E-02  1.2746E-03
  1.1339E+02  5.0126E-02  1.2746E-03
  1.1438E+02  4.9685E-02  1.2751E-03
  1.1536E+02  4.9126E-02  1.2763E-03
  1.1635E+02  4.8590E-02  1.2782E-03
  1.1733E+02  4.8172E-02  1.2814E-03
  1.1832E+02  4.7842E-02  1.2863E-03
  1.1931E+02  4.7486E-02  1.2933E-03
  1.2029E+02  4.7006E-02  1.3021E-03
  1.2128E+02  4.6408E-02  1.3125E-03
  1.2226E+02  4.5795E-02  1.3234E-03
  1.2325E+02  4.5287E-02  1.3349E-03
  1.2424E+02  4.4924E-02  1.3467E-03
  1.2522E+02  4.4648E-02  1.3589E-03
  1.2621E+02  4.4371E-02  1.3713E-03
  1.2719E+02  4.4047E-02  1.3838E-03
  1.2818E+02  4.3705E-02  1.3958E-03
  1.2917E+02  4.3431E-02  1.4071E-03
  1.3015E+02  4.3302E-02  1.4176E-03
  1.3114E+02  4.3343E-02  1.4275E-03
  1.3212E+02  4.3510E-02  1.4369E-03
  1.3311E+02  4.3729E-02  1.4460E-03
  1.3410E+02  4.3934E-02  1.4548E-03
  1.3508E+02  4.4103E-02  1.4634E-03
  1.3607E+02  4.4263E-02  1.4718E-03
  1.3705E+02  4.4472E-02  1.4798E-03
  1.3804E+02  4.4790E-02  1.4874E-03
  1.3903E+02  4.5235E-02  1.4947E-03
  1.4001E+02  4.5765E-02  1.5018E-03
  1.4100E+02  4.6306E-02  1.5088E-03
  1.4198E+02  4.6801E-02  1.5158E-03
  1.4297E+02  4.7236E-02  1.5230E-03
  1.4396E+02  4.7629E-02  1.5302E-03
  1.4494E+02  4.7999E-02  1.5373E-03
  1.4593E+02  4.8362E-02  1.5442E-03
  1.4691E+02  4.8734E-02  1.5508E-03
  1.4790E+02  4.9118E-02  1.5572E-03
  1.4889E+02  4.9495E-02  1.5636E-03
  1.4987E+02  4.9824E-02  1.5701E-03
  1.5086E+02  5.0073E-02  1.5766E-03
  1.5184E+02  5.0232E-02  1.5831E-03
  1.5283E+02  5.0304E-02  1.5894E-03
  1.5382E+02  5.0294E-02  1.5953E-03
  1.5480E+02  5.0214E-02  1.6010E-03
  1.5579E+02  5.0088E-02  1.6063E-03
  1.5677E+02  4.9943E-02  1.6115E-03
  1.5776E+02  4.9779E-02  1.6166E-03
  1.5875E+02  4.9574E-02  1.6218E-03
  1.5973E+02  4.9298E-02  1.6271E-03
  1.6072E+02  4.8949E-02  1.6323E-03
  1.6170E+02  4.8554E-02  1.6375E-03
  1.6269E+02  4.8149E-02  1.6427E-03
  1.6368E+02  4.7752E-02  1.6479E-03
  1.6466E+02  4.7356E-02  1.6532E-03
  1.6565E+02  4.6946E-02  1.6587E-03
  1.6663E+02  4.6524E-02  1.6643E-03
  1.6762E+02  4.6107E-02  1.6701E-03
  1.6861E+02  4.5702E-02  1.6761E-03
  1.6959E+02  4.5299E-02  1.6824E-03
  1.7058E+02  4.4892E-02  1.6890E-03
  1.7156E+02  4.4498E-02  1.6958E-03
  1.7255E+02  4.4148E-02  1.7030E-03
  1.7354E+02  4.3847E-02  1.7103E-03
  1.7452E+02  4.3569E-02  1.7180E-03
  1.7551E+02  4.3289E-02  1.7259E-03
  1.7649E+02  4.3022E-02  1.7343E-03
  1.7748E+02  4.2810E-02  1.7431E-03
  1.7847E+02  4.2674E-02  1.7524E-03
  1.7945E+02  4.2594E-02  1.7622E-03
  1.8044E+02  4.2534E-02  1.7723E-03
  1.8142E+02  4.2482E-02  1.7828E-03
  1.8241E+02  4.2451E-02  1.7937E-03
  1.8340E+02  4.2464E-02  1.8049E-03
  1.8438E+02  4.2528E-02  1.8163E-03
  1.8537E+02  4.2630E-02  1.8279E-03
  1.8635E+02  4.2750E-02  1.8395E-03
  1.8734E+02  4.2878E-02  1.8510E-03
  1.8833E+02  4.3012E-02  1.8624E-03
  1.8931E+02  4.3159E-02  1.8738E-03
  1.9030E+02  4.3324E-02  1.8849E-03
  1.9128E+02  4.3503E-02  1.8958E-03
  1.9227E+02  4.3684E-02  1.9064E-03
  1.9326E+02  4.3851E-02  1.9167E-03
  1.9424E+02  4.3999E-02  1.9265E-03
  1.9523E+02  4.4137E-02  1.9359E-03
  1.9621E+02  4.4288E-02  1.9449E-03
  1.9720E+02  4.4461E-02  1.9536E-03
  1.9819E+02  4.4635E-02  1.9618E-03
  1.9917E+02  4.4776E-02  1.9698E-03
  2.0016E+02  4.4865E-02  1.9772E-03
  2.0114E+02  4.4925E-02  1.9842E-03
  2.0213E+02  4.4990E-02  1.9907E-03
  2.0312E+02  4.5070E-02  1.9968E-03
  2.0410E+02  4.5137E-02  2.0024E-03
  2.0509E+02  4.5158E-02  2.0078E-03
  2.0607E+02  4.5127E-02  2.0128E-03
  2.0706E+02  4.5062E-02  2.0175E-03
  2.0805E+02  4.4986E-02  2.0218E-03
  2.0903E+02  4.4905E-02  2.0258E-03
  2.1002E+02  4.4816E-02  2.0296E-03
  2.1100E+02  4.4721E-02  2.0331E-03
  2.1199E+02  4.4625E-02  2.0366E-03
  2.1298E+02  4.4532E-02  2.0401E-03
  2.1396E+02  4.4439E-02  2.0435E-03
  2.1495E+02  4.4339E-02  2.0470E-03
  2.1593E+02  4.4230E-02  2.0507E-03
  2.1692E+02  4.4123E-02  2.0545E-03
  2.1791E+02  4.4038E-02  2.0586E-03
  2.1889E+02  4.3984E-02  2.0628E-03
  2.1988E+02  4.3951E-02  2.0674E-03
  2.2086E+02  4.3917E-02  2.0722E-03
  2.2185E+02  4.3869E-02  2.0773E-03
  2.2284E+02  4.3812E-02  2.0826E-03
  2.2382E+02  4.3763E-02  2.0883E-03
  2.2481E+02  4.3740E-02  2.0943E-03
  2.2579E+02  4.3747E-02  2.1007E-03
  2.2678E+02  4.3769E-02  2.1073E-03
  2.2777E+02  4.3786E-02  2.1143E-03
  2.2875E+02  4.3786E-02  2.1215E-03
  2.2974E+02  4.3778E-02  2.1291E-03
  2.3072E+02  4.3781E-02  2.1369E-03
  2.3171E+02  4.3802E-02  2.1450E-03
  2.3270E+02  4.3824E-02  2.1533E-03
  2.3368E+02  4.3828E-02  2.1618E-03
  2.3467E+02  4.3812E-02  2.1705E-03
  2.3565E+02  4.3795E-02  2.1792E-03
  2.3664E+02  4.3791E-02  2.1879E-03
  2.3763E+02  4.3793E-02  2.1967E-03
  2.3861E+02  4.3786E-02  2.2055E-03
  2.3960E+02  4.3765E-02  2.2142E-03
  2.4058E+02  4.3740E-02  2.2228E-03
  2.4157E+02  4.3724E-02  2.2313E-03
  2.4256E+02  4.3722E-02  2.2397E-03
  2.4354E+02  4.3732E-02  2.2480E-03
  2.4453E+02  4.3750E-02  2.2561E-03
  2.4551E+02  4.3774E-02  2.2642E-03
  2.4650E+02  4.3802E-02  2.2721E-03
  2.4749E+02  4.3830E-02  2.2799E-03
  2.4847E+02  4.3853E-02  2.2875E-03
  2.4946E+02  4.3872E-02  2.2950E-03
  2.5044E+02  4.3896E-02  2.3023E-03
  2.5143E+02  4.3934E-02  2.3096E-03
  2.5242E+02  4.3985E-02  2.3167E-03
  2.5340E+02  4.4033E-02  2.3238E-03
  2.5439E+02  4.4064E-02  2.3307E-03
  2.5537E+02  4.4077E-02  2.3376E-03
  2.5636E+02  4.4081E-02  2.3445E-03
  2.5735E+02  4.4088E-02  2.3513E-03
  2.5833E+02  4.4104E-02  2.3582E-03
  2.5932E+02  4.4126E-02  2.3650E-03
  2.6030E+02  4.4149E-02  2.3719E-03
  2.6129E+02  4.4163E-02  2.3789E-03
  2.6228E+02  4.4161E-02  2.3859E-03
  2.6326E+02  4.4146E-02  2.3930E-03
  2.6425E+02  4.4130E-02  2.4001E-03
  2.6523E+02  4.4123E-02  2.4073E-03
  2.6622E+02  4.4123E-02  2.4145E-03
  2.6721E+02  4.4115E-02  2.4218E-03
  2.6819E+02  4.4085E-02  2.4290E-03
  2.6918E+02  4.4037E-02  2.4363E-03
  2.7016E+02  4.3984E-02  2.4435E-03
  2.7115E+02  4.3931E-02  2.4507E-03
  2.7214E+02  4.3875E-02  2.4578E-03
  2.7312E+02  4.3804E-02  2.4648E-03
  2.7411E+02  4.3719E-02  2.4717E-03
  2.7509E+02  4.3630E-02  2.4786E-03
  2.7608E+02  4.3546E-02  2.4854E-03
  2.7707E+02  4.3466E-02  2.4921E-03
  2.7805E+02  4.3380E-02  2.4987E-03
  2.7904E+02  4.3281E-02  2.5054E-03
  2.8002E+02  4.3174E-02  2.5119E-03
  2.8101E+02  4.3069E-02  2.5185E-03
  2.8200E+02  4.2974E-02  2.5249E-03
  2.8298E+02  4.2884E-02  2.5314E-03
  2.8397E+02  4.2791E-02  2.5379E-03
  2.8495E+02  4.2690E-02  2.5444E-03
  2.8594E+02  4.2583E-02  2.5508E-03
  2.8693E+02  4.2473E-02  2.5573E-03
  2.8791E+02  4.2361E-02  2.5637E-03
  2.8890E+02  4.2250E-02  2.5702E-03
  2.8988E+02  4.2140E-02  2.5766E-03
  2.9087E+02  4.2031E-02  2.5831E-03
  2.9186E+02  4.1922E-02  2.5896E-03
  2.9284E+02  4.1815E-02  2.5961E-03
  2.9383E+02  4.1709E-02  2.6026E-03
  2.9481E+02  4.1607E-02  2.6092E-03
  2.9580E+02  4.1511E-02  2.6158E-03
  2.9679E+02  4.1419E-02  2.6224E-03
  2.9777E+02  4.1331E-02  2.6291E-03
  2.9876E+02  4.1249E-02  2.6358E-03
  2.9974E+02  4.1175E-02  2.6425E-03
  3.0073E+02  4.1108E-02  2.6492E-03
  3.0172E+02  4.1045E-02  2.6559E-03
  3.0270E+02  4.0982E-02  2.6626E-03
  3.0369E+02  4.0920E-02  2.6693E-03
  3.0467E+02  4.0864E-02  2.6759E-03
  3.0566E+02  4.0816E-02  2.6824E-03
  3.0665E+02  4.0772E-02  2.6889E-03
  3.0763E+02  4.0726E-02  2.6953E-03
  3.0862E+02  4.0676E-02  2.7016E-03
  3.0960E+02  4.0625E-02  2.7079E-03
  3.1059E+02  4.0581E-02  2.7141E-03
  3.1158E+02  4.0544E-02  2.7202E-03
  3.1256E+02  4.0507E-02  2.7262E-03
  3.1355E+02  4.0464E-02  2.7322E-03
  3.1453E+02  4.0415E-02  2.7381E-03
  3.1552E+02  4.0365E-02  2.7440E-03
  3.1651E+02  4.0318E-02  2.7498E-03
  3.1749E+02  4.0276E-02  2.7555E-03
  3.1848E+02  4.0234E-02  2.7612E-03
  3.1946E+02  4.0189E-02  2.7669E-03
  3.2045E+02  4.0139E-02  2.7725E-03
  3.2144E+02  4.0088E-02  2.7781E-03
  3.2242E+02  4.0037E-02  2.7836E-03
  3.2341E+02  3.9988E-02  2.7891E-03
  3.2439E+02  3.9942E-02  2.7947E-03
  3.2538E+02  3.9895E-02  2.8002E-03
  3.2637E+02  3.9847E-02  2.8057E-03
  3.2735E+02  3.9797E-02  2.8113E-03
  3.2834E+02  3.9745E-02  2.8168E-03
  3.2932E+02  3.9690E-02  2.8224E-03
  3.3031E+02  3.9630E-02  2.8281E-03
  3.3130E+02  3.9566E-02  2.8338E-03
  3.3228E+02  3.9499E-02  2.8395E-03
  3.3327E+02  3.9429E-02  2.8453E-03
  3.3425E+02  3.9355E-02  2.8511E-03
  3.3524E+02  3.9275E-02  2.8569E-03
  3.3623E+02  3.9187E-02  2.8628E-03
  3.3721E+02  3.9095E-02  2.8688E-03
  3.3820E+02  3.9001E-02  2.8748E-03
  3.3918E+02  3.8911E-02  2.8808E-03
  3.4017E+02  3.8823E-02  2.8869E-03
  3.4116E+02  3.8737E-02  2.8930E-03
  3.4214E+02  3.8651E-02  2.8991E-03
  3.4313E+02  3.8567E-02  2.9053E-03
  3.4411E+02  3.8488E-02  2.9115E-03
  3.4510E+02  3.8417E-02  2.9177E-03
  3.4609E+02  3.8354E-02  2.9239E-03
  3.4707E+02  3.8298E-02  2.9302E-03
  3.4806E+02  3.8248E-02  2.9364E-03
  3.4904E+02  3.8204E-02  2.9427E-03
  3.5003E+02  3.8165E-02  2.9489E-03
  3.5102E+02  3.8131E-02  2.9552E-03
  3.5200E+02  3.8105E-02  2.9614E-03
  3.5299E+02  3.8085E-02  2.9676E-03
  3.5397E+02  3.8071E-02  2.9737E-03
  3.5496E+02  3.8061E-02  2.9799E-03
  3.5595E+02  3.8052E-02  2.9860E-03
  3.5693E+02  3.8045E-02  2.9922E-03
  3.5792E+02  3.8039E-02  2.9983E-03
  3.5890E+02  3.8035E-02  3.0044E-03
  3.5989E+02  3.8032E-02  3.0104E-03
  3.6088E+02  3.8029E-02  3.0165E-03
  3.6186E+02  3.8024E-02  3.0226E-03
  3.6285E+02  3.8016E-02  3.0286E-03
  3.6383E+02  3.8005E-02  3.0346E-03
  3.6482E+02  3.7992E-02  3.0406E-03
  3.6581E+02  3.7975E-02  3.0466E-03
  3.6679E+02  3.7956E-02  3.0525E-03
  3.6778E+02  3.7935E-02  3.0584E-03
  3.6876E+02  3.7909E-02  3.0643E-03
  3.6975E+02  3.7879E-02  3.0701E-03
  3.7074E+02  3.7845E-02  3.0759E-03
  3.7172E+02  3.7810E-02  3.0816E-03
  3.7271E+02  3.7774E-02  3.0873E-03
  3.7369E+02  3.7739E-02  3.0930E-03
  3.7468E+02  3.7702E-02  3.0986E-03
  3.7567E+02  3.7664E-02  3.1042E-03
  3.7665E+02  3.7626E-02  3.1098E-03
  3.7764E+02  3.7591E-02  3.1153E-03
  3.7862E+02  3.7561E-02  3.1209E-03
  3.7961E+02  3.7533E-02  3.1264E-03
  3.8060E+02  3.7508E-02  3.1319E-03
  3.8158E+02  3.7486E-02  3.1374E-03
  3.8257E+02  3.7467E-02  3.1430E-03
  3.8355E+02  3.7451E-02  3.1485E-03
  3.8454E+02  3.7438E-02  3.1541E-03
  3.8553E+02  3.7428E-02  3.1597E-03
  3.8651E+02  3.7420E-02  3.1654E-03
  3.8750E+02  3.7413E-02  3.1710E-03
  3.8848E+02  3.7407E-02  3.1767E-03
  3.8947E+02  3.7401E-02  3.1825E-03
  3.9046E+02  3.7395E-02  3.1883E-03
  3.9144E+02  3.7387E-02  3.1941E-03
  3.9243E+02  3.7378E-02  3.1999E-03
  3.9341E+02  3.7367E-02  3.2058E-03
  3.9440E+02  3.7352E-02  3.2117E-03
  3.9539E+02  3.7335E-02  3.2176E-03
  3.9637E+02  3.7316E-02  3.2235E-03
  3.9736E+02  3.7294E-02  3.2294E-03
  3.9834E+02  3.7270E-02  3.2353E-03
  3.9933E+02  3.7242E-02  3.2412E-03
  4.0032E+02  3.7210E-02  3.2470E-03
  4.0130E+02  3.7176E-02  3.2528E-03
  4.0229E+02  3.7142E-02  3.2586E-03
  4.0327E+02  3.7108E-02  3.2644E-03
  4.0426E+02  3.7072E-02  3.2701E-03
  4.0525E+02  3.7034E-02  3.2757E-03
  4.0623E+02  3.6995E-02  3.2813E-03
  4.0722E+02  3.6956E-02  3.2868E-03
  4.0820E+02  3.6918E-02  3.2923E-03
  4.0919E+02  3.6881E-02  3.2977E-03
  4.1018E+02  3.6843E-02  3.3030E-03
  4.1116E+02  3.6806E-02  3.3083E-03
  4.1215E+02  3.6770E-02  3.3135E-03
  4.1313E+02  3.6735E-02  3.3187E-03
  4.1412E+02  3.6701E-02  3.3238E-03
  4.1511E+02  3.6668E-02  3.3289E-03
  4.1609E+02  3.6638E-02  3.3340E-03
  4.1708E+02  3.6610E-02  3.3391E-03
  4.1806E+02  3.6584E-02  3.3441E-03
  4.1905E+02  3.6560E-02  3.3492E-03
  4.2004E+02  3.6537E-02  3.3542E-03
  4.2102E+02  3.6516E-02  3.3593E-03
  4.2201E+02  3.6498E-02  3.3644E-03
  4.2299E+02  3.6483E-02  3.3695E-03
  4.2398E+02  3.6469E-02  3.3746E-03
  4.2497E+02  3.6456E-02  3.3798E-03
  4.2595E+02  3.6443E-02  3.3850E-03
  4.2694E+02  3.6431E-02  3.3902E-03
  4.2792E+02  3.6420E-02  3.3955E-03
  4.2891E+02  3.6407E-02  3.4008E-03
  4.2990E+02  3.6393E-02  3.4061E-03
  4.3088E+02  3.6379E-02  3.4114E-03
  4.3187E+02  3.6365E-02  3.4167E-03
  4.3285E+02  3.6348E-02  3.4221E-03
  4.3384E+02  3.6328E-02  3.4274E-03
  4.3483E+02  3.6304E-02  3.4328E-03
  4.3581E+02  3.6280E-02  3.4382E-03
  4.3680E+02  3.6254E-02  3.4435E-03
  4.3778E+02  3.6226E-02  3.4488E-03
  4.3877E+02  3.6194E-02  3.4541E-03
  4.3976E+02  3.6158E-02  3.4594E-03
  4.4074E+02  3.6122E-02  3.4647E-03
  4.4173E+02  3.6084E-02  3.4699E-03
  4.4271E+02  3.6045E-02  3.4751E-03
  4.4370E+02  3.6003E-02  3.4803E-03
  4.4469E+02  3.5960E-02  3.4854E-03
  4.4567E+02  3.5916E-02  3.4904E-03
  4.4666E+02  3.5872E-02  3.4955E-03
  4.4764E+02  3.5829E-02  3.5005E-03
  4.4863E+02  3.5785E-02  3.5054E-03
  4.4962E+02  3.5741E-02  3.5103E-03
  4.5060E+02  3.5698E-02  3.5152E-03
  4.5159E+02  3.5655E-02  3.5200E-03
  4.5257E+02  3.5615E-02  3.5248E-03
  4.5356E+02  3.5576E-02  3.5296E-03
  4.5455E+02  3.5538E-02  3.5344E-03
  4.5553E+02  3.5501E-02  3.5391E-03
  4.5652E+02  3.5465E-02  3.5439E-03
  4.5750E+02  3.5432E-02  3.5486E-03
  4.5849E+02  3.5399E-02  3.5534E-03
  4.5948E+02  3.5367E-02  3.5581E-03
  4.6046E+02  3.5337E-02  3.5629E-03
  4.6145E+02  3.5309E-02  3.5676E-03
  4.6243E+02  3.5281E-02  3.5724E-03
  4.6342E+02  3.5253E-02  3.5772E-03
  4.6441E+02  3.5226E-02  3.5820E-03
  4.6539E+02  3.5201E-02  3.5869E-03
  4.6638E+02  3.5177E-02  3.5917E-03
  4.6736E+02  3.5153E-02  3.5966E-03
  4.6835E+02  3.5128E-02  3.6015E-03
  4.6934E+02  3.5104E-02  3.6064E-03
  4.7032E+02  3.5081E-02  3.6113E-03
  4.7131E+02  3.5058E-02  3.6162E-03
  4.7229E+02  3.5036E-02  3.6212E-03
  4.7328E+02  3.5012E-02  3.6261E-03
  4.7427E+02  3.4987E-02  3.6310E-03
  4.7525E+02  3.4963E-02  3.6360E-03
  4.7624E+02  3.4939E-02  3.6409E-03
  4.7722E+02  3.4915E-02  3.6458E-03
  4.7821E+02  3.4890E-02  3.6507E-03
  4.7920E+02  3.4865E-02  3.6556E-03
  4.8018E+02  3.4839E-02  3.6604E-03
  4.8117E+02  3.4813E-02  3.6652E-03
  4.8215E+02  3.4788E-02  3.6700E-03
  4.8314E+02  3.4761E-02  3.6748E-03
  4.8413E+02  3.4733E-02  3.6796E-03
  4.8511E+02  3.4705E-02  3.6843E-03
  4.8610E+02  3.4677E-02  3.6890E-03
  4.8708E+02  3.4649E-02  3.6937E-03
  4.8807E+02  3.4619E-02  3.6983E-03
  4.8906E+02  3.4589E-02  3.7030E-03
  4.9004E+02  3.4558E-02  3.7076E-03
  4.9103E+02  3.4527E-02  3.7122E-03
  4.9201E+02  3.4495E-02  3.7168E-03
  4.9300E+02  3.4463E-02  3.7214E-03
  4.9399E+02  3.4430E-02  3.7260E-03
  4.9497E+02  3.4397E-02  3.7305E-03
  4.9596E+02  3.4364E-02  3.7351E-03
  4.9694E+02  3.4331E-02  3.7397E-03
  4.9793E+02  3.4296E-02  3.7443E-03
  4.9892E+02  3.4262E-02  3.7489E-03
  4.9990E+02  3.4229E-02  3.7535E-03
  5.0089E+02  3.4197E-02  3.7581E-03
  5.0187E+02  3.4164E-02  3.7627E-03
  5.0286E+02  3.4131E-02  3.7673E-03
  5.0385E+02  3.4098E-02  3.7719E-03
  5.0483E+02  3.4066E-02  3.7766E-03
  5.0582E+02  3.4036E-02  3.7812E-03
  5.0680E+02  3.4006E-02  3.7859E-03
  5.0779E+02  3.3976E-02  3.7905E-03
  5.0878E+02  3.3947E-02  3.7952E-03
  5.0976E+02  3.3918E-02  3.7998E-03
  5.1075E+02  3.3891E-02  3.8045E-03
  5.1173E+02  3.3865E-02  3.8092E-03
  5.1272E+02  3.3839E-02  3.8138E-03
  5.1371E+02  3.3813E-02  3.8185E-03
  5.1469E+02  3.3788E-02  3.8231E-03
  5.1568E+02  3.3764E-02  3.8277E-03
  5.1666E+02  3.3740E-02  3.8323E-03
  5.1765E+02  3.3716E-02  3.8369E-03
  5.1864E+02  3.3692E-02  3.8415E-03
  5.1962E+02  3.3667E-02  3.8461E-03
  5.2061E+02  3.3643E-02  3.8506E-03
  5.2159E+02  3.3619E-02  3.8551E-03
  5.2258E+02  3.3594E-02  3.8596E-03
  5.2357E+02  3.3569E-02  3.8641E-03
  5.2455E+02  3.3543E-02  3.8686E-03
  5.2554E+02  3.3517E-02  3.8730E-03
  5.2652E+02  3.3490E-02  3.8774E-03
  5.2751E+02  3.3463E-02  3.8818E-03
  5.2850E+02  3.3436E-02  3.8862E-03
  5.2948E+02  3.3409E-02  3.8905E-03
  5.3047E+02  3.3381E-02  3.8948E-03
  5.3145E+02  3.3352E-02  3.8992E-03
  5.3244E+02  3.3323E-02  3.9035E-03
  5.3343E+02  3.3295E-02  3.9077E-03
  5.3441E+02  3.3266E-02  3.9120E-03
  5.3540E+02  3.3238E-02  3.9163E-03
  5.3638E+02  3.3210E-02  3.9205E-03
  5.3737E+02  3.3182E-02  3.9248E-03
  5.3836E+02  3.3153E-02  3.9290E-03
  5.3934E+02  3.3125E-02  3.9332E-03
  5.4033E+02  3.3098E-02  3.9374E-03
  5.4131E+02  3.3071E-02  3.9416E-03
  5.4230E+02  3.3043E-02  3.9458E-03
  5.4329E+02  3.3016E-02  3.9500E-03
  5.4427E+02  3.2989E-02  3.9542E-03
  5.4526E+02  3.2962E-02  3.9584E-03
  5.4624E+02  3.2936E-02  3.9627E-03
  5.4723E+02  3.2910E-02  3.9669E-03
  5.4822E+02  3.2883E-02  3.9711E-03
  5.4920E+02  3.2857E-02  3.9753E-03
  5.5019E+02  3.2831E-02  3.9795E-03
  5.5117E+02  3.2805E-02  3.9837E-03
  5.5216E+02  3.2779E-02  3.9879E-03
  5.5315E+02  3.2753E-02  3.9921E-03
  5.5413E+02  3.2727E-02  3.9963E-03
  5.5512E+02  3.2701E-02  4.0004E-03
  5.5610E+02  3.2676E-02  4.0046E-03
  5.5709E+02  3.2650E-02  4.0088E-03
  5.5808E+02  3.2625E-02  4.0130E-03
  5.5906E+02  3.2600E-02  4.0172E-03
  5.6005E+02  3.2574E-02  4.0214E-03
  5.6103E+02  3.2549E-02  4.0256E-03
  5.6202E+02  3.2523E-02  4.0297E-03
  5.6301E+02  3.2499E-02  4.0339E-03
  5.6399E+02  3.2474E-02  4.0380E-03
  5.6498E+02  3.2449E-02  4.0422E-03
  5.6596E+02  3.2423E-02  4.0463E-03
  5.6695E+02  3.2397E-02  4.0504E-03
  5.6794E+02  3.2372E-02  4.0546E-03
  5.6892E+02  3.2347E-02  4.0587E-03
  5.6991E+02  3.2322E-02  4.0628E-03
  5.7089E+02  3.2295E-02  4.0668E-03
  5.7188E+02  3.2269E-02  4.0709E-03
  5.7287E+02  3.2242E-02  4.0750E-03
  5.7385E+02  3.2216E-02  4.0790E-03
  5.7484E+02  3.2189E-02  4.0830E-03
  5.7582E+02  3.2162E-02  4.0870E-03
  5.7681E+02  3.2135E-02  4.0911E-03
  5.7780E+02  3.2107E-02  4.0950E-03
  5.7878E+02  3.2079E-02  4.0990E-03
  5.7977E+02  3.2051E-02  4.1030E-03
  5.8075E+02  3.2023E-02  4.1069E-03
  5.8174E+02  3.1996E-02  4.1109E-03
  5.8273E+02  3.1967E-02  4.1148E-03
  5.8371E+02  3.1939E-02  4.1187E-03
  5.8470E+02  3.1911E-02  4.1226E-03
  5.8568E+02  3.1883E-02  4.1265E-03
  5.8667E+02  3.1856E-02  4.1303E-03
  5.8766E+02  3.1828E-02  4.1342E-03
  5.8864E+02  3.1801E-02  4.1381E-03
  5.8963E+02  3.1774E-02  4.1419E-03
  5.9061E+02  3.1748E-02  4.1457E-03
  5.9160E+02  3.1721E-02  4.1495E-03
  5.9259E+02  3.1695E-02  4.1534E-03
  5.9357E+02  3.1669E-02  4.1572E-03
  5.9456E+02  3.1643E-02  4.1610E-03
  5.9554E+02  3.1617E-02  4.1648E-03
  5.9653E+02  3.1592E-02  4.1686E-03
  5.9752E+02  3.1566E-02  4.1723E-03
  5.9850E+02  3.1541E-02  4.1761E-03
  5.9949E+02  3.1516E-02  4.1799E-03
  6.0047E+02  3.1491E-02  4.1837E-03
  6.0146E+02  3.1465E-02  4.1875E-03
  6.0245E+02  3.1440E-02  4.1913E-03
  6.0343E+02  3.1415E-02  4.1950E-03
  6.0442E+02  3.1390E-02  4.1988E-03
  6.0540E+02  3.1364E-02  4.2026E-03
  6.0639E+02  3.1339E-02  4.2064E-03
  6.0738E+02  3.1314E-02  4.2102E-03
  6.0836E+02  3.1289E-02  4.2140E-03
  6.0935E+02  3.1264E-02  4.2177E-03
  6.1033E+02  3.1239E-02  4.2215E-03
  6.1132E+02  3.1215E-02  4.2253E-03
  6.1231E+02  3.1190E-02  4.2290E-03
  6.1329E+02  3.1166E-02  4.2328E-03
  6.1428E+02  3.1142E-02  4.2365E-03
  6.1526E+02  3.1118E-02  4.2403E-03
  6.1625E+02  3.1095E-02  4.2440E-03
  6.1724E+02  3.1072E-02  4.2477E-03
  6.1822E+02  3.1049E-02  4.2515E-03
  6.1921E+02  3.1026E-02  4.2552E-03
  6.2019E+02  3.1003E-02  4.2589E-03
  6.2118E+02  3.0981E-02  4.2625E-03
  6.2217E+02  3.0958E-02  4.2662E-03
  6.2315E+02  3.0936E-02  4.2699E-03
  6.2414E+02  3.0914E-02  4.2735E-03
  6.2512E+02  3.0892E-02  4.2771E-03
  6.2611E+02  3.0870E-02  4.2807E-03
  6.2710E+02  3.0848E-02  4.2844E-03
  6.2808E+02  3.0826E-02  4.2879E-03
  6.2907E+02  3.0804E-02  4.2915E-03
  6.3005E+02  3.0783E-02  4.2951E-03
  6.3104E+02  3.0761E-02  4.2987E-03
  6.3203E+02  3.0739E-02  4.3022E-03
  6.3301E+02  3.0716E-02  4.3058E-03
  6.3400E+02  3.0694E-02  4.3093E-03
  6.3498E+02  3.0671E-02  4.3129E-03
  6.3597E+02  3.0649E-02  4.3164E-03
  6.3696E+02  3.0627E-02  4.3199E-03
  6.3794E+02  3.0604E-02  4.3234E-03
  6.3893E+02  3.0581E-02  4.3269E-03
  6.3991E+02  3.0558E-02  4.3304E-03
  6.4090E+02  3.0536E-02  4.3339E-03
  6.4189E+02  3.0513E-02  4.3374E-03
  6.4287E+02  3.0490E-02  4.3409E-03
  6.4386E+02  3.0467E-02  4.3444E-03
  6.4484E+02  3.0443E-02  4.3478E-03
  6.4583E+02  3.0420E-02  4.3513E-03
  6.4682E+02  3.0397E-02  4.3548E-03
  6.4780E+02  3.0374E-02  4.3582E-03
  6.4879E+02  3.0351E-02  4.3617E-03
  6.4977E+02  3.0327E-02  4.3651E-03
  6.5076E+02  3.0304E-02  4.3686E-03
  6.5175E+02  3.0281E-02  4.3720E-03
  6.5273E+02  3.0258E-02  4.3754E-03
  6.5372E+02  3.0235E-02  4.3789E-03
  6.5470E+02  3.0212E-02  4.3823E-03
  6.5569E+02  3.0189E-02  4.3857E-03
  6.5668E+02  3.0166E-02  4.3891E-03
  6.5766E+02  3.0143E-02  4.3925E-03
  6.5865E+02  3.0119E-02  4.3959E-03
  6.5963E+02  3.0096E-02  4.3993E-03
  6.6062E+02  3.0074E-02  4.4026E-03
  6.6161E+02  3.0051E-02  4.4060E-03
  6.6259E+02  3.0028E-02  4.4094E-03
  6.6358E+02  3.0005E-02  4.4127E-03
  6.6456E+02  2.9983E-02  4.4161E-03
  6.6555E+02  2.9961E-02  4.4194E-03
  6.6654E+02  2.9938E-02  4.4228E-03
  6.6752E+02  2.9916E-02  4.4261E-03
  6.6851E+02  2.9894E-02  4.4294E-03
  6.6949E+02  2.9872E-02  4.4327E-03
  6.7048E+02  2.9850E-02  4.4360E-03
  6.7147E+02  2.9829E-02  4.4394E-03
  6.7245E+02  2.9807E-02  4.4427E-03
  6.7344E+02  2.9786E-02  4.4460E-03
  6.7442E+02  2.9764E-02  4.4493E-03
  6.7541E+02  2.9743E-02  4.4525E-03
  6.7640E+02  2.9722E-02  4.4558E-03
  6.7738E+02  2.9701E-02  4.4591E-03
  6.7837E+02  2.9680E-02  4.4624E-03
  6.7935E+02  2.9659E-02  4.4656E-03
  6.8034E+02  2.9639E-02  4.4689E-03
  6.8133E+02  2.9618E-02  4.4722E-03
  6.8231E+02  2.9597E-02  4.4754E-03
  6.8330E+02  2.9577E-02  4.4786E-03
  6.8428E+02  2.9556E-02  4.4819E-03
  6.8527E+02  2.9536E-02  4.4851E-03
  6.8626E+02  2.9515E-02  4.4883E-03
  6.8724E+02  2.9495E-02  4.4915E-03
  6.8823E+02  2.9474E-02  4.4947E-03
  6.8921E+02  2.9454E-02  4.4979E-03
  6.9020E+02  2.9433E-02  4.5010E-03
  6.9119E+02  2.9413E-02  4.5042E-03
  6.9217E+02  2.9392E-02  4.5073E-03
  6.9316E+02  2.9372E-02  4.5105E-03
  6.9414E+02  2.9351E-02  4.5136E-03
  6.9513E+02  2.9330E-02  4.5167E-03
  6.9612E+02  2.9309E-02  4.5198E-03
  6.9710E+02  2.9288E-02  4.5229E-03
  6.9809E+02  2.9267E-02  4.5260E-03
  6.9907E+02  2.9246E-02  4.5291E-03
  7.0006E+02  2.9225E-02  4.5322E-03
  7.0105E+02  2.9203E-02  4.5352E-03
  7.0203E+02  2.9181E-02  4.5383E-03
  7.0302E+02  2.9160E-02  4.5413E-03
  7.0400E+02  2.9138E-02  4.5444E-03
  7.0499E+02  2.9116E-02  4.5474E-03
  7.0598E+02  2.9094E-02  4.5504E-03
  7.0696E+02  2.9071E-02  4.5534E-03
  7.0795E+02  2.9049E-02  4.5565E-03
  7.0893E+02  2.9027E-02  4.5595E-03
  7.0992E+02  2.9005E-02  4.5625E-03
  7.1091E+02  2.8983E-02  4.5655E-03
  7.1189E+02  2.8961E-02  4.5685E-03
  7.1288E+02  2.8939E-02  4.5715E-03
  7.1386E+02  2.8917E-02  4.5745E-03
  7.1485E+02  2.8895E-02  4.5774E-03
  7.1584E+02  2.8874E-02  4.5804E-03
  7.1682E+02  2.8852E-02  4.5834E-03
  7.1781E+02  2.8831E-02  4.5864E-03
  7.1879E+02  2.8810E-02  4.5893E-03
  7.1978E+02  2.8789E-02  4.5923E-03
  7.2077E+02  2.8768E-02  4.5953E-03
  7.2175E+02  2.8747E-02  4.5982E-03
  7.2274E+02  2.8727E-02  4.6012E-03
  7.2372E+02  2.8707E-02  4.6041E-03
  7.2471E+02  2.8687E-02  4.6071E-03
  7.2570E+02  2.8667E-02  4.6100E-03
  7.2668E+02  2.8647E-02  4.6130E-03
  7.2767E+02  2.8628E-02  4.6159E-03
  7.2865E+02  2.8608E-02  4.6188E-03
  7.2964E+02  2.8589E-02  4.6217E-03
  7.3063E+02  2.8569E-02  4.6246E-03
  7.3161E+02  2.8550E-02  4.6275E-03
  7.3260E+02  2.8530E-02  4.6304E-03
  7.3358E+02  2.8511E-02  4.6333E-03
  7.3457E+02  2.8491E-02  4.6362E-03
  7.3556E+02  2.8472E-02  4.6391E-03
  7.3654E+02  2.8452E-02  4.6420E-03
  7.3753E+02  2.8432E-02  4.6448E-03
  7.3851E+02  2.8412E-02  4.6477E-03
  7.3950E+02  2.8392E-02  4.6505E-03
  7.4049E+02  2.8372E-02  4.6534E-03
  7.4147E+02  2.8351E-02  4.6562E-03
  7.4246E+02  2.8331E-02  4.6590E-03
  7.4344E+02  2.8310E-02  4.6618E-03
  7.4443E+02  2.8290E-02  4.6646E-03
  7.4542E+02  2.8269E-02  4.6674E-03
  7.4640E+02  2.8248E-02  4.6702E-03
  7.4739E+02  2.8227E-02  4.6730E-03
  7.4837E+02  2.8206E-02  4.6757E-03
  7.4936E+02  2.8184E-02  4.6785E-03
  7.5035E+02  2.8163E-02  4.6812E-03
  7.5133E+02  2.8142E-02  4.6840E-03
  7.5232E+02  2.8121E-02  4.6867E-03
  7.5330E+02  2.8100E-02  4.6894E-03
  7.5429E+02  2.8079E-02  4.6921E-03
  7.5528E+02  2.8058E-02  4.6948E-03
  7.5626E+02  2.8037E-02  4.6975E-03
  7.5725E+02  2.8016E-02  4.7002E-03
  7.5823E+02  2.7995E-02  4.7029E-03
  7.5922E+02  2.7974E-02  4.7056E-03
  7.6021E+02  2.7954E-02  4.7083E-03
  7.6119E+02  2.7934E-02  4.7110E-03
  7.6218E+02  2.7913E-02  4.7136E-03
  7.6316E+02  2.7893E-02  4.7163E-03
  7.6415E+02  2.7873E-02  4.7190E-03
  7.6514E+02  2.7853E-02  4.7216E-03
  7.6612E+02  2.7833E-02  4.7243E-03
  7.6711E+02  2.7813E-02  4.7269E-03
  7.6809E+02  2.7794E-02  4.7296E-03
  7.6908E+02  2.7774E-02  4.7322E-03
  7.7007E+02  2.7755E-02  4.7348E-03
  7.7105E+02  2.7735E-02  4.7375E-03
  7.7204E+02  2.7716E-02  4.7401E-03
  7.7302E+02  2.7697E-02  4.7427E-03
  7.7401E+02  2.7677E-02  4.7453E-03
  7.7500E+02  2.7658E-02  4.7480E-03
  7.7598E+02  2.7639E-02  4.7506E-03
  7.7697E+02  2.7619E-02  4.7532E-03
  7.7795E+02  2.7600E-02  4.7558E-03
  7.7894E+02  2.7581E-02  4.7584E-03
  7.7993E+02  2.7561E-02  4.7610E-03
  7.8091E+02  2.7542E-02  4.7636E-03
  7.8190E+02  2.7522E-02  4.7661E-03
  7.8288E+02  2.7503E-02  4.7687E-03
  7.8387E+02  2.7483E-02  4.7713E-03
  7.8486E+02  2.7464E-02  4.7738E-03
  7.8584E+02  2.7444E-02  4.7764E-03
  7.8683E+02  2.7424E-02  4.7789E-03
  7.8781E+02  2.7405E-02  4.7815E-03
  7.8880E+02  2.7385E-02  4.7840E-03
  7.8979E+02  2.7365E-02  4.7865E-03
  7.9077E+02  2.7346E-02  4.7890E-03
  7.9176E+02  2.7326E-02  4.7915E-03
  7.9274E+02  2.7306E-02  4.7940E-03
  7.9373E+02  2.7287E-02  4.7965E-03
  7.9472E+02  2.7267E-02  4.7990E-03
  7.9570E+02  2.7248E-02  4.8014E-03
  7.9669E+02  2.7228E-02  4.8039E-03
  7.9767E+02  2.7209E-02  4.8064E-03
  7.9866E+02  2.7190E-02  4.8088E-03
  7.9965E+02  2.7171E-02  4.8113E-03
  8.0063E+02  2.7152E-02  4.8137E-03
  8.0162E+02  2.7133E-02  4.8161E-03
  8.0260E+02  2.7114E-02  4.8186E-03
  8.0359E+02  2.7096E-02  4.8210E-03
  8.0458E+02  2.7077E-02  4.8234E-03
  8.0556E+02  2.7059E-02  4.8258E-03
  8.0655E+02  2.7040E-02  4.8282E-03
  8.0753E+02  2.7022E-02  4.8306E-03
  8.0852E+02  2.7004E-02  4.8330E-03
  8.0951E+02  2.6985E-02  4.8354E-03
  8.1049E+02  2.6967E-02  4.8378E-03
  8.1148E+02  2.6949E-02  4.8402E-03
  8.1246E+02  2.6931E-02  4.8426E-03
  8.1345E+02  2.6912E-02  4.8450E-03
  8.1444E+02  2.6894E-02  4.8473E-03
  8.1542E+02  2.6876E-02  4.8497E-03
  8.1641E+02  2.6857E-02  4.8521E-03
  8.1739E+02  2.6839E-02  4.8544E-03
  8.1838E+02  2.6820E-02  4.8568E-03
  8.1937E+02  2.6802E-02  4.8591E-03
  8.2035E+02  2.6783E-02  4.8614E-03
  8.2134E+02  2.6764E-02  4.8638E-03
  8.2232E+02  2.6745E-02  4.8661E-03
  8.2331E+02  2.6727E-02  4.8684E-03
  8.2430E+02  2.6708E-02  4.8707E-03
  8.2528E+02  2.6689E-02  4.8730E-03
  8.2627E+02  2.6670E-02  4.8753E-03
  8.2725E+02  2.6651E-02  4.8776E-03
  8.2824E+02  2.6631E-02  4.8799E-03
  8.2923E+02  2.6612E-02  4.8822E-03
  8.3021E+02  2.6593E-02  4.8844E-03
  8.3120E+02  2.6574E-02  4.8867E-03
  8.3218E+02  2.6555E-02  4.8889E-03
  8.3317E+02  2.6536E-02  4.8912E-03
  8.3416E+02  2.6517E-02  4.8934E-03
  8.3514E+02  2.6498E-02  4.8957E-03
  8.3613E+02  2.6479E-02  4.8979E-03
  8.3711E+02  2.6460E-02  4.9001E-03
  8.3810E+02  2.6441E-02  4.9023E-03
  8.3909E+02  2.6422E-02  4.9045E-03
  8.4007E+02  2.6403E-02  4.9067E-03
  8.4106E+02  2.6385E-02  4.9089E-03
  8.4204E+02  2.6366E-02  4.9111E-03
  8.4303E+02  2.6348E-02  4.9133E-03
  8.4402E+02  2.6329E-02  4.9155E-03
  8.4500E+02  2.6311E-02  4.9177E-03
  8.4599E+02  2.6293E-02  4.9199E-03
  8.4697E+02  2.6274E-02  4.9220E-03
  8.4796E+02  2.6256E-02  4.9242E-03
  8.4895E+02  2.6238E-02  4.9264E-03
  8.4993E+02  2.6220E-02  4.9285E-03
  8.5092E+02  2.6203E-02  4.9307E-03
  8.5190E+02  2.6185E-02  4.9328E-03
  8.5289E+02  2.6167E-02  4.9350E-03
  8.5388E+02  2.6150E-02  4.9371E-03
  8.5486E+02  2.6132E-02  4.9392E-03
  8.5585E+02  2.6115E-02  4.9414E-03
  8.5683E+02  2.6097E-02  4.9435E-03
  8.5782E+02  2.6080E-02  4.9456E-03
  8.5881E+02  2.6062E-02  4.9477E-03
  8.5979E+02  2.6045E-02  4.9499E-03
  8.6078E+02  2.6028E-02  4.9520E-03
  8.6176E+02  2.6010E-02  4.9541E-03
  8.6275E+02  2.5993E-02  4.9562E-03
  8.6374E+02  2.5976E-02  4.9582E-03
  8.6472E+02  2.5958E-02  4.9603E-03
  8.6571E+02  2.5941E-02  4.9624E-03
  8.6669E+02  2.5923E-02  4.9645E-03
  8.6768E+02  2.5906E-02  4.9665E-03
  8.6867E+02  2.5888E-02  4.9686E-03
  8.6965E+02  2.5870E-02  4.9706E-03
  8.7064E+02  2.5853E-02  4.9727E-03
  8.7162E+02  2.5835E-02  4.9747E-03
  8.7261E+02  2.5817E-02  4.9767E-03
  8.7360E+02  2.5799E-02  4.9788E-03
  8.7458E+02  2.5781E-02  4.9808E-03
  8.7557E+02  2.5763E-02  4.9828E-03
  8.7655E+02  2.5745E-02  4.9848E-03
  8.7754E+02  2.5727E-02  4.9868E-03
  8.7853E+02  2.5709E-02  4.9888E-03
  8.7951E+02  2.5691E-02  4.9908E-03
  8.8050E+02  2.5673E-02  4.9927E-03
  8.8148E+02  2.5655E-02  4.9947E-03
  8.8247E+02  2.5637E-02  4.9967E-03
  8.8346E+02  2.5619E-02  4.9986E-03
  8.8444E+02  2.5601E-02  5.0006E-03
  8.8543E+02  2.5584E-02  5.0025E-03
  8.8641E+02  2.5566E-02  5.0045E-03
  8.8740E+02  2.5548E-02  5.0064E-03
  8.8839E+02  2.5530E-02  5.0084E-03
  8.8937E+02  2.5513E-02  5.0103E-03
  8.9036E+02  2.5495E-02  5.0122E-03
  8.9134E+02  2.5478E-02  5.0141E-03
  8.9233E+02  2.5461E-02  5.0160E-03
  8.9332E+02  2.5443E-02  5.0179E-03
  8.9430E+02  2.5426E-02  5.0198E-03
  8.9529E+02  2.5409E-02  5.0217E-03
  8.9627E+02  2.5392E-02  5.0236E-03
  8.9726E+02  2.5375E-02  5.0255E-03
  8.9825E+02  2.5358E-02  5.0274E-03
  8.9923E+02  2.5341E-02  5.0293E-03
  9.0022E+02  2.5324E-02  5.0312E-03
  9.0120E+02  2.5308E-02  5.0331E-03
  9.0219E+02  2.5291E-02  5.0349E-03
  9.0318E+02  2.5274E-02  5.0368E-03
  9.0416E+02  2.5258E-02  5.0387E-03
  9.0515E+02  2.5241E-02  5.0405E-03
  9.0613E+02  2.5225E-02  5.0424E-03
  9.0712E+02  2.5208E-02  5.0442E-03
  9.0811E+02  2.5192E-02  5.0461E-03
  9.0909E+02  2.5176E-02  5.0479E-03
  9.1008E+02  2.5159E-02  5.0498E-03
  9.1106E+02  2.5143E-02  5.0516E-03
  9.1205E+02  2.5126E-02  5.0534E-03
  9.1304E+02  2.5110E-02  5.0552E-03
  9.1402E+02  2.5094E-02  5.0570E-03
  9.1501E+02  2.5077E-02  5.0589E-03
  9.1599E+02  2.5061E-02  5.0607E-03
  9.1698E+02  2.5045E-02  5.0625E-03
  9.1797E+02  2.5028E-02  5.0643E-03
  9.1895E+02  2.5012E-02  5.0660E-03
  9.1994E+02  2.4995E-02  5.0678E-03
  9.2092E+02  2.4979E-02  5.0696E-03
  9.2191E+02  2.4962E-02  5.0714E-03
  9.2290E+02  2.4945E-02  5.0731E-03
  9.2388E+02  2.4929E-02  5.0749E-03
  9.2487E+02  2.4912E-02  5.0766E-03
  9.2585E+02  2.4895E-02  5.0784E-03
  9.2684E+02  2.4879E-02  5.0801E-03
  9.2783E+02  2.4862E-02  5.0818E-03
  9.2881E+02  2.4845E-02  5.0835E-03
  9.2980E+02  2.4828E-02  5.0853E-03
  9.3078E+02  2.4811E-02  5.0870E-03
  9.3177E+02  2.4795E-02  5.0887E-03
  9.3276E+02  2.4778E-02  5.0904E-03
  9.3374E+02  2.4761E-02  5.0921E-03
  9.3473E+02  2.4745E-02  5.0937E-03
  9.3571E+02  2.4728E-02  5.0954E-03
  9.3670E+02  2.4711E-02  5.0971E-03
  9.3769E+02  2.4695E-02  5.0988E-03
  9.3867E+02  2.4678E-02  5.1004E-03
  9.3966E+02  2.4662E-02  5.1021E-03
  9.4064E+02  2.4645E-02  5.1038E-03
  9.4163E+02  2.4629E-02  5.1054E-03
  9.4262E+02  2.4613E-02  5.1071E-03
  9.4360E+02  2.4596E-02  5.1087E-03
  9.4459E+02  2.4580E-02  5.1104E-03
  9.4557E+02  2.4564E-02  5.1120E-03
  9.4656E+02  2.4548E-02  5.1136E-03
  9.4755E+02  2.4532E-02  5.1153E-03
  9.4853E+02  2.4516E-02  5.1169E-03
  9.4952E+02  2.4500E-02  5.1185E-03
  9.5050E+02  2.4484E-02  5.1202E-03
  9.5149E+02  2.4468E-02  5.1218E-03
  9.5248E+02  2.4452E-02  5.1234E-03
  9.5346E+02  2.4436E-02  5.1250E-03
  9.5445E+02  2.4419E-02  5.1266E-03
  9.5543E+02  2.4403E-02  5.1282E-03
  9.5642E+02  2.4387E-02  5.1298E-03
  9.5741E+02  2.4371E-02  5.1314E-03
  9.5839E+02  2.4355E-02  5.1330E-03
  9.5938E+02  2.4339E-02  5.1346E-03
  9.6036E+02  2.4323E-02  5.1362E-03
  9.6135E+02  2.4307E-02  5.1377E-03
  9.6234E+02  2.4291E-02  5.1393E-03
  9.6332E+02  2.4275E-02  5.1409E-03
  9.6431E+02  2.4259E-02  5.1424E-03
  9.6529E+02  2.4243E-02  5.1440E-03
  9.6628E+02  2.4227E-02  5.1455E-03
  9.6727E+02  2.4211E-02  5.1470E-03
  9.6825E+02  2.4195E-02  5.1486E-03
  9.6924E+02  2.4179E-02  5.1501E-03
  9.7022E+02  2.4163E-02  5.1516E-03
  9.7121E+02  2.4147E-02  5.1531E-03
  9.7220E+02  2.4131E-02  5.1547E-03
  9.7318E+02  2.4115E-02  5.1562E-03
  9.7417E+02  2.4099E-02  5.1577E-03
  9.7515E+02  2.4083E-02  5.1591E-03
  9.7614E+02  2.4068E-02  5.1606E-03
  9.7713E+02  2.4052E-02  5.1621E-03
  9.7811E+02  2.4036E-02  5.1636E-03
  9.7910E+02  2.4021E-02  5.1651E-03
  9.8008E+02  2.4005E-02  5.1665E-03
  9.8107E+02  2.3990E-02  5.1680E-03
  9.8206E+02  2.3974E-02  5.1695E-03
  9.8304E+02  2.3959E-02  5.1709E-03
  9.8403E+02  2.3943E-02  5.1724E-03
  9.8501E+02  2.3928E-02  5.1738E-03
  9.8600E+02  2.3912E-02  5.1753E-03
  9.8699E+02  2.3897E-02  5.1767E-03
  9.8797E+02  2.3881E-02  5.1781E-03
  9.8896E+02  2.3866E-02  5.1796E-03
  9.8994E+02  2.3851E-02  5.1810E-03
  9.9093E+02  2.3835E-02  5.1824E-03
  9.9192E+02  2.3820E-02  5.1838E-03
  9.9290E+02  2.3804E-02  5.1852E-03
  9.9389E+02  2.3789E-02  5.1866E-03
  9.9487E+02  2.3774E-02  5.1880E-03
  9.9586E+02  2.3758E-02  5.1894E-03
  9.9685E+02  2.3743E-02  5.1908E-03
  9.9783E+02  2.3727E-02  5.1922E-03
  9.9882E+02  2.3712E-02  5.1936E-03
  9.9980E+02  2.3696E-02  5.1950E-03
  1.0008E+03  2.3681E-02  5.1964E-03
  1.0018E+03  2.3665E-02  5.1977E-03
  1.0028E+03  2.3650E-02  5.1991E-03
  1.0037E+03  2.3634E-02  5.2005E-03
  1.0047E+03  2.3619E-02  5.2018E-03
  1.0057E+03  2.3603E-02  5.2032E-03
  1.0067E+03  2.3588E-02  5.2045E-03
  1.0077E+03  2.3572E-02  5.2059E-03
  1.0087E+03  2.3557E-02  5.2072E-03
  1.0097E+03  2.3541E-02  5.2085E-03
  1.0107E+03  2.3526E-02  5.2099E-03
  1.0116E+03  2.3510E-02  5.2112E-03
  1.0126E+03  2.3495E-02  5.2125E-03
  1.0136E+03  2.3480E-02  5.2138E-03
  1.0146E+03  2.3464E-02  5.2151E-03
  1.0156E+03  2.3449E-02  5.2164E-03
  1.0166E+03  2.3434E-02  5.2177E-03
  1.0176E+03  2.3418E-02  5.2190E-03
  1.0185E+03  2.3403E-02  5.2203E-03
  1.0195E+03  2.3388E-02  5.2216E-03
  1.0205E+03  2.3373E-02  5.2229E-03
  1.0215E+03  2.3358E-02  5.2242E-03
  1.0225E+03  2.3343E-02  5.2254E-03
  1.0235E+03  2.3328E-02  5.2267E-03
  1.0245E+03  2.3313E-02  5.2280E-03
  1.0254E+03  2.3298E-02  5.2292E-03
  1.0264E+03  2.3283E-02  5.2305E-03
  1.0274E+03  2.3268E-02  5.2317E-03
  1.0284E+03  2.3253E-02  5.2330E-03
  1.0294E+03  2.3238E-02  5.2342E-03
  1.0304E+03  2.3223E-02  5.2355E-03
  1.0314E+03  2.3209E-02  5.2367E-03
  1.0323E+03  2.3194E-02  5.2379E-03
  1.0333E+03  2.3179E-02  5.2392E-03
  1.0343E+03  2.3165E-02  5.2404E-03
  1.0353E+03  2.3150E-02  5.2416E-03
  1.0363E+03  2.3135E-02  5.2428E-03
  1.0373E+03  2.3121E-02  5.2440E-03
  1.0383E+03  2.3106E-02  5.2452E-03
  1.0392E+03  2.3091E-02  5.2464E-03
  1.0402E+03  2.3077E-02  5.2476E-03
  1.0412E+03  2.3062E-02  5.2488E-03
  1.0422E+03  2.3047E-02  5.2500E-03
  1.0432E+03  2.3033E-02  5.2512E-03
  1.0442E+03  2.3018E-02  5.2524E-03
  1.0452E+03  2.3004E-02  5.2536E-03
  1.0461E+03  2.2989E-02  5.2547E-03
  1.0471E+03  2.2974E-02  5.2559E-03
  1.0481E+03  2.2959E-02  5.2571E-03
  1.0491E+03  2.2945E-02  5.2582E-03
  1.0501E+03  2.2930E-02  5.2594E-03
  1.0511E+03  2.2915E-02  5.2605E-03
  1.0521E+03  2.2901E-02  5.2617E-03
  1.0530E+03  2.2886E-02  5.2628E-03
  1.0540E+03  2.2871E-02  5.2640E-03
  1.0550E+03  2.2856E-02  5.2651E-03
  1.0560E+03  2.2841E-02  5.2662E-03
  1.0570E+03  2.2827E-02  5.2673E-03
  1.0580E+03  2.2812E-02  5.2685E-03
  1.0590E+03  2.2797E-02  5.2696E-03
  1.0600E+03  2.2782E-02  5.2707E-03
  1.0609E+03  2.2768E-02  5.2718E-03
  1.0619E+03  2.2753E-02  5.2729E-03
  1.0629E+03  2.2738E-02  5.2740E-03
  1.0639E+03  2.2723E-02  5.2751E-03
  1.0649E+03  2.2709E-02  5.2762E-03
  1.0659E+03  2.2694E-02  5.2772E-03
  1.0669E+03  2.2680E-02  5.2783E-03
  1.0678E+03  2.2665E-02  5.2794E-03
  1.0688E+03  2.2651E-02  5.2805E-03
  1.0698E+03  2.2636E-02  5.2815E-03
  1.0708E+03  2.2622E-02  5.2826E-03
  1.0718E+03  2.2607E-02  5.2836E-03
  1.0728E+03  2.2593E-02  5.2847E-03
  1.0738E+03  2.2579E-02  5.2857E-03
  1.0747E+03  2.2565E-02  5.2868E-03
  1.0757E+03  2.2550E-02  5.2878E-03
  1.0767E+03  2.2536E-02  5.2889E-03
  1.0777E+03  2.2522E-02  5.2899E-03
  1.0787E+03  2.2508E-02  5.2909E-03
  1.0797E+03  2.2494E-02  5.2919E-03
  1.0807E+03  2.2480E-02  5.2930E-03
  1.0816E+03  2.2466E-02  5.2940E-03
  1.0826E+03  2.2452E-02  5.2950E-03
  1.0836E+03  2.2438E-02  5.2960E-03
  1.0846E+03  2.2424E-02  5.2970E-03
  1.0856E+03  2.2410E-02  5.2980E-03
  1.0866E+03  2.2397E-02  5.2990E-03
  1.0876E+03  2.2383E-02  5.3000E-03
  1.0885E+03  2.2369E-02  5.3010E-03
  1.0895E+03  2.2355E-02  5.3020E-03
  1.0905E+03  2.2341E-02  5.3030E-03
  1.0915E+03  2.2327E-02  5.3040E-03
  1.0925E+03  2.2313E-02  5.3050E-03
  1.0935E+03  2.2299E-02  5.3059E-03
  1.0945E+03  2.2285E-02  5.3069E-03
  1.0954E+03  2.2272E-02  5.3079E-03
  1.0964E+03  2.2258E-02  5.3088E-03
  1.0974E+03  2.2244E-02  5.3098E-03
  1.0984E+03  2.2230E-02  5.3108E-03
  1.0994E+03  2.2216E-02  5.3117E-03
  1.1004E+03  2.2202E-02  5.3127E-03
  1.1014E+03  2.2188E-02  5.3136E-03
  1.1023E+03  2.2174E-02  5.3145E-03
  1.1033E+03  2.2160E-02  5.3155E-03
  1.1043E+03  2.2147E-02  5.3164E-03
  1.1053E+03  2.2133E-02  5.3173E-03
  1.1063E+03  2.2119E-02  5.3182E-03
  1.1073E+03  2.2105E-02  5.3191E-03
  1.1083E+03  2.2091E-02  5.3201E-03
  1.1093E+03  2.2077E-02  5.3210E-03
  1.1102E+03  2.2063E-02  5.3219E-03
  1.1112E+03  2.2050E-02  5.3228E-03
  1.1122E+03  2.2036E-02  5.3237E-03
  1.1132E+03  2.2022E-02  5.3245E-03
  1.1142E+03  2.2008E-02  5.3254E-03
  1.1152E+03  2.1994E-02  5.3263E-03
  1.1162E+03  2.1981E-02  5.3272E-03
  1.1171E+03  2.1967E-02  5.3281E-03
  1.1181E+03  2.1953E-02  5.3289E-03
  1.1191E+03  2.1939E-02  5.3298E-03
  1.1201E+03  2.1926E-02  5.3307E-03
  1.1211E+03  2.1912E-02  5.3315E-03
  1.1221E+03  2.1898E-02  5.3324E-03
  1.1231E+03  2.1885E-02  5.3332E-03
  1.1240E+03  2.1871E-02  5.3341E-03
  1.1250E+03  2.1857E-02  5.3349E-03
  1.1260E+03  2.1844E-02  5.3358E-03
  1.1270E+03  2.1830E-02  5.3366E-03
  1.1280E+03  2.1817E-02  5.3374E-03
  1.1290E+03  2.1803E-02  5.3383E-03
  1.1300E+03  2.1789E-02  5.3391E-03
  1.1309E+03  2.1776E-02  5.3399E-03
  1.1319E+03  2.1762E-02  5.3407E-03
  1.1329E+03  2.1749E-02  5.3415E-03
  1.1339E+03  2.1735E-02  5.3424E-03
  1.1349E+03  2.1722E-02  5.3432E-03
  1.1359E+03  2.1709E-02  5.3440E-03
  1.1369E+03  2.1695E-02  5.3448E-03
  1.1378E+03  2.1682E-02  5.3456E-03
  1.1388E+03  2.1668E-02  5.3464E-03
  1.1398E+03  2.1655E-02  5.3472E-03
  1.1408E+03  2.1642E-02  5.3480E-03
  1.1418E+03  2.1628E-02  5.3488E-03
  1.1428E+03  2.1615E-02  5.3495E-03
  1.1438E+03  2.1602E-02  5.3503E-03
  1.1447E+03  2.1589E-02  5.3511E-03
  1.1457E+03  2.1575E-02  5.3519E-03
  1.1467E+03  2.1562E-02  5.3526E-03
  1.1477E+03  2.1549E-02  5.3534E-03
  1.1487E+03  2.1536E-02  5.3541E-03
  1.1497E+03  2.1523E-02  5.3549E-03
  1.1507E+03  2.1510E-02  5.3557E-03
  1.1516E+03  2.1496E-02  5.3564E-03
  1.1526E+03  2.1483E-02  5.3571E-03
  1.1536E+03  2.1470E-02  5.3579E-03
  1.1546E+03  2.1457E-02  5.3586E-03
  1.1556E+03  2.1444E-02  5.3594E-03
  1.1566E+03  2.1431E-02  5.3601E-03
  1.1576E+03  2.1418E-02  5.3608E-03
  1.1586E+03  2.1405E-02  5.3615E-03
  1.1595E+03  2.1392E-02  5.3622E-03
  1.1605E+03  2.1379E-02  5.3629E-03
  1.1615E+03  2.1365E-02  5.3637E-03
  1.1625E+03  2.1352E-02  5.3644E-03
  1.1635E+03  2.1339E-02  5.3651E-03
  1.1645E+03  2.1326E-02  5.3658E-03
  1.1655E+03  2.1313E-02  5.3665E-03
  1.1664E+03  2.1300E-02  5.3671E-03
  1.1674E+03  2.1287E-02  5.3678E-03
  1.1684E+03  2.1274E-02  5.3685E-03
  1.1694E+03  2.1261E-02  5.3692E-03
  1.1704E+03  2.1248E-02  5.3699E-03
  1.1714E+03  2.1235E-02  5.3705E-03
  1.1724E+03  2.1222E-02  5.3712E-03
  1.1733E+03  2.1209E-02  5.3719E-03
  1.1743E+03  2.1196E-02  5.3725E-03
  1.1753E+03  2.1183E-02  5.3732E-03
  1.1763E+03  2.1171E-02  5.3739E-03
  1.1773E+03  2.1158E-02  5.3745E-03
  1.1783E+03  2.1145E-02  5.3752E-03
  1.1793E+03  2.1132E-02  5.3758E-03
  1.1802E+03  2.1119E-02  5.3765E-03
  1.1812E+03  2.1106E-02  5.3771E-03
  1.1822E+03  2.1093E-02  5.3777E-03
  1.1832E+03  2.1081E-02  5.3784E-03
  1.1842E+03  2.1068E-02  5.3790E-03
  1.1852E+03  2.1055E-02  5.3796E-03
  1.1862E+03  2.1042E-02  5.3803E-03
  1.1871E+03  2.1030E-02  5.3809E-03
  1.1881E+03  2.1017E-02  5.3815E-03
  1.1891E+03  2.1004E-02  5.3821E-03
  1.1901E+03  2.0991E-02  5.3827E-03
  1.1911E+03  2.0979E-02  5.3833E-03
  1.1921E+03  2.0966E-02  5.3839E-03
  1.1931E+03  2.0953E-02  5.3845E-03
  1.1940E+03  2.0941E-02  5.3851E-03
  1.1950E+03  2.0928E-02  5.3857E-03
  1.1960E+03  2.0915E-02  5.3863E-03
  1.1970E+03  2.0903E-02  5.3869E-03
  1.1980E+03  2.0890E-02  5.3875E-03
  1.1990E+03  2.0878E-02  5.3881E-03
  1.2000E+03  2.0865E-02  5.3886E-03
  1.2009E+03  2.0852E-02  5.3892E-03
  1.2019E+03  2.0840E-02  5.3898E-03
  1.2029E+03  2.0827E-02  5.3904E-03
  1.2039E+03  2.0815E-02  5.3909E-03
  1.2049E+03  2.0802E-02  5.3915E-03
  1.2059E+03  2.0790E-02  5.3920E-03
  1.2069E+03  2.0777E-02  5.3926E-03
  1.2079E+03  2.0765E-02  5.3931E-03
  1.2088E+03  2.0752E-02  5.3937E-03
  1.2098E+03  2.0740E-02  5.3942E-03
  1.2108E+03  2.0728E-02  5.3948E-03
  1.2118E+03  2.0715E-02  5.3953E-03
  1.2128E+03  2.0703E-02  5.3958E-03
  1.2138E+03  2.0690E-02  5.3964E-03
  1.2148E+03  2.0678E-02  5.3969E-03
  1.2157E+03  2.0666E-02  5.3974E-03
  1.2167E+03  2.0653E-02  5.3979E-03
  1.2177E+03  2.0641E-02  5.3984E-03
  1.2187E+03  2.0629E-02  5.3990E-03
  1.2197E+03  2.0616E-02  5.3995E-03
  1.2207E+03  2.0604E-02  5.4000E-03
  1.2217E+03  2.0592E-02  5.4005E-03
  1.2226E+03  2.0579E-02  5.4010E-03
  1.2236E+03  2.0567E-02  5.4015E-03
  1.2246E+03  2.0555E-02  5.4020E-03
  1.2256E+03  2.0542E-02  5.4025E-03
  1.2266E+03  2.0530E-02  5.4030E-03
  1.2276E+03  2.0518E-02  5.4034E-03
  1.2286E+03  2.0506E-02  5.4039E-03
  1.2295E+03  2.0493E-02  5.4044E-03
  1.2305E+03  2.0481E-02  5.4049E-03
  1.2315E+03  2.0469E-02  5.4054E-03
  1.2325E+03  2.0456E-02  5.4058E-03
  1.2335E+03  2.0444E-02  5.4063E-03
  1.2345E+03  2.0432E-02  5.4068E-03
  1.2355E+03  2.0420E-02  5.4072E-03
  1.2364E+03  2.0408E-02  5.4077E-03
  1.2374E+03  2.0395E-02  5.4081E-03
  1.2384E+03  2.0383E-02  5.4086E-03
  1.2394E+03  2.0371E-02  5.4090E-03
  1.2404E+03  2.0359E-02  5.4095E-03
  1.2414E+03  2.0347E-02  5.4099E-03
  1.2424E+03  2.0335E-02  5.4104E-03
  1.2433E+03  2.0323E-02  5.4108E-03
  1.2443E+03  2.0310E-02  5.4112E-03
  1.2453E+03  2.0298E-02  5.4116E-03
  1.2463E+03  2.0286E-02  5.4121E-03
  1.2473E+03  2.0274E-02  5.4125E-03
  1.2483E+03  2.0262E-02  5.4129E-03
  1.2493E+03  2.0250E-02  5.4133E-03
  1.2502E+03  2.0238E-02  5.4137E-03
  1.2512E+03  2.0226E-02  5.4142E-03
  1.2522E+03  2.0214E-02  5.4146E-03
  1.2532E+03  2.0202E-02  5.4150E-03
  1.2542E+03  2.0190E-02  5.4154E-03
  1.2552E+03  2.0178E-02  5.4158E-03
  1.2562E+03  2.0166E-02  5.4162E-03
  1.2572E+03  2.0154E-02  5.4166E-03
  1.2581E+03  2.0142E-02  5.4169E-03
  1.2591E+03  2.0131E-02  5.4173E-03
  1.2601E+03  2.0119E-02  5.4177E-03
  1.2611E+03  2.0107E-02  5.4181E-03
  1.2621E+03  2.0095E-02  5.4185E-03
  1.2631E+03  2.0083E-02  5.4189E-03
  1.2641E+03  2.0071E-02  5.4192E-03
  1.2650E+03  2.0060E-02  5.4196E-03
  1.2660E+03  2.0048E-02  5.4200E-03
  1.2670E+03  2.0036E-02  5.4203E-03
  1.2680E+03  2.0024E-02  5.4207E-03
  1.2690E+03  2.0013E-02  5.4210E-03
  1.2700E+03  2.0001E-02  5.4214E-03
  1.2710E+03  1.9989E-02  5.4218E-03
  1.2719E+03  1.9977E-02  5.4221E-03
  1.2729E+03  1.9966E-02  5.4225E-03
  1.2739E+03  1.9954E-02  5.4228E-03
  1.2749E+03  1.9942E-02  5.4231E-03
  1.2759E+03  1.9931E-02  5.4235E-03
  1.2769E+03  1.9919E-02  5.4238E-03
  1.2779E+03  1.9907E-02  5.4242E-03
  1.2788E+03  1.9896E-02  5.4245E-03
  1.2798E+03  1.9884E-02  5.4248E-03
  1.2808E+03  1.9873E-02  5.4251E-03
  1.2818E+03  1.9861E-02  5.4255E-03
  1.2828E+03  1.9849E-02  5.4258E-03
  1.2838E+03  1.9838E-02  5.4261E-03
  1.2848E+03  1.9826E-02  5.4264E-03
  1.2857E+03  1.9815E-02  5.4267E-03
  1.2867E+03  1.9803E-02  5.4270E-03
  1.2877E+03  1.9791E-02  5.4273E-03
  1.2887E+03  1.9780E-02  5.4276E-03
  1.2897E+03  1.9768E-02  5.4279E-03
  1.2907E+03  1.9757E-02  5.4282E-03
  1.2917E+03  1.9745E-02  5.4285E-03
  1.2926E+03  1.9734E-02  5.4288E-03
  1.2936E+03  1.9722E-02  5.4291E-03
  1.2946E+03  1.9710E-02  5.4294E-03
  1.2956E+03  1.9699E-02  5.4297E-03
  1.2966E+03  1.9687E-02  5.4299E-03
  1.2976E+03  1.9676E-02  5.4302E-03
  1.2986E+03  1.9664E-02  5.4305E-03
  1.2995E+03  1.9653E-02  5.4307E-03
  1.3005E+03  1.9641E-02  5.4310E-03
  1.3015E+03  1.9630E-02  5.4313E-03
  1.3025E+03  1.9618E-02  5.4315E-03
  1.3035E+03  1.9607E-02  5.4318E-03
  1.3045E+03  1.9596E-02  5.4320E-03
  1.3055E+03  1.9584E-02  5.4323E-03
  1.3065E+03  1.9573E-02  5.4325E-03
  1.3074E+03  1.9561E-02  5.4328E-03
  1.3084E+03  1.9550E-02  5.4330E-03
  1.3094E+03  1.9539E-02  5.4333E-03
  1.3104E+03  1.9527E-02  5.4335E-03
  1.3114E+03  1.9516E-02  5.4338E-03
  1.3124E+03  1.9505E-02  5.4340E-03
  1.3134E+03  1.9494E-02  5.4342E-03
  1.3143E+03  1.9482E-02  5.4345E-03
  1.3153E+03  1.9471E-02  5.4347E-03
  1.3163E+03  1.9460E-02  5.4349E-03
  1.3173E+03  1.9449E-02  5.4351E-03
  1.3183E+03  1.9438E-02  5.4354E-03
  1.3193E+03  1.9426E-02  5.4356E-03
  1.3203E+03  1.9415E-02  5.4358E-03
  1.3212E+03  1.9404E-02  5.4360E-03
  1.3222E+03  1.9393E-02  5.4362E-03
  1.3232E+03  1.9382E-02  5.4364E-03
  1.3242E+03  1.9371E-02  5.4366E-03
  1.3252E+03  1.9360E-02  5.4368E-03
  1.3262E+03  1.9348E-02  5.4370E-03
  1.3272E+03  1.9337E-02  5.4372E-03
  1.3281E+03  1.9326E-02  5.4374E-03
  1.3291E+03  1.9315E-02  5.4376E-03
  1.3301E+03  1.9304E-02  5.4378E-03
  1.3311E+03  1.9293E-02  5.4380E-03
  1.3321E+03  1.9282E-02  5.4382E-03
  1.3331E+03  1.9271E-02  5.4384E-03
  1.3341E+03  1.9260E-02  5.4385E-03
  1.3350E+03  1.9249E-02  5.4387E-03
  1.3360E+03  1.9238E-02  5.4389E-03
  1.3370E+03  1.9227E-02  5.4391E-03
  1.3380E+03  1.9215E-02  5.4392E-03
  1.3390E+03  1.9204E-02  5.4394E-03
  1.3400E+03  1.9193E-02  5.4396E-03
  1.3410E+03  1.9182E-02  5.4397E-03
  1.3419E+03  1.9171E-02  5.4399E-03
  1.3429E+03  1.9160E-02  5.4400E-03
  1.3439E+03  1.9149E-02  5.4402E-03
  1.3449E+03  1.9138E-02  5.4403E-03
  1.3459E+03  1.9127E-02  5.4405E-03
  1.3469E+03  1.9116E-02  5.4406E-03
  1.3479E+03  1.9105E-02  5.4408E-03
  1.3488E+03  1.9094E-02  5.4409E-03
  1.3498E+03  1.9083E-02  5.4410E-03
  1.3508E+03  1.9073E-02  5.4412E-03
  1.3518E+03  1.9062E-02  5.4413E-03
  1.3528E+03  1.9051E-02  5.4414E-03
  1.3538E+03  1.9040E-02  5.4416E-03
  1.3548E+03  1.9029E-02  5.4417E-03
  1.3558E+03  1.9018E-02  5.4418E-03
  1.3567E+03  1.9007E-02  5.4419E-03
  1.3577E+03  1.8996E-02  5.4421E-03
  1.3587E+03  1.8986E-02  5.4422E-03
  1.3597E+03  1.8975E-02  5.4423E-03
  1.3607E+03  1.8964E-02  5.4424E-03
  1.3617E+03  1.8953E-02  5.4425E-03
  1.3627E+03  1.8943E-02  5.4426E-03
  1.3636E+03  1.8932E-02  5.4427E-03
  1.3646E+03  1.8921E-02  5.4428E-03
  1.3656E+03  1.8910E-02  5.4429E-03
  1.3666E+03  1.8900E-02  5.4430E-03
  1.3676E+03  1.8889E-02  5.4431E-03
  1.3686E+03  1.8878E-02  5.4432E-03
  1.3696E+03  1.8868E-02  5.4433E-03
  1.3705E+03  1.8857E-02  5.4434E-03
  1.3715E+03  1.8846E-02  5.4435E-03
  1.3725E+03  1.8836E-02  5.4436E-03
  1.3735E+03  1.8825E-02  5.4436E-03
  1.3745E+03  1.8815E-02  5.4437E-03
  1.3755E+03  1.8804E-02  5.4438E-03
  1.3765E+03  1.8793E-02  5.4439E-03
  1.3774E+03  1.8783E-02  5.4440E-03
  1.3784E+03  1.8772E-02  5.4440E-03
  1.3794E+03  1.8762E-02  5.4441E-03
  1.3804E+03  1.8751E-02  5.4442E-03
  1.3814E+03  1.8741E-02  5.4442E-03
  1.3824E+03  1.8730E-02  5.4443E-03
  1.3834E+03  1.8720E-02  5.4443E-03
  1.3843E+03  1.8709E-02  5.4444E-03
  1.3853E+03  1.8699E-02  5.4445E-03
  1.3863E+03  1.8688E-02  5.4445E-03
  1.3873E+03  1.8678E-02  5.4446E-03
  1.3883E+03  1.8667E-02  5.4446E-03
  1.3893E+03  1.8657E-02  5.4446E-03
  1.3903E+03  1.8646E-02  5.4447E-03
  1.3912E+03  1.8636E-02  5.4447E-03
  1.3922E+03  1.8625E-02  5.4448E-03
  1.3932E+03  1.8615E-02  5.4448E-03
  1.3942E+03  1.8604E-02  5.4448E-03
  1.3952E+03  1.8594E-02  5.4449E-03
  1.3962E+03  1.8584E-02  5.4449E-03
  1.3972E+03  1.8573E-02  5.4449E-03
  1.3981E+03  1.8563E-02  5.4449E-03
  1.3991E+03  1.8552E-02  5.4450E-03
  1.4001E+03  1.8542E-02  5.4450E-03
  1.4011E+03  1.8532E-02  5.4450E-03
  1.4021E+03  1.8521E-02  5.4450E-03
  1.4031E+03  1.8511E-02  5.4450E-03
  1.4041E+03  1.8500E-02  5.4450E-03
  1.4051E+03  1.8490E-02  5.4451E-03
  1.4060E+03  1.8480E-02  5.4451E-03
  1.4070E+03  1.8469E-02  5.4451E-03
  1.4080E+03  1.8459E-02  5.4451E-03
  1.4090E+03  1.8449E-02  5.4451E-03
  1.4100E+03  1.8438E-02  5.4451E-03
  1.4110E+03  1.8428E-02  5.4451E-03
  1.4120E+03  1.8418E-02  5.4451E-03
  1.4129E+03  1.8408E-02  5.4451E-03
  1.4139E+03  1.8397E-02  5.4451E-03
  1.4149E+03  1.8387E-02  5.4450E-03
  1.4159E+03  1.8377E-02  5.4450E-03
  1.4169E+03  1.8367E-02  5.4450E-03
  1.4179E+03  1.8356E-02  5.4450E-03
  1.4189E+03  1.8346E-02  5.4450E-03
  1.4198E+03  1.8336E-02  5.4450E-03
  1.4208E+03  1.8326E-02  5.4449E-03
  1.4218E+03  1.8316E-02  5.4449E-03
  1.4228E+03  1.8306E-02  5.4449E-03
  1.4238E+03  1.8295E-02  5.4449E-03
  1.4248E+03  1.8285E-02  5.4448E-03
  1.4258E+03  1.8275E-02  5.4448E-03
  1.4267E+03  1.8265E-02  5.4448E-03
  1.4277E+03  1.8255E-02  5.4447E-03
  1.4287E+03  1.8245E-02  5.4447E-03
  1.4297E+03  1.8235E-02  5.4446E-03
  1.4307E+03  1.8225E-02  5.4446E-03
  1.4317E+03  1.8215E-02  5.4445E-03
  1.4327E+03  1.8204E-02  5.4445E-03
  1.4336E+03  1.8194E-02  5.4444E-03
  1.4346E+03  1.8184E-02  5.4444E-03
  1.4356E+03  1.8174E-02  5.4443E-03
  1.4366E+03  1.8164E-02  5.4443E-03
  1.4376E+03  1.8154E-02  5.4442E-03
  1.4386E+03  1.8144E-02  5.4442E-03
  1.4396E+03  1.8134E-02  5.4441E-03
  1.4405E+03  1.8124E-02  5.4440E-03
  1.4415E+03  1.8114E-02  5.4440E-03
  1.4425E+03  1.8104E-02  5.4439E-03
  1.4435E+03  1.8094E-02  5.4438E-03
  1.4445E+03  1.8084E-02  5.4438E-03
  1.4455E+03  1.8074E-02  5.4437E-03
  1.4465E+03  1.8064E-02  5.4436E-03
  1.4474E+03  1.8054E-02  5.4435E-03
  1.4484E+03  1.8044E-02  5.4435E-03
  1.4494E+03  1.8035E-02  5.4434E-03
  1.4504E+03  1.8025E-02  5.4433E-03
  1.4514E+03  1.8015E-02  5.4432E-03
  1.4524E+03  1.8005E-02  5.4431E-03
  1.4534E+03  1.7995E-02  5.4430E-03
  1.4544E+03  1.7985E-02  5.4429E-03
  1.4553E+03  1.7975E-02  5.4428E-03
  1.4563E+03  1.7966E-02  5.4428E-03
  1.4573E+03  1.7956E-02  5.4427E-03
  1.4583E+03  1.7946E-02  5.4426E-03
  1.4593E+03  1.7936E-02  5.4425E-03
  1.4603E+03  1.7926E-02  5.4424E-03
  1.4613E+03  1.7917E-02  5.4423E-03
  1.4622E+03  1.7907E-02  5.4421E-03
  1.4632E+03  1.7897E-02  5.4420E-03
  1.4642E+03  1.7887E-02  5.4419E-03
  1.4652E+03  1.7878E-02  5.4418E-03
  1.4662E+03  1.7868E-02  5.4417E-03
  1.4672E+03  1.7858E-02  5.4416E-03
  1.4682E+03  1.7848E-02  5.4415E-03
  1.4691E+03  1.7839E-02  5.4414E-03
  1.4701E+03  1.7829E-02  5.4412E-03
  1.4711E+03  1.7819E-02  5.4411E-03
  1.4721E+03  1.7810E-02  5.4410E-03
  1.4731E+03  1.7800E-02  5.4409E-03
  1.4741E+03  1.7790E-02  5.4407E-03
  1.4751E+03  1.7781E-02  5.4406E-03
  1.4760E+03  1.7771E-02  5.4405E-03
  1.4770E+03  1.7761E-02  5.4403E-03
  1.4780E+03  1.7752E-02  5.4402E-03
  1.4790E+03  1.7742E-02  5.4401E-03
  1.4800E+03  1.7732E-02  5.4399E-03
  1.4810E+03  1.7723E-02  5.4398E-03
  1.4820E+03  1.7713E-02  5.4396E-03
  1.4829E+03  1.7703E-02  5.4395E-03
  1.4839E+03  1.7694E-02  5.4394E-03
  1.4849E+03  1.7684E-02  5.4392E-03
  1.4859E+03  1.7675E-02  5.4391E-03
  1.4869E+03  1.7665E-02  5.4389E-03
  1.4879E+03  1.7655E-02  5.4388E-03
  1.4889E+03  1.7646E-02  5.4386E-03
  1.4898E+03  1.7636E-02  5.4384E-03
  1.4908E+03  1.7627E-02  5.4383E-03
  1.4918E+03  1.7617E-02  5.4381E-03
  1.4928E+03  1.7608E-02  5.4380E-03
  1.4938E+03  1.7598E-02  5.4378E-03
  1.4948E+03  1.7589E-02  5.4376E-03
  1.4958E+03  1.7579E-02  5.4375E-03
  1.4967E+03  1.7570E-02  5.4373E-03
  1.4977E+03  1.7560E-02  5.4371E-03
  1.4987E+03  1.7551E-02  5.4370E-03
  1.4997E+03  1.7541E-02  5.4368E-03
  1.5000E+03  1.7539E-02  5.4367E-03
