# CREATED BY GENE DIAGNOSTICS TOOL on Sat Dec 12 21:45:31 2020
# diag: timetrace, run(s): 0029, time window: 0-1500(1592 steps), species: ions
# original data path: /marconi_scratch/userexternal/cmoreno0/GAM_HP_scan/LHD_s0.25_alpha-pi10_npol3_nz0768/
# normalization: L_ref=1.65m
#
#  t          Re[phi]     Im[phi]   
  0.0000E+00  9.9998E-01  0.0000E+00
  9.4300E-01  9.0202E-01  7.7708E-04
  1.8860E+00  7.8778E-01  1.3351E-03
  2.8290E+00  6.5614E-01  1.7962E-03
  3.7720E+00  5.1946E-01  2.0819E-03
  4.7150E+00  4.0105E-01  2.1894E-03
  5.6580E+00  3.0627E-01  2.1170E-03
  6.6010E+00  2.3513E-01  1.9062E-03
  7.5440E+00  1.8417E-01  1.6091E-03
  8.4870E+00  1.4857E-01  1.2835E-03
  9.4300E+00  1.2401E-01  9.8229E-04
  1.0373E+01  1.0692E-01  7.2520E-04
  1.1316E+01  9.4877E-02  5.3933E-04
  1.2259E+01  8.6730E-02  4.2899E-04
  1.3202E+01  8.0856E-02  3.3751E-04
  1.4145E+01  7.4479E-02  3.2403E-04
  1.5088E+01  6.8911E-02  3.2741E-04
  1.6031E+01  6.7412E-02  2.7879E-04
  1.6974E+01  6.5226E-02  2.6413E-04
  1.7917E+01  6.4530E-02  2.9565E-04
  1.8860E+01  6.3577E-02  3.9572E-04
  1.9803E+01  6.4672E-02  6.0003E-04
  2.0746E+01  6.6222E-02  8.7749E-04
  2.1689E+01  6.7035E-02  1.1509E-03
  2.2632E+01  6.7100E-02  1.4211E-03
  2.3575E+01  6.5318E-02  1.6059E-03
  2.4518E+01  6.1155E-02  1.6790E-03
  2.5461E+01  5.4642E-02  1.6303E-03
  2.6404E+01  4.6048E-02  1.4667E-03
  2.7347E+01  3.5871E-02  1.2068E-03
  2.8290E+01  2.4890E-02  9.0215E-04
  2.9233E+01  1.4279E-02  5.5427E-04
  3.0176E+01  4.1361E-03  2.0540E-04
  3.1119E+01 -4.8339E-03 -1.0375E-04
  3.2062E+01 -1.2500E-02 -3.4314E-04
  3.3005E+01 -1.8148E-02 -5.3883E-04
  3.3948E+01 -2.1657E-02 -6.4537E-04
  3.4891E+01 -2.3405E-02 -7.0402E-04
  3.5834E+01 -2.3345E-02 -6.8538E-04
  3.6777E+01 -2.2371E-02 -6.3955E-04
  3.7720E+01 -2.0344E-02 -5.5013E-04
  3.8663E+01 -1.8021E-02 -4.1374E-04
  3.9606E+01 -1.4733E-02 -3.0993E-04
  4.0549E+01 -1.0953E-02 -1.4659E-04
  4.1492E+01 -6.5775E-03 -9.9154E-07
  4.2435E+01 -1.8531E-03  1.3945E-04
  4.3378E+01  2.9983E-03  2.9143E-04
  4.4321E+01  7.3420E-03  4.4128E-04
  4.5264E+01  1.1606E-02  5.7698E-04
  4.6207E+01  1.5258E-02  7.2229E-04
  4.7150E+01  1.8783E-02  8.3368E-04
  4.8093E+01  2.2156E-02  9.5860E-04
  4.9036E+01  2.5466E-02  1.0696E-03
  4.9979E+01  2.8923E-02  1.1807E-03
  5.0922E+01  3.2134E-02  1.2793E-03
  5.1865E+01  3.5100E-02  1.3607E-03
  5.2808E+01  3.7912E-02  1.4364E-03
  5.3751E+01  4.0480E-02  1.5216E-03
  5.4694E+01  4.2949E-02  1.5984E-03
  5.5637E+01  4.5205E-02  1.6699E-03
  5.6580E+01  4.7123E-02  1.7214E-03
  5.7523E+01  4.8846E-02  1.7636E-03
  5.8466E+01  5.0533E-02  1.8039E-03
  5.9409E+01  5.2161E-02  1.8504E-03
  6.0352E+01  5.3559E-02  1.8942E-03
  6.1295E+01  5.4656E-02  1.9106E-03
  6.2238E+01  5.5378E-02  1.9056E-03
  6.3181E+01  5.5739E-02  1.8818E-03
  6.4124E+01  5.5955E-02  1.8580E-03
  6.5067E+01  5.6151E-02  1.8358E-03
  6.6010E+01  5.6340E-02  1.8197E-03
  6.6953E+01  5.6411E-02  1.7989E-03
  6.7896E+01  5.6315E-02  1.7699E-03
  6.8839E+01  5.5959E-02  1.7246E-03
  6.9782E+01  5.5402E-02  1.6698E-03
  7.0725E+01  5.4763E-02  1.6081E-03
  7.1668E+01  5.4138E-02  1.5525E-03
  7.2611E+01  5.3573E-02  1.5048E-03
  7.3554E+01  5.3039E-02  1.4728E-03
  7.4497E+01  5.2470E-02  1.4502E-03
  7.5440E+01  5.1868E-02  1.4317E-03
  7.6383E+01  5.1210E-02  1.4132E-03
  7.7326E+01  5.0491E-02  1.3863E-03
  7.8269E+01  4.9790E-02  1.3587E-03
  7.9212E+01  4.9095E-02  1.3289E-03
  8.0155E+01  4.8455E-02  1.3064E-03
  8.1098E+01  4.7894E-02  1.2936E-03
  8.2041E+01  4.7440E-02  1.2931E-03
  8.2984E+01  4.7098E-02  1.3024E-03
  8.3927E+01  4.6856E-02  1.3165E-03
  8.4870E+01  4.6692E-02  1.3319E-03
  8.5813E+01  4.6557E-02  1.3440E-03
  8.6756E+01  4.6424E-02  1.3551E-03
  8.7699E+01  4.6230E-02  1.3624E-03
  8.8642E+01  4.5982E-02  1.3699E-03
  8.9585E+01  4.5670E-02  1.3761E-03
  9.0528E+01  4.5344E-02  1.3847E-03
  9.1471E+01  4.5016E-02  1.3956E-03
  9.2414E+01  4.4702E-02  1.4081E-03
  9.3357E+01  4.4401E-02  1.4220E-03
  9.4300E+01  4.4118E-02  1.4393E-03
  9.5243E+01  4.3849E-02  1.4584E-03
  9.6186E+01  4.3613E-02  1.4806E-03
  9.7129E+01  4.3407E-02  1.5048E-03
  9.8072E+01  4.3213E-02  1.5294E-03
  9.9015E+01  4.3036E-02  1.5548E-03
  9.9958E+01  4.2894E-02  1.5805E-03
  1.0090E+02  4.2815E-02  1.6059E-03
  1.0184E+02  4.2815E-02  1.6290E-03
  1.0279E+02  4.2900E-02  1.6502E-03
  1.0373E+02  4.3046E-02  1.6693E-03
  1.0467E+02  4.3237E-02  1.6876E-03
  1.0562E+02  4.3461E-02  1.7048E-03
  1.0656E+02  4.3741E-02  1.7214E-03
  1.0750E+02  4.4108E-02  1.7379E-03
  1.0845E+02  4.4578E-02  1.7544E-03
  1.0939E+02  4.5132E-02  1.7714E-03
  1.1033E+02  4.5724E-02  1.7882E-03
  1.1127E+02  4.6317E-02  1.8047E-03
  1.1222E+02  4.6885E-02  1.8195E-03
  1.1316E+02  4.7433E-02  1.8327E-03
  1.1410E+02  4.7968E-02  1.8441E-03
  1.1505E+02  4.8491E-02  1.8534E-03
  1.1599E+02  4.8984E-02  1.8609E-03
  1.1693E+02  4.9416E-02  1.8658E-03
  1.1788E+02  4.9768E-02  1.8691E-03
  1.1882E+02  5.0030E-02  1.8712E-03
  1.1976E+02  5.0211E-02  1.8729E-03
  1.2070E+02  5.0332E-02  1.8747E-03
  1.2165E+02  5.0409E-02  1.8764E-03
  1.2259E+02  5.0440E-02  1.8780E-03
  1.2353E+02  5.0408E-02  1.8793E-03
  1.2448E+02  5.0295E-02  1.8805E-03
  1.2542E+02  5.0086E-02  1.8816E-03
  1.2636E+02  4.9792E-02  1.8830E-03
  1.2731E+02  4.9435E-02  1.8844E-03
  1.2825E+02  4.9040E-02  1.8860E-03
  1.2919E+02  4.8614E-02  1.8877E-03
  1.3013E+02  4.8159E-02  1.8894E-03
  1.3108E+02  4.7666E-02  1.8911E-03
  1.3202E+02  4.7137E-02  1.8933E-03
  1.3296E+02  4.6578E-02  1.8958E-03
  1.3391E+02  4.6004E-02  1.8991E-03
  1.3485E+02  4.5420E-02  1.9029E-03
  1.3579E+02  4.4830E-02  1.9073E-03
  1.3674E+02  4.4241E-02  1.9122E-03
  1.3768E+02  4.3664E-02  1.9172E-03
  1.3862E+02  4.3106E-02  1.9225E-03
  1.3956E+02  4.2577E-02  1.9278E-03
  1.4051E+02  4.2077E-02  1.9333E-03
  1.4145E+02  4.1597E-02  1.9391E-03
  1.4239E+02  4.1137E-02  1.9453E-03
  1.4334E+02  4.0706E-02  1.9519E-03
  1.4428E+02  4.0316E-02  1.9588E-03
  1.4522E+02  3.9981E-02  1.9659E-03
  1.4617E+02  3.9704E-02  1.9735E-03
  1.4711E+02  3.9481E-02  1.9813E-03
  1.4805E+02  3.9303E-02  1.9896E-03
  1.4899E+02  3.9163E-02  1.9984E-03
  1.4994E+02  3.9059E-02  2.0077E-03
  1.5088E+02  3.8993E-02  2.0177E-03
  1.5182E+02  3.8974E-02  2.0282E-03
  1.5277E+02  3.9005E-02  2.0392E-03
  1.5371E+02  3.9083E-02  2.0506E-03
  1.5465E+02  3.9201E-02  2.0624E-03
  1.5560E+02  3.9351E-02  2.0746E-03
  1.5654E+02  3.9526E-02  2.0872E-03
  1.5748E+02  3.9724E-02  2.1002E-03
  1.5842E+02  3.9948E-02  2.1136E-03
  1.5937E+02  4.0201E-02  2.1273E-03
  1.6031E+02  4.0479E-02  2.1413E-03
  1.6125E+02  4.0774E-02  2.1555E-03
  1.6220E+02  4.1079E-02  2.1697E-03
  1.6314E+02  4.1388E-02  2.1839E-03
  1.6408E+02  4.1698E-02  2.1980E-03
  1.6503E+02  4.2009E-02  2.2120E-03
  1.6597E+02  4.2318E-02  2.2259E-03
  1.6691E+02  4.2623E-02  2.2395E-03
  1.6785E+02  4.2926E-02  2.2530E-03
  1.6880E+02  4.3226E-02  2.2662E-03
  1.6974E+02  4.3522E-02  2.2791E-03
  1.7068E+02  4.3813E-02  2.2918E-03
  1.7163E+02  4.4095E-02  2.3042E-03
  1.7257E+02  4.4358E-02  2.3161E-03
  1.7351E+02  4.4602E-02  2.3278E-03
  1.7446E+02  4.4835E-02  2.3390E-03
  1.7540E+02  4.5058E-02  2.3500E-03
  1.7634E+02  4.5272E-02  2.3606E-03
  1.7728E+02  4.5475E-02  2.3709E-03
  1.7823E+02  4.5662E-02  2.3808E-03
  1.7917E+02  4.5827E-02  2.3904E-03
  1.8011E+02  4.5969E-02  2.3997E-03
  1.8106E+02  4.6092E-02  2.4087E-03
  1.8200E+02  4.6195E-02  2.4175E-03
  1.8294E+02  4.6279E-02  2.4259E-03
  1.8389E+02  4.6344E-02  2.4341E-03
  1.8483E+02  4.6386E-02  2.4420E-03
  1.8577E+02  4.6403E-02  2.4497E-03
  1.8671E+02  4.6399E-02  2.4571E-03
  1.8766E+02  4.6375E-02  2.4644E-03
  1.8860E+02  4.6335E-02  2.4715E-03
  1.8954E+02  4.6282E-02  2.4784E-03
  1.9049E+02  4.6219E-02  2.4852E-03
  1.9143E+02  4.6145E-02  2.4920E-03
  1.9237E+02  4.6061E-02  2.4988E-03
  1.9332E+02  4.5972E-02  2.5056E-03
  1.9426E+02  4.5885E-02  2.5124E-03
  1.9520E+02  4.5803E-02  2.5195E-03
  1.9614E+02  4.5730E-02  2.5267E-03
  1.9709E+02  4.5664E-02  2.5341E-03
  1.9803E+02  4.5600E-02  2.5418E-03
  1.9897E+02  4.5540E-02  2.5497E-03
  1.9992E+02  4.5487E-02  2.5579E-03
  2.0086E+02  4.5443E-02  2.5664E-03
  2.0180E+02  4.5408E-02  2.5751E-03
  2.0275E+02  4.5379E-02  2.5841E-03
  2.0369E+02  4.5352E-02  2.5934E-03
  2.0463E+02  4.5323E-02  2.6029E-03
  2.0557E+02  4.5295E-02  2.6126E-03
  2.0652E+02  4.5271E-02  2.6225E-03
  2.0746E+02  4.5249E-02  2.6325E-03
  2.0840E+02  4.5226E-02  2.6427E-03
  2.0935E+02  4.5200E-02  2.6531E-03
  2.1029E+02  4.5167E-02  2.6635E-03
  2.1123E+02  4.5128E-02  2.6741E-03
  2.1218E+02  4.5086E-02  2.6847E-03
  2.1312E+02  4.5041E-02  2.6954E-03
  2.1406E+02  4.4990E-02  2.7062E-03
  2.1500E+02  4.4934E-02  2.7171E-03
  2.1595E+02  4.4871E-02  2.7280E-03
  2.1689E+02  4.4801E-02  2.7390E-03
  2.1783E+02  4.4727E-02  2.7500E-03
  2.1878E+02  4.4650E-02  2.7611E-03
  2.1972E+02  4.4573E-02  2.7721E-03
  2.2066E+02  4.4493E-02  2.7832E-03
  2.2161E+02  4.4412E-02  2.7943E-03
  2.2255E+02  4.4328E-02  2.8053E-03
  2.2349E+02  4.4241E-02  2.8163E-03
  2.2443E+02  4.4152E-02  2.8271E-03
  2.2538E+02  4.4062E-02  2.8379E-03
  2.2632E+02  4.3972E-02  2.8484E-03
  2.2726E+02  4.3883E-02  2.8589E-03
  2.2821E+02  4.3791E-02  2.8691E-03
  2.2915E+02  4.3694E-02  2.8792E-03
  2.3009E+02  4.3589E-02  2.8890E-03
  2.3104E+02  4.3482E-02  2.8985E-03
  2.3198E+02  4.3372E-02  2.9078E-03
  2.3292E+02  4.3263E-02  2.9169E-03
  2.3386E+02  4.3155E-02  2.9257E-03
  2.3481E+02  4.3045E-02  2.9342E-03
  2.3575E+02  4.2931E-02  2.9425E-03
  2.3669E+02  4.2814E-02  2.9506E-03
  2.3764E+02  4.2699E-02  2.9585E-03
  2.3858E+02  4.2586E-02  2.9662E-03
  2.3952E+02  4.2477E-02  2.9737E-03
  2.4047E+02  4.2370E-02  2.9811E-03
  2.4141E+02  4.2263E-02  2.9883E-03
  2.4235E+02  4.2156E-02  2.9955E-03
  2.4329E+02  4.2051E-02  3.0025E-03
  2.4424E+02  4.1949E-02  3.0095E-03
  2.4518E+02  4.1848E-02  3.0165E-03
  2.4612E+02  4.1748E-02  3.0234E-03
  2.4707E+02  4.1649E-02  3.0303E-03
  2.4801E+02  4.1547E-02  3.0372E-03
  2.4895E+02  4.1444E-02  3.0441E-03
  2.4990E+02  4.1341E-02  3.0510E-03
  2.5084E+02  4.1238E-02  3.0578E-03
  2.5178E+02  4.1134E-02  3.0647E-03
  2.5272E+02  4.1028E-02  3.0716E-03
  2.5367E+02  4.0919E-02  3.0785E-03
  2.5461E+02  4.0808E-02  3.0854E-03
  2.5555E+02  4.0695E-02  3.0923E-03
  2.5650E+02  4.0581E-02  3.0992E-03
  2.5744E+02  4.0468E-02  3.1062E-03
  2.5838E+02  4.0355E-02  3.1131E-03
  2.5933E+02  4.0241E-02  3.1200E-03
  2.6027E+02  4.0124E-02  3.1270E-03
  2.6121E+02  4.0004E-02  3.1339E-03
  2.6215E+02  3.9882E-02  3.1408E-03
  2.6310E+02  3.9760E-02  3.1478E-03
  2.6404E+02  3.9638E-02  3.1547E-03
  2.6498E+02  3.9515E-02  3.1617E-03
  2.6593E+02  3.9389E-02  3.1686E-03
  2.6687E+02  3.9260E-02  3.1755E-03
  2.6781E+02  3.9127E-02  3.1825E-03
  2.6876E+02  3.8994E-02  3.1894E-03
  2.6970E+02  3.8863E-02  3.1964E-03
  2.7064E+02  3.8733E-02  3.2034E-03
  2.7158E+02  3.8604E-02  3.2104E-03
  2.7253E+02  3.8478E-02  3.2174E-03
  2.7347E+02  3.8355E-02  3.2245E-03
  2.7441E+02  3.8236E-02  3.2315E-03
  2.7536E+02  3.8122E-02  3.2386E-03
  2.7630E+02  3.8016E-02  3.2458E-03
  2.7724E+02  3.7917E-02  3.2530E-03
  2.7819E+02  3.7825E-02  3.2602E-03
  2.7913E+02  3.7741E-02  3.2675E-03
  2.8007E+02  3.7664E-02  3.2748E-03
  2.8101E+02  3.7595E-02  3.2822E-03
  2.8196E+02  3.7533E-02  3.2895E-03
  2.8290E+02  3.7478E-02  3.2969E-03
  2.8384E+02  3.7430E-02  3.3043E-03
  2.8479E+02  3.7388E-02  3.3117E-03
  2.8573E+02  3.7351E-02  3.3191E-03
  2.8667E+02  3.7317E-02  3.3265E-03
  2.8761E+02  3.7287E-02  3.3339E-03
  2.8856E+02  3.7261E-02  3.3413E-03
  2.8950E+02  3.7237E-02  3.3486E-03
  2.9044E+02  3.7214E-02  3.3559E-03
  2.9139E+02  3.7193E-02  3.3632E-03
  2.9233E+02  3.7171E-02  3.3705E-03
  2.9327E+02  3.7150E-02  3.3777E-03
  2.9422E+02  3.7131E-02  3.3850E-03
  2.9516E+02  3.7113E-02  3.3922E-03
  2.9610E+02  3.7097E-02  3.3994E-03
  2.9704E+02  3.7081E-02  3.4066E-03
  2.9799E+02  3.7066E-02  3.4138E-03
  2.9893E+02  3.7052E-02  3.4210E-03
  2.9987E+02  3.7041E-02  3.4282E-03
  3.0082E+02  3.7033E-02  3.4354E-03
  3.0176E+02  3.7029E-02  3.4426E-03
  3.0270E+02  3.7026E-02  3.4498E-03
  3.0365E+02  3.7026E-02  3.4570E-03
  3.0459E+02  3.7027E-02  3.4642E-03
  3.0553E+02  3.7030E-02  3.4713E-03
  3.0647E+02  3.7035E-02  3.4785E-03
  3.0742E+02  3.7041E-02  3.4856E-03
  3.0836E+02  3.7046E-02  3.4928E-03
  3.0930E+02  3.7050E-02  3.4999E-03
  3.1025E+02  3.7053E-02  3.5069E-03
  3.1119E+02  3.7053E-02  3.5139E-03
  3.1213E+02  3.7051E-02  3.5209E-03
  3.1308E+02  3.7045E-02  3.5279E-03
  3.1402E+02  3.7036E-02  3.5348E-03
  3.1496E+02  3.7023E-02  3.5417E-03
  3.1590E+02  3.7005E-02  3.5485E-03
  3.1685E+02  3.6984E-02  3.5553E-03
  3.1779E+02  3.6960E-02  3.5621E-03
  3.1873E+02  3.6932E-02  3.5688E-03
  3.1968E+02  3.6902E-02  3.5756E-03
  3.2062E+02  3.6870E-02  3.5823E-03
  3.2156E+02  3.6836E-02  3.5890E-03
  3.2251E+02  3.6802E-02  3.5958E-03
  3.2345E+02  3.6767E-02  3.6025E-03
  3.2439E+02  3.6732E-02  3.6092E-03
  3.2533E+02  3.6699E-02  3.6159E-03
  3.2628E+02  3.6667E-02  3.6227E-03
  3.2722E+02  3.6637E-02  3.6295E-03
  3.2816E+02  3.6608E-02  3.6362E-03
  3.2911E+02  3.6581E-02  3.6430E-03
  3.3005E+02  3.6556E-02  3.6498E-03
  3.3099E+02  3.6533E-02  3.6566E-03
  3.3194E+02  3.6513E-02  3.6634E-03
  3.3288E+02  3.6495E-02  3.6701E-03
  3.3382E+02  3.6479E-02  3.6769E-03
  3.3476E+02  3.6465E-02  3.6837E-03
  3.3571E+02  3.6451E-02  3.6905E-03
  3.3665E+02  3.6439E-02  3.6972E-03
  3.3759E+02  3.6428E-02  3.7040E-03
  3.3854E+02  3.6418E-02  3.7107E-03
  3.3948E+02  3.6408E-02  3.7175E-03
  3.4042E+02  3.6398E-02  3.7242E-03
  3.4137E+02  3.6388E-02  3.7309E-03
  3.4231E+02  3.6377E-02  3.7376E-03
  3.4325E+02  3.6365E-02  3.7442E-03
  3.4419E+02  3.6352E-02  3.7509E-03
  3.4514E+02  3.6338E-02  3.7576E-03
  3.4608E+02  3.6322E-02  3.7642E-03
  3.4702E+02  3.6305E-02  3.7708E-03
  3.4797E+02  3.6286E-02  3.7775E-03
  3.4891E+02  3.6265E-02  3.7841E-03
  3.4985E+02  3.6243E-02  3.7907E-03
  3.5080E+02  3.6220E-02  3.7973E-03
  3.5174E+02  3.6196E-02  3.8039E-03
  3.5268E+02  3.6170E-02  3.8105E-03
  3.5362E+02  3.6143E-02  3.8170E-03
  3.5457E+02  3.6116E-02  3.8236E-03
  3.5551E+02  3.6088E-02  3.8301E-03
  3.5645E+02  3.6060E-02  3.8366E-03
  3.5740E+02  3.6033E-02  3.8431E-03
  3.5834E+02  3.6005E-02  3.8495E-03
  3.5928E+02  3.5978E-02  3.8559E-03
  3.6023E+02  3.5951E-02  3.8623E-03
  3.6117E+02  3.5924E-02  3.8686E-03
  3.6211E+02  3.5898E-02  3.8749E-03
  3.6305E+02  3.5872E-02  3.8812E-03
  3.6400E+02  3.5846E-02  3.8874E-03
  3.6494E+02  3.5821E-02  3.8936E-03
  3.6588E+02  3.5795E-02  3.8997E-03
  3.6683E+02  3.5770E-02  3.9058E-03
  3.6777E+02  3.5743E-02  3.9118E-03
  3.6871E+02  3.5717E-02  3.9178E-03
  3.6966E+02  3.5690E-02  3.9237E-03
  3.7060E+02  3.5663E-02  3.9296E-03
  3.7154E+02  3.5635E-02  3.9355E-03
  3.7248E+02  3.5606E-02  3.9413E-03
  3.7343E+02  3.5576E-02  3.9471E-03
  3.7437E+02  3.5545E-02  3.9528E-03
  3.7531E+02  3.5514E-02  3.9585E-03
  3.7626E+02  3.5482E-02  3.9642E-03
  3.7720E+02  3.5449E-02  3.9698E-03
  3.7814E+02  3.5415E-02  3.9754E-03
  3.7909E+02  3.5381E-02  3.9810E-03
  3.8003E+02  3.5345E-02  3.9866E-03
  3.8097E+02  3.5310E-02  3.9922E-03
  3.8191E+02  3.5273E-02  3.9977E-03
  3.8286E+02  3.5237E-02  4.0033E-03
  3.8380E+02  3.5199E-02  4.0088E-03
  3.8474E+02  3.5161E-02  4.0143E-03
  3.8569E+02  3.5122E-02  4.0198E-03
  3.8663E+02  3.5083E-02  4.0253E-03
  3.8757E+02  3.5042E-02  4.0308E-03
  3.8852E+02  3.5002E-02  4.0363E-03
  3.8946E+02  3.4960E-02  4.0418E-03
  3.9040E+02  3.4918E-02  4.0472E-03
  3.9134E+02  3.4875E-02  4.0527E-03
  3.9229E+02  3.4831E-02  4.0581E-03
  3.9323E+02  3.4786E-02  4.0636E-03
  3.9417E+02  3.4740E-02  4.0690E-03
  3.9512E+02  3.4694E-02  4.0744E-03
  3.9606E+02  3.4646E-02  4.0798E-03
  3.9700E+02  3.4599E-02  4.0852E-03
  3.9795E+02  3.4550E-02  4.0906E-03
  3.9889E+02  3.4501E-02  4.0959E-03
  3.9983E+02  3.4451E-02  4.1013E-03
  4.0077E+02  3.4402E-02  4.1067E-03
  4.0172E+02  3.4352E-02  4.1120E-03
  4.0266E+02  3.4302E-02  4.1173E-03
  4.0360E+02  3.4252E-02  4.1227E-03
  4.0455E+02  3.4202E-02  4.1280E-03
  4.0549E+02  3.4153E-02  4.1333E-03
  4.0643E+02  3.4103E-02  4.1386E-03
  4.0738E+02  3.4055E-02  4.1439E-03
  4.0832E+02  3.4007E-02  4.1492E-03
  4.0926E+02  3.3959E-02  4.1545E-03
  4.1020E+02  3.3912E-02  4.1598E-03
  4.1115E+02  3.3864E-02  4.1651E-03
  4.1209E+02  3.3817E-02  4.1704E-03
  4.1303E+02  3.3771E-02  4.1756E-03
  4.1398E+02  3.3725E-02  4.1809E-03
  4.1492E+02  3.3679E-02  4.1862E-03
  4.1586E+02  3.3633E-02  4.1914E-03
  4.1681E+02  3.3587E-02  4.1967E-03
  4.1775E+02  3.3541E-02  4.2019E-03
  4.1869E+02  3.3495E-02  4.2072E-03
  4.1963E+02  3.3450E-02  4.2124E-03
  4.2058E+02  3.3404E-02  4.2176E-03
  4.2152E+02  3.3358E-02  4.2228E-03
  4.2246E+02  3.3313E-02  4.2280E-03
  4.2341E+02  3.3267E-02  4.2332E-03
  4.2435E+02  3.3222E-02  4.2384E-03
  4.2529E+02  3.3178E-02  4.2436E-03
  4.2624E+02  3.3133E-02  4.2487E-03
  4.2718E+02  3.3089E-02  4.2539E-03
  4.2812E+02  3.3045E-02  4.2590E-03
  4.2906E+02  3.3002E-02  4.2642E-03
  4.3001E+02  3.2958E-02  4.2693E-03
  4.3095E+02  3.2916E-02  4.2744E-03
  4.3189E+02  3.2873E-02  4.2795E-03
  4.3284E+02  3.2830E-02  4.2846E-03
  4.3378E+02  3.2788E-02  4.2897E-03
  4.3472E+02  3.2746E-02  4.2948E-03
  4.3567E+02  3.2704E-02  4.2998E-03
  4.3661E+02  3.2662E-02  4.3049E-03
  4.3755E+02  3.2619E-02  4.3099E-03
  4.3849E+02  3.2577E-02  4.3149E-03
  4.3944E+02  3.2535E-02  4.3199E-03
  4.4038E+02  3.2492E-02  4.3249E-03
  4.4132E+02  3.2450E-02  4.3299E-03
  4.4227E+02  3.2407E-02  4.3349E-03
  4.4321E+02  3.2364E-02  4.3398E-03
  4.4415E+02  3.2321E-02  4.3448E-03
  4.4510E+02  3.2278E-02  4.3497E-03
  4.4604E+02  3.2235E-02  4.3546E-03
  4.4698E+02  3.2191E-02  4.3595E-03
  4.4792E+02  3.2148E-02  4.3644E-03
  4.4887E+02  3.2104E-02  4.3693E-03
  4.4981E+02  3.2061E-02  4.3742E-03
  4.5075E+02  3.2017E-02  4.3791E-03
  4.5170E+02  3.1974E-02  4.3840E-03
  4.5264E+02  3.1930E-02  4.3889E-03
  4.5358E+02  3.1886E-02  4.3937E-03
  4.5453E+02  3.1842E-02  4.3986E-03
  4.5547E+02  3.1799E-02  4.4034E-03
  4.5641E+02  3.1755E-02  4.4082E-03
  4.5735E+02  3.1711E-02  4.4131E-03
  4.5830E+02  3.1668E-02  4.4179E-03
  4.5924E+02  3.1624E-02  4.4227E-03
  4.6018E+02  3.1580E-02  4.4274E-03
  4.6113E+02  3.1537E-02  4.4322E-03
  4.6207E+02  3.1493E-02  4.4370E-03
  4.6301E+02  3.1450E-02  4.4417E-03
  4.6396E+02  3.1407E-02  4.4465E-03
  4.6490E+02  3.1365E-02  4.4512E-03
  4.6584E+02  3.1322E-02  4.4559E-03
  4.6678E+02  3.1280E-02  4.4606E-03
  4.6773E+02  3.1239E-02  4.4653E-03
  4.6867E+02  3.1198E-02  4.4700E-03
  4.6961E+02  3.1157E-02  4.4747E-03
  4.7056E+02  3.1117E-02  4.4793E-03
  4.7150E+02  3.1077E-02  4.4840E-03
  4.7244E+02  3.1037E-02  4.4886E-03
  4.7339E+02  3.0998E-02  4.4932E-03
  4.7433E+02  3.0959E-02  4.4978E-03
  4.7527E+02  3.0921E-02  4.5024E-03
  4.7621E+02  3.0883E-02  4.5070E-03
  4.7716E+02  3.0845E-02  4.5115E-03
  4.7810E+02  3.0807E-02  4.5161E-03
  4.7904E+02  3.0769E-02  4.5206E-03
  4.7999E+02  3.0731E-02  4.5251E-03
  4.8093E+02  3.0694E-02  4.5296E-03
  4.8187E+02  3.0656E-02  4.5341E-03
  4.8282E+02  3.0619E-02  4.5385E-03
  4.8376E+02  3.0582E-02  4.5429E-03
  4.8470E+02  3.0546E-02  4.5473E-03
  4.8564E+02  3.0509E-02  4.5517E-03
  4.8659E+02  3.0473E-02  4.5561E-03
  4.8753E+02  3.0437E-02  4.5605E-03
  4.8847E+02  3.0402E-02  4.5649E-03
  4.8942E+02  3.0367E-02  4.5692E-03
  4.9036E+02  3.0332E-02  4.5735E-03
  4.9130E+02  3.0298E-02  4.5778E-03
  4.9225E+02  3.0264E-02  4.5821E-03
  4.9319E+02  3.0231E-02  4.5864E-03
  4.9413E+02  3.0198E-02  4.5907E-03
  4.9507E+02  3.0165E-02  4.5950E-03
  4.9602E+02  3.0133E-02  4.5992E-03
  4.9696E+02  3.0101E-02  4.6035E-03
  4.9790E+02  3.0069E-02  4.6077E-03
  4.9885E+02  3.0037E-02  4.6119E-03
  4.9979E+02  3.0006E-02  4.6161E-03
  5.0073E+02  2.9974E-02  4.6203E-03
  5.0168E+02  2.9943E-02  4.6245E-03
  5.0262E+02  2.9911E-02  4.6287E-03
  5.0356E+02  2.9880E-02  4.6329E-03
  5.0450E+02  2.9848E-02  4.6370E-03
  5.0545E+02  2.9817E-02  4.6411E-03
  5.0639E+02  2.9786E-02  4.6453E-03
  5.0733E+02  2.9754E-02  4.6494E-03
  5.0828E+02  2.9723E-02  4.6535E-03
  5.0922E+02  2.9692E-02  4.6576E-03
  5.1016E+02  2.9661E-02  4.6617E-03
  5.1111E+02  2.9630E-02  4.6657E-03
  5.1205E+02  2.9599E-02  4.6698E-03
  5.1299E+02  2.9568E-02  4.6739E-03
  5.1393E+02  2.9538E-02  4.6779E-03
  5.1488E+02  2.9507E-02  4.6820E-03
  5.1582E+02  2.9477E-02  4.6860E-03
  5.1676E+02  2.9447E-02  4.6900E-03
  5.1771E+02  2.9417E-02  4.6940E-03
  5.1865E+02  2.9388E-02  4.6980E-03
  5.1959E+02  2.9358E-02  4.7020E-03
  5.2054E+02  2.9329E-02  4.7060E-03
  5.2148E+02  2.9299E-02  4.7100E-03
  5.2242E+02  2.9270E-02  4.7140E-03
  5.2336E+02  2.9241E-02  4.7179E-03
  5.2431E+02  2.9212E-02  4.7219E-03
  5.2525E+02  2.9183E-02  4.7258E-03
  5.2619E+02  2.9154E-02  4.7297E-03
  5.2714E+02  2.9125E-02  4.7337E-03
  5.2808E+02  2.9097E-02  4.7376E-03
  5.2902E+02  2.9068E-02  4.7415E-03
  5.2997E+02  2.9039E-02  4.7454E-03
  5.3091E+02  2.9010E-02  4.7492E-03
  5.3185E+02  2.8982E-02  4.7531E-03
  5.3279E+02  2.8953E-02  4.7570E-03
  5.3374E+02  2.8925E-02  4.7608E-03
  5.3468E+02  2.8896E-02  4.7647E-03
  5.3562E+02  2.8868E-02  4.7685E-03
  5.3657E+02  2.8840E-02  4.7723E-03
  5.3751E+02  2.8812E-02  4.7762E-03
  5.3845E+02  2.8784E-02  4.7800E-03
  5.3940E+02  2.8756E-02  4.7838E-03
  5.4034E+02  2.8729E-02  4.7875E-03
  5.4128E+02  2.8702E-02  4.7913E-03
  5.4222E+02  2.8674E-02  4.7951E-03
  5.4317E+02  2.8647E-02  4.7989E-03
  5.4411E+02  2.8620E-02  4.8026E-03
  5.4505E+02  2.8593E-02  4.8063E-03
  5.4600E+02  2.8567E-02  4.8101E-03
  5.4694E+02  2.8540E-02  4.8138E-03
  5.4788E+02  2.8514E-02  4.8175E-03
  5.4883E+02  2.8487E-02  4.8212E-03
  5.4977E+02  2.8461E-02  4.8249E-03
  5.5071E+02  2.8435E-02  4.8286E-03
  5.5165E+02  2.8409E-02  4.8322E-03
  5.5260E+02  2.8383E-02  4.8359E-03
  5.5354E+02  2.8357E-02  4.8395E-03
  5.5448E+02  2.8331E-02  4.8432E-03
  5.5543E+02  2.8304E-02  4.8468E-03
  5.5637E+02  2.8278E-02  4.8504E-03
  5.5731E+02  2.8252E-02  4.8540E-03
  5.5826E+02  2.8226E-02  4.8576E-03
  5.5920E+02  2.8199E-02  4.8612E-03
  5.6014E+02  2.8173E-02  4.8648E-03
  5.6108E+02  2.8146E-02  4.8683E-03
  5.6203E+02  2.8120E-02  4.8719E-03
  5.6297E+02  2.8093E-02  4.8754E-03
  5.6391E+02  2.8067E-02  4.8789E-03
  5.6486E+02  2.8040E-02  4.8824E-03
  5.6580E+02  2.8014E-02  4.8859E-03
  5.6674E+02  2.7987E-02  4.8894E-03
  5.6769E+02  2.7960E-02  4.8929E-03
  5.6863E+02  2.7934E-02  4.8964E-03
  5.6957E+02  2.7908E-02  4.8998E-03
  5.7051E+02  2.7881E-02  4.9033E-03
  5.7146E+02  2.7855E-02  4.9067E-03
  5.7240E+02  2.7828E-02  4.9101E-03
  5.7334E+02  2.7802E-02  4.9135E-03
  5.7429E+02  2.7776E-02  4.9170E-03
  5.7523E+02  2.7750E-02  4.9204E-03
  5.7617E+02  2.7724E-02  4.9237E-03
  5.7712E+02  2.7698E-02  4.9271E-03
  5.7806E+02  2.7672E-02  4.9305E-03
  5.7900E+02  2.7646E-02  4.9338E-03
  5.7994E+02  2.7620E-02  4.9372E-03
  5.8089E+02  2.7594E-02  4.9405E-03
  5.8183E+02  2.7568E-02  4.9438E-03
  5.8277E+02  2.7542E-02  4.9472E-03
  5.8372E+02  2.7516E-02  4.9505E-03
  5.8466E+02  2.7490E-02  4.9538E-03
  5.8560E+02  2.7463E-02  4.9571E-03
  5.8655E+02  2.7437E-02  4.9603E-03
  5.8749E+02  2.7411E-02  4.9636E-03
  5.8843E+02  2.7384E-02  4.9669E-03
  5.8937E+02  2.7358E-02  4.9701E-03
  5.9032E+02  2.7332E-02  4.9733E-03
  5.9126E+02  2.7305E-02  4.9766E-03
  5.9220E+02  2.7278E-02  4.9798E-03
  5.9315E+02  2.7252E-02  4.9830E-03
  5.9409E+02  2.7225E-02  4.9862E-03
  5.9503E+02  2.7198E-02  4.9894E-03
  5.9598E+02  2.7172E-02  4.9926E-03
  5.9692E+02  2.7145E-02  4.9957E-03
  5.9786E+02  2.7118E-02  4.9989E-03
  5.9880E+02  2.7092E-02  5.0021E-03
  5.9975E+02  2.7065E-02  5.0052E-03
  6.0069E+02  2.7038E-02  5.0083E-03
  6.0163E+02  2.7012E-02  5.0114E-03
  6.0258E+02  2.6985E-02  5.0146E-03
  6.0352E+02  2.6959E-02  5.0177E-03
  6.0446E+02  2.6932E-02  5.0207E-03
  6.0541E+02  2.6906E-02  5.0238E-03
  6.0635E+02  2.6879E-02  5.0269E-03
  6.0729E+02  2.6853E-02  5.0299E-03
  6.0823E+02  2.6826E-02  5.0330E-03
  6.0918E+02  2.6800E-02  5.0360E-03
  6.1012E+02  2.6773E-02  5.0391E-03
  6.1106E+02  2.6747E-02  5.0421E-03
  6.1201E+02  2.6721E-02  5.0451E-03
  6.1295E+02  2.6694E-02  5.0481E-03
  6.1389E+02  2.6668E-02  5.0510E-03
  6.1484E+02  2.6642E-02  5.0540E-03
  6.1578E+02  2.6615E-02  5.0570E-03
  6.1672E+02  2.6589E-02  5.0599E-03
  6.1766E+02  2.6563E-02  5.0628E-03
  6.1861E+02  2.6537E-02  5.0658E-03
  6.1955E+02  2.6511E-02  5.0687E-03
  6.2049E+02  2.6485E-02  5.0716E-03
  6.2144E+02  2.6458E-02  5.0745E-03
  6.2238E+02  2.6432E-02  5.0774E-03
  6.2332E+02  2.6406E-02  5.0803E-03
  6.2427E+02  2.6380E-02  5.0831E-03
  6.2521E+02  2.6354E-02  5.0860E-03
  6.2615E+02  2.6327E-02  5.0888E-03
  6.2709E+02  2.6301E-02  5.0917E-03
  6.2804E+02  2.6275E-02  5.0945E-03
  6.2898E+02  2.6249E-02  5.0973E-03
  6.2992E+02  2.6223E-02  5.1002E-03
  6.3087E+02  2.6197E-02  5.1030E-03
  6.3181E+02  2.6171E-02  5.1058E-03
  6.3275E+02  2.6144E-02  5.1086E-03
  6.3370E+02  2.6118E-02  5.1114E-03
  6.3464E+02  2.6092E-02  5.1141E-03
  6.3558E+02  2.6067E-02  5.1169E-03
  6.3652E+02  2.6041E-02  5.1197E-03
  6.3747E+02  2.6015E-02  5.1224E-03
  6.3841E+02  2.5989E-02  5.1252E-03
  6.3935E+02  2.5963E-02  5.1279E-03
  6.4030E+02  2.5938E-02  5.1306E-03
  6.4124E+02  2.5912E-02  5.1333E-03
  6.4218E+02  2.5887E-02  5.1360E-03
  6.4313E+02  2.5861E-02  5.1387E-03
  6.4407E+02  2.5836E-02  5.1414E-03
  6.4501E+02  2.5810E-02  5.1441E-03
  6.4595E+02  2.5785E-02  5.1468E-03
  6.4690E+02  2.5760E-02  5.1495E-03
  6.4784E+02  2.5734E-02  5.1521E-03
  6.4878E+02  2.5709E-02  5.1548E-03
  6.4973E+02  2.5683E-02  5.1574E-03
  6.5067E+02  2.5658E-02  5.1600E-03
  6.5161E+02  2.5633E-02  5.1626E-03
  6.5256E+02  2.5607E-02  5.1653E-03
  6.5350E+02  2.5582E-02  5.1679E-03
  6.5444E+02  2.5557E-02  5.1704E-03
  6.5538E+02  2.5531E-02  5.1730E-03
  6.5633E+02  2.5506E-02  5.1756E-03
  6.5727E+02  2.5481E-02  5.1782E-03
  6.5821E+02  2.5455E-02  5.1807E-03
  6.5916E+02  2.5430E-02  5.1833E-03
  6.6010E+02  2.5405E-02  5.1858E-03
  6.6104E+02  2.5380E-02  5.1883E-03
  6.6199E+02  2.5355E-02  5.1908E-03
  6.6293E+02  2.5329E-02  5.1933E-03
  6.6387E+02  2.5304E-02  5.1958E-03
  6.6481E+02  2.5279E-02  5.1983E-03
  6.6576E+02  2.5254E-02  5.2008E-03
  6.6670E+02  2.5229E-02  5.2033E-03
  6.6764E+02  2.5204E-02  5.2057E-03
  6.6859E+02  2.5179E-02  5.2082E-03
  6.6953E+02  2.5154E-02  5.2106E-03
  6.7047E+02  2.5129E-02  5.2131E-03
  6.7142E+02  2.5105E-02  5.2155E-03
  6.7236E+02  2.5080E-02  5.2179E-03
  6.7330E+02  2.5055E-02  5.2203E-03
  6.7424E+02  2.5030E-02  5.2227E-03
  6.7519E+02  2.5006E-02  5.2251E-03
  6.7613E+02  2.4981E-02  5.2275E-03
  6.7707E+02  2.4957E-02  5.2299E-03
  6.7802E+02  2.4932E-02  5.2323E-03
  6.7896E+02  2.4908E-02  5.2346E-03
  6.7990E+02  2.4883E-02  5.2370E-03
  6.8085E+02  2.4859E-02  5.2393E-03
  6.8179E+02  2.4835E-02  5.2416E-03
  6.8273E+02  2.4810E-02  5.2440E-03
  6.8367E+02  2.4786E-02  5.2463E-03
  6.8462E+02  2.4762E-02  5.2486E-03
  6.8556E+02  2.4738E-02  5.2509E-03
  6.8650E+02  2.4714E-02  5.2532E-03
  6.8745E+02  2.4690E-02  5.2555E-03
  6.8839E+02  2.4666E-02  5.2578E-03
  6.8933E+02  2.4642E-02  5.2600E-03
  6.9028E+02  2.4618E-02  5.2623E-03
  6.9122E+02  2.4595E-02  5.2646E-03
  6.9216E+02  2.4571E-02  5.2668E-03
  6.9310E+02  2.4547E-02  5.2691E-03
  6.9405E+02  2.4523E-02  5.2713E-03
  6.9499E+02  2.4500E-02  5.2735E-03
  6.9593E+02  2.4476E-02  5.2757E-03
  6.9688E+02  2.4452E-02  5.2779E-03
  6.9782E+02  2.4429E-02  5.2801E-03
  6.9876E+02  2.4405E-02  5.2823E-03
  6.9971E+02  2.4381E-02  5.2845E-03
  7.0065E+02  2.4358E-02  5.2867E-03
  7.0159E+02  2.4334E-02  5.2889E-03
  7.0253E+02  2.4311E-02  5.2910E-03
  7.0348E+02  2.4288E-02  5.2932E-03
  7.0442E+02  2.4264E-02  5.2953E-03
  7.0536E+02  2.4241E-02  5.2974E-03
  7.0631E+02  2.4218E-02  5.2996E-03
  7.0725E+02  2.4195E-02  5.3017E-03
  7.0819E+02  2.4171E-02  5.3038E-03
  7.0914E+02  2.4148E-02  5.3059E-03
  7.1008E+02  2.4125E-02  5.3080E-03
  7.1102E+02  2.4102E-02  5.3101E-03
  7.1196E+02  2.4079E-02  5.3121E-03
  7.1291E+02  2.4056E-02  5.3142E-03
  7.1385E+02  2.4033E-02  5.3163E-03
  7.1479E+02  2.4010E-02  5.3183E-03
  7.1574E+02  2.3987E-02  5.3203E-03
  7.1668E+02  2.3965E-02  5.3224E-03
  7.1762E+02  2.3942E-02  5.3244E-03
  7.1857E+02  2.3919E-02  5.3264E-03
  7.1951E+02  2.3896E-02  5.3284E-03
  7.2045E+02  2.3874E-02  5.3304E-03
  7.2139E+02  2.3851E-02  5.3324E-03
  7.2234E+02  2.3829E-02  5.3344E-03
  7.2328E+02  2.3806E-02  5.3364E-03
  7.2422E+02  2.3784E-02  5.3383E-03
  7.2517E+02  2.3761E-02  5.3403E-03
  7.2611E+02  2.3739E-02  5.3422E-03
  7.2705E+02  2.3717E-02  5.3442E-03
  7.2800E+02  2.3694E-02  5.3461E-03
  7.2894E+02  2.3672E-02  5.3480E-03
  7.2988E+02  2.3650E-02  5.3499E-03
  7.3082E+02  2.3628E-02  5.3519E-03
  7.3177E+02  2.3605E-02  5.3538E-03
  7.3271E+02  2.3583E-02  5.3556E-03
  7.3365E+02  2.3561E-02  5.3575E-03
  7.3460E+02  2.3539E-02  5.3594E-03
  7.3554E+02  2.3517E-02  5.3613E-03
  7.3648E+02  2.3494E-02  5.3631E-03
  7.3743E+02  2.3472E-02  5.3650E-03
  7.3837E+02  2.3450E-02  5.3668E-03
  7.3931E+02  2.3428E-02  5.3687E-03
  7.4025E+02  2.3406E-02  5.3705E-03
  7.4120E+02  2.3384E-02  5.3723E-03
  7.4214E+02  2.3362E-02  5.3742E-03
  7.4308E+02  2.3339E-02  5.3760E-03
  7.4403E+02  2.3317E-02  5.3778E-03
  7.4497E+02  2.3295E-02  5.3796E-03
  7.4591E+02  2.3273E-02  5.3814E-03
  7.4686E+02  2.3252E-02  5.3831E-03
  7.4780E+02  2.3230E-02  5.3849E-03
  7.4874E+02  2.3208E-02  5.3867E-03
  7.4968E+02  2.3186E-02  5.3884E-03
  7.5063E+02  2.3164E-02  5.3902E-03
  7.5157E+02  2.3142E-02  5.3919E-03
  7.5251E+02  2.3121E-02  5.3936E-03
  7.5346E+02  2.3099E-02  5.3954E-03
  7.5440E+02  2.3077E-02  5.3971E-03
  7.5534E+02  2.3056E-02  5.3988E-03
  7.5629E+02  2.3034E-02  5.4005E-03
  7.5723E+02  2.3013E-02  5.4022E-03
  7.5817E+02  2.2991E-02  5.4039E-03
  7.5911E+02  2.2970E-02  5.4056E-03
  7.6006E+02  2.2948E-02  5.4072E-03
  7.6100E+02  2.2927E-02  5.4089E-03
  7.6194E+02  2.2905E-02  5.4106E-03
  7.6289E+02  2.2884E-02  5.4122E-03
  7.6383E+02  2.2862E-02  5.4139E-03
  7.6477E+02  2.2841E-02  5.4155E-03
  7.6572E+02  2.2819E-02  5.4171E-03
  7.6666E+02  2.2798E-02  5.4187E-03
  7.6760E+02  2.2777E-02  5.4204E-03
  7.6854E+02  2.2755E-02  5.4220E-03
  7.6949E+02  2.2734E-02  5.4236E-03
  7.7043E+02  2.2713E-02  5.4252E-03
  7.7137E+02  2.2691E-02  5.4267E-03
  7.7232E+02  2.2670E-02  5.4283E-03
  7.7326E+02  2.2649E-02  5.4299E-03
  7.7420E+02  2.2628E-02  5.4314E-03
  7.7515E+02  2.2607E-02  5.4330E-03
  7.7609E+02  2.2586E-02  5.4346E-03
  7.7703E+02  2.2565E-02  5.4361E-03
  7.7797E+02  2.2544E-02  5.4376E-03
  7.7892E+02  2.2523E-02  5.4392E-03
  7.7986E+02  2.2502E-02  5.4407E-03
  7.8080E+02  2.2481E-02  5.4422E-03
  7.8175E+02  2.2460E-02  5.4437E-03
  7.8269E+02  2.2439E-02  5.4452E-03
  7.8363E+02  2.2418E-02  5.4467E-03
  7.8458E+02  2.2397E-02  5.4482E-03
  7.8552E+02  2.2376E-02  5.4496E-03
  7.8646E+02  2.2355E-02  5.4511E-03
  7.8740E+02  2.2335E-02  5.4526E-03
  7.8835E+02  2.2314E-02  5.4540E-03
  7.8929E+02  2.2293E-02  5.4555E-03
  7.9023E+02  2.2272E-02  5.4569E-03
  7.9118E+02  2.2252E-02  5.4583E-03
  7.9212E+02  2.2231E-02  5.4598E-03
  7.9306E+02  2.2210E-02  5.4612E-03
  7.9401E+02  2.2189E-02  5.4626E-03
  7.9495E+02  2.2169E-02  5.4640E-03
  7.9589E+02  2.2148E-02  5.4654E-03
  7.9683E+02  2.2127E-02  5.4668E-03
  7.9778E+02  2.2107E-02  5.4681E-03
  7.9872E+02  2.2086E-02  5.4695E-03
  7.9966E+02  2.2065E-02  5.4709E-03
  8.0061E+02  2.2045E-02  5.4722E-03
  8.0155E+02  2.2024E-02  5.4736E-03
  8.0249E+02  2.2004E-02  5.4749E-03
  8.0344E+02  2.1983E-02  5.4763E-03
  8.0438E+02  2.1963E-02  5.4776E-03
  8.0532E+02  2.1942E-02  5.4789E-03
  8.0626E+02  2.1922E-02  5.4802E-03
  8.0721E+02  2.1901E-02  5.4815E-03
  8.0815E+02  2.1881E-02  5.4828E-03
  8.0909E+02  2.1861E-02  5.4841E-03
  8.1004E+02  2.1840E-02  5.4854E-03
  8.1098E+02  2.1820E-02  5.4867E-03
  8.1192E+02  2.1800E-02  5.4880E-03
  8.1287E+02  2.1779E-02  5.4892E-03
  8.1381E+02  2.1759E-02  5.4905E-03
  8.1475E+02  2.1739E-02  5.4918E-03
  8.1569E+02  2.1719E-02  5.4930E-03
  8.1664E+02  2.1699E-02  5.4942E-03
  8.1758E+02  2.1678E-02  5.4955E-03
  8.1852E+02  2.1658E-02  5.4967E-03
  8.1947E+02  2.1638E-02  5.4979E-03
  8.2041E+02  2.1618E-02  5.4991E-03
  8.2135E+02  2.1598E-02  5.5003E-03
  8.2230E+02  2.1578E-02  5.5015E-03
  8.2324E+02  2.1558E-02  5.5027E-03
  8.2418E+02  2.1539E-02  5.5039E-03
  8.2512E+02  2.1519E-02  5.5051E-03
  8.2607E+02  2.1499E-02  5.5063E-03
  8.2701E+02  2.1479E-02  5.5074E-03
  8.2795E+02  2.1459E-02  5.5086E-03
  8.2890E+02  2.1439E-02  5.5098E-03
  8.2984E+02  2.1420E-02  5.5109E-03
  8.3078E+02  2.1400E-02  5.5120E-03
  8.3173E+02  2.1380E-02  5.5132E-03
  8.3267E+02  2.1360E-02  5.5143E-03
  8.3361E+02  2.1341E-02  5.5154E-03
  8.3455E+02  2.1321E-02  5.5165E-03
  8.3550E+02  2.1301E-02  5.5176E-03
  8.3644E+02  2.1282E-02  5.5187E-03
  8.3738E+02  2.1262E-02  5.5198E-03
  8.3833E+02  2.1242E-02  5.5209E-03
  8.3927E+02  2.1223E-02  5.5220E-03
  8.4021E+02  2.1203E-02  5.5231E-03
  8.4116E+02  2.1184E-02  5.5241E-03
  8.4210E+02  2.1164E-02  5.5252E-03
  8.4304E+02  2.1144E-02  5.5262E-03
  8.4398E+02  2.1125E-02  5.5273E-03
  8.4493E+02  2.1105E-02  5.5283E-03
  8.4587E+02  2.1086E-02  5.5293E-03
  8.4681E+02  2.1066E-02  5.5304E-03
  8.4776E+02  2.1047E-02  5.5314E-03
  8.4870E+02  2.1028E-02  5.5324E-03
  8.4964E+02  2.1008E-02  5.5334E-03
  8.5059E+02  2.0989E-02  5.5344E-03
  8.5153E+02  2.0969E-02  5.5354E-03
  8.5247E+02  2.0950E-02  5.5364E-03
  8.5341E+02  2.0931E-02  5.5373E-03
  8.5436E+02  2.0912E-02  5.5383E-03
  8.5530E+02  2.0892E-02  5.5393E-03
  8.5624E+02  2.0873E-02  5.5402E-03
  8.5719E+02  2.0854E-02  5.5412E-03
  8.5813E+02  2.0835E-02  5.5421E-03
  8.5907E+02  2.0816E-02  5.5431E-03
  8.6002E+02  2.0797E-02  5.5440E-03
  8.6096E+02  2.0778E-02  5.5449E-03
  8.6190E+02  2.0759E-02  5.5459E-03
  8.6284E+02  2.0740E-02  5.5468E-03
  8.6379E+02  2.0721E-02  5.5477E-03
  8.6473E+02  2.0702E-02  5.5486E-03
  8.6567E+02  2.0683E-02  5.5495E-03
  8.6662E+02  2.0664E-02  5.5504E-03
  8.6756E+02  2.0645E-02  5.5512E-03
  8.6850E+02  2.0626E-02  5.5521E-03
  8.6945E+02  2.0608E-02  5.5530E-03
  8.7039E+02  2.0589E-02  5.5538E-03
  8.7133E+02  2.0570E-02  5.5547E-03
  8.7227E+02  2.0551E-02  5.5555E-03
  8.7322E+02  2.0533E-02  5.5564E-03
  8.7416E+02  2.0514E-02  5.5572E-03
  8.7510E+02  2.0495E-02  5.5581E-03
  8.7605E+02  2.0477E-02  5.5589E-03
  8.7699E+02  2.0458E-02  5.5597E-03
  8.7793E+02  2.0439E-02  5.5605E-03
  8.7888E+02  2.0421E-02  5.5613E-03
  8.7982E+02  2.0402E-02  5.5621E-03
  8.8076E+02  2.0384E-02  5.5629E-03
  8.8170E+02  2.0365E-02  5.5637E-03
  8.8265E+02  2.0347E-02  5.5645E-03
  8.8359E+02  2.0328E-02  5.5653E-03
  8.8453E+02  2.0310E-02  5.5660E-03
  8.8548E+02  2.0291E-02  5.5668E-03
  8.8642E+02  2.0273E-02  5.5676E-03
  8.8736E+02  2.0255E-02  5.5683E-03
  8.8831E+02  2.0236E-02  5.5691E-03
  8.8925E+02  2.0218E-02  5.5698E-03
  8.9019E+02  2.0200E-02  5.5705E-03
  8.9113E+02  2.0181E-02  5.5713E-03
  8.9208E+02  2.0163E-02  5.5720E-03
  8.9302E+02  2.0145E-02  5.5727E-03
  8.9396E+02  2.0127E-02  5.5734E-03
  8.9491E+02  2.0108E-02  5.5741E-03
  8.9585E+02  2.0090E-02  5.5748E-03
  8.9679E+02  2.0072E-02  5.5755E-03
  8.9774E+02  2.0054E-02  5.5762E-03
  8.9868E+02  2.0036E-02  5.5768E-03
  8.9962E+02  2.0018E-02  5.5775E-03
  9.0056E+02  2.0000E-02  5.5782E-03
  9.0151E+02  1.9981E-02  5.5788E-03
  9.0245E+02  1.9963E-02  5.5795E-03
  9.0339E+02  1.9945E-02  5.5801E-03
  9.0434E+02  1.9927E-02  5.5808E-03
  9.0528E+02  1.9909E-02  5.5814E-03
  9.0622E+02  1.9891E-02  5.5820E-03
  9.0717E+02  1.9873E-02  5.5826E-03
  9.0811E+02  1.9856E-02  5.5833E-03
  9.0905E+02  1.9838E-02  5.5839E-03
  9.0999E+02  1.9820E-02  5.5845E-03
  9.1094E+02  1.9802E-02  5.5851E-03
  9.1188E+02  1.9784E-02  5.5857E-03
  9.1282E+02  1.9766E-02  5.5862E-03
  9.1377E+02  1.9749E-02  5.5868E-03
  9.1471E+02  1.9731E-02  5.5874E-03
  9.1565E+02  1.9713E-02  5.5880E-03
  9.1660E+02  1.9696E-02  5.5885E-03
  9.1754E+02  1.9678E-02  5.5891E-03
  9.1848E+02  1.9660E-02  5.5896E-03
  9.1942E+02  1.9643E-02  5.5902E-03
  9.2037E+02  1.9625E-02  5.5907E-03
  9.2131E+02  1.9608E-02  5.5913E-03
  9.2225E+02  1.9590E-02  5.5918E-03
  9.2320E+02  1.9573E-02  5.5923E-03
  9.2414E+02  1.9555E-02  5.5928E-03
  9.2508E+02  1.9538E-02  5.5933E-03
  9.2603E+02  1.9520E-02  5.5938E-03
  9.2697E+02  1.9503E-02  5.5943E-03
  9.2791E+02  1.9485E-02  5.5948E-03
  9.2885E+02  1.9468E-02  5.5953E-03
  9.2980E+02  1.9450E-02  5.5958E-03
  9.3074E+02  1.9433E-02  5.5963E-03
  9.3168E+02  1.9416E-02  5.5967E-03
  9.3263E+02  1.9398E-02  5.5972E-03
  9.3357E+02  1.9381E-02  5.5977E-03
  9.3451E+02  1.9364E-02  5.5981E-03
  9.3546E+02  1.9347E-02  5.5986E-03
  9.3640E+02  1.9329E-02  5.5990E-03
  9.3734E+02  1.9312E-02  5.5994E-03
  9.3828E+02  1.9295E-02  5.5999E-03
  9.3923E+02  1.9278E-02  5.6003E-03
  9.4017E+02  1.9261E-02  5.6007E-03
  9.4111E+02  1.9243E-02  5.6011E-03
  9.4206E+02  1.9226E-02  5.6015E-03
  9.4300E+02  1.9209E-02  5.6019E-03
  9.4394E+02  1.9192E-02  5.6023E-03
  9.4489E+02  1.9175E-02  5.6027E-03
  9.4583E+02  1.9158E-02  5.6031E-03
  9.4677E+02  1.9141E-02  5.6035E-03
  9.4771E+02  1.9124E-02  5.6038E-03
  9.4866E+02  1.9107E-02  5.6042E-03
  9.4960E+02  1.9090E-02  5.6046E-03
  9.5054E+02  1.9073E-02  5.6049E-03
  9.5149E+02  1.9056E-02  5.6053E-03
  9.5243E+02  1.9040E-02  5.6056E-03
  9.5337E+02  1.9023E-02  5.6059E-03
  9.5432E+02  1.9006E-02  5.6063E-03
  9.5526E+02  1.8989E-02  5.6066E-03
  9.5620E+02  1.8972E-02  5.6069E-03
  9.5714E+02  1.8955E-02  5.6072E-03
  9.5809E+02  1.8939E-02  5.6076E-03
  9.5903E+02  1.8922E-02  5.6079E-03
  9.5997E+02  1.8905E-02  5.6082E-03
  9.6092E+02  1.8888E-02  5.6085E-03
  9.6186E+02  1.8872E-02  5.6087E-03
  9.6280E+02  1.8855E-02  5.6090E-03
  9.6375E+02  1.8838E-02  5.6093E-03
  9.6469E+02  1.8822E-02  5.6096E-03
  9.6563E+02  1.8805E-02  5.6098E-03
  9.6657E+02  1.8788E-02  5.6101E-03
  9.6752E+02  1.8772E-02  5.6104E-03
  9.6846E+02  1.8755E-02  5.6106E-03
  9.6940E+02  1.8739E-02  5.6108E-03
  9.7035E+02  1.8722E-02  5.6111E-03
  9.7129E+02  1.8706E-02  5.6113E-03
  9.7223E+02  1.8689E-02  5.6116E-03
  9.7318E+02  1.8672E-02  5.6118E-03
  9.7412E+02  1.8656E-02  5.6120E-03
  9.7506E+02  1.8640E-02  5.6122E-03
  9.7600E+02  1.8623E-02  5.6124E-03
  9.7695E+02  1.8607E-02  5.6126E-03
  9.7789E+02  1.8590E-02  5.6128E-03
  9.7883E+02  1.8574E-02  5.6130E-03
  9.7978E+02  1.8557E-02  5.6132E-03
  9.8072E+02  1.8541E-02  5.6134E-03
  9.8166E+02  1.8525E-02  5.6135E-03
  9.8261E+02  1.8508E-02  5.6137E-03
  9.8355E+02  1.8492E-02  5.6139E-03
  9.8449E+02  1.8476E-02  5.6140E-03
  9.8543E+02  1.8459E-02  5.6142E-03
  9.8638E+02  1.8443E-02  5.6143E-03
  9.8732E+02  1.8427E-02  5.6145E-03
  9.8826E+02  1.8411E-02  5.6146E-03
  9.8921E+02  1.8395E-02  5.6147E-03
  9.9015E+02  1.8378E-02  5.6149E-03
  9.9109E+02  1.8362E-02  5.6150E-03
  9.9204E+02  1.8346E-02  5.6151E-03
  9.9298E+02  1.8330E-02  5.6152E-03
  9.9392E+02  1.8314E-02  5.6153E-03
  9.9486E+02  1.8298E-02  5.6154E-03
  9.9581E+02  1.8282E-02  5.6155E-03
  9.9675E+02  1.8266E-02  5.6156E-03
  9.9769E+02  1.8250E-02  5.6157E-03
  9.9864E+02  1.8234E-02  5.6158E-03
  9.9958E+02  1.8218E-02  5.6158E-03
  1.0005E+03  1.8202E-02  5.6159E-03
  1.0015E+03  1.8186E-02  5.6160E-03
  1.0024E+03  1.8170E-02  5.6160E-03
  1.0034E+03  1.8154E-02  5.6161E-03
  1.0043E+03  1.8138E-02  5.6161E-03
  1.0052E+03  1.8122E-02  5.6162E-03
  1.0062E+03  1.8106E-02  5.6162E-03
  1.0071E+03  1.8090E-02  5.6163E-03
  1.0081E+03  1.8075E-02  5.6163E-03
  1.0090E+03  1.8059E-02  5.6163E-03
  1.0100E+03  1.8043E-02  5.6163E-03
  1.0109E+03  1.8027E-02  5.6163E-03
  1.0118E+03  1.8011E-02  5.6164E-03
  1.0128E+03  1.7996E-02  5.6164E-03
  1.0137E+03  1.7980E-02  5.6164E-03
  1.0147E+03  1.7964E-02  5.6163E-03
  1.0156E+03  1.7949E-02  5.6163E-03
  1.0166E+03  1.7933E-02  5.6163E-03
  1.0175E+03  1.7917E-02  5.6163E-03
  1.0184E+03  1.7902E-02  5.6163E-03
  1.0194E+03  1.7886E-02  5.6162E-03
  1.0203E+03  1.7870E-02  5.6162E-03
  1.0213E+03  1.7855E-02  5.6162E-03
  1.0222E+03  1.7839E-02  5.6161E-03
  1.0232E+03  1.7824E-02  5.6161E-03
  1.0241E+03  1.7808E-02  5.6160E-03
  1.0250E+03  1.7793E-02  5.6159E-03
  1.0260E+03  1.7777E-02  5.6159E-03
  1.0269E+03  1.7762E-02  5.6158E-03
  1.0279E+03  1.7746E-02  5.6157E-03
  1.0288E+03  1.7731E-02  5.6156E-03
  1.0298E+03  1.7715E-02  5.6156E-03
  1.0307E+03  1.7700E-02  5.6155E-03
  1.0316E+03  1.7684E-02  5.6154E-03
  1.0326E+03  1.7669E-02  5.6153E-03
  1.0335E+03  1.7654E-02  5.6152E-03
  1.0345E+03  1.7638E-02  5.6150E-03
  1.0354E+03  1.7623E-02  5.6149E-03
  1.0364E+03  1.7608E-02  5.6148E-03
  1.0373E+03  1.7592E-02  5.6147E-03
  1.0382E+03  1.7577E-02  5.6146E-03
  1.0392E+03  1.7562E-02  5.6144E-03
  1.0401E+03  1.7546E-02  5.6143E-03
  1.0411E+03  1.7531E-02  5.6141E-03
  1.0420E+03  1.7516E-02  5.6140E-03
  1.0430E+03  1.7501E-02  5.6138E-03
  1.0439E+03  1.7485E-02  5.6137E-03
  1.0448E+03  1.7470E-02  5.6135E-03
  1.0458E+03  1.7455E-02  5.6133E-03
  1.0467E+03  1.7440E-02  5.6132E-03
  1.0477E+03  1.7425E-02  5.6130E-03
  1.0486E+03  1.7410E-02  5.6128E-03
  1.0496E+03  1.7395E-02  5.6126E-03
  1.0505E+03  1.7380E-02  5.6124E-03
  1.0514E+03  1.7365E-02  5.6122E-03
  1.0524E+03  1.7350E-02  5.6120E-03
  1.0533E+03  1.7335E-02  5.6118E-03
  1.0543E+03  1.7320E-02  5.6116E-03
  1.0552E+03  1.7305E-02  5.6114E-03
  1.0562E+03  1.7290E-02  5.6112E-03
  1.0571E+03  1.7275E-02  5.6109E-03
  1.0580E+03  1.7260E-02  5.6107E-03
  1.0590E+03  1.7245E-02  5.6105E-03
  1.0599E+03  1.7230E-02  5.6102E-03
  1.0609E+03  1.7215E-02  5.6100E-03
  1.0618E+03  1.7200E-02  5.6097E-03
  1.0628E+03  1.7185E-02  5.6095E-03
  1.0637E+03  1.7170E-02  5.6092E-03
  1.0646E+03  1.7156E-02  5.6090E-03
  1.0656E+03  1.7141E-02  5.6087E-03
  1.0665E+03  1.7126E-02  5.6084E-03
  1.0675E+03  1.7111E-02  5.6081E-03
  1.0684E+03  1.7096E-02  5.6079E-03
  1.0694E+03  1.7082E-02  5.6076E-03
  1.0703E+03  1.7067E-02  5.6073E-03
  1.0712E+03  1.7052E-02  5.6070E-03
  1.0722E+03  1.7037E-02  5.6067E-03
  1.0731E+03  1.7023E-02  5.6064E-03
  1.0741E+03  1.7008E-02  5.6061E-03
  1.0750E+03  1.6993E-02  5.6058E-03
  1.0760E+03  1.6979E-02  5.6054E-03
  1.0769E+03  1.6964E-02  5.6051E-03
  1.0778E+03  1.6950E-02  5.6048E-03
  1.0788E+03  1.6935E-02  5.6045E-03
  1.0797E+03  1.6920E-02  5.6041E-03
  1.0807E+03  1.6906E-02  5.6038E-03
  1.0816E+03  1.6891E-02  5.6034E-03
  1.0826E+03  1.6877E-02  5.6031E-03
  1.0835E+03  1.6862E-02  5.6027E-03
  1.0844E+03  1.6848E-02  5.6024E-03
  1.0854E+03  1.6833E-02  5.6020E-03
  1.0863E+03  1.6819E-02  5.6016E-03
  1.0873E+03  1.6804E-02  5.6013E-03
  1.0882E+03  1.6790E-02  5.6009E-03
  1.0892E+03  1.6776E-02  5.6005E-03
  1.0901E+03  1.6761E-02  5.6001E-03
  1.0911E+03  1.6747E-02  5.5997E-03
  1.0920E+03  1.6732E-02  5.5994E-03
  1.0929E+03  1.6718E-02  5.5990E-03
  1.0939E+03  1.6704E-02  5.5986E-03
  1.0948E+03  1.6689E-02  5.5981E-03
  1.0958E+03  1.6675E-02  5.5977E-03
  1.0967E+03  1.6661E-02  5.5973E-03
  1.0977E+03  1.6647E-02  5.5969E-03
  1.0986E+03  1.6632E-02  5.5965E-03
  1.0995E+03  1.6618E-02  5.5960E-03
  1.1005E+03  1.6604E-02  5.5956E-03
  1.1014E+03  1.6590E-02  5.5952E-03
  1.1024E+03  1.6576E-02  5.5947E-03
  1.1033E+03  1.6561E-02  5.5943E-03
  1.1043E+03  1.6547E-02  5.5938E-03
  1.1052E+03  1.6533E-02  5.5934E-03
  1.1061E+03  1.6519E-02  5.5929E-03
  1.1071E+03  1.6505E-02  5.5925E-03
  1.1080E+03  1.6491E-02  5.5920E-03
  1.1090E+03  1.6477E-02  5.5915E-03
  1.1099E+03  1.6463E-02  5.5910E-03
  1.1109E+03  1.6449E-02  5.5906E-03
  1.1118E+03  1.6435E-02  5.5901E-03
  1.1127E+03  1.6421E-02  5.5896E-03
  1.1137E+03  1.6407E-02  5.5891E-03
  1.1146E+03  1.6393E-02  5.5886E-03
  1.1156E+03  1.6379E-02  5.5881E-03
  1.1165E+03  1.6365E-02  5.5876E-03
  1.1175E+03  1.6351E-02  5.5871E-03
  1.1184E+03  1.6337E-02  5.5866E-03
  1.1193E+03  1.6323E-02  5.5861E-03
  1.1203E+03  1.6309E-02  5.5855E-03
  1.1212E+03  1.6295E-02  5.5850E-03
  1.1222E+03  1.6281E-02  5.5845E-03
  1.1231E+03  1.6267E-02  5.5839E-03
  1.1241E+03  1.6253E-02  5.5834E-03
  1.1250E+03  1.6240E-02  5.5829E-03
  1.1259E+03  1.6226E-02  5.5823E-03
  1.1269E+03  1.6212E-02  5.5818E-03
  1.1278E+03  1.6198E-02  5.5812E-03
  1.1288E+03  1.6185E-02  5.5806E-03
  1.1297E+03  1.6171E-02  5.5801E-03
  1.1307E+03  1.6157E-02  5.5795E-03
  1.1316E+03  1.6143E-02  5.5789E-03
  1.1325E+03  1.6130E-02  5.5784E-03
  1.1335E+03  1.6116E-02  5.5778E-03
  1.1344E+03  1.6102E-02  5.5772E-03
  1.1354E+03  1.6089E-02  5.5766E-03
  1.1363E+03  1.6075E-02  5.5760E-03
  1.1373E+03  1.6061E-02  5.5754E-03
  1.1382E+03  1.6048E-02  5.5748E-03
  1.1391E+03  1.6034E-02  5.5742E-03
  1.1401E+03  1.6021E-02  5.5736E-03
  1.1410E+03  1.6007E-02  5.5730E-03
  1.1420E+03  1.5993E-02  5.5724E-03
  1.1429E+03  1.5980E-02  5.5718E-03
  1.1439E+03  1.5966E-02  5.5711E-03
  1.1448E+03  1.5953E-02  5.5705E-03
  1.1457E+03  1.5939E-02  5.5699E-03
  1.1467E+03  1.5926E-02  5.5692E-03
  1.1476E+03  1.5912E-02  5.5686E-03
  1.1486E+03  1.5899E-02  5.5680E-03
  1.1495E+03  1.5885E-02  5.5673E-03
  1.1505E+03  1.5872E-02  5.5667E-03
  1.1514E+03  1.5859E-02  5.5660E-03
  1.1523E+03  1.5845E-02  5.5653E-03
  1.1533E+03  1.5832E-02  5.5647E-03
  1.1542E+03  1.5819E-02  5.5640E-03
  1.1552E+03  1.5805E-02  5.5633E-03
  1.1561E+03  1.5792E-02  5.5627E-03
  1.1571E+03  1.5779E-02  5.5620E-03
  1.1580E+03  1.5765E-02  5.5613E-03
  1.1589E+03  1.5752E-02  5.5606E-03
  1.1599E+03  1.5739E-02  5.5599E-03
  1.1608E+03  1.5725E-02  5.5592E-03
  1.1618E+03  1.5712E-02  5.5585E-03
  1.1627E+03  1.5699E-02  5.5578E-03
  1.1637E+03  1.5686E-02  5.5571E-03
  1.1646E+03  1.5673E-02  5.5564E-03
  1.1655E+03  1.5659E-02  5.5557E-03
  1.1665E+03  1.5646E-02  5.5550E-03
  1.1674E+03  1.5633E-02  5.5543E-03
  1.1684E+03  1.5620E-02  5.5535E-03
  1.1693E+03  1.5607E-02  5.5528E-03
  1.1703E+03  1.5594E-02  5.5521E-03
  1.1712E+03  1.5581E-02  5.5513E-03
  1.1721E+03  1.5567E-02  5.5506E-03
  1.1731E+03  1.5554E-02  5.5499E-03
  1.1740E+03  1.5541E-02  5.5491E-03
  1.1750E+03  1.5528E-02  5.5484E-03
  1.1759E+03  1.5515E-02  5.5476E-03
  1.1769E+03  1.5502E-02  5.5469E-03
  1.1778E+03  1.5489E-02  5.5461E-03
  1.1787E+03  1.5476E-02  5.5453E-03
  1.1797E+03  1.5463E-02  5.5446E-03
  1.1806E+03  1.5450E-02  5.5438E-03
  1.1816E+03  1.5437E-02  5.5430E-03
  1.1825E+03  1.5424E-02  5.5422E-03
  1.1835E+03  1.5412E-02  5.5414E-03
  1.1844E+03  1.5399E-02  5.5406E-03
  1.1854E+03  1.5386E-02  5.5399E-03
  1.1863E+03  1.5373E-02  5.5391E-03
  1.1872E+03  1.5360E-02  5.5383E-03
  1.1882E+03  1.5347E-02  5.5375E-03
  1.1891E+03  1.5334E-02  5.5367E-03
  1.1901E+03  1.5321E-02  5.5358E-03
  1.1910E+03  1.5309E-02  5.5350E-03
  1.1920E+03  1.5296E-02  5.5342E-03
  1.1929E+03  1.5283E-02  5.5334E-03
  1.1938E+03  1.5270E-02  5.5326E-03
  1.1948E+03  1.5258E-02  5.5317E-03
  1.1957E+03  1.5245E-02  5.5309E-03
  1.1967E+03  1.5232E-02  5.5301E-03
  1.1976E+03  1.5219E-02  5.5292E-03
  1.1986E+03  1.5207E-02  5.5284E-03
  1.1995E+03  1.5194E-02  5.5275E-03
  1.2004E+03  1.5181E-02  5.5267E-03
  1.2014E+03  1.5169E-02  5.5258E-03
  1.2023E+03  1.5156E-02  5.5250E-03
  1.2033E+03  1.5143E-02  5.5241E-03
  1.2042E+03  1.5131E-02  5.5233E-03
  1.2052E+03  1.5118E-02  5.5224E-03
  1.2061E+03  1.5106E-02  5.5215E-03
  1.2070E+03  1.5093E-02  5.5206E-03
  1.2080E+03  1.5080E-02  5.5198E-03
  1.2089E+03  1.5068E-02  5.5189E-03
  1.2099E+03  1.5055E-02  5.5180E-03
  1.2108E+03  1.5043E-02  5.5171E-03
  1.2118E+03  1.5030E-02  5.5162E-03
  1.2127E+03  1.5018E-02  5.5153E-03
  1.2136E+03  1.5005E-02  5.5144E-03
  1.2146E+03  1.4993E-02  5.5135E-03
  1.2155E+03  1.4980E-02  5.5126E-03
  1.2165E+03  1.4968E-02  5.5117E-03
  1.2174E+03  1.4956E-02  5.5108E-03
  1.2184E+03  1.4943E-02  5.5099E-03
  1.2193E+03  1.4931E-02  5.5090E-03
  1.2202E+03  1.4918E-02  5.5080E-03
  1.2212E+03  1.4906E-02  5.5071E-03
  1.2221E+03  1.4894E-02  5.5062E-03
  1.2231E+03  1.4881E-02  5.5053E-03
  1.2240E+03  1.4869E-02  5.5043E-03
  1.2250E+03  1.4857E-02  5.5034E-03
  1.2259E+03  1.4844E-02  5.5024E-03
  1.2268E+03  1.4832E-02  5.5015E-03
  1.2278E+03  1.4820E-02  5.5005E-03
  1.2287E+03  1.4808E-02  5.4996E-03
  1.2297E+03  1.4795E-02  5.4986E-03
  1.2306E+03  1.4783E-02  5.4977E-03
  1.2316E+03  1.4771E-02  5.4967E-03
  1.2325E+03  1.4759E-02  5.4957E-03
  1.2334E+03  1.4746E-02  5.4948E-03
  1.2344E+03  1.4734E-02  5.4938E-03
  1.2353E+03  1.4722E-02  5.4928E-03
  1.2363E+03  1.4710E-02  5.4919E-03
  1.2372E+03  1.4698E-02  5.4909E-03
  1.2382E+03  1.4686E-02  5.4899E-03
  1.2391E+03  1.4674E-02  5.4889E-03
  1.2400E+03  1.4661E-02  5.4879E-03
  1.2410E+03  1.4649E-02  5.4869E-03
  1.2419E+03  1.4637E-02  5.4859E-03
  1.2429E+03  1.4625E-02  5.4849E-03
  1.2438E+03  1.4613E-02  5.4839E-03
  1.2448E+03  1.4601E-02  5.4829E-03
  1.2457E+03  1.4589E-02  5.4819E-03
  1.2466E+03  1.4577E-02  5.4809E-03
  1.2476E+03  1.4565E-02  5.4798E-03
  1.2485E+03  1.4553E-02  5.4788E-03
  1.2495E+03  1.4541E-02  5.4778E-03
  1.2504E+03  1.4529E-02  5.4768E-03
  1.2514E+03  1.4517E-02  5.4757E-03
  1.2523E+03  1.4505E-02  5.4747E-03
  1.2532E+03  1.4493E-02  5.4737E-03
  1.2542E+03  1.4481E-02  5.4726E-03
  1.2551E+03  1.4470E-02  5.4716E-03
  1.2561E+03  1.4458E-02  5.4705E-03
  1.2570E+03  1.4446E-02  5.4695E-03
  1.2580E+03  1.4434E-02  5.4684E-03
  1.2589E+03  1.4422E-02  5.4674E-03
  1.2598E+03  1.4410E-02  5.4663E-03
  1.2608E+03  1.4398E-02  5.4653E-03
  1.2617E+03  1.4387E-02  5.4642E-03
  1.2627E+03  1.4375E-02  5.4631E-03
  1.2636E+03  1.4363E-02  5.4621E-03
  1.2646E+03  1.4351E-02  5.4610E-03
  1.2655E+03  1.4339E-02  5.4599E-03
  1.2664E+03  1.4328E-02  5.4588E-03
  1.2674E+03  1.4316E-02  5.4577E-03
  1.2683E+03  1.4304E-02  5.4567E-03
  1.2693E+03  1.4293E-02  5.4556E-03
  1.2702E+03  1.4281E-02  5.4545E-03
  1.2712E+03  1.4269E-02  5.4534E-03
  1.2721E+03  1.4258E-02  5.4523E-03
  1.2730E+03  1.4246E-02  5.4512E-03
  1.2740E+03  1.4234E-02  5.4501E-03
  1.2749E+03  1.4223E-02  5.4490E-03
  1.2759E+03  1.4211E-02  5.4479E-03
  1.2768E+03  1.4199E-02  5.4467E-03
  1.2778E+03  1.4188E-02  5.4456E-03
  1.2787E+03  1.4176E-02  5.4445E-03
  1.2797E+03  1.4165E-02  5.4434E-03
  1.2806E+03  1.4153E-02  5.4423E-03
  1.2815E+03  1.4142E-02  5.4411E-03
  1.2825E+03  1.4130E-02  5.4400E-03
  1.2834E+03  1.4118E-02  5.4389E-03
  1.2844E+03  1.4107E-02  5.4377E-03
  1.2853E+03  1.4095E-02  5.4366E-03
  1.2863E+03  1.4084E-02  5.4354E-03
  1.2872E+03  1.4073E-02  5.4343E-03
  1.2881E+03  1.4061E-02  5.4332E-03
  1.2891E+03  1.4050E-02  5.4320E-03
  1.2900E+03  1.4038E-02  5.4308E-03
  1.2910E+03  1.4027E-02  5.4297E-03
  1.2919E+03  1.4015E-02  5.4285E-03
  1.2929E+03  1.4004E-02  5.4274E-03
  1.2938E+03  1.3993E-02  5.4262E-03
  1.2947E+03  1.3981E-02  5.4250E-03
  1.2957E+03  1.3970E-02  5.4239E-03
  1.2966E+03  1.3958E-02  5.4227E-03
  1.2976E+03  1.3947E-02  5.4215E-03
  1.2985E+03  1.3936E-02  5.4203E-03
  1.2995E+03  1.3925E-02  5.4191E-03
  1.3004E+03  1.3913E-02  5.4180E-03
  1.3013E+03  1.3902E-02  5.4168E-03
  1.3023E+03  1.3891E-02  5.4156E-03
  1.3032E+03  1.3879E-02  5.4144E-03
  1.3042E+03  1.3868E-02  5.4132E-03
  1.3051E+03  1.3857E-02  5.4120E-03
  1.3061E+03  1.3846E-02  5.4108E-03
  1.3070E+03  1.3834E-02  5.4096E-03
  1.3079E+03  1.3823E-02  5.4084E-03
  1.3089E+03  1.3812E-02  5.4072E-03
  1.3098E+03  1.3801E-02  5.4059E-03
  1.3108E+03  1.3790E-02  5.4047E-03
  1.3117E+03  1.3779E-02  5.4035E-03
  1.3127E+03  1.3767E-02  5.4023E-03
  1.3136E+03  1.3756E-02  5.4011E-03
  1.3145E+03  1.3745E-02  5.3998E-03
  1.3155E+03  1.3734E-02  5.3986E-03
  1.3164E+03  1.3723E-02  5.3974E-03
  1.3174E+03  1.3712E-02  5.3961E-03
  1.3183E+03  1.3701E-02  5.3949E-03
  1.3193E+03  1.3690E-02  5.3937E-03
  1.3202E+03  1.3679E-02  5.3924E-03
  1.3211E+03  1.3668E-02  5.3912E-03
  1.3221E+03  1.3657E-02  5.3899E-03
  1.3230E+03  1.3646E-02  5.3887E-03
  1.3240E+03  1.3635E-02  5.3874E-03
  1.3249E+03  1.3624E-02  5.3862E-03
  1.3259E+03  1.3613E-02  5.3849E-03
  1.3268E+03  1.3602E-02  5.3836E-03
  1.3277E+03  1.3591E-02  5.3824E-03
  1.3287E+03  1.3580E-02  5.3811E-03
  1.3296E+03  1.3569E-02  5.3798E-03
  1.3306E+03  1.3558E-02  5.3786E-03
  1.3315E+03  1.3547E-02  5.3773E-03
  1.3325E+03  1.3536E-02  5.3760E-03
  1.3334E+03  1.3525E-02  5.3747E-03
  1.3343E+03  1.3515E-02  5.3734E-03
  1.3353E+03  1.3504E-02  5.3722E-03
  1.3362E+03  1.3493E-02  5.3709E-03
  1.3372E+03  1.3482E-02  5.3696E-03
  1.3381E+03  1.3471E-02  5.3683E-03
  1.3391E+03  1.3460E-02  5.3670E-03
  1.3400E+03  1.3450E-02  5.3657E-03
  1.3409E+03  1.3439E-02  5.3644E-03
  1.3419E+03  1.3428E-02  5.3631E-03
  1.3428E+03  1.3417E-02  5.3618E-03
  1.3438E+03  1.3407E-02  5.3605E-03
  1.3447E+03  1.3396E-02  5.3592E-03
  1.3457E+03  1.3385E-02  5.3579E-03
  1.3466E+03  1.3374E-02  5.3565E-03
  1.3475E+03  1.3364E-02  5.3552E-03
  1.3485E+03  1.3353E-02  5.3539E-03
  1.3494E+03  1.3342E-02  5.3526E-03
  1.3504E+03  1.3332E-02  5.3513E-03
  1.3513E+03  1.3321E-02  5.3499E-03
  1.3523E+03  1.3310E-02  5.3486E-03
  1.3532E+03  1.3300E-02  5.3473E-03
  1.3541E+03  1.3289E-02  5.3459E-03
  1.3551E+03  1.3278E-02  5.3446E-03
  1.3560E+03  1.3268E-02  5.3432E-03
  1.3570E+03  1.3257E-02  5.3419E-03
  1.3579E+03  1.3247E-02  5.3406E-03
  1.3589E+03  1.3236E-02  5.3392E-03
  1.3598E+03  1.3226E-02  5.3379E-03
  1.3607E+03  1.3215E-02  5.3365E-03
  1.3617E+03  1.3205E-02  5.3352E-03
  1.3626E+03  1.3194E-02  5.3338E-03
  1.3636E+03  1.3183E-02  5.3324E-03
  1.3645E+03  1.3173E-02  5.3311E-03
  1.3655E+03  1.3163E-02  5.3297E-03
  1.3664E+03  1.3152E-02  5.3283E-03
  1.3673E+03  1.3142E-02  5.3270E-03
  1.3683E+03  1.3131E-02  5.3256E-03
  1.3692E+03  1.3121E-02  5.3242E-03
  1.3702E+03  1.3110E-02  5.3229E-03
  1.3711E+03  1.3100E-02  5.3215E-03
  1.3721E+03  1.3089E-02  5.3201E-03
  1.3730E+03  1.3079E-02  5.3187E-03
  1.3740E+03  1.3069E-02  5.3173E-03
  1.3749E+03  1.3058E-02  5.3159E-03
  1.3758E+03  1.3048E-02  5.3146E-03
  1.3768E+03  1.3038E-02  5.3132E-03
  1.3777E+03  1.3027E-02  5.3118E-03
  1.3787E+03  1.3017E-02  5.3104E-03
  1.3796E+03  1.3007E-02  5.3090E-03
  1.3806E+03  1.2996E-02  5.3076E-03
  1.3815E+03  1.2986E-02  5.3062E-03
  1.3824E+03  1.2976E-02  5.3048E-03
  1.3834E+03  1.2965E-02  5.3034E-03
  1.3843E+03  1.2955E-02  5.3019E-03
  1.3853E+03  1.2945E-02  5.3005E-03
  1.3862E+03  1.2935E-02  5.2991E-03
  1.3872E+03  1.2924E-02  5.2977E-03
  1.3881E+03  1.2914E-02  5.2963E-03
  1.3890E+03  1.2904E-02  5.2949E-03
  1.3900E+03  1.2894E-02  5.2934E-03
  1.3909E+03  1.2884E-02  5.2920E-03
  1.3919E+03  1.2873E-02  5.2906E-03
  1.3928E+03  1.2863E-02  5.2892E-03
  1.3938E+03  1.2853E-02  5.2877E-03
  1.3947E+03  1.2843E-02  5.2863E-03
  1.3956E+03  1.2833E-02  5.2849E-03
  1.3966E+03  1.2823E-02  5.2834E-03
  1.3975E+03  1.2813E-02  5.2820E-03
  1.3985E+03  1.2803E-02  5.2805E-03
  1.3994E+03  1.2793E-02  5.2791E-03
  1.4004E+03  1.2782E-02  5.2776E-03
  1.4013E+03  1.2772E-02  5.2762E-03
  1.4022E+03  1.2762E-02  5.2747E-03
  1.4032E+03  1.2752E-02  5.2733E-03
  1.4041E+03  1.2742E-02  5.2718E-03
  1.4051E+03  1.2732E-02  5.2704E-03
  1.4060E+03  1.2722E-02  5.2689E-03
  1.4070E+03  1.2712E-02  5.2674E-03
  1.4079E+03  1.2702E-02  5.2660E-03
  1.4088E+03  1.2692E-02  5.2645E-03
  1.4098E+03  1.2682E-02  5.2631E-03
  1.4107E+03  1.2672E-02  5.2616E-03
  1.4117E+03  1.2662E-02  5.2601E-03
  1.4126E+03  1.2652E-02  5.2586E-03
  1.4136E+03  1.2643E-02  5.2572E-03
  1.4145E+03  1.2633E-02  5.2557E-03
  1.4154E+03  1.2623E-02  5.2542E-03
  1.4164E+03  1.2613E-02  5.2527E-03
  1.4173E+03  1.2603E-02  5.2512E-03
  1.4183E+03  1.2593E-02  5.2497E-03
  1.4192E+03  1.2583E-02  5.2483E-03
  1.4202E+03  1.2573E-02  5.2468E-03
  1.4211E+03  1.2564E-02  5.2453E-03
  1.4220E+03  1.2554E-02  5.2438E-03
  1.4230E+03  1.2544E-02  5.2423E-03
  1.4239E+03  1.2534E-02  5.2408E-03
  1.4249E+03  1.2524E-02  5.2393E-03
  1.4258E+03  1.2515E-02  5.2378E-03
  1.4268E+03  1.2505E-02  5.2363E-03
  1.4277E+03  1.2495E-02  5.2348E-03
  1.4286E+03  1.2485E-02  5.2333E-03
  1.4296E+03  1.2476E-02  5.2318E-03
  1.4305E+03  1.2466E-02  5.2302E-03
  1.4315E+03  1.2456E-02  5.2287E-03
  1.4324E+03  1.2446E-02  5.2272E-03
  1.4334E+03  1.2437E-02  5.2257E-03
  1.4343E+03  1.2427E-02  5.2242E-03
  1.4352E+03  1.2417E-02  5.2227E-03
  1.4362E+03  1.2408E-02  5.2211E-03
  1.4371E+03  1.2398E-02  5.2196E-03
  1.4381E+03  1.2388E-02  5.2181E-03
  1.4390E+03  1.2379E-02  5.2165E-03
  1.4400E+03  1.2369E-02  5.2150E-03
  1.4409E+03  1.2359E-02  5.2135E-03
  1.4418E+03  1.2350E-02  5.2119E-03
  1.4428E+03  1.2340E-02  5.2104E-03
  1.4437E+03  1.2331E-02  5.2089E-03
  1.4447E+03  1.2321E-02  5.2073E-03
  1.4456E+03  1.2312E-02  5.2058E-03
  1.4466E+03  1.2302E-02  5.2042E-03
  1.4475E+03  1.2292E-02  5.2027E-03
  1.4484E+03  1.2283E-02  5.2012E-03
  1.4494E+03  1.2273E-02  5.1996E-03
  1.4503E+03  1.2264E-02  5.1981E-03
  1.4513E+03  1.2254E-02  5.1965E-03
  1.4522E+03  1.2245E-02  5.1949E-03
  1.4532E+03  1.2235E-02  5.1934E-03
  1.4541E+03  1.2226E-02  5.1918E-03
  1.4550E+03  1.2216E-02  5.1903E-03
  1.4560E+03  1.2207E-02  5.1887E-03
  1.4569E+03  1.2198E-02  5.1871E-03
  1.4579E+03  1.2188E-02  5.1856E-03
  1.4588E+03  1.2179E-02  5.1840E-03
  1.4598E+03  1.2169E-02  5.1824E-03
  1.4607E+03  1.2160E-02  5.1809E-03
  1.4616E+03  1.2151E-02  5.1793E-03
  1.4626E+03  1.2141E-02  5.1777E-03
  1.4635E+03  1.2132E-02  5.1762E-03
  1.4645E+03  1.2122E-02  5.1746E-03
  1.4654E+03  1.2113E-02  5.1730E-03
  1.4664E+03  1.2104E-02  5.1714E-03
  1.4673E+03  1.2094E-02  5.1698E-03
  1.4683E+03  1.2085E-02  5.1682E-03
  1.4692E+03  1.2076E-02  5.1667E-03
  1.4701E+03  1.2066E-02  5.1651E-03
  1.4711E+03  1.2057E-02  5.1635E-03
  1.4720E+03  1.2048E-02  5.1619E-03
  1.4730E+03  1.2039E-02  5.1603E-03
  1.4739E+03  1.2029E-02  5.1587E-03
  1.4749E+03  1.2020E-02  5.1571E-03
  1.4758E+03  1.2011E-02  5.1555E-03
  1.4767E+03  1.2002E-02  5.1539E-03
  1.4777E+03  1.1992E-02  5.1523E-03
  1.4786E+03  1.1983E-02  5.1507E-03
  1.4796E+03  1.1974E-02  5.1491E-03
  1.4805E+03  1.1965E-02  5.1475E-03
  1.4815E+03  1.1956E-02  5.1459E-03
  1.4824E+03  1.1947E-02  5.1443E-03
  1.4833E+03  1.1937E-02  5.1427E-03
  1.4843E+03  1.1928E-02  5.1411E-03
  1.4852E+03  1.1919E-02  5.1394E-03
  1.4862E+03  1.1910E-02  5.1378E-03
  1.4871E+03  1.1901E-02  5.1362E-03
  1.4881E+03  1.1892E-02  5.1346E-03
  1.4890E+03  1.1883E-02  5.1330E-03
  1.4899E+03  1.1874E-02  5.1313E-03
  1.4909E+03  1.1865E-02  5.1297E-03
  1.4918E+03  1.1855E-02  5.1281E-03
  1.4928E+03  1.1846E-02  5.1265E-03
  1.4937E+03  1.1837E-02  5.1248E-03
  1.4947E+03  1.1828E-02  5.1232E-03
  1.4956E+03  1.1819E-02  5.1216E-03
  1.4965E+03  1.1810E-02  5.1200E-03
  1.4975E+03  1.1801E-02  5.1183E-03
  1.4984E+03  1.1792E-02  5.1167E-03
  1.4994E+03  1.1783E-02  5.1150E-03
  1.5000E+03  1.1777E-02  5.1140E-03
