# CREATED BY GENE DIAGNOSTICS TOOL on Tue Mar 16 18:00:03 2021
# diag: timetrace, run(s): 0022, time window: 0-300(2096 steps), species: ions
# original data path: /ptmp/cmor/HP_GAM_scans/LHD_s0.25_alpha-pi10_npol3_nz0768/
# normalization: L_ref=1.65m
#
#  t          Re[phi]     Im[phi]   
  0.0000E+00  9.9997E-01  0.0000E+00
  1.4320E-01  9.9658E-01  1.4141E-04
  2.8640E-01  9.8689E-01  2.8466E-04
  4.2960E-01  9.7225E-01  4.2901E-04
  5.7280E-01  9.5436E-01  5.7108E-04
  7.1600E-01  9.3487E-01  7.0682E-04
  8.5920E-01  9.1508E-01  8.3338E-04
  1.0024E+00  8.9572E-01  9.4992E-04
  1.1456E+00  8.7707E-01  1.0576E-03
  1.2888E+00  8.5897E-01  1.1586E-03
  1.4320E+00  8.4109E-01  1.2554E-03
  1.5752E+00  8.2300E-01  1.3499E-03
  1.7184E+00  8.0431E-01  1.4426E-03
  1.8616E+00  7.8477E-01  1.5335E-03
  2.0048E+00  7.6421E-01  1.6217E-03
  2.1480E+00  7.4260E-01  1.7065E-03
  2.2912E+00  7.2002E-01  1.7869E-03
  2.4344E+00  6.9661E-01  1.8622E-03
  2.5776E+00  6.7254E-01  1.9320E-03
  2.7208E+00  6.4800E-01  1.9961E-03
  2.8640E+00  6.2317E-01  2.0546E-03
  3.0072E+00  5.9824E-01  2.1075E-03
  3.1504E+00  5.7333E-01  2.1549E-03
  3.2936E+00  5.4857E-01  2.1971E-03
  3.4368E+00  5.2405E-01  2.2341E-03
  3.5800E+00  4.9986E-01  2.2657E-03
  3.7232E+00  4.7603E-01  2.2921E-03
  3.8664E+00  4.5264E-01  2.3131E-03
  4.0096E+00  4.2972E-01  2.3286E-03
  4.1528E+00  4.0731E-01  2.3385E-03
  4.2960E+00  3.8544E-01  2.3427E-03
  4.4392E+00  3.6415E-01  2.3413E-03
  4.5824E+00  3.4348E-01  2.3341E-03
  4.7256E+00  3.2343E-01  2.3214E-03
  4.8688E+00  3.0405E-01  2.3031E-03
  5.0120E+00  2.8536E-01  2.2795E-03
  5.1552E+00  2.6737E-01  2.2506E-03
  5.2984E+00  2.5010E-01  2.2167E-03
  5.4416E+00  2.3356E-01  2.1779E-03
  5.5848E+00  2.1776E-01  2.1346E-03
  5.7280E+00  2.0269E-01  2.0869E-03
  5.8712E+00  1.8836E-01  2.0351E-03
  6.0144E+00  1.7476E-01  1.9795E-03
  6.1576E+00  1.6188E-01  1.9204E-03
  6.3008E+00  1.4971E-01  1.8581E-03
  6.4440E+00  1.3824E-01  1.7929E-03
  6.5872E+00  1.2746E-01  1.7252E-03
  6.7304E+00  1.1734E-01  1.6551E-03
  6.8736E+00  1.0788E-01  1.5832E-03
  7.0168E+00  9.9041E-02  1.5097E-03
  7.1600E+00  9.0813E-02  1.4349E-03
  7.3032E+00  8.3174E-02  1.3592E-03
  7.4464E+00  7.6102E-02  1.2828E-03
  7.5896E+00  6.9575E-02  1.2062E-03
  7.7328E+00  6.3571E-02  1.1295E-03
  7.8760E+00  5.8066E-02  1.0532E-03
  8.0192E+00  5.3039E-02  9.7740E-04
  8.1624E+00  4.8466E-02  9.0249E-04
  8.3056E+00  4.4325E-02  8.2866E-04
  8.4488E+00  4.0592E-02  7.5617E-04
  8.5920E+00  3.7248E-02  6.8525E-04
  8.7352E+00  3.4268E-02  6.1611E-04
  8.8784E+00  3.1633E-02  5.4897E-04
  9.0216E+00  2.9321E-02  4.8401E-04
  9.1648E+00  2.7312E-02  4.2139E-04
  9.3080E+00  2.5586E-02  3.6124E-04
  9.4512E+00  2.4125E-02  3.0371E-04
  9.5944E+00  2.2909E-02  2.4891E-04
  9.7376E+00  2.1921E-02  1.9695E-04
  9.8808E+00  2.1143E-02  1.4792E-04
  1.0024E+01  2.0560E-02  1.0190E-04
  1.0167E+01  2.0156E-02  5.8930E-05
  1.0310E+01  1.9915E-02  1.9059E-05
  1.0454E+01  1.9823E-02 -1.7688E-05
  1.0597E+01  1.9866E-02 -5.1298E-05
  1.0740E+01  2.0032E-02 -8.1772E-05
  1.0883E+01  2.0308E-02 -1.0912E-04
  1.1026E+01  2.0683E-02 -1.3338E-04
  1.1170E+01  2.1146E-02 -1.5457E-04
  1.1313E+01  2.1686E-02 -1.7275E-04
  1.1456E+01  2.2294E-02 -1.8798E-04
  1.1599E+01  2.2960E-02 -2.0033E-04
  1.1742E+01  2.3677E-02 -2.0987E-04
  1.1886E+01  2.4436E-02 -2.1668E-04
  1.2029E+01  2.5230E-02 -2.2085E-04
  1.2172E+01  2.6052E-02 -2.2247E-04
  1.2315E+01  2.6896E-02 -2.2165E-04
  1.2458E+01  2.7756E-02 -2.1847E-04
  1.2602E+01  2.8627E-02 -2.1304E-04
  1.2745E+01  2.9505E-02 -2.0547E-04
  1.2888E+01  3.0383E-02 -1.9586E-04
  1.3031E+01  3.1260E-02 -1.8430E-04
  1.3174E+01  3.2130E-02 -1.7089E-04
  1.3318E+01  3.2991E-02 -1.5571E-04
  1.3461E+01  3.3840E-02 -1.3886E-04
  1.3604E+01  3.4674E-02 -1.2043E-04
  1.3747E+01  3.5490E-02 -1.0053E-04
  1.3890E+01  3.6288E-02 -7.9230E-05
  1.4034E+01  3.7064E-02 -5.6600E-05
  1.4177E+01  3.7817E-02 -3.2693E-05
  1.4320E+01  3.8546E-02 -7.5758E-06
  1.4463E+01  3.9250E-02  1.8660E-05
  1.4606E+01  3.9926E-02  4.5917E-05
  1.4750E+01  4.0575E-02  7.4107E-05
  1.4893E+01  4.1195E-02  1.0316E-04
  1.5036E+01  4.1784E-02  1.3303E-04
  1.5179E+01  4.2343E-02  1.6363E-04
  1.5322E+01  4.2870E-02  1.9487E-04
  1.5466E+01  4.3365E-02  2.2665E-04
  1.5609E+01  4.3825E-02  2.5885E-04
  1.5752E+01  4.4250E-02  2.9135E-04
  1.5895E+01  4.4640E-02  3.2405E-04
  1.6038E+01  4.4992E-02  3.5685E-04
  1.6182E+01  4.5306E-02  3.8963E-04
  1.6325E+01  4.5581E-02  4.2226E-04
  1.6468E+01  4.5815E-02  4.5460E-04
  1.6611E+01  4.6006E-02  4.8650E-04
  1.6754E+01  4.6155E-02  5.1782E-04
  1.6898E+01  4.6258E-02  5.4840E-04
  1.7041E+01  4.6316E-02  5.7812E-04
  1.7184E+01  4.6326E-02  6.0687E-04
  1.7327E+01  4.6288E-02  6.3452E-04
  1.7470E+01  4.6200E-02  6.6094E-04
  1.7614E+01  4.6061E-02  6.8599E-04
  1.7757E+01  4.5870E-02  7.0952E-04
  1.7900E+01  4.5625E-02  7.3139E-04
  1.8043E+01  4.5327E-02  7.5148E-04
  1.8186E+01  4.4974E-02  7.6970E-04
  1.8330E+01  4.4566E-02  7.8596E-04
  1.8473E+01  4.4102E-02  8.0018E-04
  1.8616E+01  4.3581E-02  8.1226E-04
  1.8759E+01  4.3003E-02  8.2210E-04
  1.8902E+01  4.2368E-02  8.2959E-04
  1.9046E+01  4.1676E-02  8.3466E-04
  1.9189E+01  4.0926E-02  8.3721E-04
  1.9332E+01  4.0119E-02  8.3717E-04
  1.9475E+01  3.9254E-02  8.3450E-04
  1.9618E+01  3.8332E-02  8.2916E-04
  1.9762E+01  3.7353E-02  8.2110E-04
  1.9905E+01  3.6318E-02  8.1030E-04
  2.0048E+01  3.5227E-02  7.9669E-04
  2.0191E+01  3.4081E-02  7.8022E-04
  2.0334E+01  3.2880E-02  7.6084E-04
  2.0478E+01  3.1627E-02  7.3853E-04
  2.0621E+01  3.0322E-02  7.1331E-04
  2.0764E+01  2.8967E-02  6.8525E-04
  2.0907E+01  2.7564E-02  6.5441E-04
  2.1050E+01  2.6115E-02  6.2087E-04
  2.1194E+01  2.4622E-02  5.8470E-04
  2.1337E+01  2.3088E-02  5.4594E-04
  2.1480E+01  2.1515E-02  5.0465E-04
  2.1623E+01  1.9906E-02  4.6091E-04
  2.1766E+01  1.8264E-02  4.1480E-04
  2.1910E+01  1.6592E-02  3.6646E-04
  2.2053E+01  1.4894E-02  3.1603E-04
  2.2196E+01  1.3172E-02  2.6366E-04
  2.2339E+01  1.1432E-02  2.0954E-04
  2.2482E+01  9.6752E-03  1.5384E-04
  2.2626E+01  7.9068E-03  9.6752E-05
  2.2769E+01  6.1304E-03  3.8452E-05
  2.2912E+01  4.3497E-03 -2.0916E-05
  2.3055E+01  2.5688E-03 -8.1215E-05
  2.3198E+01  7.9147E-04 -1.4228E-04
  2.3342E+01 -9.7841E-04 -2.0392E-04
  2.3485E+01 -2.7372E-03 -2.6593E-04
  2.3628E+01 -4.4811E-03 -3.2819E-04
  2.3771E+01 -6.2065E-03 -3.9057E-04
  2.3914E+01 -7.9098E-03 -4.5285E-04
  2.4058E+01 -9.5874E-03 -5.1480E-04
  2.4201E+01 -1.1236E-02 -5.7623E-04
  2.4344E+01 -1.2851E-02 -6.3700E-04
  2.4487E+01 -1.4431E-02 -6.9695E-04
  2.4630E+01 -1.5970E-02 -7.5589E-04
  2.4774E+01 -1.7467E-02 -8.1362E-04
  2.4917E+01 -1.8917E-02 -8.7000E-04
  2.5060E+01 -2.0318E-02 -9.2492E-04
  2.5203E+01 -2.1668E-02 -9.7824E-04
  2.5346E+01 -2.2962E-02 -1.0298E-03
  2.5490E+01 -2.4200E-02 -1.0795E-03
  2.5633E+01 -2.5378E-02 -1.1273E-03
  2.5776E+01 -2.6494E-02 -1.1729E-03
  2.5919E+01 -2.7546E-02 -1.2162E-03
  2.6062E+01 -2.8532E-02 -1.2571E-03
  2.6206E+01 -2.9451E-02 -1.2955E-03
  2.6349E+01 -3.0300E-02 -1.3313E-03
  2.6492E+01 -3.1079E-02 -1.3644E-03
  2.6635E+01 -3.1786E-02 -1.3949E-03
  2.6778E+01 -3.2420E-02 -1.4226E-03
  2.6922E+01 -3.2980E-02 -1.4475E-03
  2.7065E+01 -3.3465E-02 -1.4696E-03
  2.7208E+01 -3.3875E-02 -1.4887E-03
  2.7351E+01 -3.4209E-02 -1.5049E-03
  2.7494E+01 -3.4468E-02 -1.5181E-03
  2.7638E+01 -3.4651E-02 -1.5283E-03
  2.7781E+01 -3.4758E-02 -1.5353E-03
  2.7924E+01 -3.4790E-02 -1.5392E-03
  2.8067E+01 -3.4747E-02 -1.5401E-03
  2.8210E+01 -3.4630E-02 -1.5381E-03
  2.8354E+01 -3.4440E-02 -1.5330E-03
  2.8497E+01 -3.4178E-02 -1.5251E-03
  2.8640E+01 -3.3844E-02 -1.5143E-03
  2.8783E+01 -3.3441E-02 -1.5007E-03
  2.8926E+01 -3.2970E-02 -1.4844E-03
  2.9070E+01 -3.2432E-02 -1.4654E-03
  2.9213E+01 -3.1829E-02 -1.4438E-03
  2.9356E+01 -3.1163E-02 -1.4196E-03
  2.9499E+01 -3.0434E-02 -1.3930E-03
  2.9642E+01 -2.9646E-02 -1.3638E-03
  2.9786E+01 -2.8800E-02 -1.3322E-03
  2.9929E+01 -2.7897E-02 -1.2983E-03
  3.0072E+01 -2.6941E-02 -1.2622E-03
  3.0215E+01 -2.5933E-02 -1.2239E-03
  3.0358E+01 -2.4876E-02 -1.1837E-03
  3.0502E+01 -2.3772E-02 -1.1416E-03
  3.0645E+01 -2.2623E-02 -1.0977E-03
  3.0788E+01 -2.1434E-02 -1.0522E-03
  3.0931E+01 -2.0205E-02 -1.0052E-03
  3.1074E+01 -1.8940E-02 -9.5676E-04
  3.1218E+01 -1.7641E-02 -9.0712E-04
  3.1361E+01 -1.6310E-02 -8.5638E-04
  3.1504E+01 -1.4950E-02 -8.0461E-04
  3.1647E+01 -1.3562E-02 -7.5188E-04
  3.1790E+01 -1.2149E-02 -6.9826E-04
  3.1934E+01 -1.0713E-02 -6.4385E-04
  3.2077E+01 -9.2566E-03 -5.8875E-04
  3.2220E+01 -7.7821E-03 -5.3305E-04
  3.2363E+01 -6.2922E-03 -4.7686E-04
  3.2506E+01 -4.7896E-03 -4.2026E-04
  3.2650E+01 -3.2769E-03 -3.6338E-04
  3.2793E+01 -1.7567E-03 -3.0633E-04
  3.2936E+01 -2.3134E-04 -2.4926E-04
  3.3079E+01  1.2969E-03 -1.9229E-04
  3.3222E+01  2.8260E-03 -1.3555E-04
  3.3366E+01  4.3543E-03 -7.9166E-05
  3.3509E+01  5.8801E-03 -2.3201E-05
  3.3652E+01  7.4022E-03  3.2297E-05
  3.3795E+01  8.9192E-03  8.7299E-05
  3.3938E+01  1.0430E-02  1.4178E-04
  3.4082E+01  1.1933E-02  1.9572E-04
  3.4225E+01  1.3427E-02  2.4908E-04
  3.4368E+01  1.4911E-02  3.0182E-04
  3.4511E+01  1.6383E-02  3.5389E-04
  3.4654E+01  1.7841E-02  4.0517E-04
  3.4798E+01  1.9282E-02  4.5559E-04
  3.4941E+01  2.0706E-02  5.0504E-04
  3.5084E+01  2.2111E-02  5.5348E-04
  3.5227E+01  2.3494E-02  6.0085E-04
  3.5370E+01  2.4855E-02  6.4708E-04
  3.5514E+01  2.6193E-02  6.9210E-04
  3.5657E+01  2.7507E-02  7.3586E-04
  3.5800E+01  2.8797E-02  7.7832E-04
  3.5943E+01  3.0064E-02  8.1949E-04
  3.6086E+01  3.1306E-02  8.5941E-04
  3.6230E+01  3.2525E-02  8.9815E-04
  3.6373E+01  3.3720E-02  9.3573E-04
  3.6516E+01  3.4892E-02  9.7215E-04
  3.6659E+01  3.6039E-02  1.0073E-03
  3.6802E+01  3.7162E-02  1.0413E-03
  3.6946E+01  3.8260E-02  1.0739E-03
  3.7089E+01  3.9332E-02  1.1053E-03
  3.7232E+01  4.0377E-02  1.1354E-03
  3.7375E+01  4.1394E-02  1.1641E-03
  3.7518E+01  4.2383E-02  1.1915E-03
  3.7662E+01  4.3342E-02  1.2175E-03
  3.7805E+01  4.4272E-02  1.2421E-03
  3.7948E+01  4.5173E-02  1.2653E-03
  3.8091E+01  4.6046E-02  1.2874E-03
  3.8234E+01  4.6890E-02  1.3082E-03
  3.8378E+01  4.7708E-02  1.3278E-03
  3.8521E+01  4.8500E-02  1.3463E-03
  3.8664E+01  4.9268E-02  1.3636E-03
  3.8807E+01  5.0012E-02  1.3800E-03
  3.8950E+01  5.0735E-02  1.3953E-03
  3.9094E+01  5.1436E-02  1.4099E-03
  3.9237E+01  5.2117E-02  1.4235E-03
  3.9380E+01  5.2779E-02  1.4364E-03
  3.9523E+01  5.3421E-02  1.4486E-03
  3.9666E+01  5.4045E-02  1.4600E-03
  3.9810E+01  5.4649E-02  1.4707E-03
  3.9953E+01  5.5234E-02  1.4806E-03
  4.0096E+01  5.5798E-02  1.4898E-03
  4.0239E+01  5.6341E-02  1.4982E-03
  4.0382E+01  5.6863E-02  1.5059E-03
  4.0526E+01  5.7363E-02  1.5129E-03
  4.0669E+01  5.7842E-02  1.5194E-03
  4.0812E+01  5.8300E-02  1.5252E-03
  4.0955E+01  5.8739E-02  1.5305E-03
  4.1098E+01  5.9160E-02  1.5350E-03
  4.1242E+01  5.9563E-02  1.5389E-03
  4.1385E+01  5.9949E-02  1.5422E-03
  4.1528E+01  6.0320E-02  1.5450E-03
  4.1671E+01  6.0677E-02  1.5473E-03
  4.1814E+01  6.1022E-02  1.5491E-03
  4.1958E+01  6.1356E-02  1.5507E-03
  4.2101E+01  6.1680E-02  1.5519E-03
  4.2244E+01  6.1996E-02  1.5529E-03
  4.2387E+01  6.2304E-02  1.5537E-03
  4.2530E+01  6.2604E-02  1.5543E-03
  4.2674E+01  6.2895E-02  1.5548E-03
  4.2817E+01  6.3179E-02  1.5552E-03
  4.2960E+01  6.3454E-02  1.5556E-03
  4.3103E+01  6.3720E-02  1.5561E-03
  4.3246E+01  6.3978E-02  1.5566E-03
  4.3390E+01  6.4227E-02  1.5571E-03
  4.3533E+01  6.4466E-02  1.5576E-03
  4.3676E+01  6.4696E-02  1.5582E-03
  4.3819E+01  6.4917E-02  1.5588E-03
  4.3962E+01  6.5128E-02  1.5594E-03
  4.4106E+01  6.5331E-02  1.5600E-03
  4.4249E+01  6.5526E-02  1.5606E-03
  4.4392E+01  6.5713E-02  1.5611E-03
  4.4535E+01  6.5894E-02  1.5616E-03
  4.4678E+01  6.6070E-02  1.5621E-03
  4.4822E+01  6.6241E-02  1.5627E-03
  4.4965E+01  6.6408E-02  1.5634E-03
  4.5108E+01  6.6572E-02  1.5642E-03
  4.5251E+01  6.6733E-02  1.5651E-03
  4.5394E+01  6.6892E-02  1.5662E-03
  4.5538E+01  6.7048E-02  1.5676E-03
  4.5681E+01  6.7203E-02  1.5692E-03
  4.5824E+01  6.7354E-02  1.5710E-03
  4.5967E+01  6.7503E-02  1.5730E-03
  4.6110E+01  6.7648E-02  1.5752E-03
  4.6254E+01  6.7789E-02  1.5776E-03
  4.6397E+01  6.7927E-02  1.5802E-03
  4.6540E+01  6.8060E-02  1.5829E-03
  4.6683E+01  6.8188E-02  1.5857E-03
  4.6826E+01  6.8311E-02  1.5885E-03
  4.6970E+01  6.8429E-02  1.5914E-03
  4.7113E+01  6.8542E-02  1.5942E-03
  4.7256E+01  6.8649E-02  1.5970E-03
  4.7399E+01  6.8752E-02  1.5997E-03
  4.7542E+01  6.8849E-02  1.6025E-03
  4.7686E+01  6.8941E-02  1.6052E-03
  4.7829E+01  6.9029E-02  1.6079E-03
  4.7972E+01  6.9112E-02  1.6105E-03
  4.8115E+01  6.9191E-02  1.6132E-03
  4.8258E+01  6.9267E-02  1.6159E-03
  4.8402E+01  6.9338E-02  1.6185E-03
  4.8545E+01  6.9406E-02  1.6212E-03
  4.8688E+01  6.9469E-02  1.6238E-03
  4.8831E+01  6.9528E-02  1.6265E-03
  4.8974E+01  6.9582E-02  1.6291E-03
  4.9118E+01  6.9631E-02  1.6317E-03
  4.9261E+01  6.9675E-02  1.6342E-03
  4.9404E+01  6.9713E-02  1.6366E-03
  4.9547E+01  6.9745E-02  1.6388E-03
  4.9690E+01  6.9770E-02  1.6408E-03
  4.9834E+01  6.9788E-02  1.6426E-03
  4.9977E+01  6.9799E-02  1.6442E-03
  5.0120E+01  6.9802E-02  1.6454E-03
  5.0263E+01  6.9798E-02  1.6463E-03
  5.0406E+01  6.9786E-02  1.6469E-03
  5.0550E+01  6.9767E-02  1.6472E-03
  5.0693E+01  6.9740E-02  1.6471E-03
  5.0836E+01  6.9706E-02  1.6467E-03
  5.0979E+01  6.9664E-02  1.6459E-03
  5.1122E+01  6.9616E-02  1.6448E-03
  5.1266E+01  6.9560E-02  1.6432E-03
  5.1409E+01  6.9497E-02  1.6413E-03
  5.1552E+01  6.9427E-02  1.6391E-03
  5.1695E+01  6.9350E-02  1.6364E-03
  5.1838E+01  6.9267E-02  1.6334E-03
  5.1982E+01  6.9176E-02  1.6300E-03
  5.2125E+01  6.9079E-02  1.6263E-03
  5.2268E+01  6.8976E-02  1.6223E-03
  5.2411E+01  6.8865E-02  1.6178E-03
  5.2554E+01  6.8747E-02  1.6130E-03
  5.2698E+01  6.8622E-02  1.6078E-03
  5.2841E+01  6.8489E-02  1.6022E-03
  5.2984E+01  6.8348E-02  1.5962E-03
  5.3127E+01  6.8199E-02  1.5896E-03
  5.3270E+01  6.8041E-02  1.5826E-03
  5.3414E+01  6.7875E-02  1.5751E-03
  5.3557E+01  6.7699E-02  1.5670E-03
  5.3700E+01  6.7515E-02  1.5585E-03
  5.3843E+01  6.7322E-02  1.5495E-03
  5.3986E+01  6.7121E-02  1.5401E-03
  5.4130E+01  6.6911E-02  1.5302E-03
  5.4273E+01  6.6693E-02  1.5199E-03
  5.4416E+01  6.6467E-02  1.5092E-03
  5.4559E+01  6.6234E-02  1.4981E-03
  5.4702E+01  6.5993E-02  1.4867E-03
  5.4846E+01  6.5746E-02  1.4751E-03
  5.4989E+01  6.5492E-02  1.4631E-03
  5.5132E+01  6.5232E-02  1.4509E-03
  5.5275E+01  6.4966E-02  1.4384E-03
  5.5418E+01  6.4695E-02  1.4255E-03
  5.5562E+01  6.4419E-02  1.4124E-03
  5.5705E+01  6.4140E-02  1.3991E-03
  5.5848E+01  6.3858E-02  1.3857E-03
  5.5991E+01  6.3572E-02  1.3720E-03
  5.6134E+01  6.3282E-02  1.3581E-03
  5.6278E+01  6.2988E-02  1.3438E-03
  5.6421E+01  6.2691E-02  1.3291E-03
  5.6564E+01  6.2390E-02  1.3141E-03
  5.6707E+01  6.2087E-02  1.2987E-03
  5.6850E+01  6.1780E-02  1.2832E-03
  5.6994E+01  6.1470E-02  1.2674E-03
  5.7137E+01  6.1156E-02  1.2514E-03
  5.7280E+01  6.0836E-02  1.2351E-03
  5.7423E+01  6.0513E-02  1.2184E-03
  5.7566E+01  6.0185E-02  1.2013E-03
  5.7710E+01  5.9854E-02  1.1838E-03
  5.7853E+01  5.9522E-02  1.1663E-03
  5.7996E+01  5.9189E-02  1.1489E-03
  5.8139E+01  5.8854E-02  1.1318E-03
  5.8282E+01  5.8516E-02  1.1147E-03
  5.8426E+01  5.8173E-02  1.0975E-03
  5.8569E+01  5.7825E-02  1.0800E-03
  5.8712E+01  5.7474E-02  1.0623E-03
  5.8855E+01  5.7121E-02  1.0445E-03
  5.8998E+01  5.6769E-02  1.0270E-03
  5.9142E+01  5.6420E-02  1.0103E-03
  5.9285E+01  5.6074E-02  9.9430E-04
  5.9428E+01  5.5729E-02  9.7887E-04
  5.9571E+01  5.5384E-02  9.6355E-04
  5.9714E+01  5.5038E-02  9.4788E-04
  5.9858E+01  5.4692E-02  9.3167E-04
  6.0001E+01  5.4349E-02  9.1509E-04
  6.0144E+01  5.4011E-02  8.9870E-04
  6.0287E+01  5.3680E-02  8.8314E-04
  6.0430E+01  5.3358E-02  8.6881E-04
  6.0574E+01  5.3043E-02  8.5557E-04
  6.0717E+01  5.2729E-02  8.4279E-04
  6.0860E+01  5.2414E-02  8.2959E-04
  6.1003E+01  5.2095E-02  8.1537E-04
  6.1146E+01  5.1774E-02  8.0012E-04
  6.1290E+01  5.1455E-02  7.8451E-04
  6.1433E+01  5.1142E-02  7.6958E-04
  6.1576E+01  5.0840E-02  7.5617E-04
  6.1719E+01  5.0548E-02  7.4455E-04
  6.1862E+01  5.0263E-02  7.3420E-04
  6.2006E+01  4.9981E-02  7.2409E-04
  6.2149E+01  4.9697E-02  7.1309E-04
  6.2292E+01  4.9410E-02  7.0053E-04
  6.2435E+01  4.9120E-02  6.8644E-04
  6.2578E+01  4.8830E-02  6.7166E-04
  6.2722E+01  4.8546E-02  6.5749E-04
  6.2865E+01  4.8272E-02  6.4520E-04
  6.3008E+01  4.8007E-02  6.3554E-04
  6.3151E+01  4.7751E-02  6.2836E-04
  6.3294E+01  4.7498E-02  6.2264E-04
  6.3438E+01  4.7244E-02  6.1690E-04
  6.3581E+01  4.6986E-02  6.0981E-04
  6.3724E+01  4.6725E-02  6.0077E-04
  6.3867E+01  4.6466E-02  5.9022E-04
  6.4010E+01  4.6217E-02  5.7937E-04
  6.4154E+01  4.5983E-02  5.6974E-04
  6.4297E+01  4.5768E-02  5.6240E-04
  6.4440E+01  4.5572E-02  5.5759E-04
  6.4583E+01  4.5390E-02  5.5463E-04
  6.4726E+01  4.5216E-02  5.5221E-04
  6.4870E+01  4.5044E-02  5.4896E-04
  6.5013E+01  4.4871E-02  5.4402E-04
  6.5156E+01  4.4697E-02  5.3728E-04
  6.5299E+01  4.4524E-02  5.2951E-04
  6.5442E+01  4.4358E-02  5.2198E-04
  6.5586E+01  4.4200E-02  5.1606E-04
  6.5729E+01  4.4053E-02  5.1273E-04
  6.5872E+01  4.3914E-02  5.1227E-04
  6.6015E+01  4.3779E-02  5.1419E-04
  6.6158E+01  4.3644E-02  5.1740E-04
  6.6302E+01  4.3506E-02  5.2054E-04
  6.6445E+01  4.3364E-02  5.2240E-04
  6.6588E+01  4.3219E-02  5.2223E-04
  6.6731E+01  4.3076E-02  5.1994E-04
  6.6874E+01  4.2939E-02  5.1603E-04
  6.7018E+01  4.2815E-02  5.1143E-04
  6.7161E+01  4.2704E-02  5.0722E-04
  6.7304E+01  4.2609E-02  5.0434E-04
  6.7447E+01  4.2527E-02  5.0336E-04
  6.7590E+01  4.2454E-02  5.0443E-04
  6.7734E+01  4.2385E-02  5.0726E-04
  6.7877E+01  4.2316E-02  5.1126E-04
  6.8020E+01  4.2244E-02  5.1570E-04
  6.8163E+01  4.2167E-02  5.1995E-04
  6.8306E+01  4.2086E-02  5.2357E-04
  6.8450E+01  4.2002E-02  5.2646E-04
  6.8593E+01  4.1919E-02  5.2884E-04
  6.8736E+01  4.1840E-02  5.3113E-04
  6.8879E+01  4.1770E-02  5.3383E-04
  6.9022E+01  4.1711E-02  5.3733E-04
  6.9166E+01  4.1663E-02  5.4172E-04
  6.9309E+01  4.1626E-02  5.4682E-04
  6.9452E+01  4.1597E-02  5.5218E-04
  6.9595E+01  4.1577E-02  5.5727E-04
  6.9738E+01  4.1562E-02  5.6167E-04
  6.9882E+01  4.1554E-02  5.6519E-04
  7.0025E+01  4.1553E-02  5.6796E-04
  7.0168E+01  4.1562E-02  5.7035E-04
  7.0311E+01  4.1581E-02  5.7288E-04
  7.0454E+01  4.1611E-02  5.7608E-04
  7.0598E+01  4.1650E-02  5.8034E-04
  7.0741E+01  4.1697E-02  5.8588E-04
  7.0884E+01  4.1748E-02  5.9268E-04
  7.1027E+01  4.1799E-02  6.0052E-04
  7.1170E+01  4.1846E-02  6.0903E-04
  7.1314E+01  4.1888E-02  6.1772E-04
  7.1457E+01  4.1922E-02  6.2609E-04
  7.1600E+01  4.1949E-02  6.3371E-04
  7.1743E+01  4.1969E-02  6.4034E-04
  7.1886E+01  4.1986E-02  6.4596E-04
  7.2030E+01  4.2003E-02  6.5082E-04
  7.2173E+01  4.2026E-02  6.5536E-04
  7.2316E+01  4.2056E-02  6.6009E-04
  7.2459E+01  4.2096E-02  6.6547E-04
  7.2602E+01  4.2147E-02  6.7172E-04
  7.2746E+01  4.2206E-02  6.7883E-04
  7.2889E+01  4.2269E-02  6.8651E-04
  7.3032E+01  4.2334E-02  6.9430E-04
  7.3175E+01  4.2398E-02  7.0179E-04
  7.3318E+01  4.2459E-02  7.0869E-04
  7.3462E+01  4.2518E-02  7.1499E-04
  7.3605E+01  4.2576E-02  7.2095E-04
  7.3748E+01  4.2636E-02  7.2697E-04
  7.3891E+01  4.2701E-02  7.3348E-04
  7.4034E+01  4.2773E-02  7.4081E-04
  7.4178E+01  4.2850E-02  7.4904E-04
  7.4321E+01  4.2932E-02  7.5800E-04
  7.4464E+01  4.3017E-02  7.6734E-04
  7.4607E+01  4.3102E-02  7.7660E-04
  7.4750E+01  4.3187E-02  7.8538E-04
  7.4894E+01  4.3271E-02  7.9344E-04
  7.5037E+01  4.3357E-02  8.0076E-04
  7.5180E+01  4.3448E-02  8.0752E-04
  7.5323E+01  4.3545E-02  8.1401E-04
  7.5466E+01  4.3651E-02  8.2056E-04
  7.5610E+01  4.3767E-02  8.2745E-04
  7.5753E+01  4.3891E-02  8.3485E-04
  7.5896E+01  4.4022E-02  8.4280E-04
  7.6039E+01  4.4157E-02  8.5129E-04
  7.6182E+01  4.4294E-02  8.6020E-04
  7.6326E+01  4.4429E-02  8.6941E-04
  7.6469E+01  4.4560E-02  8.7877E-04
  7.6612E+01  4.4685E-02  8.8810E-04
  7.6755E+01  4.4804E-02  8.9721E-04
  7.6898E+01  4.4917E-02  9.0591E-04
  7.7042E+01  4.5022E-02  9.1405E-04
  7.7185E+01  4.5123E-02  9.2157E-04
  7.7328E+01  4.5220E-02  9.2849E-04
  7.7471E+01  4.5315E-02  9.3498E-04
  7.7614E+01  4.5411E-02  9.4126E-04
  7.7758E+01  4.5509E-02  9.4760E-04
  7.7901E+01  4.5610E-02  9.5428E-04
  7.8044E+01  4.5716E-02  9.6149E-04
  7.8187E+01  4.5825E-02  9.6933E-04
  7.8330E+01  4.5937E-02  9.7784E-04
  7.8474E+01  4.6049E-02  9.8692E-04
  7.8617E+01  4.6161E-02  9.9647E-04
  7.8760E+01  4.6270E-02  1.0063E-03
  7.8903E+01  4.6375E-02  1.0163E-03
  7.9046E+01  4.6476E-02  1.0262E-03
  7.9190E+01  4.6572E-02  1.0359E-03
  7.9333E+01  4.6663E-02  1.0451E-03
  7.9476E+01  4.6751E-02  1.0537E-03
  7.9619E+01  4.6837E-02  1.0616E-03
  7.9762E+01  4.6924E-02  1.0689E-03
  7.9906E+01  4.7015E-02  1.0757E-03
  8.0049E+01  4.7112E-02  1.0822E-03
  8.0192E+01  4.7220E-02  1.0888E-03
  8.0335E+01  4.7339E-02  1.0959E-03
  8.0478E+01  4.7471E-02  1.1036E-03
  8.0622E+01  4.7616E-02  1.1122E-03
  8.0765E+01  4.7772E-02  1.1217E-03
  8.0908E+01  4.7937E-02  1.1318E-03
  8.1051E+01  4.8107E-02  1.1422E-03
  8.1194E+01  4.8278E-02  1.1526E-03
  8.1338E+01  4.8447E-02  1.1624E-03
  8.1481E+01  4.8610E-02  1.1715E-03
  8.1624E+01  4.8768E-02  1.1797E-03
  8.1767E+01  4.8921E-02  1.1869E-03
  8.1910E+01  4.9070E-02  1.1932E-03
  8.2054E+01  4.9216E-02  1.1991E-03
  8.2197E+01  4.9363E-02  1.2048E-03
  8.2340E+01  4.9512E-02  1.2107E-03
  8.2483E+01  4.9664E-02  1.2170E-03
  8.2626E+01  4.9817E-02  1.2238E-03
  8.2770E+01  4.9970E-02  1.2313E-03
  8.2913E+01  5.0121E-02  1.2392E-03
  8.3056E+01  5.0266E-02  1.2475E-03
  8.3199E+01  5.0404E-02  1.2558E-03
  8.3342E+01  5.0531E-02  1.2641E-03
  8.3486E+01  5.0648E-02  1.2722E-03
  8.3629E+01  5.0753E-02  1.2800E-03
  8.3772E+01  5.0847E-02  1.2876E-03
  8.3915E+01  5.0932E-02  1.2950E-03
  8.4058E+01  5.1008E-02  1.3023E-03
  8.4202E+01  5.1077E-02  1.3094E-03
  8.4345E+01  5.1139E-02  1.3163E-03
  8.4488E+01  5.1196E-02  1.3229E-03
  8.4631E+01  5.1246E-02  1.3292E-03
  8.4774E+01  5.1290E-02  1.3352E-03
  8.4918E+01  5.1329E-02  1.3407E-03
  8.5061E+01  5.1365E-02  1.3461E-03
  8.5204E+01  5.1398E-02  1.3514E-03
  8.5347E+01  5.1431E-02  1.3570E-03
  8.5490E+01  5.1467E-02  1.3630E-03
  8.5634E+01  5.1506E-02  1.3695E-03
  8.5777E+01  5.1550E-02  1.3766E-03
  8.5920E+01  5.1598E-02  1.3842E-03
  8.6063E+01  5.1649E-02  1.3918E-03
  8.6206E+01  5.1704E-02  1.3993E-03
  8.6350E+01  5.1759E-02  1.4061E-03
  8.6493E+01  5.1814E-02  1.4122E-03
  8.6636E+01  5.1869E-02  1.4172E-03
  8.6779E+01  5.1925E-02  1.4213E-03
  8.6922E+01  5.1984E-02  1.4247E-03
  8.7066E+01  5.2046E-02  1.4276E-03
  8.7209E+01  5.2116E-02  1.4304E-03
  8.7352E+01  5.2195E-02  1.4335E-03
  8.7495E+01  5.2284E-02  1.4370E-03
  8.7638E+01  5.2384E-02  1.4411E-03
  8.7782E+01  5.2492E-02  1.4456E-03
  8.7925E+01  5.2609E-02  1.4505E-03
  8.8068E+01  5.2730E-02  1.4554E-03
  8.8211E+01  5.2855E-02  1.4601E-03
  8.8354E+01  5.2979E-02  1.4645E-03
  8.8498E+01  5.3103E-02  1.4684E-03
  8.8641E+01  5.3224E-02  1.4718E-03
  8.8784E+01  5.3342E-02  1.4748E-03
  8.8927E+01  5.3457E-02  1.4776E-03
  8.9070E+01  5.3569E-02  1.4802E-03
  8.9214E+01  5.3679E-02  1.4830E-03
  8.9357E+01  5.3787E-02  1.4858E-03
  8.9500E+01  5.3891E-02  1.4888E-03
  8.9643E+01  5.3992E-02  1.4919E-03
  8.9786E+01  5.4086E-02  1.4949E-03
  8.9930E+01  5.4174E-02  1.4978E-03
  9.0073E+01  5.4252E-02  1.5004E-03
  9.0216E+01  5.4320E-02  1.5027E-03
  9.0359E+01  5.4378E-02  1.5047E-03
  9.0502E+01  5.4423E-02  1.5064E-03
  9.0646E+01  5.4458E-02  1.5079E-03
  9.0789E+01  5.4482E-02  1.5094E-03
  9.0932E+01  5.4495E-02  1.5108E-03
  9.1075E+01  5.4500E-02  1.5124E-03
  9.1218E+01  5.4495E-02  1.5141E-03
  9.1362E+01  5.4483E-02  1.5160E-03
  9.1505E+01  5.4462E-02  1.5179E-03
  9.1648E+01  5.4433E-02  1.5197E-03
  9.1791E+01  5.4395E-02  1.5214E-03
  9.1934E+01  5.4350E-02  1.5227E-03
  9.2078E+01  5.4297E-02  1.5237E-03
  9.2221E+01  5.4237E-02  1.5243E-03
  9.2364E+01  5.4171E-02  1.5245E-03
  9.2507E+01  5.4102E-02  1.5243E-03
  9.2650E+01  5.4029E-02  1.5239E-03
  9.2794E+01  5.3957E-02  1.5234E-03
  9.2937E+01  5.3886E-02  1.5228E-03
  9.3080E+01  5.3818E-02  1.5222E-03
  9.3223E+01  5.3754E-02  1.5218E-03
  9.3366E+01  5.3695E-02  1.5214E-03
  9.3510E+01  5.3642E-02  1.5211E-03
  9.3653E+01  5.3596E-02  1.5208E-03
  9.3796E+01  5.3556E-02  1.5204E-03
  9.3939E+01  5.3523E-02  1.5199E-03
  9.4082E+01  5.3497E-02  1.5192E-03
  9.4226E+01  5.3478E-02  1.5183E-03
  9.4369E+01  5.3467E-02  1.5172E-03
  9.4512E+01  5.3463E-02  1.5160E-03
  9.4655E+01  5.3469E-02  1.5147E-03
  9.4798E+01  5.3482E-02  1.5133E-03
  9.4942E+01  5.3505E-02  1.5120E-03
  9.5085E+01  5.3536E-02  1.5106E-03
  9.5228E+01  5.3576E-02  1.5094E-03
  9.5371E+01  5.3624E-02  1.5082E-03
  9.5514E+01  5.3679E-02  1.5070E-03
  9.5658E+01  5.3741E-02  1.5059E-03
  9.5801E+01  5.3809E-02  1.5049E-03
  9.5944E+01  5.3881E-02  1.5038E-03
  9.6087E+01  5.3956E-02  1.5027E-03
  9.6230E+01  5.4034E-02  1.5016E-03
  9.6374E+01  5.4113E-02  1.5004E-03
  9.6517E+01  5.4191E-02  1.4992E-03
  9.6660E+01  5.4268E-02  1.4978E-03
  9.6803E+01  5.4342E-02  1.4964E-03
  9.6946E+01  5.4412E-02  1.4949E-03
  9.7090E+01  5.4478E-02  1.4933E-03
  9.7233E+01  5.4538E-02  1.4917E-03
  9.7376E+01  5.4591E-02  1.4900E-03
  9.7519E+01  5.4637E-02  1.4883E-03
  9.7662E+01  5.4673E-02  1.4866E-03
  9.7806E+01  5.4700E-02  1.4849E-03
  9.7949E+01  5.4717E-02  1.4831E-03
  9.8092E+01  5.4722E-02  1.4814E-03
  9.8235E+01  5.4715E-02  1.4796E-03
  9.8378E+01  5.4695E-02  1.4778E-03
  9.8522E+01  5.4663E-02  1.4759E-03
  9.8665E+01  5.4618E-02  1.4740E-03
  9.8808E+01  5.4559E-02  1.4720E-03
  9.8951E+01  5.4489E-02  1.4700E-03
  9.9094E+01  5.4406E-02  1.4680E-03
  9.9238E+01  5.4312E-02  1.4659E-03
  9.9381E+01  5.4208E-02  1.4639E-03
  9.9524E+01  5.4093E-02  1.4620E-03
  9.9667E+01  5.3970E-02  1.4600E-03
  9.9810E+01  5.3839E-02  1.4582E-03
  9.9954E+01  5.3700E-02  1.4564E-03
  1.0010E+02  5.3556E-02  1.4547E-03
  1.0024E+02  5.3407E-02  1.4529E-03
  1.0038E+02  5.3254E-02  1.4512E-03
  1.0053E+02  5.3099E-02  1.4495E-03
  1.0067E+02  5.2944E-02  1.4478E-03
  1.0081E+02  5.2788E-02  1.4460E-03
  1.0096E+02  5.2634E-02  1.4442E-03
  1.0110E+02  5.2484E-02  1.4424E-03
  1.0124E+02  5.2338E-02  1.4405E-03
  1.0139E+02  5.2199E-02  1.4386E-03
  1.0153E+02  5.2067E-02  1.4367E-03
  1.0167E+02  5.1944E-02  1.4347E-03
  1.0182E+02  5.1830E-02  1.4327E-03
  1.0196E+02  5.1728E-02  1.4307E-03
  1.0210E+02  5.1636E-02  1.4287E-03
  1.0224E+02  5.1558E-02  1.4266E-03
  1.0239E+02  5.1492E-02  1.4245E-03
  1.0253E+02  5.1441E-02  1.4225E-03
  1.0267E+02  5.1403E-02  1.4204E-03
  1.0282E+02  5.1379E-02  1.4183E-03
  1.0296E+02  5.1370E-02  1.4162E-03
  1.0310E+02  5.1375E-02  1.4142E-03
  1.0325E+02  5.1394E-02  1.4121E-03
  1.0339E+02  5.1427E-02  1.4100E-03
  1.0353E+02  5.1473E-02  1.4080E-03
  1.0368E+02  5.1532E-02  1.4060E-03
  1.0382E+02  5.1603E-02  1.4041E-03
  1.0396E+02  5.1685E-02  1.4022E-03
  1.0411E+02  5.1776E-02  1.4004E-03
  1.0425E+02  5.1876E-02  1.3986E-03
  1.0439E+02  5.1984E-02  1.3969E-03
  1.0454E+02  5.2098E-02  1.3952E-03
  1.0468E+02  5.2216E-02  1.3936E-03
  1.0482E+02  5.2337E-02  1.3921E-03
  1.0497E+02  5.2460E-02  1.3906E-03
  1.0511E+02  5.2582E-02  1.3893E-03
  1.0525E+02  5.2703E-02  1.3880E-03
  1.0540E+02  5.2820E-02  1.3867E-03
  1.0554E+02  5.2932E-02  1.3856E-03
  1.0568E+02  5.3037E-02  1.3845E-03
  1.0582E+02  5.3133E-02  1.3835E-03
  1.0597E+02  5.3220E-02  1.3826E-03
  1.0611E+02  5.3296E-02  1.3817E-03
  1.0625E+02  5.3360E-02  1.3809E-03
  1.0640E+02  5.3410E-02  1.3802E-03
  1.0654E+02  5.3446E-02  1.3795E-03
  1.0668E+02  5.3467E-02  1.3788E-03
  1.0683E+02  5.3472E-02  1.3782E-03
  1.0697E+02  5.3461E-02  1.3777E-03
  1.0711E+02  5.3433E-02  1.3773E-03
  1.0726E+02  5.3389E-02  1.3768E-03
  1.0740E+02  5.3327E-02  1.3765E-03
  1.0754E+02  5.3250E-02  1.3761E-03
  1.0769E+02  5.3156E-02  1.3758E-03
  1.0783E+02  5.3046E-02  1.3755E-03
  1.0797E+02  5.2922E-02  1.3753E-03
  1.0812E+02  5.2785E-02  1.3751E-03
  1.0826E+02  5.2635E-02  1.3750E-03
  1.0840E+02  5.2473E-02  1.3749E-03
  1.0855E+02  5.2302E-02  1.3748E-03
  1.0869E+02  5.2122E-02  1.3747E-03
  1.0883E+02  5.1935E-02  1.3747E-03
  1.0898E+02  5.1744E-02  1.3748E-03
  1.0912E+02  5.1549E-02  1.3748E-03
  1.0926E+02  5.1352E-02  1.3749E-03
  1.0940E+02  5.1156E-02  1.3750E-03
  1.0955E+02  5.0961E-02  1.3751E-03
  1.0969E+02  5.0771E-02  1.3752E-03
  1.0983E+02  5.0585E-02  1.3752E-03
  1.0998E+02  5.0407E-02  1.3753E-03
  1.1012E+02  5.0238E-02  1.3754E-03
  1.1026E+02  5.0079E-02  1.3754E-03
  1.1041E+02  4.9932E-02  1.3755E-03
  1.1055E+02  4.9798E-02  1.3755E-03
  1.1069E+02  4.9678E-02  1.3755E-03
  1.1084E+02  4.9574E-02  1.3755E-03
  1.1098E+02  4.9486E-02  1.3755E-03
  1.1112E+02  4.9415E-02  1.3755E-03
  1.1127E+02  4.9362E-02  1.3755E-03
  1.1141E+02  4.9327E-02  1.3756E-03
  1.1155E+02  4.9311E-02  1.3756E-03
  1.1170E+02  4.9313E-02  1.3757E-03
  1.1184E+02  4.9335E-02  1.3759E-03
  1.1198E+02  4.9374E-02  1.3761E-03
  1.1213E+02  4.9432E-02  1.3764E-03
  1.1227E+02  4.9508E-02  1.3768E-03
  1.1241E+02  4.9601E-02  1.3772E-03
  1.1256E+02  4.9710E-02  1.3778E-03
  1.1270E+02  4.9834E-02  1.3784E-03
  1.1284E+02  4.9972E-02  1.3792E-03
  1.1298E+02  5.0124E-02  1.3801E-03
  1.1313E+02  5.0287E-02  1.3811E-03
  1.1327E+02  5.0460E-02  1.3822E-03
  1.1341E+02  5.0642E-02  1.3835E-03
  1.1356E+02  5.0831E-02  1.3848E-03
  1.1370E+02  5.1026E-02  1.3863E-03
  1.1384E+02  5.1224E-02  1.3879E-03
  1.1399E+02  5.1424E-02  1.3896E-03
  1.1413E+02  5.1624E-02  1.3914E-03
  1.1427E+02  5.1823E-02  1.3934E-03
  1.1442E+02  5.2019E-02  1.3954E-03
  1.1456E+02  5.2210E-02  1.3976E-03
  1.1470E+02  5.2394E-02  1.3999E-03
  1.1485E+02  5.2570E-02  1.4022E-03
  1.1499E+02  5.2737E-02  1.4047E-03
  1.1513E+02  5.2892E-02  1.4072E-03
  1.1528E+02  5.3036E-02  1.4098E-03
  1.1542E+02  5.3166E-02  1.4125E-03
  1.1556E+02  5.3282E-02  1.4153E-03
  1.1571E+02  5.3383E-02  1.4181E-03
  1.1585E+02  5.3467E-02  1.4210E-03
  1.1599E+02  5.3536E-02  1.4239E-03
  1.1614E+02  5.3587E-02  1.4269E-03
  1.1628E+02  5.3621E-02  1.4299E-03
  1.1642E+02  5.3638E-02  1.4330E-03
  1.1656E+02  5.3637E-02  1.4360E-03
  1.1671E+02  5.3618E-02  1.4390E-03
  1.1685E+02  5.3583E-02  1.4420E-03
  1.1699E+02  5.3531E-02  1.4449E-03
  1.1714E+02  5.3464E-02  1.4477E-03
  1.1728E+02  5.3381E-02  1.4506E-03
  1.1742E+02  5.3285E-02  1.4534E-03
  1.1757E+02  5.3176E-02  1.4562E-03
  1.1771E+02  5.3055E-02  1.4589E-03
  1.1785E+02  5.2922E-02  1.4615E-03
  1.1800E+02  5.2780E-02  1.4640E-03
  1.1814E+02  5.2629E-02  1.4664E-03
  1.1828E+02  5.2472E-02  1.4687E-03
  1.1843E+02  5.2309E-02  1.4709E-03
  1.1857E+02  5.2143E-02  1.4732E-03
  1.1871E+02  5.1974E-02  1.4754E-03
  1.1886E+02  5.1805E-02  1.4776E-03
  1.1900E+02  5.1637E-02  1.4798E-03
  1.1914E+02  5.1470E-02  1.4820E-03
  1.1929E+02  5.1308E-02  1.4842E-03
  1.1943E+02  5.1150E-02  1.4864E-03
  1.1957E+02  5.0999E-02  1.4886E-03
  1.1972E+02  5.0855E-02  1.4909E-03
  1.1986E+02  5.0719E-02  1.4932E-03
  1.2000E+02  5.0594E-02  1.4955E-03
  1.2014E+02  5.0480E-02  1.4978E-03
  1.2029E+02  5.0377E-02  1.5003E-03
  1.2043E+02  5.0288E-02  1.5028E-03
  1.2057E+02  5.0213E-02  1.5054E-03
  1.2072E+02  5.0152E-02  1.5081E-03
  1.2086E+02  5.0106E-02  1.5108E-03
  1.2100E+02  5.0075E-02  1.5135E-03
  1.2115E+02  5.0060E-02  1.5163E-03
  1.2129E+02  5.0059E-02  1.5191E-03
  1.2143E+02  5.0073E-02  1.5219E-03
  1.2158E+02  5.0102E-02  1.5248E-03
  1.2172E+02  5.0146E-02  1.5276E-03
  1.2186E+02  5.0205E-02  1.5304E-03
  1.2201E+02  5.0277E-02  1.5333E-03
  1.2215E+02  5.0364E-02  1.5362E-03
  1.2229E+02  5.0464E-02  1.5392E-03
  1.2244E+02  5.0575E-02  1.5423E-03
  1.2258E+02  5.0698E-02  1.5454E-03
  1.2272E+02  5.0830E-02  1.5484E-03
  1.2287E+02  5.0970E-02  1.5514E-03
  1.2301E+02  5.1117E-02  1.5543E-03
  1.2315E+02  5.1270E-02  1.5571E-03
  1.2330E+02  5.1429E-02  1.5598E-03
  1.2344E+02  5.1592E-02  1.5626E-03
  1.2358E+02  5.1759E-02  1.5655E-03
  1.2372E+02  5.1928E-02  1.5683E-03
  1.2387E+02  5.2099E-02  1.5712E-03
  1.2401E+02  5.2270E-02  1.5741E-03
  1.2415E+02  5.2439E-02  1.5770E-03
  1.2430E+02  5.2606E-02  1.5798E-03
  1.2444E+02  5.2770E-02  1.5825E-03
  1.2458E+02  5.2928E-02  1.5851E-03
  1.2473E+02  5.3082E-02  1.5877E-03
  1.2487E+02  5.3229E-02  1.5901E-03
  1.2501E+02  5.3368E-02  1.5924E-03
  1.2516E+02  5.3500E-02  1.5946E-03
  1.2530E+02  5.3623E-02  1.5969E-03
  1.2544E+02  5.3738E-02  1.5992E-03
  1.2559E+02  5.3844E-02  1.6014E-03
  1.2573E+02  5.3941E-02  1.6037E-03
  1.2587E+02  5.4029E-02  1.6060E-03
  1.2602E+02  5.4107E-02  1.6082E-03
  1.2616E+02  5.4174E-02  1.6103E-03
  1.2630E+02  5.4230E-02  1.6124E-03
  1.2645E+02  5.4275E-02  1.6144E-03
  1.2659E+02  5.4308E-02  1.6163E-03
  1.2673E+02  5.4329E-02  1.6183E-03
  1.2688E+02  5.4340E-02  1.6202E-03
  1.2702E+02  5.4340E-02  1.6221E-03
  1.2716E+02  5.4330E-02  1.6241E-03
  1.2730E+02  5.4312E-02  1.6261E-03
  1.2745E+02  5.4287E-02  1.6282E-03
  1.2759E+02  5.4253E-02  1.6305E-03
  1.2773E+02  5.4212E-02  1.6330E-03
  1.2788E+02  5.4164E-02  1.6357E-03
  1.2802E+02  5.4108E-02  1.6383E-03
  1.2816E+02  5.4044E-02  1.6410E-03
  1.2831E+02  5.3973E-02  1.6436E-03
  1.2845E+02  5.3896E-02  1.6461E-03
  1.2859E+02  5.3814E-02  1.6485E-03
  1.2874E+02  5.3729E-02  1.6510E-03
  1.2888E+02  5.3641E-02  1.6537E-03
  1.2902E+02  5.3552E-02  1.6565E-03
  1.2917E+02  5.3463E-02  1.6595E-03
  1.2931E+02  5.3375E-02  1.6627E-03
  1.2945E+02  5.3287E-02  1.6660E-03
  1.2960E+02  5.3201E-02  1.6693E-03
  1.2974E+02  5.3117E-02  1.6726E-03
  1.2988E+02  5.3034E-02  1.6758E-03
  1.3003E+02  5.2954E-02  1.6790E-03
  1.3017E+02  5.2876E-02  1.6820E-03
  1.3031E+02  5.2803E-02  1.6849E-03
  1.3046E+02  5.2733E-02  1.6877E-03
  1.3060E+02  5.2668E-02  1.6905E-03
  1.3074E+02  5.2609E-02  1.6932E-03
  1.3088E+02  5.2555E-02  1.6960E-03
  1.3103E+02  5.2508E-02  1.6987E-03
  1.3117E+02  5.2468E-02  1.7013E-03
  1.3131E+02  5.2435E-02  1.7039E-03
  1.3146E+02  5.2409E-02  1.7065E-03
  1.3160E+02  5.2389E-02  1.7088E-03
  1.3174E+02  5.2376E-02  1.7111E-03
  1.3189E+02  5.2369E-02  1.7131E-03
  1.3203E+02  5.2366E-02  1.7149E-03
  1.3217E+02  5.2369E-02  1.7164E-03
  1.3232E+02  5.2376E-02  1.7177E-03
  1.3246E+02  5.2386E-02  1.7188E-03
  1.3260E+02  5.2401E-02  1.7197E-03
  1.3275E+02  5.2420E-02  1.7204E-03
  1.3289E+02  5.2443E-02  1.7210E-03
  1.3303E+02  5.2471E-02  1.7214E-03
  1.3318E+02  5.2503E-02  1.7219E-03
  1.3332E+02  5.2539E-02  1.7224E-03
  1.3346E+02  5.2580E-02  1.7228E-03
  1.3361E+02  5.2622E-02  1.7233E-03
  1.3375E+02  5.2666E-02  1.7238E-03
  1.3389E+02  5.2711E-02  1.7242E-03
  1.3404E+02  5.2754E-02  1.7244E-03
  1.3418E+02  5.2797E-02  1.7245E-03
  1.3432E+02  5.2837E-02  1.7243E-03
  1.3446E+02  5.2876E-02  1.7241E-03
  1.3461E+02  5.2914E-02  1.7237E-03
  1.3475E+02  5.2951E-02  1.7234E-03
  1.3489E+02  5.2987E-02  1.7233E-03
  1.3504E+02  5.3023E-02  1.7233E-03
  1.3518E+02  5.3058E-02  1.7236E-03
  1.3532E+02  5.3092E-02  1.7241E-03
  1.3547E+02  5.3125E-02  1.7249E-03
  1.3561E+02  5.3155E-02  1.7258E-03
  1.3575E+02  5.3182E-02  1.7269E-03
  1.3590E+02  5.3206E-02  1.7280E-03
  1.3604E+02  5.3227E-02  1.7291E-03
  1.3618E+02  5.3243E-02  1.7303E-03
  1.3633E+02  5.3256E-02  1.7315E-03
  1.3647E+02  5.3266E-02  1.7329E-03
  1.3661E+02  5.3272E-02  1.7344E-03
  1.3676E+02  5.3276E-02  1.7360E-03
  1.3690E+02  5.3277E-02  1.7378E-03
  1.3704E+02  5.3275E-02  1.7398E-03
  1.3719E+02  5.3271E-02  1.7419E-03
  1.3733E+02  5.3265E-02  1.7442E-03
  1.3747E+02  5.3257E-02  1.7466E-03
  1.3762E+02  5.3246E-02  1.7491E-03
  1.3776E+02  5.3234E-02  1.7518E-03
  1.3790E+02  5.3218E-02  1.7545E-03
  1.3804E+02  5.3201E-02  1.7572E-03
  1.3819E+02  5.3181E-02  1.7599E-03
  1.3833E+02  5.3159E-02  1.7625E-03
  1.3847E+02  5.3135E-02  1.7650E-03
  1.3862E+02  5.3109E-02  1.7675E-03
  1.3876E+02  5.3083E-02  1.7698E-03
  1.3890E+02  5.3055E-02  1.7722E-03
  1.3905E+02  5.3028E-02  1.7744E-03
  1.3919E+02  5.3002E-02  1.7766E-03
  1.3933E+02  5.2976E-02  1.7787E-03
  1.3948E+02  5.2953E-02  1.7807E-03
  1.3962E+02  5.2931E-02  1.7827E-03
  1.3976E+02  5.2912E-02  1.7845E-03
  1.3991E+02  5.2896E-02  1.7863E-03
  1.4005E+02  5.2883E-02  1.7880E-03
  1.4019E+02  5.2873E-02  1.7895E-03
  1.4034E+02  5.2867E-02  1.7909E-03
  1.4048E+02  5.2863E-02  1.7920E-03
  1.4062E+02  5.2864E-02  1.7929E-03
  1.4077E+02  5.2868E-02  1.7935E-03
  1.4091E+02  5.2875E-02  1.7939E-03
  1.4105E+02  5.2887E-02  1.7941E-03
  1.4120E+02  5.2904E-02  1.7940E-03
  1.4134E+02  5.2925E-02  1.7937E-03
  1.4148E+02  5.2950E-02  1.7933E-03
  1.4162E+02  5.2981E-02  1.7926E-03
  1.4177E+02  5.3015E-02  1.7919E-03
  1.4191E+02  5.3054E-02  1.7910E-03
  1.4205E+02  5.3097E-02  1.7900E-03
  1.4220E+02  5.3144E-02  1.7888E-03
  1.4234E+02  5.3193E-02  1.7876E-03
  1.4248E+02  5.3244E-02  1.7863E-03
  1.4263E+02  5.3297E-02  1.7849E-03
  1.4277E+02  5.3351E-02  1.7835E-03
  1.4291E+02  5.3406E-02  1.7820E-03
  1.4306E+02  5.3460E-02  1.7804E-03
  1.4320E+02  5.3513E-02  1.7789E-03
  1.4334E+02  5.3565E-02  1.7773E-03
  1.4349E+02  5.3616E-02  1.7758E-03
  1.4363E+02  5.3664E-02  1.7743E-03
  1.4377E+02  5.3710E-02  1.7730E-03
  1.4392E+02  5.3753E-02  1.7718E-03
  1.4406E+02  5.3792E-02  1.7707E-03
  1.4420E+02  5.3829E-02  1.7699E-03
  1.4435E+02  5.3862E-02  1.7693E-03
  1.4449E+02  5.3892E-02  1.7690E-03
  1.4463E+02  5.3917E-02  1.7688E-03
  1.4478E+02  5.3938E-02  1.7689E-03
  1.4492E+02  5.3955E-02  1.7692E-03
  1.4506E+02  5.3968E-02  1.7698E-03
  1.4520E+02  5.3977E-02  1.7706E-03
  1.4535E+02  5.3981E-02  1.7716E-03
  1.4549E+02  5.3982E-02  1.7729E-03
  1.4563E+02  5.3978E-02  1.7744E-03
  1.4578E+02  5.3970E-02  1.7762E-03
  1.4592E+02  5.3958E-02  1.7783E-03
  1.4606E+02  5.3942E-02  1.7806E-03
  1.4621E+02  5.3923E-02  1.7830E-03
  1.4635E+02  5.3900E-02  1.7857E-03
  1.4649E+02  5.3873E-02  1.7885E-03
  1.4664E+02  5.3844E-02  1.7914E-03
  1.4678E+02  5.3811E-02  1.7945E-03
  1.4692E+02  5.3776E-02  1.7977E-03
  1.4707E+02  5.3738E-02  1.8011E-03
  1.4721E+02  5.3698E-02  1.8047E-03
  1.4735E+02  5.3655E-02  1.8084E-03
  1.4750E+02  5.3609E-02  1.8121E-03
  1.4764E+02  5.3560E-02  1.8158E-03
  1.4778E+02  5.3508E-02  1.8195E-03
  1.4793E+02  5.3453E-02  1.8232E-03
  1.4807E+02  5.3396E-02  1.8267E-03
  1.4821E+02  5.3336E-02  1.8301E-03
  1.4836E+02  5.3274E-02  1.8333E-03
  1.4850E+02  5.3209E-02  1.8364E-03
  1.4864E+02  5.3144E-02  1.8395E-03
  1.4878E+02  5.3077E-02  1.8424E-03
  1.4893E+02  5.3009E-02  1.8451E-03
  1.4907E+02  5.2940E-02  1.8478E-03
  1.4921E+02  5.2870E-02  1.8502E-03
  1.4936E+02  5.2800E-02  1.8524E-03
  1.4950E+02  5.2730E-02  1.8543E-03
  1.4964E+02  5.2660E-02  1.8559E-03
  1.4979E+02  5.2590E-02  1.8573E-03
  1.4993E+02  5.2521E-02  1.8583E-03
  1.5007E+02  5.2453E-02  1.8589E-03
  1.5022E+02  5.2387E-02  1.8593E-03
  1.5036E+02  5.2324E-02  1.8593E-03
  1.5050E+02  5.2263E-02  1.8591E-03
  1.5065E+02  5.2206E-02  1.8585E-03
  1.5079E+02  5.2153E-02  1.8577E-03
  1.5093E+02  5.2105E-02  1.8566E-03
  1.5108E+02  5.2061E-02  1.8553E-03
  1.5122E+02  5.2023E-02  1.8537E-03
  1.5136E+02  5.1990E-02  1.8519E-03
  1.5151E+02  5.1963E-02  1.8498E-03
  1.5165E+02  5.1943E-02  1.8475E-03
  1.5179E+02  5.1929E-02  1.8450E-03
  1.5194E+02  5.1922E-02  1.8423E-03
  1.5208E+02  5.1922E-02  1.8395E-03
  1.5222E+02  5.1930E-02  1.8365E-03
  1.5236E+02  5.1944E-02  1.8335E-03
  1.5251E+02  5.1966E-02  1.8304E-03
  1.5265E+02  5.1995E-02  1.8273E-03
  1.5279E+02  5.2031E-02  1.8242E-03
  1.5294E+02  5.2074E-02  1.8211E-03
  1.5308E+02  5.2122E-02  1.8180E-03
  1.5322E+02  5.2176E-02  1.8149E-03
  1.5337E+02  5.2235E-02  1.8119E-03
  1.5351E+02  5.2299E-02  1.8090E-03
  1.5365E+02  5.2367E-02  1.8062E-03
  1.5380E+02  5.2438E-02  1.8035E-03
  1.5394E+02  5.2512E-02  1.8010E-03
  1.5408E+02  5.2588E-02  1.7987E-03
  1.5423E+02  5.2666E-02  1.7967E-03
  1.5437E+02  5.2745E-02  1.7949E-03
  1.5451E+02  5.2824E-02  1.7934E-03
  1.5466E+02  5.2903E-02  1.7921E-03
  1.5480E+02  5.2981E-02  1.7913E-03
  1.5494E+02  5.3058E-02  1.7908E-03
  1.5509E+02  5.3132E-02  1.7907E-03
  1.5523E+02  5.3203E-02  1.7909E-03
  1.5537E+02  5.3270E-02  1.7915E-03
  1.5552E+02  5.3334E-02  1.7925E-03
  1.5566E+02  5.3393E-02  1.7939E-03
  1.5580E+02  5.3447E-02  1.7955E-03
  1.5594E+02  5.3497E-02  1.7975E-03
  1.5609E+02  5.3541E-02  1.7998E-03
  1.5623E+02  5.3580E-02  1.8024E-03
  1.5637E+02  5.3615E-02  1.8054E-03
  1.5652E+02  5.3644E-02  1.8086E-03
  1.5666E+02  5.3670E-02  1.8122E-03
  1.5680E+02  5.3691E-02  1.8160E-03
  1.5695E+02  5.3708E-02  1.8202E-03
  1.5709E+02  5.3722E-02  1.8246E-03
  1.5723E+02  5.3733E-02  1.8293E-03
  1.5738E+02  5.3740E-02  1.8342E-03
  1.5752E+02  5.3745E-02  1.8393E-03
  1.5766E+02  5.3748E-02  1.8445E-03
  1.5781E+02  5.3748E-02  1.8499E-03
  1.5795E+02  5.3746E-02  1.8554E-03
  1.5809E+02  5.3741E-02  1.8610E-03
  1.5824E+02  5.3735E-02  1.8667E-03
  1.5838E+02  5.3727E-02  1.8724E-03
  1.5852E+02  5.3716E-02  1.8780E-03
  1.5867E+02  5.3704E-02  1.8837E-03
  1.5881E+02  5.3689E-02  1.8893E-03
  1.5895E+02  5.3673E-02  1.8948E-03
  1.5910E+02  5.3654E-02  1.9003E-03
  1.5924E+02  5.3633E-02  1.9056E-03
  1.5938E+02  5.3609E-02  1.9109E-03
  1.5952E+02  5.3583E-02  1.9160E-03
  1.5967E+02  5.3555E-02  1.9209E-03
  1.5981E+02  5.3523E-02  1.9257E-03
  1.5995E+02  5.3489E-02  1.9303E-03
  1.6010E+02  5.3451E-02  1.9347E-03
  1.6024E+02  5.3411E-02  1.9389E-03
  1.6038E+02  5.3367E-02  1.9428E-03
  1.6053E+02  5.3320E-02  1.9466E-03
  1.6067E+02  5.3270E-02  1.9501E-03
  1.6081E+02  5.3217E-02  1.9533E-03
  1.6096E+02  5.3162E-02  1.9562E-03
  1.6110E+02  5.3104E-02  1.9588E-03
  1.6124E+02  5.3043E-02  1.9611E-03
  1.6139E+02  5.2981E-02  1.9631E-03
  1.6153E+02  5.2917E-02  1.9647E-03
  1.6167E+02  5.2852E-02  1.9661E-03
  1.6182E+02  5.2786E-02  1.9671E-03
  1.6196E+02  5.2720E-02  1.9677E-03
  1.6210E+02  5.2655E-02  1.9681E-03
  1.6225E+02  5.2590E-02  1.9682E-03
  1.6239E+02  5.2528E-02  1.9680E-03
  1.6253E+02  5.2467E-02  1.9675E-03
  1.6268E+02  5.2409E-02  1.9668E-03
  1.6282E+02  5.2355E-02  1.9658E-03
  1.6296E+02  5.2304E-02  1.9645E-03
  1.6310E+02  5.2258E-02  1.9629E-03
  1.6325E+02  5.2217E-02  1.9611E-03
  1.6339E+02  5.2181E-02  1.9592E-03
  1.6353E+02  5.2152E-02  1.9571E-03
  1.6368E+02  5.2128E-02  1.9549E-03
  1.6382E+02  5.2112E-02  1.9526E-03
  1.6396E+02  5.2102E-02  1.9502E-03
  1.6411E+02  5.2099E-02  1.9479E-03
  1.6425E+02  5.2102E-02  1.9455E-03
  1.6439E+02  5.2112E-02  1.9431E-03
  1.6454E+02  5.2128E-02  1.9408E-03
  1.6468E+02  5.2150E-02  1.9384E-03
  1.6482E+02  5.2178E-02  1.9361E-03
  1.6497E+02  5.2212E-02  1.9338E-03
  1.6511E+02  5.2250E-02  1.9315E-03
  1.6525E+02  5.2293E-02  1.9293E-03
  1.6540E+02  5.2340E-02  1.9273E-03
  1.6554E+02  5.2391E-02  1.9254E-03
  1.6568E+02  5.2445E-02  1.9236E-03
  1.6583E+02  5.2501E-02  1.9221E-03
  1.6597E+02  5.2560E-02  1.9208E-03
  1.6611E+02  5.2619E-02  1.9197E-03
  1.6626E+02  5.2680E-02  1.9188E-03
  1.6640E+02  5.2740E-02  1.9181E-03
  1.6654E+02  5.2798E-02  1.9177E-03
  1.6668E+02  5.2856E-02  1.9174E-03
  1.6683E+02  5.2911E-02  1.9174E-03
  1.6697E+02  5.2963E-02  1.9176E-03
  1.6711E+02  5.3011E-02  1.9180E-03
  1.6726E+02  5.3056E-02  1.9186E-03
  1.6740E+02  5.3096E-02  1.9194E-03
  1.6754E+02  5.3132E-02  1.9205E-03
  1.6769E+02  5.3163E-02  1.9217E-03
  1.6783E+02  5.3189E-02  1.9232E-03
  1.6797E+02  5.3211E-02  1.9249E-03
  1.6812E+02  5.3227E-02  1.9268E-03
  1.6826E+02  5.3239E-02  1.9289E-03
  1.6840E+02  5.3246E-02  1.9312E-03
  1.6855E+02  5.3250E-02  1.9336E-03
  1.6869E+02  5.3249E-02  1.9363E-03
  1.6883E+02  5.3244E-02  1.9391E-03
  1.6898E+02  5.3237E-02  1.9421E-03
  1.6912E+02  5.3227E-02  1.9452E-03
  1.6926E+02  5.3215E-02  1.9485E-03
  1.6941E+02  5.3201E-02  1.9518E-03
  1.6955E+02  5.3187E-02  1.9552E-03
  1.6969E+02  5.3172E-02  1.9587E-03
  1.6984E+02  5.3157E-02  1.9623E-03
  1.6998E+02  5.3142E-02  1.9659E-03
  1.7012E+02  5.3130E-02  1.9696E-03
  1.7026E+02  5.3118E-02  1.9734E-03
  1.7041E+02  5.3109E-02  1.9772E-03
  1.7055E+02  5.3103E-02  1.9810E-03
  1.7069E+02  5.3099E-02  1.9848E-03
  1.7084E+02  5.3097E-02  1.9886E-03
  1.7098E+02  5.3098E-02  1.9924E-03
  1.7112E+02  5.3102E-02  1.9962E-03
  1.7127E+02  5.3108E-02  1.9998E-03
  1.7141E+02  5.3117E-02  2.0034E-03
  1.7155E+02  5.3127E-02  2.0069E-03
  1.7170E+02  5.3138E-02  2.0103E-03
  1.7184E+02  5.3151E-02  2.0137E-03
  1.7198E+02  5.3164E-02  2.0169E-03
  1.7213E+02  5.3177E-02  2.0201E-03
  1.7227E+02  5.3190E-02  2.0232E-03
  1.7241E+02  5.3201E-02  2.0262E-03
  1.7256E+02  5.3211E-02  2.0291E-03
  1.7270E+02  5.3218E-02  2.0319E-03
  1.7284E+02  5.3223E-02  2.0345E-03
  1.7299E+02  5.3224E-02  2.0369E-03
  1.7313E+02  5.3222E-02  2.0391E-03
  1.7327E+02  5.3215E-02  2.0412E-03
  1.7342E+02  5.3204E-02  2.0431E-03
  1.7356E+02  5.3189E-02  2.0449E-03
  1.7370E+02  5.3169E-02  2.0465E-03
  1.7384E+02  5.3145E-02  2.0479E-03
  1.7399E+02  5.3117E-02  2.0493E-03
  1.7413E+02  5.3085E-02  2.0505E-03
  1.7427E+02  5.3049E-02  2.0517E-03
  1.7442E+02  5.3010E-02  2.0527E-03
  1.7456E+02  5.2968E-02  2.0536E-03
  1.7470E+02  5.2924E-02  2.0544E-03
  1.7485E+02  5.2878E-02  2.0550E-03
  1.7499E+02  5.2831E-02  2.0555E-03
  1.7513E+02  5.2784E-02  2.0559E-03
  1.7528E+02  5.2737E-02  2.0562E-03
  1.7542E+02  5.2692E-02  2.0564E-03
  1.7556E+02  5.2648E-02  2.0565E-03
  1.7571E+02  5.2608E-02  2.0566E-03
  1.7585E+02  5.2570E-02  2.0566E-03
  1.7599E+02  5.2537E-02  2.0567E-03
  1.7614E+02  5.2508E-02  2.0566E-03
  1.7628E+02  5.2484E-02  2.0566E-03
  1.7642E+02  5.2465E-02  2.0565E-03
  1.7657E+02  5.2453E-02  2.0565E-03
  1.7671E+02  5.2445E-02  2.0564E-03
  1.7685E+02  5.2444E-02  2.0563E-03
  1.7700E+02  5.2449E-02  2.0562E-03
  1.7714E+02  5.2460E-02  2.0561E-03
  1.7728E+02  5.2477E-02  2.0561E-03
  1.7742E+02  5.2500E-02  2.0560E-03
  1.7757E+02  5.2528E-02  2.0560E-03
  1.7771E+02  5.2561E-02  2.0559E-03
  1.7785E+02  5.2599E-02  2.0560E-03
  1.7800E+02  5.2641E-02  2.0561E-03
  1.7814E+02  5.2686E-02  2.0562E-03
  1.7828E+02  5.2735E-02  2.0563E-03
  1.7843E+02  5.2786E-02  2.0566E-03
  1.7857E+02  5.2839E-02  2.0568E-03
  1.7871E+02  5.2893E-02  2.0571E-03
  1.7886E+02  5.2948E-02  2.0575E-03
  1.7900E+02  5.3002E-02  2.0580E-03
  1.7914E+02  5.3056E-02  2.0585E-03
  1.7929E+02  5.3108E-02  2.0592E-03
  1.7943E+02  5.3157E-02  2.0599E-03
  1.7957E+02  5.3204E-02  2.0608E-03
  1.7972E+02  5.3247E-02  2.0617E-03
  1.7986E+02  5.3285E-02  2.0627E-03
  1.8000E+02  5.3319E-02  2.0638E-03
  1.8015E+02  5.3348E-02  2.0650E-03
  1.8029E+02  5.3371E-02  2.0663E-03
  1.8043E+02  5.3388E-02  2.0677E-03
  1.8058E+02  5.3398E-02  2.0691E-03
  1.8072E+02  5.3402E-02  2.0707E-03
  1.8086E+02  5.3399E-02  2.0724E-03
  1.8100E+02  5.3390E-02  2.0741E-03
  1.8115E+02  5.3373E-02  2.0759E-03
  1.8129E+02  5.3350E-02  2.0778E-03
  1.8143E+02  5.3321E-02  2.0797E-03
  1.8158E+02  5.3285E-02  2.0817E-03
  1.8172E+02  5.3244E-02  2.0838E-03
  1.8186E+02  5.3197E-02  2.0858E-03
  1.8201E+02  5.3146E-02  2.0880E-03
  1.8215E+02  5.3091E-02  2.0901E-03
  1.8229E+02  5.3032E-02  2.0922E-03
  1.8244E+02  5.2970E-02  2.0942E-03
  1.8258E+02  5.2906E-02  2.0963E-03
  1.8272E+02  5.2842E-02  2.0983E-03
  1.8287E+02  5.2776E-02  2.1003E-03
  1.8301E+02  5.2712E-02  2.1023E-03
  1.8315E+02  5.2649E-02  2.1043E-03
  1.8330E+02  5.2588E-02  2.1063E-03
  1.8344E+02  5.2529E-02  2.1082E-03
  1.8358E+02  5.2475E-02  2.1101E-03
  1.8373E+02  5.2424E-02  2.1119E-03
  1.8387E+02  5.2377E-02  2.1137E-03
  1.8401E+02  5.2336E-02  2.1154E-03
  1.8416E+02  5.2300E-02  2.1170E-03
  1.8430E+02  5.2270E-02  2.1186E-03
  1.8444E+02  5.2246E-02  2.1202E-03
  1.8458E+02  5.2228E-02  2.1217E-03
  1.8473E+02  5.2215E-02  2.1231E-03
  1.8487E+02  5.2208E-02  2.1245E-03
  1.8501E+02  5.2207E-02  2.1258E-03
  1.8516E+02  5.2210E-02  2.1271E-03
  1.8530E+02  5.2219E-02  2.1283E-03
  1.8544E+02  5.2231E-02  2.1295E-03
  1.8559E+02  5.2247E-02  2.1306E-03
  1.8573E+02  5.2266E-02  2.1317E-03
  1.8587E+02  5.2288E-02  2.1327E-03
  1.8602E+02  5.2310E-02  2.1337E-03
  1.8616E+02  5.2334E-02  2.1345E-03
  1.8630E+02  5.2357E-02  2.1353E-03
  1.8645E+02  5.2379E-02  2.1361E-03
  1.8659E+02  5.2400E-02  2.1367E-03
  1.8673E+02  5.2419E-02  2.1373E-03
  1.8688E+02  5.2435E-02  2.1378E-03
  1.8702E+02  5.2448E-02  2.1383E-03
  1.8716E+02  5.2457E-02  2.1387E-03
  1.8731E+02  5.2461E-02  2.1390E-03
  1.8745E+02  5.2462E-02  2.1393E-03
  1.8759E+02  5.2457E-02  2.1395E-03
  1.8774E+02  5.2447E-02  2.1397E-03
  1.8788E+02  5.2433E-02  2.1398E-03
  1.8802E+02  5.2414E-02  2.1398E-03
  1.8816E+02  5.2390E-02  2.1398E-03
  1.8831E+02  5.2361E-02  2.1398E-03
  1.8845E+02  5.2329E-02  2.1397E-03
  1.8859E+02  5.2293E-02  2.1396E-03
  1.8874E+02  5.2254E-02  2.1394E-03
  1.8888E+02  5.2212E-02  2.1392E-03
  1.8902E+02  5.2168E-02  2.1390E-03
  1.8917E+02  5.2123E-02  2.1387E-03
  1.8931E+02  5.2078E-02  2.1385E-03
  1.8945E+02  5.2032E-02  2.1383E-03
  1.8960E+02  5.1988E-02  2.1381E-03
  1.8974E+02  5.1945E-02  2.1379E-03
  1.8988E+02  5.1904E-02  2.1377E-03
  1.9003E+02  5.1867E-02  2.1376E-03
  1.9017E+02  5.1832E-02  2.1375E-03
  1.9031E+02  5.1802E-02  2.1374E-03
  1.9046E+02  5.1775E-02  2.1374E-03
  1.9060E+02  5.1754E-02  2.1374E-03
  1.9074E+02  5.1738E-02  2.1375E-03
  1.9089E+02  5.1727E-02  2.1376E-03
  1.9103E+02  5.1722E-02  2.1378E-03
  1.9117E+02  5.1723E-02  2.1382E-03
  1.9132E+02  5.1730E-02  2.1386E-03
  1.9146E+02  5.1743E-02  2.1391E-03
  1.9160E+02  5.1761E-02  2.1396E-03
  1.9174E+02  5.1785E-02  2.1402E-03
  1.9189E+02  5.1815E-02  2.1409E-03
  1.9203E+02  5.1849E-02  2.1417E-03
  1.9217E+02  5.1889E-02  2.1426E-03
  1.9232E+02  5.1933E-02  2.1436E-03
  1.9246E+02  5.1981E-02  2.1447E-03
  1.9260E+02  5.2033E-02  2.1459E-03
  1.9275E+02  5.2088E-02  2.1472E-03
  1.9289E+02  5.2146E-02  2.1486E-03
  1.9303E+02  5.2205E-02  2.1501E-03
  1.9318E+02  5.2267E-02  2.1517E-03
  1.9332E+02  5.2329E-02  2.1533E-03
  1.9346E+02  5.2392E-02  2.1551E-03
  1.9361E+02  5.2455E-02  2.1569E-03
  1.9375E+02  5.2517E-02  2.1589E-03
  1.9389E+02  5.2578E-02  2.1609E-03
  1.9404E+02  5.2638E-02  2.1630E-03
  1.9418E+02  5.2695E-02  2.1653E-03
  1.9432E+02  5.2750E-02  2.1676E-03
  1.9447E+02  5.2802E-02  2.1700E-03
  1.9461E+02  5.2850E-02  2.1724E-03
  1.9475E+02  5.2894E-02  2.1749E-03
  1.9490E+02  5.2934E-02  2.1775E-03
  1.9504E+02  5.2970E-02  2.1802E-03
  1.9518E+02  5.3000E-02  2.1829E-03
  1.9532E+02  5.3025E-02  2.1856E-03
  1.9547E+02  5.3045E-02  2.1884E-03
  1.9561E+02  5.3059E-02  2.1913E-03
  1.9575E+02  5.3068E-02  2.1942E-03
  1.9590E+02  5.3071E-02  2.1971E-03
  1.9604E+02  5.3069E-02  2.2000E-03
  1.9618E+02  5.3061E-02  2.2029E-03
  1.9633E+02  5.3048E-02  2.2058E-03
  1.9647E+02  5.3030E-02  2.2088E-03
  1.9661E+02  5.3008E-02  2.2117E-03
  1.9676E+02  5.2981E-02  2.2146E-03
  1.9690E+02  5.2950E-02  2.2175E-03
  1.9704E+02  5.2916E-02  2.2203E-03
  1.9719E+02  5.2879E-02  2.2231E-03
  1.9733E+02  5.2839E-02  2.2258E-03
  1.9747E+02  5.2798E-02  2.2284E-03
  1.9762E+02  5.2755E-02  2.2309E-03
  1.9776E+02  5.2712E-02  2.2333E-03
  1.9790E+02  5.2669E-02  2.2356E-03
  1.9805E+02  5.2626E-02  2.2379E-03
  1.9819E+02  5.2585E-02  2.2400E-03
  1.9833E+02  5.2546E-02  2.2420E-03
  1.9848E+02  5.2509E-02  2.2439E-03
  1.9862E+02  5.2475E-02  2.2456E-03
  1.9876E+02  5.2445E-02  2.2472E-03
  1.9890E+02  5.2418E-02  2.2486E-03
  1.9905E+02  5.2395E-02  2.2499E-03
  1.9919E+02  5.2377E-02  2.2510E-03
  1.9933E+02  5.2364E-02  2.2520E-03
  1.9948E+02  5.2355E-02  2.2528E-03
  1.9962E+02  5.2351E-02  2.2535E-03
  1.9976E+02  5.2352E-02  2.2540E-03
  1.9991E+02  5.2357E-02  2.2544E-03
  2.0005E+02  5.2366E-02  2.2547E-03
  2.0019E+02  5.2380E-02  2.2549E-03
  2.0034E+02  5.2397E-02  2.2550E-03
  2.0048E+02  5.2417E-02  2.2549E-03
  2.0062E+02  5.2440E-02  2.2546E-03
  2.0077E+02  5.2465E-02  2.2543E-03
  2.0091E+02  5.2492E-02  2.2538E-03
  2.0105E+02  5.2519E-02  2.2533E-03
  2.0120E+02  5.2548E-02  2.2526E-03
  2.0134E+02  5.2576E-02  2.2519E-03
  2.0148E+02  5.2603E-02  2.2511E-03
  2.0163E+02  5.2629E-02  2.2503E-03
  2.0177E+02  5.2653E-02  2.2494E-03
  2.0191E+02  5.2675E-02  2.2484E-03
  2.0206E+02  5.2694E-02  2.2473E-03
  2.0220E+02  5.2710E-02  2.2462E-03
  2.0234E+02  5.2722E-02  2.2450E-03
  2.0248E+02  5.2730E-02  2.2438E-03
  2.0263E+02  5.2733E-02  2.2425E-03
  2.0277E+02  5.2733E-02  2.2412E-03
  2.0291E+02  5.2728E-02  2.2399E-03
  2.0306E+02  5.2718E-02  2.2386E-03
  2.0320E+02  5.2704E-02  2.2373E-03
  2.0334E+02  5.2685E-02  2.2360E-03
  2.0349E+02  5.2662E-02  2.2347E-03
  2.0363E+02  5.2634E-02  2.2335E-03
  2.0377E+02  5.2603E-02  2.2322E-03
  2.0392E+02  5.2567E-02  2.2311E-03
  2.0406E+02  5.2527E-02  2.2300E-03
  2.0420E+02  5.2484E-02  2.2289E-03
  2.0435E+02  5.2438E-02  2.2279E-03
  2.0449E+02  5.2388E-02  2.2270E-03
  2.0463E+02  5.2336E-02  2.2262E-03
  2.0478E+02  5.2282E-02  2.2255E-03
  2.0492E+02  5.2226E-02  2.2250E-03
  2.0506E+02  5.2168E-02  2.2245E-03
  2.0521E+02  5.2110E-02  2.2242E-03
  2.0535E+02  5.2050E-02  2.2240E-03
  2.0549E+02  5.1990E-02  2.2240E-03
  2.0564E+02  5.1929E-02  2.2241E-03
  2.0578E+02  5.1869E-02  2.2244E-03
  2.0592E+02  5.1809E-02  2.2249E-03
  2.0606E+02  5.1751E-02  2.2255E-03
  2.0621E+02  5.1693E-02  2.2263E-03
  2.0635E+02  5.1637E-02  2.2272E-03
  2.0649E+02  5.1583E-02  2.2283E-03
  2.0664E+02  5.1531E-02  2.2296E-03
  2.0678E+02  5.1481E-02  2.2311E-03
  2.0692E+02  5.1433E-02  2.2327E-03
  2.0707E+02  5.1389E-02  2.2345E-03
  2.0721E+02  5.1347E-02  2.2365E-03
  2.0735E+02  5.1309E-02  2.2386E-03
  2.0750E+02  5.1274E-02  2.2410E-03
  2.0764E+02  5.1243E-02  2.2434E-03
  2.0778E+02  5.1215E-02  2.2460E-03
  2.0793E+02  5.1191E-02  2.2488E-03
  2.0807E+02  5.1171E-02  2.2518E-03
  2.0821E+02  5.1155E-02  2.2548E-03
  2.0836E+02  5.1143E-02  2.2581E-03
  2.0850E+02  5.1134E-02  2.2614E-03
  2.0864E+02  5.1130E-02  2.2649E-03
  2.0879E+02  5.1130E-02  2.2685E-03
  2.0893E+02  5.1134E-02  2.2723E-03
  2.0907E+02  5.1142E-02  2.2761E-03
  2.0922E+02  5.1153E-02  2.2801E-03
  2.0936E+02  5.1169E-02  2.2842E-03
  2.0950E+02  5.1188E-02  2.2884E-03
  2.0964E+02  5.1211E-02  2.2926E-03
  2.0979E+02  5.1237E-02  2.2969E-03
  2.0993E+02  5.1267E-02  2.3013E-03
  2.1007E+02  5.1299E-02  2.3058E-03
  2.1022E+02  5.1335E-02  2.3102E-03
  2.1036E+02  5.1373E-02  2.3148E-03
  2.1050E+02  5.1414E-02  2.3193E-03
  2.1065E+02  5.1456E-02  2.3238E-03
  2.1079E+02  5.1501E-02  2.3283E-03
  2.1093E+02  5.1547E-02  2.3328E-03
  2.1108E+02  5.1594E-02  2.3373E-03
  2.1122E+02  5.1642E-02  2.3418E-03
  2.1136E+02  5.1690E-02  2.3462E-03
  2.1151E+02  5.1739E-02  2.3505E-03
  2.1165E+02  5.1787E-02  2.3547E-03
  2.1179E+02  5.1835E-02  2.3588E-03
  2.1194E+02  5.1883E-02  2.3628E-03
  2.1208E+02  5.1928E-02  2.3667E-03
  2.1222E+02  5.1973E-02  2.3705E-03
  2.1237E+02  5.2016E-02  2.3741E-03
  2.1251E+02  5.2056E-02  2.3775E-03
  2.1265E+02  5.2094E-02  2.3808E-03
  2.1280E+02  5.2130E-02  2.3838E-03
  2.1294E+02  5.2163E-02  2.3867E-03
  2.1308E+02  5.2193E-02  2.3894E-03
  2.1322E+02  5.2220E-02  2.3919E-03
  2.1337E+02  5.2243E-02  2.3941E-03
  2.1351E+02  5.2263E-02  2.3961E-03
  2.1365E+02  5.2280E-02  2.3980E-03
  2.1380E+02  5.2293E-02  2.3995E-03
  2.1394E+02  5.2303E-02  2.4009E-03
  2.1408E+02  5.2310E-02  2.4020E-03
  2.1423E+02  5.2313E-02  2.4028E-03
  2.1437E+02  5.2312E-02  2.4034E-03
  2.1451E+02  5.2309E-02  2.4038E-03
  2.1466E+02  5.2302E-02  2.4039E-03
  2.1480E+02  5.2292E-02  2.4038E-03
  2.1494E+02  5.2280E-02  2.4035E-03
  2.1509E+02  5.2265E-02  2.4029E-03
  2.1523E+02  5.2248E-02  2.4021E-03
  2.1537E+02  5.2228E-02  2.4011E-03
  2.1552E+02  5.2206E-02  2.3998E-03
  2.1566E+02  5.2183E-02  2.3984E-03
  2.1580E+02  5.2158E-02  2.3968E-03
  2.1595E+02  5.2133E-02  2.3949E-03
  2.1609E+02  5.2106E-02  2.3930E-03
  2.1623E+02  5.2078E-02  2.3908E-03
  2.1638E+02  5.2050E-02  2.3885E-03
  2.1652E+02  5.2022E-02  2.3860E-03
  2.1666E+02  5.1994E-02  2.3834E-03
  2.1680E+02  5.1966E-02  2.3807E-03
  2.1695E+02  5.1938E-02  2.3778E-03
  2.1709E+02  5.1912E-02  2.3749E-03
  2.1723E+02  5.1886E-02  2.3719E-03
  2.1738E+02  5.1861E-02  2.3687E-03
  2.1752E+02  5.1838E-02  2.3656E-03
  2.1766E+02  5.1817E-02  2.3623E-03
  2.1781E+02  5.1797E-02  2.3590E-03
  2.1795E+02  5.1780E-02  2.3558E-03
  2.1809E+02  5.1764E-02  2.3525E-03
  2.1824E+02  5.1751E-02  2.3492E-03
  2.1838E+02  5.1741E-02  2.3459E-03
  2.1852E+02  5.1733E-02  2.3427E-03
  2.1867E+02  5.1728E-02  2.3395E-03
  2.1881E+02  5.1726E-02  2.3364E-03
  2.1895E+02  5.1727E-02  2.3334E-03
  2.1910E+02  5.1731E-02  2.3304E-03
  2.1924E+02  5.1738E-02  2.3276E-03
  2.1938E+02  5.1748E-02  2.3249E-03
  2.1953E+02  5.1761E-02  2.3223E-03
  2.1967E+02  5.1777E-02  2.3200E-03
  2.1981E+02  5.1796E-02  2.3177E-03
  2.1996E+02  5.1817E-02  2.3157E-03
  2.2010E+02  5.1841E-02  2.3139E-03
  2.2024E+02  5.1867E-02  2.3123E-03
  2.2038E+02  5.1896E-02  2.3110E-03
  2.2053E+02  5.1926E-02  2.3098E-03
  2.2067E+02  5.1957E-02  2.3090E-03
  2.2081E+02  5.1989E-02  2.3084E-03
  2.2096E+02  5.2021E-02  2.3080E-03
  2.2110E+02  5.2054E-02  2.3080E-03
  2.2124E+02  5.2086E-02  2.3082E-03
  2.2139E+02  5.2118E-02  2.3087E-03
  2.2153E+02  5.2148E-02  2.3095E-03
  2.2167E+02  5.2176E-02  2.3106E-03
  2.2182E+02  5.2203E-02  2.3120E-03
  2.2196E+02  5.2226E-02  2.3137E-03
  2.2210E+02  5.2247E-02  2.3157E-03
  2.2225E+02  5.2264E-02  2.3179E-03
  2.2239E+02  5.2278E-02  2.3205E-03
  2.2253E+02  5.2288E-02  2.3234E-03
  2.2268E+02  5.2293E-02  2.3265E-03
  2.2282E+02  5.2294E-02  2.3298E-03
  2.2296E+02  5.2290E-02  2.3335E-03
  2.2311E+02  5.2281E-02  2.3374E-03
  2.2325E+02  5.2268E-02  2.3415E-03
  2.2339E+02  5.2250E-02  2.3458E-03
  2.2354E+02  5.2227E-02  2.3504E-03
  2.2368E+02  5.2199E-02  2.3552E-03
  2.2382E+02  5.2167E-02  2.3602E-03
  2.2396E+02  5.2130E-02  2.3654E-03
  2.2411E+02  5.2090E-02  2.3708E-03
  2.2425E+02  5.2046E-02  2.3763E-03
  2.2439E+02  5.1998E-02  2.3820E-03
  2.2454E+02  5.1946E-02  2.3878E-03
  2.2468E+02  5.1893E-02  2.3937E-03
  2.2482E+02  5.1836E-02  2.3998E-03
  2.2497E+02  5.1778E-02  2.4060E-03
  2.2511E+02  5.1718E-02  2.4122E-03
  2.2525E+02  5.1657E-02  2.4186E-03
  2.2540E+02  5.1595E-02  2.4250E-03
  2.2554E+02  5.1533E-02  2.4314E-03
  2.2568E+02  5.1471E-02  2.4379E-03
  2.2583E+02  5.1410E-02  2.4444E-03
  2.2597E+02  5.1350E-02  2.4509E-03
  2.2611E+02  5.1292E-02  2.4574E-03
  2.2626E+02  5.1236E-02  2.4639E-03
  2.2640E+02  5.1183E-02  2.4704E-03
  2.2654E+02  5.1133E-02  2.4768E-03
  2.2669E+02  5.1086E-02  2.4831E-03
  2.2683E+02  5.1044E-02  2.4894E-03
  2.2697E+02  5.1006E-02  2.4955E-03
  2.2712E+02  5.0973E-02  2.5016E-03
  2.2726E+02  5.0946E-02  2.5075E-03
  2.2740E+02  5.0924E-02  2.5133E-03
  2.2754E+02  5.0909E-02  2.5190E-03
  2.2769E+02  5.0900E-02  2.5244E-03
  2.2783E+02  5.0897E-02  2.5298E-03
  2.2797E+02  5.0902E-02  2.5349E-03
  2.2812E+02  5.0913E-02  2.5399E-03
  2.2826E+02  5.0932E-02  2.5446E-03
  2.2840E+02  5.0958E-02  2.5491E-03
  2.2855E+02  5.0991E-02  2.5534E-03
  2.2869E+02  5.1031E-02  2.5575E-03
  2.2883E+02  5.1077E-02  2.5613E-03
  2.2898E+02  5.1130E-02  2.5648E-03
  2.2912E+02  5.1189E-02  2.5681E-03
  2.2926E+02  5.1254E-02  2.5711E-03
  2.2941E+02  5.1324E-02  2.5739E-03
  2.2955E+02  5.1398E-02  2.5763E-03
  2.2969E+02  5.1476E-02  2.5785E-03
  2.2984E+02  5.1558E-02  2.5804E-03
  2.2998E+02  5.1642E-02  2.5819E-03
  2.3012E+02  5.1728E-02  2.5832E-03
  2.3027E+02  5.1815E-02  2.5841E-03
  2.3041E+02  5.1902E-02  2.5847E-03
  2.3055E+02  5.1988E-02  2.5850E-03
  2.3070E+02  5.2073E-02  2.5850E-03
  2.3084E+02  5.2156E-02  2.5847E-03
  2.3098E+02  5.2235E-02  2.5840E-03
  2.3112E+02  5.2311E-02  2.5831E-03
  2.3127E+02  5.2383E-02  2.5818E-03
  2.3141E+02  5.2450E-02  2.5802E-03
  2.3155E+02  5.2511E-02  2.5783E-03
  2.3170E+02  5.2566E-02  2.5761E-03
  2.3184E+02  5.2614E-02  2.5736E-03
  2.3198E+02  5.2656E-02  2.5708E-03
  2.3213E+02  5.2690E-02  2.5677E-03
  2.3227E+02  5.2717E-02  2.5644E-03
  2.3241E+02  5.2737E-02  2.5608E-03
  2.3256E+02  5.2748E-02  2.5570E-03
  2.3270E+02  5.2752E-02  2.5529E-03
  2.3284E+02  5.2748E-02  2.5486E-03
  2.3299E+02  5.2737E-02  2.5440E-03
  2.3313E+02  5.2718E-02  2.5393E-03
  2.3327E+02  5.2692E-02  2.5344E-03
  2.3342E+02  5.2660E-02  2.5294E-03
  2.3356E+02  5.2620E-02  2.5241E-03
  2.3370E+02  5.2574E-02  2.5188E-03
  2.3385E+02  5.2523E-02  2.5134E-03
  2.3399E+02  5.2465E-02  2.5078E-03
  2.3413E+02  5.2403E-02  2.5022E-03
  2.3428E+02  5.2336E-02  2.4966E-03
  2.3442E+02  5.2265E-02  2.4909E-03
  2.3456E+02  5.2190E-02  2.4851E-03
  2.3470E+02  5.2111E-02  2.4794E-03
  2.3485E+02  5.2030E-02  2.4737E-03
  2.3499E+02  5.1947E-02  2.4680E-03
  2.3513E+02  5.1861E-02  2.4624E-03
  2.3528E+02  5.1775E-02  2.4569E-03
  2.3542E+02  5.1687E-02  2.4515E-03
  2.3556E+02  5.1600E-02  2.4461E-03
  2.3571E+02  5.1512E-02  2.4409E-03
  2.3585E+02  5.1425E-02  2.4359E-03
  2.3599E+02  5.1339E-02  2.4310E-03
  2.3614E+02  5.1255E-02  2.4263E-03
  2.3628E+02  5.1173E-02  2.4218E-03
  2.3642E+02  5.1093E-02  2.4175E-03
  2.3657E+02  5.1017E-02  2.4134E-03
  2.3671E+02  5.0944E-02  2.4096E-03
  2.3685E+02  5.0874E-02  2.4060E-03
  2.3700E+02  5.0809E-02  2.4027E-03
  2.3714E+02  5.0748E-02  2.3996E-03
  2.3728E+02  5.0692E-02  2.3969E-03
  2.3743E+02  5.0641E-02  2.3944E-03
  2.3757E+02  5.0595E-02  2.3922E-03
  2.3771E+02  5.0555E-02  2.3904E-03
  2.3786E+02  5.0520E-02  2.3888E-03
  2.3800E+02  5.0491E-02  2.3876E-03
  2.3814E+02  5.0468E-02  2.3867E-03
  2.3828E+02  5.0451E-02  2.3862E-03
  2.3843E+02  5.0439E-02  2.3860E-03
  2.3857E+02  5.0433E-02  2.3861E-03
  2.3871E+02  5.0433E-02  2.3866E-03
  2.3886E+02  5.0438E-02  2.3874E-03
  2.3900E+02  5.0448E-02  2.3886E-03
  2.3914E+02  5.0464E-02  2.3902E-03
  2.3929E+02  5.0484E-02  2.3921E-03
  2.3943E+02  5.0508E-02  2.3943E-03
  2.3957E+02  5.0537E-02  2.3970E-03
  2.3972E+02  5.0570E-02  2.4000E-03
  2.3986E+02  5.0606E-02  2.4033E-03
  2.4000E+02  5.0645E-02  2.4070E-03
  2.4015E+02  5.0686E-02  2.4111E-03
  2.4029E+02  5.0730E-02  2.4155E-03
  2.4043E+02  5.0776E-02  2.4203E-03
  2.4058E+02  5.0823E-02  2.4254E-03
  2.4072E+02  5.0871E-02  2.4309E-03
  2.4086E+02  5.0920E-02  2.4367E-03
  2.4101E+02  5.0969E-02  2.4428E-03
  2.4115E+02  5.1018E-02  2.4492E-03
  2.4129E+02  5.1067E-02  2.4559E-03
  2.4144E+02  5.1114E-02  2.4629E-03
  2.4158E+02  5.1160E-02  2.4702E-03
  2.4172E+02  5.1204E-02  2.4777E-03
  2.4186E+02  5.1246E-02  2.4855E-03
  2.4201E+02  5.1285E-02  2.4935E-03
  2.4215E+02  5.1322E-02  2.5017E-03
  2.4229E+02  5.1356E-02  2.5100E-03
  2.4244E+02  5.1387E-02  2.5186E-03
  2.4258E+02  5.1414E-02  2.5273E-03
  2.4272E+02  5.1437E-02  2.5361E-03
  2.4287E+02  5.1457E-02  2.5450E-03
  2.4301E+02  5.1472E-02  2.5540E-03
  2.4315E+02  5.1483E-02  2.5631E-03
  2.4330E+02  5.1490E-02  2.5722E-03
  2.4344E+02  5.1493E-02  2.5813E-03
  2.4358E+02  5.1491E-02  2.5904E-03
  2.4373E+02  5.1485E-02  2.5994E-03
  2.4387E+02  5.1475E-02  2.6084E-03
  2.4401E+02  5.1460E-02  2.6173E-03
  2.4416E+02  5.1442E-02  2.6262E-03
  2.4430E+02  5.1419E-02  2.6349E-03
  2.4444E+02  5.1393E-02  2.6434E-03
  2.4459E+02  5.1364E-02  2.6518E-03
  2.4473E+02  5.1331E-02  2.6601E-03
  2.4487E+02  5.1296E-02  2.6681E-03
  2.4502E+02  5.1258E-02  2.6759E-03
  2.4516E+02  5.1218E-02  2.6835E-03
  2.4530E+02  5.1177E-02  2.6909E-03
  2.4544E+02  5.1134E-02  2.6980E-03
  2.4559E+02  5.1090E-02  2.7048E-03
  2.4573E+02  5.1046E-02  2.7114E-03
  2.4587E+02  5.1002E-02  2.7176E-03
  2.4602E+02  5.0958E-02  2.7236E-03
  2.4616E+02  5.0915E-02  2.7292E-03
  2.4630E+02  5.0873E-02  2.7345E-03
  2.4645E+02  5.0833E-02  2.7395E-03
  2.4659E+02  5.0795E-02  2.7441E-03
  2.4673E+02  5.0760E-02  2.7485E-03
  2.4688E+02  5.0727E-02  2.7525E-03
  2.4702E+02  5.0697E-02  2.7561E-03
  2.4716E+02  5.0670E-02  2.7594E-03
  2.4731E+02  5.0646E-02  2.7624E-03
  2.4745E+02  5.0626E-02  2.7650E-03
  2.4759E+02  5.0610E-02  2.7673E-03
  2.4774E+02  5.0597E-02  2.7692E-03
  2.4788E+02  5.0588E-02  2.7709E-03
  2.4802E+02  5.0582E-02  2.7721E-03
  2.4817E+02  5.0580E-02  2.7731E-03
  2.4831E+02  5.0581E-02  2.7737E-03
  2.4845E+02  5.0584E-02  2.7740E-03
  2.4860E+02  5.0591E-02  2.7740E-03
  2.4874E+02  5.0601E-02  2.7737E-03
  2.4888E+02  5.0612E-02  2.7730E-03
  2.4902E+02  5.0626E-02  2.7721E-03
  2.4917E+02  5.0642E-02  2.7709E-03
  2.4931E+02  5.0659E-02  2.7694E-03
  2.4945E+02  5.0677E-02  2.7676E-03
  2.4960E+02  5.0696E-02  2.7656E-03
  2.4974E+02  5.0715E-02  2.7633E-03
  2.4988E+02  5.0735E-02  2.7608E-03
  2.5003E+02  5.0755E-02  2.7580E-03
  2.5017E+02  5.0775E-02  2.7550E-03
  2.5031E+02  5.0795E-02  2.7518E-03
  2.5046E+02  5.0814E-02  2.7483E-03
  2.5060E+02  5.0832E-02  2.7447E-03
  2.5074E+02  5.0850E-02  2.7408E-03
  2.5089E+02  5.0868E-02  2.7367E-03
  2.5103E+02  5.0884E-02  2.7325E-03
  2.5117E+02  5.0900E-02  2.7281E-03
  2.5132E+02  5.0915E-02  2.7236E-03
  2.5146E+02  5.0930E-02  2.7189E-03
  2.5160E+02  5.0944E-02  2.7140E-03
  2.5175E+02  5.0958E-02  2.7090E-03
  2.5189E+02  5.0972E-02  2.7039E-03
  2.5203E+02  5.0985E-02  2.6987E-03
  2.5218E+02  5.0999E-02  2.6935E-03
  2.5232E+02  5.1012E-02  2.6881E-03
  2.5246E+02  5.1026E-02  2.6826E-03
  2.5260E+02  5.1040E-02  2.6771E-03
  2.5275E+02  5.1054E-02  2.6716E-03
  2.5289E+02  5.1069E-02  2.6659E-03
  2.5303E+02  5.1084E-02  2.6603E-03
  2.5318E+02  5.1100E-02  2.6547E-03
  2.5332E+02  5.1116E-02  2.6491E-03
  2.5346E+02  5.1133E-02  2.6435E-03
  2.5361E+02  5.1150E-02  2.6379E-03
  2.5375E+02  5.1167E-02  2.6324E-03
  2.5389E+02  5.1184E-02  2.6269E-03
  2.5404E+02  5.1202E-02  2.6216E-03
  2.5418E+02  5.1219E-02  2.6163E-03
  2.5432E+02  5.1237E-02  2.6111E-03
  2.5447E+02  5.1254E-02  2.6060E-03
  2.5461E+02  5.1271E-02  2.6011E-03
  2.5475E+02  5.1288E-02  2.5964E-03
  2.5490E+02  5.1304E-02  2.5918E-03
  2.5504E+02  5.1320E-02  2.5874E-03
  2.5518E+02  5.1335E-02  2.5832E-03
  2.5533E+02  5.1350E-02  2.5792E-03
  2.5547E+02  5.1364E-02  2.5754E-03
  2.5561E+02  5.1377E-02  2.5718E-03
  2.5576E+02  5.1390E-02  2.5685E-03
  2.5590E+02  5.1402E-02  2.5655E-03
  2.5604E+02  5.1413E-02  2.5627E-03
  2.5618E+02  5.1424E-02  2.5602E-03
  2.5633E+02  5.1435E-02  2.5579E-03
  2.5647E+02  5.1444E-02  2.5560E-03
  2.5661E+02  5.1454E-02  2.5543E-03
  2.5676E+02  5.1463E-02  2.5529E-03
  2.5690E+02  5.1471E-02  2.5518E-03
  2.5704E+02  5.1479E-02  2.5511E-03
  2.5719E+02  5.1487E-02  2.5506E-03
  2.5733E+02  5.1494E-02  2.5504E-03
  2.5747E+02  5.1501E-02  2.5506E-03
  2.5762E+02  5.1507E-02  2.5510E-03
  2.5776E+02  5.1513E-02  2.5517E-03
  2.5790E+02  5.1519E-02  2.5528E-03
  2.5805E+02  5.1524E-02  2.5541E-03
  2.5819E+02  5.1528E-02  2.5557E-03
  2.5833E+02  5.1532E-02  2.5575E-03
  2.5848E+02  5.1535E-02  2.5597E-03
  2.5862E+02  5.1537E-02  2.5621E-03
  2.5876E+02  5.1537E-02  2.5648E-03
  2.5891E+02  5.1537E-02  2.5677E-03
  2.5905E+02  5.1536E-02  2.5708E-03
  2.5919E+02  5.1533E-02  2.5742E-03
  2.5934E+02  5.1528E-02  2.5778E-03
  2.5948E+02  5.1522E-02  2.5816E-03
  2.5962E+02  5.1515E-02  2.5856E-03
  2.5976E+02  5.1506E-02  2.5898E-03
  2.5991E+02  5.1495E-02  2.5942E-03
  2.6005E+02  5.1482E-02  2.5988E-03
  2.6019E+02  5.1467E-02  2.6035E-03
  2.6034E+02  5.1451E-02  2.6084E-03
  2.6048E+02  5.1433E-02  2.6134E-03
  2.6062E+02  5.1413E-02  2.6186E-03
  2.6077E+02  5.1391E-02  2.6239E-03
  2.6091E+02  5.1368E-02  2.6293E-03
  2.6105E+02  5.1343E-02  2.6348E-03
  2.6120E+02  5.1317E-02  2.6404E-03
  2.6134E+02  5.1289E-02  2.6461E-03
  2.6148E+02  5.1260E-02  2.6519E-03
  2.6163E+02  5.1231E-02  2.6577E-03
  2.6177E+02  5.1200E-02  2.6637E-03
  2.6191E+02  5.1168E-02  2.6697E-03
  2.6206E+02  5.1136E-02  2.6757E-03
  2.6220E+02  5.1103E-02  2.6818E-03
  2.6234E+02  5.1070E-02  2.6879E-03
  2.6249E+02  5.1037E-02  2.6940E-03
  2.6263E+02  5.1003E-02  2.7002E-03
  2.6277E+02  5.0970E-02  2.7064E-03
  2.6292E+02  5.0937E-02  2.7125E-03
  2.6306E+02  5.0905E-02  2.7187E-03
  2.6320E+02  5.0873E-02  2.7248E-03
  2.6334E+02  5.0842E-02  2.7310E-03
  2.6349E+02  5.0812E-02  2.7371E-03
  2.6363E+02  5.0783E-02  2.7431E-03
  2.6377E+02  5.0756E-02  2.7491E-03
  2.6392E+02  5.0730E-02  2.7551E-03
  2.6406E+02  5.0707E-02  2.7610E-03
  2.6420E+02  5.0685E-02  2.7668E-03
  2.6435E+02  5.0665E-02  2.7725E-03
  2.6449E+02  5.0648E-02  2.7781E-03
  2.6463E+02  5.0633E-02  2.7837E-03
  2.6478E+02  5.0622E-02  2.7891E-03
  2.6492E+02  5.0613E-02  2.7945E-03
  2.6506E+02  5.0608E-02  2.7997E-03
  2.6521E+02  5.0606E-02  2.8047E-03
  2.6535E+02  5.0607E-02  2.8097E-03
  2.6549E+02  5.0613E-02  2.8145E-03
  2.6564E+02  5.0622E-02  2.8191E-03
  2.6578E+02  5.0635E-02  2.8236E-03
  2.6592E+02  5.0653E-02  2.8280E-03
  2.6607E+02  5.0674E-02  2.8321E-03
  2.6621E+02  5.0699E-02  2.8361E-03
  2.6635E+02  5.0729E-02  2.8399E-03
  2.6650E+02  5.0762E-02  2.8435E-03
  2.6664E+02  5.0799E-02  2.8470E-03
  2.6678E+02  5.0840E-02  2.8502E-03
  2.6692E+02  5.0884E-02  2.8532E-03
  2.6707E+02  5.0932E-02  2.8561E-03
  2.6721E+02  5.0982E-02  2.8587E-03
  2.6735E+02  5.1036E-02  2.8611E-03
  2.6750E+02  5.1091E-02  2.8633E-03
  2.6764E+02  5.1148E-02  2.8654E-03
  2.6778E+02  5.1206E-02  2.8672E-03
  2.6793E+02  5.1266E-02  2.8688E-03
  2.6807E+02  5.1326E-02  2.8702E-03
  2.6821E+02  5.1386E-02  2.8714E-03
  2.6836E+02  5.1445E-02  2.8724E-03
  2.6850E+02  5.1503E-02  2.8732E-03
  2.6864E+02  5.1560E-02  2.8739E-03
  2.6879E+02  5.1615E-02  2.8743E-03
  2.6893E+02  5.1667E-02  2.8746E-03
  2.6907E+02  5.1716E-02  2.8747E-03
  2.6922E+02  5.1762E-02  2.8747E-03
  2.6936E+02  5.1804E-02  2.8744E-03
  2.6950E+02  5.1841E-02  2.8741E-03
  2.6965E+02  5.1874E-02  2.8736E-03
  2.6979E+02  5.1902E-02  2.8730E-03
  2.6993E+02  5.1925E-02  2.8723E-03
  2.7008E+02  5.1943E-02  2.8715E-03
  2.7022E+02  5.1954E-02  2.8705E-03
  2.7036E+02  5.1961E-02  2.8695E-03
  2.7050E+02  5.1961E-02  2.8684E-03
  2.7065E+02  5.1956E-02  2.8672E-03
  2.7079E+02  5.1944E-02  2.8660E-03
  2.7093E+02  5.1927E-02  2.8647E-03
  2.7108E+02  5.1905E-02  2.8634E-03
  2.7122E+02  5.1877E-02  2.8621E-03
  2.7136E+02  5.1844E-02  2.8607E-03
  2.7151E+02  5.1806E-02  2.8593E-03
  2.7165E+02  5.1763E-02  2.8579E-03
  2.7179E+02  5.1716E-02  2.8565E-03
  2.7194E+02  5.1664E-02  2.8551E-03
  2.7208E+02  5.1609E-02  2.8538E-03
  2.7222E+02  5.1551E-02  2.8524E-03
  2.7237E+02  5.1489E-02  2.8510E-03
  2.7251E+02  5.1425E-02  2.8497E-03
  2.7265E+02  5.1359E-02  2.8484E-03
  2.7280E+02  5.1291E-02  2.8471E-03
  2.7294E+02  5.1222E-02  2.8459E-03
  2.7308E+02  5.1151E-02  2.8447E-03
  2.7323E+02  5.1081E-02  2.8435E-03
  2.7337E+02  5.1010E-02  2.8423E-03
  2.7351E+02  5.0939E-02  2.8412E-03
  2.7366E+02  5.0869E-02  2.8401E-03
  2.7380E+02  5.0801E-02  2.8391E-03
  2.7394E+02  5.0733E-02  2.8381E-03
  2.7408E+02  5.0667E-02  2.8371E-03
  2.7423E+02  5.0603E-02  2.8361E-03
  2.7437E+02  5.0542E-02  2.8352E-03
  2.7451E+02  5.0483E-02  2.8343E-03
  2.7466E+02  5.0427E-02  2.8334E-03
  2.7480E+02  5.0374E-02  2.8326E-03
  2.7494E+02  5.0324E-02  2.8318E-03
  2.7509E+02  5.0277E-02  2.8310E-03
  2.7523E+02  5.0234E-02  2.8302E-03
  2.7537E+02  5.0194E-02  2.8295E-03
  2.7552E+02  5.0158E-02  2.8288E-03
  2.7566E+02  5.0126E-02  2.8281E-03
  2.7580E+02  5.0098E-02  2.8274E-03
  2.7595E+02  5.0073E-02  2.8268E-03
  2.7609E+02  5.0052E-02  2.8262E-03
  2.7623E+02  5.0035E-02  2.8256E-03
  2.7638E+02  5.0022E-02  2.8250E-03
  2.7652E+02  5.0013E-02  2.8245E-03
  2.7666E+02  5.0007E-02  2.8241E-03
  2.7681E+02  5.0004E-02  2.8236E-03
  2.7695E+02  5.0006E-02  2.8232E-03
  2.7709E+02  5.0010E-02  2.8229E-03
  2.7724E+02  5.0018E-02  2.8226E-03
  2.7738E+02  5.0029E-02  2.8224E-03
  2.7752E+02  5.0043E-02  2.8222E-03
  2.7766E+02  5.0060E-02  2.8221E-03
  2.7781E+02  5.0080E-02  2.8220E-03
  2.7795E+02  5.0102E-02  2.8221E-03
  2.7809E+02  5.0126E-02  2.8222E-03
  2.7824E+02  5.0153E-02  2.8224E-03
  2.7838E+02  5.0182E-02  2.8227E-03
  2.7852E+02  5.0212E-02  2.8231E-03
  2.7867E+02  5.0244E-02  2.8236E-03
  2.7881E+02  5.0278E-02  2.8242E-03
  2.7895E+02  5.0313E-02  2.8249E-03
  2.7910E+02  5.0349E-02  2.8257E-03
  2.7924E+02  5.0385E-02  2.8267E-03
  2.7938E+02  5.0423E-02  2.8278E-03
  2.7953E+02  5.0460E-02  2.8290E-03
  2.7967E+02  5.0498E-02  2.8303E-03
  2.7981E+02  5.0536E-02  2.8318E-03
  2.7996E+02  5.0574E-02  2.8334E-03
  2.8010E+02  5.0611E-02  2.8351E-03
  2.8024E+02  5.0648E-02  2.8369E-03
  2.8039E+02  5.0684E-02  2.8389E-03
  2.8053E+02  5.0719E-02  2.8410E-03
  2.8067E+02  5.0753E-02  2.8433E-03
  2.8082E+02  5.0785E-02  2.8457E-03
  2.8096E+02  5.0817E-02  2.8482E-03
  2.8110E+02  5.0846E-02  2.8508E-03
  2.8124E+02  5.0874E-02  2.8535E-03
  2.8139E+02  5.0900E-02  2.8563E-03
  2.8153E+02  5.0924E-02  2.8592E-03
  2.8167E+02  5.0946E-02  2.8622E-03
  2.8182E+02  5.0965E-02  2.8653E-03
  2.8196E+02  5.0983E-02  2.8684E-03
  2.8210E+02  5.0997E-02  2.8716E-03
  2.8225E+02  5.1009E-02  2.8749E-03
  2.8239E+02  5.1019E-02  2.8782E-03
  2.8253E+02  5.1026E-02  2.8815E-03
  2.8268E+02  5.1030E-02  2.8848E-03
  2.8282E+02  5.1031E-02  2.8881E-03
  2.8296E+02  5.1029E-02  2.8915E-03
  2.8311E+02  5.1024E-02  2.8948E-03
  2.8325E+02  5.1017E-02  2.8980E-03
  2.8339E+02  5.1006E-02  2.9013E-03
  2.8354E+02  5.0991E-02  2.9044E-03
  2.8368E+02  5.0974E-02  2.9075E-03
  2.8382E+02  5.0953E-02  2.9106E-03
  2.8397E+02  5.0929E-02  2.9135E-03
  2.8411E+02  5.0902E-02  2.9164E-03
  2.8425E+02  5.0872E-02  2.9191E-03
  2.8440E+02  5.0838E-02  2.9218E-03
  2.8454E+02  5.0801E-02  2.9244E-03
  2.8468E+02  5.0762E-02  2.9268E-03
  2.8482E+02  5.0719E-02  2.9291E-03
  2.8497E+02  5.0673E-02  2.9313E-03
  2.8511E+02  5.0625E-02  2.9334E-03
  2.8525E+02  5.0574E-02  2.9353E-03
  2.8540E+02  5.0521E-02  2.9371E-03
  2.8554E+02  5.0466E-02  2.9388E-03
  2.8568E+02  5.0409E-02  2.9404E-03
  2.8583E+02  5.0350E-02  2.9419E-03
  2.8597E+02  5.0291E-02  2.9432E-03
  2.8611E+02  5.0230E-02  2.9444E-03
  2.8626E+02  5.0168E-02  2.9456E-03
  2.8640E+02  5.0107E-02  2.9466E-03
  2.8654E+02  5.0045E-02  2.9475E-03
  2.8669E+02  4.9985E-02  2.9483E-03
  2.8683E+02  4.9925E-02  2.9491E-03
  2.8697E+02  4.9866E-02  2.9497E-03
  2.8712E+02  4.9809E-02  2.9503E-03
  2.8726E+02  4.9754E-02  2.9509E-03
  2.8740E+02  4.9702E-02  2.9514E-03
  2.8755E+02  4.9652E-02  2.9518E-03
  2.8769E+02  4.9606E-02  2.9522E-03
  2.8783E+02  4.9563E-02  2.9526E-03
  2.8798E+02  4.9524E-02  2.9530E-03
  2.8812E+02  4.9489E-02  2.9534E-03
  2.8826E+02  4.9458E-02  2.9537E-03
  2.8840E+02  4.9432E-02  2.9541E-03
  2.8855E+02  4.9411E-02  2.9545E-03
  2.8869E+02  4.9394E-02  2.9549E-03
  2.8883E+02  4.9383E-02  2.9553E-03
  2.8898E+02  4.9376E-02  2.9557E-03
  2.8912E+02  4.9374E-02  2.9562E-03
  2.8926E+02  4.9377E-02  2.9568E-03
  2.8941E+02  4.9384E-02  2.9573E-03
  2.8955E+02  4.9396E-02  2.9580E-03
  2.8969E+02  4.9413E-02  2.9586E-03
  2.8984E+02  4.9433E-02  2.9594E-03
  2.8998E+02  4.9458E-02  2.9601E-03
  2.9012E+02  4.9486E-02  2.9610E-03
  2.9027E+02  4.9517E-02  2.9619E-03
  2.9041E+02  4.9551E-02  2.9628E-03
  2.9055E+02  4.9588E-02  2.9639E-03
  2.9070E+02  4.9627E-02  2.9649E-03
  2.9084E+02  4.9668E-02  2.9660E-03
  2.9098E+02  4.9710E-02  2.9672E-03
  2.9113E+02  4.9753E-02  2.9684E-03
  2.9127E+02  4.9796E-02  2.9697E-03
  2.9141E+02  4.9840E-02  2.9710E-03
  2.9156E+02  4.9883E-02  2.9723E-03
  2.9170E+02  4.9926E-02  2.9737E-03
  2.9184E+02  4.9968E-02  2.9750E-03
  2.9198E+02  5.0009E-02  2.9764E-03
  2.9213E+02  5.0048E-02  2.9778E-03
  2.9227E+02  5.0085E-02  2.9792E-03
  2.9241E+02  5.0120E-02  2.9807E-03
  2.9256E+02  5.0153E-02  2.9821E-03
  2.9270E+02  5.0184E-02  2.9835E-03
  2.9284E+02  5.0212E-02  2.9849E-03
  2.9299E+02  5.0237E-02  2.9862E-03
  2.9313E+02  5.0260E-02  2.9876E-03
  2.9327E+02  5.0281E-02  2.9889E-03
  2.9342E+02  5.0298E-02  2.9902E-03
  2.9356E+02  5.0313E-02  2.9914E-03
  2.9370E+02  5.0326E-02  2.9926E-03
  2.9385E+02  5.0336E-02  2.9938E-03
  2.9399E+02  5.0345E-02  2.9949E-03
  2.9413E+02  5.0351E-02  2.9960E-03
  2.9428E+02  5.0356E-02  2.9970E-03
  2.9442E+02  5.0359E-02  2.9980E-03
  2.9456E+02  5.0361E-02  2.9989E-03
  2.9471E+02  5.0361E-02  2.9998E-03
  2.9485E+02  5.0361E-02  3.0007E-03
  2.9499E+02  5.0360E-02  3.0015E-03
  2.9514E+02  5.0359E-02  3.0023E-03
  2.9528E+02  5.0358E-02  3.0030E-03
  2.9542E+02  5.0357E-02  3.0037E-03
  2.9556E+02  5.0356E-02  3.0044E-03
  2.9571E+02  5.0355E-02  3.0050E-03
  2.9585E+02  5.0356E-02  3.0057E-03
  2.9599E+02  5.0357E-02  3.0063E-03
  2.9614E+02  5.0360E-02  3.0069E-03
  2.9628E+02  5.0363E-02  3.0075E-03
  2.9642E+02  5.0368E-02  3.0081E-03
  2.9657E+02  5.0375E-02  3.0088E-03
  2.9671E+02  5.0383E-02  3.0094E-03
  2.9685E+02  5.0392E-02  3.0101E-03
  2.9700E+02  5.0404E-02  3.0108E-03
  2.9714E+02  5.0417E-02  3.0115E-03
  2.9728E+02  5.0431E-02  3.0123E-03
  2.9743E+02  5.0447E-02  3.0131E-03
  2.9757E+02  5.0464E-02  3.0140E-03
  2.9771E+02  5.0483E-02  3.0150E-03
  2.9786E+02  5.0504E-02  3.0160E-03
  2.9800E+02  5.0525E-02  3.0171E-03
  2.9814E+02  5.0548E-02  3.0182E-03
  2.9829E+02  5.0571E-02  3.0195E-03
  2.9843E+02  5.0596E-02  3.0208E-03
  2.9857E+02  5.0621E-02  3.0221E-03
  2.9872E+02  5.0646E-02  3.0236E-03
  2.9886E+02  5.0672E-02  3.0252E-03
  2.9900E+02  5.0697E-02  3.0268E-03
  2.9914E+02  5.0723E-02  3.0285E-03
  2.9929E+02  5.0748E-02  3.0303E-03
  2.9943E+02  5.0772E-02  3.0322E-03
  2.9957E+02  5.0796E-02  3.0341E-03
  2.9972E+02  5.0819E-02  3.0361E-03
  2.9986E+02  5.0841E-02  3.0382E-03
  3.0000E+02  5.0861E-02  3.0404E-03
