# CREATED BY GENE DIAGNOSTICS TOOL on Fri Dec 11 19:06:44 2020
# diag: gamdiag, run(s): 0011, time window: 0-1500(1403 steps), species: ions
# original data path: /marconi_scratch/userexternal/cmoreno0/GAM_HP_scan/LHD_s0.25_alpha-0_npol3_nz0768/
# normalization: L_ref=1.65m
#
# xind= 0, x/a= 0.5, q= 2.1464562
# Fit:    0.048353614,1489.829,-4846.7809
# Analytic (Gao, Zhou/Yu): 0.078523524,0.37133596,2.4501048
#  t          Re[phi]     Im[phi]   
  0.0000E+00  9.9998E-01  0.0000E+00
  1.0700E+00  8.7228E-01 -1.4310E-03
  2.1400E+00  7.0024E-01 -2.4672E-03
  3.2100E+00  4.6542E-01 -2.9815E-03
  4.2800E+00  2.2609E-01 -2.9025E-03
  5.3500E+00  1.7529E-02 -2.2767E-03
  6.4200E+00 -1.3527E-01 -1.2453E-03
  7.4900E+00 -2.2288E-01 -1.6567E-05
  8.5600E+00 -2.4870E-01  1.1763E-03
  9.6300E+00 -2.2454E-01  2.1304E-03
  1.0700E+01 -1.6720E-01  2.7004E-03
  1.1770E+01 -9.4858E-02  2.8298E-03
  1.2840E+01 -2.2715E-02  2.5479E-03
  1.3910E+01  3.8436E-02  1.9615E-03
  1.4980E+01  7.9132E-02  1.1718E-03
  1.6050E+01  9.7780E-02  4.8189E-04
  1.7120E+01  1.0321E-01 -2.3149E-04
  1.8190E+01  9.2587E-02 -6.7339E-04
  1.9260E+01  8.0552E-02 -9.7309E-04
  2.0330E+01  6.6153E-02 -1.1354E-03
  2.1400E+01  5.7803E-02 -1.2169E-03
  2.2470E+01  5.7231E-02 -1.2952E-03
  2.3540E+01  6.4716E-02 -1.4225E-03
  2.4610E+01  7.8014E-02 -1.6082E-03
  2.5680E+01  9.3859E-02 -1.8347E-03
  2.6750E+01  1.0875E-01 -2.0576E-03
  2.7820E+01  1.1945E-01 -2.2184E-03
  2.8890E+01  1.2391E-01 -2.2607E-03
  2.9960E+01  1.2126E-01 -2.1457E-03
  3.1030E+01  1.1121E-01 -1.8687E-03
  3.2100E+01  9.7026E-02 -1.4539E-03
  3.3170E+01  7.8150E-02 -9.2286E-04
  3.4240E+01  5.9195E-02 -3.4877E-04
  3.5310E+01  4.2446E-02  2.2986E-04
  3.6380E+01  2.8083E-02  6.8560E-04
  3.7450E+01  1.8886E-02  1.0521E-03
  3.8520E+01  1.4198E-02  1.2422E-03
  3.9590E+01  1.4247E-02  1.2727E-03
  4.0660E+01  1.7842E-02  1.1457E-03
  4.1730E+01  2.3803E-02  8.9695E-04
  4.2800E+01  3.1075E-02  5.6270E-04
  4.3870E+01  3.8881E-02  1.7522E-04
  4.4940E+01  4.6716E-02 -2.1381E-04
  4.6010E+01  5.3739E-02 -5.8441E-04
  4.7080E+01  5.9558E-02 -9.1574E-04
  4.8150E+01  6.3193E-02 -1.1851E-03
  4.9220E+01  6.5678E-02 -1.3980E-03
  5.0290E+01  6.7122E-02 -1.5526E-03
  5.1360E+01  6.8758E-02 -1.6484E-03
  5.2430E+01  7.0752E-02 -1.7073E-03
  5.3500E+01  7.2493E-02 -1.7165E-03
  5.4570E+01  7.3248E-02 -1.6872E-03
  5.5640E+01  7.2022E-02 -1.6207E-03
  5.6710E+01  6.9191E-02 -1.5113E-03
  5.7780E+01  6.5448E-02 -1.3657E-03
  5.8850E+01  6.1752E-02 -1.1854E-03
  5.9920E+01  5.8837E-02 -9.8354E-04
  6.0990E+01  5.6791E-02 -7.7425E-04
  6.2060E+01  5.5199E-02 -5.7268E-04
  6.3130E+01  5.3497E-02 -3.9078E-04
  6.4200E+01  5.1386E-02 -2.4686E-04
  6.5270E+01  4.8773E-02 -1.4481E-04
  6.6340E+01  4.6227E-02 -9.0511E-05
  6.7410E+01  4.4209E-02 -8.6613E-05
  6.8480E+01  4.3172E-02 -1.2484E-04
  6.9550E+01  4.3332E-02 -2.0575E-04
  7.0620E+01  4.4649E-02 -3.1660E-04
  7.1690E+01  4.6727E-02 -4.5610E-04
  7.2760E+01  4.9163E-02 -6.1083E-04
  7.3830E+01  5.1639E-02 -7.7379E-04
  7.4900E+01  5.3887E-02 -9.3208E-04
  7.5970E+01  5.5827E-02 -1.0797E-03
  7.7040E+01  5.7360E-02 -1.2048E-03
  7.8110E+01  5.8412E-02 -1.3034E-03
  7.9180E+01  5.9036E-02 -1.3718E-03
  8.0250E+01  5.9231E-02 -1.4076E-03
  8.1320E+01  5.9039E-02 -1.4131E-03
  8.2390E+01  5.8395E-02 -1.3909E-03
  8.3460E+01  5.7374E-02 -1.3446E-03
  8.4530E+01  5.6127E-02 -1.2781E-03
  8.5600E+01  5.4927E-02 -1.1987E-03
  8.6670E+01  5.3924E-02 -1.1107E-03
  8.7740E+01  5.3161E-02 -1.0230E-03
  8.8810E+01  5.2530E-02 -9.3952E-04
  8.9880E+01  5.2000E-02 -8.6675E-04
  9.0950E+01  5.1594E-02 -8.0857E-04
  9.2020E+01  5.1368E-02 -7.6783E-04
  9.3090E+01  5.1252E-02 -7.4629E-04
  9.4160E+01  5.1062E-02 -7.4384E-04
  9.5230E+01  5.0616E-02 -7.5792E-04
  9.6300E+01  4.9990E-02 -7.8624E-04
  9.7370E+01  4.9440E-02 -8.2500E-04
  9.8440E+01  4.9298E-02 -8.7267E-04
  9.9510E+01  4.9666E-02 -9.2700E-04
  1.0058E+02  5.0391E-02 -9.8649E-04
  1.0165E+02  5.1116E-02 -1.0481E-03
  1.0272E+02  5.1564E-02 -1.1091E-03
  1.0379E+02  5.1711E-02 -1.1659E-03
  1.0486E+02  5.1817E-02 -1.2167E-03
  1.0593E+02  5.2151E-02 -1.2594E-03
  1.0700E+02  5.2703E-02 -1.2935E-03
  1.0807E+02  5.3150E-02 -1.3170E-03
  1.0914E+02  5.3132E-02 -1.3290E-03
  1.1021E+02  5.2545E-02 -1.3282E-03
  1.1128E+02  5.1632E-02 -1.3156E-03
  1.1235E+02  5.0784E-02 -1.2931E-03
  1.1342E+02  5.0326E-02 -1.2647E-03
  1.1449E+02  5.0337E-02 -1.2345E-03
  1.1556E+02  5.0668E-02 -1.2068E-03
  1.1663E+02  5.1008E-02 -1.1844E-03
  1.1770E+02  5.1077E-02 -1.1687E-03
  1.1877E+02  5.0783E-02 -1.1599E-03
  1.1984E+02  5.0268E-02 -1.1569E-03
  1.2091E+02  4.9812E-02 -1.1592E-03
  1.2198E+02  4.9644E-02 -1.1659E-03
  1.2305E+02  4.9813E-02 -1.1775E-03
  1.2412E+02  5.0142E-02 -1.1938E-03
  1.2519E+02  5.0361E-02 -1.2142E-03
  1.2626E+02  5.0305E-02 -1.2372E-03
  1.2733E+02  5.0043E-02 -1.2611E-03
  1.2840E+02  4.9812E-02 -1.2851E-03
  1.2947E+02  4.9777E-02 -1.3089E-03
  1.3054E+02  4.9914E-02 -1.3328E-03
  1.3161E+02  5.0076E-02 -1.3565E-03
  1.3268E+02  5.0164E-02 -1.3793E-03
  1.3375E+02  5.0156E-02 -1.3997E-03
  1.3482E+02  5.0037E-02 -1.4167E-03
  1.3589E+02  4.9765E-02 -1.4290E-03
  1.3696E+02  4.9354E-02 -1.4361E-03
  1.3803E+02  4.8960E-02 -1.4382E-03
  1.3910E+02  4.8803E-02 -1.4367E-03
  1.4017E+02  4.8991E-02 -1.4339E-03
  1.4124E+02  4.9409E-02 -1.4318E-03
  1.4231E+02  4.9775E-02 -1.4316E-03
  1.4338E+02  4.9819E-02 -1.4332E-03
  1.4445E+02  4.9462E-02 -1.4357E-03
  1.4552E+02  4.8861E-02 -1.4384E-03
  1.4659E+02  4.8308E-02 -1.4412E-03
  1.4766E+02  4.8038E-02 -1.4449E-03
  1.4873E+02  4.8083E-02 -1.4503E-03
  1.4980E+02  4.8292E-02 -1.4580E-03
  1.5087E+02  4.8472E-02 -1.4678E-03
  1.5194E+02  4.8539E-02 -1.4789E-03
  1.5301E+02  4.8551E-02 -1.4908E-03
  1.5408E+02  4.8596E-02 -1.5033E-03
  1.5515E+02  4.8678E-02 -1.5163E-03
  1.5622E+02  4.8692E-02 -1.5297E-03
  1.5729E+02  4.8522E-02 -1.5427E-03
  1.5836E+02  4.8182E-02 -1.5546E-03
  1.5943E+02  4.7846E-02 -1.5648E-03
  1.6050E+02  4.7740E-02 -1.5737E-03
  1.6157E+02  4.7963E-02 -1.5821E-03
  1.6264E+02  4.8417E-02 -1.5910E-03
  1.6371E+02  4.8876E-02 -1.6006E-03
  1.6478E+02  4.9135E-02 -1.6105E-03
  1.6585E+02  4.9114E-02 -1.6200E-03
  1.6692E+02  4.8871E-02 -1.6283E-03
  1.6799E+02  4.8540E-02 -1.6349E-03
  1.6906E+02  4.8267E-02 -1.6399E-03
  1.7013E+02  4.8150E-02 -1.6437E-03
  1.7120E+02  4.8205E-02 -1.6472E-03
  1.7227E+02  4.8354E-02 -1.6509E-03
  1.7334E+02  4.8467E-02 -1.6554E-03
  1.7441E+02  4.8443E-02 -1.6608E-03
  1.7548E+02  4.8277E-02 -1.6669E-03
  1.7655E+02  4.8055E-02 -1.6737E-03
  1.7762E+02  4.7874E-02 -1.6812E-03
  1.7869E+02  4.7774E-02 -1.6893E-03
  1.7976E+02  4.7723E-02 -1.6977E-03
  1.8083E+02  4.7671E-02 -1.7063E-03
  1.8190E+02  4.7581E-02 -1.7147E-03
  1.8297E+02  4.7440E-02 -1.7229E-03
  1.8404E+02  4.7251E-02 -1.7310E-03
  1.8511E+02  4.7039E-02 -1.7391E-03
  1.8618E+02  4.6855E-02 -1.7474E-03
  1.8725E+02  4.6744E-02 -1.7561E-03
  1.8832E+02  4.6711E-02 -1.7654E-03
  1.8939E+02  4.6717E-02 -1.7752E-03
  1.9046E+02  4.6706E-02 -1.7852E-03
  1.9153E+02  4.6638E-02 -1.7952E-03
  1.9260E+02  4.6515E-02 -1.8048E-03
  1.9367E+02  4.6371E-02 -1.8138E-03
  1.9474E+02  4.6245E-02 -1.8221E-03
  1.9581E+02  4.6153E-02 -1.8299E-03
  1.9688E+02  4.6088E-02 -1.8373E-03
  1.9795E+02  4.6042E-02 -1.8446E-03
  1.9902E+02  4.6033E-02 -1.8519E-03
  2.0009E+02  4.6078E-02 -1.8594E-03
  2.0116E+02  4.6160E-02 -1.8671E-03
  2.0223E+02  4.6223E-02 -1.8752E-03
  2.0330E+02  4.6221E-02 -1.8833E-03
  2.0437E+02  4.6162E-02 -1.8911E-03
  2.0544E+02  4.6091E-02 -1.8985E-03
  2.0651E+02  4.6047E-02 -1.9056E-03
  2.0758E+02  4.6030E-02 -1.9125E-03
  2.0865E+02  4.6015E-02 -1.9194E-03
  2.0972E+02  4.5986E-02 -1.9262E-03
  2.1079E+02  4.5953E-02 -1.9330E-03
  2.1186E+02  4.5944E-02 -1.9398E-03
  2.1293E+02  4.5973E-02 -1.9470E-03
  2.1400E+02  4.6028E-02 -1.9546E-03
  2.1507E+02  4.6072E-02 -1.9627E-03
  2.1614E+02  4.6084E-02 -1.9710E-03
  2.1721E+02  4.6071E-02 -1.9791E-03
  2.1828E+02  4.6047E-02 -1.9869E-03
  2.1935E+02  4.6014E-02 -1.9944E-03
  2.2042E+02  4.5980E-02 -2.0019E-03
  2.2149E+02  4.5971E-02 -2.0093E-03
  2.2256E+02  4.6023E-02 -2.0169E-03
  2.2363E+02  4.6130E-02 -2.0248E-03
  2.2470E+02  4.6235E-02 -2.0331E-03
  2.2577E+02  4.6271E-02 -2.0417E-03
  2.2684E+02  4.6220E-02 -2.0502E-03
  2.2791E+02  4.6117E-02 -2.0585E-03
  2.2898E+02  4.6024E-02 -2.0663E-03
  2.3005E+02  4.5990E-02 -2.0737E-03
  2.3112E+02  4.6024E-02 -2.0811E-03
  2.3219E+02  4.6084E-02 -2.0885E-03
  2.3326E+02  4.6098E-02 -2.0961E-03
  2.3433E+02  4.6027E-02 -2.1037E-03
  2.3540E+02  4.5906E-02 -2.1113E-03
  2.3647E+02  4.5811E-02 -2.1187E-03
  2.3754E+02  4.5775E-02 -2.1259E-03
  2.3861E+02  4.5759E-02 -2.1332E-03
  2.3968E+02  4.5704E-02 -2.1404E-03
  2.4075E+02  4.5604E-02 -2.1475E-03
  2.4182E+02  4.5501E-02 -2.1547E-03
  2.4289E+02  4.5426E-02 -2.1620E-03
  2.4396E+02  4.5365E-02 -2.1696E-03
  2.4503E+02  4.5292E-02 -2.1773E-03
  2.4610E+02  4.5206E-02 -2.1849E-03
  2.4717E+02  4.5139E-02 -2.1925E-03
  2.4824E+02  4.5120E-02 -2.2003E-03
  2.4931E+02  4.5136E-02 -2.2083E-03
  2.5038E+02  4.5135E-02 -2.2167E-03
  2.5145E+02  4.5060E-02 -2.2252E-03
  2.5252E+02  4.4902E-02 -2.2335E-03
  2.5359E+02  4.4704E-02 -2.2413E-03
  2.5466E+02  4.4525E-02 -2.2488E-03
  2.5573E+02  4.4399E-02 -2.2559E-03
  2.5680E+02  4.4320E-02 -2.2629E-03
  2.5787E+02  4.4264E-02 -2.2699E-03
  2.5894E+02  4.4200E-02 -2.2771E-03
  2.6001E+02  4.4097E-02 -2.2844E-03
  2.6108E+02  4.3934E-02 -2.2917E-03
  2.6215E+02  4.3730E-02 -2.2990E-03
  2.6322E+02  4.3550E-02 -2.3060E-03
  2.6429E+02  4.3456E-02 -2.3128E-03
  2.6536E+02  4.3455E-02 -2.3197E-03
  2.6643E+02  4.3491E-02 -2.3269E-03
  2.6750E+02  4.3491E-02 -2.3345E-03
  2.6857E+02  4.3427E-02 -2.3424E-03
  2.6964E+02  4.3325E-02 -2.3503E-03
  2.7071E+02  4.3234E-02 -2.3580E-03
  2.7178E+02  4.3189E-02 -2.3656E-03
  2.7285E+02  4.3190E-02 -2.3732E-03
  2.7392E+02  4.3210E-02 -2.3808E-03
  2.7499E+02  4.3211E-02 -2.3886E-03
  2.7606E+02  4.3168E-02 -2.3963E-03
  2.7713E+02  4.3087E-02 -2.4038E-03
  2.7820E+02  4.2995E-02 -2.4109E-03
  2.7927E+02  4.2922E-02 -2.4178E-03
  2.8034E+02  4.2873E-02 -2.4245E-03
  2.8141E+02  4.2835E-02 -2.4311E-03
  2.8248E+02  4.2792E-02 -2.4377E-03
  2.8355E+02  4.2748E-02 -2.4443E-03
  2.8462E+02  4.2721E-02 -2.4509E-03
  2.8569E+02  4.2714E-02 -2.4574E-03
  2.8676E+02  4.2710E-02 -2.4641E-03
  2.8783E+02  4.2686E-02 -2.4709E-03
  2.8890E+02  4.2648E-02 -2.4777E-03
  2.8997E+02  4.2623E-02 -2.4847E-03
  2.9104E+02  4.2631E-02 -2.4918E-03
  2.9211E+02  4.2654E-02 -2.4991E-03
  2.9318E+02  4.2662E-02 -2.5065E-03
  2.9425E+02  4.2641E-02 -2.5139E-03
  2.9532E+02  4.2616E-02 -2.5213E-03
  2.9639E+02  4.2622E-02 -2.5287E-03
  2.9746E+02  4.2674E-02 -2.5363E-03
  2.9853E+02  4.2755E-02 -2.5440E-03
  2.9960E+02  4.2827E-02 -2.5520E-03
  3.0067E+02  4.2860E-02 -2.5599E-03
  3.0174E+02  4.2850E-02 -2.5676E-03
  3.0281E+02  4.2826E-02 -2.5750E-03
  3.0388E+02  4.2825E-02 -2.5821E-03
  3.0495E+02  4.2862E-02 -2.5890E-03
  3.0602E+02  4.2920E-02 -2.5959E-03
  3.0709E+02  4.2973E-02 -2.6028E-03
  3.0816E+02  4.3004E-02 -2.6097E-03
  3.0923E+02  4.3016E-02 -2.6166E-03
  3.1030E+02  4.3011E-02 -2.6234E-03
  3.1137E+02  4.2991E-02 -2.6301E-03
  3.1244E+02  4.2962E-02 -2.6367E-03
  3.1351E+02  4.2937E-02 -2.6431E-03
  3.1458E+02  4.2923E-02 -2.6496E-03
  3.1565E+02  4.2919E-02 -2.6562E-03
  3.1672E+02  4.2917E-02 -2.6630E-03
  3.1779E+02  4.2907E-02 -2.6699E-03
  3.1886E+02  4.2887E-02 -2.6770E-03
  3.1993E+02  4.2863E-02 -2.6842E-03
  3.2100E+02  4.2837E-02 -2.6915E-03
  3.2207E+02  4.2809E-02 -2.6989E-03
  3.2314E+02  4.2773E-02 -2.7063E-03
  3.2421E+02  4.2733E-02 -2.7138E-03
  3.2528E+02  4.2705E-02 -2.7212E-03
  3.2635E+02  4.2703E-02 -2.7288E-03
  3.2742E+02  4.2724E-02 -2.7364E-03
  3.2849E+02  4.2743E-02 -2.7441E-03
  3.2956E+02  4.2743E-02 -2.7519E-03
  3.3063E+02  4.2723E-02 -2.7597E-03
  3.3170E+02  4.2699E-02 -2.7673E-03
  3.3277E+02  4.2682E-02 -2.7748E-03
  3.3384E+02  4.2671E-02 -2.7822E-03
  3.3491E+02  4.2661E-02 -2.7894E-03
  3.3598E+02  4.2650E-02 -2.7964E-03
  3.3705E+02  4.2633E-02 -2.8034E-03
  3.3812E+02  4.2604E-02 -2.8102E-03
  3.3919E+02  4.2562E-02 -2.8170E-03
  3.4026E+02  4.2511E-02 -2.8236E-03
  3.4133E+02  4.2455E-02 -2.8302E-03
  3.4240E+02  4.2392E-02 -2.8367E-03
  3.4347E+02  4.2316E-02 -2.8431E-03
  3.4454E+02  4.2225E-02 -2.8494E-03
  3.4561E+02  4.2129E-02 -2.8558E-03
  3.4668E+02  4.2039E-02 -2.8621E-03
  3.4775E+02  4.1967E-02 -2.8686E-03
  3.4882E+02  4.1911E-02 -2.8751E-03
  3.4989E+02  4.1857E-02 -2.8818E-03
  3.5096E+02  4.1793E-02 -2.8887E-03
  3.5203E+02  4.1722E-02 -2.8958E-03
  3.5310E+02  4.1661E-02 -2.9030E-03
  3.5417E+02  4.1624E-02 -2.9103E-03
  3.5524E+02  4.1608E-02 -2.9177E-03
  3.5631E+02  4.1597E-02 -2.9253E-03
  3.5738E+02  4.1580E-02 -2.9330E-03
  3.5845E+02  4.1555E-02 -2.9406E-03
  3.5952E+02  4.1524E-02 -2.9482E-03
  3.6059E+02  4.1486E-02 -2.9556E-03
  3.6166E+02  4.1446E-02 -2.9628E-03
  3.6273E+02  4.1411E-02 -2.9699E-03
  3.6380E+02  4.1379E-02 -2.9768E-03
  3.6487E+02  4.1338E-02 -2.9835E-03
  3.6594E+02  4.1278E-02 -2.9901E-03
  3.6701E+02  4.1208E-02 -2.9965E-03
  3.6808E+02  4.1142E-02 -3.0027E-03
  3.6915E+02  4.1087E-02 -3.0087E-03
  3.7022E+02  4.1034E-02 -3.0147E-03
  3.7129E+02  4.0975E-02 -3.0206E-03
  3.7236E+02  4.0916E-02 -3.0266E-03
  3.7343E+02  4.0868E-02 -3.0326E-03
  3.7450E+02  4.0832E-02 -3.0387E-03
  3.7557E+02  4.0801E-02 -3.0450E-03
  3.7664E+02  4.0764E-02 -3.0515E-03
  3.7771E+02  4.0721E-02 -3.0581E-03
  3.7878E+02  4.0680E-02 -3.0648E-03
  3.7985E+02  4.0647E-02 -3.0716E-03
  3.8092E+02  4.0624E-02 -3.0785E-03
  3.8199E+02  4.0606E-02 -3.0855E-03
  3.8306E+02  4.0584E-02 -3.0926E-03
  3.8413E+02  4.0554E-02 -3.0997E-03
  3.8520E+02  4.0515E-02 -3.1068E-03
  3.8627E+02  4.0470E-02 -3.1138E-03
  3.8734E+02  4.0420E-02 -3.1208E-03
  3.8841E+02  4.0370E-02 -3.1275E-03
  3.8948E+02  4.0323E-02 -3.1342E-03
  3.9055E+02  4.0280E-02 -3.1407E-03
  3.9162E+02  4.0238E-02 -3.1471E-03
  3.9269E+02  4.0190E-02 -3.1534E-03
  3.9376E+02  4.0135E-02 -3.1597E-03
  3.9483E+02  4.0076E-02 -3.1659E-03
  3.9590E+02  4.0020E-02 -3.1721E-03
  3.9697E+02  3.9970E-02 -3.1782E-03
  3.9804E+02  3.9926E-02 -3.1844E-03
  3.9911E+02  3.9888E-02 -3.1906E-03
  4.0018E+02  3.9859E-02 -3.1970E-03
  4.0125E+02  3.9833E-02 -3.2035E-03
  4.0232E+02  3.9808E-02 -3.2101E-03
  4.0339E+02  3.9782E-02 -3.2168E-03
  4.0446E+02  3.9760E-02 -3.2235E-03
  4.0553E+02  3.9747E-02 -3.2304E-03
  4.0660E+02  3.9743E-02 -3.2374E-03
  4.0767E+02  3.9740E-02 -3.2444E-03
  4.0874E+02  3.9733E-02 -3.2514E-03
  4.0981E+02  3.9723E-02 -3.2584E-03
  4.1088E+02  3.9714E-02 -3.2653E-03
  4.1195E+02  3.9709E-02 -3.2722E-03
  4.1302E+02  3.9700E-02 -3.2790E-03
  4.1409E+02  3.9683E-02 -3.2857E-03
  4.1516E+02  3.9661E-02 -3.2922E-03
  4.1623E+02  3.9640E-02 -3.2987E-03
  4.1730E+02  3.9621E-02 -3.3050E-03
  4.1837E+02  3.9598E-02 -3.3112E-03
  4.1944E+02  3.9564E-02 -3.3174E-03
  4.2051E+02  3.9524E-02 -3.3235E-03
  4.2158E+02  3.9487E-02 -3.3296E-03
  4.2265E+02  3.9459E-02 -3.3356E-03
  4.2372E+02  3.9437E-02 -3.3417E-03
  4.2479E+02  3.9412E-02 -3.3479E-03
  4.2586E+02  3.9381E-02 -3.3541E-03
  4.2693E+02  3.9348E-02 -3.3604E-03
  4.2800E+02  3.9318E-02 -3.3668E-03
  4.2907E+02  3.9291E-02 -3.3733E-03
  4.3014E+02  3.9268E-02 -3.3798E-03
  4.3121E+02  3.9248E-02 -3.3864E-03
  4.3228E+02  3.9230E-02 -3.3931E-03
  4.3335E+02  3.9213E-02 -3.3999E-03
  4.3442E+02  3.9196E-02 -3.4066E-03
  4.3549E+02  3.9179E-02 -3.4134E-03
  4.3656E+02  3.9162E-02 -3.4202E-03
  4.3763E+02  3.9143E-02 -3.4269E-03
  4.3870E+02  3.9124E-02 -3.4336E-03
  4.3977E+02  3.9108E-02 -3.4402E-03
  4.4084E+02  3.9095E-02 -3.4468E-03
  4.4191E+02  3.9083E-02 -3.4533E-03
  4.4298E+02  3.9066E-02 -3.4598E-03
  4.4405E+02  3.9041E-02 -3.4661E-03
  4.4512E+02  3.9010E-02 -3.4724E-03
  4.4619E+02  3.8979E-02 -3.4786E-03
  4.4726E+02  3.8948E-02 -3.4847E-03
  4.4833E+02  3.8917E-02 -3.4908E-03
  4.4940E+02  3.8883E-02 -3.4969E-03
  4.5047E+02  3.8847E-02 -3.5030E-03
  4.5154E+02  3.8806E-02 -3.5091E-03
  4.5261E+02  3.8761E-02 -3.5153E-03
  4.5368E+02  3.8716E-02 -3.5214E-03
  4.5475E+02  3.8672E-02 -3.5276E-03
  4.5582E+02  3.8634E-02 -3.5338E-03
  4.5689E+02  3.8599E-02 -3.5401E-03
  4.5796E+02  3.8564E-02 -3.5465E-03
  4.5903E+02  3.8530E-02 -3.5529E-03
  4.6010E+02  3.8500E-02 -3.5594E-03
  4.6117E+02  3.8479E-02 -3.5660E-03
  4.6224E+02  3.8465E-02 -3.5726E-03
  4.6331E+02  3.8452E-02 -3.5792E-03
  4.6438E+02  3.8436E-02 -3.5859E-03
  4.6545E+02  3.8419E-02 -3.5925E-03
  4.6652E+02  3.8408E-02 -3.5991E-03
  4.6759E+02  3.8402E-02 -3.6056E-03
  4.6866E+02  3.8397E-02 -3.6122E-03
  4.6973E+02  3.8385E-02 -3.6186E-03
  4.7080E+02  3.8365E-02 -3.6250E-03
  4.7187E+02  3.8343E-02 -3.6312E-03
  4.7294E+02  3.8324E-02 -3.6374E-03
  4.7401E+02  3.8307E-02 -3.6434E-03
  4.7508E+02  3.8285E-02 -3.6494E-03
  4.7615E+02  3.8253E-02 -3.6554E-03
  4.7722E+02  3.8215E-02 -3.6612E-03
  4.7829E+02  3.8177E-02 -3.6670E-03
  4.7936E+02  3.8143E-02 -3.6728E-03
  4.8043E+02  3.8112E-02 -3.6786E-03
  4.8150E+02  3.8080E-02 -3.6844E-03
  4.8257E+02  3.8044E-02 -3.6903E-03
  4.8364E+02  3.8010E-02 -3.6962E-03
  4.8471E+02  3.7982E-02 -3.7022E-03
  4.8578E+02  3.7961E-02 -3.7083E-03
  4.8685E+02  3.7943E-02 -3.7144E-03
  4.8792E+02  3.7925E-02 -3.7207E-03
  4.8899E+02  3.7906E-02 -3.7271E-03
  4.9006E+02  3.7890E-02 -3.7335E-03
  4.9113E+02  3.7880E-02 -3.7400E-03
  4.9220E+02  3.7878E-02 -3.7465E-03
  4.9327E+02  3.7878E-02 -3.7530E-03
  4.9434E+02  3.7877E-02 -3.7596E-03
  4.9541E+02  3.7870E-02 -3.7661E-03
  4.9648E+02  3.7859E-02 -3.7725E-03
  4.9755E+02  3.7846E-02 -3.7789E-03
  4.9862E+02  3.7836E-02 -3.7852E-03
  4.9969E+02  3.7829E-02 -3.7914E-03
  5.0076E+02  3.7820E-02 -3.7975E-03
  5.0183E+02  3.7805E-02 -3.8036E-03
  5.0290E+02  3.7782E-02 -3.8095E-03
  5.0397E+02  3.7755E-02 -3.8154E-03
  5.0504E+02  3.7726E-02 -3.8213E-03
  5.0611E+02  3.7699E-02 -3.8270E-03
  5.0718E+02  3.7675E-02 -3.8328E-03
  5.0825E+02  3.7654E-02 -3.8386E-03
  5.0932E+02  3.7633E-02 -3.8444E-03
  5.1039E+02  3.7608E-02 -3.8503E-03
  5.1146E+02  3.7578E-02 -3.8563E-03
  5.1253E+02  3.7547E-02 -3.8623E-03
  5.1360E+02  3.7520E-02 -3.8684E-03
  5.1467E+02  3.7500E-02 -3.8746E-03
  5.1574E+02  3.7484E-02 -3.8808E-03
  5.1681E+02  3.7468E-02 -3.8871E-03
  5.1788E+02  3.7449E-02 -3.8935E-03
  5.1895E+02  3.7426E-02 -3.8999E-03
  5.2002E+02  3.7401E-02 -3.9063E-03
  5.2109E+02  3.7376E-02 -3.9127E-03
  5.2216E+02  3.7352E-02 -3.9191E-03
  5.2323E+02  3.7330E-02 -3.9255E-03
  5.2430E+02  3.7309E-02 -3.9318E-03
  5.2537E+02  3.7287E-02 -3.9380E-03
  5.2644E+02  3.7261E-02 -3.9442E-03
  5.2751E+02  3.7230E-02 -3.9503E-03
  5.2858E+02  3.7198E-02 -3.9563E-03
  5.2965E+02  3.7170E-02 -3.9622E-03
  5.3072E+02  3.7146E-02 -3.9681E-03
  5.3179E+02  3.7123E-02 -3.9740E-03
  5.3286E+02  3.7098E-02 -3.9798E-03
  5.3393E+02  3.7070E-02 -3.9856E-03
  5.3500E+02  3.7041E-02 -3.9914E-03
  5.3607E+02  3.7014E-02 -3.9972E-03
  5.3714E+02  3.6991E-02 -4.0030E-03
  5.3821E+02  3.6973E-02 -4.0089E-03
  5.3928E+02  3.6954E-02 -4.0148E-03
  5.4035E+02  3.6932E-02 -4.0207E-03
  5.4142E+02  3.6906E-02 -4.0267E-03
  5.4249E+02  3.6884E-02 -4.0327E-03
  5.4356E+02  3.6867E-02 -4.0387E-03
  5.4463E+02  3.6854E-02 -4.0447E-03
  5.4570E+02  3.6837E-02 -4.0508E-03
  5.4677E+02  3.6815E-02 -4.0569E-03
  5.4784E+02  3.6791E-02 -4.0629E-03
  5.4891E+02  3.6770E-02 -4.0689E-03
  5.4998E+02  3.6754E-02 -4.0749E-03
  5.5105E+02  3.6738E-02 -4.0809E-03
  5.5212E+02  3.6718E-02 -4.0869E-03
  5.5319E+02  3.6693E-02 -4.0928E-03
  5.5426E+02  3.6668E-02 -4.0987E-03
  5.5533E+02  3.6644E-02 -4.1046E-03
  5.5640E+02  3.6622E-02 -4.1104E-03
  5.5747E+02  3.6602E-02 -4.1162E-03
  5.5854E+02  3.6581E-02 -4.1220E-03
  5.5961E+02  3.6559E-02 -4.1278E-03
  5.6068E+02  3.6537E-02 -4.1336E-03
  5.6175E+02  3.6515E-02 -4.1394E-03
  5.6282E+02  3.6496E-02 -4.1452E-03
  5.6389E+02  3.6481E-02 -4.1510E-03
  5.6496E+02  3.6469E-02 -4.1569E-03
  5.6603E+02  3.6459E-02 -4.1628E-03
  5.6710E+02  3.6448E-02 -4.1687E-03
  5.6817E+02  3.6438E-02 -4.1746E-03
  5.6924E+02  3.6430E-02 -4.1806E-03
  5.7031E+02  3.6423E-02 -4.1866E-03
  5.7138E+02  3.6419E-02 -4.1926E-03
  5.7245E+02  3.6415E-02 -4.1986E-03
  5.7352E+02  3.6413E-02 -4.2046E-03
  5.7459E+02  3.6409E-02 -4.2106E-03
  5.7566E+02  3.6404E-02 -4.2166E-03
  5.7673E+02  3.6398E-02 -4.2225E-03
  5.7780E+02  3.6390E-02 -4.2285E-03
  5.7887E+02  3.6382E-02 -4.2344E-03
  5.7994E+02  3.6373E-02 -4.2402E-03
  5.8101E+02  3.6361E-02 -4.2461E-03
  5.8208E+02  3.6346E-02 -4.2519E-03
  5.8315E+02  3.6328E-02 -4.2577E-03
  5.8422E+02  3.6309E-02 -4.2634E-03
  5.8529E+02  3.6289E-02 -4.2691E-03
  5.8636E+02  3.6268E-02 -4.2749E-03
  5.8743E+02  3.6245E-02 -4.2806E-03
  5.8850E+02  3.6216E-02 -4.2863E-03
  5.8957E+02  3.6185E-02 -4.2921E-03
  5.9064E+02  3.6154E-02 -4.2978E-03
  5.9171E+02  3.6124E-02 -4.3036E-03
  5.9278E+02  3.6097E-02 -4.3094E-03
  5.9385E+02  3.6068E-02 -4.3152E-03
  5.9492E+02  3.6038E-02 -4.3210E-03
  5.9599E+02  3.6008E-02 -4.3269E-03
  5.9706E+02  3.5978E-02 -4.3328E-03
  5.9813E+02  3.5950E-02 -4.3388E-03
  5.9920E+02  3.5921E-02 -4.3447E-03
  6.0027E+02  3.5893E-02 -4.3507E-03
  6.0134E+02  3.5866E-02 -4.3566E-03
  6.0241E+02  3.5841E-02 -4.3626E-03
  6.0348E+02  3.5817E-02 -4.3685E-03
  6.0455E+02  3.5792E-02 -4.3745E-03
  6.0562E+02  3.5765E-02 -4.3804E-03
  6.0669E+02  3.5734E-02 -4.3863E-03
  6.0776E+02  3.5703E-02 -4.3921E-03
  6.0883E+02  3.5673E-02 -4.3978E-03
  6.0990E+02  3.5646E-02 -4.4036E-03
  6.1097E+02  3.5619E-02 -4.4093E-03
  6.1204E+02  3.5591E-02 -4.4150E-03
  6.1311E+02  3.5560E-02 -4.4206E-03
  6.1418E+02  3.5528E-02 -4.4262E-03
  6.1525E+02  3.5497E-02 -4.4318E-03
  6.1632E+02  3.5468E-02 -4.4374E-03
  6.1739E+02  3.5441E-02 -4.4430E-03
  6.1846E+02  3.5416E-02 -4.4485E-03
  6.1953E+02  3.5393E-02 -4.4541E-03
  6.2060E+02  3.5371E-02 -4.4598E-03
  6.2167E+02  3.5349E-02 -4.4654E-03
  6.2274E+02  3.5326E-02 -4.4711E-03
  6.2381E+02  3.5304E-02 -4.4768E-03
  6.2488E+02  3.5286E-02 -4.4826E-03
  6.2595E+02  3.5273E-02 -4.4883E-03
  6.2702E+02  3.5261E-02 -4.4941E-03
  6.2809E+02  3.5246E-02 -4.4999E-03
  6.2916E+02  3.5227E-02 -4.5057E-03
  6.3023E+02  3.5209E-02 -4.5115E-03
  6.3130E+02  3.5195E-02 -4.5172E-03
  6.3237E+02  3.5185E-02 -4.5230E-03
  6.3344E+02  3.5174E-02 -4.5287E-03
  6.3451E+02  3.5159E-02 -4.5345E-03
  6.3558E+02  3.5141E-02 -4.5401E-03
  6.3665E+02  3.5122E-02 -4.5458E-03
  6.3772E+02  3.5105E-02 -4.5514E-03
  6.3879E+02  3.5089E-02 -4.5570E-03
  6.3986E+02  3.5072E-02 -4.5625E-03
  6.4093E+02  3.5053E-02 -4.5680E-03
  6.4200E+02  3.5032E-02 -4.5736E-03
  6.4307E+02  3.5009E-02 -4.5791E-03
  6.4414E+02  3.4985E-02 -4.5845E-03
  6.4521E+02  3.4961E-02 -4.5900E-03
  6.4628E+02  3.4937E-02 -4.5955E-03
  6.4735E+02  3.4914E-02 -4.6010E-03
  6.4842E+02  3.4890E-02 -4.6065E-03
  6.4949E+02  3.4866E-02 -4.6121E-03
  6.5056E+02  3.4842E-02 -4.6176E-03
  6.5163E+02  3.4820E-02 -4.6232E-03
  6.5270E+02  3.4797E-02 -4.6288E-03
  6.5377E+02  3.4774E-02 -4.6345E-03
  6.5484E+02  3.4752E-02 -4.6401E-03
  6.5591E+02  3.4732E-02 -4.6458E-03
  6.5698E+02  3.4715E-02 -4.6514E-03
  6.5805E+02  3.4697E-02 -4.6571E-03
  6.5912E+02  3.4679E-02 -4.6627E-03
  6.6019E+02  3.4661E-02 -4.6684E-03
  6.6126E+02  3.4644E-02 -4.6740E-03
  6.6233E+02  3.4629E-02 -4.6796E-03
  6.6340E+02  3.4613E-02 -4.6852E-03
  6.6447E+02  3.4598E-02 -4.6908E-03
  6.6554E+02  3.4583E-02 -4.6964E-03
  6.6661E+02  3.4570E-02 -4.7019E-03
  6.6768E+02  3.4558E-02 -4.7074E-03
  6.6875E+02  3.4545E-02 -4.7129E-03
  6.6982E+02  3.4530E-02 -4.7183E-03
  6.7089E+02  3.4516E-02 -4.7238E-03
  6.7196E+02  3.4503E-02 -4.7292E-03
  6.7303E+02  3.4491E-02 -4.7346E-03
  6.7410E+02  3.4481E-02 -4.7401E-03
  6.7517E+02  3.4470E-02 -4.7455E-03
  6.7624E+02  3.4457E-02 -4.7510E-03
  6.7731E+02  3.4443E-02 -4.7564E-03
  6.7838E+02  3.4429E-02 -4.7619E-03
  6.7945E+02  3.4416E-02 -4.7674E-03
  6.8052E+02  3.4405E-02 -4.7729E-03
  6.8159E+02  3.4394E-02 -4.7784E-03
  6.8266E+02  3.4382E-02 -4.7839E-03
  6.8373E+02  3.4368E-02 -4.7894E-03
  6.8480E+02  3.4354E-02 -4.7949E-03
  6.8587E+02  3.4340E-02 -4.8005E-03
  6.8694E+02  3.4328E-02 -4.8060E-03
  6.8801E+02  3.4316E-02 -4.8115E-03
  6.8908E+02  3.4304E-02 -4.8170E-03
  6.9015E+02  3.4290E-02 -4.8226E-03
  6.9122E+02  3.4274E-02 -4.8281E-03
  6.9229E+02  3.4257E-02 -4.8336E-03
  6.9336E+02  3.4242E-02 -4.8390E-03
  6.9443E+02  3.4227E-02 -4.8445E-03
  6.9550E+02  3.4212E-02 -4.8499E-03
  6.9657E+02  3.4194E-02 -4.8554E-03
  6.9764E+02  3.4174E-02 -4.8608E-03
  6.9871E+02  3.4154E-02 -4.8662E-03
  6.9978E+02  3.4134E-02 -4.8716E-03
  7.0085E+02  3.4115E-02 -4.8770E-03
  7.0192E+02  3.4096E-02 -4.8823E-03
  7.0299E+02  3.4076E-02 -4.8877E-03
  7.0406E+02  3.4056E-02 -4.8931E-03
  7.0513E+02  3.4035E-02 -4.8985E-03
  7.0620E+02  3.4014E-02 -4.9039E-03
  7.0727E+02  3.3994E-02 -4.9093E-03
  7.0834E+02  3.3975E-02 -4.9147E-03
  7.0941E+02  3.3957E-02 -4.9201E-03
  7.1048E+02  3.3937E-02 -4.9255E-03
  7.1155E+02  3.3917E-02 -4.9309E-03
  7.1262E+02  3.3897E-02 -4.9363E-03
  7.1369E+02  3.3878E-02 -4.9418E-03
  7.1476E+02  3.3859E-02 -4.9472E-03
  7.1583E+02  3.3837E-02 -4.9526E-03
  7.1690E+02  3.3815E-02 -4.9580E-03
  7.1797E+02  3.3794E-02 -4.9634E-03
  7.1904E+02  3.3774E-02 -4.9688E-03
  7.2011E+02  3.3754E-02 -4.9741E-03
  7.2118E+02  3.3734E-02 -4.9795E-03
  7.2225E+02  3.3713E-02 -4.9848E-03
  7.2332E+02  3.3691E-02 -4.9901E-03
  7.2439E+02  3.3669E-02 -4.9955E-03
  7.2546E+02  3.3649E-02 -5.0008E-03
  7.2653E+02  3.3631E-02 -5.0061E-03
  7.2760E+02  3.3614E-02 -5.0114E-03
  7.2867E+02  3.3598E-02 -5.0167E-03
  7.2974E+02  3.3582E-02 -5.0220E-03
  7.3081E+02  3.3565E-02 -5.0274E-03
  7.3188E+02  3.3547E-02 -5.0327E-03
  7.3295E+02  3.3531E-02 -5.0380E-03
  7.3402E+02  3.3519E-02 -5.0434E-03
  7.3509E+02  3.3508E-02 -5.0488E-03
  7.3616E+02  3.3497E-02 -5.0541E-03
  7.3723E+02  3.3484E-02 -5.0595E-03
  7.3830E+02  3.3470E-02 -5.0649E-03
  7.3937E+02  3.3457E-02 -5.0703E-03
  7.4044E+02  3.3446E-02 -5.0757E-03
  7.4151E+02  3.3436E-02 -5.0810E-03
  7.4258E+02  3.3426E-02 -5.0864E-03
  7.4365E+02  3.3414E-02 -5.0918E-03
  7.4472E+02  3.3401E-02 -5.0971E-03
  7.4579E+02  3.3388E-02 -5.1024E-03
  7.4686E+02  3.3375E-02 -5.1077E-03
  7.4793E+02  3.3362E-02 -5.1130E-03
  7.4900E+02  3.3349E-02 -5.1183E-03
  7.5007E+02  3.3335E-02 -5.1236E-03
  7.5114E+02  3.3319E-02 -5.1288E-03
  7.5221E+02  3.3303E-02 -5.1341E-03
  7.5328E+02  3.3286E-02 -5.1393E-03
  7.5435E+02  3.3269E-02 -5.1446E-03
  7.5542E+02  3.3252E-02 -5.1498E-03
  7.5649E+02  3.3235E-02 -5.1551E-03
  7.5756E+02  3.3216E-02 -5.1603E-03
  7.5863E+02  3.3198E-02 -5.1656E-03
  7.5970E+02  3.3179E-02 -5.1708E-03
  7.6077E+02  3.3160E-02 -5.1761E-03
  7.6184E+02  3.3141E-02 -5.1813E-03
  7.6291E+02  3.3121E-02 -5.1866E-03
  7.6398E+02  3.3102E-02 -5.1919E-03
  7.6505E+02  3.3082E-02 -5.1972E-03
  7.6612E+02  3.3062E-02 -5.2025E-03
  7.6719E+02  3.3042E-02 -5.2077E-03
  7.6826E+02  3.3023E-02 -5.2130E-03
  7.6933E+02  3.3004E-02 -5.2183E-03
  7.7040E+02  3.2984E-02 -5.2236E-03
  7.7147E+02  3.2964E-02 -5.2289E-03
  7.7254E+02  3.2945E-02 -5.2341E-03
  7.7361E+02  3.2926E-02 -5.2394E-03
  7.7468E+02  3.2908E-02 -5.2446E-03
  7.7575E+02  3.2890E-02 -5.2498E-03
  7.7682E+02  3.2872E-02 -5.2551E-03
  7.7789E+02  3.2854E-02 -5.2603E-03
  7.7896E+02  3.2835E-02 -5.2655E-03
  7.8003E+02  3.2816E-02 -5.2707E-03
  7.8110E+02  3.2798E-02 -5.2759E-03
  7.8217E+02  3.2781E-02 -5.2811E-03
  7.8324E+02  3.2765E-02 -5.2862E-03
  7.8431E+02  3.2748E-02 -5.2914E-03
  7.8538E+02  3.2730E-02 -5.2966E-03
  7.8645E+02  3.2711E-02 -5.3017E-03
  7.8752E+02  3.2693E-02 -5.3069E-03
  7.8859E+02  3.2676E-02 -5.3121E-03
  7.8966E+02  3.2659E-02 -5.3172E-03
  7.9073E+02  3.2644E-02 -5.3224E-03
  7.9180E+02  3.2627E-02 -5.3275E-03
  7.9287E+02  3.2611E-02 -5.3327E-03
  7.9394E+02  3.2594E-02 -5.3378E-03
  7.9501E+02  3.2578E-02 -5.3430E-03
  7.9608E+02  3.2564E-02 -5.3482E-03
  7.9715E+02  3.2550E-02 -5.3533E-03
  7.9822E+02  3.2535E-02 -5.3585E-03
  7.9929E+02  3.2521E-02 -5.3636E-03
  8.0036E+02  3.2506E-02 -5.3688E-03
  8.0143E+02  3.2492E-02 -5.3739E-03
  8.0250E+02  3.2478E-02 -5.3791E-03
  8.0357E+02  3.2463E-02 -5.3842E-03
  8.0464E+02  3.2449E-02 -5.3893E-03
  8.0571E+02  3.2434E-02 -5.3945E-03
  8.0678E+02  3.2420E-02 -5.3996E-03
  8.0785E+02  3.2405E-02 -5.4047E-03
  8.0892E+02  3.2390E-02 -5.4097E-03
  8.0999E+02  3.2374E-02 -5.4148E-03
  8.1106E+02  3.2359E-02 -5.4199E-03
  8.1213E+02  3.2344E-02 -5.4250E-03
  8.1320E+02  3.2329E-02 -5.4300E-03
  8.1427E+02  3.2314E-02 -5.4351E-03
  8.1534E+02  3.2299E-02 -5.4401E-03
  8.1641E+02  3.2284E-02 -5.4452E-03
  8.1748E+02  3.2269E-02 -5.4502E-03
  8.1855E+02  3.2254E-02 -5.4552E-03
  8.1962E+02  3.2239E-02 -5.4603E-03
  8.2069E+02  3.2225E-02 -5.4653E-03
  8.2176E+02  3.2210E-02 -5.4704E-03
  8.2283E+02  3.2196E-02 -5.4754E-03
  8.2390E+02  3.2181E-02 -5.4805E-03
  8.2497E+02  3.2167E-02 -5.4855E-03
  8.2604E+02  3.2152E-02 -5.4906E-03
  8.2711E+02  3.2137E-02 -5.4956E-03
  8.2818E+02  3.2123E-02 -5.5007E-03
  8.2925E+02  3.2108E-02 -5.5057E-03
  8.3032E+02  3.2094E-02 -5.5107E-03
  8.3139E+02  3.2079E-02 -5.5158E-03
  8.3246E+02  3.2064E-02 -5.5208E-03
  8.3353E+02  3.2048E-02 -5.5258E-03
  8.3460E+02  3.2032E-02 -5.5308E-03
  8.3567E+02  3.2017E-02 -5.5358E-03
  8.3674E+02  3.2002E-02 -5.5408E-03
  8.3781E+02  3.1987E-02 -5.5457E-03
  8.3888E+02  3.1971E-02 -5.5507E-03
  8.3995E+02  3.1954E-02 -5.5557E-03
  8.4102E+02  3.1937E-02 -5.5607E-03
  8.4209E+02  3.1921E-02 -5.5656E-03
  8.4316E+02  3.1906E-02 -5.5706E-03
  8.4423E+02  3.1890E-02 -5.5755E-03
  8.4530E+02  3.1875E-02 -5.5805E-03
  8.4637E+02  3.1858E-02 -5.5854E-03
  8.4744E+02  3.1842E-02 -5.5904E-03
  8.4851E+02  3.1825E-02 -5.5954E-03
  8.4958E+02  3.1809E-02 -5.6003E-03
  8.5065E+02  3.1792E-02 -5.6053E-03
  8.5172E+02  3.1776E-02 -5.6102E-03
  8.5279E+02  3.1760E-02 -5.6152E-03
  8.5386E+02  3.1743E-02 -5.6201E-03
  8.5493E+02  3.1726E-02 -5.6251E-03
  8.5600E+02  3.1709E-02 -5.6300E-03
  8.5707E+02  3.1692E-02 -5.6350E-03
  8.5814E+02  3.1676E-02 -5.6399E-03
  8.5921E+02  3.1660E-02 -5.6448E-03
  8.6028E+02  3.1644E-02 -5.6498E-03
  8.6135E+02  3.1628E-02 -5.6547E-03
  8.6242E+02  3.1612E-02 -5.6597E-03
  8.6349E+02  3.1596E-02 -5.6646E-03
  8.6456E+02  3.1581E-02 -5.6695E-03
  8.6563E+02  3.1566E-02 -5.6744E-03
  8.6670E+02  3.1552E-02 -5.6794E-03
  8.6777E+02  3.1538E-02 -5.6843E-03
  8.6884E+02  3.1523E-02 -5.6892E-03
  8.6991E+02  3.1509E-02 -5.6941E-03
  8.7098E+02  3.1496E-02 -5.6991E-03
  8.7205E+02  3.1483E-02 -5.7040E-03
  8.7312E+02  3.1469E-02 -5.7089E-03
  8.7419E+02  3.1456E-02 -5.7138E-03
  8.7526E+02  3.1442E-02 -5.7187E-03
  8.7633E+02  3.1429E-02 -5.7236E-03
  8.7740E+02  3.1416E-02 -5.7285E-03
  8.7847E+02  3.1404E-02 -5.7334E-03
  8.7954E+02  3.1391E-02 -5.7383E-03
  8.8061E+02  3.1377E-02 -5.7432E-03
  8.8168E+02  3.1364E-02 -5.7481E-03
  8.8275E+02  3.1352E-02 -5.7530E-03
  8.8382E+02  3.1339E-02 -5.7578E-03
  8.8489E+02  3.1326E-02 -5.7627E-03
  8.8596E+02  3.1313E-02 -5.7676E-03
  8.8703E+02  3.1300E-02 -5.7724E-03
  8.8810E+02  3.1287E-02 -5.7773E-03
  8.8917E+02  3.1274E-02 -5.7822E-03
  8.9024E+02  3.1262E-02 -5.7870E-03
  8.9131E+02  3.1249E-02 -5.7919E-03
  8.9238E+02  3.1236E-02 -5.7967E-03
  8.9345E+02  3.1222E-02 -5.8016E-03
  8.9452E+02  3.1209E-02 -5.8064E-03
  8.9559E+02  3.1196E-02 -5.8113E-03
  8.9666E+02  3.1182E-02 -5.8161E-03
  8.9773E+02  3.1169E-02 -5.8210E-03
  8.9880E+02  3.1155E-02 -5.8258E-03
  8.9987E+02  3.1142E-02 -5.8307E-03
  9.0094E+02  3.1128E-02 -5.8355E-03
  9.0201E+02  3.1114E-02 -5.8403E-03
  9.0308E+02  3.1100E-02 -5.8452E-03
  9.0415E+02  3.1086E-02 -5.8500E-03
  9.0522E+02  3.1072E-02 -5.8548E-03
  9.0629E+02  3.1058E-02 -5.8597E-03
  9.0736E+02  3.1044E-02 -5.8645E-03
  9.0843E+02  3.1030E-02 -5.8693E-03
  9.0950E+02  3.1016E-02 -5.8741E-03
  9.1057E+02  3.1002E-02 -5.8789E-03
  9.1164E+02  3.0987E-02 -5.8837E-03
  9.1271E+02  3.0973E-02 -5.8885E-03
  9.1378E+02  3.0959E-02 -5.8934E-03
  9.1485E+02  3.0945E-02 -5.8982E-03
  9.1592E+02  3.0931E-02 -5.9030E-03
  9.1699E+02  3.0917E-02 -5.9078E-03
  9.1806E+02  3.0902E-02 -5.9126E-03
  9.1913E+02  3.0888E-02 -5.9174E-03
  9.2020E+02  3.0874E-02 -5.9222E-03
  9.2127E+02  3.0860E-02 -5.9270E-03
  9.2234E+02  3.0845E-02 -5.9317E-03
  9.2341E+02  3.0831E-02 -5.9365E-03
  9.2448E+02  3.0816E-02 -5.9413E-03
  9.2555E+02  3.0802E-02 -5.9461E-03
  9.2662E+02  3.0788E-02 -5.9509E-03
  9.2769E+02  3.0773E-02 -5.9556E-03
  9.2876E+02  3.0759E-02 -5.9604E-03
  9.2983E+02  3.0745E-02 -5.9652E-03
  9.3090E+02  3.0730E-02 -5.9699E-03
  9.3197E+02  3.0716E-02 -5.9747E-03
  9.3304E+02  3.0702E-02 -5.9795E-03
  9.3411E+02  3.0688E-02 -5.9842E-03
  9.3518E+02  3.0674E-02 -5.9890E-03
  9.3625E+02  3.0659E-02 -5.9937E-03
  9.3732E+02  3.0645E-02 -5.9985E-03
  9.3839E+02  3.0631E-02 -6.0032E-03
  9.3946E+02  3.0617E-02 -6.0080E-03
  9.4053E+02  3.0602E-02 -6.0127E-03
  9.4160E+02  3.0588E-02 -6.0175E-03
  9.4267E+02  3.0573E-02 -6.0222E-03
  9.4374E+02  3.0559E-02 -6.0270E-03
  9.4481E+02  3.0544E-02 -6.0317E-03
  9.4588E+02  3.0530E-02 -6.0364E-03
  9.4695E+02  3.0515E-02 -6.0411E-03
  9.4802E+02  3.0501E-02 -6.0459E-03
  9.4909E+02  3.0486E-02 -6.0506E-03
  9.5016E+02  3.0472E-02 -6.0553E-03
  9.5123E+02  3.0458E-02 -6.0600E-03
  9.5230E+02  3.0444E-02 -6.0647E-03
  9.5337E+02  3.0429E-02 -6.0694E-03
  9.5444E+02  3.0416E-02 -6.0741E-03
  9.5551E+02  3.0402E-02 -6.0788E-03
  9.5658E+02  3.0388E-02 -6.0835E-03
  9.5765E+02  3.0374E-02 -6.0882E-03
  9.5872E+02  3.0360E-02 -6.0929E-03
  9.5979E+02  3.0346E-02 -6.0976E-03
  9.6086E+02  3.0332E-02 -6.1023E-03
  9.6193E+02  3.0318E-02 -6.1070E-03
  9.6300E+02  3.0304E-02 -6.1116E-03
  9.6407E+02  3.0290E-02 -6.1163E-03
  9.6514E+02  3.0276E-02 -6.1210E-03
  9.6621E+02  3.0262E-02 -6.1257E-03
  9.6728E+02  3.0247E-02 -6.1303E-03
  9.6835E+02  3.0233E-02 -6.1350E-03
  9.6942E+02  3.0219E-02 -6.1396E-03
  9.7049E+02  3.0205E-02 -6.1443E-03
  9.7156E+02  3.0191E-02 -6.1490E-03
  9.7263E+02  3.0177E-02 -6.1536E-03
  9.7370E+02  3.0163E-02 -6.1583E-03
  9.7477E+02  3.0149E-02 -6.1629E-03
  9.7584E+02  3.0136E-02 -6.1675E-03
  9.7691E+02  3.0122E-02 -6.1722E-03
  9.7798E+02  3.0108E-02 -6.1768E-03
  9.7905E+02  3.0094E-02 -6.1815E-03
  9.8012E+02  3.0081E-02 -6.1861E-03
  9.8119E+02  3.0068E-02 -6.1907E-03
  9.8226E+02  3.0054E-02 -6.1954E-03
  9.8333E+02  3.0041E-02 -6.2000E-03
  9.8440E+02  3.0028E-02 -6.2046E-03
  9.8547E+02  3.0014E-02 -6.2093E-03
  9.8654E+02  3.0001E-02 -6.2139E-03
  9.8761E+02  2.9988E-02 -6.2185E-03
  9.8868E+02  2.9975E-02 -6.2231E-03
  9.8975E+02  2.9962E-02 -6.2277E-03
  9.9082E+02  2.9949E-02 -6.2323E-03
  9.9189E+02  2.9937E-02 -6.2369E-03
  9.9296E+02  2.9924E-02 -6.2415E-03
  9.9403E+02  2.9911E-02 -6.2461E-03
  9.9510E+02  2.9898E-02 -6.2507E-03
  9.9617E+02  2.9886E-02 -6.2553E-03
  9.9724E+02  2.9873E-02 -6.2599E-03
  9.9831E+02  2.9861E-02 -6.2645E-03
  9.9938E+02  2.9848E-02 -6.2691E-03
  1.0004E+03  2.9836E-02 -6.2737E-03
  1.0015E+03  2.9824E-02 -6.2783E-03
  1.0026E+03  2.9812E-02 -6.2828E-03
  1.0037E+03  2.9799E-02 -6.2874E-03
  1.0047E+03  2.9787E-02 -6.2920E-03
  1.0058E+03  2.9775E-02 -6.2966E-03
  1.0069E+03  2.9763E-02 -6.3011E-03
  1.0079E+03  2.9751E-02 -6.3057E-03
  1.0090E+03  2.9739E-02 -6.3103E-03
  1.0101E+03  2.9727E-02 -6.3148E-03
  1.0111E+03  2.9715E-02 -6.3194E-03
  1.0122E+03  2.9703E-02 -6.3239E-03
  1.0133E+03  2.9691E-02 -6.3285E-03
  1.0144E+03  2.9678E-02 -6.3330E-03
  1.0154E+03  2.9666E-02 -6.3376E-03
  1.0165E+03  2.9654E-02 -6.3421E-03
  1.0176E+03  2.9641E-02 -6.3467E-03
  1.0186E+03  2.9629E-02 -6.3512E-03
  1.0197E+03  2.9616E-02 -6.3557E-03
  1.0208E+03  2.9603E-02 -6.3603E-03
  1.0218E+03  2.9591E-02 -6.3648E-03
  1.0229E+03  2.9578E-02 -6.3693E-03
  1.0240E+03  2.9564E-02 -6.3738E-03
  1.0251E+03  2.9551E-02 -6.3783E-03
  1.0261E+03  2.9538E-02 -6.3828E-03
  1.0272E+03  2.9525E-02 -6.3873E-03
  1.0283E+03  2.9511E-02 -6.3918E-03
  1.0293E+03  2.9497E-02 -6.3964E-03
  1.0304E+03  2.9484E-02 -6.4009E-03
  1.0315E+03  2.9470E-02 -6.4053E-03
  1.0325E+03  2.9457E-02 -6.4098E-03
  1.0336E+03  2.9443E-02 -6.4143E-03
  1.0347E+03  2.9429E-02 -6.4188E-03
  1.0358E+03  2.9416E-02 -6.4233E-03
  1.0368E+03  2.9402E-02 -6.4278E-03
  1.0379E+03  2.9389E-02 -6.4323E-03
  1.0390E+03  2.9375E-02 -6.4367E-03
  1.0400E+03  2.9362E-02 -6.4412E-03
  1.0411E+03  2.9348E-02 -6.4457E-03
  1.0422E+03  2.9335E-02 -6.4502E-03
  1.0432E+03  2.9321E-02 -6.4546E-03
  1.0443E+03  2.9308E-02 -6.4591E-03
  1.0454E+03  2.9295E-02 -6.4635E-03
  1.0465E+03  2.9281E-02 -6.4680E-03
  1.0475E+03  2.9268E-02 -6.4724E-03
  1.0486E+03  2.9254E-02 -6.4769E-03
  1.0497E+03  2.9240E-02 -6.4813E-03
  1.0507E+03  2.9226E-02 -6.4857E-03
  1.0518E+03  2.9213E-02 -6.4901E-03
  1.0529E+03  2.9199E-02 -6.4946E-03
  1.0539E+03  2.9185E-02 -6.4990E-03
  1.0550E+03  2.9171E-02 -6.5034E-03
  1.0561E+03  2.9157E-02 -6.5078E-03
  1.0572E+03  2.9143E-02 -6.5122E-03
  1.0582E+03  2.9130E-02 -6.5166E-03
  1.0593E+03  2.9116E-02 -6.5210E-03
  1.0604E+03  2.9103E-02 -6.5254E-03
  1.0614E+03  2.9089E-02 -6.5298E-03
  1.0625E+03  2.9076E-02 -6.5342E-03
  1.0636E+03  2.9063E-02 -6.5386E-03
  1.0646E+03  2.9050E-02 -6.5430E-03
  1.0657E+03  2.9037E-02 -6.5474E-03
  1.0668E+03  2.9025E-02 -6.5518E-03
  1.0679E+03  2.9012E-02 -6.5562E-03
  1.0689E+03  2.8999E-02 -6.5606E-03
  1.0700E+03  2.8987E-02 -6.5650E-03
  1.0711E+03  2.8974E-02 -6.5694E-03
  1.0721E+03  2.8962E-02 -6.5738E-03
  1.0732E+03  2.8950E-02 -6.5782E-03
  1.0743E+03  2.8937E-02 -6.5825E-03
  1.0753E+03  2.8925E-02 -6.5869E-03
  1.0764E+03  2.8913E-02 -6.5913E-03
  1.0775E+03  2.8900E-02 -6.5956E-03
  1.0786E+03  2.8888E-02 -6.6000E-03
  1.0796E+03  2.8876E-02 -6.6044E-03
  1.0807E+03  2.8863E-02 -6.6087E-03
  1.0818E+03  2.8851E-02 -6.6131E-03
  1.0828E+03  2.8838E-02 -6.6174E-03
  1.0839E+03  2.8826E-02 -6.6217E-03
  1.0850E+03  2.8814E-02 -6.6261E-03
  1.0860E+03  2.8802E-02 -6.6304E-03
  1.0871E+03  2.8790E-02 -6.6348E-03
  1.0882E+03  2.8777E-02 -6.6391E-03
  1.0893E+03  2.8765E-02 -6.6434E-03
  1.0903E+03  2.8753E-02 -6.6478E-03
  1.0914E+03  2.8742E-02 -6.6521E-03
  1.0925E+03  2.8730E-02 -6.6564E-03
  1.0935E+03  2.8718E-02 -6.6608E-03
  1.0946E+03  2.8706E-02 -6.6651E-03
  1.0957E+03  2.8694E-02 -6.6694E-03
  1.0967E+03  2.8683E-02 -6.6738E-03
  1.0978E+03  2.8671E-02 -6.6781E-03
  1.0989E+03  2.8659E-02 -6.6824E-03
  1.1000E+03  2.8647E-02 -6.6868E-03
  1.1010E+03  2.8636E-02 -6.6911E-03
  1.1021E+03  2.8624E-02 -6.6954E-03
  1.1032E+03  2.8612E-02 -6.6997E-03
  1.1042E+03  2.8600E-02 -6.7040E-03
  1.1053E+03  2.8588E-02 -6.7083E-03
  1.1064E+03  2.8576E-02 -6.7126E-03
  1.1074E+03  2.8565E-02 -6.7169E-03
  1.1085E+03  2.8553E-02 -6.7212E-03
  1.1096E+03  2.8540E-02 -6.7255E-03
  1.1107E+03  2.8528E-02 -6.7298E-03
  1.1117E+03  2.8516E-02 -6.7341E-03
  1.1128E+03  2.8504E-02 -6.7383E-03
  1.1139E+03  2.8492E-02 -6.7426E-03
  1.1149E+03  2.8480E-02 -6.7469E-03
  1.1160E+03  2.8468E-02 -6.7512E-03
  1.1171E+03  2.8455E-02 -6.7555E-03
  1.1181E+03  2.8443E-02 -6.7597E-03
  1.1192E+03  2.8431E-02 -6.7640E-03
  1.1203E+03  2.8419E-02 -6.7683E-03
  1.1214E+03  2.8407E-02 -6.7726E-03
  1.1224E+03  2.8395E-02 -6.7769E-03
  1.1235E+03  2.8383E-02 -6.7811E-03
  1.1246E+03  2.8371E-02 -6.7854E-03
  1.1256E+03  2.8359E-02 -6.7897E-03
  1.1267E+03  2.8347E-02 -6.7940E-03
  1.1278E+03  2.8335E-02 -6.7982E-03
  1.1288E+03  2.8323E-02 -6.8025E-03
  1.1299E+03  2.8311E-02 -6.8067E-03
  1.1310E+03  2.8299E-02 -6.8110E-03
  1.1321E+03  2.8287E-02 -6.8153E-03
  1.1331E+03  2.8275E-02 -6.8195E-03
  1.1342E+03  2.8263E-02 -6.8237E-03
  1.1353E+03  2.8251E-02 -6.8280E-03
  1.1363E+03  2.8239E-02 -6.8322E-03
  1.1374E+03  2.8227E-02 -6.8365E-03
  1.1385E+03  2.8215E-02 -6.8407E-03
  1.1395E+03  2.8203E-02 -6.8449E-03
  1.1406E+03  2.8191E-02 -6.8491E-03
  1.1417E+03  2.8179E-02 -6.8533E-03
  1.1428E+03  2.8167E-02 -6.8576E-03
  1.1438E+03  2.8155E-02 -6.8618E-03
  1.1449E+03  2.8143E-02 -6.8660E-03
  1.1460E+03  2.8132E-02 -6.8702E-03
  1.1470E+03  2.8120E-02 -6.8744E-03
  1.1481E+03  2.8108E-02 -6.8786E-03
  1.1492E+03  2.8097E-02 -6.8828E-03
  1.1502E+03  2.8085E-02 -6.8870E-03
  1.1513E+03  2.8074E-02 -6.8912E-03
  1.1524E+03  2.8062E-02 -6.8954E-03
  1.1535E+03  2.8051E-02 -6.8996E-03
  1.1545E+03  2.8039E-02 -6.9038E-03
  1.1556E+03  2.8028E-02 -6.9080E-03
  1.1567E+03  2.8016E-02 -6.9122E-03
  1.1577E+03  2.8004E-02 -6.9164E-03
  1.1588E+03  2.7993E-02 -6.9205E-03
  1.1599E+03  2.7981E-02 -6.9247E-03
  1.1609E+03  2.7969E-02 -6.9289E-03
  1.1620E+03  2.7958E-02 -6.9330E-03
  1.1631E+03  2.7946E-02 -6.9372E-03
  1.1642E+03  2.7934E-02 -6.9413E-03
  1.1652E+03  2.7923E-02 -6.9455E-03
  1.1663E+03  2.7911E-02 -6.9496E-03
  1.1674E+03  2.7899E-02 -6.9538E-03
  1.1684E+03  2.7887E-02 -6.9579E-03
  1.1695E+03  2.7875E-02 -6.9621E-03
  1.1706E+03  2.7864E-02 -6.9662E-03
  1.1716E+03  2.7852E-02 -6.9704E-03
  1.1727E+03  2.7840E-02 -6.9745E-03
  1.1738E+03  2.7829E-02 -6.9786E-03
  1.1749E+03  2.7817E-02 -6.9828E-03
  1.1759E+03  2.7805E-02 -6.9869E-03
  1.1770E+03  2.7793E-02 -6.9910E-03
  1.1781E+03  2.7782E-02 -6.9951E-03
  1.1791E+03  2.7770E-02 -6.9993E-03
  1.1802E+03  2.7758E-02 -7.0034E-03
  1.1813E+03  2.7746E-02 -7.0075E-03
  1.1823E+03  2.7734E-02 -7.0116E-03
  1.1834E+03  2.7722E-02 -7.0157E-03
  1.1845E+03  2.7710E-02 -7.0198E-03
  1.1856E+03  2.7698E-02 -7.0240E-03
  1.1866E+03  2.7686E-02 -7.0281E-03
  1.1877E+03  2.7674E-02 -7.0322E-03
  1.1888E+03  2.7662E-02 -7.0363E-03
  1.1898E+03  2.7650E-02 -7.0403E-03
  1.1909E+03  2.7638E-02 -7.0444E-03
  1.1920E+03  2.7625E-02 -7.0485E-03
  1.1930E+03  2.7613E-02 -7.0526E-03
  1.1941E+03  2.7601E-02 -7.0567E-03
  1.1952E+03  2.7588E-02 -7.0608E-03
  1.1963E+03  2.7576E-02 -7.0648E-03
  1.1973E+03  2.7564E-02 -7.0689E-03
  1.1984E+03  2.7552E-02 -7.0730E-03
  1.1995E+03  2.7540E-02 -7.0771E-03
  1.2005E+03  2.7527E-02 -7.0811E-03
  1.2016E+03  2.7515E-02 -7.0852E-03
  1.2027E+03  2.7503E-02 -7.0893E-03
  1.2037E+03  2.7491E-02 -7.0934E-03
  1.2048E+03  2.7479E-02 -7.0974E-03
  1.2059E+03  2.7467E-02 -7.1015E-03
  1.2070E+03  2.7455E-02 -7.1055E-03
  1.2080E+03  2.7443E-02 -7.1096E-03
  1.2091E+03  2.7431E-02 -7.1137E-03
  1.2102E+03  2.7420E-02 -7.1177E-03
  1.2112E+03  2.7408E-02 -7.1218E-03
  1.2123E+03  2.7396E-02 -7.1258E-03
  1.2134E+03  2.7384E-02 -7.1299E-03
  1.2144E+03  2.7373E-02 -7.1339E-03
  1.2155E+03  2.7361E-02 -7.1379E-03
  1.2166E+03  2.7350E-02 -7.1420E-03
  1.2177E+03  2.7338E-02 -7.1460E-03
  1.2187E+03  2.7327E-02 -7.1501E-03
  1.2198E+03  2.7315E-02 -7.1541E-03
  1.2209E+03  2.7304E-02 -7.1581E-03
  1.2219E+03  2.7293E-02 -7.1621E-03
  1.2230E+03  2.7282E-02 -7.1662E-03
  1.2241E+03  2.7271E-02 -7.1702E-03
  1.2251E+03  2.7259E-02 -7.1742E-03
  1.2262E+03  2.7248E-02 -7.1782E-03
  1.2273E+03  2.7237E-02 -7.1823E-03
  1.2284E+03  2.7226E-02 -7.1863E-03
  1.2294E+03  2.7215E-02 -7.1903E-03
  1.2305E+03  2.7205E-02 -7.1943E-03
  1.2316E+03  2.7194E-02 -7.1983E-03
  1.2326E+03  2.7183E-02 -7.2023E-03
  1.2337E+03  2.7172E-02 -7.2064E-03
  1.2348E+03  2.7161E-02 -7.2104E-03
  1.2358E+03  2.7150E-02 -7.2144E-03
  1.2369E+03  2.7140E-02 -7.2184E-03
  1.2380E+03  2.7129E-02 -7.2224E-03
  1.2391E+03  2.7118E-02 -7.2264E-03
  1.2401E+03  2.7107E-02 -7.2304E-03
  1.2412E+03  2.7097E-02 -7.2344E-03
  1.2423E+03  2.7086E-02 -7.2383E-03
  1.2433E+03  2.7075E-02 -7.2423E-03
  1.2444E+03  2.7064E-02 -7.2463E-03
  1.2455E+03  2.7053E-02 -7.2503E-03
  1.2465E+03  2.7043E-02 -7.2543E-03
  1.2476E+03  2.7032E-02 -7.2583E-03
  1.2487E+03  2.7021E-02 -7.2622E-03
  1.2498E+03  2.7010E-02 -7.2662E-03
  1.2508E+03  2.6999E-02 -7.2702E-03
  1.2519E+03  2.6988E-02 -7.2741E-03
  1.2530E+03  2.6977E-02 -7.2781E-03
  1.2540E+03  2.6966E-02 -7.2821E-03
  1.2551E+03  2.6955E-02 -7.2860E-03
  1.2562E+03  2.6944E-02 -7.2900E-03
  1.2572E+03  2.6933E-02 -7.2939E-03
  1.2583E+03  2.6922E-02 -7.2979E-03
  1.2594E+03  2.6910E-02 -7.3018E-03
  1.2605E+03  2.6899E-02 -7.3058E-03
  1.2615E+03  2.6888E-02 -7.3097E-03
  1.2626E+03  2.6877E-02 -7.3137E-03
  1.2637E+03  2.6866E-02 -7.3176E-03
  1.2647E+03  2.6854E-02 -7.3216E-03
  1.2658E+03  2.6843E-02 -7.3255E-03
  1.2669E+03  2.6832E-02 -7.3294E-03
  1.2679E+03  2.6821E-02 -7.3333E-03
  1.2690E+03  2.6809E-02 -7.3373E-03
  1.2701E+03  2.6798E-02 -7.3412E-03
  1.2712E+03  2.6787E-02 -7.3451E-03
  1.2722E+03  2.6776E-02 -7.3490E-03
  1.2733E+03  2.6764E-02 -7.3529E-03
  1.2744E+03  2.6753E-02 -7.3569E-03
  1.2754E+03  2.6742E-02 -7.3608E-03
  1.2765E+03  2.6731E-02 -7.3647E-03
  1.2776E+03  2.6720E-02 -7.3686E-03
  1.2786E+03  2.6709E-02 -7.3725E-03
  1.2797E+03  2.6698E-02 -7.3764E-03
  1.2808E+03  2.6687E-02 -7.3803E-03
  1.2819E+03  2.6676E-02 -7.3842E-03
  1.2829E+03  2.6665E-02 -7.3881E-03
  1.2840E+03  2.6654E-02 -7.3919E-03
  1.2851E+03  2.6643E-02 -7.3958E-03
  1.2861E+03  2.6632E-02 -7.3997E-03
  1.2872E+03  2.6621E-02 -7.4036E-03
  1.2883E+03  2.6611E-02 -7.4075E-03
  1.2893E+03  2.6600E-02 -7.4113E-03
  1.2904E+03  2.6589E-02 -7.4152E-03
  1.2915E+03  2.6578E-02 -7.4191E-03
  1.2926E+03  2.6568E-02 -7.4229E-03
  1.2936E+03  2.6557E-02 -7.4268E-03
  1.2947E+03  2.6546E-02 -7.4307E-03
  1.2958E+03  2.6535E-02 -7.4345E-03
  1.2968E+03  2.6525E-02 -7.4384E-03
  1.2979E+03  2.6514E-02 -7.4422E-03
  1.2990E+03  2.6503E-02 -7.4461E-03
  1.3000E+03  2.6492E-02 -7.4499E-03
  1.3011E+03  2.6481E-02 -7.4538E-03
  1.3022E+03  2.6471E-02 -7.4576E-03
  1.3033E+03  2.6460E-02 -7.4614E-03
  1.3043E+03  2.6449E-02 -7.4653E-03
  1.3054E+03  2.6438E-02 -7.4691E-03
  1.3065E+03  2.6427E-02 -7.4729E-03
  1.3075E+03  2.6416E-02 -7.4768E-03
  1.3086E+03  2.6405E-02 -7.4806E-03
  1.3097E+03  2.6394E-02 -7.4844E-03
  1.3107E+03  2.6383E-02 -7.4882E-03
  1.3118E+03  2.6372E-02 -7.4921E-03
  1.3129E+03  2.6361E-02 -7.4959E-03
  1.3140E+03  2.6350E-02 -7.4997E-03
  1.3150E+03  2.6339E-02 -7.5035E-03
  1.3161E+03  2.6328E-02 -7.5073E-03
  1.3172E+03  2.6316E-02 -7.5111E-03
  1.3182E+03  2.6305E-02 -7.5149E-03
  1.3193E+03  2.6294E-02 -7.5187E-03
  1.3204E+03  2.6282E-02 -7.5225E-03
  1.3214E+03  2.6271E-02 -7.5263E-03
  1.3225E+03  2.6260E-02 -7.5301E-03
  1.3236E+03  2.6248E-02 -7.5339E-03
  1.3247E+03  2.6237E-02 -7.5376E-03
  1.3257E+03  2.6225E-02 -7.5414E-03
  1.3268E+03  2.6214E-02 -7.5452E-03
  1.3279E+03  2.6202E-02 -7.5490E-03
  1.3289E+03  2.6191E-02 -7.5527E-03
  1.3300E+03  2.6179E-02 -7.5565E-03
  1.3311E+03  2.6168E-02 -7.5603E-03
  1.3321E+03  2.6156E-02 -7.5640E-03
  1.3332E+03  2.6144E-02 -7.5678E-03
  1.3343E+03  2.6133E-02 -7.5716E-03
  1.3354E+03  2.6122E-02 -7.5753E-03
  1.3364E+03  2.6110E-02 -7.5791E-03
  1.3375E+03  2.6099E-02 -7.5828E-03
  1.3386E+03  2.6087E-02 -7.5866E-03
  1.3396E+03  2.6076E-02 -7.5903E-03
  1.3407E+03  2.6065E-02 -7.5941E-03
  1.3418E+03  2.6053E-02 -7.5978E-03
  1.3428E+03  2.6042E-02 -7.6016E-03
  1.3439E+03  2.6031E-02 -7.6053E-03
  1.3450E+03  2.6020E-02 -7.6090E-03
  1.3461E+03  2.6009E-02 -7.6128E-03
  1.3471E+03  2.5998E-02 -7.6165E-03
  1.3482E+03  2.5987E-02 -7.6202E-03
  1.3493E+03  2.5976E-02 -7.6240E-03
  1.3503E+03  2.5965E-02 -7.6277E-03
  1.3514E+03  2.5955E-02 -7.6314E-03
  1.3525E+03  2.5944E-02 -7.6351E-03
  1.3535E+03  2.5933E-02 -7.6389E-03
  1.3546E+03  2.5923E-02 -7.6426E-03
  1.3557E+03  2.5912E-02 -7.6463E-03
  1.3568E+03  2.5902E-02 -7.6500E-03
  1.3578E+03  2.5892E-02 -7.6537E-03
  1.3589E+03  2.5881E-02 -7.6574E-03
  1.3600E+03  2.5871E-02 -7.6611E-03
  1.3610E+03  2.5861E-02 -7.6649E-03
  1.3621E+03  2.5851E-02 -7.6686E-03
  1.3632E+03  2.5841E-02 -7.6723E-03
  1.3642E+03  2.5831E-02 -7.6760E-03
  1.3653E+03  2.5821E-02 -7.6797E-03
  1.3664E+03  2.5811E-02 -7.6834E-03
  1.3675E+03  2.5801E-02 -7.6871E-03
  1.3685E+03  2.5791E-02 -7.6907E-03
  1.3696E+03  2.5781E-02 -7.6944E-03
  1.3707E+03  2.5771E-02 -7.6981E-03
  1.3717E+03  2.5761E-02 -7.7018E-03
  1.3728E+03  2.5752E-02 -7.7055E-03
  1.3739E+03  2.5742E-02 -7.7092E-03
  1.3749E+03  2.5732E-02 -7.7129E-03
  1.3760E+03  2.5722E-02 -7.7165E-03
  1.3771E+03  2.5712E-02 -7.7202E-03
  1.3782E+03  2.5702E-02 -7.7239E-03
  1.3792E+03  2.5692E-02 -7.7276E-03
  1.3803E+03  2.5683E-02 -7.7312E-03
  1.3814E+03  2.5673E-02 -7.7349E-03
  1.3824E+03  2.5663E-02 -7.7386E-03
  1.3835E+03  2.5653E-02 -7.7422E-03
  1.3846E+03  2.5643E-02 -7.7459E-03
  1.3856E+03  2.5633E-02 -7.7495E-03
  1.3867E+03  2.5623E-02 -7.7532E-03
  1.3878E+03  2.5613E-02 -7.7569E-03
  1.3889E+03  2.5603E-02 -7.7605E-03
  1.3899E+03  2.5593E-02 -7.7642E-03
  1.3910E+03  2.5582E-02 -7.7678E-03
  1.3921E+03  2.5572E-02 -7.7714E-03
  1.3931E+03  2.5562E-02 -7.7751E-03
  1.3942E+03  2.5552E-02 -7.7787E-03
  1.3953E+03  2.5542E-02 -7.7824E-03
  1.3963E+03  2.5532E-02 -7.7860E-03
  1.3974E+03  2.5522E-02 -7.7896E-03
  1.3985E+03  2.5511E-02 -7.7933E-03
  1.3996E+03  2.5501E-02 -7.7969E-03
  1.4006E+03  2.5491E-02 -7.8005E-03
  1.4017E+03  2.5481E-02 -7.8042E-03
  1.4028E+03  2.5471E-02 -7.8078E-03
  1.4038E+03  2.5460E-02 -7.8114E-03
  1.4049E+03  2.5450E-02 -7.8150E-03
  1.4060E+03  2.5440E-02 -7.8187E-03
  1.4070E+03  2.5430E-02 -7.8223E-03
  1.4081E+03  2.5419E-02 -7.8259E-03
  1.4092E+03  2.5409E-02 -7.8295E-03
  1.4103E+03  2.5399E-02 -7.8331E-03
  1.4113E+03  2.5389E-02 -7.8367E-03
  1.4124E+03  2.5378E-02 -7.8403E-03
  1.4135E+03  2.5368E-02 -7.8439E-03
  1.4145E+03  2.5358E-02 -7.8475E-03
  1.4156E+03  2.5348E-02 -7.8511E-03
  1.4167E+03  2.5338E-02 -7.8547E-03
  1.4177E+03  2.5327E-02 -7.8583E-03
  1.4188E+03  2.5317E-02 -7.8619E-03
  1.4199E+03  2.5307E-02 -7.8655E-03
  1.4210E+03  2.5297E-02 -7.8691E-03
  1.4220E+03  2.5287E-02 -7.8727E-03
  1.4231E+03  2.5277E-02 -7.8763E-03
  1.4242E+03  2.5266E-02 -7.8798E-03
  1.4252E+03  2.5256E-02 -7.8834E-03
  1.4263E+03  2.5246E-02 -7.8870E-03
  1.4274E+03  2.5236E-02 -7.8906E-03
  1.4284E+03  2.5226E-02 -7.8941E-03
  1.4295E+03  2.5215E-02 -7.8977E-03
  1.4306E+03  2.5205E-02 -7.9012E-03
  1.4317E+03  2.5195E-02 -7.9048E-03
  1.4327E+03  2.5185E-02 -7.9084E-03
  1.4338E+03  2.5174E-02 -7.9119E-03
  1.4349E+03  2.5164E-02 -7.9155E-03
  1.4359E+03  2.5154E-02 -7.9190E-03
  1.4370E+03  2.5144E-02 -7.9226E-03
  1.4381E+03  2.5134E-02 -7.9261E-03
  1.4391E+03  2.5123E-02 -7.9296E-03
  1.4402E+03  2.5113E-02 -7.9332E-03
  1.4413E+03  2.5103E-02 -7.9367E-03
  1.4424E+03  2.5093E-02 -7.9403E-03
  1.4434E+03  2.5083E-02 -7.9438E-03
  1.4445E+03  2.5072E-02 -7.9473E-03
  1.4456E+03  2.5062E-02 -7.9508E-03
  1.4466E+03  2.5052E-02 -7.9544E-03
  1.4477E+03  2.5042E-02 -7.9579E-03
  1.4488E+03  2.5032E-02 -7.9614E-03
  1.4498E+03  2.5022E-02 -7.9649E-03
  1.4509E+03  2.5011E-02 -7.9684E-03
  1.4520E+03  2.5001E-02 -7.9719E-03
  1.4531E+03  2.4991E-02 -7.9754E-03
  1.4541E+03  2.4981E-02 -7.9789E-03
  1.4552E+03  2.4971E-02 -7.9825E-03
  1.4563E+03  2.4961E-02 -7.9859E-03
  1.4573E+03  2.4951E-02 -7.9894E-03
  1.4584E+03  2.4941E-02 -7.9929E-03
  1.4595E+03  2.4931E-02 -7.9964E-03
  1.4605E+03  2.4921E-02 -7.9999E-03
  1.4616E+03  2.4911E-02 -8.0034E-03
  1.4627E+03  2.4901E-02 -8.0069E-03
  1.4638E+03  2.4891E-02 -8.0104E-03
  1.4648E+03  2.4881E-02 -8.0138E-03
  1.4659E+03  2.4871E-02 -8.0173E-03
  1.4670E+03  2.4861E-02 -8.0208E-03
  1.4680E+03  2.4850E-02 -8.0243E-03
  1.4691E+03  2.4840E-02 -8.0277E-03
  1.4702E+03  2.4830E-02 -8.0312E-03
  1.4712E+03  2.4820E-02 -8.0347E-03
  1.4723E+03  2.4810E-02 -8.0381E-03
  1.4734E+03  2.4800E-02 -8.0416E-03
  1.4745E+03  2.4790E-02 -8.0450E-03
  1.4755E+03  2.4780E-02 -8.0485E-03
  1.4766E+03  2.4770E-02 -8.0520E-03
  1.4777E+03  2.4760E-02 -8.0554E-03
  1.4787E+03  2.4750E-02 -8.0588E-03
  1.4798E+03  2.4740E-02 -8.0623E-03
  1.4809E+03  2.4730E-02 -8.0657E-03
  1.4819E+03  2.4720E-02 -8.0692E-03
  1.4830E+03  2.4710E-02 -8.0726E-03
  1.4841E+03  2.4700E-02 -8.0761E-03
  1.4852E+03  2.4690E-02 -8.0795E-03
  1.4862E+03  2.4680E-02 -8.0829E-03
  1.4873E+03  2.4670E-02 -8.0863E-03
  1.4884E+03  2.4660E-02 -8.0898E-03
  1.4894E+03  2.4650E-02 -8.0932E-03
  1.4905E+03  2.4640E-02 -8.0966E-03
  1.4916E+03  2.4630E-02 -8.1000E-03
  1.4926E+03  2.4620E-02 -8.1034E-03
  1.4937E+03  2.4610E-02 -8.1069E-03
  1.4948E+03  2.4600E-02 -8.1103E-03
  1.4959E+03  2.4590E-02 -8.1137E-03
  1.4969E+03  2.4580E-02 -8.1171E-03
  1.4980E+03  2.4570E-02 -8.1205E-03
  1.4991E+03  2.4560E-02 -8.1239E-03
  1.5000E+03  2.4551E-02 -8.1269E-03
