# CREATED BY GENE DIAGNOSTICS TOOL on Fri Dec 11 19:04:38 2020
# diag: gamdiag, run(s): 0008, time window: 0-1500(1378 steps), species: ions
# original data path: /marconi_scratch/userexternal/cmoreno0/GAM_HP_scan/LHD_s0.25_alpha-0_npol3_nz0768/
# normalization: L_ref=1.65m
#
# xind= 0, x/a= 0.5, q= 2.1464562
# Fit:    0.044439005,8090.8408,4287.334
# Analytic (Gao, Zhou/Yu): 0.078523524,0.23778151,2.2627829
#  t          Re[phi]     Im[phi]   
  0.0000E+00  9.9996E-01  0.0000E+00
  1.0900E+00  8.6454E-01 -1.9520E-03
  2.1800E+00  6.7988E-01 -3.2767E-03
  3.2700E+00  4.2370E-01 -3.7880E-03
  4.3600E+00  1.6140E-01 -3.4000E-03
  5.4500E+00 -6.8805E-02 -2.2367E-03
  6.5400E+00 -2.3628E-01 -5.6790E-04
  7.6300E+00 -3.2777E-01  1.2519E-03
  8.7200E+00 -3.4444E-01  2.8623E-03
  9.8100E+00 -2.9814E-01  3.9688E-03
  1.0900E+01 -2.0828E-01  4.3834E-03
  1.1990E+01 -9.7564E-02  4.0619E-03
  1.3080E+01  1.3308E-02  3.0973E-03
  1.4170E+01  1.0870E-01  1.6901E-03
  1.5260E+01  1.7460E-01  5.7050E-05
  1.6350E+01  2.1082E-01 -1.4037E-03
  1.7440E+01  2.1749E-01 -2.7440E-03
  1.8530E+01  2.0493E-01 -3.5414E-03
  1.9620E+01  1.7829E-01 -3.9956E-03
  2.0710E+01  1.4514E-01 -3.9908E-03
  2.1800E+01  1.1370E-01 -3.6619E-03
  2.2890E+01  8.8350E-02 -3.1036E-03
  2.3980E+01  7.1093E-02 -2.4246E-03
  2.5070E+01  6.1213E-02 -1.7129E-03
  2.6160E+01  5.6775E-02 -1.0291E-03
  2.7250E+01  5.5212E-02 -4.1067E-04
  2.8340E+01  5.3818E-02  1.2618E-04
  2.9430E+01  5.0280E-02  5.7222E-04
  3.0520E+01  4.4565E-02  9.2923E-04
  3.1610E+01  3.7401E-02  1.1995E-03
  3.2700E+01  2.8275E-02  1.3592E-03
  3.3790E+01  2.0523E-02  1.3890E-03
  3.4880E+01  1.5473E-02  1.3379E-03
  3.5970E+01  1.3692E-02  1.0960E-03
  3.7060E+01  1.6589E-02  7.5054E-04
  3.8150E+01  2.3894E-02  2.8041E-04
  3.9240E+01  3.4514E-02 -2.7451E-04
  4.0330E+01  4.7273E-02 -8.7412E-04
  4.1420E+01  6.0430E-02 -1.4572E-03
  4.2510E+01  7.2447E-02 -1.9721E-03
  4.3600E+01  8.1738E-02 -2.3722E-03
  4.4690E+01  8.7312E-02 -2.6107E-03
  4.5780E+01  8.8921E-02 -2.6798E-03
  4.6870E+01  8.7162E-02 -2.5699E-03
  4.7960E+01  8.2076E-02 -2.3025E-03
  4.9050E+01  7.5322E-02 -1.9201E-03
  5.0140E+01  6.6573E-02 -1.4590E-03
  5.1230E+01  5.7300E-02 -9.6724E-04
  5.2320E+01  4.8509E-02 -5.0467E-04
  5.3410E+01  4.1447E-02 -9.4072E-05
  5.4500E+01  3.7075E-02  2.1697E-04
  5.5590E+01  3.4916E-02  4.1098E-04
  5.6680E+01  3.4485E-02  4.8152E-04
  5.7770E+01  3.4685E-02  4.3455E-04
  5.8860E+01  3.5060E-02  2.9034E-04
  5.9950E+01  3.5907E-02  7.2535E-05
  6.1040E+01  3.7836E-02 -1.9605E-04
  6.2130E+01  4.1322E-02 -4.9326E-04
  6.3220E+01  4.6207E-02 -7.9627E-04
  6.4310E+01  5.1647E-02 -1.0931E-03
  6.5400E+01  5.6383E-02 -1.3614E-03
  6.6490E+01  5.9531E-02 -1.5844E-03
  6.7580E+01  6.0591E-02 -1.7461E-03
  6.8670E+01  5.9833E-02 -1.8326E-03
  6.9760E+01  5.8000E-02 -1.8381E-03
  7.0850E+01  5.5958E-02 -1.7699E-03
  7.1940E+01  5.4136E-02 -1.6395E-03
  7.3030E+01  5.2843E-02 -1.4648E-03
  7.4120E+01  5.1922E-02 -1.2683E-03
  7.5210E+01  5.1108E-02 -1.0683E-03
  7.6300E+01  5.0126E-02 -8.8237E-04
  7.7390E+01  4.8869E-02 -7.2561E-04
  7.8480E+01  4.7317E-02 -6.0560E-04
  7.9570E+01  4.5725E-02 -5.2970E-04
  8.0660E+01  4.4363E-02 -4.9829E-04
  8.1750E+01  4.3374E-02 -5.1016E-04
  8.2840E+01  4.2777E-02 -5.5891E-04
  8.3930E+01  4.2598E-02 -6.3876E-04
  8.5020E+01  4.2860E-02 -7.4109E-04
  8.6110E+01  4.3552E-02 -8.5882E-04
  8.7200E+01  4.4565E-02 -9.8426E-04
  8.8290E+01  4.5710E-02 -1.1104E-03
  8.9380E+01  4.6860E-02 -1.2278E-03
  9.0470E+01  4.7998E-02 -1.3308E-03
  9.1560E+01  4.9115E-02 -1.4115E-03
  9.2650E+01  5.0155E-02 -1.4676E-03
  9.3740E+01  5.0887E-02 -1.4957E-03
  9.4830E+01  5.1090E-02 -1.4957E-03
  9.5920E+01  5.0722E-02 -1.4695E-03
  9.7010E+01  4.9915E-02 -1.4205E-03
  9.8100E+01  4.8920E-02 -1.3548E-03
  9.9190E+01  4.7863E-02 -1.2794E-03
  1.0028E+02  4.6746E-02 -1.2019E-03
  1.0137E+02  4.5570E-02 -1.1284E-03
  1.0246E+02  4.4518E-02 -1.0653E-03
  1.0355E+02  4.3869E-02 -1.0174E-03
  1.0464E+02  4.3814E-02 -9.9042E-04
  1.0573E+02  4.4222E-02 -9.8618E-04
  1.0682E+02  4.4752E-02 -1.0051E-03
  1.0791E+02  4.5071E-02 -1.0428E-03
  1.0900E+02  4.5087E-02 -1.0943E-03
  1.1009E+02  4.4937E-02 -1.1532E-03
  1.1118E+02  4.4872E-02 -1.2148E-03
  1.1227E+02  4.5039E-02 -1.2747E-03
  1.1336E+02  4.5412E-02 -1.3301E-03
  1.1445E+02  4.5760E-02 -1.3780E-03
  1.1554E+02  4.5838E-02 -1.4162E-03
  1.1663E+02  4.5559E-02 -1.4428E-03
  1.1772E+02  4.5117E-02 -1.4570E-03
  1.1881E+02  4.4869E-02 -1.4603E-03
  1.1990E+02  4.5051E-02 -1.4553E-03
  1.2099E+02  4.5594E-02 -1.4456E-03
  1.2208E+02  4.6142E-02 -1.4335E-03
  1.2317E+02  4.6319E-02 -1.4201E-03
  1.2426E+02  4.5946E-02 -1.4050E-03
  1.2535E+02  4.5142E-02 -1.3881E-03
  1.2644E+02  4.4223E-02 -1.3698E-03
  1.2753E+02  4.3540E-02 -1.3521E-03
  1.2862E+02  4.3331E-02 -1.3380E-03
  1.2971E+02  4.3614E-02 -1.3305E-03
  1.3080E+02  4.4186E-02 -1.3323E-03
  1.3189E+02  4.4709E-02 -1.3438E-03
  1.3298E+02  4.4887E-02 -1.3636E-03
  1.3407E+02  4.4623E-02 -1.3889E-03
  1.3516E+02  4.4079E-02 -1.4165E-03
  1.3625E+02  4.3559E-02 -1.4439E-03
  1.3734E+02  4.3319E-02 -1.4699E-03
  1.3843E+02  4.3412E-02 -1.4938E-03
  1.3952E+02  4.3694E-02 -1.5154E-03
  1.4061E+02  4.3955E-02 -1.5340E-03
  1.4170E+02  4.4072E-02 -1.5490E-03
  1.4279E+02  4.4044E-02 -1.5602E-03
  1.4388E+02  4.3943E-02 -1.5678E-03
  1.4497E+02  4.3836E-02 -1.5722E-03
  1.4606E+02  4.3754E-02 -1.5743E-03
  1.4715E+02  4.3721E-02 -1.5747E-03
  1.4824E+02  4.3748E-02 -1.5739E-03
  1.4933E+02  4.3814E-02 -1.5726E-03
  1.5042E+02  4.3837E-02 -1.5713E-03
  1.5151E+02  4.3712E-02 -1.5702E-03
  1.5260E+02  4.3391E-02 -1.5694E-03
  1.5369E+02  4.2948E-02 -1.5689E-03
  1.5478E+02  4.2562E-02 -1.5693E-03
  1.5587E+02  4.2410E-02 -1.5717E-03
  1.5696E+02  4.2545E-02 -1.5772E-03
  1.5805E+02  4.2858E-02 -1.5868E-03
  1.5914E+02  4.3155E-02 -1.6003E-03
  1.6023E+02  4.3281E-02 -1.6167E-03
  1.6132E+02  4.3198E-02 -1.6342E-03
  1.6241E+02  4.2974E-02 -1.6512E-03
  1.6350E+02  4.2712E-02 -1.6664E-03
  1.6459E+02  4.2488E-02 -1.6793E-03
  1.6568E+02  4.2335E-02 -1.6900E-03
  1.6677E+02  4.2257E-02 -1.6989E-03
  1.6786E+02  4.2253E-02 -1.7063E-03
  1.6895E+02  4.2323E-02 -1.7128E-03
  1.7004E+02  4.2447E-02 -1.7188E-03
  1.7113E+02  4.2576E-02 -1.7245E-03
  1.7222E+02  4.2642E-02 -1.7300E-03
  1.7331E+02  4.2599E-02 -1.7350E-03
  1.7440E+02  4.2452E-02 -1.7392E-03
  1.7549E+02  4.2250E-02 -1.7425E-03
  1.7658E+02  4.2060E-02 -1.7451E-03
  1.7767E+02  4.1937E-02 -1.7476E-03
  1.7876E+02  4.1919E-02 -1.7509E-03
  1.7985E+02  4.2005E-02 -1.7558E-03
  1.8094E+02  4.2137E-02 -1.7627E-03
  1.8203E+02  4.2210E-02 -1.7715E-03
  1.8312E+02  4.2144E-02 -1.7814E-03
  1.8421E+02  4.1951E-02 -1.7915E-03
  1.8530E+02  4.1735E-02 -1.8012E-03
  1.8639E+02  4.1605E-02 -1.8105E-03
  1.8748E+02  4.1596E-02 -1.8196E-03
  1.8857E+02  4.1659E-02 -1.8289E-03
  1.8966E+02  4.1730E-02 -1.8384E-03
  1.9075E+02  4.1776E-02 -1.8478E-03
  1.9184E+02  4.1785E-02 -1.8569E-03
  1.9293E+02  4.1741E-02 -1.8654E-03
  1.9402E+02  4.1629E-02 -1.8730E-03
  1.9511E+02  4.1462E-02 -1.8795E-03
  1.9620E+02  4.1291E-02 -1.8851E-03
  1.9729E+02  4.1175E-02 -1.8899E-03
  1.9838E+02  4.1136E-02 -1.8944E-03
  1.9947E+02  4.1145E-02 -1.8993E-03
  2.0056E+02  4.1149E-02 -1.9047E-03
  2.0165E+02  4.1107E-02 -1.9108E-03
  2.0274E+02  4.1014E-02 -1.9174E-03
  2.0383E+02  4.0896E-02 -1.9244E-03
  2.0492E+02  4.0774E-02 -1.9315E-03
  2.0601E+02  4.0651E-02 -1.9388E-03
  2.0710E+02  4.0519E-02 -1.9462E-03
  2.0819E+02  4.0386E-02 -1.9534E-03
  2.0928E+02  4.0283E-02 -1.9608E-03
  2.1037E+02  4.0236E-02 -1.9684E-03
  2.1146E+02  4.0245E-02 -1.9766E-03
  2.1255E+02  4.0281E-02 -1.9852E-03
  2.1364E+02  4.0310E-02 -1.9942E-03
  2.1473E+02  4.0310E-02 -2.0031E-03
  2.1582E+02  4.0271E-02 -2.0116E-03
  2.1691E+02  4.0194E-02 -2.0197E-03
  2.1800E+02  4.0104E-02 -2.0271E-03
  2.1909E+02  4.0042E-02 -2.0340E-03
  2.2018E+02  4.0035E-02 -2.0405E-03
  2.2127E+02  4.0070E-02 -2.0468E-03
  2.2236E+02  4.0102E-02 -2.0529E-03
  2.2345E+02  4.0097E-02 -2.0589E-03
  2.2454E+02  4.0063E-02 -2.0648E-03
  2.2563E+02  4.0029E-02 -2.0709E-03
  2.2672E+02  4.0011E-02 -2.0771E-03
  2.2781E+02  4.0001E-02 -2.0836E-03
  2.2890E+02  3.9980E-02 -2.0904E-03
  2.2999E+02  3.9940E-02 -2.0973E-03
  2.3108E+02  3.9884E-02 -2.1041E-03
  2.3217E+02  3.9826E-02 -2.1110E-03
  2.3326E+02  3.9783E-02 -2.1177E-03
  2.3435E+02  3.9774E-02 -2.1246E-03
  2.3544E+02  3.9806E-02 -2.1316E-03
  2.3653E+02  3.9862E-02 -2.1391E-03
  2.3762E+02  3.9906E-02 -2.1469E-03
  2.3871E+02  3.9906E-02 -2.1550E-03
  2.3980E+02  3.9856E-02 -2.1631E-03
  2.4089E+02  3.9783E-02 -2.1709E-03
  2.4198E+02  3.9726E-02 -2.1782E-03
  2.4307E+02  3.9715E-02 -2.1851E-03
  2.4416E+02  3.9749E-02 -2.1918E-03
  2.4525E+02  3.9801E-02 -2.1987E-03
  2.4634E+02  3.9821E-02 -2.2056E-03
  2.4743E+02  3.9774E-02 -2.2127E-03
  2.4852E+02  3.9660E-02 -2.2195E-03
  2.4961E+02  3.9513E-02 -2.2259E-03
  2.5070E+02  3.9383E-02 -2.2318E-03
  2.5179E+02  3.9303E-02 -2.2375E-03
  2.5288E+02  3.9276E-02 -2.2433E-03
  2.5397E+02  3.9279E-02 -2.2495E-03
  2.5506E+02  3.9273E-02 -2.2563E-03
  2.5615E+02  3.9226E-02 -2.2635E-03
  2.5724E+02  3.9123E-02 -2.2708E-03
  2.5833E+02  3.8977E-02 -2.2779E-03
  2.5942E+02  3.8824E-02 -2.2848E-03
  2.6051E+02  3.8705E-02 -2.2914E-03
  2.6160E+02  3.8639E-02 -2.2980E-03
  2.6269E+02  3.8618E-02 -2.3049E-03
  2.6378E+02  3.8614E-02 -2.3120E-03
  2.6487E+02  3.8595E-02 -2.3194E-03
  2.6596E+02  3.8547E-02 -2.3270E-03
  2.6705E+02  3.8474E-02 -2.3344E-03
  2.6814E+02  3.8390E-02 -2.3417E-03
  2.6923E+02  3.8309E-02 -2.3487E-03
  2.7032E+02  3.8240E-02 -2.3554E-03
  2.7141E+02  3.8185E-02 -2.3619E-03
  2.7250E+02  3.8139E-02 -2.3682E-03
  2.7359E+02  3.8086E-02 -2.3744E-03
  2.7468E+02  3.8013E-02 -2.3804E-03
  2.7577E+02  3.7916E-02 -2.3864E-03
  2.7686E+02  3.7809E-02 -2.3922E-03
  2.7795E+02  3.7712E-02 -2.3979E-03
  2.7904E+02  3.7639E-02 -2.4036E-03
  2.8013E+02  3.7588E-02 -2.4094E-03
  2.8122E+02  3.7550E-02 -2.4155E-03
  2.8231E+02  3.7517E-02 -2.4219E-03
  2.8340E+02  3.7488E-02 -2.4286E-03
  2.8449E+02  3.7459E-02 -2.4355E-03
  2.8558E+02  3.7421E-02 -2.4426E-03
  2.8667E+02  3.7372E-02 -2.4497E-03
  2.8776E+02  3.7321E-02 -2.4567E-03
  2.8885E+02  3.7284E-02 -2.4635E-03
  2.8994E+02  3.7277E-02 -2.4703E-03
  2.9103E+02  3.7296E-02 -2.4771E-03
  2.9212E+02  3.7322E-02 -2.4841E-03
  2.9321E+02  3.7329E-02 -2.4910E-03
  2.9430E+02  3.7307E-02 -2.4979E-03
  2.9539E+02  3.7266E-02 -2.5045E-03
  2.9648E+02  3.7232E-02 -2.5107E-03
  2.9757E+02  3.7224E-02 -2.5168E-03
  2.9866E+02  3.7243E-02 -2.5228E-03
  2.9975E+02  3.7267E-02 -2.5289E-03
  3.0084E+02  3.7276E-02 -2.5350E-03
  3.0193E+02  3.7264E-02 -2.5412E-03
  3.0302E+02  3.7243E-02 -2.5474E-03
  3.0411E+02  3.7225E-02 -2.5535E-03
  3.0520E+02  3.7216E-02 -2.5597E-03
  3.0629E+02  3.7212E-02 -2.5660E-03
  3.0738E+02  3.7210E-02 -2.5724E-03
  3.0847E+02  3.7212E-02 -2.5789E-03
  3.0956E+02  3.7223E-02 -2.5855E-03
  3.1065E+02  3.7242E-02 -2.5923E-03
  3.1174E+02  3.7265E-02 -2.5992E-03
  3.1283E+02  3.7281E-02 -2.6063E-03
  3.1392E+02  3.7283E-02 -2.6135E-03
  3.1501E+02  3.7270E-02 -2.6205E-03
  3.1610E+02  3.7254E-02 -2.6274E-03
  3.1719E+02  3.7251E-02 -2.6340E-03
  3.1828E+02  3.7264E-02 -2.6406E-03
  3.1937E+02  3.7282E-02 -2.6471E-03
  3.2046E+02  3.7282E-02 -2.6536E-03
  3.2155E+02  3.7256E-02 -2.6600E-03
  3.2264E+02  3.7214E-02 -2.6662E-03
  3.2373E+02  3.7181E-02 -2.6723E-03
  3.2482E+02  3.7170E-02 -2.6784E-03
  3.2591E+02  3.7175E-02 -2.6845E-03
  3.2700E+02  3.7179E-02 -2.6907E-03
  3.2809E+02  3.7166E-02 -2.6971E-03
  3.2918E+02  3.7136E-02 -2.7035E-03
  3.3027E+02  3.7098E-02 -2.7099E-03
  3.3136E+02  3.7069E-02 -2.7163E-03
  3.3245E+02  3.7056E-02 -2.7228E-03
  3.3354E+02  3.7057E-02 -2.7294E-03
  3.3463E+02  3.7058E-02 -2.7361E-03
  3.3572E+02  3.7045E-02 -2.7429E-03
  3.3681E+02  3.7013E-02 -2.7496E-03
  3.3790E+02  3.6970E-02 -2.7562E-03
  3.3899E+02  3.6929E-02 -2.7627E-03
  3.4008E+02  3.6894E-02 -2.7692E-03
  3.4117E+02  3.6859E-02 -2.7755E-03
  3.4226E+02  3.6814E-02 -2.7818E-03
  3.4335E+02  3.6757E-02 -2.7880E-03
  3.4444E+02  3.6689E-02 -2.7940E-03
  3.4553E+02  3.6618E-02 -2.7998E-03
  3.4662E+02  3.6551E-02 -2.8056E-03
  3.4771E+02  3.6488E-02 -2.8114E-03
  3.4880E+02  3.6428E-02 -2.8173E-03
  3.4989E+02  3.6364E-02 -2.8232E-03
  3.5098E+02  3.6292E-02 -2.8293E-03
  3.5207E+02  3.6212E-02 -2.8354E-03
  3.5316E+02  3.6128E-02 -2.8414E-03
  3.5425E+02  3.6050E-02 -2.8475E-03
  3.5534E+02  3.5990E-02 -2.8536E-03
  3.5643E+02  3.5953E-02 -2.8599E-03
  3.5752E+02  3.5928E-02 -2.8664E-03
  3.5861E+02  3.5895E-02 -2.8730E-03
  3.5970E+02  3.5839E-02 -2.8797E-03
  3.6079E+02  3.5765E-02 -2.8862E-03
  3.6188E+02  3.5693E-02 -2.8925E-03
  3.6297E+02  3.5638E-02 -2.8986E-03
  3.6406E+02  3.5597E-02 -2.9047E-03
  3.6515E+02  3.5554E-02 -2.9106E-03
  3.6624E+02  3.5500E-02 -2.9165E-03
  3.6733E+02  3.5435E-02 -2.9223E-03
  3.6842E+02  3.5366E-02 -2.9280E-03
  3.6951E+02  3.5295E-02 -2.9335E-03
  3.7060E+02  3.5219E-02 -2.9389E-03
  3.7169E+02  3.5142E-02 -2.9443E-03
  3.7278E+02  3.5071E-02 -2.9497E-03
  3.7387E+02  3.5007E-02 -2.9551E-03
  3.7496E+02  3.4945E-02 -2.9607E-03
  3.7605E+02  3.4880E-02 -2.9664E-03
  3.7714E+02  3.4813E-02 -2.9722E-03
  3.7823E+02  3.4750E-02 -2.9781E-03
  3.7932E+02  3.4697E-02 -2.9840E-03
  3.8041E+02  3.4654E-02 -2.9901E-03
  3.8150E+02  3.4616E-02 -2.9963E-03
  3.8259E+02  3.4578E-02 -3.0026E-03
  3.8368E+02  3.4539E-02 -3.0089E-03
  3.8477E+02  3.4503E-02 -3.0151E-03
  3.8586E+02  3.4476E-02 -3.0213E-03
  3.8695E+02  3.4456E-02 -3.0275E-03
  3.8804E+02  3.4439E-02 -3.0336E-03
  3.8913E+02  3.4414E-02 -3.0395E-03
  3.9022E+02  3.4379E-02 -3.0453E-03
  3.9131E+02  3.4338E-02 -3.0510E-03
  3.9240E+02  3.4303E-02 -3.0565E-03
  3.9349E+02  3.4278E-02 -3.0618E-03
  3.9458E+02  3.4260E-02 -3.0672E-03
  3.9567E+02  3.4237E-02 -3.0725E-03
  3.9676E+02  3.4205E-02 -3.0779E-03
  3.9785E+02  3.4167E-02 -3.0833E-03
  3.9894E+02  3.4131E-02 -3.0887E-03
  4.0003E+02  3.4108E-02 -3.0941E-03
  4.0112E+02  3.4096E-02 -3.0997E-03
  4.0221E+02  3.4089E-02 -3.1055E-03
  4.0330E+02  3.4076E-02 -3.1114E-03
  4.0439E+02  3.4058E-02 -3.1173E-03
  4.0548E+02  3.4044E-02 -3.1234E-03
  4.0657E+02  3.4044E-02 -3.1295E-03
  4.0766E+02  3.4057E-02 -3.1356E-03
  4.0875E+02  3.4072E-02 -3.1419E-03
  4.0984E+02  3.4081E-02 -3.1482E-03
  4.1093E+02  3.4082E-02 -3.1544E-03
  4.1202E+02  3.4083E-02 -3.1604E-03
  4.1311E+02  3.4090E-02 -3.1664E-03
  4.1420E+02  3.4100E-02 -3.1723E-03
  4.1529E+02  3.4110E-02 -3.1781E-03
  4.1638E+02  3.4116E-02 -3.1838E-03
  4.1747E+02  3.4117E-02 -3.1894E-03
  4.1856E+02  3.4118E-02 -3.1949E-03
  4.1965E+02  3.4119E-02 -3.2004E-03
  4.2074E+02  3.4117E-02 -3.2059E-03
  4.2183E+02  3.4110E-02 -3.2113E-03
  4.2292E+02  3.4100E-02 -3.2168E-03
  4.2401E+02  3.4092E-02 -3.2223E-03
  4.2510E+02  3.4090E-02 -3.2279E-03
  4.2619E+02  3.4093E-02 -3.2336E-03
  4.2728E+02  3.4094E-02 -3.2395E-03
  4.2837E+02  3.4090E-02 -3.2454E-03
  4.2946E+02  3.4083E-02 -3.2514E-03
  4.3055E+02  3.4076E-02 -3.2574E-03
  4.3164E+02  3.4072E-02 -3.2635E-03
  4.3273E+02  3.4073E-02 -3.2697E-03
  4.3382E+02  3.4079E-02 -3.2758E-03
  4.3491E+02  3.4087E-02 -3.2820E-03
  4.3600E+02  3.4091E-02 -3.2882E-03
  4.3709E+02  3.4087E-02 -3.2943E-03
  4.3818E+02  3.4075E-02 -3.3002E-03
  4.3927E+02  3.4060E-02 -3.3061E-03
  4.4036E+02  3.4051E-02 -3.3119E-03
  4.4145E+02  3.4050E-02 -3.3176E-03
  4.4254E+02  3.4052E-02 -3.3233E-03
  4.4363E+02  3.4049E-02 -3.3289E-03
  4.4472E+02  3.4039E-02 -3.3345E-03
  4.4581E+02  3.4024E-02 -3.3401E-03
  4.4690E+02  3.4008E-02 -3.3457E-03
  4.4799E+02  3.3994E-02 -3.3513E-03
  4.4908E+02  3.3985E-02 -3.3569E-03
  4.5017E+02  3.3981E-02 -3.3626E-03
  4.5126E+02  3.3978E-02 -3.3684E-03
  4.5235E+02  3.3971E-02 -3.3742E-03
  4.5344E+02  3.3957E-02 -3.3801E-03
  4.5453E+02  3.3939E-02 -3.3860E-03
  4.5562E+02  3.3924E-02 -3.3918E-03
  4.5671E+02  3.3914E-02 -3.3977E-03
  4.5780E+02  3.3907E-02 -3.4036E-03
  4.5889E+02  3.3898E-02 -3.4095E-03
  4.5998E+02  3.3882E-02 -3.4154E-03
  4.6107E+02  3.3856E-02 -3.4213E-03
  4.6216E+02  3.3826E-02 -3.4270E-03
  4.6325E+02  3.3794E-02 -3.4326E-03
  4.6434E+02  3.3763E-02 -3.4382E-03
  4.6543E+02  3.3733E-02 -3.4437E-03
  4.6652E+02  3.3703E-02 -3.4492E-03
  4.6761E+02  3.3669E-02 -3.4546E-03
  4.6870E+02  3.3633E-02 -3.4601E-03
  4.6979E+02  3.3593E-02 -3.4655E-03
  4.7088E+02  3.3550E-02 -3.4710E-03
  4.7197E+02  3.3510E-02 -3.4765E-03
  4.7306E+02  3.3473E-02 -3.4820E-03
  4.7415E+02  3.3440E-02 -3.4875E-03
  4.7524E+02  3.3408E-02 -3.4931E-03
  4.7633E+02  3.3374E-02 -3.4988E-03
  4.7742E+02  3.3339E-02 -3.5045E-03
  4.7851E+02  3.3307E-02 -3.5102E-03
  4.7960E+02  3.3278E-02 -3.5159E-03
  4.8069E+02  3.3251E-02 -3.5216E-03
  4.8178E+02  3.3223E-02 -3.5273E-03
  4.8287E+02  3.3192E-02 -3.5330E-03
  4.8396E+02  3.3160E-02 -3.5386E-03
  4.8505E+02  3.3125E-02 -3.5442E-03
  4.8614E+02  3.3088E-02 -3.5497E-03
  4.8723E+02  3.3052E-02 -3.5551E-03
  4.8832E+02  3.3017E-02 -3.5604E-03
  4.8941E+02  3.2981E-02 -3.5657E-03
  4.9050E+02  3.2943E-02 -3.5709E-03
  4.9159E+02  3.2900E-02 -3.5762E-03
  4.9268E+02  3.2855E-02 -3.5813E-03
  4.9377E+02  3.2810E-02 -3.5865E-03
  4.9486E+02  3.2768E-02 -3.5917E-03
  4.9595E+02  3.2728E-02 -3.5969E-03
  4.9704E+02  3.2689E-02 -3.6022E-03
  4.9813E+02  3.2650E-02 -3.6075E-03
  4.9922E+02  3.2613E-02 -3.6129E-03
  5.0031E+02  3.2580E-02 -3.6183E-03
  5.0140E+02  3.2552E-02 -3.6238E-03
  5.0249E+02  3.2526E-02 -3.6294E-03
  5.0358E+02  3.2502E-02 -3.6349E-03
  5.0467E+02  3.2477E-02 -3.6405E-03
  5.0576E+02  3.2452E-02 -3.6461E-03
  5.0685E+02  3.2429E-02 -3.6517E-03
  5.0794E+02  3.2410E-02 -3.6572E-03
  5.0903E+02  3.2393E-02 -3.6627E-03
  5.1012E+02  3.2376E-02 -3.6681E-03
  5.1121E+02  3.2358E-02 -3.6734E-03
  5.1230E+02  3.2339E-02 -3.6787E-03
  5.1339E+02  3.2317E-02 -3.6840E-03
  5.1448E+02  3.2293E-02 -3.6891E-03
  5.1557E+02  3.2269E-02 -3.6942E-03
  5.1666E+02  3.2246E-02 -3.6993E-03
  5.1775E+02  3.2223E-02 -3.7044E-03
  5.1884E+02  3.2200E-02 -3.7095E-03
  5.1993E+02  3.2173E-02 -3.7146E-03
  5.2102E+02  3.2146E-02 -3.7197E-03
  5.2211E+02  3.2120E-02 -3.7248E-03
  5.2320E+02  3.2096E-02 -3.7300E-03
  5.2429E+02  3.2073E-02 -3.7353E-03
  5.2538E+02  3.2050E-02 -3.7406E-03
  5.2647E+02  3.2027E-02 -3.7460E-03
  5.2756E+02  3.2005E-02 -3.7514E-03
  5.2865E+02  3.1984E-02 -3.7569E-03
  5.2974E+02  3.1962E-02 -3.7624E-03
  5.3083E+02  3.1940E-02 -3.7678E-03
  5.3192E+02  3.1918E-02 -3.7733E-03
  5.3301E+02  3.1899E-02 -3.7787E-03
  5.3410E+02  3.1881E-02 -3.7842E-03
  5.3519E+02  3.1863E-02 -3.7895E-03
  5.3628E+02  3.1843E-02 -3.7949E-03
  5.3737E+02  3.1818E-02 -3.8002E-03
  5.3846E+02  3.1792E-02 -3.8054E-03
  5.3955E+02  3.1767E-02 -3.8106E-03
  5.4064E+02  3.1746E-02 -3.8158E-03
  5.4173E+02  3.1726E-02 -3.8209E-03
  5.4282E+02  3.1704E-02 -3.8260E-03
  5.4391E+02  3.1679E-02 -3.8312E-03
  5.4500E+02  3.1652E-02 -3.8363E-03
  5.4609E+02  3.1627E-02 -3.8414E-03
  5.4718E+02  3.1606E-02 -3.8466E-03
  5.4827E+02  3.1586E-02 -3.8518E-03
  5.4936E+02  3.1567E-02 -3.8571E-03
  5.5045E+02  3.1548E-02 -3.8624E-03
  5.5154E+02  3.1530E-02 -3.8677E-03
  5.5263E+02  3.1512E-02 -3.8730E-03
  5.5372E+02  3.1493E-02 -3.8784E-03
  5.5481E+02  3.1475E-02 -3.8837E-03
  5.5590E+02  3.1458E-02 -3.8891E-03
  5.5699E+02  3.1444E-02 -3.8944E-03
  5.5808E+02  3.1432E-02 -3.8997E-03
  5.5917E+02  3.1418E-02 -3.9050E-03
  5.6026E+02  3.1402E-02 -3.9103E-03
  5.6135E+02  3.1385E-02 -3.9155E-03
  5.6244E+02  3.1368E-02 -3.9207E-03
  5.6353E+02  3.1351E-02 -3.9259E-03
  5.6462E+02  3.1335E-02 -3.9310E-03
  5.6571E+02  3.1319E-02 -3.9361E-03
  5.6680E+02  3.1303E-02 -3.9412E-03
  5.6789E+02  3.1287E-02 -3.9463E-03
  5.6898E+02  3.1271E-02 -3.9513E-03
  5.7007E+02  3.1254E-02 -3.9564E-03
  5.7116E+02  3.1238E-02 -3.9615E-03
  5.7225E+02  3.1223E-02 -3.9666E-03
  5.7334E+02  3.1209E-02 -3.9718E-03
  5.7443E+02  3.1195E-02 -3.9769E-03
  5.7552E+02  3.1181E-02 -3.9821E-03
  5.7661E+02  3.1168E-02 -3.9873E-03
  5.7770E+02  3.1155E-02 -3.9925E-03
  5.7879E+02  3.1142E-02 -3.9977E-03
  5.7988E+02  3.1129E-02 -4.0029E-03
  5.8097E+02  3.1116E-02 -4.0081E-03
  5.8206E+02  3.1104E-02 -4.0132E-03
  5.8315E+02  3.1092E-02 -4.0184E-03
  5.8424E+02  3.1080E-02 -4.0235E-03
  5.8533E+02  3.1067E-02 -4.0286E-03
  5.8642E+02  3.1051E-02 -4.0337E-03
  5.8751E+02  3.1034E-02 -4.0387E-03
  5.8860E+02  3.1017E-02 -4.0438E-03
  5.8969E+02  3.1003E-02 -4.0488E-03
  5.9078E+02  3.0990E-02 -4.0537E-03
  5.9187E+02  3.0976E-02 -4.0587E-03
  5.9296E+02  3.0959E-02 -4.0637E-03
  5.9405E+02  3.0941E-02 -4.0687E-03
  5.9514E+02  3.0924E-02 -4.0738E-03
  5.9623E+02  3.0910E-02 -4.0788E-03
  5.9732E+02  3.0896E-02 -4.0838E-03
  5.9841E+02  3.0881E-02 -4.0889E-03
  5.9950E+02  3.0866E-02 -4.0940E-03
  6.0059E+02  3.0849E-02 -4.0991E-03
  6.0168E+02  3.0833E-02 -4.1042E-03
  6.0277E+02  3.0817E-02 -4.1092E-03
  6.0386E+02  3.0802E-02 -4.1143E-03
  6.0495E+02  3.0788E-02 -4.1194E-03
  6.0604E+02  3.0772E-02 -4.1245E-03
  6.0713E+02  3.0754E-02 -4.1296E-03
  6.0822E+02  3.0733E-02 -4.1347E-03
  6.0931E+02  3.0710E-02 -4.1397E-03
  6.1040E+02  3.0689E-02 -4.1447E-03
  6.1149E+02  3.0670E-02 -4.1497E-03
  6.1258E+02  3.0651E-02 -4.1546E-03
  6.1367E+02  3.0628E-02 -4.1596E-03
  6.1476E+02  3.0602E-02 -4.1645E-03
  6.1585E+02  3.0576E-02 -4.1695E-03
  6.1694E+02  3.0550E-02 -4.1744E-03
  6.1803E+02  3.0528E-02 -4.1793E-03
  6.1912E+02  3.0507E-02 -4.1843E-03
  6.2021E+02  3.0485E-02 -4.1893E-03
  6.2130E+02  3.0461E-02 -4.1943E-03
  6.2239E+02  3.0437E-02 -4.1993E-03
  6.2348E+02  3.0414E-02 -4.2043E-03
  6.2457E+02  3.0394E-02 -4.2093E-03
  6.2566E+02  3.0375E-02 -4.2143E-03
  6.2675E+02  3.0356E-02 -4.2194E-03
  6.2784E+02  3.0336E-02 -4.2244E-03
  6.2893E+02  3.0317E-02 -4.2295E-03
  6.3002E+02  3.0298E-02 -4.2345E-03
  6.3111E+02  3.0280E-02 -4.2395E-03
  6.3220E+02  3.0262E-02 -4.2445E-03
  6.3329E+02  3.0244E-02 -4.2494E-03
  6.3438E+02  3.0224E-02 -4.2544E-03
  6.3547E+02  3.0204E-02 -4.2593E-03
  6.3656E+02  3.0183E-02 -4.2642E-03
  6.3765E+02  3.0163E-02 -4.2690E-03
  6.3874E+02  3.0142E-02 -4.2739E-03
  6.3983E+02  3.0121E-02 -4.2787E-03
  6.4092E+02  3.0099E-02 -4.2836E-03
  6.4201E+02  3.0077E-02 -4.2884E-03
  6.4310E+02  3.0055E-02 -4.2932E-03
  6.4419E+02  3.0031E-02 -4.2980E-03
  6.4528E+02  3.0008E-02 -4.3029E-03
  6.4637E+02  2.9984E-02 -4.3077E-03
  6.4746E+02  2.9961E-02 -4.3126E-03
  6.4855E+02  2.9939E-02 -4.3175E-03
  6.4964E+02  2.9917E-02 -4.3223E-03
  6.5073E+02  2.9896E-02 -4.3272E-03
  6.5182E+02  2.9873E-02 -4.3321E-03
  6.5291E+02  2.9850E-02 -4.3370E-03
  6.5400E+02  2.9827E-02 -4.3419E-03
  6.5509E+02  2.9805E-02 -4.3468E-03
  6.5618E+02  2.9784E-02 -4.3517E-03
  6.5727E+02  2.9765E-02 -4.3565E-03
  6.5836E+02  2.9745E-02 -4.3614E-03
  6.5945E+02  2.9723E-02 -4.3662E-03
  6.6054E+02  2.9702E-02 -4.3710E-03
  6.6163E+02  2.9681E-02 -4.3758E-03
  6.6272E+02  2.9662E-02 -4.3806E-03
  6.6381E+02  2.9643E-02 -4.3854E-03
  6.6490E+02  2.9624E-02 -4.3901E-03
  6.6599E+02  2.9605E-02 -4.3949E-03
  6.6708E+02  2.9586E-02 -4.3996E-03
  6.6817E+02  2.9569E-02 -4.4044E-03
  6.6926E+02  2.9553E-02 -4.4091E-03
  6.7035E+02  2.9536E-02 -4.4139E-03
  6.7144E+02  2.9519E-02 -4.4186E-03
  6.7253E+02  2.9502E-02 -4.4234E-03
  6.7362E+02  2.9487E-02 -4.4281E-03
  6.7471E+02  2.9474E-02 -4.4329E-03
  6.7580E+02  2.9460E-02 -4.4377E-03
  6.7689E+02  2.9447E-02 -4.4425E-03
  6.7798E+02  2.9433E-02 -4.4473E-03
  6.7907E+02  2.9418E-02 -4.4521E-03
  6.8016E+02  2.9404E-02 -4.4568E-03
  6.8125E+02  2.9391E-02 -4.4616E-03
  6.8234E+02  2.9379E-02 -4.4663E-03
  6.8343E+02  2.9367E-02 -4.4711E-03
  6.8452E+02  2.9355E-02 -4.4759E-03
  6.8561E+02  2.9342E-02 -4.4806E-03
  6.8670E+02  2.9329E-02 -4.4853E-03
  6.8779E+02  2.9316E-02 -4.4901E-03
  6.8888E+02  2.9304E-02 -4.4948E-03
  6.8997E+02  2.9292E-02 -4.4995E-03
  6.9106E+02  2.9281E-02 -4.5042E-03
  6.9215E+02  2.9269E-02 -4.5090E-03
  6.9324E+02  2.9258E-02 -4.5137E-03
  6.9433E+02  2.9246E-02 -4.5184E-03
  6.9542E+02  2.9234E-02 -4.5232E-03
  6.9651E+02  2.9222E-02 -4.5279E-03
  6.9760E+02  2.9209E-02 -4.5326E-03
  6.9869E+02  2.9197E-02 -4.5373E-03
  6.9978E+02  2.9186E-02 -4.5421E-03
  7.0087E+02  2.9175E-02 -4.5468E-03
  7.0196E+02  2.9163E-02 -4.5516E-03
  7.0305E+02  2.9147E-02 -4.5563E-03
  7.0414E+02  2.9131E-02 -4.5610E-03
  7.0523E+02  2.9117E-02 -4.5657E-03
  7.0632E+02  2.9104E-02 -4.5704E-03
  7.0741E+02  2.9091E-02 -4.5751E-03
  7.0850E+02  2.9076E-02 -4.5798E-03
  7.0959E+02  2.9058E-02 -4.5845E-03
  7.1068E+02  2.9040E-02 -4.5891E-03
  7.1177E+02  2.9023E-02 -4.5938E-03
  7.1286E+02  2.9007E-02 -4.5985E-03
  7.1395E+02  2.8992E-02 -4.6031E-03
  7.1504E+02  2.8975E-02 -4.6078E-03
  7.1613E+02  2.8958E-02 -4.6124E-03
  7.1722E+02  2.8940E-02 -4.6171E-03
  7.1831E+02  2.8923E-02 -4.6218E-03
  7.1940E+02  2.8906E-02 -4.6264E-03
  7.2049E+02  2.8891E-02 -4.6311E-03
  7.2158E+02  2.8875E-02 -4.6357E-03
  7.2267E+02  2.8859E-02 -4.6404E-03
  7.2376E+02  2.8843E-02 -4.6450E-03
  7.2485E+02  2.8827E-02 -4.6497E-03
  7.2594E+02  2.8811E-02 -4.6543E-03
  7.2703E+02  2.8796E-02 -4.6590E-03
  7.2812E+02  2.8782E-02 -4.6636E-03
  7.2921E+02  2.8767E-02 -4.6682E-03
  7.3030E+02  2.8751E-02 -4.6728E-03
  7.3139E+02  2.8735E-02 -4.6774E-03
  7.3248E+02  2.8720E-02 -4.6820E-03
  7.3357E+02  2.8705E-02 -4.6866E-03
  7.3466E+02  2.8690E-02 -4.6911E-03
  7.3575E+02  2.8675E-02 -4.6957E-03
  7.3684E+02  2.8659E-02 -4.7003E-03
  7.3793E+02  2.8644E-02 -4.7048E-03
  7.3902E+02  2.8629E-02 -4.7093E-03
  7.4011E+02  2.8614E-02 -4.7139E-03
  7.4120E+02  2.8599E-02 -4.7184E-03
  7.4229E+02  2.8584E-02 -4.7230E-03
  7.4338E+02  2.8569E-02 -4.7275E-03
  7.4447E+02  2.8554E-02 -4.7321E-03
  7.4556E+02  2.8540E-02 -4.7366E-03
  7.4665E+02  2.8525E-02 -4.7412E-03
  7.4774E+02  2.8509E-02 -4.7457E-03
  7.4883E+02  2.8494E-02 -4.7502E-03
  7.4992E+02  2.8478E-02 -4.7548E-03
  7.5101E+02  2.8463E-02 -4.7593E-03
  7.5210E+02  2.8447E-02 -4.7638E-03
  7.5319E+02  2.8431E-02 -4.7683E-03
  7.5428E+02  2.8414E-02 -4.7728E-03
  7.5537E+02  2.8396E-02 -4.7773E-03
  7.5646E+02  2.8379E-02 -4.7818E-03
  7.5755E+02  2.8362E-02 -4.7863E-03
  7.5864E+02  2.8345E-02 -4.7908E-03
  7.5973E+02  2.8327E-02 -4.7953E-03
  7.6082E+02  2.8308E-02 -4.7997E-03
  7.6191E+02  2.8290E-02 -4.8042E-03
  7.6300E+02  2.8272E-02 -4.8087E-03
  7.6409E+02  2.8255E-02 -4.8131E-03
  7.6518E+02  2.8238E-02 -4.8176E-03
  7.6627E+02  2.8221E-02 -4.8221E-03
  7.6736E+02  2.8204E-02 -4.8266E-03
  7.6845E+02  2.8187E-02 -4.8310E-03
  7.6954E+02  2.8171E-02 -4.8355E-03
  7.7063E+02  2.8155E-02 -4.8400E-03
  7.7172E+02  2.8141E-02 -4.8445E-03
  7.7281E+02  2.8127E-02 -4.8490E-03
  7.7390E+02  2.8113E-02 -4.8535E-03
  7.7499E+02  2.8099E-02 -4.8580E-03
  7.7608E+02  2.8085E-02 -4.8624E-03
  7.7717E+02  2.8072E-02 -4.8669E-03
  7.7826E+02  2.8060E-02 -4.8714E-03
  7.7935E+02  2.8048E-02 -4.8759E-03
  7.8044E+02  2.8037E-02 -4.8803E-03
  7.8153E+02  2.8025E-02 -4.8848E-03
  7.8262E+02  2.8013E-02 -4.8892E-03
  7.8371E+02  2.8003E-02 -4.8937E-03
  7.8480E+02  2.7993E-02 -4.8981E-03
  7.8589E+02  2.7984E-02 -4.9026E-03
  7.8698E+02  2.7974E-02 -4.9070E-03
  7.8807E+02  2.7964E-02 -4.9115E-03
  7.8916E+02  2.7955E-02 -4.9160E-03
  7.9025E+02  2.7947E-02 -4.9204E-03
  7.9134E+02  2.7938E-02 -4.9249E-03
  7.9243E+02  2.7930E-02 -4.9294E-03
  7.9352E+02  2.7922E-02 -4.9338E-03
  7.9461E+02  2.7914E-02 -4.9383E-03
  7.9570E+02  2.7906E-02 -4.9428E-03
  7.9679E+02  2.7898E-02 -4.9473E-03
  7.9788E+02  2.7889E-02 -4.9517E-03
  7.9897E+02  2.7881E-02 -4.9562E-03
  8.0006E+02  2.7872E-02 -4.9607E-03
  8.0115E+02  2.7864E-02 -4.9651E-03
  8.0224E+02  2.7855E-02 -4.9696E-03
  8.0333E+02  2.7845E-02 -4.9740E-03
  8.0442E+02  2.7835E-02 -4.9785E-03
  8.0551E+02  2.7824E-02 -4.9829E-03
  8.0660E+02  2.7813E-02 -4.9874E-03
  8.0769E+02  2.7803E-02 -4.9918E-03
  8.0878E+02  2.7793E-02 -4.9962E-03
  8.0987E+02  2.7781E-02 -5.0007E-03
  8.1096E+02  2.7769E-02 -5.0051E-03
  8.1205E+02  2.7756E-02 -5.0095E-03
  8.1314E+02  2.7743E-02 -5.0140E-03
  8.1423E+02  2.7730E-02 -5.0184E-03
  8.1532E+02  2.7718E-02 -5.0228E-03
  8.1641E+02  2.7704E-02 -5.0273E-03
  8.1750E+02  2.7690E-02 -5.0317E-03
  8.1859E+02  2.7675E-02 -5.0361E-03
  8.1968E+02  2.7660E-02 -5.0405E-03
  8.2077E+02  2.7644E-02 -5.0449E-03
  8.2186E+02  2.7627E-02 -5.0493E-03
  8.2295E+02  2.7611E-02 -5.0538E-03
  8.2404E+02  2.7594E-02 -5.0581E-03
  8.2513E+02  2.7576E-02 -5.0625E-03
  8.2622E+02  2.7557E-02 -5.0669E-03
  8.2731E+02  2.7537E-02 -5.0713E-03
  8.2840E+02  2.7518E-02 -5.0756E-03
  8.2949E+02  2.7498E-02 -5.0800E-03
  8.3058E+02  2.7477E-02 -5.0843E-03
  8.3167E+02  2.7456E-02 -5.0887E-03
  8.3276E+02  2.7435E-02 -5.0930E-03
  8.3385E+02  2.7414E-02 -5.0973E-03
  8.3494E+02  2.7393E-02 -5.1016E-03
  8.3603E+02  2.7371E-02 -5.1060E-03
  8.3712E+02  2.7350E-02 -5.1103E-03
  8.3821E+02  2.7329E-02 -5.1146E-03
  8.3930E+02  2.7308E-02 -5.1189E-03
  8.4039E+02  2.7288E-02 -5.1233E-03
  8.4148E+02  2.7268E-02 -5.1276E-03
  8.4257E+02  2.7248E-02 -5.1319E-03
  8.4366E+02  2.7228E-02 -5.1362E-03
  8.4475E+02  2.7209E-02 -5.1405E-03
  8.4584E+02  2.7190E-02 -5.1448E-03
  8.4693E+02  2.7172E-02 -5.1491E-03
  8.4802E+02  2.7154E-02 -5.1534E-03
  8.4911E+02  2.7136E-02 -5.1577E-03
  8.5020E+02  2.7119E-02 -5.1620E-03
  8.5129E+02  2.7102E-02 -5.1662E-03
  8.5238E+02  2.7085E-02 -5.1705E-03
  8.5347E+02  2.7069E-02 -5.1747E-03
  8.5456E+02  2.7053E-02 -5.1790E-03
  8.5565E+02  2.7037E-02 -5.1832E-03
  8.5674E+02  2.7021E-02 -5.1874E-03
  8.5783E+02  2.7007E-02 -5.1916E-03
  8.5892E+02  2.6993E-02 -5.1959E-03
  8.6001E+02  2.6979E-02 -5.2001E-03
  8.6110E+02  2.6966E-02 -5.2043E-03
  8.6219E+02  2.6953E-02 -5.2085E-03
  8.6328E+02  2.6941E-02 -5.2127E-03
  8.6437E+02  2.6929E-02 -5.2170E-03
  8.6546E+02  2.6917E-02 -5.2212E-03
  8.6655E+02  2.6906E-02 -5.2254E-03
  8.6764E+02  2.6895E-02 -5.2296E-03
  8.6873E+02  2.6885E-02 -5.2338E-03
  8.6982E+02  2.6874E-02 -5.2381E-03
  8.7091E+02  2.6864E-02 -5.2423E-03
  8.7200E+02  2.6853E-02 -5.2465E-03
  8.7309E+02  2.6842E-02 -5.2507E-03
  8.7418E+02  2.6832E-02 -5.2548E-03
  8.7527E+02  2.6821E-02 -5.2590E-03
  8.7636E+02  2.6810E-02 -5.2632E-03
  8.7745E+02  2.6799E-02 -5.2674E-03
  8.7854E+02  2.6788E-02 -5.2715E-03
  8.7963E+02  2.6776E-02 -5.2757E-03
  8.8072E+02  2.6764E-02 -5.2798E-03
  8.8181E+02  2.6752E-02 -5.2840E-03
  8.8290E+02  2.6740E-02 -5.2881E-03
  8.8399E+02  2.6727E-02 -5.2923E-03
  8.8508E+02  2.6715E-02 -5.2965E-03
  8.8617E+02  2.6702E-02 -5.3006E-03
  8.8726E+02  2.6689E-02 -5.3048E-03
  8.8835E+02  2.6676E-02 -5.3089E-03
  8.8944E+02  2.6664E-02 -5.3131E-03
  8.9053E+02  2.6651E-02 -5.3172E-03
  8.9162E+02  2.6638E-02 -5.3214E-03
  8.9271E+02  2.6624E-02 -5.3256E-03
  8.9380E+02  2.6611E-02 -5.3297E-03
  8.9489E+02  2.6598E-02 -5.3339E-03
  8.9598E+02  2.6584E-02 -5.3380E-03
  8.9707E+02  2.6570E-02 -5.3422E-03
  8.9816E+02  2.6557E-02 -5.3463E-03
  8.9925E+02  2.6543E-02 -5.3504E-03
  9.0034E+02  2.6528E-02 -5.3546E-03
  9.0143E+02  2.6514E-02 -5.3587E-03
  9.0252E+02  2.6500E-02 -5.3628E-03
  9.0361E+02  2.6485E-02 -5.3669E-03
  9.0470E+02  2.6471E-02 -5.3710E-03
  9.0579E+02  2.6457E-02 -5.3751E-03
  9.0688E+02  2.6442E-02 -5.3792E-03
  9.0797E+02  2.6428E-02 -5.3833E-03
  9.0906E+02  2.6414E-02 -5.3874E-03
  9.1015E+02  2.6400E-02 -5.3915E-03
  9.1124E+02  2.6386E-02 -5.3956E-03
  9.1233E+02  2.6373E-02 -5.3997E-03
  9.1342E+02  2.6360E-02 -5.4038E-03
  9.1451E+02  2.6346E-02 -5.4079E-03
  9.1560E+02  2.6333E-02 -5.4120E-03
  9.1669E+02  2.6321E-02 -5.4161E-03
  9.1778E+02  2.6308E-02 -5.4202E-03
  9.1887E+02  2.6296E-02 -5.4243E-03
  9.1996E+02  2.6284E-02 -5.4284E-03
  9.2105E+02  2.6272E-02 -5.4325E-03
  9.2214E+02  2.6260E-02 -5.4366E-03
  9.2323E+02  2.6248E-02 -5.4407E-03
  9.2432E+02  2.6236E-02 -5.4447E-03
  9.2541E+02  2.6224E-02 -5.4488E-03
  9.2650E+02  2.6213E-02 -5.4528E-03
  9.2759E+02  2.6201E-02 -5.4569E-03
  9.2868E+02  2.6190E-02 -5.4609E-03
  9.2977E+02  2.6178E-02 -5.4650E-03
  9.3086E+02  2.6167E-02 -5.4690E-03
  9.3195E+02  2.6156E-02 -5.4731E-03
  9.3304E+02  2.6145E-02 -5.4771E-03
  9.3413E+02  2.6135E-02 -5.4812E-03
  9.3522E+02  2.6124E-02 -5.4852E-03
  9.3631E+02  2.6114E-02 -5.4892E-03
  9.3740E+02  2.6103E-02 -5.4933E-03
  9.3849E+02  2.6093E-02 -5.4973E-03
  9.3958E+02  2.6084E-02 -5.5014E-03
  9.4067E+02  2.6074E-02 -5.5054E-03
  9.4176E+02  2.6064E-02 -5.5095E-03
  9.4285E+02  2.6054E-02 -5.5135E-03
  9.4394E+02  2.6045E-02 -5.5175E-03
  9.4503E+02  2.6035E-02 -5.5216E-03
  9.4612E+02  2.6025E-02 -5.5256E-03
  9.4721E+02  2.6015E-02 -5.5296E-03
  9.4830E+02  2.6005E-02 -5.5336E-03
  9.4939E+02  2.5995E-02 -5.5376E-03
  9.5048E+02  2.5984E-02 -5.5416E-03
  9.5157E+02  2.5974E-02 -5.5456E-03
  9.5266E+02  2.5963E-02 -5.5496E-03
  9.5375E+02  2.5952E-02 -5.5536E-03
  9.5484E+02  2.5942E-02 -5.5576E-03
  9.5593E+02  2.5931E-02 -5.5616E-03
  9.5702E+02  2.5921E-02 -5.5656E-03
  9.5811E+02  2.5910E-02 -5.5696E-03
  9.5920E+02  2.5899E-02 -5.5736E-03
  9.6029E+02  2.5888E-02 -5.5776E-03
  9.6138E+02  2.5878E-02 -5.5815E-03
  9.6247E+02  2.5867E-02 -5.5855E-03
  9.6356E+02  2.5856E-02 -5.5895E-03
  9.6465E+02  2.5845E-02 -5.5935E-03
  9.6574E+02  2.5834E-02 -5.5975E-03
  9.6683E+02  2.5823E-02 -5.6015E-03
  9.6792E+02  2.5812E-02 -5.6055E-03
  9.6901E+02  2.5801E-02 -5.6095E-03
  9.7010E+02  2.5789E-02 -5.6135E-03
  9.7119E+02  2.5777E-02 -5.6174E-03
  9.7228E+02  2.5765E-02 -5.6214E-03
  9.7337E+02  2.5752E-02 -5.6254E-03
  9.7446E+02  2.5740E-02 -5.6293E-03
  9.7555E+02  2.5727E-02 -5.6333E-03
  9.7664E+02  2.5713E-02 -5.6372E-03
  9.7773E+02  2.5700E-02 -5.6411E-03
  9.7882E+02  2.5686E-02 -5.6451E-03
  9.7991E+02  2.5672E-02 -5.6490E-03
  9.8100E+02  2.5658E-02 -5.6530E-03
  9.8209E+02  2.5644E-02 -5.6569E-03
  9.8318E+02  2.5630E-02 -5.6608E-03
  9.8427E+02  2.5616E-02 -5.6648E-03
  9.8536E+02  2.5602E-02 -5.6687E-03
  9.8645E+02  2.5588E-02 -5.6727E-03
  9.8754E+02  2.5574E-02 -5.6766E-03
  9.8863E+02  2.5560E-02 -5.6805E-03
  9.8972E+02  2.5546E-02 -5.6845E-03
  9.9081E+02  2.5532E-02 -5.6884E-03
  9.9190E+02  2.5519E-02 -5.6924E-03
  9.9299E+02  2.5505E-02 -5.6963E-03
  9.9408E+02  2.5492E-02 -5.7003E-03
  9.9517E+02  2.5478E-02 -5.7042E-03
  9.9626E+02  2.5465E-02 -5.7081E-03
  9.9735E+02  2.5452E-02 -5.7120E-03
  9.9844E+02  2.5439E-02 -5.7159E-03
  9.9953E+02  2.5426E-02 -5.7198E-03
  1.0006E+03  2.5413E-02 -5.7237E-03
  1.0017E+03  2.5401E-02 -5.7276E-03
  1.0028E+03  2.5388E-02 -5.7315E-03
  1.0039E+03  2.5376E-02 -5.7354E-03
  1.0050E+03  2.5364E-02 -5.7393E-03
  1.0061E+03  2.5352E-02 -5.7432E-03
  1.0072E+03  2.5340E-02 -5.7471E-03
  1.0083E+03  2.5329E-02 -5.7510E-03
  1.0093E+03  2.5318E-02 -5.7549E-03
  1.0104E+03  2.5307E-02 -5.7588E-03
  1.0115E+03  2.5296E-02 -5.7627E-03
  1.0126E+03  2.5286E-02 -5.7666E-03
  1.0137E+03  2.5276E-02 -5.7705E-03
  1.0148E+03  2.5266E-02 -5.7744E-03
  1.0159E+03  2.5257E-02 -5.7783E-03
  1.0170E+03  2.5247E-02 -5.7822E-03
  1.0181E+03  2.5237E-02 -5.7861E-03
  1.0192E+03  2.5228E-02 -5.7899E-03
  1.0202E+03  2.5218E-02 -5.7938E-03
  1.0213E+03  2.5209E-02 -5.7977E-03
  1.0224E+03  2.5200E-02 -5.8016E-03
  1.0235E+03  2.5190E-02 -5.8054E-03
  1.0246E+03  2.5181E-02 -5.8093E-03
  1.0257E+03  2.5171E-02 -5.8132E-03
  1.0268E+03  2.5162E-02 -5.8170E-03
  1.0279E+03  2.5152E-02 -5.8209E-03
  1.0290E+03  2.5142E-02 -5.8247E-03
  1.0301E+03  2.5132E-02 -5.8286E-03
  1.0311E+03  2.5122E-02 -5.8324E-03
  1.0322E+03  2.5112E-02 -5.8363E-03
  1.0333E+03  2.5102E-02 -5.8401E-03
  1.0344E+03  2.5092E-02 -5.8439E-03
  1.0355E+03  2.5082E-02 -5.8478E-03
  1.0366E+03  2.5071E-02 -5.8516E-03
  1.0377E+03  2.5061E-02 -5.8555E-03
  1.0388E+03  2.5050E-02 -5.8593E-03
  1.0399E+03  2.5039E-02 -5.8632E-03
  1.0410E+03  2.5028E-02 -5.8670E-03
  1.0420E+03  2.5017E-02 -5.8708E-03
  1.0431E+03  2.5006E-02 -5.8747E-03
  1.0442E+03  2.4994E-02 -5.8785E-03
  1.0453E+03  2.4982E-02 -5.8823E-03
  1.0464E+03  2.4970E-02 -5.8861E-03
  1.0475E+03  2.4958E-02 -5.8900E-03
  1.0486E+03  2.4946E-02 -5.8938E-03
  1.0497E+03  2.4934E-02 -5.8976E-03
  1.0508E+03  2.4921E-02 -5.9014E-03
  1.0519E+03  2.4909E-02 -5.9052E-03
  1.0529E+03  2.4896E-02 -5.9090E-03
  1.0540E+03  2.4883E-02 -5.9128E-03
  1.0551E+03  2.4871E-02 -5.9165E-03
  1.0562E+03  2.4858E-02 -5.9203E-03
  1.0573E+03  2.4845E-02 -5.9241E-03
  1.0584E+03  2.4832E-02 -5.9279E-03
  1.0595E+03  2.4819E-02 -5.9317E-03
  1.0606E+03  2.4807E-02 -5.9355E-03
  1.0617E+03  2.4794E-02 -5.9393E-03
  1.0628E+03  2.4781E-02 -5.9430E-03
  1.0638E+03  2.4768E-02 -5.9468E-03
  1.0649E+03  2.4755E-02 -5.9506E-03
  1.0660E+03  2.4743E-02 -5.9543E-03
  1.0671E+03  2.4730E-02 -5.9581E-03
  1.0682E+03  2.4717E-02 -5.9619E-03
  1.0693E+03  2.4704E-02 -5.9656E-03
  1.0704E+03  2.4692E-02 -5.9694E-03
  1.0715E+03  2.4679E-02 -5.9731E-03
  1.0726E+03  2.4666E-02 -5.9768E-03
  1.0737E+03  2.4654E-02 -5.9806E-03
  1.0747E+03  2.4641E-02 -5.9843E-03
  1.0758E+03  2.4629E-02 -5.9880E-03
  1.0769E+03  2.4617E-02 -5.9918E-03
  1.0780E+03  2.4604E-02 -5.9955E-03
  1.0791E+03  2.4592E-02 -5.9992E-03
  1.0802E+03  2.4580E-02 -6.0029E-03
  1.0813E+03  2.4569E-02 -6.0067E-03
  1.0824E+03  2.4557E-02 -6.0104E-03
  1.0835E+03  2.4546E-02 -6.0141E-03
  1.0846E+03  2.4534E-02 -6.0178E-03
  1.0856E+03  2.4523E-02 -6.0215E-03
  1.0867E+03  2.4512E-02 -6.0252E-03
  1.0878E+03  2.4501E-02 -6.0289E-03
  1.0889E+03  2.4490E-02 -6.0326E-03
  1.0900E+03  2.4479E-02 -6.0363E-03
  1.0911E+03  2.4469E-02 -6.0400E-03
  1.0922E+03  2.4458E-02 -6.0437E-03
  1.0933E+03  2.4447E-02 -6.0474E-03
  1.0944E+03  2.4437E-02 -6.0511E-03
  1.0955E+03  2.4426E-02 -6.0548E-03
  1.0965E+03  2.4415E-02 -6.0584E-03
  1.0976E+03  2.4404E-02 -6.0621E-03
  1.0987E+03  2.4394E-02 -6.0658E-03
  1.0998E+03  2.4383E-02 -6.0694E-03
  1.1009E+03  2.4372E-02 -6.0731E-03
  1.1020E+03  2.4362E-02 -6.0768E-03
  1.1031E+03  2.4351E-02 -6.0804E-03
  1.1042E+03  2.4341E-02 -6.0841E-03
  1.1053E+03  2.4330E-02 -6.0877E-03
  1.1064E+03  2.4320E-02 -6.0914E-03
  1.1074E+03  2.4309E-02 -6.0950E-03
  1.1085E+03  2.4299E-02 -6.0987E-03
  1.1096E+03  2.4289E-02 -6.1023E-03
  1.1107E+03  2.4278E-02 -6.1060E-03
  1.1118E+03  2.4268E-02 -6.1096E-03
  1.1129E+03  2.4258E-02 -6.1133E-03
  1.1140E+03  2.4247E-02 -6.1169E-03
  1.1151E+03  2.4237E-02 -6.1205E-03
  1.1162E+03  2.4227E-02 -6.1242E-03
  1.1173E+03  2.4216E-02 -6.1278E-03
  1.1183E+03  2.4206E-02 -6.1314E-03
  1.1194E+03  2.4196E-02 -6.1350E-03
  1.1205E+03  2.4185E-02 -6.1386E-03
  1.1216E+03  2.4175E-02 -6.1423E-03
  1.1227E+03  2.4164E-02 -6.1459E-03
  1.1238E+03  2.4154E-02 -6.1495E-03
  1.1249E+03  2.4143E-02 -6.1531E-03
  1.1260E+03  2.4133E-02 -6.1567E-03
  1.1271E+03  2.4122E-02 -6.1603E-03
  1.1282E+03  2.4112E-02 -6.1639E-03
  1.1292E+03  2.4101E-02 -6.1675E-03
  1.1303E+03  2.4091E-02 -6.1711E-03
  1.1314E+03  2.4080E-02 -6.1746E-03
  1.1325E+03  2.4070E-02 -6.1782E-03
  1.1336E+03  2.4059E-02 -6.1818E-03
  1.1347E+03  2.4049E-02 -6.1854E-03
  1.1358E+03  2.4038E-02 -6.1890E-03
  1.1369E+03  2.4028E-02 -6.1926E-03
  1.1380E+03  2.4018E-02 -6.1962E-03
  1.1391E+03  2.4007E-02 -6.1997E-03
  1.1401E+03  2.3997E-02 -6.2033E-03
  1.1412E+03  2.3986E-02 -6.2069E-03
  1.1423E+03  2.3976E-02 -6.2105E-03
  1.1434E+03  2.3965E-02 -6.2140E-03
  1.1445E+03  2.3955E-02 -6.2176E-03
  1.1456E+03  2.3944E-02 -6.2211E-03
  1.1467E+03  2.3934E-02 -6.2247E-03
  1.1478E+03  2.3923E-02 -6.2282E-03
  1.1489E+03  2.3913E-02 -6.2318E-03
  1.1500E+03  2.3902E-02 -6.2353E-03
  1.1510E+03  2.3891E-02 -6.2389E-03
  1.1521E+03  2.3881E-02 -6.2424E-03
  1.1532E+03  2.3870E-02 -6.2460E-03
  1.1543E+03  2.3859E-02 -6.2495E-03
  1.1554E+03  2.3849E-02 -6.2531E-03
  1.1565E+03  2.3838E-02 -6.2566E-03
  1.1576E+03  2.3827E-02 -6.2601E-03
  1.1587E+03  2.3816E-02 -6.2637E-03
  1.1598E+03  2.3805E-02 -6.2672E-03
  1.1609E+03  2.3794E-02 -6.2707E-03
  1.1619E+03  2.3783E-02 -6.2742E-03
  1.1630E+03  2.3772E-02 -6.2778E-03
  1.1641E+03  2.3761E-02 -6.2813E-03
  1.1652E+03  2.3750E-02 -6.2848E-03
  1.1663E+03  2.3739E-02 -6.2883E-03
  1.1674E+03  2.3728E-02 -6.2918E-03
  1.1685E+03  2.3716E-02 -6.2954E-03
  1.1696E+03  2.3705E-02 -6.2989E-03
  1.1707E+03  2.3694E-02 -6.3024E-03
  1.1718E+03  2.3683E-02 -6.3059E-03
  1.1728E+03  2.3671E-02 -6.3094E-03
  1.1739E+03  2.3660E-02 -6.3129E-03
  1.1750E+03  2.3649E-02 -6.3164E-03
  1.1761E+03  2.3638E-02 -6.3199E-03
  1.1772E+03  2.3627E-02 -6.3234E-03
  1.1783E+03  2.3616E-02 -6.3269E-03
  1.1794E+03  2.3605E-02 -6.3304E-03
  1.1805E+03  2.3594E-02 -6.3339E-03
  1.1816E+03  2.3583E-02 -6.3374E-03
  1.1827E+03  2.3572E-02 -6.3408E-03
  1.1837E+03  2.3561E-02 -6.3443E-03
  1.1848E+03  2.3550E-02 -6.3478E-03
  1.1859E+03  2.3540E-02 -6.3513E-03
  1.1870E+03  2.3529E-02 -6.3548E-03
  1.1881E+03  2.3519E-02 -6.3582E-03
  1.1892E+03  2.3508E-02 -6.3617E-03
  1.1903E+03  2.3498E-02 -6.3652E-03
  1.1914E+03  2.3487E-02 -6.3686E-03
  1.1925E+03  2.3477E-02 -6.3721E-03
  1.1936E+03  2.3467E-02 -6.3756E-03
  1.1946E+03  2.3457E-02 -6.3790E-03
  1.1957E+03  2.3447E-02 -6.3825E-03
  1.1968E+03  2.3437E-02 -6.3859E-03
  1.1979E+03  2.3427E-02 -6.3894E-03
  1.1990E+03  2.3417E-02 -6.3928E-03
  1.2001E+03  2.3407E-02 -6.3963E-03
  1.2012E+03  2.3398E-02 -6.3997E-03
  1.2023E+03  2.3388E-02 -6.4032E-03
  1.2034E+03  2.3379E-02 -6.4066E-03
  1.2045E+03  2.3370E-02 -6.4101E-03
  1.2055E+03  2.3360E-02 -6.4135E-03
  1.2066E+03  2.3351E-02 -6.4170E-03
  1.2077E+03  2.3342E-02 -6.4204E-03
  1.2088E+03  2.3333E-02 -6.4239E-03
  1.2099E+03  2.3324E-02 -6.4273E-03
  1.2110E+03  2.3315E-02 -6.4307E-03
  1.2121E+03  2.3307E-02 -6.4342E-03
  1.2132E+03  2.3298E-02 -6.4376E-03
  1.2143E+03  2.3289E-02 -6.4410E-03
  1.2154E+03  2.3280E-02 -6.4444E-03
  1.2164E+03  2.3271E-02 -6.4479E-03
  1.2175E+03  2.3262E-02 -6.4513E-03
  1.2186E+03  2.3253E-02 -6.4547E-03
  1.2197E+03  2.3244E-02 -6.4581E-03
  1.2208E+03  2.3236E-02 -6.4615E-03
  1.2219E+03  2.3227E-02 -6.4650E-03
  1.2230E+03  2.3218E-02 -6.4684E-03
  1.2241E+03  2.3209E-02 -6.4718E-03
  1.2252E+03  2.3200E-02 -6.4752E-03
  1.2262E+03  2.3191E-02 -6.4786E-03
  1.2273E+03  2.3182E-02 -6.4820E-03
  1.2284E+03  2.3173E-02 -6.4854E-03
  1.2295E+03  2.3164E-02 -6.4888E-03
  1.2306E+03  2.3155E-02 -6.4922E-03
  1.2317E+03  2.3146E-02 -6.4956E-03
  1.2328E+03  2.3137E-02 -6.4990E-03
  1.2339E+03  2.3128E-02 -6.5024E-03
  1.2350E+03  2.3118E-02 -6.5058E-03
  1.2361E+03  2.3109E-02 -6.5092E-03
  1.2371E+03  2.3100E-02 -6.5126E-03
  1.2382E+03  2.3091E-02 -6.5160E-03
  1.2393E+03  2.3081E-02 -6.5194E-03
  1.2404E+03  2.3072E-02 -6.5228E-03
  1.2415E+03  2.3062E-02 -6.5262E-03
  1.2426E+03  2.3053E-02 -6.5296E-03
  1.2437E+03  2.3043E-02 -6.5329E-03
  1.2448E+03  2.3034E-02 -6.5363E-03
  1.2459E+03  2.3024E-02 -6.5397E-03
  1.2470E+03  2.3014E-02 -6.5431E-03
  1.2480E+03  2.3005E-02 -6.5464E-03
  1.2491E+03  2.2995E-02 -6.5498E-03
  1.2502E+03  2.2986E-02 -6.5532E-03
  1.2513E+03  2.2976E-02 -6.5566E-03
  1.2524E+03  2.2966E-02 -6.5599E-03
  1.2535E+03  2.2956E-02 -6.5633E-03
  1.2546E+03  2.2947E-02 -6.5667E-03
  1.2557E+03  2.2937E-02 -6.5700E-03
  1.2568E+03  2.2927E-02 -6.5734E-03
  1.2579E+03  2.2917E-02 -6.5767E-03
  1.2589E+03  2.2907E-02 -6.5801E-03
  1.2600E+03  2.2898E-02 -6.5834E-03
  1.2611E+03  2.2888E-02 -6.5868E-03
  1.2622E+03  2.2878E-02 -6.5901E-03
  1.2633E+03  2.2868E-02 -6.5935E-03
  1.2644E+03  2.2858E-02 -6.5968E-03
  1.2655E+03  2.2848E-02 -6.6002E-03
  1.2666E+03  2.2838E-02 -6.6035E-03
  1.2677E+03  2.2829E-02 -6.6068E-03
  1.2688E+03  2.2819E-02 -6.6102E-03
  1.2698E+03  2.2809E-02 -6.6135E-03
  1.2709E+03  2.2799E-02 -6.6168E-03
  1.2720E+03  2.2789E-02 -6.6202E-03
  1.2731E+03  2.2779E-02 -6.6235E-03
  1.2742E+03  2.2770E-02 -6.6268E-03
  1.2753E+03  2.2760E-02 -6.6301E-03
  1.2764E+03  2.2750E-02 -6.6334E-03
  1.2775E+03  2.2740E-02 -6.6368E-03
  1.2786E+03  2.2730E-02 -6.6401E-03
  1.2797E+03  2.2721E-02 -6.6434E-03
  1.2807E+03  2.2711E-02 -6.6467E-03
  1.2818E+03  2.2701E-02 -6.6500E-03
  1.2829E+03  2.2691E-02 -6.6533E-03
  1.2840E+03  2.2681E-02 -6.6566E-03
  1.2851E+03  2.2671E-02 -6.6599E-03
  1.2862E+03  2.2661E-02 -6.6632E-03
  1.2873E+03  2.2651E-02 -6.6665E-03
  1.2884E+03  2.2641E-02 -6.6697E-03
  1.2895E+03  2.2631E-02 -6.6730E-03
  1.2906E+03  2.2621E-02 -6.6763E-03
  1.2916E+03  2.2611E-02 -6.6796E-03
  1.2927E+03  2.2601E-02 -6.6829E-03
  1.2938E+03  2.2591E-02 -6.6861E-03
  1.2949E+03  2.2581E-02 -6.6894E-03
  1.2960E+03  2.2571E-02 -6.6927E-03
  1.2971E+03  2.2562E-02 -6.6960E-03
  1.2982E+03  2.2552E-02 -6.6992E-03
  1.2993E+03  2.2542E-02 -6.7025E-03
  1.3004E+03  2.2532E-02 -6.7058E-03
  1.3015E+03  2.2522E-02 -6.7090E-03
  1.3025E+03  2.2512E-02 -6.7123E-03
  1.3036E+03  2.2503E-02 -6.7155E-03
  1.3047E+03  2.2493E-02 -6.7188E-03
  1.3058E+03  2.2483E-02 -6.7220E-03
  1.3069E+03  2.2473E-02 -6.7253E-03
  1.3080E+03  2.2463E-02 -6.7285E-03
  1.3091E+03  2.2453E-02 -6.7318E-03
  1.3102E+03  2.2443E-02 -6.7350E-03
  1.3113E+03  2.2433E-02 -6.7382E-03
  1.3124E+03  2.2423E-02 -6.7415E-03
  1.3134E+03  2.2414E-02 -6.7447E-03
  1.3145E+03  2.2404E-02 -6.7479E-03
  1.3156E+03  2.2394E-02 -6.7512E-03
  1.3167E+03  2.2384E-02 -6.7544E-03
  1.3178E+03  2.2374E-02 -6.7576E-03
  1.3189E+03  2.2364E-02 -6.7608E-03
  1.3200E+03  2.2354E-02 -6.7641E-03
  1.3211E+03  2.2344E-02 -6.7673E-03
  1.3222E+03  2.2335E-02 -6.7705E-03
  1.3233E+03  2.2325E-02 -6.7737E-03
  1.3243E+03  2.2315E-02 -6.7769E-03
  1.3254E+03  2.2306E-02 -6.7801E-03
  1.3265E+03  2.2296E-02 -6.7834E-03
  1.3276E+03  2.2286E-02 -6.7866E-03
  1.3287E+03  2.2277E-02 -6.7898E-03
  1.3298E+03  2.2267E-02 -6.7930E-03
  1.3309E+03  2.2257E-02 -6.7962E-03
  1.3320E+03  2.2248E-02 -6.7994E-03
  1.3331E+03  2.2238E-02 -6.8026E-03
  1.3342E+03  2.2229E-02 -6.8058E-03
  1.3352E+03  2.2219E-02 -6.8089E-03
  1.3363E+03  2.2210E-02 -6.8121E-03
  1.3374E+03  2.2200E-02 -6.8153E-03
  1.3385E+03  2.2191E-02 -6.8185E-03
  1.3396E+03  2.2181E-02 -6.8217E-03
  1.3407E+03  2.2171E-02 -6.8249E-03
  1.3418E+03  2.2162E-02 -6.8280E-03
  1.3429E+03  2.2153E-02 -6.8312E-03
  1.3440E+03  2.2143E-02 -6.8344E-03
  1.3451E+03  2.2134E-02 -6.8376E-03
  1.3461E+03  2.2124E-02 -6.8407E-03
  1.3472E+03  2.2115E-02 -6.8439E-03
  1.3483E+03  2.2106E-02 -6.8471E-03
  1.3494E+03  2.2097E-02 -6.8502E-03
  1.3505E+03  2.2087E-02 -6.8534E-03
  1.3516E+03  2.2078E-02 -6.8566E-03
  1.3527E+03  2.2069E-02 -6.8597E-03
  1.3538E+03  2.2060E-02 -6.8629E-03
  1.3549E+03  2.2051E-02 -6.8660E-03
  1.3560E+03  2.2042E-02 -6.8692E-03
  1.3570E+03  2.2033E-02 -6.8723E-03
  1.3581E+03  2.2024E-02 -6.8755E-03
  1.3592E+03  2.2015E-02 -6.8786E-03
  1.3603E+03  2.2006E-02 -6.8818E-03
  1.3614E+03  2.1997E-02 -6.8849E-03
  1.3625E+03  2.1988E-02 -6.8881E-03
  1.3636E+03  2.1979E-02 -6.8912E-03
  1.3647E+03  2.1970E-02 -6.8943E-03
  1.3658E+03  2.1961E-02 -6.8975E-03
  1.3669E+03  2.1952E-02 -6.9006E-03
  1.3679E+03  2.1944E-02 -6.9037E-03
  1.3690E+03  2.1935E-02 -6.9069E-03
  1.3701E+03  2.1926E-02 -6.9100E-03
  1.3712E+03  2.1918E-02 -6.9131E-03
  1.3723E+03  2.1909E-02 -6.9162E-03
  1.3734E+03  2.1900E-02 -6.9194E-03
  1.3745E+03  2.1892E-02 -6.9225E-03
  1.3756E+03  2.1883E-02 -6.9256E-03
  1.3767E+03  2.1875E-02 -6.9287E-03
  1.3778E+03  2.1866E-02 -6.9318E-03
  1.3788E+03  2.1858E-02 -6.9350E-03
  1.3799E+03  2.1849E-02 -6.9381E-03
  1.3810E+03  2.1841E-02 -6.9412E-03
  1.3821E+03  2.1832E-02 -6.9443E-03
  1.3832E+03  2.1824E-02 -6.9474E-03
  1.3843E+03  2.1816E-02 -6.9505E-03
  1.3854E+03  2.1807E-02 -6.9536E-03
  1.3865E+03  2.1799E-02 -6.9567E-03
  1.3876E+03  2.1790E-02 -6.9598E-03
  1.3887E+03  2.1782E-02 -6.9629E-03
  1.3897E+03  2.1773E-02 -6.9660E-03
  1.3908E+03  2.1765E-02 -6.9691E-03
  1.3919E+03  2.1757E-02 -6.9722E-03
  1.3930E+03  2.1748E-02 -6.9752E-03
  1.3941E+03  2.1740E-02 -6.9783E-03
  1.3952E+03  2.1731E-02 -6.9814E-03
  1.3963E+03  2.1723E-02 -6.9845E-03
  1.3974E+03  2.1714E-02 -6.9876E-03
  1.3985E+03  2.1706E-02 -6.9906E-03
  1.3996E+03  2.1697E-02 -6.9937E-03
  1.4006E+03  2.1689E-02 -6.9968E-03
  1.4017E+03  2.1680E-02 -6.9999E-03
  1.4028E+03  2.1671E-02 -7.0029E-03
  1.4039E+03  2.1663E-02 -7.0060E-03
  1.4050E+03  2.1654E-02 -7.0091E-03
  1.4061E+03  2.1645E-02 -7.0121E-03
  1.4072E+03  2.1636E-02 -7.0152E-03
  1.4083E+03  2.1628E-02 -7.0182E-03
  1.4094E+03  2.1619E-02 -7.0213E-03
  1.4105E+03  2.1610E-02 -7.0243E-03
  1.4115E+03  2.1601E-02 -7.0274E-03
  1.4126E+03  2.1592E-02 -7.0304E-03
  1.4137E+03  2.1583E-02 -7.0335E-03
  1.4148E+03  2.1574E-02 -7.0365E-03
  1.4159E+03  2.1565E-02 -7.0396E-03
  1.4170E+03  2.1556E-02 -7.0426E-03
  1.4181E+03  2.1547E-02 -7.0456E-03
  1.4192E+03  2.1538E-02 -7.0487E-03
  1.4203E+03  2.1529E-02 -7.0517E-03
  1.4214E+03  2.1520E-02 -7.0547E-03
  1.4224E+03  2.1511E-02 -7.0578E-03
  1.4235E+03  2.1502E-02 -7.0608E-03
  1.4246E+03  2.1493E-02 -7.0638E-03
  1.4257E+03  2.1484E-02 -7.0668E-03
  1.4268E+03  2.1474E-02 -7.0698E-03
  1.4279E+03  2.1465E-02 -7.0729E-03
  1.4290E+03  2.1456E-02 -7.0759E-03
  1.4301E+03  2.1447E-02 -7.0789E-03
  1.4312E+03  2.1437E-02 -7.0819E-03
  1.4323E+03  2.1428E-02 -7.0849E-03
  1.4333E+03  2.1419E-02 -7.0879E-03
  1.4344E+03  2.1409E-02 -7.0909E-03
  1.4355E+03  2.1400E-02 -7.0939E-03
  1.4366E+03  2.1390E-02 -7.0969E-03
  1.4377E+03  2.1381E-02 -7.0998E-03
  1.4388E+03  2.1371E-02 -7.1028E-03
  1.4399E+03  2.1362E-02 -7.1058E-03
  1.4410E+03  2.1352E-02 -7.1088E-03
  1.4421E+03  2.1343E-02 -7.1118E-03
  1.4432E+03  2.1334E-02 -7.1148E-03
  1.4442E+03  2.1324E-02 -7.1177E-03
  1.4453E+03  2.1315E-02 -7.1207E-03
  1.4464E+03  2.1305E-02 -7.1237E-03
  1.4475E+03  2.1296E-02 -7.1267E-03
  1.4486E+03  2.1286E-02 -7.1296E-03
  1.4497E+03  2.1277E-02 -7.1326E-03
  1.4508E+03  2.1268E-02 -7.1356E-03
  1.4519E+03  2.1258E-02 -7.1385E-03
  1.4530E+03  2.1249E-02 -7.1415E-03
  1.4541E+03  2.1239E-02 -7.1444E-03
  1.4551E+03  2.1230E-02 -7.1474E-03
  1.4562E+03  2.1221E-02 -7.1503E-03
  1.4573E+03  2.1211E-02 -7.1533E-03
  1.4584E+03  2.1202E-02 -7.1562E-03
  1.4595E+03  2.1193E-02 -7.1592E-03
  1.4606E+03  2.1183E-02 -7.1621E-03
  1.4617E+03  2.1174E-02 -7.1651E-03
  1.4628E+03  2.1165E-02 -7.1680E-03
  1.4639E+03  2.1156E-02 -7.1709E-03
  1.4650E+03  2.1146E-02 -7.1739E-03
  1.4660E+03  2.1137E-02 -7.1768E-03
  1.4671E+03  2.1128E-02 -7.1797E-03
  1.4682E+03  2.1119E-02 -7.1827E-03
  1.4693E+03  2.1110E-02 -7.1856E-03
  1.4704E+03  2.1101E-02 -7.1885E-03
  1.4715E+03  2.1092E-02 -7.1915E-03
  1.4726E+03  2.1083E-02 -7.1944E-03
  1.4737E+03  2.1074E-02 -7.1973E-03
  1.4748E+03  2.1065E-02 -7.2002E-03
  1.4759E+03  2.1056E-02 -7.2031E-03
  1.4769E+03  2.1048E-02 -7.2061E-03
  1.4780E+03  2.1039E-02 -7.2090E-03
  1.4791E+03  2.1030E-02 -7.2119E-03
  1.4802E+03  2.1021E-02 -7.2148E-03
  1.4813E+03  2.1013E-02 -7.2177E-03
  1.4824E+03  2.1004E-02 -7.2206E-03
  1.4835E+03  2.0995E-02 -7.2235E-03
  1.4846E+03  2.0987E-02 -7.2264E-03
  1.4857E+03  2.0978E-02 -7.2293E-03
  1.4868E+03  2.0970E-02 -7.2322E-03
  1.4878E+03  2.0961E-02 -7.2351E-03
  1.4889E+03  2.0953E-02 -7.2380E-03
  1.4900E+03  2.0945E-02 -7.2409E-03
  1.4911E+03  2.0936E-02 -7.2438E-03
  1.4922E+03  2.0928E-02 -7.2467E-03
  1.4933E+03  2.0920E-02 -7.2496E-03
  1.4944E+03  2.0912E-02 -7.2525E-03
  1.4955E+03  2.0903E-02 -7.2553E-03
  1.4966E+03  2.0895E-02 -7.2582E-03
  1.4977E+03  2.0887E-02 -7.2611E-03
  1.4987E+03  2.0879E-02 -7.2640E-03
  1.4998E+03  2.0871E-02 -7.2669E-03
  1.5000E+03  2.0870E-02 -7.2673E-03
