# CREATED BY GENE DIAGNOSTICS TOOL on Fri Dec 11 19:14:07 2020
# diag: gamdiag, run(s): 0016, time window: 0-1500(1458 steps), species: ions
# original data path: /marconi_scratch/userexternal/cmoreno0/GAM_HP_scan/LHD_s0.25_alpha-0_npol3_nz0768/
# normalization: L_ref=1.65m
#
# xind= 0, x/a= 0.5, q= 2.1464562
# Fit:    0.051417407,10.733499,-1.3508985
# Analytic (Gao, Zhou/Yu): 0.078523524,0.43265431,2.8937619
#  t          Re[phi]     Im[phi]   
  0.0000E+00  9.9999E-01  0.0000E+00
  1.0300E+00  8.8604E-01 -9.9703E-04
  2.0600E+00  7.3617E-01 -1.7948E-03
  3.0900E+00  5.3817E-01 -2.3147E-03
  4.1200E+00  3.3639E-01 -2.4955E-03
  5.1500E+00  1.6153E-01 -2.3266E-03
  6.1800E+00  3.0077E-02 -1.8538E-03
  7.2100E+00 -5.3160E-02 -1.1767E-03
  8.2400E+00 -9.2972E-02 -4.2729E-04
  9.2700E+00 -9.8896E-02  2.7039E-04
  1.0300E+01 -8.2368E-02  8.1462E-04
  1.1330E+01 -5.4501E-02  1.1523E-03
  1.2360E+01 -2.3800E-02  1.2746E-03
  1.3390E+01  4.0285E-03  1.2047E-03
  1.4420E+01  2.3653E-02  9.8233E-04
  1.5450E+01  3.1196E-02  7.3913E-04
  1.6480E+01  3.4927E-02  4.9636E-04
  1.7510E+01  2.9436E-02  3.3674E-04
  1.8540E+01  1.8251E-02  3.0257E-04
  1.9570E+01  6.3893E-03  4.1690E-04
  2.0600E+01 -6.5689E-03  5.9067E-04
  2.1630E+01 -1.5594E-02  8.0269E-04
  2.2660E+01 -1.9209E-02  9.6678E-04
  2.3690E+01 -1.6830E-02  1.0164E-03
  2.4720E+01 -8.6598E-03  9.1975E-04
  2.5750E+01  4.4947E-03  6.6485E-04
  2.6780E+01  2.1225E-02  2.6878E-04
  2.7810E+01  3.9603E-02 -2.2340E-04
  2.8840E+01  5.7929E-02 -7.4760E-04
  2.9870E+01  7.4223E-02 -1.2502E-03
  3.0900E+01  8.7578E-02 -1.6845E-03
  3.1930E+01  9.7545E-02 -2.0152E-03
  3.2960E+01  1.0263E-01 -2.2060E-03
  3.3990E+01  1.0386E-01 -2.2690E-03
  3.5020E+01  1.0271E-01 -2.1849E-03
  3.6050E+01  9.8700E-02 -2.0555E-03
  3.7080E+01  9.3126E-02 -1.8122E-03
  3.8110E+01  8.6660E-02 -1.5613E-03
  3.9140E+01  7.9738E-02 -1.2974E-03
  4.0170E+01  7.3451E-02 -1.0442E-03
  4.1200E+01  6.8084E-02 -8.1450E-04
  4.2230E+01  6.3789E-02 -6.2558E-04
  4.3260E+01  6.0040E-02 -4.6581E-04
  4.4290E+01  5.6061E-02 -3.2840E-04
  4.5320E+01  5.1877E-02 -2.1576E-04
  4.6350E+01  4.7833E-02 -1.0528E-04
  4.7380E+01  4.4817E-02 -8.3355E-06
  4.8410E+01  4.2790E-02  8.4089E-05
  4.9440E+01  4.1890E-02  1.6647E-04
  5.0470E+01  4.1033E-02  2.2931E-04
  5.1500E+01  3.9815E-02  2.7462E-04
  5.2530E+01  3.8189E-02  2.9081E-04
  5.3560E+01  3.6534E-02  2.7567E-04
  5.4590E+01  3.5820E-02  2.3465E-04
  5.5620E+01  3.6334E-02  1.5183E-04
  5.6650E+01  3.8197E-02  4.0485E-05
  5.7680E+01  4.1078E-02 -9.7641E-05
  5.8710E+01  4.4383E-02 -2.5184E-04
  5.9740E+01  4.7697E-02 -4.1698E-04
  6.0770E+01  5.0649E-02 -5.8082E-04
  6.1800E+01  5.3054E-02 -7.3550E-04
  6.2830E+01  5.4981E-02 -8.7388E-04
  6.3860E+01  5.6637E-02 -9.9315E-04
  6.4890E+01  5.8042E-02 -1.0915E-03
  6.5920E+01  5.9213E-02 -1.1663E-03
  6.6950E+01  6.0153E-02 -1.2196E-03
  6.7980E+01  6.0769E-02 -1.2472E-03
  6.9010E+01  6.1139E-02 -1.2529E-03
  7.0040E+01  6.1191E-02 -1.2319E-03
  7.1070E+01  6.1079E-02 -1.1964E-03
  7.2100E+01  6.0720E-02 -1.1451E-03
  7.3130E+01  6.0206E-02 -1.0862E-03
  7.4160E+01  5.9570E-02 -1.0229E-03
  7.5190E+01  5.8740E-02 -9.5475E-04
  7.6220E+01  5.7664E-02 -8.8547E-04
  7.7250E+01  5.6355E-02 -8.1273E-04
  7.8280E+01  5.4899E-02 -7.4167E-04
  7.9310E+01  5.3489E-02 -6.7408E-04
  8.0340E+01  5.2243E-02 -6.1332E-04
  8.1370E+01  5.1243E-02 -5.6094E-04
  8.2400E+01  5.0526E-02 -5.1948E-04
  8.3430E+01  5.0126E-02 -4.8942E-04
  8.4460E+01  5.0040E-02 -4.7132E-04
  8.5490E+01  5.0195E-02 -4.6744E-04
  8.6520E+01  5.0427E-02 -4.7654E-04
  8.7550E+01  5.0597E-02 -4.9693E-04
  8.8580E+01  5.0646E-02 -5.2890E-04
  8.9610E+01  5.0586E-02 -5.6649E-04
  9.0640E+01  5.0518E-02 -6.1062E-04
  9.1670E+01  5.0476E-02 -6.5589E-04
  9.2700E+01  5.0508E-02 -7.0287E-04
  9.3730E+01  5.0587E-02 -7.4843E-04
  9.4760E+01  5.0704E-02 -7.9306E-04
  9.5790E+01  5.0850E-02 -8.3656E-04
  9.6820E+01  5.1057E-02 -8.7930E-04
  9.7850E+01  5.1340E-02 -9.2039E-04
  9.8880E+01  5.1699E-02 -9.5892E-04
  9.9910E+01  5.2087E-02 -9.9299E-04
  1.0094E+02  5.2468E-02 -1.0210E-03
  1.0197E+02  5.2813E-02 -1.0413E-03
  1.0300E+02  5.3097E-02 -1.0540E-03
  1.0403E+02  5.3263E-02 -1.0590E-03
  1.0506E+02  5.3258E-02 -1.0576E-03
  1.0609E+02  5.3075E-02 -1.0508E-03
  1.0712E+02  5.2767E-02 -1.0403E-03
  1.0815E+02  5.2430E-02 -1.0272E-03
  1.0918E+02  5.2199E-02 -1.0127E-03
  1.1021E+02  5.2181E-02 -9.9776E-04
  1.1124E+02  5.2378E-02 -9.8319E-04
  1.1227E+02  5.2634E-02 -9.6958E-04
  1.1330E+02  5.2738E-02 -9.5782E-04
  1.1433E+02  5.2564E-02 -9.4824E-04
  1.1536E+02  5.2136E-02 -9.4106E-04
  1.1639E+02  5.1574E-02 -9.3603E-04
  1.1742E+02  5.1037E-02 -9.3322E-04
  1.1845E+02  5.0664E-02 -9.3240E-04
  1.1948E+02  5.0528E-02 -9.3405E-04
  1.2051E+02  5.0588E-02 -9.3854E-04
  1.2154E+02  5.0705E-02 -9.4631E-04
  1.2257E+02  5.0719E-02 -9.5726E-04
  1.2360E+02  5.0536E-02 -9.7108E-04
  1.2463E+02  5.0147E-02 -9.8663E-04
  1.2566E+02  4.9626E-02 -1.0028E-03
  1.2669E+02  4.9106E-02 -1.0188E-03
  1.2772E+02  4.8731E-02 -1.0343E-03
  1.2875E+02  4.8590E-02 -1.0497E-03
  1.2978E+02  4.8655E-02 -1.0653E-03
  1.3081E+02  4.8791E-02 -1.0815E-03
  1.3184E+02  4.8832E-02 -1.0977E-03
  1.3287E+02  4.8711E-02 -1.1133E-03
  1.3390E+02  4.8494E-02 -1.1277E-03
  1.3493E+02  4.8302E-02 -1.1407E-03
  1.3596E+02  4.8194E-02 -1.1522E-03
  1.3699E+02  4.8149E-02 -1.1623E-03
  1.3802E+02  4.8151E-02 -1.1709E-03
  1.3905E+02  4.8227E-02 -1.1782E-03
  1.4008E+02  4.8401E-02 -1.1847E-03
  1.4111E+02  4.8647E-02 -1.1907E-03
  1.4214E+02  4.8926E-02 -1.1965E-03
  1.4317E+02  4.9227E-02 -1.2023E-03
  1.4420E+02  4.9545E-02 -1.2081E-03
  1.4523E+02  4.9826E-02 -1.2138E-03
  1.4626E+02  5.0003E-02 -1.2195E-03
  1.4729E+02  5.0067E-02 -1.2250E-03
  1.4832E+02  5.0107E-02 -1.2303E-03
  1.4935E+02  5.0227E-02 -1.2352E-03
  1.5038E+02  5.0458E-02 -1.2400E-03
  1.5141E+02  5.0731E-02 -1.2448E-03
  1.5244E+02  5.0945E-02 -1.2498E-03
  1.5347E+02  5.1053E-02 -1.2550E-03
  1.5450E+02  5.1091E-02 -1.2604E-03
  1.5553E+02  5.1109E-02 -1.2659E-03
  1.5656E+02  5.1106E-02 -1.2716E-03
  1.5759E+02  5.1025E-02 -1.2771E-03
  1.5862E+02  5.0826E-02 -1.2824E-03
  1.5965E+02  5.0538E-02 -1.2872E-03
  1.6068E+02  5.0242E-02 -1.2917E-03
  1.6171E+02  5.0006E-02 -1.2960E-03
  1.6274E+02  4.9817E-02 -1.3004E-03
  1.6377E+02  4.9597E-02 -1.3051E-03
  1.6480E+02  4.9276E-02 -1.3101E-03
  1.6583E+02  4.8872E-02 -1.3153E-03
  1.6686E+02  4.8481E-02 -1.3205E-03
  1.6789E+02  4.8175E-02 -1.3258E-03
  1.6892E+02  4.7922E-02 -1.3314E-03
  1.6995E+02  4.7629E-02 -1.3373E-03
  1.7098E+02  4.7260E-02 -1.3435E-03
  1.7201E+02  4.6894E-02 -1.3501E-03
  1.7304E+02  4.6652E-02 -1.3573E-03
  1.7407E+02  4.6570E-02 -1.3653E-03
  1.7510E+02  4.6558E-02 -1.3742E-03
  1.7613E+02  4.6488E-02 -1.3838E-03
  1.7716E+02  4.6314E-02 -1.3938E-03
  1.7819E+02  4.6107E-02 -1.4040E-03
  1.7922E+02  4.5983E-02 -1.4144E-03
  1.8025E+02  4.5989E-02 -1.4252E-03
  1.8128E+02  4.6084E-02 -1.4364E-03
  1.8231E+02  4.6189E-02 -1.4478E-03
  1.8334E+02  4.6253E-02 -1.4590E-03
  1.8437E+02  4.6276E-02 -1.4700E-03
  1.8540E+02  4.6295E-02 -1.4805E-03
  1.8643E+02  4.6366E-02 -1.4905E-03
  1.8746E+02  4.6539E-02 -1.5000E-03
  1.8849E+02  4.6804E-02 -1.5093E-03
  1.8952E+02  4.7078E-02 -1.5183E-03
  1.9055E+02  4.7247E-02 -1.5266E-03
  1.9158E+02  4.7264E-02 -1.5341E-03
  1.9261E+02  4.7189E-02 -1.5406E-03
  1.9364E+02  4.7155E-02 -1.5460E-03
  1.9467E+02  4.7267E-02 -1.5508E-03
  1.9570E+02  4.7513E-02 -1.5551E-03
  1.9673E+02  4.7770E-02 -1.5591E-03
  1.9776E+02  4.7899E-02 -1.5629E-03
  1.9879E+02  4.7855E-02 -1.5664E-03
  1.9982E+02  4.7710E-02 -1.5695E-03
  2.0085E+02  4.7585E-02 -1.5723E-03
  2.0188E+02  4.7556E-02 -1.5749E-03
  2.0291E+02  4.7618E-02 -1.5777E-03
  2.0394E+02  4.7715E-02 -1.5809E-03
  2.0497E+02  4.7794E-02 -1.5844E-03
  2.0600E+02  4.7829E-02 -1.5885E-03
  2.0703E+02  4.7813E-02 -1.5930E-03
  2.0806E+02  4.7752E-02 -1.5981E-03
  2.0909E+02  4.7677E-02 -1.6036E-03
  2.1012E+02  4.7638E-02 -1.6095E-03
  2.1115E+02  4.7673E-02 -1.6160E-03
  2.1218E+02  4.7778E-02 -1.6229E-03
  2.1321E+02  4.7899E-02 -1.6303E-03
  2.1424E+02  4.7969E-02 -1.6382E-03
  2.1527E+02  4.7955E-02 -1.6464E-03
  2.1630E+02  4.7875E-02 -1.6549E-03
  2.1733E+02  4.7787E-02 -1.6635E-03
  2.1836E+02  4.7741E-02 -1.6720E-03
  2.1939E+02  4.7747E-02 -1.6805E-03
  2.2042E+02  4.7770E-02 -1.6889E-03
  2.2145E+02  4.7759E-02 -1.6971E-03
  2.2248E+02  4.7690E-02 -1.7052E-03
  2.2351E+02  4.7572E-02 -1.7131E-03
  2.2454E+02  4.7439E-02 -1.7207E-03
  2.2557E+02  4.7326E-02 -1.7280E-03
  2.2660E+02  4.7250E-02 -1.7349E-03
  2.2763E+02  4.7189E-02 -1.7416E-03
  2.2866E+02  4.7105E-02 -1.7480E-03
  2.2969E+02  4.6982E-02 -1.7541E-03
  2.3072E+02  4.6847E-02 -1.7600E-03
  2.3175E+02  4.6744E-02 -1.7658E-03
  2.3278E+02  4.6694E-02 -1.7715E-03
  2.3381E+02  4.6679E-02 -1.7773E-03
  2.3484E+02  4.6664E-02 -1.7831E-03
  2.3587E+02  4.6620E-02 -1.7890E-03
  2.3690E+02  4.6537E-02 -1.7950E-03
  2.3793E+02  4.6428E-02 -1.8011E-03
  2.3896E+02  4.6318E-02 -1.8074E-03
  2.3999E+02  4.6227E-02 -1.8137E-03
  2.4102E+02  4.6162E-02 -1.8202E-03
  2.4205E+02  4.6110E-02 -1.8268E-03
  2.4308E+02  4.6052E-02 -1.8335E-03
  2.4411E+02  4.5971E-02 -1.8404E-03
  2.4514E+02  4.5871E-02 -1.8475E-03
  2.4617E+02  4.5777E-02 -1.8547E-03
  2.4720E+02  4.5710E-02 -1.8620E-03
  2.4823E+02  4.5668E-02 -1.8693E-03
  2.4926E+02  4.5622E-02 -1.8767E-03
  2.5029E+02  4.5555E-02 -1.8841E-03
  2.5132E+02  4.5475E-02 -1.8913E-03
  2.5235E+02  4.5391E-02 -1.8984E-03
  2.5338E+02  4.5304E-02 -1.9054E-03
  2.5441E+02  4.5217E-02 -1.9122E-03
  2.5544E+02  4.5147E-02 -1.9189E-03
  2.5647E+02  4.5104E-02 -1.9255E-03
  2.5750E+02  4.5072E-02 -1.9320E-03
  2.5853E+02  4.5016E-02 -1.9384E-03
  2.5956E+02  4.4924E-02 -1.9446E-03
  2.6059E+02  4.4815E-02 -1.9507E-03
  2.6162E+02  4.4724E-02 -1.9568E-03
  2.6265E+02  4.4674E-02 -1.9629E-03
  2.6368E+02  4.4664E-02 -1.9691E-03
  2.6471E+02  4.4675E-02 -1.9752E-03
  2.6574E+02  4.4680E-02 -1.9814E-03
  2.6677E+02  4.4659E-02 -1.9877E-03
  2.6780E+02  4.4608E-02 -1.9939E-03
  2.6883E+02  4.4540E-02 -2.0001E-03
  2.6986E+02  4.4470E-02 -2.0062E-03
  2.7089E+02  4.4404E-02 -2.0122E-03
  2.7192E+02  4.4337E-02 -2.0182E-03
  2.7295E+02  4.4268E-02 -2.0240E-03
  2.7398E+02  4.4205E-02 -2.0298E-03
  2.7501E+02  4.4157E-02 -2.0356E-03
  2.7604E+02  4.4114E-02 -2.0414E-03
  2.7707E+02  4.4051E-02 -2.0472E-03
  2.7810E+02  4.3953E-02 -2.0530E-03
  2.7913E+02  4.3846E-02 -2.0587E-03
  2.8016E+02  4.3769E-02 -2.0644E-03
  2.8119E+02  4.3740E-02 -2.0701E-03
  2.8222E+02  4.3734E-02 -2.0758E-03
  2.8325E+02  4.3719E-02 -2.0817E-03
  2.8428E+02  4.3688E-02 -2.0875E-03
  2.8531E+02  4.3656E-02 -2.0933E-03
  2.8634E+02  4.3635E-02 -2.0991E-03
  2.8737E+02  4.3620E-02 -2.1049E-03
  2.8840E+02  4.3598E-02 -2.1109E-03
  2.8943E+02  4.3570E-02 -2.1169E-03
  2.9046E+02  4.3544E-02 -2.1228E-03
  2.9149E+02  4.3528E-02 -2.1288E-03
  2.9252E+02  4.3516E-02 -2.1348E-03
  2.9355E+02  4.3493E-02 -2.1409E-03
  2.9458E+02  4.3451E-02 -2.1471E-03
  2.9561E+02  4.3399E-02 -2.1534E-03
  2.9664E+02  4.3346E-02 -2.1596E-03
  2.9767E+02  4.3301E-02 -2.1658E-03
  2.9870E+02  4.3260E-02 -2.1720E-03
  2.9973E+02  4.3218E-02 -2.1781E-03
  3.0076E+02  4.3170E-02 -2.1842E-03
  3.0179E+02  4.3115E-02 -2.1903E-03
  3.0282E+02  4.3057E-02 -2.1963E-03
  3.0385E+02  4.3003E-02 -2.2023E-03
  3.0488E+02  4.2957E-02 -2.2081E-03
  3.0591E+02  4.2917E-02 -2.2140E-03
  3.0694E+02  4.2880E-02 -2.2198E-03
  3.0797E+02  4.2841E-02 -2.2256E-03
  3.0900E+02  4.2799E-02 -2.2313E-03
  3.1003E+02  4.2755E-02 -2.2371E-03
  3.1106E+02  4.2711E-02 -2.2428E-03
  3.1209E+02  4.2677E-02 -2.2486E-03
  3.1312E+02  4.2655E-02 -2.2544E-03
  3.1415E+02  4.2636E-02 -2.2602E-03
  3.1518E+02  4.2603E-02 -2.2661E-03
  3.1621E+02  4.2556E-02 -2.2721E-03
  3.1724E+02  4.2511E-02 -2.2780E-03
  3.1827E+02  4.2487E-02 -2.2839E-03
  3.1930E+02  4.2486E-02 -2.2899E-03
  3.2033E+02  4.2497E-02 -2.2960E-03
  3.2136E+02  4.2505E-02 -2.3022E-03
  3.2239E+02  4.2509E-02 -2.3085E-03
  3.2342E+02  4.2518E-02 -2.3148E-03
  3.2445E+02  4.2543E-02 -2.3211E-03
  3.2548E+02  4.2585E-02 -2.3275E-03
  3.2651E+02  4.2638E-02 -2.3340E-03
  3.2754E+02  4.2685E-02 -2.3404E-03
  3.2857E+02  4.2711E-02 -2.3469E-03
  3.2960E+02  4.2719E-02 -2.3532E-03
  3.3063E+02  4.2725E-02 -2.3595E-03
  3.3166E+02  4.2746E-02 -2.3657E-03
  3.3269E+02  4.2776E-02 -2.3719E-03
  3.3372E+02  4.2797E-02 -2.3780E-03
  3.3475E+02  4.2793E-02 -2.3839E-03
  3.3578E+02  4.2767E-02 -2.3898E-03
  3.3681E+02  4.2731E-02 -2.3956E-03
  3.3784E+02  4.2696E-02 -2.4012E-03
  3.3887E+02  4.2666E-02 -2.4068E-03
  3.3990E+02  4.2641E-02 -2.4122E-03
  3.4093E+02  4.2619E-02 -2.4177E-03
  3.4196E+02  4.2597E-02 -2.4231E-03
  3.4299E+02  4.2571E-02 -2.4285E-03
  3.4402E+02  4.2537E-02 -2.4338E-03
  3.4505E+02  4.2496E-02 -2.4392E-03
  3.4608E+02  4.2453E-02 -2.4445E-03
  3.4711E+02  4.2416E-02 -2.4498E-03
  3.4814E+02  4.2387E-02 -2.4552E-03
  3.4917E+02  4.2364E-02 -2.4607E-03
  3.5020E+02  4.2346E-02 -2.4662E-03
  3.5123E+02  4.2330E-02 -2.4719E-03
  3.5226E+02  4.2308E-02 -2.4776E-03
  3.5329E+02  4.2274E-02 -2.4834E-03
  3.5432E+02  4.2233E-02 -2.4893E-03
  3.5535E+02  4.2207E-02 -2.4953E-03
  3.5638E+02  4.2202E-02 -2.5015E-03
  3.5741E+02  4.2209E-02 -2.5077E-03
  3.5844E+02  4.2208E-02 -2.5140E-03
  3.5947E+02  4.2189E-02 -2.5203E-03
  3.6050E+02  4.2157E-02 -2.5267E-03
  3.6153E+02  4.2123E-02 -2.5330E-03
  3.6256E+02  4.2095E-02 -2.5392E-03
  3.6359E+02  4.2078E-02 -2.5454E-03
  3.6462E+02  4.2068E-02 -2.5516E-03
  3.6565E+02  4.2048E-02 -2.5577E-03
  3.6668E+02  4.2011E-02 -2.5638E-03
  3.6771E+02  4.1963E-02 -2.5696E-03
  3.6874E+02  4.1917E-02 -2.5754E-03
  3.6977E+02  4.1880E-02 -2.5811E-03
  3.7080E+02  4.1852E-02 -2.5867E-03
  3.7183E+02  4.1830E-02 -2.5923E-03
  3.7286E+02  4.1813E-02 -2.5978E-03
  3.7389E+02  4.1793E-02 -2.6033E-03
  3.7492E+02  4.1765E-02 -2.6087E-03
  3.7595E+02  4.1731E-02 -2.6140E-03
  3.7698E+02  4.1701E-02 -2.6194E-03
  3.7801E+02  4.1689E-02 -2.6247E-03
  3.7904E+02  4.1696E-02 -2.6300E-03
  3.8007E+02  4.1707E-02 -2.6355E-03
  3.8110E+02  4.1702E-02 -2.6409E-03
  3.8213E+02  4.1676E-02 -2.6464E-03
  3.8316E+02  4.1646E-02 -2.6519E-03
  3.8419E+02  4.1631E-02 -2.6573E-03
  3.8522E+02  4.1630E-02 -2.6629E-03
  3.8625E+02  4.1628E-02 -2.6685E-03
  3.8728E+02  4.1613E-02 -2.6742E-03
  3.8831E+02  4.1587E-02 -2.6799E-03
  3.8934E+02  4.1559E-02 -2.6856E-03
  3.9037E+02  4.1529E-02 -2.6913E-03
  3.9140E+02  4.1496E-02 -2.6971E-03
  3.9243E+02  4.1463E-02 -2.7028E-03
  3.9346E+02  4.1434E-02 -2.7086E-03
  3.9449E+02  4.1410E-02 -2.7143E-03
  3.9552E+02  4.1384E-02 -2.7200E-03
  3.9655E+02  4.1351E-02 -2.7257E-03
  3.9758E+02  4.1311E-02 -2.7314E-03
  3.9861E+02  4.1270E-02 -2.7371E-03
  3.9964E+02  4.1234E-02 -2.7427E-03
  4.0067E+02  4.1205E-02 -2.7483E-03
  4.0170E+02  4.1178E-02 -2.7539E-03
  4.0273E+02  4.1146E-02 -2.7596E-03
  4.0376E+02  4.1107E-02 -2.7652E-03
  4.0479E+02  4.1062E-02 -2.7707E-03
  4.0582E+02  4.1010E-02 -2.7763E-03
  4.0685E+02  4.0957E-02 -2.7818E-03
  4.0788E+02  4.0907E-02 -2.7874E-03
  4.0891E+02  4.0857E-02 -2.7929E-03
  4.0994E+02  4.0801E-02 -2.7985E-03
  4.1097E+02  4.0738E-02 -2.8040E-03
  4.1200E+02  4.0674E-02 -2.8095E-03
  4.1303E+02  4.0612E-02 -2.8150E-03
  4.1406E+02  4.0547E-02 -2.8205E-03
  4.1509E+02  4.0477E-02 -2.8260E-03
  4.1612E+02  4.0408E-02 -2.8315E-03
  4.1715E+02  4.0351E-02 -2.8370E-03
  4.1818E+02  4.0302E-02 -2.8425E-03
  4.1921E+02  4.0252E-02 -2.8480E-03
  4.2024E+02  4.0196E-02 -2.8535E-03
  4.2127E+02  4.0141E-02 -2.8590E-03
  4.2230E+02  4.0093E-02 -2.8645E-03
  4.2333E+02  4.0053E-02 -2.8700E-03
  4.2436E+02  4.0015E-02 -2.8755E-03
  4.2539E+02  3.9977E-02 -2.8810E-03
  4.2642E+02  3.9942E-02 -2.8865E-03
  4.2745E+02  3.9914E-02 -2.8919E-03
  4.2848E+02  3.9890E-02 -2.8974E-03
  4.2951E+02  3.9863E-02 -2.9030E-03
  4.3054E+02  3.9836E-02 -2.9085E-03
  4.3157E+02  3.9813E-02 -2.9140E-03
  4.3260E+02  3.9801E-02 -2.9195E-03
  4.3363E+02  3.9795E-02 -2.9250E-03
  4.3466E+02  3.9784E-02 -2.9305E-03
  4.3569E+02  3.9765E-02 -2.9360E-03
  4.3672E+02  3.9744E-02 -2.9415E-03
  4.3775E+02  3.9729E-02 -2.9470E-03
  4.3878E+02  3.9722E-02 -2.9524E-03
  4.3981E+02  3.9718E-02 -2.9578E-03
  4.4084E+02  3.9709E-02 -2.9633E-03
  4.4187E+02  3.9690E-02 -2.9687E-03
  4.4290E+02  3.9662E-02 -2.9740E-03
  4.4393E+02  3.9634E-02 -2.9793E-03
  4.4496E+02  3.9612E-02 -2.9846E-03
  4.4599E+02  3.9595E-02 -2.9899E-03
  4.4702E+02  3.9573E-02 -2.9951E-03
  4.4805E+02  3.9538E-02 -3.0004E-03
  4.4908E+02  3.9496E-02 -3.0056E-03
  4.5011E+02  3.9456E-02 -3.0108E-03
  4.5114E+02  3.9421E-02 -3.0159E-03
  4.5217E+02  3.9387E-02 -3.0211E-03
  4.5320E+02  3.9348E-02 -3.0262E-03
  4.5423E+02  3.9305E-02 -3.0314E-03
  4.5526E+02  3.9265E-02 -3.0365E-03
  4.5629E+02  3.9231E-02 -3.0417E-03
  4.5732E+02  3.9201E-02 -3.0469E-03
  4.5835E+02  3.9173E-02 -3.0521E-03
  4.5938E+02  3.9145E-02 -3.0573E-03
  4.6041E+02  3.9120E-02 -3.0625E-03
  4.6144E+02  3.9101E-02 -3.0678E-03
  4.6247E+02  3.9087E-02 -3.0731E-03
  4.6350E+02  3.9078E-02 -3.0784E-03
  4.6453E+02  3.9072E-02 -3.0837E-03
  4.6556E+02  3.9069E-02 -3.0891E-03
  4.6659E+02  3.9065E-02 -3.0945E-03
  4.6762E+02  3.9063E-02 -3.1000E-03
  4.6865E+02  3.9064E-02 -3.1054E-03
  4.6968E+02  3.9066E-02 -3.1109E-03
  4.7071E+02  3.9068E-02 -3.1163E-03
  4.7174E+02  3.9067E-02 -3.1218E-03
  4.7277E+02  3.9064E-02 -3.1272E-03
  4.7380E+02  3.9057E-02 -3.1327E-03
  4.7483E+02  3.9045E-02 -3.1381E-03
  4.7586E+02  3.9029E-02 -3.1434E-03
  4.7689E+02  3.9011E-02 -3.1487E-03
  4.7792E+02  3.8990E-02 -3.1540E-03
  4.7895E+02  3.8963E-02 -3.1592E-03
  4.7998E+02  3.8928E-02 -3.1644E-03
  4.8101E+02  3.8887E-02 -3.1695E-03
  4.8204E+02  3.8845E-02 -3.1746E-03
  4.8307E+02  3.8801E-02 -3.1797E-03
  4.8410E+02  3.8755E-02 -3.1847E-03
  4.8513E+02  3.8703E-02 -3.1896E-03
  4.8616E+02  3.8647E-02 -3.1946E-03
  4.8719E+02  3.8591E-02 -3.1996E-03
  4.8822E+02  3.8539E-02 -3.2045E-03
  4.8925E+02  3.8492E-02 -3.2095E-03
  4.9028E+02  3.8449E-02 -3.2145E-03
  4.9131E+02  3.8404E-02 -3.2195E-03
  4.9234E+02  3.8359E-02 -3.2246E-03
  4.9337E+02  3.8318E-02 -3.2297E-03
  4.9440E+02  3.8285E-02 -3.2349E-03
  4.9543E+02  3.8259E-02 -3.2402E-03
  4.9646E+02  3.8236E-02 -3.2455E-03
  4.9749E+02  3.8216E-02 -3.2509E-03
  4.9852E+02  3.8197E-02 -3.2564E-03
  4.9955E+02  3.8180E-02 -3.2619E-03
  5.0058E+02  3.8165E-02 -3.2674E-03
  5.0161E+02  3.8156E-02 -3.2729E-03
  5.0264E+02  3.8151E-02 -3.2785E-03
  5.0367E+02  3.8147E-02 -3.2841E-03
  5.0470E+02  3.8143E-02 -3.2896E-03
  5.0573E+02  3.8137E-02 -3.2952E-03
  5.0676E+02  3.8130E-02 -3.3007E-03
  5.0779E+02  3.8126E-02 -3.3062E-03
  5.0882E+02  3.8123E-02 -3.3116E-03
  5.0985E+02  3.8121E-02 -3.3169E-03
  5.1088E+02  3.8116E-02 -3.3222E-03
  5.1191E+02  3.8108E-02 -3.3275E-03
  5.1294E+02  3.8097E-02 -3.3326E-03
  5.1397E+02  3.8084E-02 -3.3377E-03
  5.1500E+02  3.8069E-02 -3.3427E-03
  5.1603E+02  3.8054E-02 -3.3477E-03
  5.1706E+02  3.8035E-02 -3.3526E-03
  5.1809E+02  3.8013E-02 -3.3574E-03
  5.1912E+02  3.7987E-02 -3.3623E-03
  5.2015E+02  3.7959E-02 -3.3670E-03
  5.2118E+02  3.7929E-02 -3.3718E-03
  5.2221E+02  3.7897E-02 -3.3766E-03
  5.2324E+02  3.7860E-02 -3.3813E-03
  5.2427E+02  3.7820E-02 -3.3861E-03
  5.2530E+02  3.7780E-02 -3.3909E-03
  5.2633E+02  3.7741E-02 -3.3957E-03
  5.2736E+02  3.7700E-02 -3.4005E-03
  5.2839E+02  3.7656E-02 -3.4054E-03
  5.2942E+02  3.7610E-02 -3.4103E-03
  5.3045E+02  3.7565E-02 -3.4152E-03
  5.3148E+02  3.7523E-02 -3.4202E-03
  5.3251E+02  3.7482E-02 -3.4252E-03
  5.3354E+02  3.7442E-02 -3.4302E-03
  5.3457E+02  3.7404E-02 -3.4353E-03
  5.3560E+02  3.7368E-02 -3.4404E-03
  5.3663E+02  3.7334E-02 -3.4455E-03
  5.3766E+02  3.7303E-02 -3.4507E-03
  5.3869E+02  3.7276E-02 -3.4558E-03
  5.3972E+02  3.7253E-02 -3.4610E-03
  5.4075E+02  3.7233E-02 -3.4662E-03
  5.4178E+02  3.7214E-02 -3.4714E-03
  5.4281E+02  3.7197E-02 -3.4766E-03
  5.4384E+02  3.7183E-02 -3.4818E-03
  5.4487E+02  3.7174E-02 -3.4870E-03
  5.4590E+02  3.7166E-02 -3.4921E-03
  5.4693E+02  3.7157E-02 -3.4973E-03
  5.4796E+02  3.7149E-02 -3.5024E-03
  5.4899E+02  3.7143E-02 -3.5075E-03
  5.5002E+02  3.7141E-02 -3.5126E-03
  5.5105E+02  3.7138E-02 -3.5176E-03
  5.5208E+02  3.7131E-02 -3.5226E-03
  5.5311E+02  3.7123E-02 -3.5276E-03
  5.5414E+02  3.7117E-02 -3.5325E-03
  5.5517E+02  3.7113E-02 -3.5374E-03
  5.5620E+02  3.7107E-02 -3.5423E-03
  5.5723E+02  3.7095E-02 -3.5471E-03
  5.5826E+02  3.7080E-02 -3.5519E-03
  5.5929E+02  3.7065E-02 -3.5567E-03
  5.6032E+02  3.7049E-02 -3.5615E-03
  5.6135E+02  3.7032E-02 -3.5662E-03
  5.6238E+02  3.7011E-02 -3.5709E-03
  5.6341E+02  3.6988E-02 -3.5756E-03
  5.6444E+02  3.6963E-02 -3.5803E-03
  5.6547E+02  3.6936E-02 -3.5850E-03
  5.6650E+02  3.6909E-02 -3.5897E-03
  5.6753E+02  3.6880E-02 -3.5945E-03
  5.6856E+02  3.6851E-02 -3.5992E-03
  5.6959E+02  3.6821E-02 -3.6039E-03
  5.7062E+02  3.6792E-02 -3.6087E-03
  5.7165E+02  3.6763E-02 -3.6134E-03
  5.7268E+02  3.6733E-02 -3.6183E-03
  5.7371E+02  3.6703E-02 -3.6231E-03
  5.7474E+02  3.6672E-02 -3.6279E-03
  5.7577E+02  3.6643E-02 -3.6328E-03
  5.7680E+02  3.6617E-02 -3.6377E-03
  5.7783E+02  3.6592E-02 -3.6426E-03
  5.7886E+02  3.6566E-02 -3.6475E-03
  5.7989E+02  3.6539E-02 -3.6524E-03
  5.8092E+02  3.6514E-02 -3.6574E-03
  5.8195E+02  3.6491E-02 -3.6624E-03
  5.8298E+02  3.6469E-02 -3.6673E-03
  5.8401E+02  3.6448E-02 -3.6723E-03
  5.8504E+02  3.6427E-02 -3.6773E-03
  5.8607E+02  3.6407E-02 -3.6822E-03
  5.8710E+02  3.6388E-02 -3.6872E-03
  5.8813E+02  3.6369E-02 -3.6921E-03
  5.8916E+02  3.6348E-02 -3.6970E-03
  5.9019E+02  3.6328E-02 -3.7019E-03
  5.9122E+02  3.6308E-02 -3.7067E-03
  5.9225E+02  3.6289E-02 -3.7115E-03
  5.9328E+02  3.6270E-02 -3.7163E-03
  5.9431E+02  3.6250E-02 -3.7211E-03
  5.9534E+02  3.6229E-02 -3.7258E-03
  5.9637E+02  3.6207E-02 -3.7305E-03
  5.9740E+02  3.6187E-02 -3.7352E-03
  5.9843E+02  3.6168E-02 -3.7398E-03
  5.9946E+02  3.6148E-02 -3.7445E-03
  6.0049E+02  3.6127E-02 -3.7491E-03
  6.0152E+02  3.6108E-02 -3.7537E-03
  6.0255E+02  3.6089E-02 -3.7583E-03
  6.0358E+02  3.6072E-02 -3.7629E-03
  6.0461E+02  3.6055E-02 -3.7675E-03
  6.0564E+02  3.6038E-02 -3.7721E-03
  6.0667E+02  3.6020E-02 -3.7767E-03
  6.0770E+02  3.6003E-02 -3.7814E-03
  6.0873E+02  3.5988E-02 -3.7860E-03
  6.0976E+02  3.5974E-02 -3.7907E-03
  6.1079E+02  3.5960E-02 -3.7954E-03
  6.1182E+02  3.5945E-02 -3.8001E-03
  6.1285E+02  3.5929E-02 -3.8048E-03
  6.1388E+02  3.5913E-02 -3.8095E-03
  6.1491E+02  3.5898E-02 -3.8143E-03
  6.1594E+02  3.5884E-02 -3.8190E-03
  6.1697E+02  3.5869E-02 -3.8238E-03
  6.1800E+02  3.5852E-02 -3.8286E-03
  6.1903E+02  3.5834E-02 -3.8333E-03
  6.2006E+02  3.5815E-02 -3.8381E-03
  6.2109E+02  3.5795E-02 -3.8429E-03
  6.2212E+02  3.5775E-02 -3.8476E-03
  6.2315E+02  3.5754E-02 -3.8523E-03
  6.2418E+02  3.5733E-02 -3.8571E-03
  6.2521E+02  3.5710E-02 -3.8618E-03
  6.2624E+02  3.5685E-02 -3.8664E-03
  6.2727E+02  3.5660E-02 -3.8711E-03
  6.2830E+02  3.5634E-02 -3.8758E-03
  6.2933E+02  3.5609E-02 -3.8804E-03
  6.3036E+02  3.5584E-02 -3.8850E-03
  6.3139E+02  3.5559E-02 -3.8896E-03
  6.3242E+02  3.5534E-02 -3.8942E-03
  6.3345E+02  3.5507E-02 -3.8988E-03
  6.3448E+02  3.5481E-02 -3.9034E-03
  6.3551E+02  3.5457E-02 -3.9080E-03
  6.3654E+02  3.5433E-02 -3.9126E-03
  6.3757E+02  3.5410E-02 -3.9172E-03
  6.3860E+02  3.5386E-02 -3.9218E-03
  6.3963E+02  3.5364E-02 -3.9265E-03
  6.4066E+02  3.5342E-02 -3.9311E-03
  6.4169E+02  3.5321E-02 -3.9357E-03
  6.4272E+02  3.5300E-02 -3.9404E-03
  6.4375E+02  3.5280E-02 -3.9451E-03
  6.4478E+02  3.5262E-02 -3.9497E-03
  6.4581E+02  3.5244E-02 -3.9544E-03
  6.4684E+02  3.5226E-02 -3.9591E-03
  6.4787E+02  3.5208E-02 -3.9638E-03
  6.4890E+02  3.5190E-02 -3.9684E-03
  6.4993E+02  3.5173E-02 -3.9731E-03
  6.5096E+02  3.5156E-02 -3.9778E-03
  6.5199E+02  3.5139E-02 -3.9824E-03
  6.5302E+02  3.5121E-02 -3.9871E-03
  6.5405E+02  3.5103E-02 -3.9917E-03
  6.5508E+02  3.5085E-02 -3.9963E-03
  6.5611E+02  3.5065E-02 -4.0009E-03
  6.5714E+02  3.5046E-02 -4.0054E-03
  6.5817E+02  3.5028E-02 -4.0100E-03
  6.5920E+02  3.5008E-02 -4.0145E-03
  6.6023E+02  3.4988E-02 -4.0190E-03
  6.6126E+02  3.4968E-02 -4.0235E-03
  6.6229E+02  3.4948E-02 -4.0280E-03
  6.6332E+02  3.4928E-02 -4.0325E-03
  6.6435E+02  3.4908E-02 -4.0369E-03
  6.6538E+02  3.4887E-02 -4.0414E-03
  6.6641E+02  3.4867E-02 -4.0459E-03
  6.6744E+02  3.4846E-02 -4.0503E-03
  6.6847E+02  3.4826E-02 -4.0548E-03
  6.6950E+02  3.4806E-02 -4.0592E-03
  6.7053E+02  3.4785E-02 -4.0637E-03
  6.7156E+02  3.4765E-02 -4.0682E-03
  6.7259E+02  3.4745E-02 -4.0726E-03
  6.7362E+02  3.4725E-02 -4.0771E-03
  6.7465E+02  3.4706E-02 -4.0816E-03
  6.7568E+02  3.4687E-02 -4.0861E-03
  6.7671E+02  3.4668E-02 -4.0907E-03
  6.7774E+02  3.4649E-02 -4.0952E-03
  6.7877E+02  3.4631E-02 -4.0997E-03
  6.7980E+02  3.4614E-02 -4.1043E-03
  6.8083E+02  3.4596E-02 -4.1088E-03
  6.8186E+02  3.4579E-02 -4.1134E-03
  6.8289E+02  3.4562E-02 -4.1179E-03
  6.8392E+02  3.4546E-02 -4.1225E-03
  6.8495E+02  3.4530E-02 -4.1270E-03
  6.8598E+02  3.4514E-02 -4.1316E-03
  6.8701E+02  3.4497E-02 -4.1361E-03
  6.8804E+02  3.4481E-02 -4.1406E-03
  6.8907E+02  3.4466E-02 -4.1452E-03
  6.9010E+02  3.4450E-02 -4.1497E-03
  6.9113E+02  3.4435E-02 -4.1542E-03
  6.9216E+02  3.4419E-02 -4.1587E-03
  6.9319E+02  3.4402E-02 -4.1631E-03
  6.9422E+02  3.4386E-02 -4.1676E-03
  6.9525E+02  3.4370E-02 -4.1721E-03
  6.9628E+02  3.4354E-02 -4.1765E-03
  6.9731E+02  3.4337E-02 -4.1810E-03
  6.9834E+02  3.4321E-02 -4.1854E-03
  6.9937E+02  3.4303E-02 -4.1898E-03
  7.0040E+02  3.4286E-02 -4.1942E-03
  7.0143E+02  3.4268E-02 -4.1986E-03
  7.0246E+02  3.4250E-02 -4.2030E-03
  7.0349E+02  3.4232E-02 -4.2074E-03
  7.0452E+02  3.4213E-02 -4.2117E-03
  7.0555E+02  3.4193E-02 -4.2161E-03
  7.0658E+02  3.4174E-02 -4.2205E-03
  7.0761E+02  3.4154E-02 -4.2248E-03
  7.0864E+02  3.4134E-02 -4.2292E-03
  7.0967E+02  3.4113E-02 -4.2335E-03
  7.1070E+02  3.4092E-02 -4.2379E-03
  7.1173E+02  3.4070E-02 -4.2422E-03
  7.1276E+02  3.4048E-02 -4.2465E-03
  7.1379E+02  3.4027E-02 -4.2509E-03
  7.1482E+02  3.4006E-02 -4.2552E-03
  7.1585E+02  3.3984E-02 -4.2595E-03
  7.1688E+02  3.3962E-02 -4.2639E-03
  7.1791E+02  3.3941E-02 -4.2682E-03
  7.1894E+02  3.3920E-02 -4.2725E-03
  7.1997E+02  3.3900E-02 -4.2769E-03
  7.2100E+02  3.3880E-02 -4.2812E-03
  7.2203E+02  3.3861E-02 -4.2855E-03
  7.2306E+02  3.3842E-02 -4.2899E-03
  7.2409E+02  3.3824E-02 -4.2942E-03
  7.2512E+02  3.3805E-02 -4.2986E-03
  7.2615E+02  3.3788E-02 -4.3029E-03
  7.2718E+02  3.3771E-02 -4.3073E-03
  7.2821E+02  3.3754E-02 -4.3117E-03
  7.2924E+02  3.3737E-02 -4.3160E-03
  7.3027E+02  3.3720E-02 -4.3204E-03
  7.3130E+02  3.3703E-02 -4.3247E-03
  7.3233E+02  3.3687E-02 -4.3291E-03
  7.3336E+02  3.3671E-02 -4.3335E-03
  7.3439E+02  3.3655E-02 -4.3378E-03
  7.3542E+02  3.3638E-02 -4.3421E-03
  7.3645E+02  3.3622E-02 -4.3465E-03
  7.3748E+02  3.3606E-02 -4.3508E-03
  7.3851E+02  3.3590E-02 -4.3551E-03
  7.3954E+02  3.3573E-02 -4.3594E-03
  7.4057E+02  3.3557E-02 -4.3637E-03
  7.4160E+02  3.3540E-02 -4.3680E-03
  7.4263E+02  3.3523E-02 -4.3723E-03
  7.4366E+02  3.3507E-02 -4.3766E-03
  7.4469E+02  3.3489E-02 -4.3808E-03
  7.4572E+02  3.3472E-02 -4.3851E-03
  7.4675E+02  3.3454E-02 -4.3893E-03
  7.4778E+02  3.3437E-02 -4.3935E-03
  7.4881E+02  3.3419E-02 -4.3978E-03
  7.4984E+02  3.3401E-02 -4.4020E-03
  7.5087E+02  3.3383E-02 -4.4062E-03
  7.5190E+02  3.3365E-02 -4.4104E-03
  7.5293E+02  3.3347E-02 -4.4146E-03
  7.5396E+02  3.3329E-02 -4.4188E-03
  7.5499E+02  3.3311E-02 -4.4230E-03
  7.5602E+02  3.3293E-02 -4.4272E-03
  7.5705E+02  3.3276E-02 -4.4314E-03
  7.5808E+02  3.3258E-02 -4.4356E-03
  7.5911E+02  3.3240E-02 -4.4398E-03
  7.6014E+02  3.3223E-02 -4.4440E-03
  7.6117E+02  3.3206E-02 -4.4482E-03
  7.6220E+02  3.3189E-02 -4.4523E-03
  7.6323E+02  3.3172E-02 -4.4565E-03
  7.6426E+02  3.3155E-02 -4.4607E-03
  7.6529E+02  3.3138E-02 -4.4649E-03
  7.6632E+02  3.3121E-02 -4.4691E-03
  7.6735E+02  3.3104E-02 -4.4733E-03
  7.6838E+02  3.3087E-02 -4.4775E-03
  7.6941E+02  3.3070E-02 -4.4817E-03
  7.7044E+02  3.3053E-02 -4.4858E-03
  7.7147E+02  3.3036E-02 -4.4900E-03
  7.7250E+02  3.3018E-02 -4.4942E-03
  7.7353E+02  3.3001E-02 -4.4983E-03
  7.7456E+02  3.2984E-02 -4.5025E-03
  7.7559E+02  3.2967E-02 -4.5066E-03
  7.7662E+02  3.2949E-02 -4.5108E-03
  7.7765E+02  3.2931E-02 -4.5149E-03
  7.7868E+02  3.2914E-02 -4.5191E-03
  7.7971E+02  3.2896E-02 -4.5232E-03
  7.8074E+02  3.2879E-02 -4.5273E-03
  7.8177E+02  3.2862E-02 -4.5315E-03
  7.8280E+02  3.2844E-02 -4.5356E-03
  7.8383E+02  3.2827E-02 -4.5397E-03
  7.8486E+02  3.2809E-02 -4.5439E-03
  7.8589E+02  3.2792E-02 -4.5480E-03
  7.8692E+02  3.2776E-02 -4.5521E-03
  7.8795E+02  3.2759E-02 -4.5562E-03
  7.8898E+02  3.2742E-02 -4.5603E-03
  7.9001E+02  3.2725E-02 -4.5645E-03
  7.9104E+02  3.2709E-02 -4.5686E-03
  7.9207E+02  3.2693E-02 -4.5727E-03
  7.9310E+02  3.2678E-02 -4.5768E-03
  7.9413E+02  3.2662E-02 -4.5809E-03
  7.9516E+02  3.2647E-02 -4.5850E-03
  7.9619E+02  3.2632E-02 -4.5891E-03
  7.9722E+02  3.2616E-02 -4.5933E-03
  7.9825E+02  3.2602E-02 -4.5974E-03
  7.9928E+02  3.2587E-02 -4.6014E-03
  8.0031E+02  3.2573E-02 -4.6055E-03
  8.0134E+02  3.2558E-02 -4.6096E-03
  8.0237E+02  3.2542E-02 -4.6137E-03
  8.0340E+02  3.2527E-02 -4.6178E-03
  8.0443E+02  3.2512E-02 -4.6218E-03
  8.0546E+02  3.2497E-02 -4.6259E-03
  8.0649E+02  3.2481E-02 -4.6300E-03
  8.0752E+02  3.2465E-02 -4.6340E-03
  8.0855E+02  3.2448E-02 -4.6380E-03
  8.0958E+02  3.2432E-02 -4.6421E-03
  8.1061E+02  3.2415E-02 -4.6461E-03
  8.1164E+02  3.2398E-02 -4.6501E-03
  8.1267E+02  3.2381E-02 -4.6542E-03
  8.1370E+02  3.2363E-02 -4.6582E-03
  8.1473E+02  3.2346E-02 -4.6622E-03
  8.1576E+02  3.2328E-02 -4.6662E-03
  8.1679E+02  3.2310E-02 -4.6702E-03
  8.1782E+02  3.2292E-02 -4.6743E-03
  8.1885E+02  3.2274E-02 -4.6783E-03
  8.1988E+02  3.2256E-02 -4.6823E-03
  8.2091E+02  3.2238E-02 -4.6863E-03
  8.2194E+02  3.2220E-02 -4.6904E-03
  8.2297E+02  3.2202E-02 -4.6944E-03
  8.2400E+02  3.2184E-02 -4.6984E-03
  8.2503E+02  3.2165E-02 -4.7024E-03
  8.2606E+02  3.2148E-02 -4.7065E-03
  8.2709E+02  3.2130E-02 -4.7105E-03
  8.2812E+02  3.2113E-02 -4.7146E-03
  8.2915E+02  3.2096E-02 -4.7186E-03
  8.3018E+02  3.2078E-02 -4.7226E-03
  8.3121E+02  3.2062E-02 -4.7267E-03
  8.3224E+02  3.2045E-02 -4.7307E-03
  8.3327E+02  3.2029E-02 -4.7348E-03
  8.3430E+02  3.2013E-02 -4.7388E-03
  8.3533E+02  3.1997E-02 -4.7428E-03
  8.3636E+02  3.1982E-02 -4.7468E-03
  8.3739E+02  3.1967E-02 -4.7509E-03
  8.3842E+02  3.1952E-02 -4.7549E-03
  8.3945E+02  3.1937E-02 -4.7589E-03
  8.4048E+02  3.1923E-02 -4.7628E-03
  8.4151E+02  3.1908E-02 -4.7668E-03
  8.4254E+02  3.1894E-02 -4.7708E-03
  8.4357E+02  3.1880E-02 -4.7747E-03
  8.4460E+02  3.1867E-02 -4.7787E-03
  8.4563E+02  3.1853E-02 -4.7826E-03
  8.4666E+02  3.1838E-02 -4.7866E-03
  8.4769E+02  3.1824E-02 -4.7905E-03
  8.4872E+02  3.1811E-02 -4.7944E-03
  8.4975E+02  3.1797E-02 -4.7983E-03
  8.5078E+02  3.1783E-02 -4.8023E-03
  8.5181E+02  3.1768E-02 -4.8062E-03
  8.5284E+02  3.1753E-02 -4.8101E-03
  8.5387E+02  3.1738E-02 -4.8140E-03
  8.5490E+02  3.1723E-02 -4.8179E-03
  8.5593E+02  3.1708E-02 -4.8217E-03
  8.5696E+02  3.1692E-02 -4.8256E-03
  8.5799E+02  3.1676E-02 -4.8295E-03
  8.5902E+02  3.1660E-02 -4.8334E-03
  8.6005E+02  3.1645E-02 -4.8373E-03
  8.6108E+02  3.1628E-02 -4.8412E-03
  8.6211E+02  3.1612E-02 -4.8451E-03
  8.6314E+02  3.1595E-02 -4.8490E-03
  8.6417E+02  3.1579E-02 -4.8529E-03
  8.6520E+02  3.1562E-02 -4.8568E-03
  8.6623E+02  3.1546E-02 -4.8607E-03
  8.6726E+02  3.1529E-02 -4.8646E-03
  8.6829E+02  3.1512E-02 -4.8685E-03
  8.6932E+02  3.1496E-02 -4.8724E-03
  8.7035E+02  3.1480E-02 -4.8763E-03
  8.7138E+02  3.1463E-02 -4.8802E-03
  8.7241E+02  3.1447E-02 -4.8841E-03
  8.7344E+02  3.1431E-02 -4.8880E-03
  8.7447E+02  3.1415E-02 -4.8919E-03
  8.7550E+02  3.1400E-02 -4.8958E-03
  8.7653E+02  3.1384E-02 -4.8997E-03
  8.7756E+02  3.1368E-02 -4.9036E-03
  8.7859E+02  3.1353E-02 -4.9075E-03
  8.7962E+02  3.1338E-02 -4.9114E-03
  8.8065E+02  3.1323E-02 -4.9153E-03
  8.8168E+02  3.1308E-02 -4.9192E-03
  8.8271E+02  3.1293E-02 -4.9230E-03
  8.8374E+02  3.1278E-02 -4.9269E-03
  8.8477E+02  3.1264E-02 -4.9308E-03
  8.8580E+02  3.1249E-02 -4.9346E-03
  8.8683E+02  3.1235E-02 -4.9385E-03
  8.8786E+02  3.1220E-02 -4.9423E-03
  8.8889E+02  3.1206E-02 -4.9461E-03
  8.8992E+02  3.1192E-02 -4.9500E-03
  8.9095E+02  3.1177E-02 -4.9538E-03
  8.9198E+02  3.1163E-02 -4.9576E-03
  8.9301E+02  3.1149E-02 -4.9614E-03
  8.9404E+02  3.1134E-02 -4.9652E-03
  8.9507E+02  3.1120E-02 -4.9690E-03
  8.9610E+02  3.1105E-02 -4.9728E-03
  8.9713E+02  3.1090E-02 -4.9766E-03
  8.9816E+02  3.1075E-02 -4.9804E-03
  8.9919E+02  3.1060E-02 -4.9842E-03
  9.0022E+02  3.1045E-02 -4.9879E-03
  9.0125E+02  3.1029E-02 -4.9917E-03
  9.0228E+02  3.1014E-02 -4.9955E-03
  9.0331E+02  3.0998E-02 -4.9993E-03
  9.0434E+02  3.0982E-02 -5.0030E-03
  9.0537E+02  3.0966E-02 -5.0068E-03
  9.0640E+02  3.0950E-02 -5.0105E-03
  9.0743E+02  3.0933E-02 -5.0143E-03
  9.0846E+02  3.0917E-02 -5.0181E-03
  9.0949E+02  3.0900E-02 -5.0218E-03
  9.1052E+02  3.0883E-02 -5.0256E-03
  9.1155E+02  3.0867E-02 -5.0293E-03
  9.1258E+02  3.0851E-02 -5.0331E-03
  9.1361E+02  3.0834E-02 -5.0368E-03
  9.1464E+02  3.0817E-02 -5.0406E-03
  9.1567E+02  3.0801E-02 -5.0443E-03
  9.1670E+02  3.0784E-02 -5.0481E-03
  9.1773E+02  3.0768E-02 -5.0518E-03
  9.1876E+02  3.0752E-02 -5.0556E-03
  9.1979E+02  3.0736E-02 -5.0593E-03
  9.2082E+02  3.0720E-02 -5.0630E-03
  9.2185E+02  3.0704E-02 -5.0668E-03
  9.2288E+02  3.0689E-02 -5.0705E-03
  9.2391E+02  3.0673E-02 -5.0742E-03
  9.2494E+02  3.0658E-02 -5.0780E-03
  9.2597E+02  3.0643E-02 -5.0817E-03
  9.2700E+02  3.0629E-02 -5.0854E-03
  9.2803E+02  3.0614E-02 -5.0891E-03
  9.2906E+02  3.0599E-02 -5.0929E-03
  9.3009E+02  3.0585E-02 -5.0966E-03
  9.3112E+02  3.0571E-02 -5.1003E-03
  9.3215E+02  3.0557E-02 -5.1040E-03
  9.3318E+02  3.0544E-02 -5.1077E-03
  9.3421E+02  3.0530E-02 -5.1115E-03
  9.3524E+02  3.0516E-02 -5.1152E-03
  9.3627E+02  3.0503E-02 -5.1189E-03
  9.3730E+02  3.0490E-02 -5.1226E-03
  9.3833E+02  3.0477E-02 -5.1263E-03
  9.3936E+02  3.0464E-02 -5.1300E-03
  9.4039E+02  3.0451E-02 -5.1337E-03
  9.4142E+02  3.0438E-02 -5.1374E-03
  9.4245E+02  3.0425E-02 -5.1411E-03
  9.4348E+02  3.0412E-02 -5.1447E-03
  9.4451E+02  3.0399E-02 -5.1484E-03
  9.4554E+02  3.0386E-02 -5.1521E-03
  9.4657E+02  3.0373E-02 -5.1558E-03
  9.4760E+02  3.0360E-02 -5.1594E-03
  9.4863E+02  3.0347E-02 -5.1631E-03
  9.4966E+02  3.0334E-02 -5.1668E-03
  9.5069E+02  3.0321E-02 -5.1704E-03
  9.5172E+02  3.0307E-02 -5.1741E-03
  9.5275E+02  3.0294E-02 -5.1777E-03
  9.5378E+02  3.0280E-02 -5.1814E-03
  9.5481E+02  3.0266E-02 -5.1850E-03
  9.5584E+02  3.0252E-02 -5.1887E-03
  9.5687E+02  3.0238E-02 -5.1923E-03
  9.5790E+02  3.0224E-02 -5.1959E-03
  9.5893E+02  3.0209E-02 -5.1996E-03
  9.5996E+02  3.0195E-02 -5.2032E-03
  9.6099E+02  3.0180E-02 -5.2068E-03
  9.6202E+02  3.0165E-02 -5.2104E-03
  9.6305E+02  3.0150E-02 -5.2140E-03
  9.6408E+02  3.0136E-02 -5.2176E-03
  9.6511E+02  3.0121E-02 -5.2213E-03
  9.6614E+02  3.0106E-02 -5.2249E-03
  9.6717E+02  3.0091E-02 -5.2285E-03
  9.6820E+02  3.0076E-02 -5.2321E-03
  9.6923E+02  3.0061E-02 -5.2357E-03
  9.7026E+02  3.0046E-02 -5.2393E-03
  9.7129E+02  3.0031E-02 -5.2429E-03
  9.7232E+02  3.0017E-02 -5.2465E-03
  9.7335E+02  3.0002E-02 -5.2501E-03
  9.7438E+02  2.9987E-02 -5.2537E-03
  9.7541E+02  2.9973E-02 -5.2573E-03
  9.7644E+02  2.9959E-02 -5.2609E-03
  9.7747E+02  2.9944E-02 -5.2645E-03
  9.7850E+02  2.9930E-02 -5.2681E-03
  9.7953E+02  2.9916E-02 -5.2717E-03
  9.8056E+02  2.9903E-02 -5.2753E-03
  9.8159E+02  2.9889E-02 -5.2788E-03
  9.8262E+02  2.9875E-02 -5.2824E-03
  9.8365E+02  2.9862E-02 -5.2860E-03
  9.8468E+02  2.9848E-02 -5.2896E-03
  9.8571E+02  2.9835E-02 -5.2932E-03
  9.8674E+02  2.9822E-02 -5.2967E-03
  9.8777E+02  2.9808E-02 -5.3003E-03
  9.8880E+02  2.9795E-02 -5.3039E-03
  9.8983E+02  2.9782E-02 -5.3074E-03
  9.9086E+02  2.9769E-02 -5.3110E-03
  9.9189E+02  2.9755E-02 -5.3145E-03
  9.9292E+02  2.9742E-02 -5.3181E-03
  9.9395E+02  2.9729E-02 -5.3216E-03
  9.9498E+02  2.9715E-02 -5.3252E-03
  9.9601E+02  2.9701E-02 -5.3287E-03
  9.9704E+02  2.9688E-02 -5.3322E-03
  9.9807E+02  2.9674E-02 -5.3357E-03
  9.9910E+02  2.9660E-02 -5.3392E-03
  1.0001E+03  2.9646E-02 -5.3427E-03
  1.0012E+03  2.9632E-02 -5.3463E-03
  1.0022E+03  2.9618E-02 -5.3497E-03
  1.0032E+03  2.9604E-02 -5.3532E-03
  1.0042E+03  2.9590E-02 -5.3567E-03
  1.0053E+03  2.9576E-02 -5.3602E-03
  1.0063E+03  2.9562E-02 -5.3637E-03
  1.0073E+03  2.9548E-02 -5.3672E-03
  1.0084E+03  2.9534E-02 -5.3707E-03
  1.0094E+03  2.9519E-02 -5.3742E-03
  1.0104E+03  2.9505E-02 -5.3776E-03
  1.0115E+03  2.9491E-02 -5.3811E-03
  1.0125E+03  2.9477E-02 -5.3846E-03
  1.0135E+03  2.9463E-02 -5.3881E-03
  1.0145E+03  2.9449E-02 -5.3916E-03
  1.0156E+03  2.9435E-02 -5.3951E-03
  1.0166E+03  2.9421E-02 -5.3985E-03
  1.0176E+03  2.9407E-02 -5.4020E-03
  1.0187E+03  2.9393E-02 -5.4055E-03
  1.0197E+03  2.9379E-02 -5.4090E-03
  1.0207E+03  2.9365E-02 -5.4125E-03
  1.0218E+03  2.9351E-02 -5.4159E-03
  1.0228E+03  2.9338E-02 -5.4194E-03
  1.0238E+03  2.9324E-02 -5.4229E-03
  1.0248E+03  2.9310E-02 -5.4264E-03
  1.0259E+03  2.9297E-02 -5.4298E-03
  1.0269E+03  2.9283E-02 -5.4333E-03
  1.0279E+03  2.9269E-02 -5.4368E-03
  1.0290E+03  2.9256E-02 -5.4402E-03
  1.0300E+03  2.9242E-02 -5.4437E-03
  1.0310E+03  2.9229E-02 -5.4471E-03
  1.0321E+03  2.9215E-02 -5.4506E-03
  1.0331E+03  2.9201E-02 -5.4540E-03
  1.0341E+03  2.9188E-02 -5.4574E-03
  1.0351E+03  2.9174E-02 -5.4609E-03
  1.0362E+03  2.9161E-02 -5.4643E-03
  1.0372E+03  2.9147E-02 -5.4677E-03
  1.0382E+03  2.9134E-02 -5.4711E-03
  1.0393E+03  2.9120E-02 -5.4745E-03
  1.0403E+03  2.9107E-02 -5.4780E-03
  1.0413E+03  2.9094E-02 -5.4814E-03
  1.0424E+03  2.9080E-02 -5.4848E-03
  1.0434E+03  2.9067E-02 -5.4882E-03
  1.0444E+03  2.9054E-02 -5.4916E-03
  1.0454E+03  2.9040E-02 -5.4950E-03
  1.0465E+03  2.9027E-02 -5.4984E-03
  1.0475E+03  2.9014E-02 -5.5017E-03
  1.0485E+03  2.9001E-02 -5.5051E-03
  1.0496E+03  2.8987E-02 -5.5085E-03
  1.0506E+03  2.8974E-02 -5.5119E-03
  1.0516E+03  2.8961E-02 -5.5153E-03
  1.0527E+03  2.8948E-02 -5.5187E-03
  1.0537E+03  2.8934E-02 -5.5221E-03
  1.0547E+03  2.8921E-02 -5.5255E-03
  1.0557E+03  2.8908E-02 -5.5288E-03
  1.0568E+03  2.8894E-02 -5.5322E-03
  1.0578E+03  2.8881E-02 -5.5356E-03
  1.0588E+03  2.8868E-02 -5.5390E-03
  1.0599E+03  2.8854E-02 -5.5423E-03
  1.0609E+03  2.8841E-02 -5.5457E-03
  1.0619E+03  2.8827E-02 -5.5491E-03
  1.0630E+03  2.8814E-02 -5.5525E-03
  1.0640E+03  2.8800E-02 -5.5558E-03
  1.0650E+03  2.8787E-02 -5.5592E-03
  1.0660E+03  2.8773E-02 -5.5626E-03
  1.0671E+03  2.8760E-02 -5.5659E-03
  1.0681E+03  2.8746E-02 -5.5693E-03
  1.0691E+03  2.8733E-02 -5.5726E-03
  1.0702E+03  2.8720E-02 -5.5760E-03
  1.0712E+03  2.8706E-02 -5.5793E-03
  1.0722E+03  2.8693E-02 -5.5827E-03
  1.0733E+03  2.8680E-02 -5.5860E-03
  1.0743E+03  2.8666E-02 -5.5894E-03
  1.0753E+03  2.8653E-02 -5.5927E-03
  1.0763E+03  2.8640E-02 -5.5960E-03
  1.0774E+03  2.8627E-02 -5.5994E-03
  1.0784E+03  2.8614E-02 -5.6027E-03
  1.0794E+03  2.8601E-02 -5.6060E-03
  1.0805E+03  2.8589E-02 -5.6094E-03
  1.0815E+03  2.8576E-02 -5.6127E-03
  1.0825E+03  2.8563E-02 -5.6160E-03
  1.0836E+03  2.8551E-02 -5.6193E-03
  1.0846E+03  2.8538E-02 -5.6227E-03
  1.0856E+03  2.8526E-02 -5.6260E-03
  1.0866E+03  2.8513E-02 -5.6293E-03
  1.0877E+03  2.8501E-02 -5.6326E-03
  1.0887E+03  2.8489E-02 -5.6359E-03
  1.0897E+03  2.8476E-02 -5.6392E-03
  1.0908E+03  2.8464E-02 -5.6425E-03
  1.0918E+03  2.8452E-02 -5.6458E-03
  1.0928E+03  2.8439E-02 -5.6491E-03
  1.0939E+03  2.8427E-02 -5.6524E-03
  1.0949E+03  2.8415E-02 -5.6556E-03
  1.0959E+03  2.8402E-02 -5.6589E-03
  1.0969E+03  2.8390E-02 -5.6622E-03
  1.0980E+03  2.8378E-02 -5.6655E-03
  1.0990E+03  2.8365E-02 -5.6688E-03
  1.1000E+03  2.8353E-02 -5.6720E-03
  1.1011E+03  2.8340E-02 -5.6753E-03
  1.1021E+03  2.8328E-02 -5.6786E-03
  1.1031E+03  2.8315E-02 -5.6818E-03
  1.1042E+03  2.8302E-02 -5.6851E-03
  1.1052E+03  2.8290E-02 -5.6884E-03
  1.1062E+03  2.8277E-02 -5.6916E-03
  1.1072E+03  2.8264E-02 -5.6949E-03
  1.1083E+03  2.8251E-02 -5.6981E-03
  1.1093E+03  2.8238E-02 -5.7014E-03
  1.1103E+03  2.8225E-02 -5.7046E-03
  1.1114E+03  2.8212E-02 -5.7079E-03
  1.1124E+03  2.8199E-02 -5.7112E-03
  1.1134E+03  2.8186E-02 -5.7144E-03
  1.1145E+03  2.8173E-02 -5.7177E-03
  1.1155E+03  2.8160E-02 -5.7209E-03
  1.1165E+03  2.8147E-02 -5.7241E-03
  1.1175E+03  2.8135E-02 -5.7274E-03
  1.1186E+03  2.8122E-02 -5.7306E-03
  1.1196E+03  2.8109E-02 -5.7339E-03
  1.1206E+03  2.8096E-02 -5.7371E-03
  1.1217E+03  2.8083E-02 -5.7403E-03
  1.1227E+03  2.8071E-02 -5.7436E-03
  1.1237E+03  2.8058E-02 -5.7468E-03
  1.1248E+03  2.8046E-02 -5.7500E-03
  1.1258E+03  2.8033E-02 -5.7533E-03
  1.1268E+03  2.8021E-02 -5.7565E-03
  1.1278E+03  2.8008E-02 -5.7597E-03
  1.1289E+03  2.7996E-02 -5.7629E-03
  1.1299E+03  2.7984E-02 -5.7661E-03
  1.1309E+03  2.7971E-02 -5.7693E-03
  1.1320E+03  2.7959E-02 -5.7725E-03
  1.1330E+03  2.7947E-02 -5.7757E-03
  1.1340E+03  2.7935E-02 -5.7789E-03
  1.1351E+03  2.7923E-02 -5.7821E-03
  1.1361E+03  2.7910E-02 -5.7853E-03
  1.1371E+03  2.7898E-02 -5.7885E-03
  1.1381E+03  2.7886E-02 -5.7916E-03
  1.1392E+03  2.7873E-02 -5.7948E-03
  1.1402E+03  2.7861E-02 -5.7980E-03
  1.1412E+03  2.7849E-02 -5.8011E-03
  1.1423E+03  2.7836E-02 -5.8043E-03
  1.1433E+03  2.7824E-02 -5.8075E-03
  1.1443E+03  2.7811E-02 -5.8106E-03
  1.1454E+03  2.7798E-02 -5.8138E-03
  1.1464E+03  2.7786E-02 -5.8169E-03
  1.1474E+03  2.7773E-02 -5.8201E-03
  1.1484E+03  2.7760E-02 -5.8232E-03
  1.1495E+03  2.7747E-02 -5.8263E-03
  1.1505E+03  2.7735E-02 -5.8295E-03
  1.1515E+03  2.7722E-02 -5.8326E-03
  1.1526E+03  2.7709E-02 -5.8358E-03
  1.1536E+03  2.7696E-02 -5.8389E-03
  1.1546E+03  2.7683E-02 -5.8420E-03
  1.1557E+03  2.7670E-02 -5.8452E-03
  1.1567E+03  2.7657E-02 -5.8483E-03
  1.1577E+03  2.7644E-02 -5.8514E-03
  1.1587E+03  2.7632E-02 -5.8545E-03
  1.1598E+03  2.7619E-02 -5.8577E-03
  1.1608E+03  2.7606E-02 -5.8608E-03
  1.1618E+03  2.7593E-02 -5.8639E-03
  1.1629E+03  2.7581E-02 -5.8671E-03
  1.1639E+03  2.7568E-02 -5.8702E-03
  1.1649E+03  2.7556E-02 -5.8733E-03
  1.1660E+03  2.7543E-02 -5.8764E-03
  1.1670E+03  2.7531E-02 -5.8796E-03
  1.1680E+03  2.7519E-02 -5.8827E-03
  1.1690E+03  2.7507E-02 -5.8858E-03
  1.1701E+03  2.7495E-02 -5.8889E-03
  1.1711E+03  2.7483E-02 -5.8920E-03
  1.1721E+03  2.7471E-02 -5.8952E-03
  1.1732E+03  2.7459E-02 -5.8983E-03
  1.1742E+03  2.7447E-02 -5.9014E-03
  1.1752E+03  2.7435E-02 -5.9045E-03
  1.1763E+03  2.7423E-02 -5.9076E-03
  1.1773E+03  2.7412E-02 -5.9107E-03
  1.1783E+03  2.7400E-02 -5.9138E-03
  1.1793E+03  2.7388E-02 -5.9168E-03
  1.1804E+03  2.7377E-02 -5.9199E-03
  1.1814E+03  2.7365E-02 -5.9230E-03
  1.1824E+03  2.7354E-02 -5.9261E-03
  1.1835E+03  2.7342E-02 -5.9292E-03
  1.1845E+03  2.7330E-02 -5.9322E-03
  1.1855E+03  2.7319E-02 -5.9353E-03
  1.1866E+03  2.7308E-02 -5.9384E-03
  1.1876E+03  2.7296E-02 -5.9414E-03
  1.1886E+03  2.7285E-02 -5.9445E-03
  1.1896E+03  2.7273E-02 -5.9476E-03
  1.1907E+03  2.7262E-02 -5.9506E-03
  1.1917E+03  2.7250E-02 -5.9537E-03
  1.1927E+03  2.7239E-02 -5.9567E-03
  1.1938E+03  2.7227E-02 -5.9598E-03
  1.1948E+03  2.7216E-02 -5.9628E-03
  1.1958E+03  2.7204E-02 -5.9659E-03
  1.1969E+03  2.7193E-02 -5.9689E-03
  1.1979E+03  2.7181E-02 -5.9720E-03
  1.1989E+03  2.7170E-02 -5.9750E-03
  1.1999E+03  2.7158E-02 -5.9781E-03
  1.2010E+03  2.7147E-02 -5.9811E-03
  1.2020E+03  2.7135E-02 -5.9841E-03
  1.2030E+03  2.7123E-02 -5.9872E-03
  1.2041E+03  2.7112E-02 -5.9902E-03
  1.2051E+03  2.7100E-02 -5.9932E-03
  1.2061E+03  2.7088E-02 -5.9963E-03
  1.2072E+03  2.7077E-02 -5.9993E-03
  1.2082E+03  2.7065E-02 -6.0023E-03
  1.2092E+03  2.7053E-02 -6.0053E-03
  1.2102E+03  2.7041E-02 -6.0084E-03
  1.2113E+03  2.7030E-02 -6.0114E-03
  1.2123E+03  2.7018E-02 -6.0144E-03
  1.2133E+03  2.7006E-02 -6.0174E-03
  1.2144E+03  2.6994E-02 -6.0204E-03
  1.2154E+03  2.6982E-02 -6.0235E-03
  1.2164E+03  2.6970E-02 -6.0265E-03
  1.2175E+03  2.6959E-02 -6.0295E-03
  1.2185E+03  2.6947E-02 -6.0325E-03
  1.2195E+03  2.6935E-02 -6.0355E-03
  1.2205E+03  2.6923E-02 -6.0385E-03
  1.2216E+03  2.6911E-02 -6.0415E-03
  1.2226E+03  2.6899E-02 -6.0445E-03
  1.2236E+03  2.6888E-02 -6.0475E-03
  1.2247E+03  2.6876E-02 -6.0505E-03
  1.2257E+03  2.6864E-02 -6.0535E-03
  1.2267E+03  2.6852E-02 -6.0564E-03
  1.2278E+03  2.6840E-02 -6.0594E-03
  1.2288E+03  2.6829E-02 -6.0624E-03
  1.2298E+03  2.6817E-02 -6.0654E-03
  1.2308E+03  2.6805E-02 -6.0684E-03
  1.2319E+03  2.6794E-02 -6.0714E-03
  1.2329E+03  2.6782E-02 -6.0743E-03
  1.2339E+03  2.6770E-02 -6.0773E-03
  1.2350E+03  2.6759E-02 -6.0803E-03
  1.2360E+03  2.6747E-02 -6.0832E-03
  1.2370E+03  2.6735E-02 -6.0862E-03
  1.2381E+03  2.6724E-02 -6.0892E-03
  1.2391E+03  2.6712E-02 -6.0921E-03
  1.2401E+03  2.6700E-02 -6.0951E-03
  1.2411E+03  2.6689E-02 -6.0980E-03
  1.2422E+03  2.6677E-02 -6.1010E-03
  1.2432E+03  2.6666E-02 -6.1039E-03
  1.2442E+03  2.6654E-02 -6.1069E-03
  1.2453E+03  2.6643E-02 -6.1098E-03
  1.2463E+03  2.6631E-02 -6.1128E-03
  1.2473E+03  2.6620E-02 -6.1157E-03
  1.2484E+03  2.6608E-02 -6.1186E-03
  1.2494E+03  2.6597E-02 -6.1216E-03
  1.2504E+03  2.6586E-02 -6.1245E-03
  1.2514E+03  2.6574E-02 -6.1274E-03
  1.2525E+03  2.6563E-02 -6.1304E-03
  1.2535E+03  2.6552E-02 -6.1333E-03
  1.2545E+03  2.6541E-02 -6.1362E-03
  1.2556E+03  2.6529E-02 -6.1391E-03
  1.2566E+03  2.6518E-02 -6.1420E-03
  1.2576E+03  2.6507E-02 -6.1450E-03
  1.2587E+03  2.6496E-02 -6.1479E-03
  1.2597E+03  2.6485E-02 -6.1508E-03
  1.2607E+03  2.6474E-02 -6.1537E-03
  1.2617E+03  2.6463E-02 -6.1566E-03
  1.2628E+03  2.6452E-02 -6.1595E-03
  1.2638E+03  2.6441E-02 -6.1624E-03
  1.2648E+03  2.6430E-02 -6.1653E-03
  1.2659E+03  2.6419E-02 -6.1682E-03
  1.2669E+03  2.6408E-02 -6.1711E-03
  1.2679E+03  2.6397E-02 -6.1740E-03
  1.2690E+03  2.6386E-02 -6.1769E-03
  1.2700E+03  2.6375E-02 -6.1798E-03
  1.2710E+03  2.6364E-02 -6.1827E-03
  1.2720E+03  2.6353E-02 -6.1856E-03
  1.2731E+03  2.6342E-02 -6.1885E-03
  1.2741E+03  2.6331E-02 -6.1913E-03
  1.2751E+03  2.6320E-02 -6.1942E-03
  1.2762E+03  2.6309E-02 -6.1971E-03
  1.2772E+03  2.6298E-02 -6.2000E-03
  1.2782E+03  2.6287E-02 -6.2028E-03
  1.2793E+03  2.6276E-02 -6.2057E-03
  1.2803E+03  2.6265E-02 -6.2086E-03
  1.2813E+03  2.6253E-02 -6.2115E-03
  1.2823E+03  2.6242E-02 -6.2143E-03
  1.2834E+03  2.6231E-02 -6.2172E-03
  1.2844E+03  2.6219E-02 -6.2200E-03
  1.2854E+03  2.6208E-02 -6.2229E-03
  1.2865E+03  2.6197E-02 -6.2258E-03
  1.2875E+03  2.6185E-02 -6.2286E-03
  1.2885E+03  2.6174E-02 -6.2315E-03
  1.2896E+03  2.6163E-02 -6.2343E-03
  1.2906E+03  2.6151E-02 -6.2372E-03
  1.2916E+03  2.6140E-02 -6.2400E-03
  1.2926E+03  2.6128E-02 -6.2429E-03
  1.2937E+03  2.6117E-02 -6.2457E-03
  1.2947E+03  2.6105E-02 -6.2485E-03
  1.2957E+03  2.6094E-02 -6.2514E-03
  1.2968E+03  2.6083E-02 -6.2542E-03
  1.2978E+03  2.6071E-02 -6.2571E-03
  1.2988E+03  2.6060E-02 -6.2599E-03
  1.2999E+03  2.6049E-02 -6.2627E-03
  1.3009E+03  2.6037E-02 -6.2655E-03
  1.3019E+03  2.6026E-02 -6.2684E-03
  1.3029E+03  2.6015E-02 -6.2712E-03
  1.3040E+03  2.6004E-02 -6.2740E-03
  1.3050E+03  2.5992E-02 -6.2768E-03
  1.3060E+03  2.5981E-02 -6.2797E-03
  1.3071E+03  2.5970E-02 -6.2825E-03
  1.3081E+03  2.5959E-02 -6.2853E-03
  1.3091E+03  2.5948E-02 -6.2881E-03
  1.3102E+03  2.5937E-02 -6.2909E-03
  1.3112E+03  2.5926E-02 -6.2937E-03
  1.3122E+03  2.5915E-02 -6.2965E-03
  1.3132E+03  2.5904E-02 -6.2993E-03
  1.3143E+03  2.5893E-02 -6.3021E-03
  1.3153E+03  2.5882E-02 -6.3049E-03
  1.3163E+03  2.5871E-02 -6.3077E-03
  1.3174E+03  2.5860E-02 -6.3105E-03
  1.3184E+03  2.5850E-02 -6.3133E-03
  1.3194E+03  2.5839E-02 -6.3161E-03
  1.3205E+03  2.5828E-02 -6.3189E-03
  1.3215E+03  2.5817E-02 -6.3217E-03
  1.3225E+03  2.5806E-02 -6.3245E-03
  1.3235E+03  2.5795E-02 -6.3272E-03
  1.3246E+03  2.5785E-02 -6.3300E-03
  1.3256E+03  2.5774E-02 -6.3328E-03
  1.3266E+03  2.5763E-02 -6.3356E-03
  1.3277E+03  2.5752E-02 -6.3383E-03
  1.3287E+03  2.5741E-02 -6.3411E-03
  1.3297E+03  2.5730E-02 -6.3439E-03
  1.3308E+03  2.5719E-02 -6.3466E-03
  1.3318E+03  2.5708E-02 -6.3494E-03
  1.3328E+03  2.5697E-02 -6.3521E-03
  1.3338E+03  2.5687E-02 -6.3549E-03
  1.3349E+03  2.5676E-02 -6.3577E-03
  1.3359E+03  2.5665E-02 -6.3604E-03
  1.3369E+03  2.5654E-02 -6.3632E-03
  1.3380E+03  2.5643E-02 -6.3659E-03
  1.3390E+03  2.5632E-02 -6.3687E-03
  1.3400E+03  2.5620E-02 -6.3714E-03
  1.3411E+03  2.5609E-02 -6.3741E-03
  1.3421E+03  2.5598E-02 -6.3769E-03
  1.3431E+03  2.5587E-02 -6.3796E-03
  1.3441E+03  2.5576E-02 -6.3823E-03
  1.3452E+03  2.5565E-02 -6.3851E-03
  1.3462E+03  2.5554E-02 -6.3878E-03
  1.3472E+03  2.5543E-02 -6.3905E-03
  1.3483E+03  2.5532E-02 -6.3933E-03
  1.3493E+03  2.5521E-02 -6.3960E-03
  1.3503E+03  2.5510E-02 -6.3987E-03
  1.3514E+03  2.5499E-02 -6.4014E-03
  1.3524E+03  2.5488E-02 -6.4042E-03
  1.3534E+03  2.5477E-02 -6.4069E-03
  1.3544E+03  2.5466E-02 -6.4096E-03
  1.3555E+03  2.5455E-02 -6.4123E-03
  1.3565E+03  2.5444E-02 -6.4150E-03
  1.3575E+03  2.5434E-02 -6.4177E-03
  1.3586E+03  2.5423E-02 -6.4204E-03
  1.3596E+03  2.5412E-02 -6.4231E-03
  1.3606E+03  2.5401E-02 -6.4258E-03
  1.3617E+03  2.5391E-02 -6.4286E-03
  1.3627E+03  2.5380E-02 -6.4313E-03
  1.3637E+03  2.5369E-02 -6.4340E-03
  1.3648E+03  2.5359E-02 -6.4367E-03
  1.3658E+03  2.5348E-02 -6.4394E-03
  1.3668E+03  2.5338E-02 -6.4421E-03
  1.3678E+03  2.5327E-02 -6.4447E-03
  1.3689E+03  2.5317E-02 -6.4474E-03
  1.3699E+03  2.5306E-02 -6.4501E-03
  1.3709E+03  2.5296E-02 -6.4528E-03
  1.3720E+03  2.5285E-02 -6.4555E-03
  1.3730E+03  2.5275E-02 -6.4582E-03
  1.3740E+03  2.5264E-02 -6.4609E-03
  1.3751E+03  2.5254E-02 -6.4635E-03
  1.3761E+03  2.5243E-02 -6.4662E-03
  1.3771E+03  2.5233E-02 -6.4689E-03
  1.3781E+03  2.5223E-02 -6.4716E-03
  1.3792E+03  2.5212E-02 -6.4742E-03
  1.3802E+03  2.5202E-02 -6.4769E-03
  1.3812E+03  2.5191E-02 -6.4796E-03
  1.3823E+03  2.5181E-02 -6.4822E-03
  1.3833E+03  2.5171E-02 -6.4849E-03
  1.3843E+03  2.5160E-02 -6.4876E-03
  1.3854E+03  2.5150E-02 -6.4902E-03
  1.3864E+03  2.5139E-02 -6.4929E-03
  1.3874E+03  2.5129E-02 -6.4955E-03
  1.3884E+03  2.5119E-02 -6.4982E-03
  1.3895E+03  2.5108E-02 -6.5008E-03
  1.3905E+03  2.5098E-02 -6.5035E-03
  1.3915E+03  2.5087E-02 -6.5061E-03
  1.3926E+03  2.5077E-02 -6.5088E-03
  1.3936E+03  2.5066E-02 -6.5114E-03
  1.3946E+03  2.5056E-02 -6.5141E-03
  1.3957E+03  2.5046E-02 -6.5167E-03
  1.3967E+03  2.5035E-02 -6.5194E-03
  1.3977E+03  2.5025E-02 -6.5220E-03
  1.3987E+03  2.5014E-02 -6.5246E-03
  1.3998E+03  2.5004E-02 -6.5273E-03
  1.4008E+03  2.4994E-02 -6.5299E-03
  1.4018E+03  2.4983E-02 -6.5325E-03
  1.4029E+03  2.4973E-02 -6.5351E-03
  1.4039E+03  2.4962E-02 -6.5378E-03
  1.4049E+03  2.4952E-02 -6.5404E-03
  1.4060E+03  2.4942E-02 -6.5430E-03
  1.4070E+03  2.4931E-02 -6.5456E-03
  1.4080E+03  2.4921E-02 -6.5483E-03
  1.4090E+03  2.4911E-02 -6.5509E-03
  1.4101E+03  2.4900E-02 -6.5535E-03
  1.4111E+03  2.4890E-02 -6.5561E-03
  1.4121E+03  2.4880E-02 -6.5587E-03
  1.4132E+03  2.4870E-02 -6.5613E-03
  1.4142E+03  2.4859E-02 -6.5639E-03
  1.4152E+03  2.4849E-02 -6.5665E-03
  1.4163E+03  2.4839E-02 -6.5691E-03
  1.4173E+03  2.4828E-02 -6.5717E-03
  1.4183E+03  2.4818E-02 -6.5743E-03
  1.4193E+03  2.4808E-02 -6.5769E-03
  1.4204E+03  2.4798E-02 -6.5795E-03
  1.4214E+03  2.4787E-02 -6.5821E-03
  1.4224E+03  2.4777E-02 -6.5847E-03
  1.4235E+03  2.4767E-02 -6.5873E-03
  1.4245E+03  2.4756E-02 -6.5899E-03
  1.4255E+03  2.4746E-02 -6.5925E-03
  1.4266E+03  2.4736E-02 -6.5950E-03
  1.4276E+03  2.4726E-02 -6.5976E-03
  1.4286E+03  2.4715E-02 -6.6002E-03
  1.4296E+03  2.4705E-02 -6.6028E-03
  1.4307E+03  2.4695E-02 -6.6053E-03
  1.4317E+03  2.4684E-02 -6.6079E-03
  1.4327E+03  2.4674E-02 -6.6105E-03
  1.4338E+03  2.4664E-02 -6.6130E-03
  1.4348E+03  2.4653E-02 -6.6156E-03
  1.4358E+03  2.4643E-02 -6.6182E-03
  1.4369E+03  2.4633E-02 -6.6207E-03
  1.4379E+03  2.4622E-02 -6.6233E-03
  1.4389E+03  2.4612E-02 -6.6258E-03
  1.4399E+03  2.4602E-02 -6.6284E-03
  1.4410E+03  2.4591E-02 -6.6309E-03
  1.4420E+03  2.4581E-02 -6.6335E-03
  1.4430E+03  2.4571E-02 -6.6360E-03
  1.4441E+03  2.4561E-02 -6.6386E-03
  1.4451E+03  2.4550E-02 -6.6411E-03
  1.4461E+03  2.4540E-02 -6.6437E-03
  1.4472E+03  2.4530E-02 -6.6462E-03
  1.4482E+03  2.4520E-02 -6.6488E-03
  1.4492E+03  2.4510E-02 -6.6513E-03
  1.4502E+03  2.4499E-02 -6.6538E-03
  1.4513E+03  2.4489E-02 -6.6564E-03
  1.4523E+03  2.4479E-02 -6.6589E-03
  1.4533E+03  2.4469E-02 -6.6614E-03
  1.4544E+03  2.4459E-02 -6.6640E-03
  1.4554E+03  2.4449E-02 -6.6665E-03
  1.4564E+03  2.4439E-02 -6.6690E-03
  1.4575E+03  2.4429E-02 -6.6715E-03
  1.4585E+03  2.4419E-02 -6.6741E-03
  1.4595E+03  2.4409E-02 -6.6766E-03
  1.4605E+03  2.4399E-02 -6.6791E-03
  1.4616E+03  2.4389E-02 -6.6816E-03
  1.4626E+03  2.4379E-02 -6.6841E-03
  1.4636E+03  2.4369E-02 -6.6866E-03
  1.4647E+03  2.4359E-02 -6.6891E-03
  1.4657E+03  2.4349E-02 -6.6917E-03
  1.4667E+03  2.4339E-02 -6.6942E-03
  1.4678E+03  2.4329E-02 -6.6967E-03
  1.4688E+03  2.4319E-02 -6.6992E-03
  1.4698E+03  2.4310E-02 -6.7017E-03
  1.4708E+03  2.4300E-02 -6.7042E-03
  1.4719E+03  2.4290E-02 -6.7067E-03
  1.4729E+03  2.4280E-02 -6.7091E-03
  1.4739E+03  2.4270E-02 -6.7116E-03
  1.4750E+03  2.4260E-02 -6.7141E-03
  1.4760E+03  2.4250E-02 -6.7166E-03
  1.4770E+03  2.4240E-02 -6.7191E-03
  1.4781E+03  2.4230E-02 -6.7216E-03
  1.4791E+03  2.4221E-02 -6.7241E-03
  1.4801E+03  2.4211E-02 -6.7265E-03
  1.4811E+03  2.4201E-02 -6.7290E-03
  1.4822E+03  2.4191E-02 -6.7315E-03
  1.4832E+03  2.4181E-02 -6.7340E-03
  1.4842E+03  2.4171E-02 -6.7364E-03
  1.4853E+03  2.4161E-02 -6.7389E-03
  1.4863E+03  2.4152E-02 -6.7414E-03
  1.4873E+03  2.4142E-02 -6.7439E-03
  1.4884E+03  2.4132E-02 -6.7463E-03
  1.4894E+03  2.4122E-02 -6.7488E-03
  1.4904E+03  2.4112E-02 -6.7512E-03
  1.4914E+03  2.4102E-02 -6.7537E-03
  1.4925E+03  2.4093E-02 -6.7562E-03
  1.4935E+03  2.4083E-02 -6.7586E-03
  1.4945E+03  2.4073E-02 -6.7611E-03
  1.4956E+03  2.4063E-02 -6.7635E-03
  1.4966E+03  2.4054E-02 -6.7660E-03
  1.4976E+03  2.4044E-02 -6.7684E-03
  1.4987E+03  2.4034E-02 -6.7709E-03
  1.4997E+03  2.4025E-02 -6.7733E-03
  1.5000E+03  2.4022E-02 -6.7741E-03
