# CREATED BY GENE DIAGNOSTICS TOOL on Tue Mar 16 14:58:00 2021
# diag: timetrace, run(s): 0005, time window: 0-300(1962 steps), species: ions
# original data path: /ptmp/cmor/HP_GAM_scans/LHD_s0.25_alpha-0_npol3_nz0768/
# normalization: L_ref=1.65m
#
#  t          Re[phi]     Im[phi]   
  0.0000E+00  9.9993E-01  0.0000E+00
  1.5300E-01  9.9549E-01 -4.8276E-04
  3.0600E-01  9.8280E-01 -9.5611E-04
  4.5900E-01  9.6357E-01 -1.4133E-03
  6.1200E-01  9.4007E-01 -1.8501E-03
  7.6500E-01  9.1458E-01 -2.2646E-03
  9.1800E-01  8.8884E-01 -2.6558E-03
  1.0710E+00  8.6384E-01 -3.0245E-03
  1.2240E+00  8.3973E-01 -3.3718E-03
  1.3770E+00  8.1605E-01 -3.6986E-03
  1.5300E+00  7.9199E-01 -4.0052E-03
  1.6830E+00  7.6672E-01 -4.2909E-03
  1.8360E+00  7.3957E-01 -4.5543E-03
  1.9890E+00  7.1016E-01 -4.7936E-03
  2.1420E+00  6.7843E-01 -5.0068E-03
  2.2950E+00  6.4454E-01 -5.1920E-03
  2.4480E+00  6.0885E-01 -5.3480E-03
  2.6010E+00  5.7175E-01 -5.4737E-03
  2.7540E+00  5.3365E-01 -5.5685E-03
  2.9070E+00  4.9488E-01 -5.6323E-03
  3.0600E+00  4.5571E-01 -5.6651E-03
  3.2130E+00  4.1632E-01 -5.6671E-03
  3.3660E+00  3.7683E-01 -5.6387E-03
  3.5190E+00  3.3733E-01 -5.5802E-03
  3.6720E+00  2.9787E-01 -5.4922E-03
  3.8250E+00  2.5853E-01 -5.3752E-03
  3.9780E+00  2.1937E-01 -5.2300E-03
  4.1310E+00  1.8049E-01 -5.0573E-03
  4.2840E+00  1.4200E-01 -4.8578E-03
  4.4370E+00  1.0403E-01 -4.6326E-03
  4.5900E+00  6.6690E-02 -4.3828E-03
  4.7430E+00  3.0115E-02 -4.1096E-03
  4.8960E+00 -5.5779E-03 -3.8144E-03
  5.0490E+00 -4.0277E-02 -3.4985E-03
  5.2020E+00 -7.3882E-02 -3.1635E-03
  5.3550E+00 -1.0630E-01 -2.8110E-03
  5.5080E+00 -1.3746E-01 -2.4425E-03
  5.6610E+00 -1.6728E-01 -2.0599E-03
  5.8140E+00 -1.9570E-01 -1.6649E-03
  5.9670E+00 -2.2267E-01 -1.2593E-03
  6.1200E+00 -2.4813E-01 -8.4489E-04
  6.2730E+00 -2.7204E-01 -4.2356E-04
  6.4260E+00 -2.9436E-01  2.8460E-06
  6.5790E+00 -3.1506E-01  4.3245E-04
  6.7320E+00 -3.3410E-01  8.6336E-04
  6.8850E+00 -3.5147E-01  1.2937E-03
  7.0380E+00 -3.6714E-01  1.7217E-03
  7.1910E+00 -3.8111E-01  2.1456E-03
  7.3440E+00 -3.9337E-01  2.5634E-03
  7.4970E+00 -4.0392E-01  2.9736E-03
  7.6500E+00 -4.1277E-01  3.3743E-03
  7.8030E+00 -4.1992E-01  3.7640E-03
  7.9560E+00 -4.2540E-01  4.1410E-03
  8.1090E+00 -4.2922E-01  4.5039E-03
  8.2620E+00 -4.3141E-01  4.8511E-03
  8.4150E+00 -4.3200E-01  5.1813E-03
  8.5680E+00 -4.3102E-01  5.4932E-03
  8.7210E+00 -4.2851E-01  5.7855E-03
  8.8740E+00 -4.2452E-01  6.0570E-03
  9.0270E+00 -4.1907E-01  6.3068E-03
  9.1800E+00 -4.1223E-01  6.5339E-03
  9.3330E+00 -4.0405E-01  6.7373E-03
  9.4860E+00 -3.9456E-01  6.9164E-03
  9.6390E+00 -3.8384E-01  7.0704E-03
  9.7920E+00 -3.7194E-01  7.1987E-03
  9.9450E+00 -3.5892E-01  7.3009E-03
  1.0098E+01 -3.4484E-01  7.3766E-03
  1.0251E+01 -3.2977E-01  7.4254E-03
  1.0404E+01 -3.1377E-01  7.4473E-03
  1.0557E+01 -2.9691E-01  7.4421E-03
  1.0710E+01 -2.7925E-01  7.4098E-03
  1.0863E+01 -2.6086E-01  7.3505E-03
  1.1016E+01 -2.4182E-01  7.2645E-03
  1.1169E+01 -2.2220E-01  7.1521E-03
  1.1322E+01 -2.0205E-01  7.0136E-03
  1.1475E+01 -1.8146E-01  6.8496E-03
  1.1628E+01 -1.6049E-01  6.6606E-03
  1.1781E+01 -1.3922E-01  6.4473E-03
  1.1934E+01 -1.1770E-01  6.2104E-03
  1.2087E+01 -9.6012E-02  5.9508E-03
  1.2240E+01 -7.4219E-02  5.6693E-03
  1.2393E+01 -5.2387E-02  5.3668E-03
  1.2546E+01 -3.0581E-02  5.0445E-03
  1.2699E+01 -8.8636E-03  4.7035E-03
  1.2852E+01  1.2703E-02  4.3448E-03
  1.3005E+01  3.4058E-02  3.9697E-03
  1.3158E+01  5.5144E-02  3.5794E-03
  1.3311E+01  7.5904E-02  3.1752E-03
  1.3464E+01  9.6286E-02  2.7585E-03
  1.3617E+01  1.1624E-01  2.3306E-03
  1.3770E+01  1.3571E-01  1.8930E-03
  1.3923E+01  1.5465E-01  1.4471E-03
  1.4076E+01  1.7301E-01  9.9423E-04
  1.4229E+01  1.9076E-01  5.3595E-04
  1.4382E+01  2.0786E-01  7.3710E-05
  1.4535E+01  2.2427E-01 -3.9103E-04
  1.4688E+01  2.3995E-01 -8.5680E-04
  1.4841E+01  2.5487E-01 -1.3221E-03
  1.4994E+01  2.6900E-01 -1.7856E-03
  1.5147E+01  2.8233E-01 -2.2456E-03
  1.5300E+01  2.9481E-01 -2.7009E-03
  1.5453E+01  3.0645E-01 -3.1501E-03
  1.5606E+01  3.1721E-01 -3.5917E-03
  1.5759E+01  3.2708E-01 -4.0245E-03
  1.5912E+01  3.3606E-01 -4.4471E-03
  1.6065E+01  3.4412E-01 -4.8583E-03
  1.6218E+01  3.5128E-01 -5.2568E-03
  1.6371E+01  3.5752E-01 -5.6414E-03
  1.6524E+01  3.6284E-01 -6.0112E-03
  1.6677E+01  3.6724E-01 -6.3649E-03
  1.6830E+01  3.7074E-01 -6.7017E-03
  1.6983E+01  3.7333E-01 -7.0205E-03
  1.7136E+01  3.7503E-01 -7.3203E-03
  1.7289E+01  3.7585E-01 -7.6005E-03
  1.7442E+01  3.7580E-01 -7.8603E-03
  1.7595E+01  3.7490E-01 -8.0989E-03
  1.7748E+01  3.7316E-01 -8.3159E-03
  1.7901E+01  3.7061E-01 -8.5105E-03
  1.8054E+01  3.6728E-01 -8.6823E-03
  1.8207E+01  3.6317E-01 -8.8309E-03
  1.8360E+01  3.5833E-01 -8.9559E-03
  1.8513E+01  3.5277E-01 -9.0571E-03
  1.8666E+01  3.4652E-01 -9.1344E-03
  1.8819E+01  3.3962E-01 -9.1876E-03
  1.8972E+01  3.3210E-01 -9.2167E-03
  1.9125E+01  3.2399E-01 -9.2217E-03
  1.9278E+01  3.1531E-01 -9.2026E-03
  1.9431E+01  3.0612E-01 -9.1597E-03
  1.9584E+01  2.9643E-01 -9.0931E-03
  1.9737E+01  2.8629E-01 -9.0033E-03
  1.9890E+01  2.7573E-01 -8.8906E-03
  2.0043E+01  2.6479E-01 -8.7553E-03
  2.0196E+01  2.5350E-01 -8.5982E-03
  2.0349E+01  2.4191E-01 -8.4196E-03
  2.0502E+01  2.3004E-01 -8.2203E-03
  2.0655E+01  2.1794E-01 -8.0009E-03
  2.0808E+01  2.0565E-01 -7.7621E-03
  2.0961E+01  1.9319E-01 -7.5046E-03
  2.1114E+01  1.8060E-01 -7.2294E-03
  2.1267E+01  1.6793E-01 -6.9372E-03
  2.1420E+01  1.5520E-01 -6.6291E-03
  2.1573E+01  1.4245E-01 -6.3061E-03
  2.1726E+01  1.2972E-01 -5.9690E-03
  2.1879E+01  1.1704E-01 -5.6189E-03
  2.2032E+01  1.0444E-01 -5.2569E-03
  2.2185E+01  9.1944E-02 -4.8841E-03
  2.2338E+01  7.9596E-02 -4.5015E-03
  2.2491E+01  6.7420E-02 -4.1103E-03
  2.2644E+01  5.5444E-02 -3.7116E-03
  2.2797E+01  4.3696E-02 -3.3065E-03
  2.2950E+01  3.2202E-02 -2.8963E-03
  2.3103E+01  2.0988E-02 -2.4820E-03
  2.3256E+01  1.0076E-02 -2.0649E-03
  2.3409E+01 -5.1122E-04 -1.6461E-03
  2.3562E+01 -1.0752E-02 -1.2269E-03
  2.3715E+01 -2.0628E-02 -8.0830E-04
  2.3868E+01 -3.0119E-02 -3.9149E-04
  2.4021E+01 -3.9210E-02  2.2421E-05
  2.4174E+01 -4.7885E-02  4.3230E-04
  2.4327E+01 -5.6131E-02  8.3707E-04
  2.4480E+01 -6.3934E-02  1.2357E-03
  2.4633E+01 -7.1283E-02  1.6270E-03
  2.4786E+01 -7.8170E-02  2.0101E-03
  2.4939E+01 -8.4585E-02  2.3840E-03
  2.5092E+01 -9.0522E-02  2.7477E-03
  2.5245E+01 -9.5975E-02  3.1003E-03
  2.5398E+01 -1.0094E-01  3.4409E-03
  2.5551E+01 -1.0542E-01  3.7688E-03
  2.5704E+01 -1.0940E-01  4.0831E-03
  2.5857E+01 -1.1290E-01  4.3831E-03
  2.6010E+01 -1.1590E-01  4.6680E-03
  2.6163E+01 -1.1842E-01  4.9373E-03
  2.6316E+01 -1.2046E-01  5.1902E-03
  2.6469E+01 -1.2201E-01  5.4263E-03
  2.6622E+01 -1.2310E-01  5.6450E-03
  2.6775E+01 -1.2371E-01  5.8458E-03
  2.6928E+01 -1.2388E-01  6.0284E-03
  2.7081E+01 -1.2359E-01  6.1925E-03
  2.7234E+01 -1.2287E-01  6.3377E-03
  2.7387E+01 -1.2173E-01  6.4639E-03
  2.7540E+01 -1.2017E-01  6.5707E-03
  2.7693E+01 -1.1821E-01  6.6582E-03
  2.7846E+01 -1.1587E-01  6.7262E-03
  2.7999E+01 -1.1315E-01  6.7747E-03
  2.8152E+01 -1.1007E-01  6.8036E-03
  2.8305E+01 -1.0666E-01  6.8131E-03
  2.8458E+01 -1.0291E-01  6.8033E-03
  2.8611E+01 -9.8864E-02  6.7743E-03
  2.8764E+01 -9.4522E-02  6.7265E-03
  2.8917E+01 -8.9906E-02  6.6600E-03
  2.9070E+01 -8.5034E-02  6.5752E-03
  2.9223E+01 -7.9923E-02  6.4726E-03
  2.9376E+01 -7.4593E-02  6.3524E-03
  2.9529E+01 -6.9062E-02  6.2153E-03
  2.9682E+01 -6.3348E-02  6.0616E-03
  2.9835E+01 -5.7470E-02  5.8919E-03
  2.9988E+01 -5.1446E-02  5.7067E-03
  3.0141E+01 -4.5295E-02  5.5067E-03
  3.0294E+01 -3.9036E-02  5.2925E-03
  3.0447E+01 -3.2686E-02  5.0647E-03
  3.0600E+01 -2.6265E-02  4.8241E-03
  3.0753E+01 -1.9790E-02  4.5715E-03
  3.0906E+01 -1.3279E-02  4.3075E-03
  3.1059E+01 -6.7487E-03  4.0330E-03
  3.1212E+01 -2.1649E-04  3.7488E-03
  3.1365E+01  6.3010E-03  3.4557E-03
  3.1518E+01  1.2787E-02  3.1545E-03
  3.1671E+01  1.9227E-02  2.8460E-03
  3.1824E+01  2.5605E-02  2.5311E-03
  3.1977E+01  3.1906E-02  2.2106E-03
  3.2130E+01  3.8115E-02  1.8853E-03
  3.2283E+01  4.4220E-02  1.5562E-03
  3.2436E+01  5.0208E-02  1.2242E-03
  3.2589E+01  5.6064E-02  8.9006E-04
  3.2742E+01  6.1779E-02  5.5473E-04
  3.2895E+01  6.7340E-02  2.1907E-04
  3.3048E+01  7.2738E-02 -1.1606E-04
  3.3201E+01  7.7962E-02 -4.4982E-04
  3.3354E+01  8.3002E-02 -7.8140E-04
  3.3507E+01  8.7851E-02 -1.1100E-03
  3.3660E+01  9.2501E-02 -1.4349E-03
  3.3813E+01  9.6944E-02 -1.7552E-03
  3.3966E+01  1.0117E-01 -2.0702E-03
  3.4119E+01  1.0518E-01 -2.3792E-03
  3.4272E+01  1.0897E-01 -2.6815E-03
  3.4425E+01  1.1253E-01 -2.9764E-03
  3.4578E+01  1.1585E-01 -3.2632E-03
  3.4731E+01  1.1894E-01 -3.5412E-03
  3.4884E+01  1.2179E-01 -3.8099E-03
  3.5037E+01  1.2440E-01 -4.0686E-03
  3.5190E+01  1.2677E-01 -4.3169E-03
  3.5343E+01  1.2890E-01 -4.5541E-03
  3.5496E+01  1.3078E-01 -4.7799E-03
  3.5649E+01  1.3243E-01 -4.9938E-03
  3.5802E+01  1.3383E-01 -5.1954E-03
  3.5955E+01  1.3500E-01 -5.3844E-03
  3.6108E+01  1.3594E-01 -5.5604E-03
  3.6261E+01  1.3664E-01 -5.7231E-03
  3.6414E+01  1.3711E-01 -5.8723E-03
  3.6567E+01  1.3736E-01 -6.0077E-03
  3.6720E+01  1.3738E-01 -6.1291E-03
  3.6873E+01  1.3719E-01 -6.2364E-03
  3.7026E+01  1.3679E-01 -6.3295E-03
  3.7179E+01  1.3618E-01 -6.4082E-03
  3.7332E+01  1.3538E-01 -6.4726E-03
  3.7485E+01  1.3438E-01 -6.5227E-03
  3.7638E+01  1.3319E-01 -6.5584E-03
  3.7791E+01  1.3183E-01 -6.5799E-03
  3.7944E+01  1.3029E-01 -6.5872E-03
  3.8097E+01  1.2858E-01 -6.5806E-03
  3.8250E+01  1.2672E-01 -6.5601E-03
  3.8403E+01  1.2471E-01 -6.5260E-03
  3.8556E+01  1.2256E-01 -6.4784E-03
  3.8709E+01  1.2027E-01 -6.4177E-03
  3.8862E+01  1.1786E-01 -6.3441E-03
  3.9015E+01  1.1533E-01 -6.2580E-03
  3.9168E+01  1.1268E-01 -6.1597E-03
  3.9321E+01  1.0994E-01 -6.0496E-03
  3.9474E+01  1.0711E-01 -5.9280E-03
  3.9627E+01  1.0419E-01 -5.7955E-03
  3.9780E+01  1.0120E-01 -5.6523E-03
  3.9933E+01  9.8139E-02 -5.4991E-03
  4.0086E+01  9.5021E-02 -5.3363E-03
  4.0239E+01  9.1852E-02 -5.1644E-03
  4.0392E+01  8.8642E-02 -4.9840E-03
  4.0545E+01  8.5397E-02 -4.7955E-03
  4.0698E+01  8.2128E-02 -4.5995E-03
  4.0851E+01  7.8840E-02 -4.3965E-03
  4.1004E+01  7.5543E-02 -4.1872E-03
  4.1157E+01  7.2243E-02 -3.9721E-03
  4.1310E+01  6.8948E-02 -3.7518E-03
  4.1463E+01  6.5666E-02 -3.5268E-03
  4.1616E+01  6.2404E-02 -3.2978E-03
  4.1769E+01  5.9169E-02 -3.0653E-03
  4.1922E+01  5.5967E-02 -2.8300E-03
  4.2075E+01  5.2804E-02 -2.5925E-03
  4.2228E+01  4.9687E-02 -2.3533E-03
  4.2381E+01  4.6622E-02 -2.1130E-03
  4.2534E+01  4.3614E-02 -1.8723E-03
  4.2687E+01  4.0669E-02 -1.6318E-03
  4.2840E+01  3.7792E-02 -1.3920E-03
  4.2993E+01  3.4988E-02 -1.1534E-03
  4.3146E+01  3.2261E-02 -9.1667E-04
  4.3299E+01  2.9616E-02 -6.8233E-04
  4.3452E+01  2.7057E-02 -4.5092E-04
  4.3605E+01  2.4589E-02 -2.2296E-04
  4.3758E+01  2.2214E-02  1.0278E-06
  4.3911E+01  1.9935E-02  2.2056E-04
  4.4064E+01  1.7756E-02  4.3517E-04
  4.4217E+01  1.5680E-02  6.4440E-04
  4.4370E+01  1.3708E-02  8.4780E-04
  4.4523E+01  1.1844E-02  1.0450E-03
  4.4676E+01  1.0088E-02  1.2355E-03
  4.4829E+01  8.4422E-03  1.4190E-03
  4.4982E+01  6.9079E-03  1.5950E-03
  4.5135E+01  5.4859E-03  1.7634E-03
  4.5288E+01  4.1766E-03  1.9237E-03
  4.5441E+01  2.9803E-03  2.0757E-03
  4.5594E+01  1.8972E-03  2.2191E-03
  4.5747E+01  9.2702E-04  2.3537E-03
  4.5900E+01  6.9378E-05  2.4792E-03
  4.6053E+01 -6.7631E-04  2.5954E-03
  4.6206E+01 -1.3108E-03  2.7022E-03
  4.6359E+01 -1.8349E-03  2.7995E-03
  4.6512E+01 -2.2499E-03  2.8871E-03
  4.6665E+01 -2.5571E-03  2.9649E-03
  4.6818E+01 -2.7579E-03  3.0328E-03
  4.6971E+01 -2.8541E-03  3.0909E-03
  4.7124E+01 -2.8477E-03  3.1391E-03
  4.7277E+01 -2.7406E-03  3.1773E-03
  4.7430E+01 -2.5351E-03  3.2056E-03
  4.7583E+01 -2.2337E-03  3.2241E-03
  4.7736E+01 -1.8389E-03  3.2327E-03
  4.7889E+01 -1.3537E-03  3.2316E-03
  4.8042E+01 -7.8111E-04  3.2209E-03
  4.8195E+01 -1.2436E-04  3.2008E-03
  4.8348E+01  6.1316E-04  3.1713E-03
  4.8501E+01  1.4279E-03  3.1326E-03
  4.8654E+01  2.3162E-03  3.0850E-03
  4.8807E+01  3.2741E-03  3.0287E-03
  4.8960E+01  4.2980E-03  2.9639E-03
  4.9113E+01  5.3837E-03  2.8909E-03
  4.9266E+01  6.5276E-03  2.8099E-03
  4.9419E+01  7.7256E-03  2.7213E-03
  4.9572E+01  8.9739E-03  2.6253E-03
  4.9725E+01  1.0269E-02  2.5223E-03
  4.9878E+01  1.1606E-02  2.4126E-03
  5.0031E+01  1.2982E-02  2.2966E-03
  5.0184E+01  1.4394E-02  2.1745E-03
  5.0337E+01  1.5837E-02  2.0468E-03
  5.0490E+01  1.7308E-02  1.9138E-03
  5.0643E+01  1.8804E-02  1.7758E-03
  5.0796E+01  2.0321E-02  1.6332E-03
  5.0949E+01  2.1856E-02  1.4865E-03
  5.1102E+01  2.3404E-02  1.3359E-03
  5.1255E+01  2.4963E-02  1.1819E-03
  5.1408E+01  2.6529E-02  1.0248E-03
  5.1561E+01  2.8098E-02  8.6509E-04
  5.1714E+01  2.9667E-02  7.0313E-04
  5.1867E+01  3.1231E-02  5.3935E-04
  5.2020E+01  3.2788E-02  3.7413E-04
  5.2173E+01  3.4335E-02  2.0790E-04
  5.2326E+01  3.5866E-02  4.1042E-05
  5.2479E+01  3.7381E-02 -1.2603E-04
  5.2632E+01  3.8874E-02 -2.9293E-04
  5.2785E+01  4.0344E-02 -4.5927E-04
  5.2938E+01  4.1787E-02 -6.2466E-04
  5.3091E+01  4.3200E-02 -7.8874E-04
  5.3244E+01  4.4582E-02 -9.5115E-04
  5.3397E+01  4.5929E-02 -1.1115E-03
  5.3550E+01  4.7240E-02 -1.2695E-03
  5.3703E+01  4.8512E-02 -1.4249E-03
  5.3856E+01  4.9745E-02 -1.5772E-03
  5.4009E+01  5.0935E-02 -1.7262E-03
  5.4162E+01  5.2082E-02 -1.8716E-03
  5.4315E+01  5.3184E-02 -2.0131E-03
  5.4468E+01  5.4241E-02 -2.1504E-03
  5.4621E+01  5.5250E-02 -2.2834E-03
  5.4774E+01  5.6211E-02 -2.4116E-03
  5.4927E+01  5.7122E-02 -2.5350E-03
  5.5080E+01  5.7983E-02 -2.6532E-03
  5.5233E+01  5.8793E-02 -2.7661E-03
  5.5386E+01  5.9551E-02 -2.8735E-03
  5.5539E+01  6.0256E-02 -2.9751E-03
  5.5692E+01  6.0908E-02 -3.0709E-03
  5.5845E+01  6.1506E-02 -3.1606E-03
  5.5998E+01  6.2051E-02 -3.2441E-03
  5.6151E+01  6.2541E-02 -3.3214E-03
  5.6304E+01  6.2977E-02 -3.3923E-03
  5.6457E+01  6.3359E-02 -3.4569E-03
  5.6610E+01  6.3686E-02 -3.5149E-03
  5.6763E+01  6.3960E-02 -3.5665E-03
  5.6916E+01  6.4181E-02 -3.6115E-03
  5.7069E+01  6.4348E-02 -3.6500E-03
  5.7222E+01  6.4463E-02 -3.6819E-03
  5.7375E+01  6.4527E-02 -3.7074E-03
  5.7528E+01  6.4540E-02 -3.7263E-03
  5.7681E+01  6.4503E-02 -3.7388E-03
  5.7834E+01  6.4418E-02 -3.7449E-03
  5.7987E+01  6.4286E-02 -3.7447E-03
  5.8140E+01  6.4107E-02 -3.7382E-03
  5.8293E+01  6.3883E-02 -3.7256E-03
  5.8446E+01  6.3615E-02 -3.7068E-03
  5.8599E+01  6.3303E-02 -3.6821E-03
  5.8752E+01  6.2950E-02 -3.6516E-03
  5.8905E+01  6.2556E-02 -3.6153E-03
  5.9058E+01  6.2124E-02 -3.5734E-03
  5.9211E+01  6.1653E-02 -3.5261E-03
  5.9364E+01  6.1147E-02 -3.4736E-03
  5.9517E+01  6.0606E-02 -3.4159E-03
  5.9670E+01  6.0031E-02 -3.3533E-03
  5.9823E+01  5.9426E-02 -3.2861E-03
  5.9976E+01  5.8791E-02 -3.2145E-03
  6.0129E+01  5.8129E-02 -3.1386E-03
  6.0282E+01  5.7441E-02 -3.0588E-03
  6.0435E+01  5.6730E-02 -2.9753E-03
  6.0588E+01  5.5996E-02 -2.8884E-03
  6.0741E+01  5.5242E-02 -2.7981E-03
  6.0894E+01  5.4469E-02 -2.7049E-03
  6.1047E+01  5.3680E-02 -2.6089E-03
  6.1200E+01  5.2876E-02 -2.5103E-03
  6.1353E+01  5.2060E-02 -2.4096E-03
  6.1506E+01  5.1233E-02 -2.3069E-03
  6.1659E+01  5.0398E-02 -2.2025E-03
  6.1812E+01  4.9558E-02 -2.0967E-03
  6.1965E+01  4.8713E-02 -1.9896E-03
  6.2118E+01  4.7865E-02 -1.8816E-03
  6.2271E+01  4.7015E-02 -1.7728E-03
  6.2424E+01  4.6164E-02 -1.6635E-03
  6.2577E+01  4.5315E-02 -1.5539E-03
  6.2730E+01  4.4469E-02 -1.4445E-03
  6.2883E+01  4.3630E-02 -1.3355E-03
  6.3036E+01  4.2798E-02 -1.2270E-03
  6.3189E+01  4.1976E-02 -1.1193E-03
  6.3342E+01  4.1165E-02 -1.0126E-03
  6.3495E+01  4.0364E-02 -9.0708E-04
  6.3648E+01  3.9574E-02 -8.0287E-04
  6.3801E+01  3.8797E-02 -7.0025E-04
  6.3954E+01  3.8034E-02 -5.9949E-04
  6.4107E+01  3.7286E-02 -5.0087E-04
  6.4260E+01  3.6556E-02 -4.0466E-04
  6.4413E+01  3.5848E-02 -3.1109E-04
  6.4566E+01  3.5162E-02 -2.2030E-04
  6.4719E+01  3.4499E-02 -1.3241E-04
  6.4872E+01  3.3858E-02 -4.7450E-05
  6.5025E+01  3.3236E-02  3.4510E-05
  6.5178E+01  3.2635E-02  1.1335E-04
  6.5331E+01  3.2054E-02  1.8884E-04
  6.5484E+01  3.1497E-02  2.6070E-04
  6.5637E+01  3.0970E-02  3.2861E-04
  6.5790E+01  3.0475E-02  3.9236E-04
  6.5943E+01  3.0014E-02  4.5186E-04
  6.6096E+01  2.9585E-02  5.0719E-04
  6.6249E+01  2.9186E-02  5.5848E-04
  6.6402E+01  2.8814E-02  6.0587E-04
  6.6555E+01  2.8466E-02  6.4937E-04
  6.6708E+01  2.8146E-02  6.8884E-04
  6.6861E+01  2.7854E-02  7.2407E-04
  6.7014E+01  2.7594E-02  7.5481E-04
  6.7167E+01  2.7369E-02  7.8086E-04
  6.7320E+01  2.7181E-02  8.0212E-04
  6.7473E+01  2.7030E-02  8.1866E-04
  6.7626E+01  2.6914E-02  8.3063E-04
  6.7779E+01  2.6829E-02  8.3832E-04
  6.7932E+01  2.6770E-02  8.4199E-04
  6.8085E+01  2.6734E-02  8.4186E-04
  6.8238E+01  2.6720E-02  8.3801E-04
  6.8391E+01  2.6730E-02  8.3030E-04
  6.8544E+01  2.6770E-02  8.1844E-04
  6.8697E+01  2.6847E-02  8.0212E-04
  6.8850E+01  2.6964E-02  7.8114E-04
  6.9003E+01  2.7117E-02  7.5557E-04
  6.9156E+01  2.7298E-02  7.2581E-04
  6.9309E+01  2.7497E-02  6.9246E-04
  6.9462E+01  2.7704E-02  6.5617E-04
  6.9615E+01  2.7916E-02  6.1742E-04
  6.9768E+01  2.8138E-02  5.7635E-04
  6.9921E+01  2.8381E-02  5.3276E-04
  7.0074E+01  2.8658E-02  4.8626E-04
  7.0227E+01  2.8979E-02  4.3646E-04
  7.0380E+01  2.9345E-02  3.8313E-04
  7.0533E+01  2.9748E-02  3.2636E-04
  7.0686E+01  3.0174E-02  2.6650E-04
  7.0839E+01  3.0607E-02  2.0412E-04
  7.0992E+01  3.1033E-02  1.3980E-04
  7.1145E+01  3.1448E-02  7.4026E-05
  7.1298E+01  3.1852E-02  7.1227E-06
  7.1451E+01  3.2254E-02 -6.0793E-05
  7.1604E+01  3.2666E-02 -1.2976E-04
  7.1757E+01  3.3099E-02 -1.9992E-04
  7.1910E+01  3.3560E-02 -2.7141E-04
  7.2063E+01  3.4050E-02 -3.4427E-04
  7.2216E+01  3.4564E-02 -4.1842E-04
  7.2369E+01  3.5088E-02 -4.9361E-04
  7.2522E+01  3.5611E-02 -5.6944E-04
  7.2675E+01  3.6117E-02 -6.4544E-04
  7.2828E+01  3.6597E-02 -7.2113E-04
  7.2981E+01  3.7048E-02 -7.9611E-04
  7.3134E+01  3.7476E-02 -8.7015E-04
  7.3287E+01  3.7892E-02 -9.4317E-04
  7.3440E+01  3.8310E-02 -1.0152E-03
  7.3593E+01  3.8746E-02 -1.0863E-03
  7.3746E+01  3.9208E-02 -1.1567E-03
  7.3899E+01  3.9698E-02 -1.2262E-03
  7.4052E+01  4.0211E-02 -1.2949E-03
  7.4205E+01  4.0734E-02 -1.3627E-03
  7.4358E+01  4.1252E-02 -1.4292E-03
  7.4511E+01  4.1749E-02 -1.4944E-03
  7.4664E+01  4.2214E-02 -1.5581E-03
  7.4817E+01  4.2639E-02 -1.6200E-03
  7.4970E+01  4.3024E-02 -1.6798E-03
  7.5123E+01  4.3368E-02 -1.7372E-03
  7.5276E+01  4.3677E-02 -1.7920E-03
  7.5429E+01  4.3956E-02 -1.8438E-03
  7.5582E+01  4.4214E-02 -1.8927E-03
  7.5735E+01  4.4461E-02 -1.9386E-03
  7.5888E+01  4.4706E-02 -1.9819E-03
  7.6041E+01  4.4959E-02 -2.0230E-03
  7.6194E+01  4.5225E-02 -2.0620E-03
  7.6347E+01  4.5503E-02 -2.0994E-03
  7.6500E+01  4.5789E-02 -2.1348E-03
  7.6653E+01  4.6071E-02 -2.1681E-03
  7.6806E+01  4.6334E-02 -2.1986E-03
  7.6959E+01  4.6567E-02 -2.2259E-03
  7.7112E+01  4.6759E-02 -2.2495E-03
  7.7265E+01  4.6908E-02 -2.2692E-03
  7.7418E+01  4.7019E-02 -2.2851E-03
  7.7571E+01  4.7100E-02 -2.2976E-03
  7.7724E+01  4.7161E-02 -2.3071E-03
  7.7877E+01  4.7212E-02 -2.3142E-03
  7.8030E+01  4.7258E-02 -2.3192E-03
  7.8183E+01  4.7298E-02 -2.3222E-03
  7.8336E+01  4.7329E-02 -2.3231E-03
  7.8489E+01  4.7345E-02 -2.3217E-03
  7.8642E+01  4.7341E-02 -2.3176E-03
  7.8795E+01  4.7313E-02 -2.3107E-03
  7.8948E+01  4.7261E-02 -2.3006E-03
  7.9101E+01  4.7185E-02 -2.2874E-03
  7.9254E+01  4.7090E-02 -2.2712E-03
  7.9407E+01  4.6978E-02 -2.2521E-03
  7.9560E+01  4.6853E-02 -2.2304E-03
  7.9713E+01  4.6717E-02 -2.2062E-03
  7.9866E+01  4.6570E-02 -2.1798E-03
  8.0019E+01  4.6414E-02 -2.1514E-03
  8.0172E+01  4.6247E-02 -2.1211E-03
  8.0325E+01  4.6071E-02 -2.0891E-03
  8.0478E+01  4.5884E-02 -2.0554E-03
  8.0631E+01  4.5687E-02 -2.0202E-03
  8.0784E+01  4.5479E-02 -1.9835E-03
  8.0937E+01  4.5260E-02 -1.9453E-03
  8.1090E+01  4.5027E-02 -1.9058E-03
  8.1243E+01  4.4781E-02 -1.8648E-03
  8.1396E+01  4.4520E-02 -1.8225E-03
  8.1549E+01  4.4245E-02 -1.7790E-03
  8.1702E+01  4.3957E-02 -1.7344E-03
  8.1855E+01  4.3659E-02 -1.6889E-03
  8.2008E+01  4.3353E-02 -1.6425E-03
  8.2161E+01  4.3042E-02 -1.5955E-03
  8.2314E+01  4.2730E-02 -1.5479E-03
  8.2467E+01  4.2418E-02 -1.5000E-03
  8.2620E+01  4.2107E-02 -1.4517E-03
  8.2773E+01  4.1797E-02 -1.4031E-03
  8.2926E+01  4.1487E-02 -1.3545E-03
  8.3079E+01  4.1177E-02 -1.3058E-03
  8.3232E+01  4.0867E-02 -1.2572E-03
  8.3385E+01  4.0556E-02 -1.2088E-03
  8.3538E+01  4.0246E-02 -1.1608E-03
  8.3691E+01  3.9938E-02 -1.1132E-03
  8.3844E+01  3.9632E-02 -1.0662E-03
  8.3997E+01  3.9330E-02 -1.0198E-03
  8.4150E+01  3.9033E-02 -9.7431E-04
  8.4303E+01  3.8743E-02 -9.2965E-04
  8.4456E+01  3.8461E-02 -8.8595E-04
  8.4609E+01  3.8185E-02 -8.4330E-04
  8.4762E+01  3.7918E-02 -8.0176E-04
  8.4915E+01  3.7659E-02 -7.6145E-04
  8.5068E+01  3.7407E-02 -7.2244E-04
  8.5221E+01  3.7164E-02 -6.8484E-04
  8.5374E+01  3.6929E-02 -6.4873E-04
  8.5527E+01  3.6703E-02 -6.1420E-04
  8.5680E+01  3.6485E-02 -5.8132E-04
  8.5833E+01  3.6277E-02 -5.5014E-04
  8.5986E+01  3.6078E-02 -5.2072E-04
  8.6139E+01  3.5888E-02 -4.9310E-04
  8.6292E+01  3.5708E-02 -4.6731E-04
  8.6445E+01  3.5539E-02 -4.4338E-04
  8.6598E+01  3.5380E-02 -4.2134E-04
  8.6751E+01  3.5233E-02 -4.0124E-04
  8.6904E+01  3.5097E-02 -3.8311E-04
  8.7057E+01  3.4973E-02 -3.6698E-04
  8.7210E+01  3.4862E-02 -3.5287E-04
  8.7363E+01  3.4763E-02 -3.4081E-04
  8.7516E+01  3.4677E-02 -3.3081E-04
  8.7669E+01  3.4604E-02 -3.2287E-04
  8.7822E+01  3.4544E-02 -3.1699E-04
  8.7975E+01  3.4497E-02 -3.1314E-04
  8.8128E+01  3.4462E-02 -3.1131E-04
  8.8281E+01  3.4440E-02 -3.1147E-04
  8.8434E+01  3.4431E-02 -3.1358E-04
  8.8587E+01  3.4434E-02 -3.1763E-04
  8.8740E+01  3.4449E-02 -3.2357E-04
  8.8893E+01  3.4478E-02 -3.3138E-04
  8.9046E+01  3.4519E-02 -3.4102E-04
  8.9199E+01  3.4572E-02 -3.5245E-04
  8.9352E+01  3.4638E-02 -3.6564E-04
  8.9505E+01  3.4715E-02 -3.8053E-04
  8.9658E+01  3.4804E-02 -3.9708E-04
  8.9811E+01  3.4903E-02 -4.1523E-04
  8.9964E+01  3.5013E-02 -4.3493E-04
  9.0117E+01  3.5133E-02 -4.5611E-04
  9.0270E+01  3.5262E-02 -4.7871E-04
  9.0423E+01  3.5399E-02 -5.0268E-04
  9.0576E+01  3.5545E-02 -5.2793E-04
  9.0729E+01  3.5698E-02 -5.5440E-04
  9.0882E+01  3.5857E-02 -5.8201E-04
  9.1035E+01  3.6023E-02 -6.1070E-04
  9.1188E+01  3.6194E-02 -6.4037E-04
  9.1341E+01  3.6370E-02 -6.7096E-04
  9.1494E+01  3.6550E-02 -7.0237E-04
  9.1647E+01  3.6734E-02 -7.3454E-04
  9.1800E+01  3.6921E-02 -7.6738E-04
  9.1953E+01  3.7110E-02 -8.0081E-04
  9.2106E+01  3.7301E-02 -8.3474E-04
  9.2259E+01  3.7493E-02 -8.6909E-04
  9.2412E+01  3.7685E-02 -9.0378E-04
  9.2565E+01  3.7878E-02 -9.3872E-04
  9.2718E+01  3.8070E-02 -9.7382E-04
  9.2871E+01  3.8261E-02 -1.0090E-03
  9.3024E+01  3.8451E-02 -1.0442E-03
  9.3177E+01  3.8639E-02 -1.0792E-03
  9.3330E+01  3.8825E-02 -1.1141E-03
  9.3483E+01  3.9009E-02 -1.1487E-03
  9.3636E+01  3.9190E-02 -1.1830E-03
  9.3789E+01  3.9368E-02 -1.2169E-03
  9.3942E+01  3.9544E-02 -1.2502E-03
  9.4095E+01  3.9716E-02 -1.2830E-03
  9.4248E+01  3.9884E-02 -1.3152E-03
  9.4401E+01  4.0049E-02 -1.3466E-03
  9.4554E+01  4.0210E-02 -1.3773E-03
  9.4707E+01  4.0366E-02 -1.4072E-03
  9.4860E+01  4.0518E-02 -1.4362E-03
  9.5013E+01  4.0665E-02 -1.4642E-03
  9.5166E+01  4.0808E-02 -1.4912E-03
  9.5319E+01  4.0945E-02 -1.5173E-03
  9.5472E+01  4.1076E-02 -1.5422E-03
  9.5625E+01  4.1202E-02 -1.5660E-03
  9.5778E+01  4.1323E-02 -1.5887E-03
  9.5931E+01  4.1437E-02 -1.6102E-03
  9.6084E+01  4.1544E-02 -1.6305E-03
  9.6237E+01  4.1645E-02 -1.6495E-03
  9.6390E+01  4.1739E-02 -1.6673E-03
  9.6543E+01  4.1827E-02 -1.6837E-03
  9.6696E+01  4.1907E-02 -1.6989E-03
  9.6849E+01  4.1979E-02 -1.7128E-03
  9.7002E+01  4.2044E-02 -1.7253E-03
  9.7155E+01  4.2101E-02 -1.7364E-03
  9.7308E+01  4.2151E-02 -1.7462E-03
  9.7461E+01  4.2192E-02 -1.7546E-03
  9.7614E+01  4.2226E-02 -1.7617E-03
  9.7767E+01  4.2251E-02 -1.7675E-03
  9.7920E+01  4.2267E-02 -1.7718E-03
  9.8073E+01  4.2275E-02 -1.7749E-03
  9.8226E+01  4.2275E-02 -1.7766E-03
  9.8379E+01  4.2266E-02 -1.7769E-03
  9.8532E+01  4.2249E-02 -1.7760E-03
  9.8685E+01  4.2223E-02 -1.7738E-03
  9.8838E+01  4.2189E-02 -1.7702E-03
  9.8991E+01  4.2147E-02 -1.7655E-03
  9.9144E+01  4.2097E-02 -1.7595E-03
  9.9297E+01  4.2039E-02 -1.7523E-03
  9.9450E+01  4.1974E-02 -1.7439E-03
  9.9603E+01  4.1902E-02 -1.7344E-03
  9.9756E+01  4.1824E-02 -1.7237E-03
  9.9909E+01  4.1740E-02 -1.7120E-03
  1.0006E+02  4.1650E-02 -1.6993E-03
  1.0021E+02  4.1555E-02 -1.6856E-03
  1.0037E+02  4.1455E-02 -1.6709E-03
  1.0052E+02  4.1351E-02 -1.6553E-03
  1.0067E+02  4.1243E-02 -1.6389E-03
  1.0083E+02  4.1131E-02 -1.6216E-03
  1.0098E+02  4.1017E-02 -1.6036E-03
  1.0113E+02  4.0899E-02 -1.5848E-03
  1.0129E+02  4.0779E-02 -1.5654E-03
  1.0144E+02  4.0657E-02 -1.5454E-03
  1.0159E+02  4.0534E-02 -1.5249E-03
  1.0174E+02  4.0409E-02 -1.5038E-03
  1.0190E+02  4.0283E-02 -1.4823E-03
  1.0205E+02  4.0157E-02 -1.4605E-03
  1.0220E+02  4.0030E-02 -1.4383E-03
  1.0236E+02  3.9903E-02 -1.4159E-03
  1.0251E+02  3.9776E-02 -1.3933E-03
  1.0266E+02  3.9650E-02 -1.3705E-03
  1.0282E+02  3.9524E-02 -1.3477E-03
  1.0297E+02  3.9399E-02 -1.3248E-03
  1.0312E+02  3.9276E-02 -1.3020E-03
  1.0327E+02  3.9154E-02 -1.2793E-03
  1.0343E+02  3.9033E-02 -1.2568E-03
  1.0358E+02  3.8915E-02 -1.2345E-03
  1.0373E+02  3.8798E-02 -1.2125E-03
  1.0389E+02  3.8684E-02 -1.1908E-03
  1.0404E+02  3.8572E-02 -1.1696E-03
  1.0419E+02  3.8463E-02 -1.1487E-03
  1.0435E+02  3.8355E-02 -1.1284E-03
  1.0450E+02  3.8251E-02 -1.1086E-03
  1.0465E+02  3.8149E-02 -1.0894E-03
  1.0480E+02  3.8050E-02 -1.0708E-03
  1.0496E+02  3.7955E-02 -1.0529E-03
  1.0511E+02  3.7862E-02 -1.0357E-03
  1.0526E+02  3.7773E-02 -1.0193E-03
  1.0542E+02  3.7687E-02 -1.0036E-03
  1.0557E+02  3.7606E-02 -9.8873E-04
  1.0572E+02  3.7529E-02 -9.7470E-04
  1.0588E+02  3.7456E-02 -9.6154E-04
  1.0603E+02  3.7388E-02 -9.4927E-04
  1.0618E+02  3.7325E-02 -9.3792E-04
  1.0633E+02  3.7268E-02 -9.2752E-04
  1.0649E+02  3.7216E-02 -9.1808E-04
  1.0664E+02  3.7170E-02 -9.0962E-04
  1.0679E+02  3.7130E-02 -9.0216E-04
  1.0695E+02  3.7096E-02 -8.9571E-04
  1.0710E+02  3.7069E-02 -8.9028E-04
  1.0725E+02  3.7049E-02 -8.8588E-04
  1.0741E+02  3.7034E-02 -8.8252E-04
  1.0756E+02  3.7027E-02 -8.8020E-04
  1.0771E+02  3.7026E-02 -8.7892E-04
  1.0786E+02  3.7031E-02 -8.7866E-04
  1.0802E+02  3.7043E-02 -8.7944E-04
  1.0817E+02  3.7061E-02 -8.8123E-04
  1.0832E+02  3.7086E-02 -8.8403E-04
  1.0848E+02  3.7116E-02 -8.8782E-04
  1.0863E+02  3.7153E-02 -8.9258E-04
  1.0878E+02  3.7194E-02 -8.9829E-04
  1.0894E+02  3.7242E-02 -9.0494E-04
  1.0909E+02  3.7294E-02 -9.1250E-04
  1.0924E+02  3.7352E-02 -9.2094E-04
  1.0939E+02  3.7414E-02 -9.3024E-04
  1.0955E+02  3.7481E-02 -9.4038E-04
  1.0970E+02  3.7552E-02 -9.5133E-04
  1.0985E+02  3.7628E-02 -9.6306E-04
  1.1001E+02  3.7707E-02 -9.7552E-04
  1.1016E+02  3.7789E-02 -9.8869E-04
  1.1031E+02  3.7874E-02 -1.0025E-03
  1.1047E+02  3.7962E-02 -1.0170E-03
  1.1062E+02  3.8052E-02 -1.0321E-03
  1.1077E+02  3.8144E-02 -1.0477E-03
  1.1092E+02  3.8238E-02 -1.0639E-03
  1.1108E+02  3.8333E-02 -1.0804E-03
  1.1123E+02  3.8429E-02 -1.0975E-03
  1.1138E+02  3.8525E-02 -1.1148E-03
  1.1154E+02  3.8622E-02 -1.1325E-03
  1.1169E+02  3.8718E-02 -1.1505E-03
  1.1184E+02  3.8815E-02 -1.1687E-03
  1.1200E+02  3.8910E-02 -1.1871E-03
  1.1215E+02  3.9005E-02 -1.2056E-03
  1.1230E+02  3.9099E-02 -1.2242E-03
  1.1245E+02  3.9192E-02 -1.2428E-03
  1.1261E+02  3.9284E-02 -1.2614E-03
  1.1276E+02  3.9374E-02 -1.2800E-03
  1.1291E+02  3.9462E-02 -1.2984E-03
  1.1307E+02  3.9549E-02 -1.3167E-03
  1.1322E+02  3.9633E-02 -1.3348E-03
  1.1337E+02  3.9715E-02 -1.3526E-03
  1.1353E+02  3.9795E-02 -1.3702E-03
  1.1368E+02  3.9873E-02 -1.3874E-03
  1.1383E+02  3.9947E-02 -1.4043E-03
  1.1398E+02  4.0019E-02 -1.4207E-03
  1.1414E+02  4.0088E-02 -1.4368E-03
  1.1429E+02  4.0153E-02 -1.4523E-03
  1.1444E+02  4.0215E-02 -1.4674E-03
  1.1460E+02  4.0273E-02 -1.4820E-03
  1.1475E+02  4.0327E-02 -1.4959E-03
  1.1490E+02  4.0377E-02 -1.5094E-03
  1.1506E+02  4.0423E-02 -1.5222E-03
  1.1521E+02  4.0464E-02 -1.5344E-03
  1.1536E+02  4.0501E-02 -1.5459E-03
  1.1551E+02  4.0532E-02 -1.5568E-03
  1.1567E+02  4.0560E-02 -1.5670E-03
  1.1582E+02  4.0582E-02 -1.5765E-03
  1.1597E+02  4.0599E-02 -1.5854E-03
  1.1613E+02  4.0611E-02 -1.5935E-03
  1.1628E+02  4.0618E-02 -1.6008E-03
  1.1643E+02  4.0620E-02 -1.6075E-03
  1.1659E+02  4.0617E-02 -1.6134E-03
  1.1674E+02  4.0610E-02 -1.6186E-03
  1.1689E+02  4.0598E-02 -1.6231E-03
  1.1704E+02  4.0582E-02 -1.6268E-03
  1.1720E+02  4.0561E-02 -1.6297E-03
  1.1735E+02  4.0536E-02 -1.6319E-03
  1.1750E+02  4.0507E-02 -1.6334E-03
  1.1766E+02  4.0475E-02 -1.6342E-03
  1.1781E+02  4.0439E-02 -1.6342E-03
  1.1796E+02  4.0399E-02 -1.6335E-03
  1.1812E+02  4.0357E-02 -1.6321E-03
  1.1827E+02  4.0312E-02 -1.6300E-03
  1.1842E+02  4.0264E-02 -1.6273E-03
  1.1857E+02  4.0214E-02 -1.6238E-03
  1.1873E+02  4.0163E-02 -1.6198E-03
  1.1888E+02  4.0109E-02 -1.6151E-03
  1.1903E+02  4.0053E-02 -1.6098E-03
  1.1919E+02  3.9996E-02 -1.6040E-03
  1.1934E+02  3.9938E-02 -1.5975E-03
  1.1949E+02  3.9878E-02 -1.5906E-03
  1.1965E+02  3.9817E-02 -1.5831E-03
  1.1980E+02  3.9755E-02 -1.5751E-03
  1.1995E+02  3.9693E-02 -1.5667E-03
  1.2010E+02  3.9629E-02 -1.5578E-03
  1.2026E+02  3.9565E-02 -1.5485E-03
  1.2041E+02  3.9501E-02 -1.5388E-03
  1.2056E+02  3.9436E-02 -1.5287E-03
  1.2072E+02  3.9370E-02 -1.5183E-03
  1.2087E+02  3.9304E-02 -1.5075E-03
  1.2102E+02  3.9238E-02 -1.4965E-03
  1.2118E+02  3.9171E-02 -1.4852E-03
  1.2133E+02  3.9103E-02 -1.4737E-03
  1.2148E+02  3.9035E-02 -1.4619E-03
  1.2163E+02  3.8967E-02 -1.4500E-03
  1.2179E+02  3.8898E-02 -1.4380E-03
  1.2194E+02  3.8828E-02 -1.4258E-03
  1.2209E+02  3.8758E-02 -1.4136E-03
  1.2225E+02  3.8687E-02 -1.4014E-03
  1.2240E+02  3.8616E-02 -1.3891E-03
  1.2255E+02  3.8544E-02 -1.3769E-03
  1.2271E+02  3.8471E-02 -1.3647E-03
  1.2286E+02  3.8398E-02 -1.3526E-03
  1.2301E+02  3.8324E-02 -1.3407E-03
  1.2316E+02  3.8250E-02 -1.3289E-03
  1.2332E+02  3.8176E-02 -1.3174E-03
  1.2347E+02  3.8102E-02 -1.3061E-03
  1.2362E+02  3.8028E-02 -1.2950E-03
  1.2378E+02  3.7955E-02 -1.2842E-03
  1.2393E+02  3.7882E-02 -1.2738E-03
  1.2408E+02  3.7811E-02 -1.2637E-03
  1.2424E+02  3.7740E-02 -1.2540E-03
  1.2439E+02  3.7672E-02 -1.2447E-03
  1.2454E+02  3.7606E-02 -1.2358E-03
  1.2469E+02  3.7542E-02 -1.2273E-03
  1.2485E+02  3.7481E-02 -1.2193E-03
  1.2500E+02  3.7423E-02 -1.2118E-03
  1.2515E+02  3.7370E-02 -1.2049E-03
  1.2531E+02  3.7321E-02 -1.1984E-03
  1.2546E+02  3.7277E-02 -1.1925E-03
  1.2561E+02  3.7238E-02 -1.1872E-03
  1.2577E+02  3.7205E-02 -1.1825E-03
  1.2592E+02  3.7177E-02 -1.1783E-03
  1.2607E+02  3.7155E-02 -1.1748E-03
  1.2622E+02  3.7139E-02 -1.1718E-03
  1.2638E+02  3.7130E-02 -1.1695E-03
  1.2653E+02  3.7127E-02 -1.1679E-03
  1.2668E+02  3.7130E-02 -1.1668E-03
  1.2684E+02  3.7141E-02 -1.1665E-03
  1.2699E+02  3.7158E-02 -1.1667E-03
  1.2714E+02  3.7181E-02 -1.1676E-03
  1.2730E+02  3.7211E-02 -1.1692E-03
  1.2745E+02  3.7247E-02 -1.1714E-03
  1.2760E+02  3.7289E-02 -1.1742E-03
  1.2775E+02  3.7336E-02 -1.1777E-03
  1.2791E+02  3.7389E-02 -1.1818E-03
  1.2806E+02  3.7446E-02 -1.1865E-03
  1.2821E+02  3.7508E-02 -1.1918E-03
  1.2837E+02  3.7574E-02 -1.1977E-03
  1.2852E+02  3.7643E-02 -1.2041E-03
  1.2867E+02  3.7716E-02 -1.2111E-03
  1.2883E+02  3.7791E-02 -1.2187E-03
  1.2898E+02  3.7868E-02 -1.2267E-03
  1.2913E+02  3.7946E-02 -1.2352E-03
  1.2928E+02  3.8026E-02 -1.2443E-03
  1.2944E+02  3.8106E-02 -1.2537E-03
  1.2959E+02  3.8186E-02 -1.2636E-03
  1.2974E+02  3.8265E-02 -1.2739E-03
  1.2990E+02  3.8343E-02 -1.2845E-03
  1.3005E+02  3.8419E-02 -1.2955E-03
  1.3020E+02  3.8492E-02 -1.3068E-03
  1.3036E+02  3.8563E-02 -1.3183E-03
  1.3051E+02  3.8630E-02 -1.3301E-03
  1.3066E+02  3.8694E-02 -1.3420E-03
  1.3081E+02  3.8755E-02 -1.3542E-03
  1.3097E+02  3.8813E-02 -1.3666E-03
  1.3112E+02  3.8867E-02 -1.3791E-03
  1.3127E+02  3.8918E-02 -1.3917E-03
  1.3143E+02  3.8964E-02 -1.4043E-03
  1.3158E+02  3.9007E-02 -1.4170E-03
  1.3173E+02  3.9045E-02 -1.4296E-03
  1.3189E+02  3.9078E-02 -1.4422E-03
  1.3204E+02  3.9108E-02 -1.4547E-03
  1.3219E+02  3.9134E-02 -1.4671E-03
  1.3234E+02  3.9156E-02 -1.4794E-03
  1.3250E+02  3.9176E-02 -1.4915E-03
  1.3265E+02  3.9193E-02 -1.5035E-03
  1.3280E+02  3.9208E-02 -1.5152E-03
  1.3296E+02  3.9222E-02 -1.5267E-03
  1.3311E+02  3.9234E-02 -1.5378E-03
  1.3326E+02  3.9245E-02 -1.5487E-03
  1.3342E+02  3.9254E-02 -1.5593E-03
  1.3357E+02  3.9263E-02 -1.5695E-03
  1.3372E+02  3.9271E-02 -1.5793E-03
  1.3387E+02  3.9278E-02 -1.5887E-03
  1.3403E+02  3.9285E-02 -1.5977E-03
  1.3418E+02  3.9293E-02 -1.6063E-03
  1.3433E+02  3.9301E-02 -1.6144E-03
  1.3449E+02  3.9311E-02 -1.6221E-03
  1.3464E+02  3.9321E-02 -1.6293E-03
  1.3479E+02  3.9333E-02 -1.6360E-03
  1.3495E+02  3.9346E-02 -1.6422E-03
  1.3510E+02  3.9360E-02 -1.6479E-03
  1.3525E+02  3.9375E-02 -1.6531E-03
  1.3540E+02  3.9391E-02 -1.6577E-03
  1.3556E+02  3.9407E-02 -1.6619E-03
  1.3571E+02  3.9425E-02 -1.6655E-03
  1.3586E+02  3.9443E-02 -1.6686E-03
  1.3602E+02  3.9461E-02 -1.6712E-03
  1.3617E+02  3.9479E-02 -1.6732E-03
  1.3632E+02  3.9496E-02 -1.6748E-03
  1.3648E+02  3.9512E-02 -1.6758E-03
  1.3663E+02  3.9526E-02 -1.6763E-03
  1.3678E+02  3.9538E-02 -1.6762E-03
  1.3693E+02  3.9548E-02 -1.6757E-03
  1.3709E+02  3.9555E-02 -1.6747E-03
  1.3724E+02  3.9559E-02 -1.6732E-03
  1.3739E+02  3.9561E-02 -1.6713E-03
  1.3755E+02  3.9559E-02 -1.6690E-03
  1.3770E+02  3.9553E-02 -1.6663E-03
  1.3785E+02  3.9542E-02 -1.6631E-03
  1.3801E+02  3.9524E-02 -1.6594E-03
  1.3816E+02  3.9500E-02 -1.6553E-03
  1.3831E+02  3.9468E-02 -1.6509E-03
  1.3846E+02  3.9429E-02 -1.6460E-03
  1.3862E+02  3.9382E-02 -1.6408E-03
  1.3877E+02  3.9328E-02 -1.6353E-03
  1.3892E+02  3.9266E-02 -1.6293E-03
  1.3908E+02  3.9197E-02 -1.6231E-03
  1.3923E+02  3.9122E-02 -1.6165E-03
  1.3938E+02  3.9042E-02 -1.6097E-03
  1.3954E+02  3.8957E-02 -1.6026E-03
  1.3969E+02  3.8867E-02 -1.5953E-03
  1.3984E+02  3.8772E-02 -1.5878E-03
  1.3999E+02  3.8671E-02 -1.5801E-03
  1.4015E+02  3.8564E-02 -1.5722E-03
  1.4030E+02  3.8449E-02 -1.5640E-03
  1.4045E+02  3.8330E-02 -1.5556E-03
  1.4061E+02  3.8205E-02 -1.5470E-03
  1.4076E+02  3.8077E-02 -1.5382E-03
  1.4091E+02  3.7949E-02 -1.5292E-03
  1.4107E+02  3.7821E-02 -1.5202E-03
  1.4122E+02  3.7696E-02 -1.5112E-03
  1.4137E+02  3.7573E-02 -1.5022E-03
  1.4152E+02  3.7454E-02 -1.4932E-03
  1.4168E+02  3.7339E-02 -1.4842E-03
  1.4183E+02  3.7226E-02 -1.4752E-03
  1.4198E+02  3.7118E-02 -1.4662E-03
  1.4214E+02  3.7013E-02 -1.4573E-03
  1.4229E+02  3.6912E-02 -1.4484E-03
  1.4244E+02  3.6817E-02 -1.4397E-03
  1.4260E+02  3.6728E-02 -1.4310E-03
  1.4275E+02  3.6647E-02 -1.4225E-03
  1.4290E+02  3.6574E-02 -1.4143E-03
  1.4305E+02  3.6510E-02 -1.4063E-03
  1.4321E+02  3.6455E-02 -1.3986E-03
  1.4336E+02  3.6409E-02 -1.3911E-03
  1.4351E+02  3.6371E-02 -1.3840E-03
  1.4367E+02  3.6340E-02 -1.3771E-03
  1.4382E+02  3.6318E-02 -1.3706E-03
  1.4397E+02  3.6302E-02 -1.3644E-03
  1.4413E+02  3.6294E-02 -1.3586E-03
  1.4428E+02  3.6293E-02 -1.3531E-03
  1.4443E+02  3.6300E-02 -1.3481E-03
  1.4458E+02  3.6314E-02 -1.3436E-03
  1.4474E+02  3.6335E-02 -1.3395E-03
  1.4489E+02  3.6363E-02 -1.3360E-03
  1.4504E+02  3.6396E-02 -1.3329E-03
  1.4520E+02  3.6435E-02 -1.3304E-03
  1.4535E+02  3.6477E-02 -1.3283E-03
  1.4550E+02  3.6522E-02 -1.3268E-03
  1.4566E+02  3.6569E-02 -1.3258E-03
  1.4581E+02  3.6618E-02 -1.3253E-03
  1.4596E+02  3.6667E-02 -1.3253E-03
  1.4611E+02  3.6718E-02 -1.3258E-03
  1.4627E+02  3.6770E-02 -1.3268E-03
  1.4642E+02  3.6824E-02 -1.3284E-03
  1.4657E+02  3.6879E-02 -1.3307E-03
  1.4673E+02  3.6935E-02 -1.3335E-03
  1.4688E+02  3.6991E-02 -1.3369E-03
  1.4703E+02  3.7047E-02 -1.3409E-03
  1.4719E+02  3.7101E-02 -1.3454E-03
  1.4734E+02  3.7152E-02 -1.3504E-03
  1.4749E+02  3.7199E-02 -1.3558E-03
  1.4765E+02  3.7242E-02 -1.3617E-03
  1.4780E+02  3.7280E-02 -1.3680E-03
  1.4795E+02  3.7313E-02 -1.3747E-03
  1.4810E+02  3.7342E-02 -1.3817E-03
  1.4826E+02  3.7369E-02 -1.3892E-03
  1.4841E+02  3.7393E-02 -1.3971E-03
  1.4856E+02  3.7416E-02 -1.4054E-03
  1.4872E+02  3.7437E-02 -1.4141E-03
  1.4887E+02  3.7457E-02 -1.4232E-03
  1.4902E+02  3.7476E-02 -1.4326E-03
  1.4918E+02  3.7493E-02 -1.4422E-03
  1.4933E+02  3.7508E-02 -1.4521E-03
  1.4948E+02  3.7521E-02 -1.4623E-03
  1.4963E+02  3.7531E-02 -1.4726E-03
  1.4979E+02  3.7539E-02 -1.4830E-03
  1.4994E+02  3.7545E-02 -1.4935E-03
  1.5009E+02  3.7549E-02 -1.5041E-03
  1.5025E+02  3.7552E-02 -1.5148E-03
  1.5040E+02  3.7555E-02 -1.5256E-03
  1.5055E+02  3.7558E-02 -1.5364E-03
  1.5071E+02  3.7562E-02 -1.5472E-03
  1.5086E+02  3.7568E-02 -1.5581E-03
  1.5101E+02  3.7576E-02 -1.5689E-03
  1.5116E+02  3.7586E-02 -1.5796E-03
  1.5132E+02  3.7598E-02 -1.5903E-03
  1.5147E+02  3.7612E-02 -1.6009E-03
  1.5162E+02  3.7630E-02 -1.6113E-03
  1.5178E+02  3.7650E-02 -1.6216E-03
  1.5193E+02  3.7673E-02 -1.6318E-03
  1.5208E+02  3.7699E-02 -1.6418E-03
  1.5224E+02  3.7727E-02 -1.6515E-03
  1.5239E+02  3.7758E-02 -1.6611E-03
  1.5254E+02  3.7790E-02 -1.6703E-03
  1.5269E+02  3.7825E-02 -1.6793E-03
  1.5285E+02  3.7861E-02 -1.6879E-03
  1.5300E+02  3.7899E-02 -1.6962E-03
  1.5315E+02  3.7939E-02 -1.7043E-03
  1.5331E+02  3.7980E-02 -1.7120E-03
  1.5346E+02  3.8023E-02 -1.7195E-03
  1.5361E+02  3.8066E-02 -1.7266E-03
  1.5377E+02  3.8109E-02 -1.7334E-03
  1.5392E+02  3.8152E-02 -1.7398E-03
  1.5407E+02  3.8194E-02 -1.7457E-03
  1.5422E+02  3.8234E-02 -1.7513E-03
  1.5438E+02  3.8272E-02 -1.7563E-03
  1.5453E+02  3.8309E-02 -1.7610E-03
  1.5468E+02  3.8342E-02 -1.7651E-03
  1.5484E+02  3.8372E-02 -1.7689E-03
  1.5499E+02  3.8399E-02 -1.7723E-03
  1.5514E+02  3.8422E-02 -1.7753E-03
  1.5530E+02  3.8439E-02 -1.7778E-03
  1.5545E+02  3.8451E-02 -1.7799E-03
  1.5560E+02  3.8457E-02 -1.7815E-03
  1.5575E+02  3.8457E-02 -1.7827E-03
  1.5591E+02  3.8451E-02 -1.7833E-03
  1.5606E+02  3.8440E-02 -1.7835E-03
  1.5621E+02  3.8422E-02 -1.7832E-03
  1.5637E+02  3.8400E-02 -1.7824E-03
  1.5652E+02  3.8372E-02 -1.7811E-03
  1.5667E+02  3.8339E-02 -1.7795E-03
  1.5683E+02  3.8302E-02 -1.7774E-03
  1.5698E+02  3.8260E-02 -1.7748E-03
  1.5713E+02  3.8213E-02 -1.7719E-03
  1.5728E+02  3.8162E-02 -1.7685E-03
  1.5744E+02  3.8107E-02 -1.7647E-03
  1.5759E+02  3.8047E-02 -1.7606E-03
  1.5774E+02  3.7984E-02 -1.7560E-03
  1.5790E+02  3.7918E-02 -1.7510E-03
  1.5805E+02  3.7850E-02 -1.7457E-03
  1.5820E+02  3.7779E-02 -1.7400E-03
  1.5836E+02  3.7708E-02 -1.7340E-03
  1.5851E+02  3.7636E-02 -1.7277E-03
  1.5866E+02  3.7564E-02 -1.7210E-03
  1.5881E+02  3.7493E-02 -1.7142E-03
  1.5897E+02  3.7422E-02 -1.7070E-03
  1.5912E+02  3.7353E-02 -1.6997E-03
  1.5927E+02  3.7287E-02 -1.6922E-03
  1.5943E+02  3.7222E-02 -1.6845E-03
  1.5958E+02  3.7159E-02 -1.6767E-03
  1.5973E+02  3.7100E-02 -1.6687E-03
  1.5989E+02  3.7043E-02 -1.6607E-03
  1.6004E+02  3.6988E-02 -1.6526E-03
  1.6019E+02  3.6938E-02 -1.6444E-03
  1.6034E+02  3.6890E-02 -1.6362E-03
  1.6050E+02  3.6846E-02 -1.6280E-03
  1.6065E+02  3.6805E-02 -1.6198E-03
  1.6080E+02  3.6767E-02 -1.6117E-03
  1.6096E+02  3.6733E-02 -1.6037E-03
  1.6111E+02  3.6702E-02 -1.5958E-03
  1.6126E+02  3.6674E-02 -1.5879E-03
  1.6142E+02  3.6648E-02 -1.5802E-03
  1.6157E+02  3.6625E-02 -1.5727E-03
  1.6172E+02  3.6605E-02 -1.5654E-03
  1.6187E+02  3.6586E-02 -1.5582E-03
  1.6203E+02  3.6570E-02 -1.5512E-03
  1.6218E+02  3.6555E-02 -1.5445E-03
  1.6233E+02  3.6542E-02 -1.5381E-03
  1.6249E+02  3.6529E-02 -1.5319E-03
  1.6264E+02  3.6517E-02 -1.5260E-03
  1.6279E+02  3.6505E-02 -1.5203E-03
  1.6295E+02  3.6492E-02 -1.5150E-03
  1.6310E+02  3.6479E-02 -1.5100E-03
  1.6325E+02  3.6465E-02 -1.5053E-03
  1.6340E+02  3.6450E-02 -1.5009E-03
  1.6356E+02  3.6433E-02 -1.4968E-03
  1.6371E+02  3.6414E-02 -1.4931E-03
  1.6386E+02  3.6392E-02 -1.4898E-03
  1.6402E+02  3.6369E-02 -1.4867E-03
  1.6417E+02  3.6342E-02 -1.4841E-03
  1.6432E+02  3.6312E-02 -1.4817E-03
  1.6448E+02  3.6278E-02 -1.4798E-03
  1.6463E+02  3.6242E-02 -1.4781E-03
  1.6478E+02  3.6201E-02 -1.4768E-03
  1.6493E+02  3.6157E-02 -1.4759E-03
  1.6509E+02  3.6109E-02 -1.4753E-03
  1.6524E+02  3.6058E-02 -1.4751E-03
  1.6539E+02  3.6003E-02 -1.4752E-03
  1.6555E+02  3.5945E-02 -1.4756E-03
  1.6570E+02  3.5884E-02 -1.4764E-03
  1.6585E+02  3.5820E-02 -1.4775E-03
  1.6601E+02  3.5753E-02 -1.4789E-03
  1.6616E+02  3.5684E-02 -1.4806E-03
  1.6631E+02  3.5614E-02 -1.4827E-03
  1.6646E+02  3.5541E-02 -1.4851E-03
  1.6662E+02  3.5468E-02 -1.4877E-03
  1.6677E+02  3.5394E-02 -1.4907E-03
  1.6692E+02  3.5321E-02 -1.4939E-03
  1.6708E+02  3.5248E-02 -1.4975E-03
  1.6723E+02  3.5176E-02 -1.5013E-03
  1.6738E+02  3.5106E-02 -1.5054E-03
  1.6754E+02  3.5039E-02 -1.5098E-03
  1.6769E+02  3.4975E-02 -1.5145E-03
  1.6784E+02  3.4914E-02 -1.5194E-03
  1.6799E+02  3.4858E-02 -1.5246E-03
  1.6815E+02  3.4808E-02 -1.5300E-03
  1.6830E+02  3.4763E-02 -1.5357E-03
  1.6845E+02  3.4725E-02 -1.5416E-03
  1.6861E+02  3.4693E-02 -1.5478E-03
  1.6876E+02  3.4669E-02 -1.5543E-03
  1.6891E+02  3.4653E-02 -1.5609E-03
  1.6907E+02  3.4646E-02 -1.5678E-03
  1.6922E+02  3.4647E-02 -1.5750E-03
  1.6937E+02  3.4658E-02 -1.5823E-03
  1.6952E+02  3.4678E-02 -1.5899E-03
  1.6968E+02  3.4708E-02 -1.5977E-03
  1.6983E+02  3.4748E-02 -1.6057E-03
  1.6998E+02  3.4798E-02 -1.6139E-03
  1.7014E+02  3.4858E-02 -1.6223E-03
  1.7029E+02  3.4927E-02 -1.6309E-03
  1.7044E+02  3.5006E-02 -1.6397E-03
  1.7060E+02  3.5095E-02 -1.6486E-03
  1.7075E+02  3.5193E-02 -1.6577E-03
  1.7090E+02  3.5299E-02 -1.6669E-03
  1.7105E+02  3.5414E-02 -1.6763E-03
  1.7121E+02  3.5536E-02 -1.6858E-03
  1.7136E+02  3.5665E-02 -1.6954E-03
  1.7151E+02  3.5801E-02 -1.7051E-03
  1.7167E+02  3.5942E-02 -1.7148E-03
  1.7182E+02  3.6088E-02 -1.7246E-03
  1.7197E+02  3.6239E-02 -1.7345E-03
  1.7213E+02  3.6393E-02 -1.7444E-03
  1.7228E+02  3.6549E-02 -1.7542E-03
  1.7243E+02  3.6707E-02 -1.7641E-03
  1.7258E+02  3.6866E-02 -1.7739E-03
  1.7274E+02  3.7025E-02 -1.7836E-03
  1.7289E+02  3.7183E-02 -1.7933E-03
  1.7304E+02  3.7339E-02 -1.8028E-03
  1.7320E+02  3.7492E-02 -1.8122E-03
  1.7335E+02  3.7641E-02 -1.8214E-03
  1.7350E+02  3.7787E-02 -1.8305E-03
  1.7366E+02  3.7926E-02 -1.8393E-03
  1.7381E+02  3.8060E-02 -1.8478E-03
  1.7396E+02  3.8187E-02 -1.8562E-03
  1.7411E+02  3.8307E-02 -1.8642E-03
  1.7427E+02  3.8419E-02 -1.8719E-03
  1.7442E+02  3.8521E-02 -1.8793E-03
  1.7457E+02  3.8614E-02 -1.8863E-03
  1.7473E+02  3.8697E-02 -1.8929E-03
  1.7488E+02  3.8770E-02 -1.8991E-03
  1.7503E+02  3.8832E-02 -1.9049E-03
  1.7519E+02  3.8883E-02 -1.9102E-03
  1.7534E+02  3.8922E-02 -1.9150E-03
  1.7549E+02  3.8949E-02 -1.9194E-03
  1.7564E+02  3.8964E-02 -1.9233E-03
  1.7580E+02  3.8967E-02 -1.9266E-03
  1.7595E+02  3.8958E-02 -1.9294E-03
  1.7610E+02  3.8937E-02 -1.9316E-03
  1.7626E+02  3.8904E-02 -1.9333E-03
  1.7641E+02  3.8859E-02 -1.9344E-03
  1.7656E+02  3.8802E-02 -1.9349E-03
  1.7672E+02  3.8733E-02 -1.9348E-03
  1.7687E+02  3.8654E-02 -1.9341E-03
  1.7702E+02  3.8564E-02 -1.9329E-03
  1.7717E+02  3.8463E-02 -1.9310E-03
  1.7733E+02  3.8353E-02 -1.9286E-03
  1.7748E+02  3.8233E-02 -1.9255E-03
  1.7763E+02  3.8105E-02 -1.9219E-03
  1.7779E+02  3.7969E-02 -1.9177E-03
  1.7794E+02  3.7826E-02 -1.9129E-03
  1.7809E+02  3.7676E-02 -1.9076E-03
  1.7825E+02  3.7520E-02 -1.9018E-03
  1.7840E+02  3.7360E-02 -1.8954E-03
  1.7855E+02  3.7195E-02 -1.8885E-03
  1.7870E+02  3.7026E-02 -1.8812E-03
  1.7886E+02  3.6855E-02 -1.8734E-03
  1.7901E+02  3.6683E-02 -1.8651E-03
  1.7916E+02  3.6510E-02 -1.8565E-03
  1.7932E+02  3.6336E-02 -1.8474E-03
  1.7947E+02  3.6163E-02 -1.8381E-03
  1.7962E+02  3.5992E-02 -1.8283E-03
  1.7978E+02  3.5824E-02 -1.8183E-03
  1.7993E+02  3.5658E-02 -1.8081E-03
  1.8008E+02  3.5496E-02 -1.7976E-03
  1.8023E+02  3.5339E-02 -1.7869E-03
  1.8039E+02  3.5186E-02 -1.7760E-03
  1.8054E+02  3.5039E-02 -1.7651E-03
  1.8069E+02  3.4899E-02 -1.7540E-03
  1.8085E+02  3.4765E-02 -1.7429E-03
  1.8100E+02  3.4638E-02 -1.7318E-03
  1.8115E+02  3.4518E-02 -1.7206E-03
  1.8131E+02  3.4406E-02 -1.7096E-03
  1.8146E+02  3.4302E-02 -1.6986E-03
  1.8161E+02  3.4205E-02 -1.6877E-03
  1.8176E+02  3.4117E-02 -1.6770E-03
  1.8192E+02  3.4038E-02 -1.6665E-03
  1.8207E+02  3.3966E-02 -1.6562E-03
  1.8222E+02  3.3903E-02 -1.6461E-03
  1.8238E+02  3.3847E-02 -1.6363E-03
  1.8253E+02  3.3800E-02 -1.6268E-03
  1.8268E+02  3.3761E-02 -1.6177E-03
  1.8284E+02  3.3729E-02 -1.6089E-03
  1.8299E+02  3.3704E-02 -1.6005E-03
  1.8314E+02  3.3687E-02 -1.5925E-03
  1.8329E+02  3.3676E-02 -1.5850E-03
  1.8345E+02  3.3672E-02 -1.5779E-03
  1.8360E+02  3.3674E-02 -1.5713E-03
  1.8375E+02  3.3682E-02 -1.5653E-03
  1.8391E+02  3.3695E-02 -1.5597E-03
  1.8406E+02  3.3713E-02 -1.5547E-03
  1.8421E+02  3.3736E-02 -1.5502E-03
  1.8437E+02  3.3763E-02 -1.5463E-03
  1.8452E+02  3.3794E-02 -1.5429E-03
  1.8467E+02  3.3828E-02 -1.5402E-03
  1.8482E+02  3.3866E-02 -1.5380E-03
  1.8498E+02  3.3907E-02 -1.5364E-03
  1.8513E+02  3.3950E-02 -1.5354E-03
  1.8528E+02  3.3996E-02 -1.5351E-03
  1.8544E+02  3.4044E-02 -1.5353E-03
  1.8559E+02  3.4093E-02 -1.5362E-03
  1.8574E+02  3.4144E-02 -1.5376E-03
  1.8590E+02  3.4196E-02 -1.5396E-03
  1.8605E+02  3.4248E-02 -1.5422E-03
  1.8620E+02  3.4302E-02 -1.5454E-03
  1.8635E+02  3.4356E-02 -1.5492E-03
  1.8651E+02  3.4410E-02 -1.5536E-03
  1.8666E+02  3.4465E-02 -1.5584E-03
  1.8681E+02  3.4519E-02 -1.5639E-03
  1.8697E+02  3.4573E-02 -1.5698E-03
  1.8712E+02  3.4627E-02 -1.5763E-03
  1.8727E+02  3.4681E-02 -1.5832E-03
  1.8743E+02  3.4734E-02 -1.5906E-03
  1.8758E+02  3.4787E-02 -1.5985E-03
  1.8773E+02  3.4839E-02 -1.6068E-03
  1.8788E+02  3.4890E-02 -1.6155E-03
  1.8804E+02  3.4941E-02 -1.6246E-03
  1.8819E+02  3.4991E-02 -1.6340E-03
  1.8834E+02  3.5041E-02 -1.6438E-03
  1.8850E+02  3.5089E-02 -1.6539E-03
  1.8865E+02  3.5138E-02 -1.6643E-03
  1.8880E+02  3.5185E-02 -1.6750E-03
  1.8896E+02  3.5232E-02 -1.6859E-03
  1.8911E+02  3.5278E-02 -1.6970E-03
  1.8926E+02  3.5324E-02 -1.7084E-03
  1.8941E+02  3.5370E-02 -1.7198E-03
  1.8957E+02  3.5415E-02 -1.7315E-03
  1.8972E+02  3.5459E-02 -1.7432E-03
  1.8987E+02  3.5504E-02 -1.7550E-03
  1.9003E+02  3.5548E-02 -1.7669E-03
  1.9018E+02  3.5593E-02 -1.7788E-03
  1.9033E+02  3.5637E-02 -1.7907E-03
  1.9049E+02  3.5682E-02 -1.8026E-03
  1.9064E+02  3.5726E-02 -1.8144E-03
  1.9079E+02  3.5771E-02 -1.8262E-03
  1.9094E+02  3.5816E-02 -1.8379E-03
  1.9110E+02  3.5862E-02 -1.8495E-03
  1.9125E+02  3.5907E-02 -1.8609E-03
  1.9140E+02  3.5953E-02 -1.8722E-03
  1.9156E+02  3.5999E-02 -1.8832E-03
  1.9171E+02  3.6046E-02 -1.8941E-03
  1.9186E+02  3.6093E-02 -1.9047E-03
  1.9202E+02  3.6140E-02 -1.9151E-03
  1.9217E+02  3.6187E-02 -1.9252E-03
  1.9232E+02  3.6234E-02 -1.9351E-03
  1.9247E+02  3.6281E-02 -1.9446E-03
  1.9263E+02  3.6328E-02 -1.9538E-03
  1.9278E+02  3.6374E-02 -1.9626E-03
  1.9293E+02  3.6420E-02 -1.9711E-03
  1.9309E+02  3.6465E-02 -1.9792E-03
  1.9324E+02  3.6510E-02 -1.9869E-03
  1.9339E+02  3.6553E-02 -1.9942E-03
  1.9355E+02  3.6595E-02 -2.0011E-03
  1.9370E+02  3.6636E-02 -2.0076E-03
  1.9385E+02  3.6675E-02 -2.0137E-03
  1.9400E+02  3.6713E-02 -2.0192E-03
  1.9416E+02  3.6748E-02 -2.0244E-03
  1.9431E+02  3.6781E-02 -2.0290E-03
  1.9446E+02  3.6811E-02 -2.0332E-03
  1.9462E+02  3.6839E-02 -2.0369E-03
  1.9477E+02  3.6863E-02 -2.0402E-03
  1.9492E+02  3.6885E-02 -2.0429E-03
  1.9508E+02  3.6903E-02 -2.0452E-03
  1.9523E+02  3.6918E-02 -2.0470E-03
  1.9538E+02  3.6929E-02 -2.0483E-03
  1.9553E+02  3.6937E-02 -2.0491E-03
  1.9569E+02  3.6940E-02 -2.0494E-03
  1.9584E+02  3.6940E-02 -2.0492E-03
  1.9599E+02  3.6935E-02 -2.0486E-03
  1.9615E+02  3.6926E-02 -2.0475E-03
  1.9630E+02  3.6912E-02 -2.0459E-03
  1.9645E+02  3.6894E-02 -2.0438E-03
  1.9661E+02  3.6871E-02 -2.0414E-03
  1.9676E+02  3.6844E-02 -2.0384E-03
  1.9691E+02  3.6812E-02 -2.0351E-03
  1.9706E+02  3.6775E-02 -2.0313E-03
  1.9722E+02  3.6733E-02 -2.0271E-03
  1.9737E+02  3.6686E-02 -2.0225E-03
  1.9752E+02  3.6635E-02 -2.0175E-03
  1.9768E+02  3.6579E-02 -2.0121E-03
  1.9783E+02  3.6518E-02 -2.0064E-03
  1.9798E+02  3.6452E-02 -2.0003E-03
  1.9814E+02  3.6382E-02 -1.9939E-03
  1.9829E+02  3.6308E-02 -1.9872E-03
  1.9844E+02  3.6229E-02 -1.9802E-03
  1.9859E+02  3.6145E-02 -1.9729E-03
  1.9875E+02  3.6057E-02 -1.9653E-03
  1.9890E+02  3.5965E-02 -1.9575E-03
  1.9905E+02  3.5870E-02 -1.9494E-03
  1.9921E+02  3.5770E-02 -1.9411E-03
  1.9936E+02  3.5667E-02 -1.9326E-03
  1.9951E+02  3.5561E-02 -1.9240E-03
  1.9967E+02  3.5452E-02 -1.9151E-03
  1.9982E+02  3.5340E-02 -1.9062E-03
  1.9997E+02  3.5226E-02 -1.8971E-03
  2.0012E+02  3.5109E-02 -1.8878E-03
  2.0028E+02  3.4991E-02 -1.8785E-03
  2.0043E+02  3.4872E-02 -1.8691E-03
  2.0058E+02  3.4751E-02 -1.8597E-03
  2.0074E+02  3.4630E-02 -1.8503E-03
  2.0089E+02  3.4509E-02 -1.8408E-03
  2.0104E+02  3.4387E-02 -1.8313E-03
  2.0120E+02  3.4267E-02 -1.8219E-03
  2.0135E+02  3.4147E-02 -1.8126E-03
  2.0150E+02  3.4029E-02 -1.8033E-03
  2.0165E+02  3.3913E-02 -1.7941E-03
  2.0181E+02  3.3799E-02 -1.7850E-03
  2.0196E+02  3.3688E-02 -1.7761E-03
  2.0211E+02  3.3580E-02 -1.7674E-03
  2.0227E+02  3.3475E-02 -1.7588E-03
  2.0242E+02  3.3374E-02 -1.7504E-03
  2.0257E+02  3.3278E-02 -1.7423E-03
  2.0273E+02  3.3187E-02 -1.7345E-03
  2.0288E+02  3.3100E-02 -1.7269E-03
  2.0303E+02  3.3019E-02 -1.7195E-03
  2.0318E+02  3.2943E-02 -1.7125E-03
  2.0334E+02  3.2874E-02 -1.7059E-03
  2.0349E+02  3.2810E-02 -1.6996E-03
  2.0364E+02  3.2754E-02 -1.6936E-03
  2.0380E+02  3.2704E-02 -1.6881E-03
  2.0395E+02  3.2660E-02 -1.6830E-03
  2.0410E+02  3.2625E-02 -1.6782E-03
  2.0426E+02  3.2596E-02 -1.6740E-03
  2.0441E+02  3.2575E-02 -1.6702E-03
  2.0456E+02  3.2561E-02 -1.6668E-03
  2.0471E+02  3.2554E-02 -1.6640E-03
  2.0487E+02  3.2555E-02 -1.6616E-03
  2.0502E+02  3.2564E-02 -1.6598E-03
  2.0517E+02  3.2580E-02 -1.6585E-03
  2.0533E+02  3.2604E-02 -1.6577E-03
  2.0548E+02  3.2635E-02 -1.6574E-03
  2.0563E+02  3.2673E-02 -1.6577E-03
  2.0579E+02  3.2718E-02 -1.6586E-03
  2.0594E+02  3.2770E-02 -1.6600E-03
  2.0609E+02  3.2829E-02 -1.6619E-03
  2.0624E+02  3.2894E-02 -1.6644E-03
  2.0640E+02  3.2965E-02 -1.6675E-03
  2.0655E+02  3.3042E-02 -1.6711E-03
  2.0670E+02  3.3125E-02 -1.6753E-03
  2.0686E+02  3.3213E-02 -1.6801E-03
  2.0701E+02  3.3307E-02 -1.6853E-03
  2.0716E+02  3.3404E-02 -1.6912E-03
  2.0732E+02  3.3507E-02 -1.6975E-03
  2.0747E+02  3.3613E-02 -1.7044E-03
  2.0762E+02  3.3722E-02 -1.7117E-03
  2.0777E+02  3.3835E-02 -1.7196E-03
  2.0793E+02  3.3951E-02 -1.7280E-03
  2.0808E+02  3.4069E-02 -1.7368E-03
  2.0823E+02  3.4188E-02 -1.7460E-03
  2.0839E+02  3.4309E-02 -1.7557E-03
  2.0854E+02  3.4431E-02 -1.7658E-03
  2.0869E+02  3.4553E-02 -1.7763E-03
  2.0885E+02  3.4676E-02 -1.7871E-03
  2.0900E+02  3.4798E-02 -1.7983E-03
  2.0915E+02  3.4920E-02 -1.8098E-03
  2.0930E+02  3.5040E-02 -1.8216E-03
  2.0946E+02  3.5159E-02 -1.8337E-03
  2.0961E+02  3.5276E-02 -1.8460E-03
  2.0976E+02  3.5390E-02 -1.8585E-03
  2.0992E+02  3.5502E-02 -1.8712E-03
  2.1007E+02  3.5610E-02 -1.8840E-03
  2.1022E+02  3.5714E-02 -1.8969E-03
  2.1038E+02  3.5815E-02 -1.9099E-03
  2.1053E+02  3.5911E-02 -1.9230E-03
  2.1068E+02  3.6003E-02 -1.9361E-03
  2.1083E+02  3.6090E-02 -1.9492E-03
  2.1099E+02  3.6172E-02 -1.9622E-03
  2.1114E+02  3.6248E-02 -1.9752E-03
  2.1129E+02  3.6318E-02 -1.9880E-03
  2.1145E+02  3.6382E-02 -2.0007E-03
  2.1160E+02  3.6440E-02 -2.0132E-03
  2.1175E+02  3.6491E-02 -2.0254E-03
  2.1191E+02  3.6535E-02 -2.0374E-03
  2.1206E+02  3.6572E-02 -2.0492E-03
  2.1221E+02  3.6602E-02 -2.0606E-03
  2.1236E+02  3.6626E-02 -2.0717E-03
  2.1252E+02  3.6642E-02 -2.0824E-03
  2.1267E+02  3.6651E-02 -2.0928E-03
  2.1282E+02  3.6653E-02 -2.1027E-03
  2.1298E+02  3.6648E-02 -2.1121E-03
  2.1313E+02  3.6636E-02 -2.1211E-03
  2.1328E+02  3.6616E-02 -2.1296E-03
  2.1344E+02  3.6590E-02 -2.1375E-03
  2.1359E+02  3.6557E-02 -2.1449E-03
  2.1374E+02  3.6517E-02 -2.1518E-03
  2.1389E+02  3.6471E-02 -2.1580E-03
  2.1405E+02  3.6420E-02 -2.1637E-03
  2.1420E+02  3.6362E-02 -2.1688E-03
  2.1435E+02  3.6299E-02 -2.1733E-03
  2.1451E+02  3.6231E-02 -2.1771E-03
  2.1466E+02  3.6158E-02 -2.1804E-03
  2.1481E+02  3.6081E-02 -2.1830E-03
  2.1497E+02  3.6000E-02 -2.1849E-03
  2.1512E+02  3.5916E-02 -2.1863E-03
  2.1527E+02  3.5829E-02 -2.1870E-03
  2.1542E+02  3.5739E-02 -2.1870E-03
  2.1558E+02  3.5648E-02 -2.1864E-03
  2.1573E+02  3.5555E-02 -2.1853E-03
  2.1588E+02  3.5461E-02 -2.1835E-03
  2.1604E+02  3.5366E-02 -2.1811E-03
  2.1619E+02  3.5272E-02 -2.1782E-03
  2.1634E+02  3.5178E-02 -2.1746E-03
  2.1650E+02  3.5084E-02 -2.1706E-03
  2.1665E+02  3.4992E-02 -2.1660E-03
  2.1680E+02  3.4902E-02 -2.1608E-03
  2.1695E+02  3.4813E-02 -2.1552E-03
  2.1711E+02  3.4726E-02 -2.1491E-03
  2.1726E+02  3.4642E-02 -2.1426E-03
  2.1741E+02  3.4561E-02 -2.1356E-03
  2.1757E+02  3.4482E-02 -2.1282E-03
  2.1772E+02  3.4407E-02 -2.1205E-03
  2.1787E+02  3.4334E-02 -2.1124E-03
  2.1803E+02  3.4265E-02 -2.1040E-03
  2.1818E+02  3.4199E-02 -2.0953E-03
  2.1833E+02  3.4136E-02 -2.0863E-03
  2.1848E+02  3.4077E-02 -2.0771E-03
  2.1864E+02  3.4021E-02 -2.0677E-03
  2.1879E+02  3.3968E-02 -2.0581E-03
  2.1894E+02  3.3918E-02 -2.0483E-03
  2.1910E+02  3.3872E-02 -2.0384E-03
  2.1925E+02  3.3828E-02 -2.0284E-03
  2.1940E+02  3.3787E-02 -2.0183E-03
  2.1956E+02  3.3749E-02 -2.0082E-03
  2.1971E+02  3.3714E-02 -1.9980E-03
  2.1986E+02  3.3681E-02 -1.9879E-03
  2.2001E+02  3.3651E-02 -1.9778E-03
  2.2017E+02  3.3622E-02 -1.9678E-03
  2.2032E+02  3.3596E-02 -1.9578E-03
  2.2047E+02  3.3573E-02 -1.9480E-03
  2.2063E+02  3.3551E-02 -1.9382E-03
  2.2078E+02  3.3531E-02 -1.9287E-03
  2.2093E+02  3.3512E-02 -1.9193E-03
  2.2109E+02  3.3496E-02 -1.9101E-03
  2.2124E+02  3.3481E-02 -1.9011E-03
  2.2139E+02  3.3468E-02 -1.8924E-03
  2.2154E+02  3.3457E-02 -1.8840E-03
  2.2170E+02  3.3448E-02 -1.8758E-03
  2.2185E+02  3.3440E-02 -1.8680E-03
  2.2200E+02  3.3433E-02 -1.8604E-03
  2.2216E+02  3.3428E-02 -1.8532E-03
  2.2231E+02  3.3425E-02 -1.8464E-03
  2.2246E+02  3.3423E-02 -1.8399E-03
  2.2262E+02  3.3422E-02 -1.8338E-03
  2.2277E+02  3.3423E-02 -1.8280E-03
  2.2292E+02  3.3424E-02 -1.8227E-03
  2.2307E+02  3.3427E-02 -1.8178E-03
  2.2323E+02  3.3432E-02 -1.8133E-03
  2.2338E+02  3.3437E-02 -1.8092E-03
  2.2353E+02  3.3444E-02 -1.8056E-03
  2.2369E+02  3.3451E-02 -1.8024E-03
  2.2384E+02  3.3460E-02 -1.7997E-03
  2.2399E+02  3.3469E-02 -1.7974E-03
  2.2415E+02  3.3478E-02 -1.7956E-03
  2.2430E+02  3.3489E-02 -1.7943E-03
  2.2445E+02  3.3499E-02 -1.7934E-03
  2.2460E+02  3.3510E-02 -1.7929E-03
  2.2476E+02  3.3521E-02 -1.7929E-03
  2.2491E+02  3.3532E-02 -1.7934E-03
  2.2506E+02  3.3543E-02 -1.7943E-03
  2.2522E+02  3.3554E-02 -1.7957E-03
  2.2537E+02  3.3565E-02 -1.7975E-03
  2.2552E+02  3.3576E-02 -1.7998E-03
  2.2568E+02  3.3587E-02 -1.8024E-03
  2.2583E+02  3.3597E-02 -1.8056E-03
  2.2598E+02  3.3608E-02 -1.8091E-03
  2.2613E+02  3.3618E-02 -1.8130E-03
  2.2629E+02  3.3628E-02 -1.8174E-03
  2.2644E+02  3.3637E-02 -1.8221E-03
  2.2659E+02  3.3647E-02 -1.8273E-03
  2.2675E+02  3.3657E-02 -1.8328E-03
  2.2690E+02  3.3666E-02 -1.8386E-03
  2.2705E+02  3.3676E-02 -1.8448E-03
  2.2721E+02  3.3687E-02 -1.8514E-03
  2.2736E+02  3.3697E-02 -1.8582E-03
  2.2751E+02  3.3709E-02 -1.8654E-03
  2.2766E+02  3.3721E-02 -1.8729E-03
  2.2782E+02  3.3733E-02 -1.8807E-03
  2.2797E+02  3.3747E-02 -1.8887E-03
  2.2812E+02  3.3762E-02 -1.8970E-03
  2.2828E+02  3.3778E-02 -1.9055E-03
  2.2843E+02  3.3795E-02 -1.9143E-03
  2.2858E+02  3.3813E-02 -1.9233E-03
  2.2874E+02  3.3833E-02 -1.9324E-03
  2.2889E+02  3.3854E-02 -1.9418E-03
  2.2904E+02  3.3877E-02 -1.9513E-03
  2.2919E+02  3.3902E-02 -1.9609E-03
  2.2935E+02  3.3928E-02 -1.9707E-03
  2.2950E+02  3.3956E-02 -1.9806E-03
  2.2965E+02  3.3986E-02 -1.9906E-03
  2.2981E+02  3.4017E-02 -2.0007E-03
  2.2996E+02  3.4050E-02 -2.0108E-03
  2.3011E+02  3.4085E-02 -2.0209E-03
  2.3027E+02  3.4120E-02 -2.0311E-03
  2.3042E+02  3.4157E-02 -2.0412E-03
  2.3057E+02  3.4196E-02 -2.0514E-03
  2.3072E+02  3.4235E-02 -2.0615E-03
  2.3088E+02  3.4275E-02 -2.0715E-03
  2.3103E+02  3.4316E-02 -2.0815E-03
  2.3118E+02  3.4358E-02 -2.0913E-03
  2.3134E+02  3.4400E-02 -2.1011E-03
  2.3149E+02  3.4442E-02 -2.1107E-03
  2.3164E+02  3.4484E-02 -2.1201E-03
  2.3180E+02  3.4526E-02 -2.1294E-03
  2.3195E+02  3.4567E-02 -2.1384E-03
  2.3210E+02  3.4608E-02 -2.1473E-03
  2.3225E+02  3.4648E-02 -2.1559E-03
  2.3241E+02  3.4687E-02 -2.1643E-03
  2.3256E+02  3.4725E-02 -2.1724E-03
  2.3271E+02  3.4761E-02 -2.1802E-03
  2.3287E+02  3.4795E-02 -2.1877E-03
  2.3302E+02  3.4828E-02 -2.1948E-03
  2.3317E+02  3.4859E-02 -2.2017E-03
  2.3333E+02  3.4887E-02 -2.2082E-03
  2.3348E+02  3.4914E-02 -2.2143E-03
  2.3363E+02  3.4938E-02 -2.2201E-03
  2.3378E+02  3.4960E-02 -2.2255E-03
  2.3394E+02  3.4979E-02 -2.2304E-03
  2.3409E+02  3.4996E-02 -2.2350E-03
  2.3424E+02  3.5011E-02 -2.2392E-03
  2.3440E+02  3.5023E-02 -2.2429E-03
  2.3455E+02  3.5033E-02 -2.2462E-03
  2.3470E+02  3.5040E-02 -2.2491E-03
  2.3486E+02  3.5044E-02 -2.2515E-03
  2.3501E+02  3.5046E-02 -2.2535E-03
  2.3516E+02  3.5046E-02 -2.2551E-03
  2.3531E+02  3.5044E-02 -2.2562E-03
  2.3547E+02  3.5040E-02 -2.2569E-03
  2.3562E+02  3.5034E-02 -2.2571E-03
  2.3577E+02  3.5026E-02 -2.2569E-03
  2.3593E+02  3.5016E-02 -2.2563E-03
  2.3608E+02  3.5004E-02 -2.2552E-03
  2.3623E+02  3.4991E-02 -2.2538E-03
  2.3639E+02  3.4977E-02 -2.2519E-03
  2.3654E+02  3.4961E-02 -2.2496E-03
  2.3669E+02  3.4944E-02 -2.2470E-03
  2.3684E+02  3.4926E-02 -2.2439E-03
  2.3700E+02  3.4906E-02 -2.2405E-03
  2.3715E+02  3.4885E-02 -2.2368E-03
  2.3730E+02  3.4863E-02 -2.2327E-03
  2.3746E+02  3.4841E-02 -2.2282E-03
  2.3761E+02  3.4817E-02 -2.2235E-03
  2.3776E+02  3.4792E-02 -2.2184E-03
  2.3792E+02  3.4766E-02 -2.2131E-03
  2.3807E+02  3.4739E-02 -2.2074E-03
  2.3822E+02  3.4710E-02 -2.2016E-03
  2.3837E+02  3.4681E-02 -2.1955E-03
  2.3853E+02  3.4650E-02 -2.1891E-03
  2.3868E+02  3.4618E-02 -2.1826E-03
  2.3883E+02  3.4584E-02 -2.1759E-03
  2.3899E+02  3.4548E-02 -2.1690E-03
  2.3914E+02  3.4511E-02 -2.1619E-03
  2.3929E+02  3.4472E-02 -2.1547E-03
  2.3945E+02  3.4431E-02 -2.1474E-03
  2.3960E+02  3.4388E-02 -2.1399E-03
  2.3975E+02  3.4343E-02 -2.1324E-03
  2.3990E+02  3.4296E-02 -2.1248E-03
  2.4006E+02  3.4247E-02 -2.1171E-03
  2.4021E+02  3.4196E-02 -2.1094E-03
  2.4036E+02  3.4142E-02 -2.1017E-03
  2.4052E+02  3.4086E-02 -2.0940E-03
  2.4067E+02  3.4029E-02 -2.0863E-03
  2.4082E+02  3.3969E-02 -2.0786E-03
  2.4098E+02  3.3908E-02 -2.0709E-03
  2.4113E+02  3.3844E-02 -2.0633E-03
  2.4128E+02  3.3779E-02 -2.0558E-03
  2.4143E+02  3.3713E-02 -2.0484E-03
  2.4159E+02  3.3645E-02 -2.0410E-03
  2.4174E+02  3.3576E-02 -2.0338E-03
  2.4189E+02  3.3507E-02 -2.0267E-03
  2.4205E+02  3.3436E-02 -2.0198E-03
  2.4220E+02  3.3366E-02 -2.0130E-03
  2.4235E+02  3.3296E-02 -2.0064E-03
  2.4251E+02  3.3225E-02 -2.0000E-03
  2.4266E+02  3.3156E-02 -1.9938E-03
  2.4281E+02  3.3087E-02 -1.9878E-03
  2.4296E+02  3.3019E-02 -1.9820E-03
  2.4312E+02  3.2953E-02 -1.9765E-03
  2.4327E+02  3.2889E-02 -1.9712E-03
  2.4342E+02  3.2826E-02 -1.9662E-03
  2.4358E+02  3.2766E-02 -1.9615E-03
  2.4373E+02  3.2708E-02 -1.9571E-03
  2.4388E+02  3.2652E-02 -1.9530E-03
  2.4404E+02  3.2600E-02 -1.9492E-03
  2.4419E+02  3.2550E-02 -1.9457E-03
  2.4434E+02  3.2504E-02 -1.9425E-03
  2.4449E+02  3.2461E-02 -1.9397E-03
  2.4465E+02  3.2421E-02 -1.9373E-03
  2.4480E+02  3.2385E-02 -1.9352E-03
  2.4495E+02  3.2352E-02 -1.9334E-03
  2.4511E+02  3.2323E-02 -1.9321E-03
  2.4526E+02  3.2297E-02 -1.9311E-03
  2.4541E+02  3.2275E-02 -1.9305E-03
  2.4557E+02  3.2256E-02 -1.9303E-03
  2.4572E+02  3.2241E-02 -1.9305E-03
  2.4587E+02  3.2229E-02 -1.9310E-03
  2.4602E+02  3.2220E-02 -1.9320E-03
  2.4618E+02  3.2215E-02 -1.9334E-03
  2.4633E+02  3.2213E-02 -1.9351E-03
  2.4648E+02  3.2214E-02 -1.9373E-03
  2.4664E+02  3.2218E-02 -1.9398E-03
  2.4679E+02  3.2225E-02 -1.9427E-03
  2.4694E+02  3.2235E-02 -1.9461E-03
  2.4710E+02  3.2249E-02 -1.9498E-03
  2.4725E+02  3.2265E-02 -1.9539E-03
  2.4740E+02  3.2284E-02 -1.9583E-03
  2.4755E+02  3.2307E-02 -1.9632E-03
  2.4771E+02  3.2332E-02 -1.9684E-03
  2.4786E+02  3.2360E-02 -1.9740E-03
  2.4801E+02  3.2392E-02 -1.9799E-03
  2.4817E+02  3.2426E-02 -1.9861E-03
  2.4832E+02  3.2464E-02 -1.9927E-03
  2.4847E+02  3.2505E-02 -1.9996E-03
  2.4863E+02  3.2549E-02 -2.0068E-03
  2.4878E+02  3.2597E-02 -2.0143E-03
  2.4893E+02  3.2648E-02 -2.0221E-03
  2.4908E+02  3.2703E-02 -2.0302E-03
  2.4924E+02  3.2762E-02 -2.0385E-03
  2.4939E+02  3.2824E-02 -2.0471E-03
  2.4954E+02  3.2890E-02 -2.0560E-03
  2.4970E+02  3.2959E-02 -2.0650E-03
  2.4985E+02  3.3032E-02 -2.0743E-03
  2.5000E+02  3.3109E-02 -2.0837E-03
  2.5016E+02  3.3189E-02 -2.0934E-03
  2.5031E+02  3.3273E-02 -2.1031E-03
  2.5046E+02  3.3359E-02 -2.1131E-03
  2.5061E+02  3.3449E-02 -2.1231E-03
  2.5077E+02  3.3542E-02 -2.1333E-03
  2.5092E+02  3.3637E-02 -2.1436E-03
  2.5107E+02  3.3734E-02 -2.1539E-03
  2.5123E+02  3.3833E-02 -2.1642E-03
  2.5138E+02  3.3934E-02 -2.1746E-03
  2.5153E+02  3.4036E-02 -2.1850E-03
  2.5169E+02  3.4138E-02 -2.1954E-03
  2.5184E+02  3.4241E-02 -2.2058E-03
  2.5199E+02  3.4343E-02 -2.2161E-03
  2.5214E+02  3.4445E-02 -2.2263E-03
  2.5230E+02  3.4545E-02 -2.2364E-03
  2.5245E+02  3.4643E-02 -2.2464E-03
  2.5260E+02  3.4739E-02 -2.2563E-03
  2.5276E+02  3.4832E-02 -2.2659E-03
  2.5291E+02  3.4922E-02 -2.2754E-03
  2.5306E+02  3.5008E-02 -2.2847E-03
  2.5322E+02  3.5089E-02 -2.2937E-03
  2.5337E+02  3.5166E-02 -2.3024E-03
  2.5352E+02  3.5237E-02 -2.3109E-03
  2.5367E+02  3.5303E-02 -2.3190E-03
  2.5383E+02  3.5362E-02 -2.3268E-03
  2.5398E+02  3.5416E-02 -2.3343E-03
  2.5413E+02  3.5462E-02 -2.3414E-03
  2.5429E+02  3.5502E-02 -2.3481E-03
  2.5444E+02  3.5534E-02 -2.3544E-03
  2.5459E+02  3.5560E-02 -2.3602E-03
  2.5475E+02  3.5578E-02 -2.3656E-03
  2.5490E+02  3.5588E-02 -2.3706E-03
  2.5505E+02  3.5592E-02 -2.3751E-03
  2.5520E+02  3.5588E-02 -2.3791E-03
  2.5536E+02  3.5576E-02 -2.3826E-03
  2.5551E+02  3.5557E-02 -2.3856E-03
  2.5566E+02  3.5532E-02 -2.3880E-03
  2.5582E+02  3.5499E-02 -2.3900E-03
  2.5597E+02  3.5460E-02 -2.3914E-03
  2.5612E+02  3.5414E-02 -2.3924E-03
  2.5628E+02  3.5362E-02 -2.3927E-03
  2.5643E+02  3.5305E-02 -2.3926E-03
  2.5658E+02  3.5242E-02 -2.3919E-03
  2.5673E+02  3.5173E-02 -2.3907E-03
  2.5689E+02  3.5100E-02 -2.3890E-03
  2.5704E+02  3.5022E-02 -2.3867E-03
  2.5719E+02  3.4940E-02 -2.3840E-03
  2.5735E+02  3.4854E-02 -2.3807E-03
  2.5750E+02  3.4764E-02 -2.3770E-03
  2.5765E+02  3.4672E-02 -2.3728E-03
  2.5781E+02  3.4576E-02 -2.3681E-03
  2.5796E+02  3.4478E-02 -2.3630E-03
  2.5811E+02  3.4378E-02 -2.3575E-03
  2.5826E+02  3.4276E-02 -2.3515E-03
  2.5842E+02  3.4173E-02 -2.3452E-03
  2.5857E+02  3.4068E-02 -2.3384E-03
  2.5872E+02  3.3963E-02 -2.3313E-03
  2.5888E+02  3.3857E-02 -2.3239E-03
  2.5903E+02  3.3751E-02 -2.3162E-03
  2.5918E+02  3.3645E-02 -2.3081E-03
  2.5934E+02  3.3540E-02 -2.2998E-03
  2.5949E+02  3.3435E-02 -2.2913E-03
  2.5964E+02  3.3332E-02 -2.2825E-03
  2.5979E+02  3.3230E-02 -2.2735E-03
  2.5995E+02  3.3129E-02 -2.2644E-03
  2.6010E+02  3.3030E-02 -2.2551E-03
  2.6025E+02  3.2933E-02 -2.2457E-03
  2.6041E+02  3.2839E-02 -2.2362E-03
  2.6056E+02  3.2747E-02 -2.2266E-03
  2.6071E+02  3.2658E-02 -2.2170E-03
  2.6087E+02  3.2572E-02 -2.2073E-03
  2.6102E+02  3.2489E-02 -2.1977E-03
  2.6117E+02  3.2409E-02 -2.1881E-03
  2.6132E+02  3.2333E-02 -2.1786E-03
  2.6148E+02  3.2260E-02 -2.1691E-03
  2.6163E+02  3.2191E-02 -2.1598E-03
  2.6178E+02  3.2126E-02 -2.1505E-03
  2.6194E+02  3.2065E-02 -2.1415E-03
  2.6209E+02  3.2008E-02 -2.1326E-03
  2.6224E+02  3.1955E-02 -2.1239E-03
  2.6240E+02  3.1907E-02 -2.1155E-03
  2.6255E+02  3.1862E-02 -2.1072E-03
  2.6270E+02  3.1822E-02 -2.0993E-03
  2.6285E+02  3.1785E-02 -2.0916E-03
  2.6301E+02  3.1753E-02 -2.0843E-03
  2.6316E+02  3.1725E-02 -2.0772E-03
  2.6331E+02  3.1702E-02 -2.0706E-03
  2.6347E+02  3.1682E-02 -2.0642E-03
  2.6362E+02  3.1666E-02 -2.0583E-03
  2.6377E+02  3.1655E-02 -2.0527E-03
  2.6393E+02  3.1647E-02 -2.0475E-03
  2.6408E+02  3.1643E-02 -2.0428E-03
  2.6423E+02  3.1644E-02 -2.0384E-03
  2.6438E+02  3.1648E-02 -2.0346E-03
  2.6454E+02  3.1656E-02 -2.0311E-03
  2.6469E+02  3.1668E-02 -2.0281E-03
  2.6484E+02  3.1683E-02 -2.0256E-03
  2.6500E+02  3.1703E-02 -2.0235E-03
  2.6515E+02  3.1726E-02 -2.0220E-03
  2.6530E+02  3.1753E-02 -2.0209E-03
  2.6546E+02  3.1784E-02 -2.0203E-03
  2.6561E+02  3.1818E-02 -2.0201E-03
  2.6576E+02  3.1857E-02 -2.0205E-03
  2.6591E+02  3.1898E-02 -2.0214E-03
  2.6607E+02  3.1944E-02 -2.0227E-03
  2.6622E+02  3.1993E-02 -2.0246E-03
  2.6637E+02  3.2046E-02 -2.0269E-03
  2.6653E+02  3.2102E-02 -2.0297E-03
  2.6668E+02  3.2162E-02 -2.0330E-03
  2.6683E+02  3.2225E-02 -2.0368E-03
  2.6699E+02  3.2291E-02 -2.0410E-03
  2.6714E+02  3.2360E-02 -2.0457E-03
  2.6729E+02  3.2432E-02 -2.0508E-03
  2.6744E+02  3.2507E-02 -2.0564E-03
  2.6760E+02  3.2584E-02 -2.0624E-03
  2.6775E+02  3.2663E-02 -2.0689E-03
  2.6790E+02  3.2744E-02 -2.0757E-03
  2.6806E+02  3.2827E-02 -2.0830E-03
  2.6821E+02  3.2910E-02 -2.0906E-03
  2.6836E+02  3.2995E-02 -2.0986E-03
  2.6852E+02  3.3080E-02 -2.1070E-03
  2.6867E+02  3.3166E-02 -2.1156E-03
  2.6882E+02  3.3251E-02 -2.1246E-03
  2.6897E+02  3.3335E-02 -2.1339E-03
  2.6913E+02  3.3419E-02 -2.1435E-03
  2.6928E+02  3.3501E-02 -2.1533E-03
  2.6943E+02  3.3582E-02 -2.1633E-03
  2.6959E+02  3.3660E-02 -2.1736E-03
  2.6974E+02  3.3736E-02 -2.1840E-03
  2.6989E+02  3.3809E-02 -2.1946E-03
  2.7005E+02  3.3878E-02 -2.2054E-03
  2.7020E+02  3.3945E-02 -2.2162E-03
  2.7035E+02  3.4007E-02 -2.2272E-03
  2.7050E+02  3.4066E-02 -2.2382E-03
  2.7066E+02  3.4120E-02 -2.2492E-03
  2.7081E+02  3.4170E-02 -2.2603E-03
  2.7096E+02  3.4216E-02 -2.2713E-03
  2.7112E+02  3.4257E-02 -2.2823E-03
  2.7127E+02  3.4294E-02 -2.2933E-03
  2.7142E+02  3.4326E-02 -2.3041E-03
  2.7158E+02  3.4353E-02 -2.3148E-03
  2.7173E+02  3.4376E-02 -2.3254E-03
  2.7188E+02  3.4394E-02 -2.3359E-03
  2.7203E+02  3.4407E-02 -2.3461E-03
  2.7219E+02  3.4417E-02 -2.3562E-03
  2.7234E+02  3.4422E-02 -2.3660E-03
  2.7249E+02  3.4423E-02 -2.3755E-03
  2.7265E+02  3.4420E-02 -2.3848E-03
  2.7280E+02  3.4414E-02 -2.3938E-03
  2.7295E+02  3.4404E-02 -2.4024E-03
  2.7311E+02  3.4390E-02 -2.4108E-03
  2.7326E+02  3.4374E-02 -2.4188E-03
  2.7341E+02  3.4355E-02 -2.4264E-03
  2.7356E+02  3.4333E-02 -2.4336E-03
  2.7372E+02  3.4308E-02 -2.4405E-03
  2.7387E+02  3.4281E-02 -2.4469E-03
  2.7402E+02  3.4253E-02 -2.4529E-03
  2.7418E+02  3.4222E-02 -2.4585E-03
  2.7433E+02  3.4189E-02 -2.4636E-03
  2.7448E+02  3.4155E-02 -2.4683E-03
  2.7464E+02  3.4119E-02 -2.4725E-03
  2.7479E+02  3.4083E-02 -2.4763E-03
  2.7494E+02  3.4045E-02 -2.4796E-03
  2.7509E+02  3.4006E-02 -2.4824E-03
  2.7525E+02  3.3966E-02 -2.4847E-03
  2.7540E+02  3.3925E-02 -2.4866E-03
  2.7555E+02  3.3884E-02 -2.4880E-03
  2.7571E+02  3.3842E-02 -2.4889E-03
  2.7586E+02  3.3800E-02 -2.4894E-03
  2.7601E+02  3.3758E-02 -2.4893E-03
  2.7617E+02  3.3715E-02 -2.4889E-03
  2.7632E+02  3.3672E-02 -2.4879E-03
  2.7647E+02  3.3629E-02 -2.4865E-03
  2.7662E+02  3.3586E-02 -2.4847E-03
  2.7678E+02  3.3543E-02 -2.4824E-03
  2.7693E+02  3.3500E-02 -2.4797E-03
  2.7708E+02  3.3457E-02 -2.4766E-03
  2.7724E+02  3.3415E-02 -2.4732E-03
  2.7739E+02  3.3372E-02 -2.4693E-03
  2.7754E+02  3.3330E-02 -2.4650E-03
  2.7770E+02  3.3289E-02 -2.4604E-03
  2.7785E+02  3.3247E-02 -2.4554E-03
  2.7800E+02  3.3206E-02 -2.4502E-03
  2.7815E+02  3.3166E-02 -2.4446E-03
  2.7831E+02  3.3125E-02 -2.4387E-03
  2.7846E+02  3.3085E-02 -2.4325E-03
  2.7861E+02  3.3045E-02 -2.4261E-03
  2.7877E+02  3.3006E-02 -2.4194E-03
  2.7892E+02  3.2966E-02 -2.4126E-03
  2.7907E+02  3.2927E-02 -2.4055E-03
  2.7923E+02  3.2888E-02 -2.3982E-03
  2.7938E+02  3.2850E-02 -2.3908E-03
  2.7953E+02  3.2811E-02 -2.3832E-03
  2.7968E+02  3.2772E-02 -2.3755E-03
  2.7984E+02  3.2733E-02 -2.3677E-03
  2.7999E+02  3.2695E-02 -2.3598E-03
  2.8014E+02  3.2656E-02 -2.3518E-03
  2.8030E+02  3.2617E-02 -2.3438E-03
  2.8045E+02  3.2578E-02 -2.3358E-03
  2.8060E+02  3.2538E-02 -2.3278E-03
  2.8076E+02  3.2499E-02 -2.3197E-03
  2.8091E+02  3.2459E-02 -2.3117E-03
  2.8106E+02  3.2420E-02 -2.3037E-03
  2.8121E+02  3.2380E-02 -2.2958E-03
  2.8137E+02  3.2340E-02 -2.2880E-03
  2.8152E+02  3.2300E-02 -2.2803E-03
  2.8167E+02  3.2261E-02 -2.2726E-03
  2.8183E+02  3.2222E-02 -2.2652E-03
  2.8198E+02  3.2183E-02 -2.2578E-03
  2.8213E+02  3.2145E-02 -2.2506E-03
  2.8229E+02  3.2107E-02 -2.2436E-03
  2.8244E+02  3.2071E-02 -2.2368E-03
  2.8259E+02  3.2035E-02 -2.2302E-03
  2.8274E+02  3.2001E-02 -2.2238E-03
  2.8290E+02  3.1969E-02 -2.2176E-03
  2.8305E+02  3.1938E-02 -2.2117E-03
  2.8320E+02  3.1909E-02 -2.2061E-03
  2.8336E+02  3.1883E-02 -2.2007E-03
  2.8351E+02  3.1858E-02 -2.1956E-03
  2.8366E+02  3.1837E-02 -2.1908E-03
  2.8382E+02  3.1818E-02 -2.1863E-03
  2.8397E+02  3.1803E-02 -2.1822E-03
  2.8412E+02  3.1791E-02 -2.1783E-03
  2.8427E+02  3.1782E-02 -2.1748E-03
  2.8443E+02  3.1777E-02 -2.1717E-03
  2.8458E+02  3.1775E-02 -2.1689E-03
  2.8473E+02  3.1778E-02 -2.1664E-03
  2.8489E+02  3.1784E-02 -2.1644E-03
  2.8504E+02  3.1795E-02 -2.1627E-03
  2.8519E+02  3.1810E-02 -2.1614E-03
  2.8535E+02  3.1829E-02 -2.1605E-03
  2.8550E+02  3.1851E-02 -2.1600E-03
  2.8565E+02  3.1878E-02 -2.1599E-03
  2.8580E+02  3.1909E-02 -2.1602E-03
  2.8596E+02  3.1944E-02 -2.1609E-03
  2.8611E+02  3.1982E-02 -2.1620E-03
  2.8626E+02  3.2024E-02 -2.1635E-03
  2.8642E+02  3.2069E-02 -2.1654E-03
  2.8657E+02  3.2117E-02 -2.1678E-03
  2.8672E+02  3.2168E-02 -2.1705E-03
  2.8688E+02  3.2222E-02 -2.1736E-03
  2.8703E+02  3.2277E-02 -2.1772E-03
  2.8718E+02  3.2335E-02 -2.1811E-03
  2.8733E+02  3.2394E-02 -2.1854E-03
  2.8749E+02  3.2454E-02 -2.1901E-03
  2.8764E+02  3.2515E-02 -2.1951E-03
  2.8779E+02  3.2576E-02 -2.2005E-03
  2.8795E+02  3.2637E-02 -2.2063E-03
  2.8810E+02  3.2699E-02 -2.2124E-03
  2.8825E+02  3.2759E-02 -2.2189E-03
  2.8841E+02  3.2819E-02 -2.2256E-03
  2.8856E+02  3.2877E-02 -2.2326E-03
  2.8871E+02  3.2933E-02 -2.2400E-03
  2.8886E+02  3.2988E-02 -2.2476E-03
  2.8902E+02  3.3041E-02 -2.2554E-03
  2.8917E+02  3.3091E-02 -2.2635E-03
  2.8932E+02  3.3139E-02 -2.2718E-03
  2.8948E+02  3.3183E-02 -2.2803E-03
  2.8963E+02  3.3225E-02 -2.2890E-03
  2.8978E+02  3.3264E-02 -2.2979E-03
  2.8994E+02  3.3300E-02 -2.3069E-03
  2.9009E+02  3.3332E-02 -2.3160E-03
  2.9024E+02  3.3361E-02 -2.3252E-03
  2.9039E+02  3.3387E-02 -2.3345E-03
  2.9055E+02  3.3410E-02 -2.3439E-03
  2.9070E+02  3.3430E-02 -2.3533E-03
  2.9085E+02  3.3446E-02 -2.3627E-03
  2.9101E+02  3.3460E-02 -2.3721E-03
  2.9116E+02  3.3470E-02 -2.3815E-03
  2.9131E+02  3.3478E-02 -2.3908E-03
  2.9147E+02  3.3484E-02 -2.4001E-03
  2.9162E+02  3.3486E-02 -2.4093E-03
  2.9177E+02  3.3487E-02 -2.4184E-03
  2.9192E+02  3.3486E-02 -2.4274E-03
  2.9208E+02  3.3482E-02 -2.4362E-03
  2.9223E+02  3.3477E-02 -2.4449E-03
  2.9238E+02  3.3470E-02 -2.4534E-03
  2.9254E+02  3.3462E-02 -2.4617E-03
  2.9269E+02  3.3453E-02 -2.4698E-03
  2.9284E+02  3.3442E-02 -2.4776E-03
  2.9300E+02  3.3431E-02 -2.4853E-03
  2.9315E+02  3.3418E-02 -2.4926E-03
  2.9330E+02  3.3405E-02 -2.4997E-03
  2.9345E+02  3.3392E-02 -2.5066E-03
  2.9361E+02  3.3377E-02 -2.5131E-03
  2.9376E+02  3.3363E-02 -2.5193E-03
  2.9391E+02  3.3348E-02 -2.5252E-03
  2.9407E+02  3.3332E-02 -2.5308E-03
  2.9422E+02  3.3317E-02 -2.5361E-03
  2.9437E+02  3.3301E-02 -2.5410E-03
  2.9453E+02  3.3284E-02 -2.5455E-03
  2.9468E+02  3.3268E-02 -2.5497E-03
  2.9483E+02  3.3251E-02 -2.5535E-03
  2.9498E+02  3.3234E-02 -2.5570E-03
  2.9514E+02  3.3217E-02 -2.5601E-03
  2.9529E+02  3.3200E-02 -2.5628E-03
  2.9544E+02  3.3182E-02 -2.5651E-03
  2.9560E+02  3.3165E-02 -2.5671E-03
  2.9575E+02  3.3147E-02 -2.5686E-03
  2.9590E+02  3.3128E-02 -2.5698E-03
  2.9606E+02  3.3109E-02 -2.5706E-03
  2.9621E+02  3.3090E-02 -2.5710E-03
  2.9636E+02  3.3071E-02 -2.5711E-03
  2.9651E+02  3.3051E-02 -2.5707E-03
  2.9667E+02  3.3031E-02 -2.5700E-03
  2.9682E+02  3.3010E-02 -2.5690E-03
  2.9697E+02  3.2988E-02 -2.5675E-03
  2.9713E+02  3.2966E-02 -2.5658E-03
  2.9728E+02  3.2944E-02 -2.5637E-03
  2.9743E+02  3.2921E-02 -2.5612E-03
  2.9759E+02  3.2897E-02 -2.5584E-03
  2.9774E+02  3.2872E-02 -2.5553E-03
  2.9789E+02  3.2847E-02 -2.5519E-03
  2.9804E+02  3.2821E-02 -2.5482E-03
  2.9820E+02  3.2794E-02 -2.5442E-03
  2.9835E+02  3.2766E-02 -2.5400E-03
  2.9850E+02  3.2737E-02 -2.5354E-03
  2.9866E+02  3.2707E-02 -2.5307E-03
  2.9881E+02  3.2677E-02 -2.5256E-03
  2.9896E+02  3.2645E-02 -2.5204E-03
  2.9912E+02  3.2612E-02 -2.5149E-03
  2.9927E+02  3.2579E-02 -2.5093E-03
  2.9942E+02  3.2544E-02 -2.5035E-03
  2.9957E+02  3.2509E-02 -2.4975E-03
  2.9973E+02  3.2472E-02 -2.4913E-03
  2.9988E+02  3.2435E-02 -2.4850E-03
  3.0000E+02  3.2405E-02 -2.4800E-03
