# CREATED BY GENE DIAGNOSTICS TOOL on Fri Dec 11 19:26:24 2020
# diag: timetrace, run(s): 0029, time window: 0-1500(1592 steps), species: ions
# original data path: /marconi_scratch/userexternal/cmoreno0/GAM_HP_scan/LHD_s0.25_alpha-0_npol3_nz0768/
# normalization: L_ref=1.65m
#
#  t          Re[phi]     Im[phi]   
  0.0000E+00  9.9998E-01  0.0000E+00
  9.4300E-01  9.0227E-01 -6.0109E-04
  1.8860E+00  7.8853E-01 -1.1438E-03
  2.8290E+00  6.5750E-01 -1.6145E-03
  3.7720E+00  5.2148E-01 -1.9462E-03
  4.7150E+00  4.0362E-01 -2.1089E-03
  5.6580E+00  3.0916E-01 -2.0991E-03
  6.6010E+00  2.3815E-01 -1.9538E-03
  7.5440E+00  1.8713E-01 -1.7173E-03
  8.4870E+00  1.5138E-01 -1.4476E-03
  9.4300E+00  1.2661E-01 -1.1791E-03
  1.0373E+01  1.0925E-01 -9.4596E-04
  1.1316E+01  9.6900E-02 -7.5746E-04
  1.2259E+01  8.8421E-02 -6.1835E-04
  1.3202E+01  8.2141E-02 -4.8208E-04
  1.4145E+01  7.5382E-02 -4.2462E-04
  1.5088E+01  6.9559E-02 -3.0343E-04
  1.6031E+01  6.7793E-02 -2.2308E-04
  1.6974E+01  6.5496E-02 -1.5787E-04
  1.7917E+01  6.4794E-02 -1.6922E-04
  1.8860E+01  6.3836E-02 -2.4504E-04
  1.9803E+01  6.4906E-02 -4.0878E-04
  2.0746E+01  6.6419E-02 -6.2504E-04
  2.1689E+01  6.7152E-02 -8.8932E-04
  2.2632E+01  6.7069E-02 -1.1247E-03
  2.3575E+01  6.5122E-02 -1.2881E-03
  2.4518E+01  6.0825E-02 -1.3669E-03
  2.5461E+01  5.4194E-02 -1.3326E-03
  2.6404E+01  4.5518E-02 -1.1903E-03
  2.7347E+01  3.5317E-02 -9.6396E-04
  2.8290E+01  2.4324E-02 -6.8691E-04
  2.9233E+01  1.3689E-02 -3.7143E-04
  3.0176E+01  3.5356E-03 -6.1891E-05
  3.1119E+01 -5.4215E-03  2.1762E-04
  3.2062E+01 -1.3080E-02  4.3927E-04
  3.3005E+01 -1.8721E-02  6.2479E-04
  3.3948E+01 -2.2229E-02  7.2913E-04
  3.4891E+01 -2.3982E-02  7.8689E-04
  3.5834E+01 -2.3956E-02  7.7011E-04
  3.6777E+01 -2.2983E-02  7.3897E-04
  3.7720E+01 -2.0949E-02  6.6796E-04
  3.8663E+01 -1.8590E-02  5.3802E-04
  3.9606E+01 -1.5232E-02  4.5008E-04
  4.0549E+01 -1.1399E-02  3.0704E-04
  4.1492E+01 -7.0214E-03  1.7368E-04
  4.2435E+01 -2.3023E-03  3.8743E-05
  4.3378E+01  2.5579E-03 -1.0342E-04
  4.4321E+01  6.9676E-03 -2.4753E-04
  4.5264E+01  1.1333E-02 -3.7816E-04
  4.6207E+01  1.5113E-02 -5.1511E-04
  4.7150E+01  1.8755E-02 -6.2796E-04
  4.8093E+01  2.2181E-02 -7.4490E-04
  4.9036E+01  2.5476E-02 -8.5418E-04
  4.9979E+01  2.8879E-02 -9.6400E-04
  5.0922E+01  3.2043E-02 -1.0594E-03
  5.1865E+01  3.4995E-02 -1.1357E-03
  5.2808E+01  3.7864E-02 -1.2070E-03
  5.3751E+01  4.0554E-02 -1.2876E-03
  5.4694E+01  4.3167E-02 -1.3599E-03
  5.5637E+01  4.5551E-02 -1.4279E-03
  5.6580E+01  4.7539E-02 -1.4799E-03
  5.7523E+01  4.9257E-02 -1.5209E-03
  5.8466E+01  5.0875E-02 -1.5572E-03
  5.9409E+01  5.2404E-02 -1.6027E-03
  6.0352E+01  5.3726E-02 -1.6422E-03
  6.1295E+01  5.4790E-02 -1.6589E-03
  6.2238E+01  5.5523E-02 -1.6537E-03
  6.3181E+01  5.5922E-02 -1.6294E-03
  6.4124E+01  5.6183E-02 -1.6073E-03
  6.5067E+01  5.6419E-02 -1.5881E-03
  6.6010E+01  5.6638E-02 -1.5754E-03
  6.6953E+01  5.6734E-02 -1.5597E-03
  6.7896E+01  5.6650E-02 -1.5367E-03
  6.8839E+01  5.6288E-02 -1.4981E-03
  6.9782E+01  5.5698E-02 -1.4493E-03
  7.0725E+01  5.5002E-02 -1.3934E-03
  7.1668E+01  5.4319E-02 -1.3423E-03
  7.2611E+01  5.3721E-02 -1.2979E-03
  7.3554E+01  5.3184E-02 -1.2691E-03
  7.4497E+01  5.2624E-02 -1.2473E-03
  7.5440E+01  5.2019E-02 -1.2298E-03
  7.6383E+01  5.1330E-02 -1.2126E-03
  7.7326E+01  5.0561E-02 -1.1873E-03
  7.8269E+01  4.9824E-02 -1.1612E-03
  7.9212E+01  4.9131E-02 -1.1329E-03
  8.0155E+01  4.8531E-02 -1.1109E-03
  8.1098E+01  4.8032E-02 -1.0981E-03
  8.2041E+01  4.7631E-02 -1.0969E-03
  8.2984E+01  4.7306E-02 -1.1051E-03
  8.3927E+01  4.7045E-02 -1.1188E-03
  8.4870E+01  4.6846E-02 -1.1347E-03
  8.5813E+01  4.6695E-02 -1.1481E-03
  8.6756E+01  4.6578E-02 -1.1617E-03
  8.7699E+01  4.6435E-02 -1.1723E-03
  8.8642E+01  4.6254E-02 -1.1833E-03
  8.9585E+01  4.5988E-02 -1.1937E-03
  9.0528E+01  4.5663E-02 -1.2064E-03
  9.1471E+01  4.5290E-02 -1.2213E-03
  9.2414E+01  4.4898E-02 -1.2375E-03
  9.3357E+01  4.4513E-02 -1.2548E-03
  9.4300E+01  4.4165E-02 -1.2750E-03
  9.5243E+01  4.3857E-02 -1.2962E-03
  9.6186E+01  4.3597E-02 -1.3197E-03
  9.7129E+01  4.3379E-02 -1.3446E-03
  9.8072E+01  4.3186E-02 -1.3692E-03
  9.9015E+01  4.3023E-02 -1.3943E-03
  9.9958E+01  4.2900E-02 -1.4193E-03
  1.0090E+02  4.2840E-02 -1.4443E-03
  1.0184E+02  4.2854E-02 -1.4671E-03
  1.0279E+02  4.2949E-02 -1.4878E-03
  1.0373E+02  4.3120E-02 -1.5064E-03
  1.0467E+02  4.3363E-02 -1.5240E-03
  1.0562E+02  4.3671E-02 -1.5405E-03
  1.0656E+02  4.4051E-02 -1.5565E-03
  1.0750E+02  4.4510E-02 -1.5725E-03
  1.0845E+02  4.5047E-02 -1.5889E-03
  1.0939E+02  4.5646E-02 -1.6062E-03
  1.1033E+02  4.6275E-02 -1.6236E-03
  1.1127E+02  4.6907E-02 -1.6412E-03
  1.1222E+02  4.7514E-02 -1.6575E-03
  1.1316E+02  4.8086E-02 -1.6724E-03
  1.1410E+02  4.8617E-02 -1.6858E-03
  1.1505E+02  4.9104E-02 -1.6974E-03
  1.1599E+02  4.9539E-02 -1.7072E-03
  1.1693E+02  4.9909E-02 -1.7148E-03
  1.1788E+02  5.0209E-02 -1.7210E-03
  1.1882E+02  5.0431E-02 -1.7263E-03
  1.1976E+02  5.0578E-02 -1.7313E-03
  1.2070E+02  5.0660E-02 -1.7365E-03
  1.2165E+02  5.0683E-02 -1.7417E-03
  1.2259E+02  5.0643E-02 -1.7466E-03
  1.2353E+02  5.0533E-02 -1.7511E-03
  1.2448E+02  5.0351E-02 -1.7553E-03
  1.2542E+02  5.0095E-02 -1.7591E-03
  1.2636E+02  4.9778E-02 -1.7632E-03
  1.2731E+02  4.9410E-02 -1.7672E-03
  1.2825E+02  4.9005E-02 -1.7713E-03
  1.2919E+02  4.8569E-02 -1.7753E-03
  1.3013E+02  4.8106E-02 -1.7793E-03
  1.3108E+02  4.7616E-02 -1.7831E-03
  1.3202E+02  4.7102E-02 -1.7871E-03
  1.3296E+02  4.6569E-02 -1.7913E-03
  1.3391E+02  4.6026E-02 -1.7959E-03
  1.3485E+02  4.5480E-02 -1.8009E-03
  1.3579E+02  4.4936E-02 -1.8062E-03
  1.3674E+02  4.4404E-02 -1.8118E-03
  1.3768E+02  4.3884E-02 -1.8175E-03
  1.3862E+02  4.3375E-02 -1.8233E-03
  1.3956E+02  4.2878E-02 -1.8291E-03
  1.4051E+02  4.2394E-02 -1.8350E-03
  1.4145E+02  4.1929E-02 -1.8412E-03
  1.4239E+02  4.1494E-02 -1.8477E-03
  1.4334E+02  4.1098E-02 -1.8546E-03
  1.4428E+02  4.0748E-02 -1.8619E-03
  1.4522E+02  4.0443E-02 -1.8695E-03
  1.4617E+02  4.0184E-02 -1.8775E-03
  1.4711E+02  3.9971E-02 -1.8860E-03
  1.4805E+02  3.9802E-02 -1.8950E-03
  1.4899E+02  3.9679E-02 -1.9044E-03
  1.4994E+02  3.9599E-02 -1.9145E-03
  1.5088E+02  3.9556E-02 -1.9253E-03
  1.5182E+02  3.9551E-02 -1.9366E-03
  1.5277E+02  3.9582E-02 -1.9485E-03
  1.5371E+02  3.9649E-02 -1.9608E-03
  1.5465E+02  3.9749E-02 -1.9734E-03
  1.5560E+02  3.9881E-02 -1.9864E-03
  1.5654E+02  4.0042E-02 -1.9997E-03
  1.5748E+02  4.0226E-02 -2.0134E-03
  1.5842E+02  4.0429E-02 -2.0274E-03
  1.5937E+02  4.0650E-02 -2.0417E-03
  1.6031E+02  4.0887E-02 -2.0561E-03
  1.6125E+02  4.1139E-02 -2.0706E-03
  1.6220E+02  4.1408E-02 -2.0851E-03
  1.6314E+02  4.1693E-02 -2.0994E-03
  1.6408E+02  4.1990E-02 -2.1136E-03
  1.6503E+02  4.2292E-02 -2.1275E-03
  1.6597E+02  4.2591E-02 -2.1413E-03
  1.6691E+02  4.2885E-02 -2.1548E-03
  1.6785E+02  4.3176E-02 -2.1681E-03
  1.6880E+02  4.3470E-02 -2.1810E-03
  1.6974E+02  4.3764E-02 -2.1937E-03
  1.7068E+02  4.4052E-02 -2.2060E-03
  1.7163E+02  4.4327E-02 -2.2180E-03
  1.7257E+02  4.4583E-02 -2.2295E-03
  1.7351E+02  4.4818E-02 -2.2406E-03
  1.7446E+02  4.5038E-02 -2.2514E-03
  1.7540E+02  4.5248E-02 -2.2617E-03
  1.7634E+02  4.5445E-02 -2.2717E-03
  1.7728E+02  4.5625E-02 -2.2814E-03
  1.7823E+02  4.5788E-02 -2.2906E-03
  1.7917E+02  4.5931E-02 -2.2996E-03
  1.8011E+02  4.6058E-02 -2.3082E-03
  1.8106E+02  4.6172E-02 -2.3165E-03
  1.8200E+02  4.6272E-02 -2.3245E-03
  1.8294E+02  4.6356E-02 -2.3323E-03
  1.8389E+02  4.6424E-02 -2.3400E-03
  1.8483E+02  4.6475E-02 -2.3474E-03
  1.8577E+02  4.6509E-02 -2.3547E-03
  1.8671E+02  4.6530E-02 -2.3618E-03
  1.8766E+02  4.6541E-02 -2.3688E-03
  1.8860E+02  4.6540E-02 -2.3757E-03
  1.8954E+02  4.6526E-02 -2.3826E-03
  1.9049E+02  4.6498E-02 -2.3894E-03
  1.9143E+02  4.6456E-02 -2.3962E-03
  1.9237E+02  4.6402E-02 -2.4031E-03
  1.9332E+02  4.6342E-02 -2.4100E-03
  1.9426E+02  4.6283E-02 -2.4169E-03
  1.9520E+02  4.6226E-02 -2.4240E-03
  1.9614E+02  4.6170E-02 -2.4313E-03
  1.9709E+02  4.6112E-02 -2.4387E-03
  1.9803E+02  4.6051E-02 -2.4463E-03
  1.9897E+02  4.5987E-02 -2.4541E-03
  1.9992E+02  4.5927E-02 -2.4622E-03
  2.0086E+02  4.5873E-02 -2.4705E-03
  2.0180E+02  4.5825E-02 -2.4791E-03
  2.0275E+02  4.5780E-02 -2.4879E-03
  2.0369E+02  4.5734E-02 -2.4969E-03
  2.0463E+02  4.5686E-02 -2.5062E-03
  2.0557E+02  4.5641E-02 -2.5157E-03
  2.0652E+02  4.5599E-02 -2.5254E-03
  2.0746E+02  4.5561E-02 -2.5353E-03
  2.0840E+02  4.5525E-02 -2.5455E-03
  2.0935E+02  4.5489E-02 -2.5557E-03
  2.1029E+02  4.5453E-02 -2.5662E-03
  2.1123E+02  4.5415E-02 -2.5767E-03
  2.1218E+02  4.5379E-02 -2.5873E-03
  2.1312E+02  4.5344E-02 -2.5981E-03
  2.1406E+02  4.5304E-02 -2.6088E-03
  2.1500E+02  4.5258E-02 -2.6197E-03
  2.1595E+02  4.5207E-02 -2.6305E-03
  2.1689E+02  4.5151E-02 -2.6413E-03
  2.1783E+02  4.5090E-02 -2.6521E-03
  2.1878E+02  4.5025E-02 -2.6629E-03
  2.1972E+02  4.4956E-02 -2.6736E-03
  2.2066E+02  4.4881E-02 -2.6843E-03
  2.2161E+02  4.4799E-02 -2.6948E-03
  2.2255E+02  4.4710E-02 -2.7053E-03
  2.2349E+02  4.4616E-02 -2.7156E-03
  2.2443E+02  4.4517E-02 -2.7258E-03
  2.2538E+02  4.4417E-02 -2.7358E-03
  2.2632E+02  4.4315E-02 -2.7457E-03
  2.2726E+02  4.4211E-02 -2.7554E-03
  2.2821E+02  4.4102E-02 -2.7649E-03
  2.2915E+02  4.3988E-02 -2.7742E-03
  2.3009E+02  4.3869E-02 -2.7833E-03
  2.3104E+02  4.3748E-02 -2.7922E-03
  2.3198E+02  4.3628E-02 -2.8009E-03
  2.3292E+02  4.3508E-02 -2.8093E-03
  2.3386E+02  4.3388E-02 -2.8176E-03
  2.3481E+02  4.3267E-02 -2.8258E-03
  2.3575E+02  4.3145E-02 -2.8337E-03
  2.3669E+02  4.3022E-02 -2.8415E-03
  2.3764E+02  4.2902E-02 -2.8491E-03
  2.3858E+02  4.2787E-02 -2.8565E-03
  2.3952E+02  4.2675E-02 -2.8638E-03
  2.4047E+02  4.2567E-02 -2.8710E-03
  2.4141E+02  4.2462E-02 -2.8781E-03
  2.4235E+02  4.2360E-02 -2.8851E-03
  2.4329E+02  4.2261E-02 -2.8920E-03
  2.4424E+02  4.2167E-02 -2.8989E-03
  2.4518E+02  4.2076E-02 -2.9057E-03
  2.4612E+02  4.1989E-02 -2.9124E-03
  2.4707E+02  4.1903E-02 -2.9192E-03
  2.4801E+02  4.1818E-02 -2.9259E-03
  2.4895E+02  4.1732E-02 -2.9326E-03
  2.4990E+02  4.1645E-02 -2.9392E-03
  2.5084E+02  4.1557E-02 -2.9459E-03
  2.5178E+02  4.1466E-02 -2.9526E-03
  2.5272E+02  4.1371E-02 -2.9593E-03
  2.5367E+02  4.1271E-02 -2.9660E-03
  2.5461E+02  4.1168E-02 -2.9727E-03
  2.5555E+02  4.1060E-02 -2.9794E-03
  2.5650E+02  4.0949E-02 -2.9862E-03
  2.5744E+02  4.0836E-02 -2.9929E-03
  2.5838E+02  4.0720E-02 -2.9997E-03
  2.5933E+02  4.0601E-02 -3.0065E-03
  2.6027E+02  4.0479E-02 -3.0133E-03
  2.6121E+02  4.0355E-02 -3.0201E-03
  2.6215E+02  4.0229E-02 -3.0270E-03
  2.6310E+02  4.0104E-02 -3.0339E-03
  2.6404E+02  3.9978E-02 -3.0408E-03
  2.6498E+02  3.9851E-02 -3.0477E-03
  2.6593E+02  3.9721E-02 -3.0547E-03
  2.6687E+02  3.9590E-02 -3.0617E-03
  2.6781E+02  3.9457E-02 -3.0687E-03
  2.6876E+02  3.9324E-02 -3.0757E-03
  2.6970E+02  3.9192E-02 -3.0827E-03
  2.7064E+02  3.9061E-02 -3.0898E-03
  2.7158E+02  3.8931E-02 -3.0968E-03
  2.7253E+02  3.8803E-02 -3.1039E-03
  2.7347E+02  3.8677E-02 -3.1110E-03
  2.7441E+02  3.8555E-02 -3.1180E-03
  2.7536E+02  3.8438E-02 -3.1251E-03
  2.7630E+02  3.8327E-02 -3.1322E-03
  2.7724E+02  3.8221E-02 -3.1392E-03
  2.7819E+02  3.8123E-02 -3.1463E-03
  2.7913E+02  3.8031E-02 -3.1534E-03
  2.8007E+02  3.7947E-02 -3.1604E-03
  2.8101E+02  3.7870E-02 -3.1675E-03
  2.8196E+02  3.7801E-02 -3.1746E-03
  2.8290E+02  3.7739E-02 -3.1817E-03
  2.8384E+02  3.7684E-02 -3.1888E-03
  2.8479E+02  3.7636E-02 -3.1959E-03
  2.8573E+02  3.7595E-02 -3.2031E-03
  2.8667E+02  3.7559E-02 -3.2102E-03
  2.8761E+02  3.7528E-02 -3.2173E-03
  2.8856E+02  3.7502E-02 -3.2245E-03
  2.8950E+02  3.7479E-02 -3.2316E-03
  2.9044E+02  3.7459E-02 -3.2387E-03
  2.9139E+02  3.7441E-02 -3.2459E-03
  2.9233E+02  3.7425E-02 -3.2530E-03
  2.9327E+02  3.7410E-02 -3.2601E-03
  2.9422E+02  3.7395E-02 -3.2671E-03
  2.9516E+02  3.7382E-02 -3.2742E-03
  2.9610E+02  3.7370E-02 -3.2812E-03
  2.9704E+02  3.7357E-02 -3.2882E-03
  2.9799E+02  3.7344E-02 -3.2952E-03
  2.9893E+02  3.7331E-02 -3.3022E-03
  2.9987E+02  3.7320E-02 -3.3091E-03
  3.0082E+02  3.7311E-02 -3.3160E-03
  3.0176E+02  3.7304E-02 -3.3229E-03
  3.0270E+02  3.7299E-02 -3.3297E-03
  3.0365E+02  3.7295E-02 -3.3366E-03
  3.0459E+02  3.7293E-02 -3.3434E-03
  3.0553E+02  3.7292E-02 -3.3502E-03
  3.0647E+02  3.7294E-02 -3.3570E-03
  3.0742E+02  3.7297E-02 -3.3638E-03
  3.0836E+02  3.7300E-02 -3.3705E-03
  3.0930E+02  3.7304E-02 -3.3773E-03
  3.1025E+02  3.7307E-02 -3.3840E-03
  3.1119E+02  3.7309E-02 -3.3907E-03
  3.1213E+02  3.7309E-02 -3.3973E-03
  3.1308E+02  3.7306E-02 -3.4040E-03
  3.1402E+02  3.7301E-02 -3.4106E-03
  3.1496E+02  3.7292E-02 -3.4172E-03
  3.1590E+02  3.7280E-02 -3.4237E-03
  3.1685E+02  3.7264E-02 -3.4303E-03
  3.1779E+02  3.7244E-02 -3.4368E-03
  3.1873E+02  3.7221E-02 -3.4432E-03
  3.1968E+02  3.7195E-02 -3.4496E-03
  3.2062E+02  3.7167E-02 -3.4560E-03
  3.2156E+02  3.7136E-02 -3.4624E-03
  3.2251E+02  3.7104E-02 -3.4688E-03
  3.2345E+02  3.7070E-02 -3.4751E-03
  3.2439E+02  3.7036E-02 -3.4815E-03
  3.2533E+02  3.7003E-02 -3.4878E-03
  3.2628E+02  3.6970E-02 -3.4941E-03
  3.2722E+02  3.6938E-02 -3.5005E-03
  3.2816E+02  3.6908E-02 -3.5068E-03
  3.2911E+02  3.6879E-02 -3.5132E-03
  3.3005E+02  3.6851E-02 -3.5195E-03
  3.3099E+02  3.6826E-02 -3.5259E-03
  3.3194E+02  3.6802E-02 -3.5324E-03
  3.3288E+02  3.6780E-02 -3.5388E-03
  3.3382E+02  3.6761E-02 -3.5453E-03
  3.3476E+02  3.6743E-02 -3.5518E-03
  3.3571E+02  3.6727E-02 -3.5583E-03
  3.3665E+02  3.6712E-02 -3.5649E-03
  3.3759E+02  3.6699E-02 -3.5714E-03
  3.3854E+02  3.6687E-02 -3.5780E-03
  3.3948E+02  3.6676E-02 -3.5846E-03
  3.4042E+02  3.6666E-02 -3.5912E-03
  3.4137E+02  3.6655E-02 -3.5978E-03
  3.4231E+02  3.6645E-02 -3.6044E-03
  3.4325E+02  3.6633E-02 -3.6110E-03
  3.4419E+02  3.6622E-02 -3.6176E-03
  3.4514E+02  3.6609E-02 -3.6242E-03
  3.4608E+02  3.6595E-02 -3.6308E-03
  3.4702E+02  3.6579E-02 -3.6374E-03
  3.4797E+02  3.6562E-02 -3.6439E-03
  3.4891E+02  3.6543E-02 -3.6505E-03
  3.4985E+02  3.6522E-02 -3.6570E-03
  3.5080E+02  3.6500E-02 -3.6635E-03
  3.5174E+02  3.6476E-02 -3.6700E-03
  3.5268E+02  3.6451E-02 -3.6765E-03
  3.5362E+02  3.6425E-02 -3.6829E-03
  3.5457E+02  3.6398E-02 -3.6893E-03
  3.5551E+02  3.6370E-02 -3.6957E-03
  3.5645E+02  3.6342E-02 -3.7020E-03
  3.5740E+02  3.6313E-02 -3.7084E-03
  3.5834E+02  3.6285E-02 -3.7146E-03
  3.5928E+02  3.6257E-02 -3.7209E-03
  3.6023E+02  3.6229E-02 -3.7271E-03
  3.6117E+02  3.6201E-02 -3.7333E-03
  3.6211E+02  3.6174E-02 -3.7394E-03
  3.6305E+02  3.6148E-02 -3.7455E-03
  3.6400E+02  3.6122E-02 -3.7516E-03
  3.6494E+02  3.6096E-02 -3.7576E-03
  3.6588E+02  3.6070E-02 -3.7636E-03
  3.6683E+02  3.6045E-02 -3.7696E-03
  3.6777E+02  3.6019E-02 -3.7755E-03
  3.6871E+02  3.5994E-02 -3.7814E-03
  3.6966E+02  3.5968E-02 -3.7872E-03
  3.7060E+02  3.5942E-02 -3.7930E-03
  3.7154E+02  3.5915E-02 -3.7988E-03
  3.7248E+02  3.5888E-02 -3.8045E-03
  3.7343E+02  3.5860E-02 -3.8102E-03
  3.7437E+02  3.5831E-02 -3.8158E-03
  3.7531E+02  3.5801E-02 -3.8214E-03
  3.7626E+02  3.5771E-02 -3.8270E-03
  3.7720E+02  3.5739E-02 -3.8326E-03
  3.7814E+02  3.5707E-02 -3.8381E-03
  3.7909E+02  3.5674E-02 -3.8436E-03
  3.8003E+02  3.5640E-02 -3.8491E-03
  3.8097E+02  3.5604E-02 -3.8546E-03
  3.8191E+02  3.5569E-02 -3.8601E-03
  3.8286E+02  3.5532E-02 -3.8655E-03
  3.8380E+02  3.5495E-02 -3.8710E-03
  3.8474E+02  3.5457E-02 -3.8764E-03
  3.8569E+02  3.5418E-02 -3.8819E-03
  3.8663E+02  3.5379E-02 -3.8873E-03
  3.8757E+02  3.5339E-02 -3.8928E-03
  3.8852E+02  3.5299E-02 -3.8982E-03
  3.8946E+02  3.5258E-02 -3.9036E-03
  3.9040E+02  3.5216E-02 -3.9090E-03
  3.9134E+02  3.5173E-02 -3.9144E-03
  3.9229E+02  3.5130E-02 -3.9198E-03
  3.9323E+02  3.5086E-02 -3.9252E-03
  3.9417E+02  3.5041E-02 -3.9306E-03
  3.9512E+02  3.4995E-02 -3.9359E-03
  3.9606E+02  3.4948E-02 -3.9412E-03
  3.9700E+02  3.4900E-02 -3.9465E-03
  3.9795E+02  3.4852E-02 -3.9518E-03
  3.9889E+02  3.4803E-02 -3.9571E-03
  3.9983E+02  3.4754E-02 -3.9624E-03
  4.0077E+02  3.4705E-02 -3.9676E-03
  4.0172E+02  3.4655E-02 -3.9728E-03
  4.0266E+02  3.4605E-02 -3.9781E-03
  4.0360E+02  3.4555E-02 -3.9833E-03
  4.0455E+02  3.4505E-02 -3.9884E-03
  4.0549E+02  3.4456E-02 -3.9936E-03
  4.0643E+02  3.4406E-02 -3.9988E-03
  4.0738E+02  3.4357E-02 -4.0039E-03
  4.0832E+02  3.4309E-02 -4.0091E-03
  4.0926E+02  3.4260E-02 -4.0142E-03
  4.1020E+02  3.4212E-02 -4.0194E-03
  4.1115E+02  3.4164E-02 -4.0245E-03
  4.1209E+02  3.4116E-02 -4.0296E-03
  4.1303E+02  3.4069E-02 -4.0347E-03
  4.1398E+02  3.4022E-02 -4.0398E-03
  4.1492E+02  3.3975E-02 -4.0449E-03
  4.1586E+02  3.3929E-02 -4.0500E-03
  4.1681E+02  3.3882E-02 -4.0551E-03
  4.1775E+02  3.3836E-02 -4.0602E-03
  4.1869E+02  3.3790E-02 -4.0653E-03
  4.1963E+02  3.3745E-02 -4.0703E-03
  4.2058E+02  3.3699E-02 -4.0754E-03
  4.2152E+02  3.3654E-02 -4.0804E-03
  4.2246E+02  3.3609E-02 -4.0855E-03
  4.2341E+02  3.3565E-02 -4.0905E-03
  4.2435E+02  3.3520E-02 -4.0955E-03
  4.2529E+02  3.3476E-02 -4.1005E-03
  4.2624E+02  3.3433E-02 -4.1055E-03
  4.2718E+02  3.3389E-02 -4.1105E-03
  4.2812E+02  3.3346E-02 -4.1155E-03
  4.2906E+02  3.3303E-02 -4.1205E-03
  4.3001E+02  3.3260E-02 -4.1255E-03
  4.3095E+02  3.3217E-02 -4.1305E-03
  4.3189E+02  3.3175E-02 -4.1355E-03
  4.3284E+02  3.3132E-02 -4.1404E-03
  4.3378E+02  3.3090E-02 -4.1454E-03
  4.3472E+02  3.3047E-02 -4.1503E-03
  4.3567E+02  3.3005E-02 -4.1553E-03
  4.3661E+02  3.2963E-02 -4.1602E-03
  4.3755E+02  3.2920E-02 -4.1651E-03
  4.3849E+02  3.2878E-02 -4.1700E-03
  4.3944E+02  3.2835E-02 -4.1749E-03
  4.4038E+02  3.2793E-02 -4.1798E-03
  4.4132E+02  3.2750E-02 -4.1847E-03
  4.4227E+02  3.2707E-02 -4.1896E-03
  4.4321E+02  3.2665E-02 -4.1944E-03
  4.4415E+02  3.2622E-02 -4.1992E-03
  4.4510E+02  3.2579E-02 -4.2041E-03
  4.4604E+02  3.2536E-02 -4.2089E-03
  4.4698E+02  3.2493E-02 -4.2137E-03
  4.4792E+02  3.2450E-02 -4.2185E-03
  4.4887E+02  3.2406E-02 -4.2232E-03
  4.4981E+02  3.2363E-02 -4.2280E-03
  4.5075E+02  3.2319E-02 -4.2327E-03
  4.5170E+02  3.2276E-02 -4.2375E-03
  4.5264E+02  3.2232E-02 -4.2422E-03
  4.5358E+02  3.2188E-02 -4.2469E-03
  4.5453E+02  3.2143E-02 -4.2516E-03
  4.5547E+02  3.2099E-02 -4.2563E-03
  4.5641E+02  3.2055E-02 -4.2610E-03
  4.5735E+02  3.2010E-02 -4.2657E-03
  4.5830E+02  3.1966E-02 -4.2703E-03
  4.5924E+02  3.1922E-02 -4.2750E-03
  4.6018E+02  3.1877E-02 -4.2796E-03
  4.6113E+02  3.1833E-02 -4.2842E-03
  4.6207E+02  3.1789E-02 -4.2888E-03
  4.6301E+02  3.1746E-02 -4.2934E-03
  4.6396E+02  3.1703E-02 -4.2980E-03
  4.6490E+02  3.1660E-02 -4.3026E-03
  4.6584E+02  3.1617E-02 -4.3072E-03
  4.6678E+02  3.1576E-02 -4.3118E-03
  4.6773E+02  3.1534E-02 -4.3163E-03
  4.6867E+02  3.1493E-02 -4.3209E-03
  4.6961E+02  3.1453E-02 -4.3254E-03
  4.7056E+02  3.1413E-02 -4.3299E-03
  4.7150E+02  3.1374E-02 -4.3344E-03
  4.7244E+02  3.1335E-02 -4.3390E-03
  4.7339E+02  3.1296E-02 -4.3434E-03
  4.7433E+02  3.1258E-02 -4.3479E-03
  4.7527E+02  3.1219E-02 -4.3524E-03
  4.7621E+02  3.1181E-02 -4.3569E-03
  4.7716E+02  3.1144E-02 -4.3613E-03
  4.7810E+02  3.1106E-02 -4.3657E-03
  4.7904E+02  3.1068E-02 -4.3702E-03
  4.7999E+02  3.1030E-02 -4.3746E-03
  4.8093E+02  3.0993E-02 -4.3790E-03
  4.8187E+02  3.0956E-02 -4.3834E-03
  4.8282E+02  3.0918E-02 -4.3877E-03
  4.8376E+02  3.0882E-02 -4.3921E-03
  4.8470E+02  3.0845E-02 -4.3964E-03
  4.8564E+02  3.0808E-02 -4.4008E-03
  4.8659E+02  3.0772E-02 -4.4051E-03
  4.8753E+02  3.0737E-02 -4.4094E-03
  4.8847E+02  3.0701E-02 -4.4137E-03
  4.8942E+02  3.0666E-02 -4.4180E-03
  4.9036E+02  3.0632E-02 -4.4223E-03
  4.9130E+02  3.0598E-02 -4.4265E-03
  4.9225E+02  3.0564E-02 -4.4308E-03
  4.9319E+02  3.0530E-02 -4.4350E-03
  4.9413E+02  3.0497E-02 -4.4393E-03
  4.9507E+02  3.0465E-02 -4.4435E-03
  4.9602E+02  3.0432E-02 -4.4477E-03
  4.9696E+02  3.0400E-02 -4.4519E-03
  4.9790E+02  3.0368E-02 -4.4561E-03
  4.9885E+02  3.0337E-02 -4.4602E-03
  4.9979E+02  3.0305E-02 -4.4644E-03
  5.0073E+02  3.0274E-02 -4.4685E-03
  5.0168E+02  3.0242E-02 -4.4727E-03
  5.0262E+02  3.0211E-02 -4.4768E-03
  5.0356E+02  3.0179E-02 -4.4809E-03
  5.0450E+02  3.0148E-02 -4.4850E-03
  5.0545E+02  3.0116E-02 -4.4891E-03
  5.0639E+02  3.0084E-02 -4.4931E-03
  5.0733E+02  3.0053E-02 -4.4972E-03
  5.0828E+02  3.0021E-02 -4.5012E-03
  5.0922E+02  2.9989E-02 -4.5053E-03
  5.1016E+02  2.9958E-02 -4.5093E-03
  5.1111E+02  2.9926E-02 -4.5133E-03
  5.1205E+02  2.9895E-02 -4.5173E-03
  5.1299E+02  2.9864E-02 -4.5213E-03
  5.1393E+02  2.9833E-02 -4.5253E-03
  5.1488E+02  2.9802E-02 -4.5293E-03
  5.1582E+02  2.9771E-02 -4.5333E-03
  5.1676E+02  2.9741E-02 -4.5373E-03
  5.1771E+02  2.9711E-02 -4.5412E-03
  5.1865E+02  2.9681E-02 -4.5452E-03
  5.1959E+02  2.9652E-02 -4.5491E-03
  5.2054E+02  2.9622E-02 -4.5530E-03
  5.2148E+02  2.9593E-02 -4.5570E-03
  5.2242E+02  2.9565E-02 -4.5609E-03
  5.2336E+02  2.9536E-02 -4.5648E-03
  5.2431E+02  2.9508E-02 -4.5687E-03
  5.2525E+02  2.9480E-02 -4.5726E-03
  5.2619E+02  2.9452E-02 -4.5764E-03
  5.2714E+02  2.9424E-02 -4.5803E-03
  5.2808E+02  2.9396E-02 -4.5842E-03
  5.2902E+02  2.9369E-02 -4.5880E-03
  5.2997E+02  2.9341E-02 -4.5919E-03
  5.3091E+02  2.9313E-02 -4.5957E-03
  5.3185E+02  2.9286E-02 -4.5995E-03
  5.3279E+02  2.9258E-02 -4.6033E-03
  5.3374E+02  2.9230E-02 -4.6071E-03
  5.3468E+02  2.9202E-02 -4.6109E-03
  5.3562E+02  2.9174E-02 -4.6147E-03
  5.3657E+02  2.9147E-02 -4.6184E-03
  5.3751E+02  2.9119E-02 -4.6222E-03
  5.3845E+02  2.9091E-02 -4.6259E-03
  5.3940E+02  2.9063E-02 -4.6297E-03
  5.4034E+02  2.9035E-02 -4.6334E-03
  5.4128E+02  2.9008E-02 -4.6371E-03
  5.4222E+02  2.8980E-02 -4.6408E-03
  5.4317E+02  2.8952E-02 -4.6445E-03
  5.4411E+02  2.8925E-02 -4.6482E-03
  5.4505E+02  2.8898E-02 -4.6519E-03
  5.4600E+02  2.8870E-02 -4.6556E-03
  5.4694E+02  2.8843E-02 -4.6593E-03
  5.4788E+02  2.8817E-02 -4.6629E-03
  5.4883E+02  2.8790E-02 -4.6666E-03
  5.4977E+02  2.8763E-02 -4.6703E-03
  5.5071E+02  2.8737E-02 -4.6739E-03
  5.5165E+02  2.8710E-02 -4.6775E-03
  5.5260E+02  2.8684E-02 -4.6812E-03
  5.5354E+02  2.8658E-02 -4.6848E-03
  5.5448E+02  2.8631E-02 -4.6884E-03
  5.5543E+02  2.8605E-02 -4.6920E-03
  5.5637E+02  2.8579E-02 -4.6955E-03
  5.5731E+02  2.8552E-02 -4.6991E-03
  5.5826E+02  2.8526E-02 -4.7027E-03
  5.5920E+02  2.8499E-02 -4.7062E-03
  5.6014E+02  2.8473E-02 -4.7098E-03
  5.6108E+02  2.8447E-02 -4.7133E-03
  5.6203E+02  2.8420E-02 -4.7168E-03
  5.6297E+02  2.8394E-02 -4.7203E-03
  5.6391E+02  2.8367E-02 -4.7238E-03
  5.6486E+02  2.8341E-02 -4.7273E-03
  5.6580E+02  2.8314E-02 -4.7308E-03
  5.6674E+02  2.8288E-02 -4.7343E-03
  5.6769E+02  2.8262E-02 -4.7377E-03
  5.6863E+02  2.8235E-02 -4.7412E-03
  5.6957E+02  2.8209E-02 -4.7446E-03
  5.7051E+02  2.8183E-02 -4.7481E-03
  5.7146E+02  2.8157E-02 -4.7515E-03
  5.7240E+02  2.8131E-02 -4.7549E-03
  5.7334E+02  2.8105E-02 -4.7583E-03
  5.7429E+02  2.8079E-02 -4.7617E-03
  5.7523E+02  2.8053E-02 -4.7651E-03
  5.7617E+02  2.8028E-02 -4.7685E-03
  5.7712E+02  2.8002E-02 -4.7718E-03
  5.7806E+02  2.7976E-02 -4.7752E-03
  5.7900E+02  2.7950E-02 -4.7786E-03
  5.7994E+02  2.7924E-02 -4.7819E-03
  5.8089E+02  2.7898E-02 -4.7852E-03
  5.8183E+02  2.7872E-02 -4.7885E-03
  5.8277E+02  2.7846E-02 -4.7918E-03
  5.8372E+02  2.7820E-02 -4.7951E-03
  5.8466E+02  2.7794E-02 -4.7984E-03
  5.8560E+02  2.7767E-02 -4.8017E-03
  5.8655E+02  2.7741E-02 -4.8050E-03
  5.8749E+02  2.7715E-02 -4.8082E-03
  5.8843E+02  2.7688E-02 -4.8115E-03
  5.8937E+02  2.7661E-02 -4.8147E-03
  5.9032E+02  2.7635E-02 -4.8179E-03
  5.9126E+02  2.7608E-02 -4.8211E-03
  5.9220E+02  2.7581E-02 -4.8243E-03
  5.9315E+02  2.7554E-02 -4.8275E-03
  5.9409E+02  2.7528E-02 -4.8307E-03
  5.9503E+02  2.7501E-02 -4.8339E-03
  5.9598E+02  2.7474E-02 -4.8371E-03
  5.9692E+02  2.7448E-02 -4.8402E-03
  5.9786E+02  2.7421E-02 -4.8434E-03
  5.9880E+02  2.7395E-02 -4.8465E-03
  5.9975E+02  2.7368E-02 -4.8497E-03
  6.0069E+02  2.7342E-02 -4.8528E-03
  6.0163E+02  2.7316E-02 -4.8559E-03
  6.0258E+02  2.7290E-02 -4.8590E-03
  6.0352E+02  2.7264E-02 -4.8621E-03
  6.0446E+02  2.7238E-02 -4.8652E-03
  6.0541E+02  2.7212E-02 -4.8682E-03
  6.0635E+02  2.7186E-02 -4.8713E-03
  6.0729E+02  2.7161E-02 -4.8744E-03
  6.0823E+02  2.7135E-02 -4.8774E-03
  6.0918E+02  2.7109E-02 -4.8804E-03
  6.1012E+02  2.7083E-02 -4.8835E-03
  6.1106E+02  2.7058E-02 -4.8865E-03
  6.1201E+02  2.7032E-02 -4.8895E-03
  6.1295E+02  2.7006E-02 -4.8925E-03
  6.1389E+02  2.6980E-02 -4.8955E-03
  6.1484E+02  2.6954E-02 -4.8985E-03
  6.1578E+02  2.6928E-02 -4.9014E-03
  6.1672E+02  2.6902E-02 -4.9044E-03
  6.1766E+02  2.6876E-02 -4.9073E-03
  6.1861E+02  2.6850E-02 -4.9103E-03
  6.1955E+02  2.6824E-02 -4.9132E-03
  6.2049E+02  2.6798E-02 -4.9161E-03
  6.2144E+02  2.6772E-02 -4.9190E-03
  6.2238E+02  2.6745E-02 -4.9219E-03
  6.2332E+02  2.6719E-02 -4.9248E-03
  6.2427E+02  2.6693E-02 -4.9277E-03
  6.2521E+02  2.6667E-02 -4.9306E-03
  6.2615E+02  2.6641E-02 -4.9335E-03
  6.2709E+02  2.6615E-02 -4.9363E-03
  6.2804E+02  2.6589E-02 -4.9392E-03
  6.2898E+02  2.6563E-02 -4.9420E-03
  6.2992E+02  2.6537E-02 -4.9448E-03
  6.3087E+02  2.6511E-02 -4.9477E-03
  6.3181E+02  2.6485E-02 -4.9505E-03
  6.3275E+02  2.6459E-02 -4.9533E-03
  6.3370E+02  2.6433E-02 -4.9561E-03
  6.3464E+02  2.6408E-02 -4.9589E-03
  6.3558E+02  2.6382E-02 -4.9616E-03
  6.3652E+02  2.6356E-02 -4.9644E-03
  6.3747E+02  2.6330E-02 -4.9672E-03
  6.3841E+02  2.6304E-02 -4.9699E-03
  6.3935E+02  2.6278E-02 -4.9726E-03
  6.4030E+02  2.6252E-02 -4.9754E-03
  6.4124E+02  2.6226E-02 -4.9781E-03
  6.4218E+02  2.6201E-02 -4.9808E-03
  6.4313E+02  2.6175E-02 -4.9835E-03
  6.4407E+02  2.6149E-02 -4.9862E-03
  6.4501E+02  2.6123E-02 -4.9889E-03
  6.4595E+02  2.6097E-02 -4.9916E-03
  6.4690E+02  2.6071E-02 -4.9943E-03
  6.4784E+02  2.6045E-02 -4.9969E-03
  6.4878E+02  2.6019E-02 -4.9996E-03
  6.4973E+02  2.5993E-02 -5.0022E-03
  6.5067E+02  2.5968E-02 -5.0049E-03
  6.5161E+02  2.5942E-02 -5.0075E-03
  6.5256E+02  2.5916E-02 -5.0102E-03
  6.5350E+02  2.5891E-02 -5.0128E-03
  6.5444E+02  2.5865E-02 -5.0154E-03
  6.5538E+02  2.5840E-02 -5.0180E-03
  6.5633E+02  2.5815E-02 -5.0206E-03
  6.5727E+02  2.5790E-02 -5.0232E-03
  6.5821E+02  2.5764E-02 -5.0258E-03
  6.5916E+02  2.5739E-02 -5.0283E-03
  6.6010E+02  2.5714E-02 -5.0309E-03
  6.6104E+02  2.5690E-02 -5.0334E-03
  6.6199E+02  2.5665E-02 -5.0360E-03
  6.6293E+02  2.5640E-02 -5.0385E-03
  6.6387E+02  2.5615E-02 -5.0411E-03
  6.6481E+02  2.5591E-02 -5.0436E-03
  6.6576E+02  2.5566E-02 -5.0461E-03
  6.6670E+02  2.5542E-02 -5.0486E-03
  6.6764E+02  2.5517E-02 -5.0511E-03
  6.6859E+02  2.5493E-02 -5.0536E-03
  6.6953E+02  2.5468E-02 -5.0561E-03
  6.7047E+02  2.5444E-02 -5.0586E-03
  6.7142E+02  2.5419E-02 -5.0610E-03
  6.7236E+02  2.5395E-02 -5.0635E-03
  6.7330E+02  2.5371E-02 -5.0660E-03
  6.7424E+02  2.5346E-02 -5.0684E-03
  6.7519E+02  2.5322E-02 -5.0708E-03
  6.7613E+02  2.5298E-02 -5.0733E-03
  6.7707E+02  2.5273E-02 -5.0757E-03
  6.7802E+02  2.5249E-02 -5.0781E-03
  6.7896E+02  2.5225E-02 -5.0805E-03
  6.7990E+02  2.5201E-02 -5.0829E-03
  6.8085E+02  2.5176E-02 -5.0853E-03
  6.8179E+02  2.5152E-02 -5.0877E-03
  6.8273E+02  2.5128E-02 -5.0900E-03
  6.8367E+02  2.5104E-02 -5.0924E-03
  6.8462E+02  2.5080E-02 -5.0948E-03
  6.8556E+02  2.5056E-02 -5.0971E-03
  6.8650E+02  2.5032E-02 -5.0995E-03
  6.8745E+02  2.5008E-02 -5.1018E-03
  6.8839E+02  2.4985E-02 -5.1041E-03
  6.8933E+02  2.4961E-02 -5.1064E-03
  6.9028E+02  2.4937E-02 -5.1087E-03
  6.9122E+02  2.4913E-02 -5.1110E-03
  6.9216E+02  2.4890E-02 -5.1133E-03
  6.9310E+02  2.4866E-02 -5.1156E-03
  6.9405E+02  2.4842E-02 -5.1179E-03
  6.9499E+02  2.4819E-02 -5.1202E-03
  6.9593E+02  2.4795E-02 -5.1224E-03
  6.9688E+02  2.4772E-02 -5.1247E-03
  6.9782E+02  2.4748E-02 -5.1269E-03
  6.9876E+02  2.4725E-02 -5.1291E-03
  6.9971E+02  2.4701E-02 -5.1314E-03
  7.0065E+02  2.4678E-02 -5.1336E-03
  7.0159E+02  2.4655E-02 -5.1358E-03
  7.0253E+02  2.4632E-02 -5.1380E-03
  7.0348E+02  2.4608E-02 -5.1402E-03
  7.0442E+02  2.4585E-02 -5.1424E-03
  7.0536E+02  2.4562E-02 -5.1446E-03
  7.0631E+02  2.4539E-02 -5.1467E-03
  7.0725E+02  2.4516E-02 -5.1489E-03
  7.0819E+02  2.4493E-02 -5.1511E-03
  7.0914E+02  2.4470E-02 -5.1532E-03
  7.1008E+02  2.4447E-02 -5.1553E-03
  7.1102E+02  2.4424E-02 -5.1575E-03
  7.1196E+02  2.4401E-02 -5.1596E-03
  7.1291E+02  2.4378E-02 -5.1617E-03
  7.1385E+02  2.4355E-02 -5.1638E-03
  7.1479E+02  2.4332E-02 -5.1659E-03
  7.1574E+02  2.4309E-02 -5.1680E-03
  7.1668E+02  2.4286E-02 -5.1701E-03
  7.1762E+02  2.4263E-02 -5.1722E-03
  7.1857E+02  2.4241E-02 -5.1743E-03
  7.1951E+02  2.4218E-02 -5.1763E-03
  7.2045E+02  2.4195E-02 -5.1784E-03
  7.2139E+02  2.4172E-02 -5.1804E-03
  7.2234E+02  2.4149E-02 -5.1825E-03
  7.2328E+02  2.4127E-02 -5.1845E-03
  7.2422E+02  2.4104E-02 -5.1865E-03
  7.2517E+02  2.4081E-02 -5.1886E-03
  7.2611E+02  2.4059E-02 -5.1906E-03
  7.2705E+02  2.4036E-02 -5.1926E-03
  7.2800E+02  2.4014E-02 -5.1946E-03
  7.2894E+02  2.3991E-02 -5.1966E-03
  7.2988E+02  2.3969E-02 -5.1986E-03
  7.3082E+02  2.3947E-02 -5.2005E-03
  7.3177E+02  2.3924E-02 -5.2025E-03
  7.3271E+02  2.3902E-02 -5.2045E-03
  7.3365E+02  2.3880E-02 -5.2064E-03
  7.3460E+02  2.3858E-02 -5.2084E-03
  7.3554E+02  2.3836E-02 -5.2103E-03
  7.3648E+02  2.3814E-02 -5.2123E-03
  7.3743E+02  2.3792E-02 -5.2142E-03
  7.3837E+02  2.3770E-02 -5.2161E-03
  7.3931E+02  2.3748E-02 -5.2180E-03
  7.4025E+02  2.3726E-02 -5.2199E-03
  7.4120E+02  2.3704E-02 -5.2218E-03
  7.4214E+02  2.3682E-02 -5.2237E-03
  7.4308E+02  2.3660E-02 -5.2256E-03
  7.4403E+02  2.3638E-02 -5.2275E-03
  7.4497E+02  2.3617E-02 -5.2293E-03
  7.4591E+02  2.3595E-02 -5.2312E-03
  7.4686E+02  2.3573E-02 -5.2331E-03
  7.4780E+02  2.3551E-02 -5.2349E-03
  7.4874E+02  2.3530E-02 -5.2367E-03
  7.4968E+02  2.3508E-02 -5.2386E-03
  7.5063E+02  2.3486E-02 -5.2404E-03
  7.5157E+02  2.3464E-02 -5.2422E-03
  7.5251E+02  2.3443E-02 -5.2440E-03
  7.5346E+02  2.3421E-02 -5.2458E-03
  7.5440E+02  2.3399E-02 -5.2476E-03
  7.5534E+02  2.3378E-02 -5.2494E-03
  7.5629E+02  2.3356E-02 -5.2512E-03
  7.5723E+02  2.3335E-02 -5.2530E-03
  7.5817E+02  2.3313E-02 -5.2547E-03
  7.5911E+02  2.3292E-02 -5.2565E-03
  7.6006E+02  2.3270E-02 -5.2583E-03
  7.6100E+02  2.3249E-02 -5.2600E-03
  7.6194E+02  2.3228E-02 -5.2618E-03
  7.6289E+02  2.3206E-02 -5.2635E-03
  7.6383E+02  2.3185E-02 -5.2652E-03
  7.6477E+02  2.3164E-02 -5.2669E-03
  7.6572E+02  2.3143E-02 -5.2687E-03
  7.6666E+02  2.3122E-02 -5.2704E-03
  7.6760E+02  2.3101E-02 -5.2721E-03
  7.6854E+02  2.3079E-02 -5.2738E-03
  7.6949E+02  2.3058E-02 -5.2754E-03
  7.7043E+02  2.3037E-02 -5.2771E-03
  7.7137E+02  2.3016E-02 -5.2788E-03
  7.7232E+02  2.2995E-02 -5.2805E-03
  7.7326E+02  2.2974E-02 -5.2821E-03
  7.7420E+02  2.2953E-02 -5.2838E-03
  7.7515E+02  2.2932E-02 -5.2854E-03
  7.7609E+02  2.2911E-02 -5.2870E-03
  7.7703E+02  2.2890E-02 -5.2887E-03
  7.7797E+02  2.2869E-02 -5.2903E-03
  7.7892E+02  2.2848E-02 -5.2919E-03
  7.7986E+02  2.2827E-02 -5.2935E-03
  7.8080E+02  2.2806E-02 -5.2951E-03
  7.8175E+02  2.2785E-02 -5.2967E-03
  7.8269E+02  2.2765E-02 -5.2983E-03
  7.8363E+02  2.2744E-02 -5.2999E-03
  7.8458E+02  2.2723E-02 -5.3015E-03
  7.8552E+02  2.2702E-02 -5.3030E-03
  7.8646E+02  2.2681E-02 -5.3046E-03
  7.8740E+02  2.2660E-02 -5.3062E-03
  7.8835E+02  2.2639E-02 -5.3077E-03
  7.8929E+02  2.2619E-02 -5.3092E-03
  7.9023E+02  2.2598E-02 -5.3108E-03
  7.9118E+02  2.2577E-02 -5.3123E-03
  7.9212E+02  2.2557E-02 -5.3138E-03
  7.9306E+02  2.2536E-02 -5.3153E-03
  7.9401E+02  2.2515E-02 -5.3169E-03
  7.9495E+02  2.2495E-02 -5.3184E-03
  7.9589E+02  2.2474E-02 -5.3198E-03
  7.9683E+02  2.2454E-02 -5.3213E-03
  7.9778E+02  2.2433E-02 -5.3228E-03
  7.9872E+02  2.2413E-02 -5.3243E-03
  7.9966E+02  2.2392E-02 -5.3258E-03
  8.0061E+02  2.2372E-02 -5.3272E-03
  8.0155E+02  2.2351E-02 -5.3287E-03
  8.0249E+02  2.2331E-02 -5.3301E-03
  8.0344E+02  2.2311E-02 -5.3316E-03
  8.0438E+02  2.2290E-02 -5.3330E-03
  8.0532E+02  2.2270E-02 -5.3344E-03
  8.0626E+02  2.2250E-02 -5.3358E-03
  8.0721E+02  2.2229E-02 -5.3372E-03
  8.0815E+02  2.2209E-02 -5.3386E-03
  8.0909E+02  2.2189E-02 -5.3400E-03
  8.1004E+02  2.2169E-02 -5.3414E-03
  8.1098E+02  2.2148E-02 -5.3428E-03
  8.1192E+02  2.2128E-02 -5.3442E-03
  8.1287E+02  2.2108E-02 -5.3456E-03
  8.1381E+02  2.2088E-02 -5.3469E-03
  8.1475E+02  2.2068E-02 -5.3483E-03
  8.1569E+02  2.2048E-02 -5.3497E-03
  8.1664E+02  2.2028E-02 -5.3510E-03
  8.1758E+02  2.2008E-02 -5.3523E-03
  8.1852E+02  2.1988E-02 -5.3537E-03
  8.1947E+02  2.1968E-02 -5.3550E-03
  8.2041E+02  2.1948E-02 -5.3563E-03
  8.2135E+02  2.1928E-02 -5.3576E-03
  8.2230E+02  2.1908E-02 -5.3590E-03
  8.2324E+02  2.1888E-02 -5.3603E-03
  8.2418E+02  2.1868E-02 -5.3616E-03
  8.2512E+02  2.1848E-02 -5.3628E-03
  8.2607E+02  2.1828E-02 -5.3641E-03
  8.2701E+02  2.1809E-02 -5.3654E-03
  8.2795E+02  2.1789E-02 -5.3667E-03
  8.2890E+02  2.1769E-02 -5.3679E-03
  8.2984E+02  2.1749E-02 -5.3692E-03
  8.3078E+02  2.1730E-02 -5.3705E-03
  8.3173E+02  2.1710E-02 -5.3717E-03
  8.3267E+02  2.1690E-02 -5.3729E-03
  8.3361E+02  2.1671E-02 -5.3742E-03
  8.3455E+02  2.1651E-02 -5.3754E-03
  8.3550E+02  2.1631E-02 -5.3766E-03
  8.3644E+02  2.1612E-02 -5.3778E-03
  8.3738E+02  2.1592E-02 -5.3790E-03
  8.3833E+02  2.1573E-02 -5.3802E-03
  8.3927E+02  2.1553E-02 -5.3814E-03
  8.4021E+02  2.1534E-02 -5.3826E-03
  8.4116E+02  2.1515E-02 -5.3838E-03
  8.4210E+02  2.1495E-02 -5.3850E-03
  8.4304E+02  2.1476E-02 -5.3861E-03
  8.4398E+02  2.1456E-02 -5.3873E-03
  8.4493E+02  2.1437E-02 -5.3885E-03
  8.4587E+02  2.1418E-02 -5.3896E-03
  8.4681E+02  2.1398E-02 -5.3908E-03
  8.4776E+02  2.1379E-02 -5.3919E-03
  8.4870E+02  2.1360E-02 -5.3930E-03
  8.4964E+02  2.1341E-02 -5.3942E-03
  8.5059E+02  2.1322E-02 -5.3953E-03
  8.5153E+02  2.1302E-02 -5.3964E-03
  8.5247E+02  2.1283E-02 -5.3975E-03
  8.5341E+02  2.1264E-02 -5.3986E-03
  8.5436E+02  2.1245E-02 -5.3997E-03
  8.5530E+02  2.1226E-02 -5.4008E-03
  8.5624E+02  2.1207E-02 -5.4019E-03
  8.5719E+02  2.1188E-02 -5.4029E-03
  8.5813E+02  2.1168E-02 -5.4040E-03
  8.5907E+02  2.1149E-02 -5.4051E-03
  8.6002E+02  2.1130E-02 -5.4061E-03
  8.6096E+02  2.1111E-02 -5.4072E-03
  8.6190E+02  2.1092E-02 -5.4082E-03
  8.6284E+02  2.1073E-02 -5.4093E-03
  8.6379E+02  2.1055E-02 -5.4103E-03
  8.6473E+02  2.1036E-02 -5.4113E-03
  8.6567E+02  2.1017E-02 -5.4124E-03
  8.6662E+02  2.0998E-02 -5.4134E-03
  8.6756E+02  2.0979E-02 -5.4144E-03
  8.6850E+02  2.0960E-02 -5.4154E-03
  8.6945E+02  2.0942E-02 -5.4164E-03
  8.7039E+02  2.0923E-02 -5.4174E-03
  8.7133E+02  2.0904E-02 -5.4184E-03
  8.7227E+02  2.0885E-02 -5.4194E-03
  8.7322E+02  2.0867E-02 -5.4203E-03
  8.7416E+02  2.0848E-02 -5.4213E-03
  8.7510E+02  2.0829E-02 -5.4223E-03
  8.7605E+02  2.0811E-02 -5.4232E-03
  8.7699E+02  2.0792E-02 -5.4242E-03
  8.7793E+02  2.0774E-02 -5.4251E-03
  8.7888E+02  2.0755E-02 -5.4261E-03
  8.7982E+02  2.0737E-02 -5.4270E-03
  8.8076E+02  2.0718E-02 -5.4279E-03
  8.8170E+02  2.0700E-02 -5.4288E-03
  8.8265E+02  2.0681E-02 -5.4298E-03
  8.8359E+02  2.0663E-02 -5.4307E-03
  8.8453E+02  2.0644E-02 -5.4316E-03
  8.8548E+02  2.0626E-02 -5.4325E-03
  8.8642E+02  2.0608E-02 -5.4334E-03
  8.8736E+02  2.0589E-02 -5.4342E-03
  8.8831E+02  2.0571E-02 -5.4351E-03
  8.8925E+02  2.0553E-02 -5.4360E-03
  8.9019E+02  2.0535E-02 -5.4369E-03
  8.9113E+02  2.0516E-02 -5.4377E-03
  8.9208E+02  2.0498E-02 -5.4386E-03
  8.9302E+02  2.0480E-02 -5.4394E-03
  8.9396E+02  2.0462E-02 -5.4403E-03
  8.9491E+02  2.0444E-02 -5.4411E-03
  8.9585E+02  2.0426E-02 -5.4420E-03
  8.9679E+02  2.0408E-02 -5.4428E-03
  8.9774E+02  2.0390E-02 -5.4436E-03
  8.9868E+02  2.0372E-02 -5.4444E-03
  8.9962E+02  2.0354E-02 -5.4453E-03
  9.0056E+02  2.0336E-02 -5.4461E-03
  9.0151E+02  2.0318E-02 -5.4469E-03
  9.0245E+02  2.0300E-02 -5.4477E-03
  9.0339E+02  2.0282E-02 -5.4484E-03
  9.0434E+02  2.0264E-02 -5.4492E-03
  9.0528E+02  2.0246E-02 -5.4500E-03
  9.0622E+02  2.0228E-02 -5.4508E-03
  9.0717E+02  2.0211E-02 -5.4515E-03
  9.0811E+02  2.0193E-02 -5.4523E-03
  9.0905E+02  2.0175E-02 -5.4531E-03
  9.0999E+02  2.0157E-02 -5.4538E-03
  9.1094E+02  2.0140E-02 -5.4546E-03
  9.1188E+02  2.0122E-02 -5.4553E-03
  9.1282E+02  2.0104E-02 -5.4560E-03
  9.1377E+02  2.0087E-02 -5.4568E-03
  9.1471E+02  2.0069E-02 -5.4575E-03
  9.1565E+02  2.0051E-02 -5.4582E-03
  9.1660E+02  2.0034E-02 -5.4589E-03
  9.1754E+02  2.0016E-02 -5.4596E-03
  9.1848E+02  1.9998E-02 -5.4603E-03
  9.1942E+02  1.9981E-02 -5.4610E-03
  9.2037E+02  1.9963E-02 -5.4617E-03
  9.2131E+02  1.9946E-02 -5.4624E-03
  9.2225E+02  1.9928E-02 -5.4631E-03
  9.2320E+02  1.9911E-02 -5.4637E-03
  9.2414E+02  1.9893E-02 -5.4644E-03
  9.2508E+02  1.9876E-02 -5.4651E-03
  9.2603E+02  1.9858E-02 -5.4657E-03
  9.2697E+02  1.9841E-02 -5.4664E-03
  9.2791E+02  1.9824E-02 -5.4670E-03
  9.2885E+02  1.9806E-02 -5.4676E-03
  9.2980E+02  1.9789E-02 -5.4683E-03
  9.3074E+02  1.9772E-02 -5.4689E-03
  9.3168E+02  1.9754E-02 -5.4695E-03
  9.3263E+02  1.9737E-02 -5.4701E-03
  9.3357E+02  1.9720E-02 -5.4707E-03
  9.3451E+02  1.9703E-02 -5.4713E-03
  9.3546E+02  1.9685E-02 -5.4719E-03
  9.3640E+02  1.9668E-02 -5.4725E-03
  9.3734E+02  1.9651E-02 -5.4731E-03
  9.3828E+02  1.9634E-02 -5.4737E-03
  9.3923E+02  1.9617E-02 -5.4743E-03
  9.4017E+02  1.9600E-02 -5.4749E-03
  9.4111E+02  1.9582E-02 -5.4754E-03
  9.4206E+02  1.9565E-02 -5.4760E-03
  9.4300E+02  1.9548E-02 -5.4765E-03
  9.4394E+02  1.9531E-02 -5.4771E-03
  9.4489E+02  1.9514E-02 -5.4776E-03
  9.4583E+02  1.9497E-02 -5.4782E-03
  9.4677E+02  1.9480E-02 -5.4787E-03
  9.4771E+02  1.9463E-02 -5.4792E-03
  9.4866E+02  1.9446E-02 -5.4798E-03
  9.4960E+02  1.9429E-02 -5.4803E-03
  9.5054E+02  1.9412E-02 -5.4808E-03
  9.5149E+02  1.9395E-02 -5.4813E-03
  9.5243E+02  1.9379E-02 -5.4818E-03
  9.5337E+02  1.9362E-02 -5.4823E-03
  9.5432E+02  1.9345E-02 -5.4828E-03
  9.5526E+02  1.9328E-02 -5.4833E-03
  9.5620E+02  1.9311E-02 -5.4838E-03
  9.5714E+02  1.9294E-02 -5.4843E-03
  9.5809E+02  1.9278E-02 -5.4847E-03
  9.5903E+02  1.9261E-02 -5.4852E-03
  9.5997E+02  1.9244E-02 -5.4857E-03
  9.6092E+02  1.9228E-02 -5.4861E-03
  9.6186E+02  1.9211E-02 -5.4866E-03
  9.6280E+02  1.9194E-02 -5.4870E-03
  9.6375E+02  1.9178E-02 -5.4874E-03
  9.6469E+02  1.9161E-02 -5.4879E-03
  9.6563E+02  1.9144E-02 -5.4883E-03
  9.6657E+02  1.9128E-02 -5.4887E-03
  9.6752E+02  1.9111E-02 -5.4892E-03
  9.6846E+02  1.9095E-02 -5.4896E-03
  9.6940E+02  1.9078E-02 -5.4900E-03
  9.7035E+02  1.9062E-02 -5.4904E-03
  9.7129E+02  1.9045E-02 -5.4908E-03
  9.7223E+02  1.9029E-02 -5.4912E-03
  9.7318E+02  1.9013E-02 -5.4916E-03
  9.7412E+02  1.8996E-02 -5.4920E-03
  9.7506E+02  1.8980E-02 -5.4923E-03
  9.7600E+02  1.8963E-02 -5.4927E-03
  9.7695E+02  1.8947E-02 -5.4931E-03
  9.7789E+02  1.8931E-02 -5.4934E-03
  9.7883E+02  1.8914E-02 -5.4938E-03
  9.7978E+02  1.8898E-02 -5.4942E-03
  9.8072E+02  1.8882E-02 -5.4945E-03
  9.8166E+02  1.8866E-02 -5.4948E-03
  9.8261E+02  1.8849E-02 -5.4952E-03
  9.8355E+02  1.8833E-02 -5.4955E-03
  9.8449E+02  1.8817E-02 -5.4958E-03
  9.8543E+02  1.8801E-02 -5.4962E-03
  9.8638E+02  1.8785E-02 -5.4965E-03
  9.8732E+02  1.8768E-02 -5.4968E-03
  9.8826E+02  1.8752E-02 -5.4971E-03
  9.8921E+02  1.8736E-02 -5.4974E-03
  9.9015E+02  1.8720E-02 -5.4977E-03
  9.9109E+02  1.8704E-02 -5.4980E-03
  9.9204E+02  1.8688E-02 -5.4983E-03
  9.9298E+02  1.8672E-02 -5.4986E-03
  9.9392E+02  1.8656E-02 -5.4989E-03
  9.9486E+02  1.8640E-02 -5.4991E-03
  9.9581E+02  1.8624E-02 -5.4994E-03
  9.9675E+02  1.8608E-02 -5.4997E-03
  9.9769E+02  1.8592E-02 -5.4999E-03
  9.9864E+02  1.8576E-02 -5.5002E-03
  9.9958E+02  1.8560E-02 -5.5004E-03
  1.0005E+03  1.8544E-02 -5.5007E-03
  1.0015E+03  1.8528E-02 -5.5009E-03
  1.0024E+03  1.8512E-02 -5.5011E-03
  1.0034E+03  1.8496E-02 -5.5014E-03
  1.0043E+03  1.8480E-02 -5.5016E-03
  1.0052E+03  1.8465E-02 -5.5018E-03
  1.0062E+03  1.8449E-02 -5.5020E-03
  1.0071E+03  1.8433E-02 -5.5022E-03
  1.0081E+03  1.8417E-02 -5.5024E-03
  1.0090E+03  1.8401E-02 -5.5026E-03
  1.0100E+03  1.8385E-02 -5.5028E-03
  1.0109E+03  1.8370E-02 -5.5030E-03
  1.0118E+03  1.8354E-02 -5.5032E-03
  1.0128E+03  1.8338E-02 -5.5034E-03
  1.0137E+03  1.8322E-02 -5.5036E-03
  1.0147E+03  1.8307E-02 -5.5037E-03
  1.0156E+03  1.8291E-02 -5.5039E-03
  1.0166E+03  1.8275E-02 -5.5041E-03
  1.0175E+03  1.8260E-02 -5.5042E-03
  1.0184E+03  1.8244E-02 -5.5044E-03
  1.0194E+03  1.8228E-02 -5.5045E-03
  1.0203E+03  1.8213E-02 -5.5046E-03
  1.0213E+03  1.8197E-02 -5.5048E-03
  1.0222E+03  1.8182E-02 -5.5049E-03
  1.0232E+03  1.8166E-02 -5.5050E-03
  1.0241E+03  1.8151E-02 -5.5052E-03
  1.0250E+03  1.8135E-02 -5.5053E-03
  1.0260E+03  1.8120E-02 -5.5054E-03
  1.0269E+03  1.8104E-02 -5.5055E-03
  1.0279E+03  1.8089E-02 -5.5056E-03
  1.0288E+03  1.8073E-02 -5.5057E-03
  1.0298E+03  1.8058E-02 -5.5058E-03
  1.0307E+03  1.8043E-02 -5.5059E-03
  1.0316E+03  1.8027E-02 -5.5060E-03
  1.0326E+03  1.8012E-02 -5.5061E-03
  1.0335E+03  1.7997E-02 -5.5061E-03
  1.0345E+03  1.7981E-02 -5.5062E-03
  1.0354E+03  1.7966E-02 -5.5063E-03
  1.0364E+03  1.7951E-02 -5.5063E-03
  1.0373E+03  1.7936E-02 -5.5064E-03
  1.0382E+03  1.7920E-02 -5.5065E-03
  1.0392E+03  1.7905E-02 -5.5065E-03
  1.0401E+03  1.7890E-02 -5.5065E-03
  1.0411E+03  1.7875E-02 -5.5066E-03
  1.0420E+03  1.7859E-02 -5.5066E-03
  1.0430E+03  1.7844E-02 -5.5066E-03
  1.0439E+03  1.7829E-02 -5.5067E-03
  1.0448E+03  1.7814E-02 -5.5067E-03
  1.0458E+03  1.7799E-02 -5.5067E-03
  1.0467E+03  1.7784E-02 -5.5067E-03
  1.0477E+03  1.7769E-02 -5.5067E-03
  1.0486E+03  1.7754E-02 -5.5067E-03
  1.0496E+03  1.7739E-02 -5.5067E-03
  1.0505E+03  1.7724E-02 -5.5067E-03
  1.0514E+03  1.7708E-02 -5.5067E-03
  1.0524E+03  1.7693E-02 -5.5067E-03
  1.0533E+03  1.7678E-02 -5.5067E-03
  1.0543E+03  1.7663E-02 -5.5066E-03
  1.0552E+03  1.7648E-02 -5.5066E-03
  1.0562E+03  1.7634E-02 -5.5066E-03
  1.0571E+03  1.7619E-02 -5.5065E-03
  1.0580E+03  1.7604E-02 -5.5065E-03
  1.0590E+03  1.7589E-02 -5.5065E-03
  1.0599E+03  1.7574E-02 -5.5064E-03
  1.0609E+03  1.7559E-02 -5.5063E-03
  1.0618E+03  1.7544E-02 -5.5063E-03
  1.0628E+03  1.7529E-02 -5.5062E-03
  1.0637E+03  1.7515E-02 -5.5062E-03
  1.0646E+03  1.7500E-02 -5.5061E-03
  1.0656E+03  1.7485E-02 -5.5060E-03
  1.0665E+03  1.7470E-02 -5.5059E-03
  1.0675E+03  1.7455E-02 -5.5058E-03
  1.0684E+03  1.7441E-02 -5.5057E-03
  1.0694E+03  1.7426E-02 -5.5056E-03
  1.0703E+03  1.7411E-02 -5.5055E-03
  1.0712E+03  1.7397E-02 -5.5054E-03
  1.0722E+03  1.7382E-02 -5.5053E-03
  1.0731E+03  1.7367E-02 -5.5052E-03
  1.0741E+03  1.7353E-02 -5.5051E-03
  1.0750E+03  1.7338E-02 -5.5050E-03
  1.0760E+03  1.7323E-02 -5.5049E-03
  1.0769E+03  1.7309E-02 -5.5047E-03
  1.0778E+03  1.7294E-02 -5.5046E-03
  1.0788E+03  1.7280E-02 -5.5045E-03
  1.0797E+03  1.7265E-02 -5.5043E-03
  1.0807E+03  1.7251E-02 -5.5042E-03
  1.0816E+03  1.7236E-02 -5.5040E-03
  1.0826E+03  1.7222E-02 -5.5039E-03
  1.0835E+03  1.7207E-02 -5.5037E-03
  1.0844E+03  1.7193E-02 -5.5035E-03
  1.0854E+03  1.7178E-02 -5.5034E-03
  1.0863E+03  1.7164E-02 -5.5032E-03
  1.0873E+03  1.7149E-02 -5.5030E-03
  1.0882E+03  1.7135E-02 -5.5028E-03
  1.0892E+03  1.7120E-02 -5.5026E-03
  1.0901E+03  1.7106E-02 -5.5025E-03
  1.0911E+03  1.7092E-02 -5.5023E-03
  1.0920E+03  1.7077E-02 -5.5021E-03
  1.0929E+03  1.7063E-02 -5.5019E-03
  1.0939E+03  1.7049E-02 -5.5017E-03
  1.0948E+03  1.7034E-02 -5.5014E-03
  1.0958E+03  1.7020E-02 -5.5012E-03
  1.0967E+03  1.7006E-02 -5.5010E-03
  1.0977E+03  1.6992E-02 -5.5008E-03
  1.0986E+03  1.6977E-02 -5.5006E-03
  1.0995E+03  1.6963E-02 -5.5003E-03
  1.1005E+03  1.6949E-02 -5.5001E-03
  1.1014E+03  1.6935E-02 -5.4998E-03
  1.1024E+03  1.6921E-02 -5.4996E-03
  1.1033E+03  1.6906E-02 -5.4994E-03
  1.1043E+03  1.6892E-02 -5.4991E-03
  1.1052E+03  1.6878E-02 -5.4988E-03
  1.1061E+03  1.6864E-02 -5.4986E-03
  1.1071E+03  1.6850E-02 -5.4983E-03
  1.1080E+03  1.6836E-02 -5.4980E-03
  1.1090E+03  1.6822E-02 -5.4978E-03
  1.1099E+03  1.6808E-02 -5.4975E-03
  1.1109E+03  1.6794E-02 -5.4972E-03
  1.1118E+03  1.6780E-02 -5.4969E-03
  1.1127E+03  1.6766E-02 -5.4966E-03
  1.1137E+03  1.6752E-02 -5.4963E-03
  1.1146E+03  1.6738E-02 -5.4960E-03
  1.1156E+03  1.6724E-02 -5.4957E-03
  1.1165E+03  1.6710E-02 -5.4954E-03
  1.1175E+03  1.6696E-02 -5.4951E-03
  1.1184E+03  1.6682E-02 -5.4948E-03
  1.1193E+03  1.6668E-02 -5.4945E-03
  1.1203E+03  1.6654E-02 -5.4942E-03
  1.1212E+03  1.6640E-02 -5.4938E-03
  1.1222E+03  1.6626E-02 -5.4935E-03
  1.1231E+03  1.6613E-02 -5.4932E-03
  1.1241E+03  1.6599E-02 -5.4928E-03
  1.1250E+03  1.6585E-02 -5.4925E-03
  1.1259E+03  1.6571E-02 -5.4921E-03
  1.1269E+03  1.6557E-02 -5.4918E-03
  1.1278E+03  1.6544E-02 -5.4914E-03
  1.1288E+03  1.6530E-02 -5.4911E-03
  1.1297E+03  1.6516E-02 -5.4907E-03
  1.1307E+03  1.6502E-02 -5.4904E-03
  1.1316E+03  1.6489E-02 -5.4900E-03
  1.1325E+03  1.6475E-02 -5.4896E-03
  1.1335E+03  1.6461E-02 -5.4892E-03
  1.1344E+03  1.6447E-02 -5.4889E-03
  1.1354E+03  1.6434E-02 -5.4885E-03
  1.1363E+03  1.6420E-02 -5.4881E-03
  1.1373E+03  1.6407E-02 -5.4877E-03
  1.1382E+03  1.6393E-02 -5.4873E-03
  1.1391E+03  1.6379E-02 -5.4869E-03
  1.1401E+03  1.6366E-02 -5.4865E-03
  1.1410E+03  1.6352E-02 -5.4861E-03
  1.1420E+03  1.6339E-02 -5.4857E-03
  1.1429E+03  1.6325E-02 -5.4852E-03
  1.1439E+03  1.6312E-02 -5.4848E-03
  1.1448E+03  1.6298E-02 -5.4844E-03
  1.1457E+03  1.6285E-02 -5.4840E-03
  1.1467E+03  1.6271E-02 -5.4835E-03
  1.1476E+03  1.6258E-02 -5.4831E-03
  1.1486E+03  1.6244E-02 -5.4827E-03
  1.1495E+03  1.6231E-02 -5.4822E-03
  1.1505E+03  1.6217E-02 -5.4818E-03
  1.1514E+03  1.6204E-02 -5.4813E-03
  1.1523E+03  1.6190E-02 -5.4809E-03
  1.1533E+03  1.6177E-02 -5.4804E-03
  1.1542E+03  1.6164E-02 -5.4799E-03
  1.1552E+03  1.6150E-02 -5.4795E-03
  1.1561E+03  1.6137E-02 -5.4790E-03
  1.1571E+03  1.6124E-02 -5.4785E-03
  1.1580E+03  1.6110E-02 -5.4781E-03
  1.1589E+03  1.6097E-02 -5.4776E-03
  1.1599E+03  1.6084E-02 -5.4771E-03
  1.1608E+03  1.6071E-02 -5.4766E-03
  1.1618E+03  1.6057E-02 -5.4761E-03
  1.1627E+03  1.6044E-02 -5.4756E-03
  1.1637E+03  1.6031E-02 -5.4751E-03
  1.1646E+03  1.6018E-02 -5.4746E-03
  1.1655E+03  1.6005E-02 -5.4741E-03
  1.1665E+03  1.5991E-02 -5.4736E-03
  1.1674E+03  1.5978E-02 -5.4731E-03
  1.1684E+03  1.5965E-02 -5.4726E-03
  1.1693E+03  1.5952E-02 -5.4720E-03
  1.1703E+03  1.5939E-02 -5.4715E-03
  1.1712E+03  1.5926E-02 -5.4710E-03
  1.1721E+03  1.5913E-02 -5.4705E-03
  1.1731E+03  1.5900E-02 -5.4699E-03
  1.1740E+03  1.5886E-02 -5.4694E-03
  1.1750E+03  1.5873E-02 -5.4688E-03
  1.1759E+03  1.5860E-02 -5.4683E-03
  1.1769E+03  1.5847E-02 -5.4677E-03
  1.1778E+03  1.5834E-02 -5.4672E-03
  1.1787E+03  1.5821E-02 -5.4666E-03
  1.1797E+03  1.5808E-02 -5.4661E-03
  1.1806E+03  1.5795E-02 -5.4655E-03
  1.1816E+03  1.5782E-02 -5.4649E-03
  1.1825E+03  1.5769E-02 -5.4643E-03
  1.1835E+03  1.5756E-02 -5.4638E-03
  1.1844E+03  1.5744E-02 -5.4632E-03
  1.1854E+03  1.5731E-02 -5.4626E-03
  1.1863E+03  1.5718E-02 -5.4620E-03
  1.1872E+03  1.5705E-02 -5.4614E-03
  1.1882E+03  1.5692E-02 -5.4608E-03
  1.1891E+03  1.5679E-02 -5.4602E-03
  1.1901E+03  1.5666E-02 -5.4596E-03
  1.1910E+03  1.5653E-02 -5.4590E-03
  1.1920E+03  1.5641E-02 -5.4584E-03
  1.1929E+03  1.5628E-02 -5.4578E-03
  1.1938E+03  1.5615E-02 -5.4572E-03
  1.1948E+03  1.5602E-02 -5.4566E-03
  1.1957E+03  1.5589E-02 -5.4560E-03
  1.1967E+03  1.5577E-02 -5.4553E-03
  1.1976E+03  1.5564E-02 -5.4547E-03
  1.1986E+03  1.5551E-02 -5.4541E-03
  1.1995E+03  1.5539E-02 -5.4534E-03
  1.2004E+03  1.5526E-02 -5.4528E-03
  1.2014E+03  1.5513E-02 -5.4521E-03
  1.2023E+03  1.5501E-02 -5.4515E-03
  1.2033E+03  1.5488E-02 -5.4508E-03
  1.2042E+03  1.5475E-02 -5.4502E-03
  1.2052E+03  1.5463E-02 -5.4495E-03
  1.2061E+03  1.5450E-02 -5.4489E-03
  1.2070E+03  1.5437E-02 -5.4482E-03
  1.2080E+03  1.5425E-02 -5.4475E-03
  1.2089E+03  1.5412E-02 -5.4469E-03
  1.2099E+03  1.5400E-02 -5.4462E-03
  1.2108E+03  1.5387E-02 -5.4455E-03
  1.2118E+03  1.5375E-02 -5.4448E-03
  1.2127E+03  1.5362E-02 -5.4442E-03
  1.2136E+03  1.5350E-02 -5.4435E-03
  1.2146E+03  1.5337E-02 -5.4428E-03
  1.2155E+03  1.5325E-02 -5.4421E-03
  1.2165E+03  1.5312E-02 -5.4414E-03
  1.2174E+03  1.5300E-02 -5.4407E-03
  1.2184E+03  1.5287E-02 -5.4400E-03
  1.2193E+03  1.5275E-02 -5.4393E-03
  1.2202E+03  1.5263E-02 -5.4386E-03
  1.2212E+03  1.5250E-02 -5.4378E-03
  1.2221E+03  1.5238E-02 -5.4371E-03
  1.2231E+03  1.5225E-02 -5.4364E-03
  1.2240E+03  1.5213E-02 -5.4357E-03
  1.2250E+03  1.5201E-02 -5.4350E-03
  1.2259E+03  1.5188E-02 -5.4342E-03
  1.2268E+03  1.5176E-02 -5.4335E-03
  1.2278E+03  1.5164E-02 -5.4328E-03
  1.2287E+03  1.5151E-02 -5.4320E-03
  1.2297E+03  1.5139E-02 -5.4313E-03
  1.2306E+03  1.5127E-02 -5.4305E-03
  1.2316E+03  1.5115E-02 -5.4298E-03
  1.2325E+03  1.5102E-02 -5.4290E-03
  1.2334E+03  1.5090E-02 -5.4283E-03
  1.2344E+03  1.5078E-02 -5.4275E-03
  1.2353E+03  1.5066E-02 -5.4267E-03
  1.2363E+03  1.5054E-02 -5.4260E-03
  1.2372E+03  1.5041E-02 -5.4252E-03
  1.2382E+03  1.5029E-02 -5.4244E-03
  1.2391E+03  1.5017E-02 -5.4237E-03
  1.2400E+03  1.5005E-02 -5.4229E-03
  1.2410E+03  1.4993E-02 -5.4221E-03
  1.2419E+03  1.4981E-02 -5.4213E-03
  1.2429E+03  1.4969E-02 -5.4205E-03
  1.2438E+03  1.4956E-02 -5.4197E-03
  1.2448E+03  1.4944E-02 -5.4189E-03
  1.2457E+03  1.4932E-02 -5.4181E-03
  1.2466E+03  1.4920E-02 -5.4173E-03
  1.2476E+03  1.4908E-02 -5.4165E-03
  1.2485E+03  1.4896E-02 -5.4157E-03
  1.2495E+03  1.4884E-02 -5.4149E-03
  1.2504E+03  1.4872E-02 -5.4141E-03
  1.2514E+03  1.4860E-02 -5.4133E-03
  1.2523E+03  1.4848E-02 -5.4124E-03
  1.2532E+03  1.4836E-02 -5.4116E-03
  1.2542E+03  1.4824E-02 -5.4108E-03
  1.2551E+03  1.4812E-02 -5.4100E-03
  1.2561E+03  1.4800E-02 -5.4091E-03
  1.2570E+03  1.4788E-02 -5.4083E-03
  1.2580E+03  1.4777E-02 -5.4075E-03
  1.2589E+03  1.4765E-02 -5.4066E-03
  1.2598E+03  1.4753E-02 -5.4058E-03
  1.2608E+03  1.4741E-02 -5.4049E-03
  1.2617E+03  1.4729E-02 -5.4041E-03
  1.2627E+03  1.4717E-02 -5.4032E-03
  1.2636E+03  1.4705E-02 -5.4024E-03
  1.2646E+03  1.4694E-02 -5.4015E-03
  1.2655E+03  1.4682E-02 -5.4006E-03
  1.2664E+03  1.4670E-02 -5.3998E-03
  1.2674E+03  1.4658E-02 -5.3989E-03
  1.2683E+03  1.4647E-02 -5.3980E-03
  1.2693E+03  1.4635E-02 -5.3971E-03
  1.2702E+03  1.4623E-02 -5.3963E-03
  1.2712E+03  1.4611E-02 -5.3954E-03
  1.2721E+03  1.4600E-02 -5.3945E-03
  1.2730E+03  1.4588E-02 -5.3936E-03
  1.2740E+03  1.4576E-02 -5.3927E-03
  1.2749E+03  1.4565E-02 -5.3918E-03
  1.2759E+03  1.4553E-02 -5.3909E-03
  1.2768E+03  1.4541E-02 -5.3900E-03
  1.2778E+03  1.4530E-02 -5.3891E-03
  1.2787E+03  1.4518E-02 -5.3882E-03
  1.2797E+03  1.4506E-02 -5.3873E-03
  1.2806E+03  1.4495E-02 -5.3864E-03
  1.2815E+03  1.4483E-02 -5.3855E-03
  1.2825E+03  1.4472E-02 -5.3846E-03
  1.2834E+03  1.4460E-02 -5.3836E-03
  1.2844E+03  1.4448E-02 -5.3827E-03
  1.2853E+03  1.4437E-02 -5.3818E-03
  1.2863E+03  1.4425E-02 -5.3809E-03
  1.2872E+03  1.4414E-02 -5.3799E-03
  1.2881E+03  1.4402E-02 -5.3790E-03
  1.2891E+03  1.4391E-02 -5.3781E-03
  1.2900E+03  1.4379E-02 -5.3771E-03
  1.2910E+03  1.4368E-02 -5.3762E-03
  1.2919E+03  1.4356E-02 -5.3752E-03
  1.2929E+03  1.4345E-02 -5.3743E-03
  1.2938E+03  1.4334E-02 -5.3733E-03
  1.2947E+03  1.4322E-02 -5.3724E-03
  1.2957E+03  1.4311E-02 -5.3714E-03
  1.2966E+03  1.4299E-02 -5.3705E-03
  1.2976E+03  1.4288E-02 -5.3695E-03
  1.2985E+03  1.4277E-02 -5.3685E-03
  1.2995E+03  1.4265E-02 -5.3676E-03
  1.3004E+03  1.4254E-02 -5.3666E-03
  1.3013E+03  1.4242E-02 -5.3656E-03
  1.3023E+03  1.4231E-02 -5.3646E-03
  1.3032E+03  1.4220E-02 -5.3636E-03
  1.3042E+03  1.4209E-02 -5.3627E-03
  1.3051E+03  1.4197E-02 -5.3617E-03
  1.3061E+03  1.4186E-02 -5.3607E-03
  1.3070E+03  1.4175E-02 -5.3597E-03
  1.3079E+03  1.4163E-02 -5.3587E-03
  1.3089E+03  1.4152E-02 -5.3577E-03
  1.3098E+03  1.4141E-02 -5.3567E-03
  1.3108E+03  1.4130E-02 -5.3557E-03
  1.3117E+03  1.4118E-02 -5.3547E-03
  1.3127E+03  1.4107E-02 -5.3537E-03
  1.3136E+03  1.4096E-02 -5.3527E-03
  1.3145E+03  1.4085E-02 -5.3517E-03
  1.3155E+03  1.4074E-02 -5.3506E-03
  1.3164E+03  1.4063E-02 -5.3496E-03
  1.3174E+03  1.4051E-02 -5.3486E-03
  1.3183E+03  1.4040E-02 -5.3476E-03
  1.3193E+03  1.4029E-02 -5.3466E-03
  1.3202E+03  1.4018E-02 -5.3455E-03
  1.3211E+03  1.4007E-02 -5.3445E-03
  1.3221E+03  1.3996E-02 -5.3435E-03
  1.3230E+03  1.3985E-02 -5.3424E-03
  1.3240E+03  1.3974E-02 -5.3414E-03
  1.3249E+03  1.3963E-02 -5.3403E-03
  1.3259E+03  1.3952E-02 -5.3393E-03
  1.3268E+03  1.3941E-02 -5.3382E-03
  1.3277E+03  1.3930E-02 -5.3372E-03
  1.3287E+03  1.3919E-02 -5.3361E-03
  1.3296E+03  1.3908E-02 -5.3351E-03
  1.3306E+03  1.3897E-02 -5.3340E-03
  1.3315E+03  1.3886E-02 -5.3330E-03
  1.3325E+03  1.3875E-02 -5.3319E-03
  1.3334E+03  1.3864E-02 -5.3308E-03
  1.3343E+03  1.3853E-02 -5.3298E-03
  1.3353E+03  1.3842E-02 -5.3287E-03
  1.3362E+03  1.3831E-02 -5.3276E-03
  1.3372E+03  1.3820E-02 -5.3265E-03
  1.3381E+03  1.3809E-02 -5.3255E-03
  1.3391E+03  1.3798E-02 -5.3244E-03
  1.3400E+03  1.3788E-02 -5.3233E-03
  1.3409E+03  1.3777E-02 -5.3222E-03
  1.3419E+03  1.3766E-02 -5.3211E-03
  1.3428E+03  1.3755E-02 -5.3200E-03
  1.3438E+03  1.3744E-02 -5.3189E-03
  1.3447E+03  1.3733E-02 -5.3178E-03
  1.3457E+03  1.3723E-02 -5.3167E-03
  1.3466E+03  1.3712E-02 -5.3156E-03
  1.3475E+03  1.3701E-02 -5.3145E-03
  1.3485E+03  1.3690E-02 -5.3134E-03
  1.3494E+03  1.3680E-02 -5.3123E-03
  1.3504E+03  1.3669E-02 -5.3112E-03
  1.3513E+03  1.3658E-02 -5.3101E-03
  1.3523E+03  1.3647E-02 -5.3089E-03
  1.3532E+03  1.3637E-02 -5.3078E-03
  1.3541E+03  1.3626E-02 -5.3067E-03
  1.3551E+03  1.3615E-02 -5.3056E-03
  1.3560E+03  1.3605E-02 -5.3045E-03
  1.3570E+03  1.3594E-02 -5.3033E-03
  1.3579E+03  1.3583E-02 -5.3022E-03
  1.3589E+03  1.3573E-02 -5.3011E-03
  1.3598E+03  1.3562E-02 -5.2999E-03
  1.3607E+03  1.3551E-02 -5.2988E-03
  1.3617E+03  1.3541E-02 -5.2976E-03
  1.3626E+03  1.3530E-02 -5.2965E-03
  1.3636E+03  1.3520E-02 -5.2953E-03
  1.3645E+03  1.3509E-02 -5.2942E-03
  1.3655E+03  1.3498E-02 -5.2930E-03
  1.3664E+03  1.3488E-02 -5.2919E-03
  1.3673E+03  1.3477E-02 -5.2907E-03
  1.3683E+03  1.3467E-02 -5.2896E-03
  1.3692E+03  1.3456E-02 -5.2884E-03
  1.3702E+03  1.3446E-02 -5.2872E-03
  1.3711E+03  1.3435E-02 -5.2861E-03
  1.3721E+03  1.3425E-02 -5.2849E-03
  1.3730E+03  1.3414E-02 -5.2837E-03
  1.3740E+03  1.3404E-02 -5.2826E-03
  1.3749E+03  1.3393E-02 -5.2814E-03
  1.3758E+03  1.3383E-02 -5.2802E-03
  1.3768E+03  1.3373E-02 -5.2790E-03
  1.3777E+03  1.3362E-02 -5.2778E-03
  1.3787E+03  1.3352E-02 -5.2767E-03
  1.3796E+03  1.3341E-02 -5.2755E-03
  1.3806E+03  1.3331E-02 -5.2743E-03
  1.3815E+03  1.3321E-02 -5.2731E-03
  1.3824E+03  1.3310E-02 -5.2719E-03
  1.3834E+03  1.3300E-02 -5.2707E-03
  1.3843E+03  1.3289E-02 -5.2695E-03
  1.3853E+03  1.3279E-02 -5.2683E-03
  1.3862E+03  1.3269E-02 -5.2671E-03
  1.3872E+03  1.3258E-02 -5.2659E-03
  1.3881E+03  1.3248E-02 -5.2647E-03
  1.3890E+03  1.3238E-02 -5.2635E-03
  1.3900E+03  1.3228E-02 -5.2622E-03
  1.3909E+03  1.3217E-02 -5.2610E-03
  1.3919E+03  1.3207E-02 -5.2598E-03
  1.3928E+03  1.3197E-02 -5.2586E-03
  1.3938E+03  1.3187E-02 -5.2574E-03
  1.3947E+03  1.3176E-02 -5.2561E-03
  1.3956E+03  1.3166E-02 -5.2549E-03
  1.3966E+03  1.3156E-02 -5.2537E-03
  1.3975E+03  1.3146E-02 -5.2525E-03
  1.3985E+03  1.3136E-02 -5.2512E-03
  1.3994E+03  1.3125E-02 -5.2500E-03
  1.4004E+03  1.3115E-02 -5.2488E-03
  1.4013E+03  1.3105E-02 -5.2475E-03
  1.4022E+03  1.3095E-02 -5.2463E-03
  1.4032E+03  1.3085E-02 -5.2450E-03
  1.4041E+03  1.3075E-02 -5.2438E-03
  1.4051E+03  1.3065E-02 -5.2425E-03
  1.4060E+03  1.3055E-02 -5.2413E-03
  1.4070E+03  1.3044E-02 -5.2400E-03
  1.4079E+03  1.3034E-02 -5.2388E-03
  1.4088E+03  1.3024E-02 -5.2375E-03
  1.4098E+03  1.3014E-02 -5.2363E-03
  1.4107E+03  1.3004E-02 -5.2350E-03
  1.4117E+03  1.2994E-02 -5.2337E-03
  1.4126E+03  1.2984E-02 -5.2325E-03
  1.4136E+03  1.2974E-02 -5.2312E-03
  1.4145E+03  1.2964E-02 -5.2299E-03
  1.4154E+03  1.2954E-02 -5.2286E-03
  1.4164E+03  1.2944E-02 -5.2274E-03
  1.4173E+03  1.2934E-02 -5.2261E-03
  1.4183E+03  1.2924E-02 -5.2248E-03
  1.4192E+03  1.2914E-02 -5.2235E-03
  1.4202E+03  1.2904E-02 -5.2223E-03
  1.4211E+03  1.2894E-02 -5.2210E-03
  1.4220E+03  1.2884E-02 -5.2197E-03
  1.4230E+03  1.2875E-02 -5.2184E-03
  1.4239E+03  1.2865E-02 -5.2171E-03
  1.4249E+03  1.2855E-02 -5.2158E-03
  1.4258E+03  1.2845E-02 -5.2145E-03
  1.4268E+03  1.2835E-02 -5.2132E-03
  1.4277E+03  1.2825E-02 -5.2119E-03
  1.4286E+03  1.2815E-02 -5.2106E-03
  1.4296E+03  1.2805E-02 -5.2093E-03
  1.4305E+03  1.2796E-02 -5.2080E-03
  1.4315E+03  1.2786E-02 -5.2067E-03
  1.4324E+03  1.2776E-02 -5.2054E-03
  1.4334E+03  1.2766E-02 -5.2041E-03
  1.4343E+03  1.2756E-02 -5.2028E-03
  1.4352E+03  1.2747E-02 -5.2014E-03
  1.4362E+03  1.2737E-02 -5.2001E-03
  1.4371E+03  1.2727E-02 -5.1988E-03
  1.4381E+03  1.2717E-02 -5.1975E-03
  1.4390E+03  1.2708E-02 -5.1962E-03
  1.4400E+03  1.2698E-02 -5.1948E-03
  1.4409E+03  1.2688E-02 -5.1935E-03
  1.4418E+03  1.2678E-02 -5.1922E-03
  1.4428E+03  1.2669E-02 -5.1908E-03
  1.4437E+03  1.2659E-02 -5.1895E-03
  1.4447E+03  1.2649E-02 -5.1882E-03
  1.4456E+03  1.2640E-02 -5.1868E-03
  1.4466E+03  1.2630E-02 -5.1855E-03
  1.4475E+03  1.2620E-02 -5.1842E-03
  1.4484E+03  1.2611E-02 -5.1828E-03
  1.4494E+03  1.2601E-02 -5.1815E-03
  1.4503E+03  1.2591E-02 -5.1801E-03
  1.4513E+03  1.2582E-02 -5.1788E-03
  1.4522E+03  1.2572E-02 -5.1774E-03
  1.4532E+03  1.2563E-02 -5.1761E-03
  1.4541E+03  1.2553E-02 -5.1747E-03
  1.4550E+03  1.2544E-02 -5.1734E-03
  1.4560E+03  1.2534E-02 -5.1720E-03
  1.4569E+03  1.2524E-02 -5.1706E-03
  1.4579E+03  1.2515E-02 -5.1693E-03
  1.4588E+03  1.2505E-02 -5.1679E-03
  1.4598E+03  1.2496E-02 -5.1665E-03
  1.4607E+03  1.2486E-02 -5.1652E-03
  1.4616E+03  1.2477E-02 -5.1638E-03
  1.4626E+03  1.2467E-02 -5.1624E-03
  1.4635E+03  1.2458E-02 -5.1611E-03
  1.4645E+03  1.2448E-02 -5.1597E-03
  1.4654E+03  1.2439E-02 -5.1583E-03
  1.4664E+03  1.2430E-02 -5.1569E-03
  1.4673E+03  1.2420E-02 -5.1556E-03
  1.4683E+03  1.2411E-02 -5.1542E-03
  1.4692E+03  1.2401E-02 -5.1528E-03
  1.4701E+03  1.2392E-02 -5.1514E-03
  1.4711E+03  1.2382E-02 -5.1500E-03
  1.4720E+03  1.2373E-02 -5.1486E-03
  1.4730E+03  1.2364E-02 -5.1472E-03
  1.4739E+03  1.2354E-02 -5.1458E-03
  1.4749E+03  1.2345E-02 -5.1444E-03
  1.4758E+03  1.2336E-02 -5.1430E-03
  1.4767E+03  1.2326E-02 -5.1416E-03
  1.4777E+03  1.2317E-02 -5.1402E-03
  1.4786E+03  1.2308E-02 -5.1388E-03
  1.4796E+03  1.2298E-02 -5.1374E-03
  1.4805E+03  1.2289E-02 -5.1360E-03
  1.4815E+03  1.2280E-02 -5.1346E-03
  1.4824E+03  1.2270E-02 -5.1332E-03
  1.4833E+03  1.2261E-02 -5.1318E-03
  1.4843E+03  1.2252E-02 -5.1304E-03
  1.4852E+03  1.2243E-02 -5.1290E-03
  1.4862E+03  1.2233E-02 -5.1276E-03
  1.4871E+03  1.2224E-02 -5.1261E-03
  1.4881E+03  1.2215E-02 -5.1247E-03
  1.4890E+03  1.2206E-02 -5.1233E-03
  1.4899E+03  1.2197E-02 -5.1219E-03
  1.4909E+03  1.2187E-02 -5.1205E-03
  1.4918E+03  1.2178E-02 -5.1190E-03
  1.4928E+03  1.2169E-02 -5.1176E-03
  1.4937E+03  1.2160E-02 -5.1162E-03
  1.4947E+03  1.2151E-02 -5.1147E-03
  1.4956E+03  1.2142E-02 -5.1133E-03
  1.4965E+03  1.2132E-02 -5.1119E-03
  1.4975E+03  1.2123E-02 -5.1104E-03
  1.4984E+03  1.2114E-02 -5.1090E-03
  1.4994E+03  1.2105E-02 -5.1076E-03
  1.5000E+03  1.2099E-02 -5.1066E-03
