# CREATED BY GENE DIAGNOSTICS TOOL on Tue Mar 16 14:54:56 2021
# diag: timetrace, run(s): 0001, time window: 0-300(1937 steps), species: ions
# original data path: /ptmp/cmor/HP_GAM_scans/LHD_s0.25_alpha-0_npol3_nz0768/
# normalization: L_ref=1.65m
#
#  t          Re[phi]     Im[phi]   
  0.0000E+00  9.9992E-01  0.0000E+00
  1.5500E-01  9.9523E-01 -2.4211E-03
  3.1000E-01  9.8191E-01 -4.7973E-03
  4.6500E-01  9.6182E-01 -7.0911E-03
  6.2000E-01  9.3743E-01 -9.2767E-03
  7.7500E-01  9.1109E-01 -1.1341E-02
  9.3000E-01  8.8460E-01 -1.3279E-02
  1.0850E+00  8.5888E-01 -1.5096E-02
  1.2400E+00  8.3403E-01 -1.6796E-02
  1.3950E+00  8.0954E-01 -1.8386E-02
  1.5500E+00  7.8458E-01 -1.9865E-02
  1.7050E+00  7.5824E-01 -2.1232E-02
  1.8600E+00  7.2979E-01 -2.2478E-02
  2.0150E+00  6.9883E-01 -2.3595E-02
  2.1700E+00  6.6532E-01 -2.4571E-02
  2.3250E+00  6.2952E-01 -2.5398E-02
  2.4800E+00  5.9184E-01 -2.6066E-02
  2.6350E+00  5.5278E-01 -2.6572E-02
  2.7900E+00  5.1274E-01 -2.6911E-02
  2.9450E+00  4.7203E-01 -2.7084E-02
  3.1000E+00  4.3091E-01 -2.7092E-02
  3.2550E+00  3.8953E-01 -2.6935E-02
  3.4100E+00  3.4802E-01 -2.6616E-02
  3.5650E+00  3.0648E-01 -2.6139E-02
  3.7200E+00  2.6496E-01 -2.5507E-02
  3.8750E+00  2.2351E-01 -2.4723E-02
  4.0300E+00  1.8220E-01 -2.3793E-02
  4.1850E+00  1.4115E-01 -2.2720E-02
  4.3400E+00  1.0048E-01 -2.1509E-02
  4.4950E+00  6.0346E-02 -2.0168E-02
  4.6500E+00  2.0891E-02 -1.8701E-02
  4.8050E+00 -1.7753E-02 -1.7118E-02
  4.9600E+00 -5.5459E-02 -1.5426E-02
  5.1150E+00 -9.2110E-02 -1.3634E-02
  5.2700E+00 -1.2759E-01 -1.1750E-02
  5.4250E+00 -1.6180E-01 -9.7838E-03
  5.5800E+00 -1.9466E-01 -7.7458E-03
  5.7350E+00 -2.2608E-01 -5.6458E-03
  5.8900E+00 -2.5601E-01 -3.4941E-03
  6.0450E+00 -2.8437E-01 -1.3011E-03
  6.2000E+00 -3.1111E-01  9.2280E-04
  6.3550E+00 -3.3617E-01  3.1670E-03
  6.5100E+00 -3.5949E-01  5.4209E-03
  6.6650E+00 -3.8105E-01  7.6737E-03
  6.8200E+00 -4.0082E-01  9.9149E-03
  6.9750E+00 -4.1875E-01  1.2134E-02
  7.1300E+00 -4.3483E-01  1.4321E-02
  7.2850E+00 -4.4902E-01  1.6465E-02
  7.4400E+00 -4.6132E-01  1.8558E-02
  7.5950E+00 -4.7173E-01  2.0588E-02
  7.7500E+00 -4.8026E-01  2.2547E-02
  7.9050E+00 -4.8692E-01  2.4427E-02
  8.0600E+00 -4.9171E-01  2.6217E-02
  8.2150E+00 -4.9464E-01  2.7911E-02
  8.3700E+00 -4.9573E-01  2.9501E-02
  8.5250E+00 -4.9501E-01  3.0979E-02
  8.6800E+00 -4.9253E-01  3.2338E-02
  8.8350E+00 -4.8832E-01  3.3573E-02
  8.9900E+00 -4.8242E-01  3.4678E-02
  9.1450E+00 -4.7486E-01  3.5648E-02
  9.3000E+00 -4.6569E-01  3.6477E-02
  9.4550E+00 -4.5495E-01  3.7163E-02
  9.6100E+00 -4.4271E-01  3.7701E-02
  9.7650E+00 -4.2903E-01  3.8090E-02
  9.9200E+00 -4.1398E-01  3.8325E-02
  1.0075E+01 -3.9761E-01  3.8407E-02
  1.0230E+01 -3.7998E-01  3.8334E-02
  1.0385E+01 -3.6115E-01  3.8106E-02
  1.0540E+01 -3.4119E-01  3.7722E-02
  1.0695E+01 -3.2020E-01  3.7183E-02
  1.0850E+01 -2.9825E-01  3.6492E-02
  1.1005E+01 -2.7541E-01  3.5649E-02
  1.1160E+01 -2.5176E-01  3.4658E-02
  1.1315E+01 -2.2735E-01  3.3521E-02
  1.1470E+01 -2.0228E-01  3.2242E-02
  1.1625E+01 -1.7663E-01  3.0825E-02
  1.1780E+01 -1.5050E-01  2.9275E-02
  1.1935E+01 -1.2396E-01  2.7597E-02
  1.2090E+01 -9.7085E-02  2.5796E-02
  1.2245E+01 -6.9955E-02  2.3879E-02
  1.2400E+01 -4.2649E-02  2.1852E-02
  1.2555E+01 -1.5252E-02  1.9722E-02
  1.2710E+01  1.2147E-02  1.7496E-02
  1.2865E+01  3.9465E-02  1.5181E-02
  1.3020E+01  6.6625E-02  1.2787E-02
  1.3175E+01  9.3559E-02  1.0321E-02
  1.3330E+01  1.2019E-01  7.7909E-03
  1.3485E+01  1.4645E-01  5.2062E-03
  1.3640E+01  1.7225E-01  2.5757E-03
  1.3795E+01  1.9751E-01 -9.1550E-05
  1.3950E+01  2.2217E-01 -2.7863E-03
  1.4105E+01  2.4617E-01 -5.4990E-03
  1.4260E+01  2.6945E-01 -8.2205E-03
  1.4415E+01  2.9195E-01 -1.0941E-02
  1.4570E+01  3.1359E-01 -1.3651E-02
  1.4725E+01  3.3432E-01 -1.6342E-02
  1.4880E+01  3.5409E-01 -1.9003E-02
  1.5035E+01  3.7284E-01 -2.1626E-02
  1.5190E+01  3.9055E-01 -2.4200E-02
  1.5345E+01  4.0716E-01 -2.6718E-02
  1.5500E+01  4.2262E-01 -2.9170E-02
  1.5655E+01  4.3691E-01 -3.1547E-02
  1.5810E+01  4.4997E-01 -3.3842E-02
  1.5965E+01  4.6179E-01 -3.6045E-02
  1.6120E+01  4.7235E-01 -3.8149E-02
  1.6275E+01  4.8163E-01 -4.0146E-02
  1.6430E+01  4.8960E-01 -4.2029E-02
  1.6585E+01  4.9624E-01 -4.3791E-02
  1.6740E+01  5.0153E-01 -4.5426E-02
  1.6895E+01  5.0549E-01 -4.6928E-02
  1.7050E+01  5.0811E-01 -4.8290E-02
  1.7205E+01  5.0939E-01 -4.9508E-02
  1.7360E+01  5.0934E-01 -5.0577E-02
  1.7515E+01  5.0796E-01 -5.1493E-02
  1.7670E+01  5.0525E-01 -5.2252E-02
  1.7825E+01  5.0123E-01 -5.2851E-02
  1.7980E+01  4.9594E-01 -5.3287E-02
  1.8135E+01  4.8939E-01 -5.3558E-02
  1.8290E+01  4.8162E-01 -5.3662E-02
  1.8445E+01  4.7264E-01 -5.3599E-02
  1.8600E+01  4.6249E-01 -5.3368E-02
  1.8755E+01  4.5119E-01 -5.2969E-02
  1.8910E+01  4.3880E-01 -5.2402E-02
  1.9065E+01  4.2537E-01 -5.1669E-02
  1.9220E+01  4.1093E-01 -5.0771E-02
  1.9375E+01  3.9554E-01 -4.9712E-02
  1.9530E+01  3.7923E-01 -4.8492E-02
  1.9685E+01  3.6205E-01 -4.7117E-02
  1.9840E+01  3.4406E-01 -4.5589E-02
  1.9995E+01  3.2533E-01 -4.3913E-02
  2.0150E+01  3.0591E-01 -4.2094E-02
  2.0305E+01  2.8587E-01 -4.0137E-02
  2.0460E+01  2.6525E-01 -3.8048E-02
  2.0615E+01  2.4412E-01 -3.5834E-02
  2.0770E+01  2.2254E-01 -3.3500E-02
  2.0925E+01  2.0057E-01 -3.1055E-02
  2.1080E+01  1.7829E-01 -2.8504E-02
  2.1235E+01  1.5577E-01 -2.5858E-02
  2.1390E+01  1.3305E-01 -2.3122E-02
  2.1545E+01  1.1022E-01 -2.0307E-02
  2.1700E+01  8.7316E-02 -1.7420E-02
  2.1855E+01  6.4421E-02 -1.4471E-02
  2.2010E+01  4.1599E-02 -1.1468E-02
  2.2165E+01  1.8918E-02 -8.4215E-03
  2.2320E+01 -3.5604E-03 -5.3408E-03
  2.2475E+01 -2.5778E-02 -2.2356E-03
  2.2630E+01 -4.7676E-02  8.8445E-04
  2.2785E+01 -6.9197E-02  4.0095E-03
  2.2940E+01 -9.0278E-02  7.1296E-03
  2.3095E+01 -1.1086E-01  1.0235E-02
  2.3250E+01 -1.3089E-01  1.3315E-02
  2.3405E+01 -1.5032E-01  1.6361E-02
  2.3560E+01 -1.6909E-01  1.9363E-02
  2.3715E+01 -1.8716E-01  2.2311E-02
  2.3870E+01 -2.0449E-01  2.5196E-02
  2.4025E+01 -2.2102E-01  2.8008E-02
  2.4180E+01 -2.3672E-01  3.0738E-02
  2.4335E+01 -2.5155E-01  3.3378E-02
  2.4490E+01 -2.6547E-01  3.5918E-02
  2.4645E+01 -2.7846E-01  3.8352E-02
  2.4800E+01 -2.9047E-01  4.0670E-02
  2.4955E+01 -3.0149E-01  4.2866E-02
  2.5110E+01 -3.1149E-01  4.4932E-02
  2.5265E+01 -3.2045E-01  4.6860E-02
  2.5420E+01 -3.2835E-01  4.8646E-02
  2.5575E+01 -3.3518E-01  5.0283E-02
  2.5730E+01 -3.4093E-01  5.1765E-02
  2.5885E+01 -3.4559E-01  5.3087E-02
  2.6040E+01 -3.4915E-01  5.4245E-02
  2.6195E+01 -3.5161E-01  5.5236E-02
  2.6350E+01 -3.5298E-01  5.6054E-02
  2.6505E+01 -3.5325E-01  5.6698E-02
  2.6660E+01 -3.5244E-01  5.7165E-02
  2.6815E+01 -3.5055E-01  5.7453E-02
  2.6970E+01 -3.4761E-01  5.7562E-02
  2.7125E+01 -3.4362E-01  5.7489E-02
  2.7280E+01 -3.3861E-01  5.7235E-02
  2.7435E+01 -3.3259E-01  5.6801E-02
  2.7590E+01 -3.2560E-01  5.6187E-02
  2.7745E+01 -3.1766E-01  5.5395E-02
  2.7900E+01 -3.0880E-01  5.4427E-02
  2.8055E+01 -2.9906E-01  5.3286E-02
  2.8210E+01 -2.8846E-01  5.1974E-02
  2.8365E+01 -2.7704E-01  5.0496E-02
  2.8520E+01 -2.6485E-01  4.8855E-02
  2.8675E+01 -2.5193E-01  4.7057E-02
  2.8830E+01 -2.3831E-01  4.5107E-02
  2.8985E+01 -2.2405E-01  4.3011E-02
  2.9140E+01 -2.0918E-01  4.0773E-02
  2.9295E+01 -1.9376E-01  3.8403E-02
  2.9450E+01 -1.7783E-01  3.5905E-02
  2.9605E+01 -1.6145E-01  3.3288E-02
  2.9760E+01 -1.4466E-01  3.0560E-02
  2.9915E+01 -1.2752E-01  2.7729E-02
  3.0070E+01 -1.1008E-01  2.4803E-02
  3.0225E+01 -9.2389E-02  2.1791E-02
  3.0380E+01 -7.4504E-02  1.8702E-02
  3.0535E+01 -5.6477E-02  1.5546E-02
  3.0690E+01 -3.8361E-02  1.2332E-02
  3.0845E+01 -2.0208E-02  9.0696E-03
  3.1000E+01 -2.0724E-03  5.7692E-03
  3.1155E+01  1.5994E-02  2.4406E-03
  3.1310E+01  3.3938E-02 -9.0601E-04
  3.1465E+01  5.1709E-02 -4.2605E-03
  3.1620E+01  6.9256E-02 -7.6126E-03
  3.1775E+01  8.6530E-02 -1.0952E-02
  3.1930E+01  1.0348E-01 -1.4269E-02
  3.2085E+01  1.2007E-01 -1.7552E-02
  3.2240E+01  1.3624E-01 -2.0793E-02
  3.2395E+01  1.5195E-01 -2.3981E-02
  3.2550E+01  1.6716E-01 -2.7106E-02
  3.2705E+01  1.8183E-01 -3.0158E-02
  3.2860E+01  1.9592E-01 -3.3129E-02
  3.3015E+01  2.0940E-01 -3.6009E-02
  3.3170E+01  2.2222E-01 -3.8790E-02
  3.3325E+01  2.3436E-01 -4.1462E-02
  3.3480E+01  2.4577E-01 -4.4017E-02
  3.3635E+01  2.5644E-01 -4.6448E-02
  3.3790E+01  2.6635E-01 -4.8747E-02
  3.3945E+01  2.7545E-01 -5.0907E-02
  3.4100E+01  2.8374E-01 -5.2921E-02
  3.4255E+01  2.9119E-01 -5.4783E-02
  3.4410E+01  2.9779E-01 -5.6487E-02
  3.4565E+01  3.0353E-01 -5.8028E-02
  3.4720E+01  3.0839E-01 -5.9400E-02
  3.4875E+01  3.1236E-01 -6.0601E-02
  3.5030E+01  3.1545E-01 -6.1625E-02
  3.5185E+01  3.1764E-01 -6.2469E-02
  3.5340E+01  3.1893E-01 -6.3131E-02
  3.5495E+01  3.1932E-01 -6.3609E-02
  3.5650E+01  3.1882E-01 -6.3901E-02
  3.5805E+01  3.1744E-01 -6.4005E-02
  3.5960E+01  3.1518E-01 -6.3922E-02
  3.6115E+01  3.1206E-01 -6.3651E-02
  3.6270E+01  3.0809E-01 -6.3193E-02
  3.6425E+01  3.0328E-01 -6.2549E-02
  3.6580E+01  2.9765E-01 -6.1722E-02
  3.6735E+01  2.9124E-01 -6.0712E-02
  3.6890E+01  2.8406E-01 -5.9524E-02
  3.7045E+01  2.7612E-01 -5.8160E-02
  3.7200E+01  2.6747E-01 -5.6625E-02
  3.7355E+01  2.5813E-01 -5.4922E-02
  3.7510E+01  2.4812E-01 -5.3058E-02
  3.7665E+01  2.3748E-01 -5.1036E-02
  3.7820E+01  2.2625E-01 -4.8864E-02
  3.7975E+01  2.1446E-01 -4.6548E-02
  3.8130E+01  2.0215E-01 -4.4094E-02
  3.8285E+01  1.8934E-01 -4.1509E-02
  3.8440E+01  1.7609E-01 -3.8802E-02
  3.8595E+01  1.6243E-01 -3.5980E-02
  3.8750E+01  1.4841E-01 -3.3051E-02
  3.8905E+01  1.3407E-01 -3.0025E-02
  3.9060E+01  1.1944E-01 -2.6910E-02
  3.9215E+01  1.0458E-01 -2.3715E-02
  3.9370E+01  8.9519E-02 -2.0450E-02
  3.9525E+01  7.4305E-02 -1.7125E-02
  3.9680E+01  5.8983E-02 -1.3748E-02
  3.9835E+01  4.3596E-02 -1.0331E-02
  3.9990E+01  2.8187E-02 -6.8835E-03
  4.0145E+01  1.2798E-02 -3.4155E-03
  4.0300E+01 -2.5300E-03  6.2652E-05
  4.0455E+01 -1.7754E-02  3.5407E-03
  4.0610E+01 -3.2829E-02  7.0083E-03
  4.0765E+01 -4.7714E-02  1.0455E-02
  4.0920E+01 -6.2366E-02  1.3871E-02
  4.1075E+01 -7.6748E-02  1.7246E-02
  4.1230E+01 -9.0822E-02  2.0570E-02
  4.1385E+01 -1.0455E-01  2.3833E-02
  4.1540E+01 -1.1790E-01  2.7026E-02
  4.1695E+01 -1.3083E-01  3.0139E-02
  4.1850E+01 -1.4330E-01  3.3163E-02
  4.2005E+01 -1.5530E-01  3.6088E-02
  4.2160E+01 -1.6678E-01  3.8908E-02
  4.2315E+01 -1.7773E-01  4.1612E-02
  4.2470E+01 -1.8812E-01  4.4193E-02
  4.2625E+01 -1.9791E-01  4.6644E-02
  4.2780E+01 -2.0708E-01  4.8957E-02
  4.2935E+01 -2.1562E-01  5.1126E-02
  4.3090E+01 -2.2351E-01  5.3144E-02
  4.3245E+01 -2.3073E-01  5.5005E-02
  4.3400E+01 -2.3726E-01  5.6704E-02
  4.3555E+01 -2.4309E-01  5.8236E-02
  4.3710E+01 -2.4820E-01  5.9597E-02
  4.3865E+01 -2.5259E-01  6.0782E-02
  4.4020E+01 -2.5625E-01  6.1788E-02
  4.4175E+01 -2.5917E-01  6.2612E-02
  4.4330E+01 -2.6136E-01  6.3252E-02
  4.4485E+01 -2.6281E-01  6.3707E-02
  4.4640E+01 -2.6352E-01  6.3974E-02
  4.4795E+01 -2.6350E-01  6.4053E-02
  4.4950E+01 -2.6275E-01  6.3944E-02
  4.5105E+01 -2.6128E-01  6.3647E-02
  4.5260E+01 -2.5910E-01  6.3164E-02
  4.5415E+01 -2.5622E-01  6.2496E-02
  4.5570E+01 -2.5266E-01  6.1645E-02
  4.5725E+01 -2.4843E-01  6.0613E-02
  4.5880E+01 -2.4355E-01  5.9404E-02
  4.6035E+01 -2.3803E-01  5.8022E-02
  4.6190E+01 -2.3191E-01  5.6470E-02
  4.6345E+01 -2.2519E-01  5.4754E-02
  4.6500E+01 -2.1791E-01  5.2878E-02
  4.6655E+01 -2.1008E-01  5.0849E-02
  4.6810E+01 -2.0174E-01  4.8671E-02
  4.6965E+01 -1.9290E-01  4.6353E-02
  4.7120E+01 -1.8361E-01  4.3900E-02
  4.7275E+01 -1.7389E-01  4.1320E-02
  4.7430E+01 -1.6376E-01  3.8621E-02
  4.7585E+01 -1.5327E-01  3.5811E-02
  4.7740E+01 -1.4244E-01  3.2897E-02
  4.7895E+01 -1.3131E-01  2.9890E-02
  4.8050E+01 -1.1990E-01  2.6797E-02
  4.8205E+01 -1.0827E-01  2.3627E-02
  4.8360E+01 -9.6438E-02  2.0391E-02
  4.8515E+01 -8.4445E-02  1.7098E-02
  4.8670E+01 -7.2325E-02  1.3757E-02
  4.8825E+01 -6.0115E-02  1.0378E-02
  4.8980E+01 -4.7853E-02  6.9722E-03
  4.9135E+01 -3.5573E-02  3.5483E-03
  4.9290E+01 -2.3313E-02  1.1694E-04
  4.9445E+01 -1.1105E-02 -3.3119E-03
  4.9600E+01  1.0150E-03 -6.7280E-03
  4.9755E+01  1.3014E-02 -1.0121E-02
  4.9910E+01  2.4858E-02 -1.3482E-02
  5.0065E+01  3.6514E-02 -1.6801E-02
  5.0220E+01  4.7950E-02 -2.0067E-02
  5.0375E+01  5.9137E-02 -2.3271E-02
  5.0530E+01  7.0044E-02 -2.6404E-02
  5.0685E+01  8.0642E-02 -2.9457E-02
  5.0840E+01  9.0904E-02 -3.2421E-02
  5.0995E+01  1.0080E-01 -3.5288E-02
  5.1150E+01  1.1031E-01 -3.8048E-02
  5.1305E+01  1.1940E-01 -4.0695E-02
  5.1460E+01  1.2806E-01 -4.3219E-02
  5.1615E+01  1.3625E-01 -4.5615E-02
  5.1770E+01  1.4396E-01 -4.7876E-02
  5.1925E+01  1.5117E-01 -4.9993E-02
  5.2080E+01  1.5787E-01 -5.1963E-02
  5.2235E+01  1.6402E-01 -5.3779E-02
  5.2390E+01  1.6963E-01 -5.5435E-02
  5.2545E+01  1.7467E-01 -5.6928E-02
  5.2700E+01  1.7915E-01 -5.8252E-02
  5.2855E+01  1.8303E-01 -5.9405E-02
  5.3010E+01  1.8633E-01 -6.0383E-02
  5.3165E+01  1.8903E-01 -6.1183E-02
  5.3320E+01  1.9113E-01 -6.1803E-02
  5.3475E+01  1.9264E-01 -6.2242E-02
  5.3630E+01  1.9353E-01 -6.2498E-02
  5.3785E+01  1.9383E-01 -6.2571E-02
  5.3940E+01  1.9353E-01 -6.2461E-02
  5.4095E+01  1.9264E-01 -6.2169E-02
  5.4250E+01  1.9117E-01 -6.1695E-02
  5.4405E+01  1.8912E-01 -6.1041E-02
  5.4560E+01  1.8650E-01 -6.0209E-02
  5.4715E+01  1.8332E-01 -5.9202E-02
  5.4870E+01  1.7960E-01 -5.8023E-02
  5.5025E+01  1.7534E-01 -5.6675E-02
  5.5180E+01  1.7057E-01 -5.5163E-02
  5.5335E+01  1.6531E-01 -5.3491E-02
  5.5490E+01  1.5956E-01 -5.1665E-02
  5.5645E+01  1.5335E-01 -4.9689E-02
  5.5800E+01  1.4670E-01 -4.7570E-02
  5.5955E+01  1.3962E-01 -4.5315E-02
  5.6110E+01  1.3215E-01 -4.2929E-02
  5.6265E+01  1.2431E-01 -4.0419E-02
  5.6420E+01  1.1611E-01 -3.7795E-02
  5.6575E+01  1.0760E-01 -3.5062E-02
  5.6730E+01  9.8779E-02 -3.2229E-02
  5.6885E+01  8.9691E-02 -2.9305E-02
  5.7040E+01  8.0358E-02 -2.6298E-02
  5.7195E+01  7.0809E-02 -2.3217E-02
  5.7350E+01  6.1073E-02 -2.0071E-02
  5.7505E+01  5.1178E-02 -1.6870E-02
  5.7660E+01  4.1154E-02 -1.3621E-02
  5.7815E+01  3.1028E-02 -1.0336E-02
  5.7970E+01  2.0831E-02 -7.0237E-03
  5.8125E+01  1.0591E-02 -3.6934E-03
  5.8280E+01  3.3934E-04 -3.5503E-04
  5.8435E+01 -9.8968E-03  2.9817E-03
  5.8590E+01 -2.0089E-02  6.3071E-03
  5.8745E+01 -3.0210E-02  9.6117E-03
  5.8900E+01 -4.0231E-02  1.2886E-02
  5.9055E+01 -5.0125E-02  1.6120E-02
  5.9210E+01 -5.9865E-02  1.9306E-02
  5.9365E+01 -6.9423E-02  2.2433E-02
  5.9520E+01 -7.8775E-02  2.5492E-02
  5.9675E+01 -8.7896E-02  2.8476E-02
  5.9830E+01 -9.6764E-02  3.1376E-02
  5.9985E+01 -1.0535E-01  3.4183E-02
  6.0140E+01 -1.1364E-01  3.6889E-02
  6.0295E+01 -1.2161E-01  3.9487E-02
  6.0450E+01 -1.2923E-01  4.1970E-02
  6.0605E+01 -1.3649E-01  4.4330E-02
  6.0760E+01 -1.4338E-01  4.6561E-02
  6.0915E+01 -1.4987E-01  4.8656E-02
  6.1070E+01 -1.5595E-01  5.0610E-02
  6.1225E+01 -1.6160E-01  5.2418E-02
  6.1380E+01 -1.6681E-01  5.4075E-02
  6.1535E+01 -1.7157E-01  5.5575E-02
  6.1690E+01 -1.7587E-01  5.6915E-02
  6.1845E+01 -1.7969E-01  5.8092E-02
  6.2000E+01 -1.8304E-01  5.9102E-02
  6.2155E+01 -1.8591E-01  5.9942E-02
  6.2310E+01 -1.8829E-01  6.0612E-02
  6.2465E+01 -1.9017E-01  6.1108E-02
  6.2620E+01 -1.9157E-01  6.1430E-02
  6.2775E+01 -1.9247E-01  6.1577E-02
  6.2930E+01 -1.9287E-01  6.1550E-02
  6.3085E+01 -1.9278E-01  6.1349E-02
  6.3240E+01 -1.9221E-01  6.0974E-02
  6.3395E+01 -1.9115E-01  6.0427E-02
  6.3550E+01 -1.8961E-01  5.9709E-02
  6.3705E+01 -1.8761E-01  5.8825E-02
  6.3860E+01 -1.8515E-01  5.7776E-02
  6.4015E+01 -1.8224E-01  5.6565E-02
  6.4170E+01 -1.7890E-01  5.5197E-02
  6.4325E+01 -1.7513E-01  5.3676E-02
  6.4480E+01 -1.7095E-01  5.2006E-02
  6.4635E+01 -1.6636E-01  5.0193E-02
  6.4790E+01 -1.6140E-01  4.8242E-02
  6.4945E+01 -1.5607E-01  4.6159E-02
  6.5100E+01 -1.5040E-01  4.3951E-02
  6.5255E+01 -1.4440E-01  4.1624E-02
  6.5410E+01 -1.3810E-01  3.9184E-02
  6.5565E+01 -1.3151E-01  3.6641E-02
  6.5720E+01 -1.2465E-01  3.4000E-02
  6.5875E+01 -1.1754E-01  3.1270E-02
  6.6030E+01 -1.1019E-01  2.8458E-02
  6.6185E+01 -1.0265E-01  2.5574E-02
  6.6340E+01 -9.4918E-02  2.2626E-02
  6.6495E+01 -8.7034E-02  1.9621E-02
  6.6650E+01 -7.9021E-02  1.6570E-02
  6.6805E+01 -7.0900E-02  1.3481E-02
  6.6960E+01 -6.2695E-02  1.0363E-02
  6.7115E+01 -5.4426E-02  7.2254E-03
  6.7270E+01 -4.6115E-02  4.0767E-03
  6.7425E+01 -3.7783E-02  9.2625E-04
  6.7580E+01 -2.9456E-02 -2.2168E-03
  6.7735E+01 -2.1159E-02 -5.3434E-03
  6.7890E+01 -1.2918E-02 -8.4445E-03
  6.8045E+01 -4.7626E-03 -1.1511E-02
  6.8200E+01  3.2840E-03 -1.4535E-02
  6.8355E+01  1.1201E-02 -1.7506E-02
  6.8510E+01  1.8972E-02 -2.0417E-02
  6.8665E+01  2.6582E-02 -2.3260E-02
  6.8820E+01  3.4018E-02 -2.6026E-02
  6.8975E+01  4.1259E-02 -2.8707E-02
  6.9130E+01  4.8281E-02 -3.1297E-02
  6.9285E+01  5.5057E-02 -3.3788E-02
  6.9440E+01  6.1559E-02 -3.6173E-02
  6.9595E+01  6.7769E-02 -3.8444E-02
  6.9750E+01  7.3674E-02 -4.0597E-02
  6.9905E+01  7.9271E-02 -4.2624E-02
  7.0060E+01  8.4559E-02 -4.4520E-02
  7.0215E+01  8.9534E-02 -4.6280E-02
  7.0370E+01  9.4187E-02 -4.7900E-02
  7.0525E+01  9.8503E-02 -4.9376E-02
  7.0680E+01  1.0246E-01 -5.0703E-02
  7.0835E+01  1.0603E-01 -5.1878E-02
  7.0990E+01  1.0921E-01 -5.2898E-02
  7.1145E+01  1.1197E-01 -5.3760E-02
  7.1300E+01  1.1432E-01 -5.4462E-02
  7.1455E+01  1.1627E-01 -5.5002E-02
  7.1610E+01  1.1781E-01 -5.5379E-02
  7.1765E+01  1.1897E-01 -5.5592E-02
  7.1920E+01  1.1975E-01 -5.5642E-02
  7.2075E+01  1.2015E-01 -5.5528E-02
  7.2230E+01  1.2017E-01 -5.5252E-02
  7.2385E+01  1.1979E-01 -5.4815E-02
  7.2540E+01  1.1902E-01 -5.4218E-02
  7.2695E+01  1.1783E-01 -5.3463E-02
  7.2850E+01  1.1622E-01 -5.2553E-02
  7.3005E+01  1.1420E-01 -5.1490E-02
  7.3160E+01  1.1178E-01 -5.0278E-02
  7.3315E+01  1.0899E-01 -4.8920E-02
  7.3470E+01  1.0586E-01 -4.7421E-02
  7.3625E+01  1.0244E-01 -4.5786E-02
  7.3780E+01  9.8732E-02 -4.4019E-02
  7.3935E+01  9.4766E-02 -4.2127E-02
  7.4090E+01  9.0540E-02 -4.0115E-02
  7.4245E+01  8.6050E-02 -3.7990E-02
  7.4400E+01  8.1289E-02 -3.5758E-02
  7.4555E+01  7.6253E-02 -3.3426E-02
  7.4710E+01  7.0947E-02 -3.1000E-02
  7.4865E+01  6.5382E-02 -2.8488E-02
  7.5020E+01  5.9580E-02 -2.5896E-02
  7.5175E+01  5.3565E-02 -2.3232E-02
  7.5330E+01  4.7364E-02 -2.0505E-02
  7.5485E+01  4.1007E-02 -1.7721E-02
  7.5640E+01  3.4523E-02 -1.4888E-02
  7.5795E+01  2.7942E-02 -1.2017E-02
  7.5950E+01  2.1292E-02 -9.1134E-03
  7.6105E+01  1.4601E-02 -6.1877E-03
  7.6260E+01  7.8912E-03 -3.2481E-03
  7.6415E+01  1.1793E-03 -3.0322E-04
  7.6570E+01 -5.5236E-03  2.6383E-03
  7.6725E+01 -1.2211E-02  5.5682E-03
  7.6880E+01 -1.8880E-02  8.4780E-03
  7.7035E+01 -2.5522E-02  1.1360E-02
  7.7190E+01 -3.2128E-02  1.4205E-02
  7.7345E+01 -3.8680E-02  1.7007E-02
  7.7500E+01 -4.5154E-02  1.9757E-02
  7.7655E+01 -5.1525E-02  2.2447E-02
  7.7810E+01 -5.7764E-02  2.5069E-02
  7.7965E+01 -6.3847E-02  2.7617E-02
  7.8120E+01 -6.9755E-02  3.0083E-02
  7.8275E+01 -7.5472E-02  3.2460E-02
  7.8430E+01 -8.0985E-02  3.4742E-02
  7.8585E+01 -8.6287E-02  3.6922E-02
  7.8740E+01 -9.1366E-02  3.8994E-02
  7.8895E+01 -9.6212E-02  4.0954E-02
  7.9050E+01 -1.0082E-01  4.2795E-02
  7.9205E+01 -1.0516E-01  4.4513E-02
  7.9360E+01 -1.0924E-01  4.6103E-02
  7.9515E+01 -1.1303E-01  4.7561E-02
  7.9670E+01 -1.1653E-01  4.8883E-02
  7.9825E+01 -1.1973E-01  5.0066E-02
  7.9980E+01 -1.2261E-01  5.1106E-02
  8.0135E+01 -1.2518E-01  5.2001E-02
  8.0290E+01 -1.2742E-01  5.2749E-02
  8.0445E+01 -1.2934E-01  5.3347E-02
  8.0600E+01 -1.3093E-01  5.3796E-02
  8.0755E+01 -1.3220E-01  5.4093E-02
  8.0910E+01 -1.3314E-01  5.4239E-02
  8.1065E+01 -1.3375E-01  5.4233E-02
  8.1220E+01 -1.3404E-01  5.4076E-02
  8.1375E+01 -1.3400E-01  5.3769E-02
  8.1530E+01 -1.3365E-01  5.3313E-02
  8.1685E+01 -1.3297E-01  5.2710E-02
  8.1840E+01 -1.3198E-01  5.1962E-02
  8.1995E+01 -1.3068E-01  5.1071E-02
  8.2150E+01 -1.2907E-01  5.0041E-02
  8.2305E+01 -1.2715E-01  4.8875E-02
  8.2460E+01 -1.2494E-01  4.7577E-02
  8.2615E+01 -1.2243E-01  4.6150E-02
  8.2770E+01 -1.1965E-01  4.4600E-02
  8.2925E+01 -1.1660E-01  4.2930E-02
  8.3080E+01 -1.1329E-01  4.1146E-02
  8.3235E+01 -1.0973E-01  3.9254E-02
  8.3390E+01 -1.0595E-01  3.7260E-02
  8.3545E+01 -1.0194E-01  3.5168E-02
  8.3700E+01 -9.7726E-02  3.2986E-02
  8.3855E+01 -9.3313E-02  3.0720E-02
  8.4010E+01 -8.8716E-02  2.8376E-02
  8.4165E+01 -8.3949E-02  2.5963E-02
  8.4320E+01 -7.9025E-02  2.3486E-02
  8.4475E+01 -7.3959E-02  2.0953E-02
  8.4630E+01 -6.8767E-02  1.8372E-02
  8.4785E+01 -6.3463E-02  1.5749E-02
  8.4940E+01 -5.8065E-02  1.3094E-02
  8.5095E+01 -5.2587E-02  1.0412E-02
  8.5250E+01 -4.7046E-02  7.7127E-03
  8.5405E+01 -4.1458E-02  5.0031E-03
  8.5560E+01 -3.5838E-02  2.2910E-03
  8.5715E+01 -3.0203E-02 -4.1584E-04
  8.5870E+01 -2.4567E-02 -3.1096E-03
  8.6025E+01 -1.8947E-02 -5.7827E-03
  8.6180E+01 -1.3357E-02 -8.4275E-03
  8.6335E+01 -7.8129E-03 -1.1037E-02
  8.6490E+01 -2.3298E-03 -1.3603E-02
  8.6645E+01  3.0774E-03 -1.6118E-02
  8.6800E+01  8.3945E-03 -1.8577E-02
  8.6955E+01  1.3607E-02 -2.0971E-02
  8.7110E+01  1.8701E-02 -2.3295E-02
  8.7265E+01  2.3664E-02 -2.5541E-02
  8.7420E+01  2.8483E-02 -2.7704E-02
  8.7575E+01  3.3145E-02 -2.9778E-02
  8.7730E+01  3.7639E-02 -3.1757E-02
  8.7885E+01  4.1953E-02 -3.3636E-02
  8.8040E+01  4.6076E-02 -3.5409E-02
  8.8195E+01  5.0000E-02 -3.7072E-02
  8.8350E+01  5.3714E-02 -3.8621E-02
  8.8505E+01  5.7209E-02 -4.0052E-02
  8.8660E+01  6.0478E-02 -4.1360E-02
  8.8815E+01  6.3514E-02 -4.2543E-02
  8.8970E+01  6.6308E-02 -4.3597E-02
  8.9125E+01  6.8856E-02 -4.4520E-02
  8.9280E+01  7.1152E-02 -4.5310E-02
  8.9435E+01  7.3191E-02 -4.5965E-02
  8.9590E+01  7.4970E-02 -4.6483E-02
  8.9745E+01  7.6486E-02 -4.6863E-02
  8.9900E+01  7.7736E-02 -4.7106E-02
  9.0055E+01  7.8718E-02 -4.7209E-02
  9.0210E+01  7.9432E-02 -4.7175E-02
  9.0365E+01  7.9879E-02 -4.7003E-02
  9.0520E+01  8.0058E-02 -4.6693E-02
  9.0675E+01  7.9971E-02 -4.6249E-02
  9.0830E+01  7.9621E-02 -4.5670E-02
  9.0985E+01  7.9010E-02 -4.4960E-02
  9.1140E+01  7.8143E-02 -4.4121E-02
  9.1295E+01  7.7024E-02 -4.3155E-02
  9.1450E+01  7.5657E-02 -4.2066E-02
  9.1605E+01  7.4049E-02 -4.0857E-02
  9.1760E+01  7.2206E-02 -3.9532E-02
  9.1915E+01  7.0136E-02 -3.8096E-02
  9.2070E+01  6.7845E-02 -3.6552E-02
  9.2225E+01  6.5342E-02 -3.4906E-02
  9.2380E+01  6.2635E-02 -3.3162E-02
  9.2535E+01  5.9735E-02 -3.1327E-02
  9.2690E+01  5.6650E-02 -2.9404E-02
  9.2845E+01  5.3392E-02 -2.7401E-02
  9.3000E+01  4.9970E-02 -2.5324E-02
  9.3155E+01  4.6396E-02 -2.3177E-02
  9.3310E+01  4.2681E-02 -2.0968E-02
  9.3465E+01  3.8837E-02 -1.8704E-02
  9.3620E+01  3.4875E-02 -1.6390E-02
  9.3775E+01  3.0809E-02 -1.4035E-02
  9.3930E+01  2.6650E-02 -1.1643E-02
  9.4085E+01  2.2410E-02 -9.2237E-03
  9.4240E+01  1.8104E-02 -6.7826E-03
  9.4395E+01  1.3742E-02 -4.3270E-03
  9.4550E+01  9.3387E-03 -1.8641E-03
  9.4705E+01  4.9061E-03  5.9912E-04
  9.4860E+01  4.5725E-04  3.0556E-03
  9.5015E+01 -3.9952E-03  5.4983E-03
  9.5170E+01 -8.4387E-03  7.9203E-03
  9.5325E+01 -1.2861E-02  1.0315E-02
  9.5480E+01 -1.7248E-02  1.2675E-02
  9.5635E+01 -2.1590E-02  1.4994E-02
  9.5790E+01 -2.5874E-02  1.7266E-02
  9.5945E+01 -3.0089E-02  1.9485E-02
  9.6100E+01 -3.4222E-02  2.1643E-02
  9.6255E+01 -3.8264E-02  2.3736E-02
  9.6410E+01 -4.2202E-02  2.5757E-02
  9.6565E+01 -4.6028E-02  2.7701E-02
  9.6720E+01 -4.9729E-02  2.9562E-02
  9.6875E+01 -5.3298E-02  3.1336E-02
  9.7030E+01 -5.6725E-02  3.3018E-02
  9.7185E+01 -6.0001E-02  3.4603E-02
  9.7340E+01 -6.3118E-02  3.6088E-02
  9.7495E+01 -6.6067E-02  3.7468E-02
  9.7650E+01 -6.8842E-02  3.8739E-02
  9.7805E+01 -7.1436E-02  3.9899E-02
  9.7960E+01 -7.3843E-02  4.0944E-02
  9.8115E+01 -7.6057E-02  4.1872E-02
  9.8270E+01 -7.8072E-02  4.2681E-02
  9.8425E+01 -7.9884E-02  4.3369E-02
  9.8580E+01 -8.1490E-02  4.3933E-02
  9.8735E+01 -8.2885E-02  4.4374E-02
  9.8890E+01 -8.4067E-02  4.4690E-02
  9.9045E+01 -8.5035E-02  4.4880E-02
  9.9200E+01 -8.5785E-02  4.4946E-02
  9.9355E+01 -8.6318E-02  4.4885E-02
  9.9510E+01 -8.6632E-02  4.4701E-02
  9.9665E+01 -8.6729E-02  4.4392E-02
  9.9820E+01 -8.6609E-02  4.3962E-02
  9.9975E+01 -8.6274E-02  4.3410E-02
  1.0013E+02 -8.5725E-02  4.2740E-02
  1.0029E+02 -8.4966E-02  4.1953E-02
  1.0044E+02 -8.4001E-02  4.1052E-02
  1.0060E+02 -8.2832E-02  4.0041E-02
  1.0075E+02 -8.1464E-02  3.8922E-02
  1.0091E+02 -7.9903E-02  3.7699E-02
  1.0106E+02 -7.8154E-02  3.6375E-02
  1.0122E+02 -7.6222E-02  3.4956E-02
  1.0137E+02 -7.4115E-02  3.3444E-02
  1.0153E+02 -7.1840E-02  3.1845E-02
  1.0168E+02 -6.9403E-02  3.0164E-02
  1.0184E+02 -6.6814E-02  2.8406E-02
  1.0199E+02 -6.4079E-02  2.6576E-02
  1.0215E+02 -6.1207E-02  2.4679E-02
  1.0230E+02 -5.8208E-02  2.2721E-02
  1.0246E+02 -5.5091E-02  2.0707E-02
  1.0261E+02 -5.1864E-02  1.8645E-02
  1.0277E+02 -4.8538E-02  1.6539E-02
  1.0292E+02 -4.5123E-02  1.4396E-02
  1.0308E+02 -4.1628E-02  1.2222E-02
  1.0323E+02 -3.8064E-02  1.0023E-02
  1.0339E+02 -3.4440E-02  7.8065E-03
  1.0354E+02 -3.0768E-02  5.5775E-03
  1.0370E+02 -2.7058E-02  3.3430E-03
  1.0385E+02 -2.3320E-02  1.1092E-03
  1.0401E+02 -1.9564E-02 -1.1176E-03
  1.0416E+02 -1.5801E-02 -3.3310E-03
  1.0432E+02 -1.2040E-02 -5.5248E-03
  1.0447E+02 -8.2931E-03 -7.6929E-03
  1.0463E+02 -4.5692E-03 -9.8292E-03
  1.0478E+02 -8.7844E-04 -1.1928E-02
  1.0494E+02  2.7694E-03 -1.3983E-02
  1.0509E+02  6.3646E-03 -1.5989E-02
  1.0525E+02  9.8980E-03 -1.7940E-02
  1.0540E+02  1.3360E-02 -1.9831E-02
  1.0556E+02  1.6743E-02 -2.1657E-02
  1.0571E+02  2.0037E-02 -2.3413E-02
  1.0587E+02  2.3235E-02 -2.5094E-02
  1.0602E+02  2.6328E-02 -2.6696E-02
  1.0618E+02  2.9308E-02 -2.8214E-02
  1.0633E+02  3.2170E-02 -2.9645E-02
  1.0649E+02  3.4905E-02 -3.0985E-02
  1.0664E+02  3.7508E-02 -3.2230E-02
  1.0680E+02  3.9972E-02 -3.3377E-02
  1.0695E+02  4.2291E-02 -3.4424E-02
  1.0711E+02  4.4462E-02 -3.5367E-02
  1.0726E+02  4.6478E-02 -3.6205E-02
  1.0742E+02  4.8335E-02 -3.6935E-02
  1.0757E+02  5.0030E-02 -3.7556E-02
  1.0773E+02  5.1559E-02 -3.8066E-02
  1.0788E+02  5.2919E-02 -3.8465E-02
  1.0804E+02  5.4107E-02 -3.8752E-02
  1.0819E+02  5.5122E-02 -3.8926E-02
  1.0835E+02  5.5962E-02 -3.8988E-02
  1.0850E+02  5.6626E-02 -3.8937E-02
  1.0866E+02  5.7113E-02 -3.8775E-02
  1.0881E+02  5.7424E-02 -3.8502E-02
  1.0897E+02  5.7558E-02 -3.8119E-02
  1.0912E+02  5.7517E-02 -3.7627E-02
  1.0928E+02  5.7303E-02 -3.7030E-02
  1.0943E+02  5.6916E-02 -3.6328E-02
  1.0959E+02  5.6361E-02 -3.5525E-02
  1.0974E+02  5.5639E-02 -3.4622E-02
  1.0990E+02  5.4755E-02 -3.3623E-02
  1.1005E+02  5.3711E-02 -3.2531E-02
  1.1021E+02  5.2512E-02 -3.1350E-02
  1.1036E+02  5.1164E-02 -3.0083E-02
  1.1052E+02  4.9671E-02 -2.8734E-02
  1.1067E+02  4.8038E-02 -2.7307E-02
  1.1083E+02  4.6271E-02 -2.5807E-02
  1.1098E+02  4.4377E-02 -2.4238E-02
  1.1114E+02  4.2362E-02 -2.2605E-02
  1.1129E+02  4.0233E-02 -2.0913E-02
  1.1145E+02  3.7997E-02 -1.9166E-02
  1.1160E+02  3.5660E-02 -1.7371E-02
  1.1176E+02  3.3232E-02 -1.5532E-02
  1.1191E+02  3.0718E-02 -1.3655E-02
  1.1207E+02  2.8127E-02 -1.1745E-02
  1.1222E+02  2.5467E-02 -9.8081E-03
  1.1238E+02  2.2747E-02 -7.8495E-03
  1.1253E+02  1.9974E-02 -5.8750E-03
  1.1269E+02  1.7156E-02 -3.8903E-03
  1.1284E+02  1.4303E-02 -1.9010E-03
  1.1300E+02  1.1422E-02  8.7113E-05
  1.1315E+02  8.5222E-03  2.0684E-03
  1.1331E+02  5.6115E-03  4.0374E-03
  1.1346E+02  2.6984E-03  5.9883E-03
  1.1362E+02 -2.0864E-04  7.9159E-03
  1.1377E+02 -3.1016E-03  9.8146E-03
  1.1393E+02 -5.9722E-03  1.1679E-02
  1.1408E+02 -8.8128E-03  1.3504E-02
  1.1424E+02 -1.1615E-02  1.5285E-02
  1.1439E+02 -1.4373E-02  1.7017E-02
  1.1455E+02 -1.7077E-02  1.8695E-02
  1.1470E+02 -1.9721E-02  2.0314E-02
  1.1486E+02 -2.2299E-02  2.1871E-02
  1.1501E+02 -2.4803E-02  2.3360E-02
  1.1517E+02 -2.7226E-02  2.4778E-02
  1.1532E+02 -2.9564E-02  2.6121E-02
  1.1548E+02 -3.1809E-02  2.7387E-02
  1.1563E+02 -3.3956E-02  2.8570E-02
  1.1579E+02 -3.6001E-02  2.9669E-02
  1.1594E+02 -3.7937E-02  3.0680E-02
  1.1610E+02 -3.9761E-02  3.1602E-02
  1.1625E+02 -4.1467E-02  3.2431E-02
  1.1641E+02 -4.3053E-02  3.3166E-02
  1.1656E+02 -4.4514E-02  3.3805E-02
  1.1672E+02 -4.5846E-02  3.4346E-02
  1.1687E+02 -4.7047E-02  3.4790E-02
  1.1703E+02 -4.8115E-02  3.5133E-02
  1.1718E+02 -4.9046E-02  3.5377E-02
  1.1734E+02 -4.9839E-02  3.5520E-02
  1.1749E+02 -5.0492E-02  3.5563E-02
  1.1765E+02 -5.1005E-02  3.5506E-02
  1.1780E+02 -5.1376E-02  3.5349E-02
  1.1796E+02 -5.1605E-02  3.5094E-02
  1.1811E+02 -5.1692E-02  3.4741E-02
  1.1827E+02 -5.1638E-02  3.4292E-02
  1.1842E+02 -5.1444E-02  3.3748E-02
  1.1858E+02 -5.1110E-02  3.3111E-02
  1.1873E+02 -5.0639E-02  3.2384E-02
  1.1889E+02 -5.0033E-02  3.1569E-02
  1.1904E+02 -4.9293E-02  3.0668E-02
  1.1920E+02 -4.8424E-02  2.9685E-02
  1.1935E+02 -4.7428E-02  2.8622E-02
  1.1951E+02 -4.6309E-02  2.7483E-02
  1.1966E+02 -4.5070E-02  2.6271E-02
  1.1982E+02 -4.3716E-02  2.4990E-02
  1.1997E+02 -4.2251E-02  2.3644E-02
  1.2013E+02 -4.0681E-02  2.2237E-02
  1.2028E+02 -3.9009E-02  2.0773E-02
  1.2044E+02 -3.7242E-02  1.9257E-02
  1.2059E+02 -3.5385E-02  1.7692E-02
  1.2075E+02 -3.3443E-02  1.6084E-02
  1.2090E+02 -3.1423E-02  1.4438E-02
  1.2106E+02 -2.9331E-02  1.2757E-02
  1.2121E+02 -2.7173E-02  1.1048E-02
  1.2137E+02 -2.4955E-02  9.3139E-03
  1.2152E+02 -2.2685E-02  7.5611E-03
  1.2168E+02 -2.0367E-02  5.7942E-03
  1.2183E+02 -1.8010E-02  4.0183E-03
  1.2199E+02 -1.5620E-02  2.2384E-03
  1.2214E+02 -1.3204E-02  4.5957E-04
  1.2230E+02 -1.0769E-02 -1.3132E-03
  1.2245E+02 -8.3207E-03 -3.0750E-03
  1.2261E+02 -5.8669E-03 -4.8208E-03
  1.2276E+02 -3.4140E-03 -6.5459E-03
  1.2292E+02 -9.6875E-04 -8.2453E-03
  1.2307E+02  1.4625E-03 -9.9144E-03
  1.2323E+02  3.8733E-03 -1.1549E-02
  1.2338E+02  6.2573E-03 -1.3144E-02
  1.2354E+02  8.6086E-03 -1.4695E-02
  1.2369E+02  1.0921E-02 -1.6198E-02
  1.2385E+02  1.3189E-02 -1.7650E-02
  1.2400E+02  1.5406E-02 -1.9046E-02
  1.2416E+02  1.7567E-02 -2.0382E-02
  1.2431E+02  1.9667E-02 -2.1655E-02
  1.2447E+02  2.1701E-02 -2.2862E-02
  1.2462E+02  2.3664E-02 -2.4000E-02
  1.2478E+02  2.5550E-02 -2.5065E-02
  1.2493E+02  2.7357E-02 -2.6056E-02
  1.2509E+02  2.9079E-02 -2.6969E-02
  1.2524E+02  3.0714E-02 -2.7802E-02
  1.2540E+02  3.2257E-02 -2.8553E-02
  1.2555E+02  3.3704E-02 -2.9221E-02
  1.2571E+02  3.5054E-02 -2.9804E-02
  1.2586E+02  3.6302E-02 -3.0301E-02
  1.2602E+02  3.7447E-02 -3.0710E-02
  1.2617E+02  3.8486E-02 -3.1032E-02
  1.2633E+02  3.9417E-02 -3.1265E-02
  1.2648E+02  4.0238E-02 -3.1409E-02
  1.2664E+02  4.0948E-02 -3.1464E-02
  1.2679E+02  4.1547E-02 -3.1431E-02
  1.2695E+02  4.2032E-02 -3.1309E-02
  1.2710E+02  4.2405E-02 -3.1101E-02
  1.2726E+02  4.2664E-02 -3.0805E-02
  1.2741E+02  4.2809E-02 -3.0425E-02
  1.2757E+02  4.2842E-02 -2.9961E-02
  1.2772E+02  4.2762E-02 -2.9415E-02
  1.2788E+02  4.2571E-02 -2.8789E-02
  1.2803E+02  4.2269E-02 -2.8084E-02
  1.2819E+02  4.1860E-02 -2.7304E-02
  1.2834E+02  4.1344E-02 -2.6451E-02
  1.2850E+02  4.0724E-02 -2.5527E-02
  1.2865E+02  4.0003E-02 -2.4536E-02
  1.2881E+02  3.9183E-02 -2.3481E-02
  1.2896E+02  3.8267E-02 -2.2364E-02
  1.2912E+02  3.7258E-02 -2.1189E-02
  1.2927E+02  3.6162E-02 -1.9961E-02
  1.2943E+02  3.4980E-02 -1.8682E-02
  1.2958E+02  3.3717E-02 -1.7356E-02
  1.2974E+02  3.2377E-02 -1.5988E-02
  1.2989E+02  3.0966E-02 -1.4581E-02
  1.3005E+02  2.9486E-02 -1.3139E-02
  1.3020E+02  2.7943E-02 -1.1668E-02
  1.3036E+02  2.6342E-02 -1.0170E-02
  1.3051E+02  2.4689E-02 -8.6509E-03
  1.3067E+02  2.2988E-02 -7.1145E-03
  1.3082E+02  2.1245E-02 -5.5654E-03
  1.3098E+02  1.9467E-02 -4.0079E-03
  1.3113E+02  1.7657E-02 -2.4465E-03
  1.3129E+02  1.5822E-02 -8.8575E-04
  1.3144E+02  1.3967E-02  6.7006E-04
  1.3160E+02  1.2097E-02  2.2165E-03
  1.3175E+02  1.0218E-02  3.7492E-03
  1.3191E+02  8.3341E-03  5.2640E-03
  1.3206E+02  6.4524E-03  6.7565E-03
  1.3222E+02  4.5779E-03  8.2227E-03
  1.3237E+02  2.7162E-03  9.6585E-03
  1.3253E+02  8.7273E-04  1.1060E-02
  1.3268E+02 -9.4731E-04  1.2423E-02
  1.3284E+02 -2.7390E-03  1.3745E-02
  1.3299E+02 -4.4975E-03  1.5021E-02
  1.3314E+02 -6.2184E-03  1.6248E-02
  1.3330E+02 -7.8974E-03  1.7423E-02
  1.3345E+02 -9.5303E-03  1.8543E-02
  1.3361E+02 -1.1113E-02  1.9604E-02
  1.3376E+02 -1.2641E-02  2.0605E-02
  1.3392E+02 -1.4111E-02  2.1542E-02
  1.3407E+02 -1.5520E-02  2.2414E-02
  1.3423E+02 -1.6863E-02  2.3217E-02
  1.3438E+02 -1.8139E-02  2.3950E-02
  1.3454E+02 -1.9343E-02  2.4612E-02
  1.3469E+02 -2.0474E-02  2.5200E-02
  1.3485E+02 -2.1529E-02  2.5713E-02
  1.3500E+02 -2.2506E-02  2.6151E-02
  1.3516E+02 -2.3403E-02  2.6512E-02
  1.3531E+02 -2.4219E-02  2.6795E-02
  1.3547E+02 -2.4952E-02  2.7001E-02
  1.3562E+02 -2.5600E-02  2.7129E-02
  1.3578E+02 -2.6162E-02  2.7178E-02
  1.3593E+02 -2.6638E-02  2.7149E-02
  1.3609E+02 -2.7028E-02  2.7043E-02
  1.3624E+02 -2.7330E-02  2.6860E-02
  1.3640E+02 -2.7546E-02  2.6602E-02
  1.3655E+02 -2.7675E-02  2.6268E-02
  1.3671E+02 -2.7718E-02  2.5860E-02
  1.3686E+02 -2.7675E-02  2.5381E-02
  1.3702E+02 -2.7545E-02  2.4831E-02
  1.3717E+02 -2.7330E-02  2.4212E-02
  1.3733E+02 -2.7030E-02  2.3527E-02
  1.3748E+02 -2.6647E-02  2.2778E-02
  1.3764E+02 -2.6182E-02  2.1966E-02
  1.3779E+02 -2.5637E-02  2.1096E-02
  1.3795E+02 -2.5016E-02  2.0168E-02
  1.3810E+02 -2.4319E-02  1.9187E-02
  1.3826E+02 -2.3550E-02  1.8155E-02
  1.3841E+02 -2.2710E-02  1.7075E-02
  1.3857E+02 -2.1802E-02  1.5951E-02
  1.3872E+02 -2.0829E-02  1.4786E-02
  1.3888E+02 -1.9792E-02  1.3583E-02
  1.3903E+02 -1.8694E-02  1.2347E-02
  1.3919E+02 -1.7538E-02  1.1080E-02
  1.3934E+02 -1.6325E-02  9.7856E-03
  1.3950E+02 -1.5060E-02  8.4686E-03
  1.3965E+02 -1.3746E-02  7.1324E-03
  1.3981E+02 -1.2388E-02  5.7807E-03
  1.3996E+02 -1.0991E-02  4.4175E-03
  1.4012E+02 -9.5584E-03  3.0466E-03
  1.4027E+02 -8.0956E-03  1.6719E-03
  1.4043E+02 -6.6065E-03  2.9721E-04
  1.4058E+02 -5.0947E-03 -1.0735E-03
  1.4074E+02 -3.5632E-03 -2.4365E-03
  1.4089E+02 -2.0154E-03 -3.7881E-03
  1.4105E+02 -4.5468E-04 -5.1244E-03
  1.4120E+02  1.1150E-03 -6.4418E-03
  1.4136E+02  2.6891E-03 -7.7368E-03
  1.4151E+02  4.2624E-03 -9.0058E-03
  1.4167E+02  5.8297E-03 -1.0245E-02
  1.4182E+02  7.3857E-03 -1.1452E-02
  1.4198E+02  8.9255E-03 -1.2623E-02
  1.4213E+02  1.0444E-02 -1.3755E-02
  1.4229E+02  1.1939E-02 -1.4845E-02
  1.4244E+02  1.3404E-02 -1.5889E-02
  1.4260E+02  1.4838E-02 -1.6886E-02
  1.4275E+02  1.6236E-02 -1.7833E-02
  1.4291E+02  1.7596E-02 -1.8727E-02
  1.4306E+02  1.8912E-02 -1.9566E-02
  1.4322E+02  2.0182E-02 -2.0348E-02
  1.4337E+02  2.1401E-02 -2.1071E-02
  1.4353E+02  2.2565E-02 -2.1733E-02
  1.4368E+02  2.3670E-02 -2.2333E-02
  1.4384E+02  2.4715E-02 -2.2869E-02
  1.4399E+02  2.5696E-02 -2.3340E-02
  1.4415E+02  2.6611E-02 -2.3745E-02
  1.4430E+02  2.7458E-02 -2.4083E-02
  1.4446E+02  2.8237E-02 -2.4353E-02
  1.4461E+02  2.8946E-02 -2.4556E-02
  1.4477E+02  2.9584E-02 -2.4690E-02
  1.4492E+02  3.0148E-02 -2.4756E-02
  1.4508E+02  3.0639E-02 -2.4753E-02
  1.4523E+02  3.1055E-02 -2.4683E-02
  1.4539E+02  3.1394E-02 -2.4545E-02
  1.4554E+02  3.1658E-02 -2.4341E-02
  1.4570E+02  3.1845E-02 -2.4070E-02
  1.4585E+02  3.1955E-02 -2.3735E-02
  1.4601E+02  3.1991E-02 -2.3336E-02
  1.4616E+02  3.1954E-02 -2.2875E-02
  1.4632E+02  3.1846E-02 -2.2353E-02
  1.4647E+02  3.1668E-02 -2.1773E-02
  1.4663E+02  3.1424E-02 -2.1135E-02
  1.4678E+02  3.1116E-02 -2.0443E-02
  1.4694E+02  3.0744E-02 -1.9698E-02
  1.4709E+02  3.0310E-02 -1.8903E-02
  1.4725E+02  2.9814E-02 -1.8060E-02
  1.4740E+02  2.9259E-02 -1.7173E-02
  1.4756E+02  2.8646E-02 -1.6242E-02
  1.4771E+02  2.7976E-02 -1.5272E-02
  1.4787E+02  2.7255E-02 -1.4266E-02
  1.4802E+02  2.6484E-02 -1.3226E-02
  1.4818E+02  2.5669E-02 -1.2155E-02
  1.4833E+02  2.4814E-02 -1.1057E-02
  1.4849E+02  2.3922E-02 -9.9349E-03
  1.4864E+02  2.2998E-02 -8.7920E-03
  1.4880E+02  2.2043E-02 -7.6319E-03
  1.4895E+02  2.1062E-02 -6.4577E-03
  1.4911E+02  2.0056E-02 -5.2730E-03
  1.4926E+02  1.9028E-02 -4.0811E-03
  1.4942E+02  1.7979E-02 -2.8855E-03
  1.4957E+02  1.6913E-02 -1.6895E-03
  1.4973E+02  1.5831E-02 -4.9666E-04
  1.4988E+02  1.4738E-02  6.8981E-04
  1.5004E+02  1.3634E-02  1.8665E-03
  1.5019E+02  1.2525E-02  3.0302E-03
  1.5035E+02  1.1413E-02  4.1776E-03
  1.5050E+02  1.0302E-02  5.3055E-03
  1.5066E+02  9.1942E-03  6.4109E-03
  1.5081E+02  8.0930E-03  7.4907E-03
  1.5097E+02  7.0006E-03  8.5420E-03
  1.5112E+02  5.9194E-03  9.5620E-03
  1.5128E+02  4.8516E-03  1.0548E-02
  1.5143E+02  3.7992E-03  1.1497E-02
  1.5159E+02  2.7643E-03  1.2407E-02
  1.5174E+02  1.7491E-03  1.3276E-02
  1.5190E+02  7.5551E-04  1.4101E-02
  1.5205E+02 -2.1458E-04  1.4880E-02
  1.5221E+02 -1.1594E-03  1.5611E-02
  1.5236E+02 -2.0775E-03  1.6293E-02
  1.5252E+02 -2.9670E-03  1.6923E-02
  1.5267E+02 -3.8265E-03  1.7501E-02
  1.5283E+02 -4.6540E-03  1.8025E-02
  1.5298E+02 -5.4478E-03  1.8493E-02
  1.5314E+02 -6.2061E-03  1.8905E-02
  1.5329E+02 -6.9270E-03  1.9260E-02
  1.5345E+02 -7.6089E-03  1.9557E-02
  1.5360E+02 -8.2504E-03  1.9796E-02
  1.5376E+02 -8.8502E-03  1.9976E-02
  1.5391E+02 -9.4074E-03  2.0098E-02
  1.5407E+02 -9.9207E-03  2.0160E-02
  1.5422E+02 -1.0389E-02  2.0164E-02
  1.5438E+02 -1.0812E-02  2.0109E-02
  1.5453E+02 -1.1187E-02  1.9996E-02
  1.5469E+02 -1.1515E-02  1.9826E-02
  1.5484E+02 -1.1793E-02  1.9599E-02
  1.5500E+02 -1.2022E-02  1.9317E-02
  1.5515E+02 -1.2201E-02  1.8980E-02
  1.5531E+02 -1.2329E-02  1.8589E-02
  1.5546E+02 -1.2406E-02  1.8147E-02
  1.5562E+02 -1.2432E-02  1.7654E-02
  1.5577E+02 -1.2406E-02  1.7113E-02
  1.5593E+02 -1.2329E-02  1.6524E-02
  1.5608E+02 -1.2199E-02  1.5891E-02
  1.5624E+02 -1.2017E-02  1.5214E-02
  1.5639E+02 -1.1782E-02  1.4496E-02
  1.5655E+02 -1.1496E-02  1.3739E-02
  1.5670E+02 -1.1158E-02  1.2945E-02
  1.5686E+02 -1.0770E-02  1.2118E-02
  1.5701E+02 -1.0331E-02  1.1258E-02
  1.5717E+02 -9.8448E-03  1.0369E-02
  1.5732E+02 -9.3109E-03  9.4541E-03
  1.5748E+02 -8.7313E-03  8.5149E-03
  1.5763E+02 -8.1074E-03  7.5544E-03
  1.5779E+02 -7.4408E-03  6.5755E-03
  1.5794E+02 -6.7333E-03  5.5809E-03
  1.5810E+02 -5.9868E-03  4.5734E-03
  1.5825E+02 -5.2031E-03  3.5560E-03
  1.5841E+02 -4.3844E-03  2.5314E-03
  1.5856E+02 -3.5330E-03  1.5025E-03
  1.5872E+02 -2.6514E-03  4.7225E-04
  1.5887E+02 -1.7421E-03 -5.5657E-04
  1.5903E+02 -8.0798E-04 -1.5811E-03
  1.5918E+02  1.4816E-04 -2.5986E-03
  1.5934E+02  1.1233E-03 -3.6061E-03
  1.5949E+02  2.1143E-03 -4.6011E-03
  1.5965E+02  3.1180E-03 -5.5807E-03
  1.5980E+02  4.1312E-03 -6.5424E-03
  1.5996E+02  5.1509E-03 -7.4836E-03
  1.6011E+02  6.1737E-03 -8.4017E-03
  1.6027E+02  7.1964E-03 -9.2943E-03
  1.6042E+02  8.2158E-03 -1.0159E-02
  1.6058E+02  9.2288E-03 -1.0994E-02
  1.6073E+02  1.0232E-02 -1.1796E-02
  1.6089E+02  1.1223E-02 -1.2564E-02
  1.6104E+02  1.2197E-02 -1.3295E-02
  1.6120E+02  1.3153E-02 -1.3989E-02
  1.6135E+02  1.4086E-02 -1.4642E-02
  1.6151E+02  1.4994E-02 -1.5254E-02
  1.6166E+02  1.5875E-02 -1.5822E-02
  1.6182E+02  1.6725E-02 -1.6346E-02
  1.6197E+02  1.7543E-02 -1.6824E-02
  1.6213E+02  1.8325E-02 -1.7255E-02
  1.6228E+02  1.9070E-02 -1.7639E-02
  1.6244E+02  1.9775E-02 -1.7973E-02
  1.6259E+02  2.0438E-02 -1.8258E-02
  1.6275E+02  2.1059E-02 -1.8493E-02
  1.6290E+02  2.1634E-02 -1.8677E-02
  1.6306E+02  2.2162E-02 -1.8810E-02
  1.6321E+02  2.2644E-02 -1.8892E-02
  1.6337E+02  2.3076E-02 -1.8923E-02
  1.6352E+02  2.3459E-02 -1.8904E-02
  1.6368E+02  2.3792E-02 -1.8833E-02
  1.6383E+02  2.4074E-02 -1.8713E-02
  1.6399E+02  2.4304E-02 -1.8543E-02
  1.6414E+02  2.4484E-02 -1.8324E-02
  1.6430E+02  2.4612E-02 -1.8056E-02
  1.6445E+02  2.4689E-02 -1.7742E-02
  1.6461E+02  2.4715E-02 -1.7381E-02
  1.6476E+02  2.4691E-02 -1.6976E-02
  1.6492E+02  2.4617E-02 -1.6527E-02
  1.6507E+02  2.4495E-02 -1.6036E-02
  1.6523E+02  2.4326E-02 -1.5505E-02
  1.6538E+02  2.4110E-02 -1.4934E-02
  1.6554E+02  2.3850E-02 -1.4327E-02
  1.6569E+02  2.3546E-02 -1.3684E-02
  1.6585E+02  2.3201E-02 -1.3008E-02
  1.6600E+02  2.2816E-02 -1.2301E-02
  1.6616E+02  2.2392E-02 -1.1565E-02
  1.6631E+02  2.1932E-02 -1.0803E-02
  1.6647E+02  2.1438E-02 -1.0015E-02
  1.6662E+02  2.0912E-02 -9.2058E-03
  1.6678E+02  2.0356E-02 -8.3765E-03
  1.6693E+02  1.9771E-02 -7.5298E-03
  1.6709E+02  1.9161E-02 -6.6682E-03
  1.6724E+02  1.8528E-02 -5.7942E-03
  1.6740E+02  1.7873E-02 -4.9104E-03
  1.6755E+02  1.7200E-02 -4.0193E-03
  1.6771E+02  1.6510E-02 -3.1234E-03
  1.6786E+02  1.5806E-02 -2.2253E-03
  1.6802E+02  1.5090E-02 -1.3276E-03
  1.6817E+02  1.4365E-02 -4.3287E-04
  1.6833E+02  1.3632E-02  4.5648E-04
  1.6848E+02  1.2894E-02  1.3379E-03
  1.6864E+02  1.2153E-02  2.2090E-03
  1.6879E+02  1.1411E-02  3.0672E-03
  1.6895E+02  1.0671E-02  3.9103E-03
  1.6910E+02  9.9341E-03  4.7358E-03
  1.6926E+02  9.2031E-03  5.5417E-03
  1.6941E+02  8.4797E-03  6.3256E-03
  1.6957E+02  7.7658E-03  7.0854E-03
  1.6972E+02  7.0634E-03  7.8192E-03
  1.6988E+02  6.3743E-03  8.5249E-03
  1.7003E+02  5.7002E-03  9.2007E-03
  1.7019E+02  5.0428E-03  9.8449E-03
  1.7034E+02  4.4037E-03  1.0456E-02
  1.7050E+02  3.7845E-03  1.1032E-02
  1.7065E+02  3.1866E-03  1.1571E-02
  1.7081E+02  2.6113E-03  1.2073E-02
  1.7096E+02  2.0600E-03  1.2536E-02
  1.7112E+02  1.5340E-03  1.2959E-02
  1.7127E+02  1.0342E-03  1.3341E-02
  1.7143E+02  5.6187E-04  1.3681E-02
  1.7158E+02  1.1794E-04  1.3978E-02
  1.7174E+02 -2.9668E-04  1.4232E-02
  1.7189E+02 -6.8115E-04  1.4442E-02
  1.7205E+02 -1.0347E-03  1.4608E-02
  1.7220E+02 -1.3568E-03  1.4729E-02
  1.7236E+02 -1.6468E-03  1.4806E-02
  1.7251E+02 -1.9043E-03  1.4839E-02
  1.7267E+02 -2.1288E-03  1.4827E-02
  1.7282E+02 -2.3201E-03  1.4771E-02
  1.7298E+02 -2.4780E-03  1.4671E-02
  1.7313E+02 -2.6025E-03  1.4528E-02
  1.7329E+02 -2.6936E-03  1.4343E-02
  1.7344E+02 -2.7512E-03  1.4115E-02
  1.7360E+02 -2.7757E-03  1.3847E-02
  1.7375E+02 -2.7674E-03  1.3538E-02
  1.7391E+02 -2.7266E-03  1.3191E-02
  1.7406E+02 -2.6537E-03  1.2806E-02
  1.7422E+02 -2.5495E-03  1.2384E-02
  1.7437E+02 -2.4146E-03  1.1927E-02
  1.7453E+02 -2.2497E-03  1.1437E-02
  1.7468E+02 -2.0557E-03  1.0914E-02
  1.7484E+02 -1.8336E-03  1.0362E-02
  1.7499E+02 -1.5845E-03  9.7801E-03
  1.7515E+02 -1.3094E-03  9.1718E-03
  1.7530E+02 -1.0096E-03  8.5384E-03
  1.7546E+02 -6.8635E-04  7.8819E-03
  1.7561E+02 -3.4104E-04  7.2043E-03
  1.7577E+02  2.4947E-05  6.5076E-03
  1.7592E+02  4.1014E-04  5.7940E-03
  1.7608E+02  8.1302E-04  5.0655E-03
  1.7623E+02  1.2320E-03  4.3243E-03
  1.7639E+02  1.6656E-03  3.5726E-03
  1.7654E+02  2.1121E-03  2.8125E-03
  1.7670E+02  2.5699E-03  2.0462E-03
  1.7685E+02  3.0373E-03  1.2761E-03
  1.7701E+02  3.5127E-03  5.0421E-04
  1.7716E+02  3.9945E-03 -2.6716E-04
  1.7732E+02  4.4809E-03 -1.0358E-03
  1.7747E+02  4.9704E-03 -1.7996E-03
  1.7763E+02  5.4615E-03 -2.5564E-03
  1.7778E+02  5.9524E-03 -3.3041E-03
  1.7794E+02  6.4417E-03 -4.0405E-03
  1.7809E+02  6.9280E-03 -4.7636E-03
  1.7825E+02  7.4098E-03 -5.4714E-03
  1.7840E+02  7.8857E-03 -6.1621E-03
  1.7856E+02  8.3544E-03 -6.8337E-03
  1.7871E+02  8.8147E-03 -7.4844E-03
  1.7887E+02  9.2654E-03 -8.1124E-03
  1.7902E+02  9.7053E-03 -8.7161E-03
  1.7918E+02  1.0134E-02 -9.2939E-03
  1.7933E+02  1.0549E-02 -9.8443E-03
  1.7949E+02  1.0951E-02 -1.0366E-02
  1.7964E+02  1.1338E-02 -1.0857E-02
  1.7980E+02  1.1710E-02 -1.1317E-02
  1.7995E+02  1.2067E-02 -1.1745E-02
  1.8011E+02  1.2407E-02 -1.2139E-02
  1.8026E+02  1.2730E-02 -1.2498E-02
  1.8042E+02  1.3035E-02 -1.2822E-02
  1.8057E+02  1.3323E-02 -1.3110E-02
  1.8073E+02  1.3592E-02 -1.3361E-02
  1.8088E+02  1.3844E-02 -1.3575E-02
  1.8104E+02  1.4077E-02 -1.3752E-02
  1.8119E+02  1.4291E-02 -1.3891E-02
  1.8135E+02  1.4486E-02 -1.3991E-02
  1.8150E+02  1.4663E-02 -1.4054E-02
  1.8166E+02  1.4822E-02 -1.4078E-02
  1.8181E+02  1.4962E-02 -1.4065E-02
  1.8197E+02  1.5084E-02 -1.4014E-02
  1.8212E+02  1.5188E-02 -1.3925E-02
  1.8228E+02  1.5275E-02 -1.3800E-02
  1.8243E+02  1.5344E-02 -1.3639E-02
  1.8259E+02  1.5396E-02 -1.3442E-02
  1.8274E+02  1.5432E-02 -1.3210E-02
  1.8290E+02  1.5452E-02 -1.2945E-02
  1.8305E+02  1.5456E-02 -1.2646E-02
  1.8321E+02  1.5445E-02 -1.2316E-02
  1.8336E+02  1.5420E-02 -1.1955E-02
  1.8352E+02  1.5380E-02 -1.1565E-02
  1.8367E+02  1.5328E-02 -1.1146E-02
  1.8383E+02  1.5262E-02 -1.0701E-02
  1.8398E+02  1.5183E-02 -1.0230E-02
  1.8414E+02  1.5093E-02 -9.7356E-03
  1.8429E+02  1.4992E-02 -9.2187E-03
  1.8445E+02  1.4879E-02 -8.6811E-03
  1.8460E+02  1.4757E-02 -8.1245E-03
  1.8476E+02  1.4624E-02 -7.5506E-03
  1.8491E+02  1.4482E-02 -6.9611E-03
  1.8507E+02  1.4332E-02 -6.3578E-03
  1.8522E+02  1.4173E-02 -5.7425E-03
  1.8538E+02  1.4006E-02 -5.1171E-03
  1.8553E+02  1.3831E-02 -4.4834E-03
  1.8569E+02  1.3649E-02 -3.8432E-03
  1.8584E+02  1.3461E-02 -3.1984E-03
  1.8600E+02  1.3265E-02 -2.5509E-03
  1.8615E+02  1.3064E-02 -1.9025E-03
  1.8631E+02  1.2856E-02 -1.2551E-03
  1.8646E+02  1.2643E-02 -6.1043E-04
  1.8662E+02  1.2425E-02  2.9640E-05
  1.8677E+02  1.2201E-02  6.6335E-04
  1.8693E+02  1.1972E-02  1.2890E-03
  1.8708E+02  1.1739E-02  1.9047E-03
  1.8724E+02  1.1500E-02  2.5090E-03
  1.8739E+02  1.1258E-02  3.1002E-03
  1.8755E+02  1.1011E-02  3.6768E-03
  1.8770E+02  1.0760E-02  4.2371E-03
  1.8786E+02  1.0506E-02  4.7798E-03
  1.8801E+02  1.0248E-02  5.3034E-03
  1.8817E+02  9.9866E-03  5.8066E-03
  1.8832E+02  9.7223E-03  6.2882E-03
  1.8848E+02  9.4551E-03  6.7469E-03
  1.8863E+02  9.1856E-03  7.1816E-03
  1.8879E+02  8.9140E-03  7.5914E-03
  1.8894E+02  8.6407E-03  7.9751E-03
  1.8910E+02  8.3663E-03  8.3320E-03
  1.8925E+02  8.0910E-03  8.6612E-03
  1.8941E+02  7.8155E-03  8.9620E-03
  1.8956E+02  7.5403E-03  9.2338E-03
  1.8972E+02  7.2659E-03  9.4760E-03
  1.8987E+02  6.9930E-03  9.6881E-03
  1.9003E+02  6.7222E-03  9.8699E-03
  1.9018E+02  6.4543E-03  1.0021E-02
  1.9034E+02  6.1899E-03  1.0141E-02
  1.9049E+02  5.9298E-03  1.0230E-02
  1.9065E+02  5.6747E-03  1.0288E-02
  1.9080E+02  5.4256E-03  1.0315E-02
  1.9096E+02  5.1831E-03  1.0311E-02
  1.9111E+02  4.9481E-03  1.0277E-02
  1.9127E+02  4.7214E-03  1.0212E-02
  1.9142E+02  4.5038E-03  1.0117E-02
  1.9158E+02  4.2962E-03  9.9933E-03
  1.9173E+02  4.0992E-03  9.8402E-03
  1.9189E+02  3.9138E-03  9.6588E-03
  1.9204E+02  3.7406E-03  9.4498E-03
  1.9220E+02  3.5805E-03  9.2139E-03
  1.9235E+02  3.4339E-03  8.9520E-03
  1.9251E+02  3.3017E-03  8.6650E-03
  1.9266E+02  3.1844E-03  8.3538E-03
  1.9282E+02  3.0825E-03  8.0195E-03
  1.9297E+02  2.9966E-03  7.6631E-03
  1.9313E+02  2.9271E-03  7.2858E-03
  1.9328E+02  2.8744E-03  6.8886E-03
  1.9344E+02  2.8388E-03  6.4730E-03
  1.9359E+02  2.8205E-03  6.0400E-03
  1.9375E+02  2.8197E-03  5.5910E-03
  1.9390E+02  2.8366E-03  5.1274E-03
  1.9406E+02  2.8710E-03  4.6506E-03
  1.9421E+02  2.9231E-03  4.1618E-03
  1.9437E+02  2.9926E-03  3.6626E-03
  1.9452E+02  3.0794E-03  3.1544E-03
  1.9468E+02  3.1832E-03  2.6386E-03
  1.9483E+02  3.3037E-03  2.1167E-03
  1.9499E+02  3.4405E-03  1.5902E-03
  1.9514E+02  3.5930E-03  1.0606E-03
  1.9530E+02  3.7608E-03  5.2928E-04
  1.9545E+02  3.9431E-03 -2.1797E-06
  1.9561E+02  4.1393E-03 -5.3235E-04
  1.9576E+02  4.3487E-03 -1.0598E-03
  1.9592E+02  4.5705E-03 -1.5830E-03
  1.9607E+02  4.8038E-03 -2.1006E-03
  1.9623E+02  5.0478E-03 -2.6112E-03
  1.9638E+02  5.3014E-03 -3.1134E-03
  1.9654E+02  5.5638E-03 -3.6059E-03
  1.9669E+02  5.8339E-03 -4.0873E-03
  1.9685E+02  6.1105E-03 -4.5565E-03
  1.9700E+02  6.3926E-03 -5.0120E-03
  1.9716E+02  6.6791E-03 -5.4529E-03
  1.9731E+02  6.9689E-03 -5.8779E-03
  1.9747E+02  7.2609E-03 -6.2859E-03
  1.9762E+02  7.5539E-03 -6.6759E-03
  1.9778E+02  7.8467E-03 -7.0469E-03
  1.9793E+02  8.1383E-03 -7.3980E-03
  1.9809E+02  8.4274E-03 -7.7282E-03
  1.9824E+02  8.7128E-03 -8.0369E-03
  1.9840E+02  8.9936E-03 -8.3232E-03
  1.9855E+02  9.2685E-03 -8.5865E-03
  1.9871E+02  9.5364E-03 -8.8261E-03
  1.9886E+02  9.7964E-03 -9.0416E-03
  1.9902E+02  1.0048E-02 -9.2323E-03
  1.9917E+02  1.0289E-02 -9.3980E-03
  1.9933E+02  1.0519E-02 -9.5383E-03
  1.9948E+02  1.0738E-02 -9.6528E-03
  1.9964E+02  1.0944E-02 -9.7415E-03
  1.9979E+02  1.1138E-02 -9.8042E-03
  1.9995E+02  1.1317E-02 -9.8409E-03
  2.0010E+02  1.1482E-02 -9.8515E-03
  2.0026E+02  1.1632E-02 -9.8362E-03
  2.0041E+02  1.1766E-02 -9.7951E-03
  2.0057E+02  1.1885E-02 -9.7286E-03
  2.0072E+02  1.1987E-02 -9.6368E-03
  2.0088E+02  1.2073E-02 -9.5202E-03
  2.0103E+02  1.2143E-02 -9.3792E-03
  2.0119E+02  1.2196E-02 -9.2143E-03
  2.0134E+02  1.2233E-02 -9.0261E-03
  2.0150E+02  1.2253E-02 -8.8153E-03
  2.0165E+02  1.2257E-02 -8.5825E-03
  2.0181E+02  1.2245E-02 -8.3286E-03
  2.0196E+02  1.2217E-02 -8.0542E-03
  2.0212E+02  1.2174E-02 -7.7603E-03
  2.0227E+02  1.2117E-02 -7.4479E-03
  2.0243E+02  1.2045E-02 -7.1178E-03
  2.0258E+02  1.1959E-02 -6.7712E-03
  2.0274E+02  1.1860E-02 -6.4089E-03
  2.0289E+02  1.1749E-02 -6.0323E-03
  2.0305E+02  1.1627E-02 -5.6423E-03
  2.0320E+02  1.1493E-02 -5.2402E-03
  2.0336E+02  1.1350E-02 -4.8272E-03
  2.0351E+02  1.1197E-02 -4.4044E-03
  2.0367E+02  1.1036E-02 -3.9732E-03
  2.0382E+02  1.0868E-02 -3.5348E-03
  2.0398E+02  1.0693E-02 -3.0904E-03
  2.0413E+02  1.0512E-02 -2.6414E-03
  2.0429E+02  1.0327E-02 -2.1891E-03
  2.0444E+02  1.0139E-02 -1.7347E-03
  2.0460E+02  9.9469E-03 -1.2797E-03
  2.0475E+02  9.7532E-03 -8.2517E-04
  2.0491E+02  9.5585E-03 -3.7253E-04
  2.0506E+02  9.3634E-03  7.6962E-05
  2.0522E+02  9.1689E-03  5.2204E-04
  2.0537E+02  8.9757E-03  9.6147E-04
  2.0553E+02  8.7847E-03  1.3940E-03
  2.0568E+02  8.5964E-03  1.8185E-03
  2.0584E+02  8.4116E-03  2.2337E-03
  2.0599E+02  8.2307E-03  2.6385E-03
  2.0615E+02  8.0544E-03  3.0318E-03
  2.0630E+02  7.8831E-03  3.4126E-03
  2.0646E+02  7.7173E-03  3.7798E-03
  2.0661E+02  7.5574E-03  4.1325E-03
  2.0677E+02  7.4040E-03  4.4698E-03
  2.0692E+02  7.2572E-03  4.7906E-03
  2.0708E+02  7.1175E-03  5.0943E-03
  2.0723E+02  6.9850E-03  5.3801E-03
  2.0739E+02  6.8600E-03  5.6472E-03
  2.0754E+02  6.7426E-03  5.8950E-03
  2.0770E+02  6.6329E-03  6.1229E-03
  2.0785E+02  6.5309E-03  6.3304E-03
  2.0801E+02  6.4365E-03  6.5170E-03
  2.0816E+02  6.3497E-03  6.6822E-03
  2.0832E+02  6.2706E-03  6.8258E-03
  2.0847E+02  6.1989E-03  6.9475E-03
  2.0863E+02  6.1347E-03  7.0470E-03
  2.0878E+02  6.0778E-03  7.1243E-03
  2.0894E+02  6.0280E-03  7.1791E-03
  2.0909E+02  5.9852E-03  7.2116E-03
  2.0925E+02  5.9490E-03  7.2217E-03
  2.0940E+02  5.9191E-03  7.2096E-03
  2.0956E+02  5.8951E-03  7.1755E-03
  2.0971E+02  5.8768E-03  7.1196E-03
  2.0987E+02  5.8638E-03  7.0422E-03
  2.1002E+02  5.8557E-03  6.9436E-03
  2.1018E+02  5.8524E-03  6.8244E-03
  2.1033E+02  5.8536E-03  6.6850E-03
  2.1049E+02  5.8589E-03  6.5258E-03
  2.1064E+02  5.8680E-03  6.3476E-03
  2.1080E+02  5.8805E-03  6.1510E-03
  2.1095E+02  5.8960E-03  5.9366E-03
  2.1111E+02  5.9142E-03  5.7051E-03
  2.1126E+02  5.9345E-03  5.4575E-03
  2.1142E+02  5.9566E-03  5.1945E-03
  2.1157E+02  5.9802E-03  4.9169E-03
  2.1173E+02  6.0050E-03  4.6257E-03
  2.1188E+02  6.0307E-03  4.3219E-03
  2.1204E+02  6.0571E-03  4.0063E-03
  2.1219E+02  6.0841E-03  3.6800E-03
  2.1235E+02  6.1113E-03  3.3440E-03
  2.1250E+02  6.1384E-03  2.9993E-03
  2.1266E+02  6.1653E-03  2.6470E-03
  2.1281E+02  6.1917E-03  2.2882E-03
  2.1297E+02  6.2174E-03  1.9239E-03
  2.1312E+02  6.2421E-03  1.5553E-03
  2.1328E+02  6.2658E-03  1.1834E-03
  2.1343E+02  6.2883E-03  8.0941E-04
  2.1359E+02  6.3095E-03  4.3431E-04
  2.1374E+02  6.3295E-03  5.9238E-05
  2.1390E+02  6.3483E-03 -3.1472E-04
  2.1405E+02  6.3657E-03 -6.8648E-04
  2.1421E+02  6.3818E-03 -1.0550E-03
  2.1436E+02  6.3966E-03 -1.4192E-03
  2.1452E+02  6.4100E-03 -1.7781E-03
  2.1467E+02  6.4221E-03 -2.1308E-03
  2.1483E+02  6.4330E-03 -2.4761E-03
  2.1498E+02  6.4426E-03 -2.8132E-03
  2.1514E+02  6.4511E-03 -3.1411E-03
  2.1529E+02  6.4587E-03 -3.4591E-03
  2.1545E+02  6.4654E-03 -3.7661E-03
  2.1560E+02  6.4715E-03 -4.0615E-03
  2.1576E+02  6.4770E-03 -4.3445E-03
  2.1591E+02  6.4822E-03 -4.6143E-03
  2.1607E+02  6.4871E-03 -4.8702E-03
  2.1622E+02  6.4918E-03 -5.1117E-03
  2.1638E+02  6.4965E-03 -5.3381E-03
  2.1653E+02  6.5013E-03 -5.5489E-03
  2.1669E+02  6.5064E-03 -5.7436E-03
  2.1684E+02  6.5118E-03 -5.9217E-03
  2.1700E+02  6.5178E-03 -6.0829E-03
  2.1715E+02  6.5244E-03 -6.2268E-03
  2.1731E+02  6.5319E-03 -6.3531E-03
  2.1746E+02  6.5403E-03 -6.4617E-03
  2.1762E+02  6.5497E-03 -6.5523E-03
  2.1777E+02  6.5601E-03 -6.6248E-03
  2.1793E+02  6.5717E-03 -6.6790E-03
  2.1808E+02  6.5845E-03 -6.7151E-03
  2.1824E+02  6.5985E-03 -6.7331E-03
  2.1839E+02  6.6137E-03 -6.7329E-03
  2.1855E+02  6.6301E-03 -6.7147E-03
  2.1870E+02  6.6478E-03 -6.6788E-03
  2.1886E+02  6.6666E-03 -6.6254E-03
  2.1901E+02  6.6865E-03 -6.5547E-03
  2.1917E+02  6.7077E-03 -6.4670E-03
  2.1932E+02  6.7299E-03 -6.3628E-03
  2.1948E+02  6.7531E-03 -6.2424E-03
  2.1963E+02  6.7773E-03 -6.1064E-03
  2.1979E+02  6.8023E-03 -5.9552E-03
  2.1994E+02  6.8280E-03 -5.7893E-03
  2.2010E+02  6.8541E-03 -5.6093E-03
  2.2025E+02  6.8805E-03 -5.4159E-03
  2.2041E+02  6.9070E-03 -5.2097E-03
  2.2056E+02  6.9335E-03 -4.9914E-03
  2.2072E+02  6.9596E-03 -4.7616E-03
  2.2087E+02  6.9854E-03 -4.5211E-03
  2.2103E+02  7.0107E-03 -4.2707E-03
  2.2118E+02  7.0353E-03 -4.0112E-03
  2.2134E+02  7.0591E-03 -3.7432E-03
  2.2149E+02  7.0818E-03 -3.4678E-03
  2.2165E+02  7.1033E-03 -3.1856E-03
  2.2180E+02  7.1232E-03 -2.8975E-03
  2.2196E+02  7.1413E-03 -2.6044E-03
  2.2211E+02  7.1573E-03 -2.3071E-03
  2.2227E+02  7.1711E-03 -2.0066E-03
  2.2242E+02  7.1823E-03 -1.7036E-03
  2.2258E+02  7.1909E-03 -1.3991E-03
  2.2273E+02  7.1966E-03 -1.0938E-03
  2.2289E+02  7.1994E-03 -7.8870E-04
  2.2304E+02  7.1993E-03 -4.8461E-04
  2.2320E+02  7.1960E-03 -1.8237E-04
  2.2335E+02  7.1896E-03  1.1719E-04
  2.2351E+02  7.1799E-03  4.1326E-04
  2.2366E+02  7.1669E-03  7.0502E-04
  2.2382E+02  7.1505E-03  9.9170E-04
  2.2397E+02  7.1306E-03  1.2725E-03
  2.2413E+02  7.1072E-03  1.5468E-03
  2.2428E+02  7.0803E-03  1.8137E-03
  2.2444E+02  7.0499E-03  2.0727E-03
  2.2459E+02  7.0160E-03  2.3230E-03
  2.2475E+02  6.9787E-03  2.5640E-03
  2.2490E+02  6.9381E-03  2.7951E-03
  2.2506E+02  6.8943E-03  3.0158E-03
  2.2521E+02  6.8475E-03  3.2255E-03
  2.2537E+02  6.7978E-03  3.4236E-03
  2.2552E+02  6.7452E-03  3.6098E-03
  2.2568E+02  6.6901E-03  3.7836E-03
  2.2583E+02  6.6326E-03  3.9446E-03
  2.2599E+02  6.5728E-03  4.0924E-03
  2.2614E+02  6.5109E-03  4.2268E-03
  2.2630E+02  6.4471E-03  4.3475E-03
  2.2645E+02  6.3816E-03  4.4541E-03
  2.2661E+02  6.3145E-03  4.5466E-03
  2.2676E+02  6.2462E-03  4.6248E-03
  2.2692E+02  6.1768E-03  4.6885E-03
  2.2707E+02  6.1065E-03  4.7377E-03
  2.2723E+02  6.0357E-03  4.7724E-03
  2.2738E+02  5.9644E-03  4.7925E-03
  2.2754E+02  5.8930E-03  4.7982E-03
  2.2769E+02  5.8216E-03  4.7895E-03
  2.2785E+02  5.7505E-03  4.7665E-03
  2.2800E+02  5.6799E-03  4.7294E-03
  2.2816E+02  5.6098E-03  4.6784E-03
  2.2831E+02  5.5405E-03  4.6138E-03
  2.2847E+02  5.4723E-03  4.5359E-03
  2.2862E+02  5.4051E-03  4.4449E-03
  2.2878E+02  5.3393E-03  4.3412E-03
  2.2893E+02  5.2751E-03  4.2252E-03
  2.2909E+02  5.2125E-03  4.0973E-03
  2.2924E+02  5.1519E-03  3.9579E-03
  2.2940E+02  5.0933E-03  3.8076E-03
  2.2955E+02  5.0369E-03  3.6468E-03
  2.2971E+02  4.9828E-03  3.4760E-03
  2.2986E+02  4.9312E-03  3.2959E-03
  2.3002E+02  4.8823E-03  3.1069E-03
  2.3017E+02  4.8360E-03  2.9098E-03
  2.3033E+02  4.7925E-03  2.7050E-03
  2.3048E+02  4.7520E-03  2.4932E-03
  2.3064E+02  4.7145E-03  2.2751E-03
  2.3079E+02  4.6801E-03  2.0513E-03
  2.3095E+02  4.6491E-03  1.8225E-03
  2.3110E+02  4.6213E-03  1.5894E-03
  2.3126E+02  4.5970E-03  1.3526E-03
  2.3141E+02  4.5763E-03  1.1129E-03
  2.3157E+02  4.5591E-03  8.7094E-04
  2.3172E+02  4.5455E-03  6.2742E-04
  2.3188E+02  4.5356E-03  3.8303E-04
  2.3203E+02  4.5292E-03  1.3848E-04
  2.3219E+02  4.5264E-03 -1.0556E-04
  2.3234E+02  4.5270E-03 -3.4839E-04
  2.3250E+02  4.5312E-03 -5.8934E-04
  2.3265E+02  4.5386E-03 -8.2774E-04
  2.3281E+02  4.5494E-03 -1.0629E-03
  2.3296E+02  4.5633E-03 -1.2943E-03
  2.3312E+02  4.5803E-03 -1.5212E-03
  2.3327E+02  4.6002E-03 -1.7431E-03
  2.3343E+02  4.6229E-03 -1.9592E-03
  2.3358E+02  4.6481E-03 -2.1691E-03
  2.3374E+02  4.6757E-03 -2.3723E-03
  2.3389E+02  4.7054E-03 -2.5681E-03
  2.3405E+02  4.7370E-03 -2.7561E-03
  2.3420E+02  4.7701E-03 -2.9358E-03
  2.3436E+02  4.8045E-03 -3.1068E-03
  2.3451E+02  4.8399E-03 -3.2685E-03
  2.3467E+02  4.8760E-03 -3.4207E-03
  2.3482E+02  4.9125E-03 -3.5629E-03
  2.3498E+02  4.9490E-03 -3.6948E-03
  2.3513E+02  4.9853E-03 -3.8162E-03
  2.3529E+02  5.0210E-03 -3.9266E-03
  2.3544E+02  5.0559E-03 -4.0259E-03
  2.3560E+02  5.0896E-03 -4.1138E-03
  2.3575E+02  5.1218E-03 -4.1902E-03
  2.3591E+02  5.1521E-03 -4.2549E-03
  2.3606E+02  5.1804E-03 -4.3078E-03
  2.3622E+02  5.2063E-03 -4.3488E-03
  2.3637E+02  5.2296E-03 -4.3779E-03
  2.3653E+02  5.2500E-03 -4.3950E-03
  2.3668E+02  5.2672E-03 -4.4002E-03
  2.3684E+02  5.2812E-03 -4.3935E-03
  2.3699E+02  5.2918E-03 -4.3750E-03
  2.3715E+02  5.2987E-03 -4.3448E-03
  2.3730E+02  5.3019E-03 -4.3030E-03
  2.3746E+02  5.3014E-03 -4.2499E-03
  2.3761E+02  5.2970E-03 -4.1856E-03
  2.3777E+02  5.2887E-03 -4.1104E-03
  2.3792E+02  5.2766E-03 -4.0246E-03
  2.3808E+02  5.2606E-03 -3.9284E-03
  2.3823E+02  5.2408E-03 -3.8221E-03
  2.3839E+02  5.2172E-03 -3.7062E-03
  2.3854E+02  5.1899E-03 -3.5810E-03
  2.3870E+02  5.1591E-03 -3.4469E-03
  2.3885E+02  5.1249E-03 -3.3044E-03
  2.3901E+02  5.0873E-03 -3.1538E-03
  2.3916E+02  5.0467E-03 -2.9956E-03
  2.3932E+02  5.0030E-03 -2.8304E-03
  2.3947E+02  4.9566E-03 -2.6586E-03
  2.3963E+02  4.9075E-03 -2.4808E-03
  2.3978E+02  4.8560E-03 -2.2975E-03
  2.3994E+02  4.8024E-03 -2.1092E-03
  2.4009E+02  4.7467E-03 -1.9165E-03
  2.4025E+02  4.6892E-03 -1.7200E-03
  2.4040E+02  4.6300E-03 -1.5203E-03
  2.4056E+02  4.5695E-03 -1.3178E-03
  2.4071E+02  4.5078E-03 -1.1133E-03
  2.4087E+02  4.4450E-03 -9.0730E-04
  2.4102E+02  4.3814E-03 -7.0039E-04
  2.4118E+02  4.3171E-03 -4.9317E-04
  2.4133E+02  4.2524E-03 -2.8622E-04
  2.4149E+02  4.1874E-03 -8.0131E-05
  2.4164E+02  4.1224E-03  1.2452E-04
  2.4180E+02  4.0574E-03  3.2717E-04
  2.4195E+02  3.9926E-03  5.2724E-04
  2.4211E+02  3.9283E-03  7.2420E-04
  2.4226E+02  3.8647E-03  9.1750E-04
  2.4242E+02  3.8019E-03  1.1066E-03
  2.4257E+02  3.7400E-03  1.2910E-03
  2.4273E+02  3.6793E-03  1.4703E-03
  2.4288E+02  3.6201E-03  1.6438E-03
  2.4304E+02  3.5623E-03  1.8113E-03
  2.4319E+02  3.5063E-03  1.9721E-03
  2.4335E+02  3.4523E-03  2.1260E-03
  2.4350E+02  3.4005E-03  2.2726E-03
  2.4366E+02  3.3510E-03  2.4113E-03
  2.4381E+02  3.3040E-03  2.5420E-03
  2.4397E+02  3.2599E-03  2.6643E-03
  2.4412E+02  3.2188E-03  2.7778E-03
  2.4428E+02  3.1809E-03  2.8824E-03
  2.4443E+02  3.1464E-03  2.9777E-03
  2.4459E+02  3.1155E-03  3.0636E-03
  2.4474E+02  3.0885E-03  3.1398E-03
  2.4490E+02  3.0655E-03  3.2062E-03
  2.4505E+02  3.0468E-03  3.2627E-03
  2.4521E+02  3.0324E-03  3.3091E-03
  2.4536E+02  3.0226E-03  3.3454E-03
  2.4552E+02  3.0175E-03  3.3715E-03
  2.4567E+02  3.0171E-03  3.3874E-03
  2.4583E+02  3.0217E-03  3.3931E-03
  2.4598E+02  3.0313E-03  3.3887E-03
  2.4614E+02  3.0459E-03  3.3742E-03
  2.4629E+02  3.0656E-03  3.3497E-03
  2.4645E+02  3.0903E-03  3.3153E-03
  2.4660E+02  3.1201E-03  3.2712E-03
  2.4676E+02  3.1548E-03  3.2176E-03
  2.4691E+02  3.1944E-03  3.1547E-03
  2.4707E+02  3.2387E-03  3.0826E-03
  2.4722E+02  3.2875E-03  3.0016E-03
  2.4738E+02  3.3406E-03  2.9121E-03
  2.4753E+02  3.3978E-03  2.8143E-03
  2.4769E+02  3.4587E-03  2.7086E-03
  2.4784E+02  3.5231E-03  2.5952E-03
  2.4800E+02  3.5906E-03  2.4746E-03
  2.4815E+02  3.6609E-03  2.3471E-03
  2.4831E+02  3.7334E-03  2.2132E-03
  2.4846E+02  3.8079E-03  2.0733E-03
  2.4862E+02  3.8837E-03  1.9277E-03
  2.4877E+02  3.9605E-03  1.7770E-03
  2.4893E+02  4.0378E-03  1.6217E-03
  2.4908E+02  4.1150E-03  1.4621E-03
  2.4924E+02  4.1917E-03  1.2988E-03
  2.4939E+02  4.2673E-03  1.1324E-03
  2.4955E+02  4.3413E-03  9.6321E-04
  2.4970E+02  4.4132E-03  7.9186E-04
  2.4986E+02  4.4825E-03  6.1884E-04
  2.5001E+02  4.5488E-03  4.4468E-04
  2.5017E+02  4.6115E-03  2.6989E-04
  2.5032E+02  4.6702E-03  9.4998E-05
  2.5048E+02  4.7245E-03 -7.9469E-05
  2.5063E+02  4.7739E-03 -2.5300E-04
  2.5079E+02  4.8182E-03 -4.2507E-04
  2.5094E+02  4.8570E-03 -5.9518E-04
  2.5110E+02  4.8900E-03 -7.6284E-04
  2.5125E+02  4.9169E-03 -9.2754E-04
  2.5141E+02  4.9375E-03 -1.0888E-03
  2.5156E+02  4.9517E-03 -1.2462E-03
  2.5172E+02  4.9592E-03 -1.3992E-03
  2.5187E+02  4.9600E-03 -1.5475E-03
  2.5203E+02  4.9540E-03 -1.6905E-03
  2.5218E+02  4.9411E-03 -1.8279E-03
  2.5234E+02  4.9214E-03 -1.9593E-03
  2.5249E+02  4.8950E-03 -2.0844E-03
  2.5265E+02  4.8618E-03 -2.2028E-03
  2.5280E+02  4.8221E-03 -2.3141E-03
  2.5296E+02  4.7758E-03 -2.4181E-03
  2.5311E+02  4.7233E-03 -2.5145E-03
  2.5327E+02  4.6647E-03 -2.6031E-03
  2.5342E+02  4.6001E-03 -2.6836E-03
  2.5358E+02  4.5299E-03 -2.7558E-03
  2.5373E+02  4.4542E-03 -2.8196E-03
  2.5389E+02  4.3734E-03 -2.8748E-03
  2.5404E+02  4.2876E-03 -2.9212E-03
  2.5420E+02  4.1972E-03 -2.9589E-03
  2.5435E+02  4.1024E-03 -2.9877E-03
  2.5451E+02  4.0036E-03 -3.0076E-03
  2.5466E+02  3.9011E-03 -3.0185E-03
  2.5482E+02  3.7950E-03 -3.0205E-03
  2.5497E+02  3.6859E-03 -3.0137E-03
  2.5513E+02  3.5738E-03 -2.9981E-03
  2.5528E+02  3.4592E-03 -2.9737E-03
  2.5544E+02  3.3424E-03 -2.9408E-03
  2.5559E+02  3.2236E-03 -2.8994E-03
  2.5575E+02  3.1032E-03 -2.8498E-03
  2.5590E+02  2.9814E-03 -2.7920E-03
  2.5606E+02  2.8586E-03 -2.7264E-03
  2.5621E+02  2.7352E-03 -2.6532E-03
  2.5637E+02  2.6113E-03 -2.5725E-03
  2.5652E+02  2.4873E-03 -2.4848E-03
  2.5668E+02  2.3636E-03 -2.3902E-03
  2.5683E+02  2.2405E-03 -2.2892E-03
  2.5699E+02  2.1184E-03 -2.1820E-03
  2.5714E+02  1.9975E-03 -2.0690E-03
  2.5730E+02  1.8782E-03 -1.9505E-03
  2.5745E+02  1.7610E-03 -1.8270E-03
  2.5761E+02  1.6461E-03 -1.6989E-03
  2.5776E+02  1.5340E-03 -1.5664E-03
  2.5792E+02  1.4250E-03 -1.4302E-03
  2.5807E+02  1.3195E-03 -1.2905E-03
  2.5823E+02  1.2181E-03 -1.1478E-03
  2.5838E+02  1.1209E-03 -1.0025E-03
  2.5854E+02  1.0286E-03 -8.5520E-04
  2.5869E+02  9.4138E-04 -7.0621E-04
  2.5885E+02  8.5976E-04 -5.5603E-04
  2.5900E+02  7.8413E-04 -4.0511E-04
  2.5916E+02  7.1486E-04 -2.5391E-04
  2.5931E+02  6.5235E-04 -1.0288E-04
  2.5947E+02  5.9694E-04  4.7524E-05
  2.5962E+02  5.4899E-04  1.9685E-04
  2.5978E+02  5.0883E-04  3.4465E-04
  2.5993E+02  4.7674E-04  4.9048E-04
  2.6009E+02  4.5300E-04  6.3392E-04
  2.6024E+02  4.3784E-04  7.7454E-04
  2.6040E+02  4.3147E-04  9.1194E-04
  2.6055E+02  4.3404E-04  1.0457E-03
  2.6071E+02  4.4567E-04  1.1754E-03
  2.6086E+02  4.6644E-04  1.3008E-03
  2.6102E+02  4.9637E-04  1.4213E-03
  2.6117E+02  5.3545E-04  1.5368E-03
  2.6133E+02  5.8359E-04  1.6469E-03
  2.6148E+02  6.4067E-04  1.7512E-03
  2.6164E+02  7.0651E-04  1.8495E-03
  2.6179E+02  7.8088E-04  1.9414E-03
  2.6195E+02  8.6350E-04  2.0269E-03
  2.6210E+02  9.5402E-04  2.1055E-03
  2.6226E+02  1.0521E-03  2.1772E-03
  2.6241E+02  1.1572E-03  2.2417E-03
  2.6257E+02  1.2690E-03  2.2989E-03
  2.6272E+02  1.3868E-03  2.3487E-03
  2.6288E+02  1.5102E-03  2.3909E-03
  2.6303E+02  1.6385E-03  2.4254E-03
  2.6319E+02  1.7712E-03  2.4522E-03
  2.6334E+02  1.9075E-03  2.4713E-03
  2.6350E+02  2.0468E-03  2.4827E-03
  2.6365E+02  2.1885E-03  2.4862E-03
  2.6381E+02  2.3318E-03  2.4821E-03
  2.6396E+02  2.4760E-03  2.4704E-03
  2.6412E+02  2.6204E-03  2.4511E-03
  2.6427E+02  2.7645E-03  2.4244E-03
  2.6443E+02  2.9074E-03  2.3904E-03
  2.6458E+02  3.0485E-03  2.3493E-03
  2.6474E+02  3.1872E-03  2.3012E-03
  2.6489E+02  3.3228E-03  2.2463E-03
  2.6505E+02  3.4547E-03  2.1849E-03
  2.6520E+02  3.5825E-03  2.1172E-03
  2.6536E+02  3.7055E-03  2.0435E-03
  2.6551E+02  3.8233E-03  1.9640E-03
  2.6567E+02  3.9354E-03  1.8790E-03
  2.6582E+02  4.0415E-03  1.7889E-03
  2.6598E+02  4.1410E-03  1.6939E-03
  2.6613E+02  4.2338E-03  1.5944E-03
  2.6629E+02  4.3195E-03  1.4907E-03
  2.6644E+02  4.3978E-03  1.3833E-03
  2.6660E+02  4.4686E-03  1.2724E-03
  2.6675E+02  4.5317E-03  1.1584E-03
  2.6691E+02  4.5870E-03  1.0418E-03
  2.6706E+02  4.6343E-03  9.2278E-04
  2.6722E+02  4.6736E-03  8.0189E-04
  2.6737E+02  4.7048E-03  6.7947E-04
  2.6753E+02  4.7279E-03  5.5590E-04
  2.6768E+02  4.7430E-03  4.3159E-04
  2.6784E+02  4.7500E-03  3.0692E-04
  2.6799E+02  4.7490E-03  1.8229E-04
  2.6815E+02  4.7400E-03  5.8073E-05
  2.6830E+02  4.7232E-03 -6.5344E-05
  2.6846E+02  4.6985E-03 -1.8759E-04
  2.6861E+02  4.6660E-03 -3.0828E-04
  2.6877E+02  4.6260E-03 -4.2708E-04
  2.6892E+02  4.5783E-03 -5.4361E-04
  2.6908E+02  4.5233E-03 -6.5754E-04
  2.6923E+02  4.4608E-03 -7.6853E-04
  2.6939E+02  4.3911E-03 -8.7626E-04
  2.6954E+02  4.3143E-03 -9.8042E-04
  2.6970E+02  4.2304E-03 -1.0807E-03
  2.6985E+02  4.1396E-03 -1.1769E-03
  2.7001E+02  4.0421E-03 -1.2686E-03
  2.7016E+02  3.9378E-03 -1.3556E-03
  2.7032E+02  3.8271E-03 -1.4377E-03
  2.7047E+02  3.7101E-03 -1.5147E-03
  2.7063E+02  3.5869E-03 -1.5864E-03
  2.7078E+02  3.4578E-03 -1.6525E-03
  2.7094E+02  3.3229E-03 -1.7129E-03
  2.7109E+02  3.1825E-03 -1.7674E-03
  2.7125E+02  3.0370E-03 -1.8159E-03
  2.7140E+02  2.8864E-03 -1.8583E-03
  2.7156E+02  2.7314E-03 -1.8946E-03
  2.7171E+02  2.5720E-03 -1.9245E-03
  2.7187E+02  2.4089E-03 -1.9481E-03
  2.7202E+02  2.2424E-03 -1.9653E-03
  2.7218E+02  2.0730E-03 -1.9760E-03
  2.7233E+02  1.9012E-03 -1.9804E-03
  2.7249E+02  1.7275E-03 -1.9785E-03
  2.7264E+02  1.5526E-03 -1.9702E-03
  2.7280E+02  1.3771E-03 -1.9556E-03
  2.7295E+02  1.2015E-03 -1.9348E-03
  2.7311E+02  1.0266E-03 -1.9080E-03
  2.7326E+02  8.5316E-04 -1.8751E-03
  2.7342E+02  6.8180E-04 -1.8365E-03
  2.7357E+02  5.1329E-04 -1.7922E-03
  2.7373E+02  3.4840E-04 -1.7424E-03
  2.7388E+02  1.8789E-04 -1.6874E-03
  2.7404E+02  3.2508E-05 -1.6272E-03
  2.7419E+02 -1.1698E-04 -1.5622E-03
  2.7435E+02 -2.5983E-04 -1.4926E-03
  2.7450E+02 -3.9532E-04 -1.4186E-03
  2.7466E+02 -5.2273E-04 -1.3406E-03
  2.7481E+02 -6.4141E-04 -1.2587E-03
  2.7497E+02 -7.5070E-04 -1.1734E-03
  2.7512E+02 -8.5002E-04 -1.0848E-03
  2.7528E+02 -9.3882E-04 -9.9337E-04
  2.7543E+02 -1.0166E-03 -8.9937E-04
  2.7559E+02 -1.0829E-03 -8.0313E-04
  2.7574E+02 -1.1374E-03 -7.0500E-04
  2.7590E+02 -1.1798E-03 -6.0531E-04
  2.7605E+02 -1.2098E-03 -5.0440E-04
  2.7621E+02 -1.2272E-03 -4.0262E-04
  2.7636E+02 -1.2320E-03 -3.0032E-04
  2.7652E+02 -1.2242E-03 -1.9783E-04
  2.7667E+02 -1.2038E-03 -9.5498E-05
  2.7683E+02 -1.1708E-03  6.3338E-06
  2.7698E+02 -1.1256E-03  1.0733E-04
  2.7714E+02 -1.0684E-03  2.0718E-04
  2.7729E+02 -9.9952E-04  3.0554E-04
  2.7745E+02 -9.1936E-04  4.0210E-04
  2.7760E+02 -8.2841E-04  4.9657E-04
  2.7776E+02 -7.2718E-04  5.8866E-04
  2.7791E+02 -6.1626E-04  6.7807E-04
  2.7807E+02 -4.9627E-04  7.6453E-04
  2.7822E+02 -3.6786E-04  8.4781E-04
  2.7838E+02 -2.3174E-04  9.2764E-04
  2.7853E+02 -8.8623E-05  1.0038E-03
  2.7869E+02  6.0731E-05  1.0761E-03
  2.7884E+02  2.1556E-04  1.1443E-03
  2.7900E+02  3.7509E-04  1.2082E-03
  2.7915E+02  5.3855E-04  1.2678E-03
  2.7931E+02  7.0515E-04  1.3227E-03
  2.7946E+02  8.7414E-04  1.3730E-03
  2.7962E+02  1.0448E-03  1.4185E-03
  2.7977E+02  1.2163E-03  1.4590E-03
  2.7993E+02  1.3881E-03  1.4946E-03
  2.8008E+02  1.5593E-03  1.5251E-03
  2.8024E+02  1.7294E-03  1.5505E-03
  2.8039E+02  1.8978E-03  1.5709E-03
  2.8055E+02  2.0638E-03  1.5861E-03
  2.8070E+02  2.2269E-03  1.5962E-03
  2.8086E+02  2.3867E-03  1.6012E-03
  2.8101E+02  2.5426E-03  1.6011E-03
  2.8117E+02  2.6941E-03  1.5961E-03
  2.8132E+02  2.8411E-03  1.5862E-03
  2.8148E+02  2.9830E-03  1.5714E-03
  2.8163E+02  3.1196E-03  1.5519E-03
  2.8179E+02  3.2506E-03  1.5278E-03
  2.8194E+02  3.3757E-03  1.4991E-03
  2.8210E+02  3.4948E-03  1.4662E-03
  2.8225E+02  3.6076E-03  1.4290E-03
  2.8241E+02  3.7141E-03  1.3877E-03
  2.8256E+02  3.8139E-03  1.3426E-03
  2.8272E+02  3.9071E-03  1.2938E-03
  2.8287E+02  3.9936E-03  1.2415E-03
  2.8303E+02  4.0731E-03  1.1859E-03
  2.8318E+02  4.1458E-03  1.1271E-03
  2.8334E+02  4.2114E-03  1.0655E-03
  2.8349E+02  4.2699E-03  1.0012E-03
  2.8365E+02  4.3213E-03  9.3450E-04
  2.8380E+02  4.3654E-03  8.6556E-04
  2.8396E+02  4.4023E-03  7.9464E-04
  2.8411E+02  4.4317E-03  7.2199E-04
  2.8427E+02  4.4537E-03  6.4785E-04
  2.8442E+02  4.4682E-03  5.7246E-04
  2.8458E+02  4.4751E-03  4.9607E-04
  2.8473E+02  4.4742E-03  4.1893E-04
  2.8489E+02  4.4655E-03  3.4129E-04
  2.8504E+02  4.4490E-03  2.6340E-04
  2.8520E+02  4.4244E-03  1.8550E-04
  2.8535E+02  4.3918E-03  1.0785E-04
  2.8551E+02  4.3510E-03  3.0687E-05
  2.8566E+02  4.3019E-03 -4.5744E-05
  2.8582E+02  4.2446E-03 -1.2120E-04
  2.8597E+02  4.1789E-03 -1.9545E-04
  2.8613E+02  4.1048E-03 -2.6827E-04
  2.8628E+02  4.0223E-03 -3.3942E-04
  2.8644E+02  3.9314E-03 -4.0868E-04
  2.8659E+02  3.8322E-03 -4.7585E-04
  2.8675E+02  3.7247E-03 -5.4073E-04
  2.8690E+02  3.6090E-03 -6.0310E-04
  2.8706E+02  3.4854E-03 -6.6279E-04
  2.8721E+02  3.3539E-03 -7.1961E-04
  2.8737E+02  3.2149E-03 -7.7340E-04
  2.8752E+02  3.0685E-03 -8.2400E-04
  2.8768E+02  2.9152E-03 -8.7126E-04
  2.8783E+02  2.7552E-03 -9.1504E-04
  2.8799E+02  2.5891E-03 -9.5522E-04
  2.8814E+02  2.4172E-03 -9.9169E-04
  2.8830E+02  2.2401E-03 -1.0244E-03
  2.8845E+02  2.0584E-03 -1.0531E-03
  2.8861E+02  1.8726E-03 -1.0779E-03
  2.8876E+02  1.6835E-03 -1.0987E-03
  2.8892E+02  1.4917E-03 -1.1154E-03
  2.8907E+02  1.2979E-03 -1.1281E-03
  2.8923E+02  1.1029E-03 -1.1366E-03
  2.8938E+02  9.0756E-04 -1.1410E-03
  2.8954E+02  7.1264E-04 -1.1414E-03
  2.8969E+02  5.1901E-04 -1.1377E-03
  2.8985E+02  3.2751E-04 -1.1300E-03
  2.9000E+02  1.3903E-04 -1.1183E-03
  2.9016E+02 -4.5570E-05 -1.1028E-03
  2.9031E+02 -2.2541E-04 -1.0835E-03
  2.9047E+02 -3.9962E-04 -1.0605E-03
  2.9062E+02 -5.6737E-04 -1.0340E-03
  2.9078E+02 -7.2782E-04 -1.0041E-03
  2.9093E+02 -8.8019E-04 -9.7081E-04
  2.9109E+02 -1.0237E-03 -9.3442E-04
  2.9124E+02 -1.1576E-03 -8.9506E-04
  2.9140E+02 -1.2813E-03 -8.5291E-04
  2.9155E+02 -1.3941E-03 -8.0814E-04
  2.9171E+02 -1.4954E-03 -7.6094E-04
  2.9186E+02 -1.5848E-03 -7.1152E-04
  2.9202E+02 -1.6618E-03 -6.6008E-04
  2.9217E+02 -1.7260E-03 -6.0684E-04
  2.9233E+02 -1.7771E-03 -5.5200E-04
  2.9248E+02 -1.8149E-03 -4.9580E-04
  2.9264E+02 -1.8391E-03 -4.3845E-04
  2.9279E+02 -1.8499E-03 -3.8019E-04
  2.9295E+02 -1.8471E-03 -3.2123E-04
  2.9310E+02 -1.8307E-03 -2.6181E-04
  2.9326E+02 -1.8011E-03 -2.0215E-04
  2.9341E+02 -1.7582E-03 -1.4247E-04
  2.9357E+02 -1.7026E-03 -8.2995E-05
  2.9372E+02 -1.6344E-03 -2.3945E-05
  2.9388E+02 -1.5542E-03  3.4470E-05
  2.9403E+02 -1.4623E-03  9.2042E-05
  2.9419E+02 -1.3594E-03  1.4857E-04
  2.9434E+02 -1.2459E-03  2.0386E-04
  2.9450E+02 -1.1226E-03  2.5773E-04
  2.9465E+02 -9.9011E-04  3.0999E-04
  2.9481E+02 -8.4910E-04  3.6049E-04
  2.9496E+02 -7.0031E-04  4.0905E-04
  2.9512E+02 -5.4451E-04  4.5553E-04
  2.9527E+02 -3.8245E-04  4.9980E-04
  2.9543E+02 -2.1489E-04  5.4171E-04
  2.9558E+02 -4.2629E-05  5.8116E-04
  2.9574E+02  1.3358E-04  6.1804E-04
  2.9589E+02  3.1296E-04  6.5225E-04
  2.9605E+02  4.9476E-04  6.8371E-04
  2.9620E+02  6.7825E-04  7.1234E-04
  2.9636E+02  8.6270E-04  7.3809E-04
  2.9651E+02  1.0474E-03  7.6090E-04
  2.9667E+02  1.2318E-03  7.8075E-04
  2.9682E+02  1.4151E-03  7.9759E-04
  2.9698E+02  1.5967E-03  8.1141E-04
  2.9713E+02  1.7762E-03  8.2222E-04
  2.9729E+02  1.9530E-03  8.3000E-04
  2.9744E+02  2.1266E-03  8.3479E-04
  2.9760E+02  2.2965E-03  8.3661E-04
  2.9775E+02  2.4624E-03  8.3548E-04
  2.9791E+02  2.6239E-03  8.3146E-04
  2.9806E+02  2.7806E-03  8.2459E-04
  2.9822E+02  2.9323E-03  8.1494E-04
  2.9837E+02  3.0786E-03  8.0259E-04
  2.9853E+02  3.2194E-03  7.8759E-04
  2.9868E+02  3.3544E-03  7.7005E-04
  2.9884E+02  3.4835E-03  7.5004E-04
  2.9899E+02  3.6064E-03  7.2767E-04
  2.9915E+02  3.7231E-03  7.0304E-04
  2.9930E+02  3.8333E-03  6.7627E-04
  2.9946E+02  3.9370E-03  6.4745E-04
  2.9961E+02  4.0341E-03  6.1672E-04
  2.9977E+02  4.1245E-03  5.8419E-04
  2.9992E+02  4.2080E-03  5.5000E-04
  3.0000E+02  4.2459E-03  5.3290E-04
