# CREATED BY GENE DIAGNOSTICS TOOL on Fri Dec 11 19:05:10 2020
# diag: timetrace, run(s): 0009, time window: 0-1500(1390 steps), species: ions
# original data path: /marconi_scratch/userexternal/cmoreno0/GAM_HP_scan/LHD_s0.25_alpha-0_npol3_nz0768/
# normalization: L_ref=1.65m
#
#  t          Re[phi]     Im[phi]   
  0.0000E+00  9.9997E-01  0.0000E+00
  1.0800E+00  8.6758E-01 -1.7345E-03
  2.1600E+00  6.8792E-01 -2.9394E-03
  3.2400E+00  4.3977E-01 -3.4550E-03
  4.3200E+00  1.8564E-01 -3.2003E-03
  5.4000E+00 -3.7419E-02 -2.2651E-03
  6.4800E+00 -2.0073E-01 -8.6244E-04
  7.5600E+00 -2.9217E-01  7.1730E-04
  8.6400E+00 -3.1347E-01  2.1689E-03
  9.7200E+00 -2.7631E-01  3.2360E-03
  1.0800E+01 -1.9902E-01  3.7459E-03
  1.1880E+01 -1.0262E-01  3.6446E-03
  1.2960E+01 -5.8420E-03  2.9927E-03
  1.4040E+01  7.7415E-02  1.9469E-03
  1.5120E+01  1.3523E-01  6.6902E-04
  1.6200E+01  1.6565E-01 -4.8256E-04
  1.7280E+01  1.7371E-01 -1.6016E-03
  1.8360E+01  1.6335E-01 -2.3068E-03
  1.9440E+01  1.4472E-01 -2.7752E-03
  2.0520E+01  1.2099E-01 -2.9349E-03
  2.1600E+01  1.0089E-01 -2.8722E-03
  2.2680E+01  8.7276E-02 -2.6711E-03
  2.3760E+01  8.1316E-02 -2.3998E-03
  2.4840E+01  8.1351E-02 -2.1050E-03
  2.5920E+01  8.4702E-02 -1.8050E-03
  2.7000E+01  8.8346E-02 -1.4988E-03
  2.8080E+01  8.9287E-02 -1.1726E-03
  2.9160E+01  8.5493E-02 -8.1339E-04
  3.0240E+01  7.7248E-02 -4.0895E-04
  3.1320E+01  6.4325E-02  2.9518E-05
  3.2400E+01  4.9315E-02  4.5502E-04
  3.3480E+01  3.3442E-02  8.4510E-04
  3.4560E+01  2.0077E-02  1.1754E-03
  3.5640E+01  1.0828E-02  1.3566E-03
  3.6720E+01  6.2534E-03  1.3762E-03
  3.7800E+01  7.9297E-03  1.2356E-03
  3.8880E+01  1.4287E-02  9.1980E-04
  3.9960E+01  2.4828E-02  4.6502E-04
  4.1040E+01  3.7620E-02 -8.3472E-05
  4.2120E+01  5.1055E-02 -6.6938E-04
  4.3200E+01  6.3324E-02 -1.2339E-03
  4.4280E+01  7.3224E-02 -1.7228E-03
  4.5360E+01  8.0208E-02 -2.0998E-03
  4.6440E+01  8.4297E-02 -2.3249E-03
  4.7520E+01  8.5209E-02 -2.4119E-03
  4.8600E+01  8.3570E-02 -2.3517E-03
  4.9680E+01  7.9378E-02 -2.1718E-03
  5.0760E+01  7.3307E-02 -1.8996E-03
  5.1840E+01  6.6931E-02 -1.5674E-03
  5.2920E+01  6.0965E-02 -1.2148E-03
  5.4000E+01  5.6499E-02 -8.6080E-04
  5.5080E+01  5.2919E-02 -5.4841E-04
  5.6160E+01  4.9631E-02 -2.8306E-04
  5.7240E+01  4.6115E-02 -7.9323E-05
  5.8320E+01  4.2328E-02  6.0946E-05
  5.9400E+01  3.9095E-02  1.3687E-04
  6.0480E+01  3.7384E-02  1.5059E-04
  6.1560E+01  3.7689E-02  1.0217E-04
  6.2640E+01  3.9986E-02 -6.9495E-06
  6.3720E+01  4.3557E-02 -1.7025E-04
  6.4800E+01  4.7145E-02 -3.7847E-04
  6.5880E+01  5.0018E-02 -6.1424E-04
  6.6960E+01  5.1846E-02 -8.6120E-04
  6.8040E+01  5.2785E-02 -1.0927E-03
  6.9120E+01  5.3431E-02 -1.2982E-03
  7.0200E+01  5.4211E-02 -1.4549E-03
  7.1280E+01  5.5386E-02 -1.5675E-03
  7.2360E+01  5.6780E-02 -1.6257E-03
  7.3440E+01  5.8173E-02 -1.6353E-03
  7.4520E+01  5.9075E-02 -1.5994E-03
  7.5600E+01  5.9197E-02 -1.5256E-03
  7.6680E+01  5.8430E-02 -1.4186E-03
  7.7760E+01  5.6993E-02 -1.2916E-03
  7.8840E+01  5.5148E-02 -1.1536E-03
  7.9920E+01  5.3092E-02 -1.0153E-03
  8.1000E+01  5.1015E-02 -8.8677E-04
  8.2080E+01  4.8998E-02 -7.7579E-04
  8.3160E+01  4.7218E-02 -6.8707E-04
  8.4240E+01  4.5819E-02 -6.2578E-04
  8.5320E+01  4.4894E-02 -5.9557E-04
  8.6400E+01  4.4412E-02 -5.9669E-04
  8.7480E+01  4.4406E-02 -6.3027E-04
  8.8560E+01  4.4901E-02 -6.9260E-04
  8.9640E+01  4.5943E-02 -7.7980E-04
  9.0720E+01  4.7390E-02 -8.8622E-04
  9.1800E+01  4.8927E-02 -1.0027E-03
  9.2880E+01  5.0232E-02 -1.1208E-03
  9.3960E+01  5.1147E-02 -1.2305E-03
  9.5040E+01  5.1720E-02 -1.3235E-03
  9.6120E+01  5.2100E-02 -1.3951E-03
  9.7200E+01  5.2262E-02 -1.4418E-03
  9.8280E+01  5.2083E-02 -1.4633E-03
  9.9360E+01  5.1456E-02 -1.4599E-03
  1.0044E+02  5.0544E-02 -1.4345E-03
  1.0152E+02  4.9681E-02 -1.3914E-03
  1.0260E+02  4.9166E-02 -1.3376E-03
  1.0368E+02  4.9002E-02 -1.2795E-03
  1.0476E+02  4.8956E-02 -1.2236E-03
  1.0584E+02  4.8744E-02 -1.1732E-03
  1.0692E+02  4.8252E-02 -1.1310E-03
  1.0800E+02  4.7614E-02 -1.0979E-03
  1.0908E+02  4.7119E-02 -1.0757E-03
  1.1016E+02  4.6974E-02 -1.0657E-03
  1.1124E+02  4.7148E-02 -1.0695E-03
  1.1232E+02  4.7327E-02 -1.0864E-03
  1.1340E+02  4.7187E-02 -1.1146E-03
  1.1448E+02  4.6673E-02 -1.1506E-03
  1.1556E+02  4.6117E-02 -1.1916E-03
  1.1664E+02  4.5983E-02 -1.2359E-03
  1.1772E+02  4.6521E-02 -1.2827E-03
  1.1880E+02  4.7584E-02 -1.3310E-03
  1.1988E+02  4.8727E-02 -1.3786E-03
  1.2096E+02  4.9495E-02 -1.4223E-03
  1.2204E+02  4.9624E-02 -1.4579E-03
  1.2312E+02  4.9140E-02 -1.4827E-03
  1.2420E+02  4.8297E-02 -1.4945E-03
  1.2528E+02  4.7475E-02 -1.4939E-03
  1.2636E+02  4.6988E-02 -1.4832E-03
  1.2744E+02  4.6942E-02 -1.4657E-03
  1.2852E+02  4.7189E-02 -1.4455E-03
  1.2960E+02  4.7417E-02 -1.4252E-03
  1.3068E+02  4.7361E-02 -1.4068E-03
  1.3176E+02  4.6959E-02 -1.3910E-03
  1.3284E+02  4.6390E-02 -1.3785E-03
  1.3392E+02  4.5932E-02 -1.3704E-03
  1.3500E+02  4.5767E-02 -1.3682E-03
  1.3608E+02  4.5871E-02 -1.3729E-03
  1.3716E+02  4.6076E-02 -1.3844E-03
  1.3824E+02  4.6218E-02 -1.4017E-03
  1.3932E+02  4.6240E-02 -1.4230E-03
  1.4040E+02  4.6168E-02 -1.4468E-03
  1.4148E+02  4.6058E-02 -1.4714E-03
  1.4256E+02  4.5964E-02 -1.4959E-03
  1.4364E+02  4.5956E-02 -1.5198E-03
  1.4472E+02  4.6106E-02 -1.5428E-03
  1.4580E+02  4.6424E-02 -1.5646E-03
  1.4688E+02  4.6801E-02 -1.5849E-03
  1.4796E+02  4.7031E-02 -1.6023E-03
  1.4904E+02  4.6935E-02 -1.6151E-03
  1.5012E+02  4.6500E-02 -1.6218E-03
  1.5120E+02  4.5905E-02 -1.6220E-03
  1.5228E+02  4.5426E-02 -1.6172E-03
  1.5336E+02  4.5257E-02 -1.6096E-03
  1.5444E+02  4.5401E-02 -1.6023E-03
  1.5552E+02  4.5688E-02 -1.5972E-03
  1.5660E+02  4.5911E-02 -1.5955E-03
  1.5768E+02  4.5955E-02 -1.5969E-03
  1.5876E+02  4.5836E-02 -1.6010E-03
  1.5984E+02  4.5646E-02 -1.6070E-03
  1.6092E+02  4.5460E-02 -1.6143E-03
  1.6200E+02  4.5291E-02 -1.6229E-03
  1.6308E+02  4.5109E-02 -1.6325E-03
  1.6416E+02  4.4914E-02 -1.6433E-03
  1.6524E+02  4.4770E-02 -1.6549E-03
  1.6632E+02  4.4778E-02 -1.6675E-03
  1.6740E+02  4.4989E-02 -1.6815E-03
  1.6848E+02  4.5336E-02 -1.6968E-03
  1.6956E+02  4.5647E-02 -1.7131E-03
  1.7064E+02  4.5745E-02 -1.7294E-03
  1.7172E+02  4.5552E-02 -1.7440E-03
  1.7280E+02  4.5139E-02 -1.7554E-03
  1.7388E+02  4.4689E-02 -1.7630E-03
  1.7496E+02  4.4405E-02 -1.7671E-03
  1.7604E+02  4.4388E-02 -1.7691E-03
  1.7712E+02  4.4573E-02 -1.7707E-03
  1.7820E+02  4.4775E-02 -1.7730E-03
  1.7928E+02  4.4819E-02 -1.7763E-03
  1.8036E+02  4.4658E-02 -1.7804E-03
  1.8144E+02  4.4366E-02 -1.7846E-03
  1.8252E+02  4.4061E-02 -1.7890E-03
  1.8360E+02  4.3825E-02 -1.7937E-03
  1.8468E+02  4.3686E-02 -1.7990E-03
  1.8576E+02  4.3650E-02 -1.8054E-03
  1.8684E+02  4.3696E-02 -1.8131E-03
  1.8792E+02  4.3772E-02 -1.8221E-03
  1.8900E+02  4.3810E-02 -1.8323E-03
  1.9008E+02  4.3776E-02 -1.8433E-03
  1.9116E+02  4.3695E-02 -1.8547E-03
  1.9224E+02  4.3625E-02 -1.8662E-03
  1.9332E+02  4.3614E-02 -1.8776E-03
  1.9440E+02  4.3665E-02 -1.8887E-03
  1.9548E+02  4.3749E-02 -1.8992E-03
  1.9656E+02  4.3829E-02 -1.9090E-03
  1.9764E+02  4.3873E-02 -1.9179E-03
  1.9872E+02  4.3868E-02 -1.9257E-03
  1.9980E+02  4.3827E-02 -1.9325E-03
  2.0088E+02  4.3774E-02 -1.9385E-03
  2.0196E+02  4.3734E-02 -1.9440E-03
  2.0304E+02  4.3717E-02 -1.9494E-03
  2.0412E+02  4.3714E-02 -1.9548E-03
  2.0520E+02  4.3699E-02 -1.9601E-03
  2.0628E+02  4.3657E-02 -1.9654E-03
  2.0736E+02  4.3596E-02 -1.9706E-03
  2.0844E+02  4.3552E-02 -1.9759E-03
  2.0952E+02  4.3541E-02 -1.9818E-03
  2.1060E+02  4.3536E-02 -1.9884E-03
  2.1168E+02  4.3485E-02 -1.9959E-03
  2.1276E+02  4.3371E-02 -2.0039E-03
  2.1384E+02  4.3244E-02 -2.0122E-03
  2.1492E+02  4.3174E-02 -2.0207E-03
  2.1600E+02  4.3188E-02 -2.0294E-03
  2.1708E+02  4.3247E-02 -2.0386E-03
  2.1816E+02  4.3294E-02 -2.0482E-03
  2.1924E+02  4.3304E-02 -2.0579E-03
  2.2032E+02  4.3286E-02 -2.0675E-03
  2.2140E+02  4.3247E-02 -2.0768E-03
  2.2248E+02  4.3181E-02 -2.0857E-03
  2.2356E+02  4.3085E-02 -2.0940E-03
  2.2464E+02  4.2960E-02 -2.1014E-03
  2.2572E+02  4.2817E-02 -2.1080E-03
  2.2680E+02  4.2662E-02 -2.1139E-03
  2.2788E+02  4.2510E-02 -2.1194E-03
  2.2896E+02  4.2390E-02 -2.1249E-03
  2.3004E+02  4.2324E-02 -2.1306E-03
  2.3112E+02  4.2313E-02 -2.1369E-03
  2.3220E+02  4.2322E-02 -2.1437E-03
  2.3328E+02  4.2305E-02 -2.1510E-03
  2.3436E+02  4.2220E-02 -2.1584E-03
  2.3544E+02  4.2058E-02 -2.1658E-03
  2.3652E+02  4.1849E-02 -2.1730E-03
  2.3760E+02  4.1657E-02 -2.1800E-03
  2.3868E+02  4.1544E-02 -2.1869E-03
  2.3976E+02  4.1532E-02 -2.1941E-03
  2.4084E+02  4.1590E-02 -2.2018E-03
  2.4192E+02  4.1656E-02 -2.2102E-03
  2.4300E+02  4.1672E-02 -2.2191E-03
  2.4408E+02  4.1609E-02 -2.2281E-03
  2.4516E+02  4.1480E-02 -2.2368E-03
  2.4624E+02  4.1333E-02 -2.2448E-03
  2.4732E+02  4.1225E-02 -2.2521E-03
  2.4840E+02  4.1189E-02 -2.2590E-03
  2.4948E+02  4.1206E-02 -2.2657E-03
  2.5056E+02  4.1228E-02 -2.2724E-03
  2.5164E+02  4.1208E-02 -2.2791E-03
  2.5272E+02  4.1140E-02 -2.2858E-03
  2.5380E+02  4.1045E-02 -2.2923E-03
  2.5488E+02  4.0952E-02 -2.2986E-03
  2.5596E+02  4.0879E-02 -2.3046E-03
  2.5704E+02  4.0840E-02 -2.3106E-03
  2.5812E+02  4.0843E-02 -2.3168E-03
  2.5920E+02  4.0881E-02 -2.3234E-03
  2.6028E+02  4.0926E-02 -2.3304E-03
  2.6136E+02  4.0945E-02 -2.3379E-03
  2.6244E+02  4.0925E-02 -2.3457E-03
  2.6352E+02  4.0887E-02 -2.3534E-03
  2.6460E+02  4.0871E-02 -2.3611E-03
  2.6568E+02  4.0901E-02 -2.3688E-03
  2.6676E+02  4.0966E-02 -2.3765E-03
  2.6784E+02  4.1026E-02 -2.3844E-03
  2.6892E+02  4.1047E-02 -2.3922E-03
  2.7000E+02  4.1022E-02 -2.3999E-03
  2.7108E+02  4.0971E-02 -2.4073E-03
  2.7216E+02  4.0926E-02 -2.4143E-03
  2.7324E+02  4.0911E-02 -2.4211E-03
  2.7432E+02  4.0934E-02 -2.4278E-03
  2.7540E+02  4.0986E-02 -2.4346E-03
  2.7648E+02  4.1043E-02 -2.4416E-03
  2.7756E+02  4.1079E-02 -2.4487E-03
  2.7864E+02  4.1073E-02 -2.4559E-03
  2.7972E+02  4.1028E-02 -2.4630E-03
  2.8080E+02  4.0962E-02 -2.4697E-03
  2.8188E+02  4.0905E-02 -2.4763E-03
  2.8296E+02  4.0880E-02 -2.4828E-03
  2.8404E+02  4.0891E-02 -2.4894E-03
  2.8512E+02  4.0920E-02 -2.4964E-03
  2.8620E+02  4.0939E-02 -2.5037E-03
  2.8728E+02  4.0924E-02 -2.5112E-03
  2.8836E+02  4.0877E-02 -2.5188E-03
  2.8944E+02  4.0820E-02 -2.5263E-03
  2.9052E+02  4.0778E-02 -2.5337E-03
  2.9160E+02  4.0759E-02 -2.5411E-03
  2.9268E+02  4.0754E-02 -2.5485E-03
  2.9376E+02  4.0749E-02 -2.5559E-03
  2.9484E+02  4.0739E-02 -2.5634E-03
  2.9592E+02  4.0725E-02 -2.5708E-03
  2.9700E+02  4.0705E-02 -2.5782E-03
  2.9808E+02  4.0675E-02 -2.5855E-03
  2.9916E+02  4.0633E-02 -2.5927E-03
  3.0024E+02  4.0583E-02 -2.5996E-03
  3.0132E+02  4.0531E-02 -2.6063E-03
  3.0240E+02  4.0481E-02 -2.6130E-03
  3.0348E+02  4.0434E-02 -2.6196E-03
  3.0456E+02  4.0387E-02 -2.6262E-03
  3.0564E+02  4.0330E-02 -2.6329E-03
  3.0672E+02  4.0255E-02 -2.6395E-03
  3.0780E+02  4.0163E-02 -2.6461E-03
  3.0888E+02  4.0064E-02 -2.6525E-03
  3.0996E+02  3.9970E-02 -2.6589E-03
  3.1104E+02  3.9885E-02 -2.6653E-03
  3.1212E+02  3.9801E-02 -2.6718E-03
  3.1320E+02  3.9706E-02 -2.6785E-03
  3.1428E+02  3.9597E-02 -2.6852E-03
  3.1536E+02  3.9485E-02 -2.6920E-03
  3.1644E+02  3.9390E-02 -2.6988E-03
  3.1752E+02  3.9327E-02 -2.7057E-03
  3.1860E+02  3.9293E-02 -2.7128E-03
  3.1968E+02  3.9266E-02 -2.7201E-03
  3.2076E+02  3.9222E-02 -2.7275E-03
  3.2184E+02  3.9150E-02 -2.7348E-03
  3.2292E+02  3.9064E-02 -2.7421E-03
  3.2400E+02  3.8991E-02 -2.7491E-03
  3.2508E+02  3.8946E-02 -2.7560E-03
  3.2616E+02  3.8919E-02 -2.7628E-03
  3.2724E+02  3.8889E-02 -2.7696E-03
  3.2832E+02  3.8841E-02 -2.7762E-03
  3.2940E+02  3.8775E-02 -2.7827E-03
  3.3048E+02  3.8701E-02 -2.7889E-03
  3.3156E+02  3.8624E-02 -2.7950E-03
  3.3264E+02  3.8544E-02 -2.8009E-03
  3.3372E+02  3.8457E-02 -2.8068E-03
  3.3480E+02  3.8366E-02 -2.8125E-03
  3.3588E+02  3.8281E-02 -2.8183E-03
  3.3696E+02  3.8210E-02 -2.8241E-03
  3.3804E+02  3.8152E-02 -2.8301E-03
  3.3912E+02  3.8099E-02 -2.8363E-03
  3.4020E+02  3.8046E-02 -2.8427E-03
  3.4128E+02  3.7997E-02 -2.8492E-03
  3.4236E+02  3.7954E-02 -2.8560E-03
  3.4344E+02  3.7919E-02 -2.8629E-03
  3.4452E+02  3.7885E-02 -2.8700E-03
  3.4560E+02  3.7853E-02 -2.8770E-03
  3.4668E+02  3.7829E-02 -2.8841E-03
  3.4776E+02  3.7823E-02 -2.8912E-03
  3.4884E+02  3.7833E-02 -2.8982E-03
  3.4992E+02  3.7845E-02 -2.9053E-03
  3.5100E+02  3.7842E-02 -2.9123E-03
  3.5208E+02  3.7823E-02 -2.9192E-03
  3.5316E+02  3.7793E-02 -2.9258E-03
  3.5424E+02  3.7765E-02 -2.9321E-03
  3.5532E+02  3.7742E-02 -2.9382E-03
  3.5640E+02  3.7725E-02 -2.9441E-03
  3.5748E+02  3.7711E-02 -2.9500E-03
  3.5856E+02  3.7696E-02 -2.9557E-03
  3.5964E+02  3.7679E-02 -2.9615E-03
  3.6072E+02  3.7660E-02 -2.9674E-03
  3.6180E+02  3.7647E-02 -2.9733E-03
  3.6288E+02  3.7643E-02 -2.9794E-03
  3.6396E+02  3.7646E-02 -2.9856E-03
  3.6504E+02  3.7650E-02 -2.9920E-03
  3.6612E+02  3.7647E-02 -2.9985E-03
  3.6720E+02  3.7640E-02 -3.0052E-03
  3.6828E+02  3.7640E-02 -3.0119E-03
  3.6936E+02  3.7656E-02 -3.0188E-03
  3.7044E+02  3.7689E-02 -3.0258E-03
  3.7152E+02  3.7728E-02 -3.0329E-03
  3.7260E+02  3.7758E-02 -3.0400E-03
  3.7368E+02  3.7770E-02 -3.0471E-03
  3.7476E+02  3.7766E-02 -3.0541E-03
  3.7584E+02  3.7758E-02 -3.0609E-03
  3.7692E+02  3.7759E-02 -3.0675E-03
  3.7800E+02  3.7773E-02 -3.0739E-03
  3.7908E+02  3.7789E-02 -3.0802E-03
  3.8016E+02  3.7794E-02 -3.0865E-03
  3.8124E+02  3.7781E-02 -3.0927E-03
  3.8232E+02  3.7759E-02 -3.0987E-03
  3.8340E+02  3.7737E-02 -3.1047E-03
  3.8448E+02  3.7725E-02 -3.1106E-03
  3.8556E+02  3.7723E-02 -3.1166E-03
  3.8664E+02  3.7727E-02 -3.1227E-03
  3.8772E+02  3.7726E-02 -3.1290E-03
  3.8880E+02  3.7715E-02 -3.1354E-03
  3.8988E+02  3.7695E-02 -3.1419E-03
  3.9096E+02  3.7674E-02 -3.1484E-03
  3.9204E+02  3.7661E-02 -3.1551E-03
  3.9312E+02  3.7661E-02 -3.1618E-03
  3.9420E+02  3.7665E-02 -3.1686E-03
  3.9528E+02  3.7665E-02 -3.1754E-03
  3.9636E+02  3.7659E-02 -3.1823E-03
  3.9744E+02  3.7653E-02 -3.1892E-03
  3.9852E+02  3.7652E-02 -3.1961E-03
  3.9960E+02  3.7654E-02 -3.2029E-03
  4.0068E+02  3.7651E-02 -3.2097E-03
  4.0176E+02  3.7640E-02 -3.2163E-03
  4.0284E+02  3.7625E-02 -3.2228E-03
  4.0392E+02  3.7611E-02 -3.2291E-03
  4.0500E+02  3.7598E-02 -3.2354E-03
  4.0608E+02  3.7586E-02 -3.2415E-03
  4.0716E+02  3.7570E-02 -3.2477E-03
  4.0824E+02  3.7550E-02 -3.2537E-03
  4.0932E+02  3.7525E-02 -3.2598E-03
  4.1040E+02  3.7495E-02 -3.2659E-03
  4.1148E+02  3.7462E-02 -3.2719E-03
  4.1256E+02  3.7424E-02 -3.2780E-03
  4.1364E+02  3.7383E-02 -3.2841E-03
  4.1472E+02  3.7338E-02 -3.2902E-03
  4.1580E+02  3.7291E-02 -3.2963E-03
  4.1688E+02  3.7243E-02 -3.3025E-03
  4.1796E+02  3.7197E-02 -3.3088E-03
  4.1904E+02  3.7151E-02 -3.3152E-03
  4.2012E+02  3.7104E-02 -3.3215E-03
  4.2120E+02  3.7054E-02 -3.3279E-03
  4.2228E+02  3.7002E-02 -3.3344E-03
  4.2336E+02  3.6956E-02 -3.3408E-03
  4.2444E+02  3.6919E-02 -3.3473E-03
  4.2552E+02  3.6892E-02 -3.3538E-03
  4.2660E+02  3.6867E-02 -3.3603E-03
  4.2768E+02  3.6837E-02 -3.3669E-03
  4.2876E+02  3.6802E-02 -3.3733E-03
  4.2984E+02  3.6765E-02 -3.3797E-03
  4.3092E+02  3.6732E-02 -3.3860E-03
  4.3200E+02  3.6702E-02 -3.3922E-03
  4.3308E+02  3.6674E-02 -3.3984E-03
  4.3416E+02  3.6643E-02 -3.4044E-03
  4.3524E+02  3.6608E-02 -3.4105E-03
  4.3632E+02  3.6570E-02 -3.4164E-03
  4.3740E+02  3.6527E-02 -3.4223E-03
  4.3848E+02  3.6480E-02 -3.4281E-03
  4.3956E+02  3.6429E-02 -3.4339E-03
  4.4064E+02  3.6377E-02 -3.4396E-03
  4.4172E+02  3.6328E-02 -3.4453E-03
  4.4280E+02  3.6282E-02 -3.4511E-03
  4.4388E+02  3.6235E-02 -3.4569E-03
  4.4496E+02  3.6184E-02 -3.4628E-03
  4.4604E+02  3.6130E-02 -3.4687E-03
  4.4712E+02  3.6080E-02 -3.4746E-03
  4.4820E+02  3.6041E-02 -3.4807E-03
  4.4928E+02  3.6016E-02 -3.4868E-03
  4.5036E+02  3.5998E-02 -3.4931E-03
  4.5144E+02  3.5976E-02 -3.4994E-03
  4.5252E+02  3.5948E-02 -3.5058E-03
  4.5360E+02  3.5920E-02 -3.5122E-03
  4.5468E+02  3.5899E-02 -3.5185E-03
  4.5576E+02  3.5888E-02 -3.5248E-03
  4.5684E+02  3.5880E-02 -3.5311E-03
  4.5792E+02  3.5868E-02 -3.5373E-03
  4.5900E+02  3.5848E-02 -3.5434E-03
  4.6008E+02  3.5822E-02 -3.5494E-03
  4.6116E+02  3.5795E-02 -3.5553E-03
  4.6224E+02  3.5770E-02 -3.5610E-03
  4.6332E+02  3.5745E-02 -3.5667E-03
  4.6440E+02  3.5716E-02 -3.5723E-03
  4.6548E+02  3.5681E-02 -3.5779E-03
  4.6656E+02  3.5641E-02 -3.5834E-03
  4.6764E+02  3.5601E-02 -3.5889E-03
  4.6872E+02  3.5564E-02 -3.5944E-03
  4.6980E+02  3.5530E-02 -3.6000E-03
  4.7088E+02  3.5495E-02 -3.6057E-03
  4.7196E+02  3.5456E-02 -3.6114E-03
  4.7304E+02  3.5416E-02 -3.6173E-03
  4.7412E+02  3.5379E-02 -3.6232E-03
  4.7520E+02  3.5350E-02 -3.6292E-03
  4.7628E+02  3.5327E-02 -3.6354E-03
  4.7736E+02  3.5304E-02 -3.6416E-03
  4.7844E+02  3.5279E-02 -3.6479E-03
  4.7952E+02  3.5251E-02 -3.6543E-03
  4.8060E+02  3.5225E-02 -3.6606E-03
  4.8168E+02  3.5202E-02 -3.6668E-03
  4.8276E+02  3.5180E-02 -3.6731E-03
  4.8384E+02  3.5160E-02 -3.6793E-03
  4.8492E+02  3.5142E-02 -3.6854E-03
  4.8600E+02  3.5123E-02 -3.6914E-03
  4.8708E+02  3.5101E-02 -3.6973E-03
  4.8816E+02  3.5075E-02 -3.7031E-03
  4.8924E+02  3.5046E-02 -3.7089E-03
  4.9032E+02  3.5020E-02 -3.7146E-03
  4.9140E+02  3.5000E-02 -3.7202E-03
  4.9248E+02  3.4984E-02 -3.7258E-03
  4.9356E+02  3.4966E-02 -3.7314E-03
  4.9464E+02  3.4942E-02 -3.7371E-03
  4.9572E+02  3.4916E-02 -3.7428E-03
  4.9680E+02  3.4891E-02 -3.7485E-03
  4.9788E+02  3.4872E-02 -3.7542E-03
  4.9896E+02  3.4856E-02 -3.7600E-03
  5.0004E+02  3.4840E-02 -3.7659E-03
  5.0112E+02  3.4823E-02 -3.7719E-03
  5.0220E+02  3.4805E-02 -3.7778E-03
  5.0328E+02  3.4787E-02 -3.7839E-03
  5.0436E+02  3.4770E-02 -3.7899E-03
  5.0544E+02  3.4754E-02 -3.7959E-03
  5.0652E+02  3.4739E-02 -3.8020E-03
  5.0760E+02  3.4725E-02 -3.8080E-03
  5.0868E+02  3.4711E-02 -3.8140E-03
  5.0976E+02  3.4696E-02 -3.8199E-03
  5.1084E+02  3.4679E-02 -3.8258E-03
  5.1192E+02  3.4661E-02 -3.8317E-03
  5.1300E+02  3.4644E-02 -3.8374E-03
  5.1408E+02  3.4629E-02 -3.8432E-03
  5.1516E+02  3.4616E-02 -3.8489E-03
  5.1624E+02  3.4602E-02 -3.8546E-03
  5.1732E+02  3.4586E-02 -3.8602E-03
  5.1840E+02  3.4567E-02 -3.8659E-03
  5.1948E+02  3.4547E-02 -3.8715E-03
  5.2056E+02  3.4530E-02 -3.8771E-03
  5.2164E+02  3.4515E-02 -3.8827E-03
  5.2272E+02  3.4501E-02 -3.8884E-03
  5.2380E+02  3.4484E-02 -3.8941E-03
  5.2488E+02  3.4464E-02 -3.8998E-03
  5.2596E+02  3.4443E-02 -3.9055E-03
  5.2704E+02  3.4422E-02 -3.9113E-03
  5.2812E+02  3.4405E-02 -3.9170E-03
  5.2920E+02  3.4390E-02 -3.9228E-03
  5.3028E+02  3.4376E-02 -3.9286E-03
  5.3136E+02  3.4359E-02 -3.9344E-03
  5.3244E+02  3.4339E-02 -3.9402E-03
  5.3352E+02  3.4320E-02 -3.9459E-03
  5.3460E+02  3.4301E-02 -3.9517E-03
  5.3568E+02  3.4285E-02 -3.9575E-03
  5.3676E+02  3.4270E-02 -3.9632E-03
  5.3784E+02  3.4254E-02 -3.9690E-03
  5.3892E+02  3.4235E-02 -3.9747E-03
  5.4000E+02  3.4214E-02 -3.9804E-03
  5.4108E+02  3.4192E-02 -3.9860E-03
  5.4216E+02  3.4171E-02 -3.9917E-03
  5.4324E+02  3.4149E-02 -3.9973E-03
  5.4432E+02  3.4125E-02 -4.0029E-03
  5.4540E+02  3.4100E-02 -4.0085E-03
  5.4648E+02  3.4073E-02 -4.0141E-03
  5.4756E+02  3.4045E-02 -4.0197E-03
  5.4864E+02  3.4016E-02 -4.0253E-03
  5.4972E+02  3.3987E-02 -4.0309E-03
  5.5080E+02  3.3956E-02 -4.0365E-03
  5.5188E+02  3.3927E-02 -4.0421E-03
  5.5296E+02  3.3899E-02 -4.0477E-03
  5.5404E+02  3.3871E-02 -4.0533E-03
  5.5512E+02  3.3845E-02 -4.0590E-03
  5.5620E+02  3.3820E-02 -4.0646E-03
  5.5728E+02  3.3795E-02 -4.0703E-03
  5.5836E+02  3.3771E-02 -4.0760E-03
  5.5944E+02  3.3746E-02 -4.0817E-03
  5.6052E+02  3.3724E-02 -4.0874E-03
  5.6160E+02  3.3706E-02 -4.0931E-03
  5.6268E+02  3.3690E-02 -4.0988E-03
  5.6376E+02  3.3674E-02 -4.1045E-03
  5.6484E+02  3.3654E-02 -4.1102E-03
  5.6592E+02  3.3631E-02 -4.1159E-03
  5.6700E+02  3.3609E-02 -4.1215E-03
  5.6808E+02  3.3588E-02 -4.1271E-03
  5.6916E+02  3.3569E-02 -4.1326E-03
  5.7024E+02  3.3548E-02 -4.1381E-03
  5.7132E+02  3.3525E-02 -4.1436E-03
  5.7240E+02  3.3499E-02 -4.1490E-03
  5.7348E+02  3.3472E-02 -4.1544E-03
  5.7456E+02  3.3443E-02 -4.1598E-03
  5.7564E+02  3.3415E-02 -4.1652E-03
  5.7672E+02  3.3387E-02 -4.1706E-03
  5.7780E+02  3.3361E-02 -4.1760E-03
  5.7888E+02  3.3333E-02 -4.1814E-03
  5.7996E+02  3.3303E-02 -4.1868E-03
  5.8104E+02  3.3273E-02 -4.1923E-03
  5.8212E+02  3.3244E-02 -4.1977E-03
  5.8320E+02  3.3221E-02 -4.2032E-03
  5.8428E+02  3.3201E-02 -4.2088E-03
  5.8536E+02  3.3180E-02 -4.2144E-03
  5.8644E+02  3.3156E-02 -4.2199E-03
  5.8752E+02  3.3130E-02 -4.2255E-03
  5.8860E+02  3.3107E-02 -4.2311E-03
  5.8968E+02  3.3091E-02 -4.2367E-03
  5.9076E+02  3.3078E-02 -4.2423E-03
  5.9184E+02  3.3064E-02 -4.2478E-03
  5.9292E+02  3.3046E-02 -4.2534E-03
  5.9400E+02  3.3026E-02 -4.2589E-03
  5.9508E+02  3.3008E-02 -4.2644E-03
  5.9616E+02  3.2994E-02 -4.2698E-03
  5.9724E+02  3.2981E-02 -4.2752E-03
  5.9832E+02  3.2968E-02 -4.2806E-03
  5.9940E+02  3.2953E-02 -4.2859E-03
  6.0048E+02  3.2937E-02 -4.2913E-03
  6.0156E+02  3.2919E-02 -4.2966E-03
  6.0264E+02  3.2902E-02 -4.3019E-03
  6.0372E+02  3.2887E-02 -4.3072E-03
  6.0480E+02  3.2873E-02 -4.3125E-03
  6.0588E+02  3.2859E-02 -4.3179E-03
  6.0696E+02  3.2843E-02 -4.3232E-03
  6.0804E+02  3.2826E-02 -4.3286E-03
  6.0912E+02  3.2809E-02 -4.3340E-03
  6.1020E+02  3.2795E-02 -4.3394E-03
  6.1128E+02  3.2781E-02 -4.3448E-03
  6.1236E+02  3.2766E-02 -4.3503E-03
  6.1344E+02  3.2751E-02 -4.3558E-03
  6.1452E+02  3.2737E-02 -4.3613E-03
  6.1560E+02  3.2723E-02 -4.3668E-03
  6.1668E+02  3.2710E-02 -4.3722E-03
  6.1776E+02  3.2697E-02 -4.3777E-03
  6.1884E+02  3.2684E-02 -4.3832E-03
  6.1992E+02  3.2670E-02 -4.3887E-03
  6.2100E+02  3.2657E-02 -4.3941E-03
  6.2208E+02  3.2644E-02 -4.3995E-03
  6.2316E+02  3.2630E-02 -4.4050E-03
  6.2424E+02  3.2615E-02 -4.4103E-03
  6.2532E+02  3.2598E-02 -4.4157E-03
  6.2640E+02  3.2582E-02 -4.4210E-03
  6.2748E+02  3.2567E-02 -4.4264E-03
  6.2856E+02  3.2552E-02 -4.4317E-03
  6.2964E+02  3.2534E-02 -4.4370E-03
  6.3072E+02  3.2513E-02 -4.4423E-03
  6.3180E+02  3.2490E-02 -4.4476E-03
  6.3288E+02  3.2470E-02 -4.4529E-03
  6.3396E+02  3.2451E-02 -4.4582E-03
  6.3504E+02  3.2432E-02 -4.4635E-03
  6.3612E+02  3.2411E-02 -4.4688E-03
  6.3720E+02  3.2388E-02 -4.4741E-03
  6.3828E+02  3.2365E-02 -4.4794E-03
  6.3936E+02  3.2344E-02 -4.4848E-03
  6.4044E+02  3.2324E-02 -4.4901E-03
  6.4152E+02  3.2304E-02 -4.4955E-03
  6.4260E+02  3.2285E-02 -4.5008E-03
  6.4368E+02  3.2266E-02 -4.5062E-03
  6.4476E+02  3.2247E-02 -4.5115E-03
  6.4584E+02  3.2230E-02 -4.5168E-03
  6.4692E+02  3.2212E-02 -4.5222E-03
  6.4800E+02  3.2195E-02 -4.5275E-03
  6.4908E+02  3.2177E-02 -4.5328E-03
  6.5016E+02  3.2159E-02 -4.5381E-03
  6.5124E+02  3.2141E-02 -4.5434E-03
  6.5232E+02  3.2125E-02 -4.5486E-03
  6.5340E+02  3.2109E-02 -4.5538E-03
  6.5448E+02  3.2093E-02 -4.5590E-03
  6.5556E+02  3.2075E-02 -4.5642E-03
  6.5664E+02  3.2055E-02 -4.5694E-03
  6.5772E+02  3.2035E-02 -4.5746E-03
  6.5880E+02  3.2017E-02 -4.5797E-03
  6.5988E+02  3.2000E-02 -4.5849E-03
  6.6096E+02  3.1983E-02 -4.5900E-03
  6.6204E+02  3.1965E-02 -4.5952E-03
  6.6312E+02  3.1946E-02 -4.6004E-03
  6.6420E+02  3.1926E-02 -4.6055E-03
  6.6528E+02  3.1907E-02 -4.6107E-03
  6.6636E+02  3.1889E-02 -4.6159E-03
  6.6744E+02  3.1870E-02 -4.6211E-03
  6.6852E+02  3.1852E-02 -4.6262E-03
  6.6960E+02  3.1834E-02 -4.6314E-03
  6.7068E+02  3.1817E-02 -4.6366E-03
  6.7176E+02  3.1799E-02 -4.6418E-03
  6.7284E+02  3.1778E-02 -4.6470E-03
  6.7392E+02  3.1756E-02 -4.6522E-03
  6.7500E+02  3.1736E-02 -4.6574E-03
  6.7608E+02  3.1720E-02 -4.6625E-03
  6.7716E+02  3.1704E-02 -4.6677E-03
  6.7824E+02  3.1685E-02 -4.6729E-03
  6.7932E+02  3.1663E-02 -4.6780E-03
  6.8040E+02  3.1641E-02 -4.6831E-03
  6.8148E+02  3.1622E-02 -4.6882E-03
  6.8256E+02  3.1606E-02 -4.6933E-03
  6.8364E+02  3.1591E-02 -4.6985E-03
  6.8472E+02  3.1574E-02 -4.7036E-03
  6.8580E+02  3.1557E-02 -4.7087E-03
  6.8688E+02  3.1539E-02 -4.7138E-03
  6.8796E+02  3.1523E-02 -4.7189E-03
  6.8904E+02  3.1510E-02 -4.7240E-03
  6.9012E+02  3.1498E-02 -4.7292E-03
  6.9120E+02  3.1487E-02 -4.7343E-03
  6.9228E+02  3.1475E-02 -4.7394E-03
  6.9336E+02  3.1464E-02 -4.7446E-03
  6.9444E+02  3.1452E-02 -4.7497E-03
  6.9552E+02  3.1442E-02 -4.7549E-03
  6.9660E+02  3.1432E-02 -4.7600E-03
  6.9768E+02  3.1424E-02 -4.7652E-03
  6.9876E+02  3.1416E-02 -4.7703E-03
  6.9984E+02  3.1407E-02 -4.7754E-03
  7.0092E+02  3.1398E-02 -4.7806E-03
  7.0200E+02  3.1389E-02 -4.7857E-03
  7.0308E+02  3.1381E-02 -4.7908E-03
  7.0416E+02  3.1373E-02 -4.7959E-03
  7.0524E+02  3.1364E-02 -4.8010E-03
  7.0632E+02  3.1354E-02 -4.8061E-03
  7.0740E+02  3.1344E-02 -4.8112E-03
  7.0848E+02  3.1334E-02 -4.8163E-03
  7.0956E+02  3.1325E-02 -4.8214E-03
  7.1064E+02  3.1314E-02 -4.8265E-03
  7.1172E+02  3.1303E-02 -4.8316E-03
  7.1280E+02  3.1292E-02 -4.8367E-03
  7.1388E+02  3.1279E-02 -4.8418E-03
  7.1496E+02  3.1267E-02 -4.8469E-03
  7.1604E+02  3.1253E-02 -4.8520E-03
  7.1712E+02  3.1239E-02 -4.8571E-03
  7.1820E+02  3.1225E-02 -4.8622E-03
  7.1928E+02  3.1211E-02 -4.8673E-03
  7.2036E+02  3.1196E-02 -4.8724E-03
  7.2144E+02  3.1180E-02 -4.8775E-03
  7.2252E+02  3.1163E-02 -4.8827E-03
  7.2360E+02  3.1145E-02 -4.8878E-03
  7.2468E+02  3.1128E-02 -4.8929E-03
  7.2576E+02  3.1111E-02 -4.8980E-03
  7.2684E+02  3.1094E-02 -4.9030E-03
  7.2792E+02  3.1077E-02 -4.9081E-03
  7.2900E+02  3.1057E-02 -4.9132E-03
  7.3008E+02  3.1036E-02 -4.9183E-03
  7.3116E+02  3.1015E-02 -4.9234E-03
  7.3224E+02  3.0995E-02 -4.9284E-03
  7.3332E+02  3.0975E-02 -4.9335E-03
  7.3440E+02  3.0953E-02 -4.9385E-03
  7.3548E+02  3.0931E-02 -4.9435E-03
  7.3656E+02  3.0907E-02 -4.9486E-03
  7.3764E+02  3.0882E-02 -4.9536E-03
  7.3872E+02  3.0857E-02 -4.9586E-03
  7.3980E+02  3.0833E-02 -4.9636E-03
  7.4088E+02  3.0808E-02 -4.9686E-03
  7.4196E+02  3.0784E-02 -4.9736E-03
  7.4304E+02  3.0758E-02 -4.9785E-03
  7.4412E+02  3.0731E-02 -4.9835E-03
  7.4520E+02  3.0706E-02 -4.9885E-03
  7.4628E+02  3.0681E-02 -4.9934E-03
  7.4736E+02  3.0658E-02 -4.9984E-03
  7.4844E+02  3.0635E-02 -5.0034E-03
  7.4952E+02  3.0612E-02 -5.0084E-03
  7.5060E+02  3.0589E-02 -5.0133E-03
  7.5168E+02  3.0567E-02 -5.0183E-03
  7.5276E+02  3.0547E-02 -5.0233E-03
  7.5384E+02  3.0527E-02 -5.0283E-03
  7.5492E+02  3.0508E-02 -5.0332E-03
  7.5600E+02  3.0490E-02 -5.0382E-03
  7.5708E+02  3.0472E-02 -5.0431E-03
  7.5816E+02  3.0454E-02 -5.0481E-03
  7.5924E+02  3.0437E-02 -5.0530E-03
  7.6032E+02  3.0420E-02 -5.0580E-03
  7.6140E+02  3.0403E-02 -5.0629E-03
  7.6248E+02  3.0387E-02 -5.0678E-03
  7.6356E+02  3.0372E-02 -5.0727E-03
  7.6464E+02  3.0357E-02 -5.0776E-03
  7.6572E+02  3.0341E-02 -5.0824E-03
  7.6680E+02  3.0326E-02 -5.0873E-03
  7.6788E+02  3.0312E-02 -5.0922E-03
  7.6896E+02  3.0298E-02 -5.0970E-03
  7.7004E+02  3.0284E-02 -5.1019E-03
  7.7112E+02  3.0270E-02 -5.1067E-03
  7.7220E+02  3.0256E-02 -5.1116E-03
  7.7328E+02  3.0243E-02 -5.1164E-03
  7.7436E+02  3.0231E-02 -5.1213E-03
  7.7544E+02  3.0219E-02 -5.1261E-03
  7.7652E+02  3.0207E-02 -5.1310E-03
  7.7760E+02  3.0194E-02 -5.1359E-03
  7.7868E+02  3.0180E-02 -5.1407E-03
  7.7976E+02  3.0166E-02 -5.1456E-03
  7.8084E+02  3.0153E-02 -5.1504E-03
  7.8192E+02  3.0140E-02 -5.1553E-03
  7.8300E+02  3.0127E-02 -5.1601E-03
  7.8408E+02  3.0113E-02 -5.1650E-03
  7.8516E+02  3.0098E-02 -5.1698E-03
  7.8624E+02  3.0081E-02 -5.1746E-03
  7.8732E+02  3.0065E-02 -5.1794E-03
  7.8840E+02  3.0049E-02 -5.1842E-03
  7.8948E+02  3.0033E-02 -5.1890E-03
  7.9056E+02  3.0018E-02 -5.1938E-03
  7.9164E+02  3.0001E-02 -5.1986E-03
  7.9272E+02  2.9984E-02 -5.2034E-03
  7.9380E+02  2.9966E-02 -5.2082E-03
  7.9488E+02  2.9949E-02 -5.2130E-03
  7.9596E+02  2.9933E-02 -5.2177E-03
  7.9704E+02  2.9917E-02 -5.2225E-03
  7.9812E+02  2.9901E-02 -5.2273E-03
  7.9920E+02  2.9884E-02 -5.2321E-03
  8.0028E+02  2.9867E-02 -5.2369E-03
  8.0136E+02  2.9851E-02 -5.2417E-03
  8.0244E+02  2.9835E-02 -5.2465E-03
  8.0352E+02  2.9819E-02 -5.2513E-03
  8.0460E+02  2.9803E-02 -5.2560E-03
  8.0568E+02  2.9787E-02 -5.2608E-03
  8.0676E+02  2.9771E-02 -5.2656E-03
  8.0784E+02  2.9756E-02 -5.2704E-03
  8.0892E+02  2.9740E-02 -5.2751E-03
  8.1000E+02  2.9724E-02 -5.2799E-03
  8.1108E+02  2.9709E-02 -5.2846E-03
  8.1216E+02  2.9694E-02 -5.2893E-03
  8.1324E+02  2.9680E-02 -5.2941E-03
  8.1432E+02  2.9665E-02 -5.2988E-03
  8.1540E+02  2.9651E-02 -5.3035E-03
  8.1648E+02  2.9637E-02 -5.3083E-03
  8.1756E+02  2.9623E-02 -5.3130E-03
  8.1864E+02  2.9610E-02 -5.3177E-03
  8.1972E+02  2.9598E-02 -5.3225E-03
  8.2080E+02  2.9585E-02 -5.3272E-03
  8.2188E+02  2.9572E-02 -5.3319E-03
  8.2296E+02  2.9560E-02 -5.3366E-03
  8.2404E+02  2.9548E-02 -5.3414E-03
  8.2512E+02  2.9536E-02 -5.3461E-03
  8.2620E+02  2.9525E-02 -5.3508E-03
  8.2728E+02  2.9513E-02 -5.3555E-03
  8.2836E+02  2.9501E-02 -5.3603E-03
  8.2944E+02  2.9490E-02 -5.3650E-03
  8.3052E+02  2.9478E-02 -5.3697E-03
  8.3160E+02  2.9467E-02 -5.3744E-03
  8.3268E+02  2.9457E-02 -5.3791E-03
  8.3376E+02  2.9446E-02 -5.3838E-03
  8.3484E+02  2.9435E-02 -5.3885E-03
  8.3592E+02  2.9424E-02 -5.3932E-03
  8.3700E+02  2.9413E-02 -5.3979E-03
  8.3808E+02  2.9402E-02 -5.4026E-03
  8.3916E+02  2.9391E-02 -5.4072E-03
  8.4024E+02  2.9381E-02 -5.4119E-03
  8.4132E+02  2.9370E-02 -5.4166E-03
  8.4240E+02  2.9359E-02 -5.4213E-03
  8.4348E+02  2.9347E-02 -5.4259E-03
  8.4456E+02  2.9335E-02 -5.4306E-03
  8.4564E+02  2.9323E-02 -5.4353E-03
  8.4672E+02  2.9311E-02 -5.4399E-03
  8.4780E+02  2.9299E-02 -5.4446E-03
  8.4888E+02  2.9287E-02 -5.4492E-03
  8.4996E+02  2.9274E-02 -5.4539E-03
  8.5104E+02  2.9261E-02 -5.4585E-03
  8.5212E+02  2.9247E-02 -5.4632E-03
  8.5320E+02  2.9234E-02 -5.4678E-03
  8.5428E+02  2.9220E-02 -5.4724E-03
  8.5536E+02  2.9208E-02 -5.4771E-03
  8.5644E+02  2.9194E-02 -5.4817E-03
  8.5752E+02  2.9180E-02 -5.4864E-03
  8.5860E+02  2.9166E-02 -5.4910E-03
  8.5968E+02  2.9153E-02 -5.4956E-03
  8.6076E+02  2.9139E-02 -5.5003E-03
  8.6184E+02  2.9125E-02 -5.5049E-03
  8.6292E+02  2.9111E-02 -5.5095E-03
  8.6400E+02  2.9097E-02 -5.5141E-03
  8.6508E+02  2.9083E-02 -5.5188E-03
  8.6616E+02  2.9068E-02 -5.5234E-03
  8.6724E+02  2.9053E-02 -5.5280E-03
  8.6832E+02  2.9037E-02 -5.5326E-03
  8.6940E+02  2.9021E-02 -5.5372E-03
  8.7048E+02  2.9004E-02 -5.5418E-03
  8.7156E+02  2.8988E-02 -5.5464E-03
  8.7264E+02  2.8971E-02 -5.5509E-03
  8.7372E+02  2.8954E-02 -5.5555E-03
  8.7480E+02  2.8937E-02 -5.5601E-03
  8.7588E+02  2.8919E-02 -5.5646E-03
  8.7696E+02  2.8902E-02 -5.5692E-03
  8.7804E+02  2.8885E-02 -5.5738E-03
  8.7912E+02  2.8868E-02 -5.5783E-03
  8.8020E+02  2.8851E-02 -5.5829E-03
  8.8128E+02  2.8835E-02 -5.5875E-03
  8.8236E+02  2.8819E-02 -5.5920E-03
  8.8344E+02  2.8803E-02 -5.5966E-03
  8.8452E+02  2.8788E-02 -5.6012E-03
  8.8560E+02  2.8773E-02 -5.6058E-03
  8.8668E+02  2.8758E-02 -5.6104E-03
  8.8776E+02  2.8744E-02 -5.6150E-03
  8.8884E+02  2.8730E-02 -5.6195E-03
  8.8992E+02  2.8716E-02 -5.6241E-03
  8.9100E+02  2.8703E-02 -5.6287E-03
  8.9208E+02  2.8689E-02 -5.6333E-03
  8.9316E+02  2.8676E-02 -5.6378E-03
  8.9424E+02  2.8663E-02 -5.6424E-03
  8.9532E+02  2.8650E-02 -5.6470E-03
  8.9640E+02  2.8638E-02 -5.6515E-03
  8.9748E+02  2.8626E-02 -5.6560E-03
  8.9856E+02  2.8613E-02 -5.6606E-03
  8.9964E+02  2.8601E-02 -5.6651E-03
  9.0072E+02  2.8589E-02 -5.6696E-03
  9.0180E+02  2.8577E-02 -5.6741E-03
  9.0288E+02  2.8566E-02 -5.6787E-03
  9.0396E+02  2.8555E-02 -5.6832E-03
  9.0504E+02  2.8545E-02 -5.6877E-03
  9.0612E+02  2.8534E-02 -5.6922E-03
  9.0720E+02  2.8523E-02 -5.6968E-03
  9.0828E+02  2.8512E-02 -5.7013E-03
  9.0936E+02  2.8501E-02 -5.7058E-03
  9.1044E+02  2.8491E-02 -5.7104E-03
  9.1152E+02  2.8481E-02 -5.7149E-03
  9.1260E+02  2.8470E-02 -5.7194E-03
  9.1368E+02  2.8459E-02 -5.7240E-03
  9.1476E+02  2.8448E-02 -5.7285E-03
  9.1584E+02  2.8437E-02 -5.7330E-03
  9.1692E+02  2.8425E-02 -5.7375E-03
  9.1800E+02  2.8414E-02 -5.7420E-03
  9.1908E+02  2.8402E-02 -5.7465E-03
  9.2016E+02  2.8390E-02 -5.7510E-03
  9.2124E+02  2.8378E-02 -5.7555E-03
  9.2232E+02  2.8365E-02 -5.7600E-03
  9.2340E+02  2.8352E-02 -5.7645E-03
  9.2448E+02  2.8339E-02 -5.7689E-03
  9.2556E+02  2.8326E-02 -5.7734E-03
  9.2664E+02  2.8312E-02 -5.7779E-03
  9.2772E+02  2.8299E-02 -5.7823E-03
  9.2880E+02  2.8285E-02 -5.7868E-03
  9.2988E+02  2.8271E-02 -5.7913E-03
  9.3096E+02  2.8256E-02 -5.7957E-03
  9.3204E+02  2.8242E-02 -5.8002E-03
  9.3312E+02  2.8227E-02 -5.8047E-03
  9.3420E+02  2.8213E-02 -5.8091E-03
  9.3528E+02  2.8198E-02 -5.8136E-03
  9.3636E+02  2.8183E-02 -5.8181E-03
  9.3744E+02  2.8168E-02 -5.8225E-03
  9.3852E+02  2.8153E-02 -5.8270E-03
  9.3960E+02  2.8138E-02 -5.8314E-03
  9.4068E+02  2.8123E-02 -5.8359E-03
  9.4176E+02  2.8108E-02 -5.8403E-03
  9.4284E+02  2.8093E-02 -5.8447E-03
  9.4392E+02  2.8078E-02 -5.8492E-03
  9.4500E+02  2.8063E-02 -5.8536E-03
  9.4608E+02  2.8049E-02 -5.8580E-03
  9.4716E+02  2.8034E-02 -5.8624E-03
  9.4824E+02  2.8019E-02 -5.8668E-03
  9.4932E+02  2.8004E-02 -5.8712E-03
  9.5040E+02  2.7989E-02 -5.8756E-03
  9.5148E+02  2.7974E-02 -5.8800E-03
  9.5256E+02  2.7960E-02 -5.8844E-03
  9.5364E+02  2.7945E-02 -5.8888E-03
  9.5472E+02  2.7931E-02 -5.8932E-03
  9.5580E+02  2.7916E-02 -5.8976E-03
  9.5688E+02  2.7901E-02 -5.9020E-03
  9.5796E+02  2.7887E-02 -5.9064E-03
  9.5904E+02  2.7873E-02 -5.9107E-03
  9.6012E+02  2.7859E-02 -5.9151E-03
  9.6120E+02  2.7845E-02 -5.9195E-03
  9.6228E+02  2.7831E-02 -5.9238E-03
  9.6336E+02  2.7817E-02 -5.9282E-03
  9.6444E+02  2.7804E-02 -5.9326E-03
  9.6552E+02  2.7791E-02 -5.9369E-03
  9.6660E+02  2.7778E-02 -5.9413E-03
  9.6768E+02  2.7765E-02 -5.9457E-03
  9.6876E+02  2.7753E-02 -5.9500E-03
  9.6984E+02  2.7740E-02 -5.9544E-03
  9.7092E+02  2.7728E-02 -5.9587E-03
  9.7200E+02  2.7716E-02 -5.9631E-03
  9.7308E+02  2.7704E-02 -5.9674E-03
  9.7416E+02  2.7691E-02 -5.9717E-03
  9.7524E+02  2.7679E-02 -5.9761E-03
  9.7632E+02  2.7667E-02 -5.9804E-03
  9.7740E+02  2.7655E-02 -5.9847E-03
  9.7848E+02  2.7642E-02 -5.9890E-03
  9.7956E+02  2.7630E-02 -5.9933E-03
  9.8064E+02  2.7617E-02 -5.9976E-03
  9.8172E+02  2.7605E-02 -6.0019E-03
  9.8280E+02  2.7592E-02 -6.0062E-03
  9.8388E+02  2.7580E-02 -6.0105E-03
  9.8496E+02  2.7567E-02 -6.0148E-03
  9.8604E+02  2.7555E-02 -6.0191E-03
  9.8712E+02  2.7542E-02 -6.0233E-03
  9.8820E+02  2.7530E-02 -6.0276E-03
  9.8928E+02  2.7518E-02 -6.0319E-03
  9.9036E+02  2.7506E-02 -6.0362E-03
  9.9144E+02  2.7494E-02 -6.0405E-03
  9.9252E+02  2.7482E-02 -6.0448E-03
  9.9360E+02  2.7470E-02 -6.0490E-03
  9.9468E+02  2.7458E-02 -6.0533E-03
  9.9576E+02  2.7446E-02 -6.0576E-03
  9.9684E+02  2.7435E-02 -6.0619E-03
  9.9792E+02  2.7423E-02 -6.0661E-03
  9.9900E+02  2.7411E-02 -6.0704E-03
  1.0001E+03  2.7399E-02 -6.0746E-03
  1.0012E+03  2.7387E-02 -6.0789E-03
  1.0022E+03  2.7375E-02 -6.0831E-03
  1.0033E+03  2.7363E-02 -6.0874E-03
  1.0044E+03  2.7351E-02 -6.0916E-03
  1.0055E+03  2.7339E-02 -6.0958E-03
  1.0066E+03  2.7326E-02 -6.1000E-03
  1.0076E+03  2.7314E-02 -6.1043E-03
  1.0087E+03  2.7302E-02 -6.1085E-03
  1.0098E+03  2.7290E-02 -6.1127E-03
  1.0109E+03  2.7278E-02 -6.1169E-03
  1.0120E+03  2.7265E-02 -6.1211E-03
  1.0130E+03  2.7253E-02 -6.1253E-03
  1.0141E+03  2.7241E-02 -6.1295E-03
  1.0152E+03  2.7229E-02 -6.1337E-03
  1.0163E+03  2.7217E-02 -6.1379E-03
  1.0174E+03  2.7204E-02 -6.1421E-03
  1.0184E+03  2.7192E-02 -6.1463E-03
  1.0195E+03  2.7180E-02 -6.1505E-03
  1.0206E+03  2.7168E-02 -6.1547E-03
  1.0217E+03  2.7156E-02 -6.1589E-03
  1.0228E+03  2.7144E-02 -6.1631E-03
  1.0238E+03  2.7132E-02 -6.1673E-03
  1.0249E+03  2.7119E-02 -6.1715E-03
  1.0260E+03  2.7107E-02 -6.1757E-03
  1.0271E+03  2.7095E-02 -6.1799E-03
  1.0282E+03  2.7082E-02 -6.1840E-03
  1.0292E+03  2.7070E-02 -6.1882E-03
  1.0303E+03  2.7057E-02 -6.1924E-03
  1.0314E+03  2.7045E-02 -6.1965E-03
  1.0325E+03  2.7032E-02 -6.2007E-03
  1.0336E+03  2.7019E-02 -6.2048E-03
  1.0346E+03  2.7006E-02 -6.2090E-03
  1.0357E+03  2.6993E-02 -6.2131E-03
  1.0368E+03  2.6980E-02 -6.2173E-03
  1.0379E+03  2.6967E-02 -6.2214E-03
  1.0390E+03  2.6954E-02 -6.2256E-03
  1.0400E+03  2.6940E-02 -6.2297E-03
  1.0411E+03  2.6927E-02 -6.2339E-03
  1.0422E+03  2.6914E-02 -6.2380E-03
  1.0433E+03  2.6901E-02 -6.2422E-03
  1.0444E+03  2.6888E-02 -6.2463E-03
  1.0454E+03  2.6875E-02 -6.2505E-03
  1.0465E+03  2.6862E-02 -6.2546E-03
  1.0476E+03  2.6849E-02 -6.2587E-03
  1.0487E+03  2.6836E-02 -6.2629E-03
  1.0498E+03  2.6823E-02 -6.2670E-03
  1.0508E+03  2.6811E-02 -6.2712E-03
  1.0519E+03  2.6798E-02 -6.2753E-03
  1.0530E+03  2.6786E-02 -6.2794E-03
  1.0541E+03  2.6774E-02 -6.2835E-03
  1.0552E+03  2.6762E-02 -6.2877E-03
  1.0562E+03  2.6750E-02 -6.2918E-03
  1.0573E+03  2.6738E-02 -6.2959E-03
  1.0584E+03  2.6726E-02 -6.3000E-03
  1.0595E+03  2.6714E-02 -6.3041E-03
  1.0606E+03  2.6702E-02 -6.3082E-03
  1.0616E+03  2.6690E-02 -6.3123E-03
  1.0627E+03  2.6679E-02 -6.3164E-03
  1.0638E+03  2.6667E-02 -6.3205E-03
  1.0649E+03  2.6656E-02 -6.3246E-03
  1.0660E+03  2.6644E-02 -6.3287E-03
  1.0670E+03  2.6633E-02 -6.3328E-03
  1.0681E+03  2.6622E-02 -6.3369E-03
  1.0692E+03  2.6611E-02 -6.3410E-03
  1.0703E+03  2.6600E-02 -6.3450E-03
  1.0714E+03  2.6589E-02 -6.3491E-03
  1.0724E+03  2.6578E-02 -6.3532E-03
  1.0735E+03  2.6567E-02 -6.3573E-03
  1.0746E+03  2.6557E-02 -6.3614E-03
  1.0757E+03  2.6546E-02 -6.3655E-03
  1.0768E+03  2.6536E-02 -6.3695E-03
  1.0778E+03  2.6526E-02 -6.3736E-03
  1.0789E+03  2.6516E-02 -6.3777E-03
  1.0800E+03  2.6505E-02 -6.3817E-03
  1.0811E+03  2.6495E-02 -6.3858E-03
  1.0822E+03  2.6485E-02 -6.3899E-03
  1.0832E+03  2.6475E-02 -6.3939E-03
  1.0843E+03  2.6465E-02 -6.3980E-03
  1.0854E+03  2.6454E-02 -6.4020E-03
  1.0865E+03  2.6444E-02 -6.4061E-03
  1.0876E+03  2.6433E-02 -6.4101E-03
  1.0886E+03  2.6423E-02 -6.4142E-03
  1.0897E+03  2.6412E-02 -6.4182E-03
  1.0908E+03  2.6402E-02 -6.4223E-03
  1.0919E+03  2.6391E-02 -6.4263E-03
  1.0930E+03  2.6381E-02 -6.4303E-03
  1.0940E+03  2.6370E-02 -6.4344E-03
  1.0951E+03  2.6359E-02 -6.4384E-03
  1.0962E+03  2.6348E-02 -6.4424E-03
  1.0973E+03  2.6338E-02 -6.4465E-03
  1.0984E+03  2.6327E-02 -6.4505E-03
  1.0994E+03  2.6316E-02 -6.4545E-03
  1.1005E+03  2.6305E-02 -6.4585E-03
  1.1016E+03  2.6294E-02 -6.4626E-03
  1.1027E+03  2.6283E-02 -6.4666E-03
  1.1038E+03  2.6273E-02 -6.4706E-03
  1.1048E+03  2.6262E-02 -6.4747E-03
  1.1059E+03  2.6251E-02 -6.4787E-03
  1.1070E+03  2.6239E-02 -6.4827E-03
  1.1081E+03  2.6228E-02 -6.4867E-03
  1.1092E+03  2.6217E-02 -6.4907E-03
  1.1102E+03  2.6206E-02 -6.4947E-03
  1.1113E+03  2.6195E-02 -6.4987E-03
  1.1124E+03  2.6184E-02 -6.5027E-03
  1.1135E+03  2.6172E-02 -6.5067E-03
  1.1146E+03  2.6161E-02 -6.5107E-03
  1.1156E+03  2.6150E-02 -6.5147E-03
  1.1167E+03  2.6139E-02 -6.5187E-03
  1.1178E+03  2.6127E-02 -6.5227E-03
  1.1189E+03  2.6116E-02 -6.5267E-03
  1.1200E+03  2.6104E-02 -6.5307E-03
  1.1210E+03  2.6093E-02 -6.5347E-03
  1.1221E+03  2.6081E-02 -6.5386E-03
  1.1232E+03  2.6070E-02 -6.5426E-03
  1.1243E+03  2.6059E-02 -6.5466E-03
  1.1254E+03  2.6047E-02 -6.5506E-03
  1.1264E+03  2.6035E-02 -6.5546E-03
  1.1275E+03  2.6024E-02 -6.5585E-03
  1.1286E+03  2.6013E-02 -6.5625E-03
  1.1297E+03  2.6001E-02 -6.5665E-03
  1.1308E+03  2.5990E-02 -6.5704E-03
  1.1318E+03  2.5978E-02 -6.5744E-03
  1.1329E+03  2.5967E-02 -6.5784E-03
  1.1340E+03  2.5956E-02 -6.5823E-03
  1.1351E+03  2.5944E-02 -6.5863E-03
  1.1362E+03  2.5933E-02 -6.5902E-03
  1.1372E+03  2.5922E-02 -6.5942E-03
  1.1383E+03  2.5910E-02 -6.5981E-03
  1.1394E+03  2.5899E-02 -6.6021E-03
  1.1405E+03  2.5888E-02 -6.6060E-03
  1.1416E+03  2.5876E-02 -6.6100E-03
  1.1426E+03  2.5865E-02 -6.6139E-03
  1.1437E+03  2.5853E-02 -6.6178E-03
  1.1448E+03  2.5841E-02 -6.6217E-03
  1.1459E+03  2.5830E-02 -6.6257E-03
  1.1470E+03  2.5818E-02 -6.6296E-03
  1.1480E+03  2.5806E-02 -6.6335E-03
  1.1491E+03  2.5795E-02 -6.6374E-03
  1.1502E+03  2.5783E-02 -6.6413E-03
  1.1513E+03  2.5771E-02 -6.6452E-03
  1.1524E+03  2.5760E-02 -6.6491E-03
  1.1534E+03  2.5748E-02 -6.6531E-03
  1.1545E+03  2.5737E-02 -6.6570E-03
  1.1556E+03  2.5725E-02 -6.6609E-03
  1.1567E+03  2.5714E-02 -6.6648E-03
  1.1578E+03  2.5702E-02 -6.6687E-03
  1.1588E+03  2.5691E-02 -6.6726E-03
  1.1599E+03  2.5679E-02 -6.6765E-03
  1.1610E+03  2.5668E-02 -6.6803E-03
  1.1621E+03  2.5657E-02 -6.6842E-03
  1.1632E+03  2.5646E-02 -6.6881E-03
  1.1642E+03  2.5634E-02 -6.6920E-03
  1.1653E+03  2.5623E-02 -6.6959E-03
  1.1664E+03  2.5612E-02 -6.6998E-03
  1.1675E+03  2.5600E-02 -6.7036E-03
  1.1686E+03  2.5589E-02 -6.7075E-03
  1.1696E+03  2.5577E-02 -6.7114E-03
  1.1707E+03  2.5566E-02 -6.7152E-03
  1.1718E+03  2.5554E-02 -6.7191E-03
  1.1729E+03  2.5543E-02 -6.7229E-03
  1.1740E+03  2.5531E-02 -6.7268E-03
  1.1750E+03  2.5520E-02 -6.7306E-03
  1.1761E+03  2.5508E-02 -6.7345E-03
  1.1772E+03  2.5497E-02 -6.7383E-03
  1.1783E+03  2.5485E-02 -6.7422E-03
  1.1794E+03  2.5474E-02 -6.7460E-03
  1.1804E+03  2.5463E-02 -6.7498E-03
  1.1815E+03  2.5452E-02 -6.7537E-03
  1.1826E+03  2.5440E-02 -6.7575E-03
  1.1837E+03  2.5429E-02 -6.7614E-03
  1.1848E+03  2.5418E-02 -6.7652E-03
  1.1858E+03  2.5407E-02 -6.7690E-03
  1.1869E+03  2.5396E-02 -6.7729E-03
  1.1880E+03  2.5385E-02 -6.7767E-03
  1.1891E+03  2.5374E-02 -6.7805E-03
  1.1902E+03  2.5363E-02 -6.7843E-03
  1.1912E+03  2.5352E-02 -6.7882E-03
  1.1923E+03  2.5341E-02 -6.7920E-03
  1.1934E+03  2.5330E-02 -6.7958E-03
  1.1945E+03  2.5319E-02 -6.7996E-03
  1.1956E+03  2.5308E-02 -6.8034E-03
  1.1966E+03  2.5297E-02 -6.8072E-03
  1.1977E+03  2.5286E-02 -6.8110E-03
  1.1988E+03  2.5275E-02 -6.8148E-03
  1.1999E+03  2.5265E-02 -6.8186E-03
  1.2010E+03  2.5254E-02 -6.8224E-03
  1.2020E+03  2.5243E-02 -6.8262E-03
  1.2031E+03  2.5232E-02 -6.8300E-03
  1.2042E+03  2.5221E-02 -6.8337E-03
  1.2053E+03  2.5211E-02 -6.8375E-03
  1.2064E+03  2.5200E-02 -6.8413E-03
  1.2074E+03  2.5190E-02 -6.8451E-03
  1.2085E+03  2.5179E-02 -6.8489E-03
  1.2096E+03  2.5169E-02 -6.8527E-03
  1.2107E+03  2.5158E-02 -6.8564E-03
  1.2118E+03  2.5148E-02 -6.8602E-03
  1.2128E+03  2.5138E-02 -6.8640E-03
  1.2139E+03  2.5128E-02 -6.8678E-03
  1.2150E+03  2.5117E-02 -6.8715E-03
  1.2161E+03  2.5107E-02 -6.8753E-03
  1.2172E+03  2.5097E-02 -6.8791E-03
  1.2182E+03  2.5087E-02 -6.8828E-03
  1.2193E+03  2.5077E-02 -6.8866E-03
  1.2204E+03  2.5067E-02 -6.8903E-03
  1.2215E+03  2.5057E-02 -6.8941E-03
  1.2226E+03  2.5047E-02 -6.8978E-03
  1.2236E+03  2.5037E-02 -6.9016E-03
  1.2247E+03  2.5027E-02 -6.9053E-03
  1.2258E+03  2.5017E-02 -6.9091E-03
  1.2269E+03  2.5008E-02 -6.9128E-03
  1.2280E+03  2.4998E-02 -6.9166E-03
  1.2290E+03  2.4988E-02 -6.9203E-03
  1.2301E+03  2.4978E-02 -6.9240E-03
  1.2312E+03  2.4968E-02 -6.9278E-03
  1.2323E+03  2.4959E-02 -6.9315E-03
  1.2334E+03  2.4949E-02 -6.9352E-03
  1.2344E+03  2.4939E-02 -6.9389E-03
  1.2355E+03  2.4929E-02 -6.9427E-03
  1.2366E+03  2.4920E-02 -6.9464E-03
  1.2377E+03  2.4910E-02 -6.9501E-03
  1.2388E+03  2.4900E-02 -6.9538E-03
  1.2398E+03  2.4890E-02 -6.9576E-03
  1.2409E+03  2.4880E-02 -6.9613E-03
  1.2420E+03  2.4870E-02 -6.9650E-03
  1.2431E+03  2.4861E-02 -6.9687E-03
  1.2442E+03  2.4851E-02 -6.9724E-03
  1.2452E+03  2.4841E-02 -6.9761E-03
  1.2463E+03  2.4831E-02 -6.9798E-03
  1.2474E+03  2.4820E-02 -6.9835E-03
  1.2485E+03  2.4810E-02 -6.9872E-03
  1.2496E+03  2.4800E-02 -6.9909E-03
  1.2506E+03  2.4790E-02 -6.9946E-03
  1.2517E+03  2.4779E-02 -6.9983E-03
  1.2528E+03  2.4769E-02 -7.0019E-03
  1.2539E+03  2.4759E-02 -7.0056E-03
  1.2550E+03  2.4748E-02 -7.0093E-03
  1.2560E+03  2.4738E-02 -7.0130E-03
  1.2571E+03  2.4727E-02 -7.0167E-03
  1.2582E+03  2.4717E-02 -7.0203E-03
  1.2593E+03  2.4706E-02 -7.0240E-03
  1.2604E+03  2.4696E-02 -7.0277E-03
  1.2614E+03  2.4685E-02 -7.0313E-03
  1.2625E+03  2.4675E-02 -7.0350E-03
  1.2636E+03  2.4664E-02 -7.0386E-03
  1.2647E+03  2.4654E-02 -7.0423E-03
  1.2658E+03  2.4643E-02 -7.0459E-03
  1.2668E+03  2.4632E-02 -7.0496E-03
  1.2679E+03  2.4622E-02 -7.0532E-03
  1.2690E+03  2.4611E-02 -7.0569E-03
  1.2701E+03  2.4600E-02 -7.0605E-03
  1.2712E+03  2.4589E-02 -7.0642E-03
  1.2722E+03  2.4578E-02 -7.0678E-03
  1.2733E+03  2.4568E-02 -7.0714E-03
  1.2744E+03  2.4557E-02 -7.0750E-03
  1.2755E+03  2.4546E-02 -7.0787E-03
  1.2766E+03  2.4535E-02 -7.0823E-03
  1.2776E+03  2.4524E-02 -7.0859E-03
  1.2787E+03  2.4512E-02 -7.0895E-03
  1.2798E+03  2.4501E-02 -7.0931E-03
  1.2809E+03  2.4490E-02 -7.0967E-03
  1.2820E+03  2.4479E-02 -7.1003E-03
  1.2830E+03  2.4468E-02 -7.1039E-03
  1.2841E+03  2.4457E-02 -7.1075E-03
  1.2852E+03  2.4446E-02 -7.1111E-03
  1.2863E+03  2.4435E-02 -7.1147E-03
  1.2874E+03  2.4424E-02 -7.1183E-03
  1.2884E+03  2.4413E-02 -7.1219E-03
  1.2895E+03  2.4402E-02 -7.1255E-03
  1.2906E+03  2.4391E-02 -7.1291E-03
  1.2917E+03  2.4380E-02 -7.1327E-03
  1.2928E+03  2.4370E-02 -7.1362E-03
  1.2938E+03  2.4359E-02 -7.1398E-03
  1.2949E+03  2.4348E-02 -7.1434E-03
  1.2960E+03  2.4337E-02 -7.1470E-03
  1.2971E+03  2.4327E-02 -7.1505E-03
  1.2982E+03  2.4316E-02 -7.1541E-03
  1.2992E+03  2.4305E-02 -7.1577E-03
  1.3003E+03  2.4295E-02 -7.1612E-03
  1.3014E+03  2.4284E-02 -7.1648E-03
  1.3025E+03  2.4273E-02 -7.1684E-03
  1.3036E+03  2.4263E-02 -7.1719E-03
  1.3046E+03  2.4252E-02 -7.1755E-03
  1.3057E+03  2.4242E-02 -7.1790E-03
  1.3068E+03  2.4231E-02 -7.1826E-03
  1.3079E+03  2.4221E-02 -7.1861E-03
  1.3090E+03  2.4210E-02 -7.1897E-03
  1.3100E+03  2.4200E-02 -7.1932E-03
  1.3111E+03  2.4190E-02 -7.1967E-03
  1.3122E+03  2.4179E-02 -7.2003E-03
  1.3133E+03  2.4169E-02 -7.2038E-03
  1.3144E+03  2.4159E-02 -7.2074E-03
  1.3154E+03  2.4149E-02 -7.2109E-03
  1.3165E+03  2.4139E-02 -7.2144E-03
  1.3176E+03  2.4129E-02 -7.2180E-03
  1.3187E+03  2.4119E-02 -7.2215E-03
  1.3198E+03  2.4109E-02 -7.2250E-03
  1.3208E+03  2.4099E-02 -7.2286E-03
  1.3219E+03  2.4090E-02 -7.2321E-03
  1.3230E+03  2.4080E-02 -7.2356E-03
  1.3241E+03  2.4070E-02 -7.2391E-03
  1.3252E+03  2.4060E-02 -7.2426E-03
  1.3262E+03  2.4051E-02 -7.2462E-03
  1.3273E+03  2.4041E-02 -7.2497E-03
  1.3284E+03  2.4031E-02 -7.2532E-03
  1.3295E+03  2.4022E-02 -7.2567E-03
  1.3306E+03  2.4012E-02 -7.2602E-03
  1.3316E+03  2.4003E-02 -7.2637E-03
  1.3327E+03  2.3993E-02 -7.2672E-03
  1.3338E+03  2.3984E-02 -7.2707E-03
  1.3349E+03  2.3975E-02 -7.2742E-03
  1.3360E+03  2.3965E-02 -7.2777E-03
  1.3370E+03  2.3956E-02 -7.2812E-03
  1.3381E+03  2.3946E-02 -7.2847E-03
  1.3392E+03  2.3937E-02 -7.2882E-03
  1.3403E+03  2.3928E-02 -7.2917E-03
  1.3414E+03  2.3919E-02 -7.2952E-03
  1.3424E+03  2.3909E-02 -7.2986E-03
  1.3435E+03  2.3900E-02 -7.3021E-03
  1.3446E+03  2.3891E-02 -7.3056E-03
  1.3457E+03  2.3881E-02 -7.3091E-03
  1.3468E+03  2.3872E-02 -7.3126E-03
  1.3478E+03  2.3863E-02 -7.3160E-03
  1.3489E+03  2.3853E-02 -7.3195E-03
  1.3500E+03  2.3844E-02 -7.3230E-03
  1.3511E+03  2.3835E-02 -7.3265E-03
  1.3522E+03  2.3825E-02 -7.3299E-03
  1.3532E+03  2.3816E-02 -7.3334E-03
  1.3543E+03  2.3806E-02 -7.3369E-03
  1.3554E+03  2.3797E-02 -7.3403E-03
  1.3565E+03  2.3788E-02 -7.3438E-03
  1.3576E+03  2.3778E-02 -7.3472E-03
  1.3586E+03  2.3769E-02 -7.3507E-03
  1.3597E+03  2.3759E-02 -7.3542E-03
  1.3608E+03  2.3750E-02 -7.3576E-03
  1.3619E+03  2.3740E-02 -7.3611E-03
  1.3630E+03  2.3731E-02 -7.3645E-03
  1.3640E+03  2.3721E-02 -7.3680E-03
  1.3651E+03  2.3712E-02 -7.3714E-03
  1.3662E+03  2.3702E-02 -7.3748E-03
  1.3673E+03  2.3693E-02 -7.3783E-03
  1.3684E+03  2.3683E-02 -7.3817E-03
  1.3694E+03  2.3674E-02 -7.3852E-03
  1.3705E+03  2.3664E-02 -7.3886E-03
  1.3716E+03  2.3654E-02 -7.3920E-03
  1.3727E+03  2.3645E-02 -7.3955E-03
  1.3738E+03  2.3635E-02 -7.3989E-03
  1.3748E+03  2.3625E-02 -7.4023E-03
  1.3759E+03  2.3616E-02 -7.4057E-03
  1.3770E+03  2.3606E-02 -7.4092E-03
  1.3781E+03  2.3597E-02 -7.4126E-03
  1.3792E+03  2.3587E-02 -7.4160E-03
  1.3802E+03  2.3577E-02 -7.4194E-03
  1.3813E+03  2.3567E-02 -7.4228E-03
  1.3824E+03  2.3558E-02 -7.4263E-03
  1.3835E+03  2.3548E-02 -7.4297E-03
  1.3846E+03  2.3538E-02 -7.4331E-03
  1.3856E+03  2.3529E-02 -7.4365E-03
  1.3867E+03  2.3519E-02 -7.4399E-03
  1.3878E+03  2.3509E-02 -7.4433E-03
  1.3889E+03  2.3500E-02 -7.4467E-03
  1.3900E+03  2.3490E-02 -7.4501E-03
  1.3910E+03  2.3480E-02 -7.4535E-03
  1.3921E+03  2.3471E-02 -7.4569E-03
  1.3932E+03  2.3461E-02 -7.4603E-03
  1.3943E+03  2.3452E-02 -7.4636E-03
  1.3954E+03  2.3442E-02 -7.4670E-03
  1.3964E+03  2.3432E-02 -7.4704E-03
  1.3975E+03  2.3423E-02 -7.4738E-03
  1.3986E+03  2.3413E-02 -7.4772E-03
  1.3997E+03  2.3404E-02 -7.4805E-03
  1.4008E+03  2.3394E-02 -7.4839E-03
  1.4018E+03  2.3385E-02 -7.4873E-03
  1.4029E+03  2.3375E-02 -7.4906E-03
  1.4040E+03  2.3366E-02 -7.4940E-03
  1.4051E+03  2.3356E-02 -7.4974E-03
  1.4062E+03  2.3347E-02 -7.5007E-03
  1.4072E+03  2.3337E-02 -7.5041E-03
  1.4083E+03  2.3328E-02 -7.5074E-03
  1.4094E+03  2.3318E-02 -7.5108E-03
  1.4105E+03  2.3309E-02 -7.5141E-03
  1.4116E+03  2.3299E-02 -7.5175E-03
  1.4126E+03  2.3290E-02 -7.5208E-03
  1.4137E+03  2.3280E-02 -7.5241E-03
  1.4148E+03  2.3271E-02 -7.5275E-03
  1.4159E+03  2.3261E-02 -7.5308E-03
  1.4170E+03  2.3252E-02 -7.5341E-03
  1.4180E+03  2.3242E-02 -7.5375E-03
  1.4191E+03  2.3233E-02 -7.5408E-03
  1.4202E+03  2.3223E-02 -7.5441E-03
  1.4213E+03  2.3214E-02 -7.5474E-03
  1.4224E+03  2.3204E-02 -7.5508E-03
  1.4234E+03  2.3195E-02 -7.5541E-03
  1.4245E+03  2.3186E-02 -7.5574E-03
  1.4256E+03  2.3176E-02 -7.5607E-03
  1.4267E+03  2.3167E-02 -7.5640E-03
  1.4278E+03  2.3157E-02 -7.5673E-03
  1.4288E+03  2.3148E-02 -7.5706E-03
  1.4299E+03  2.3139E-02 -7.5739E-03
  1.4310E+03  2.3129E-02 -7.5772E-03
  1.4321E+03  2.3120E-02 -7.5805E-03
  1.4332E+03  2.3111E-02 -7.5838E-03
  1.4342E+03  2.3101E-02 -7.5871E-03
  1.4353E+03  2.3092E-02 -7.5904E-03
  1.4364E+03  2.3082E-02 -7.5937E-03
  1.4375E+03  2.3073E-02 -7.5969E-03
  1.4386E+03  2.3063E-02 -7.6002E-03
  1.4396E+03  2.3054E-02 -7.6035E-03
  1.4407E+03  2.3044E-02 -7.6068E-03
  1.4418E+03  2.3035E-02 -7.6100E-03
  1.4429E+03  2.3025E-02 -7.6133E-03
  1.4440E+03  2.3016E-02 -7.6166E-03
  1.4450E+03  2.3006E-02 -7.6198E-03
  1.4461E+03  2.2997E-02 -7.6231E-03
  1.4472E+03  2.2987E-02 -7.6264E-03
  1.4483E+03  2.2978E-02 -7.6296E-03
  1.4494E+03  2.2968E-02 -7.6329E-03
  1.4504E+03  2.2959E-02 -7.6362E-03
  1.4515E+03  2.2949E-02 -7.6394E-03
  1.4526E+03  2.2939E-02 -7.6427E-03
  1.4537E+03  2.2930E-02 -7.6459E-03
  1.4548E+03  2.2920E-02 -7.6492E-03
  1.4558E+03  2.2910E-02 -7.6524E-03
  1.4569E+03  2.2901E-02 -7.6556E-03
  1.4580E+03  2.2891E-02 -7.6589E-03
  1.4591E+03  2.2882E-02 -7.6621E-03
  1.4602E+03  2.2872E-02 -7.6654E-03
  1.4612E+03  2.2862E-02 -7.6686E-03
  1.4623E+03  2.2853E-02 -7.6718E-03
  1.4634E+03  2.2843E-02 -7.6751E-03
  1.4645E+03  2.2833E-02 -7.6783E-03
  1.4656E+03  2.2823E-02 -7.6815E-03
  1.4666E+03  2.2814E-02 -7.6847E-03
  1.4677E+03  2.2804E-02 -7.6880E-03
  1.4688E+03  2.2794E-02 -7.6912E-03
  1.4699E+03  2.2785E-02 -7.6944E-03
  1.4710E+03  2.2775E-02 -7.6976E-03
  1.4720E+03  2.2765E-02 -7.7008E-03
  1.4731E+03  2.2756E-02 -7.7041E-03
  1.4742E+03  2.2746E-02 -7.7073E-03
  1.4753E+03  2.2736E-02 -7.7105E-03
  1.4764E+03  2.2727E-02 -7.7137E-03
  1.4774E+03  2.2717E-02 -7.7169E-03
  1.4785E+03  2.2708E-02 -7.7201E-03
  1.4796E+03  2.2698E-02 -7.7233E-03
  1.4807E+03  2.2689E-02 -7.7265E-03
  1.4818E+03  2.2679E-02 -7.7297E-03
  1.4828E+03  2.2670E-02 -7.7329E-03
  1.4839E+03  2.2660E-02 -7.7361E-03
  1.4850E+03  2.2651E-02 -7.7393E-03
  1.4861E+03  2.2641E-02 -7.7425E-03
  1.4872E+03  2.2632E-02 -7.7457E-03
  1.4882E+03  2.2623E-02 -7.7489E-03
  1.4893E+03  2.2614E-02 -7.7521E-03
  1.4904E+03  2.2604E-02 -7.7553E-03
  1.4915E+03  2.2595E-02 -7.7585E-03
  1.4926E+03  2.2586E-02 -7.7616E-03
  1.4936E+03  2.2577E-02 -7.7648E-03
  1.4947E+03  2.2567E-02 -7.7680E-03
  1.4958E+03  2.2558E-02 -7.7712E-03
  1.4969E+03  2.2549E-02 -7.7744E-03
  1.4980E+03  2.2540E-02 -7.7775E-03
  1.4990E+03  2.2531E-02 -7.7807E-03
  1.5000E+03  2.2523E-02 -7.7835E-03
