# CREATED BY GENE DIAGNOSTICS TOOL on Tue Mar 16 15:07:45 2021
# diag: timetrace, run(s): 0023, time window: 0-300(2105 steps), species: ions
# original data path: /ptmp/cmor/HP_GAM_scans/LHD_s0.25_alpha-0_npol3_nz0768/
# normalization: L_ref=1.65m
#
#  t          Re[phi]     Im[phi]   
  0.0000E+00  9.9997E-01  0.0000E+00
  1.4260E-01  9.9661E-01 -1.1399E-04
  2.8520E-01  9.8703E-01 -2.2441E-04
  4.2780E-01  9.7254E-01 -3.3070E-04
  5.7040E-01  9.5486E-01 -4.3399E-04
  7.1300E-01  9.3562E-01 -5.3501E-04
  8.5560E-01  9.1610E-01 -6.3374E-04
  9.9820E-01  8.9704E-01 -7.3027E-04
  1.1408E+00  8.7870E-01 -8.2506E-04
  1.2834E+00  8.6094E-01 -9.1872E-04
  1.4260E+00  8.4343E-01 -1.0116E-03
  1.5686E+00  8.2577E-01 -1.1035E-03
  1.7112E+00  8.0758E-01 -1.1941E-03
  1.8538E+00  7.8860E-01 -1.2826E-03
  1.9964E+00  7.6867E-01 -1.3685E-03
  2.1390E+00  7.4775E-01 -1.4512E-03
  2.2816E+00  7.2590E-01 -1.5302E-03
  2.4242E+00  7.0326E-01 -1.6056E-03
  2.5668E+00  6.7998E-01 -1.6771E-03
  2.7094E+00  6.5624E-01 -1.7446E-03
  2.8520E+00  6.3222E-01 -1.8083E-03
  2.9946E+00  6.0809E-01 -1.8680E-03
  3.1372E+00  5.8398E-01 -1.9237E-03
  3.2798E+00  5.6002E-01 -1.9752E-03
  3.4224E+00  5.3630E-01 -2.0225E-03
  3.5650E+00  5.1290E-01 -2.0653E-03
  3.7076E+00  4.8986E-01 -2.1036E-03
  3.8502E+00  4.6725E-01 -2.1372E-03
  3.9928E+00  4.4510E-01 -2.1660E-03
  4.1354E+00  4.2345E-01 -2.1900E-03
  4.2780E+00  4.0232E-01 -2.2091E-03
  4.4206E+00  3.8176E-01 -2.2233E-03
  4.5632E+00  3.6178E-01 -2.2327E-03
  4.7058E+00  3.4240E-01 -2.2373E-03
  4.8484E+00  3.2366E-01 -2.2371E-03
  4.9910E+00  3.0558E-01 -2.2322E-03
  5.1336E+00  2.8816E-01 -2.2228E-03
  5.2762E+00  2.7142E-01 -2.2089E-03
  5.4188E+00  2.5537E-01 -2.1907E-03
  5.5614E+00  2.4002E-01 -2.1683E-03
  5.7040E+00  2.2536E-01 -2.1419E-03
  5.8466E+00  2.1139E-01 -2.1117E-03
  5.9892E+00  1.9811E-01 -2.0779E-03
  6.1318E+00  1.8551E-01 -2.0406E-03
  6.2744E+00  1.7358E-01 -2.0001E-03
  6.4170E+00  1.6231E-01 -1.9566E-03
  6.5596E+00  1.5168E-01 -1.9103E-03
  6.7022E+00  1.4167E-01 -1.8614E-03
  6.8448E+00  1.3227E-01 -1.8102E-03
  6.9874E+00  1.2346E-01 -1.7569E-03
  7.1300E+00  1.1521E-01 -1.7017E-03
  7.2726E+00  1.0752E-01 -1.6449E-03
  7.4152E+00  1.0036E-01 -1.5868E-03
  7.5578E+00  9.3700E-02 -1.5274E-03
  7.7004E+00  8.7531E-02 -1.4672E-03
  7.8430E+00  8.1828E-02 -1.4062E-03
  7.9856E+00  7.6570E-02 -1.3448E-03
  8.1282E+00  7.1735E-02 -1.2831E-03
  8.2708E+00  6.7302E-02 -1.2213E-03
  8.4134E+00  6.3250E-02 -1.1596E-03
  8.5560E+00  5.9560E-02 -1.0983E-03
  8.6986E+00  5.6210E-02 -1.0374E-03
  8.8412E+00  5.3181E-02 -9.7719E-04
  8.9838E+00  5.0454E-02 -9.1778E-04
  9.1264E+00  4.8011E-02 -8.5932E-04
  9.2690E+00  4.5833E-02 -8.0195E-04
  9.4116E+00  4.3903E-02 -7.4578E-04
  9.5542E+00  4.2204E-02 -6.9095E-04
  9.6968E+00  4.0720E-02 -6.3756E-04
  9.8394E+00  3.9435E-02 -5.8569E-04
  9.9820E+00  3.8335E-02 -5.3542E-04
  1.0125E+01  3.7406E-02 -4.8683E-04
  1.0267E+01  3.6633E-02 -4.3996E-04
  1.0410E+01  3.6005E-02 -3.9488E-04
  1.0552E+01  3.5508E-02 -3.5164E-04
  1.0695E+01  3.5132E-02 -3.1028E-04
  1.0838E+01  3.4865E-02 -2.7080E-04
  1.0980E+01  3.4698E-02 -2.3323E-04
  1.1123E+01  3.4620E-02 -1.9757E-04
  1.1265E+01  3.4623E-02 -1.6381E-04
  1.1408E+01  3.4697E-02 -1.3195E-04
  1.1551E+01  3.4836E-02 -1.0199E-04
  1.1693E+01  3.5031E-02 -7.3909E-05
  1.1836E+01  3.5276E-02 -4.7696E-05
  1.1978E+01  3.5563E-02 -2.3318E-05
  1.2121E+01  3.5888E-02 -7.3927E-07
  1.2264E+01  3.6245E-02  2.0076E-05
  1.2406E+01  3.6629E-02  3.9164E-05
  1.2549E+01  3.7035E-02  5.6559E-05
  1.2691E+01  3.7458E-02  7.2291E-05
  1.2834E+01  3.7896E-02  8.6390E-05
  1.2977E+01  3.8345E-02  9.8883E-05
  1.3119E+01  3.8801E-02  1.0980E-04
  1.3262E+01  3.9263E-02  1.1917E-04
  1.3404E+01  3.9726E-02  1.2702E-04
  1.3547E+01  4.0190E-02  1.3339E-04
  1.3690E+01  4.0651E-02  1.3828E-04
  1.3832E+01  4.1110E-02  1.4171E-04
  1.3975E+01  4.1563E-02  1.4369E-04
  1.4117E+01  4.2010E-02  1.4423E-04
  1.4260E+01  4.2450E-02  1.4331E-04
  1.4403E+01  4.2881E-02  1.4096E-04
  1.4545E+01  4.3303E-02  1.3716E-04
  1.4688E+01  4.3715E-02  1.3194E-04
  1.4830E+01  4.4116E-02  1.2529E-04
  1.4973E+01  4.4505E-02  1.1722E-04
  1.5116E+01  4.4883E-02  1.0776E-04
  1.5258E+01  4.5247E-02  9.6918E-05
  1.5401E+01  4.5598E-02  8.4716E-05
  1.5543E+01  4.5934E-02  7.1183E-05
  1.5686E+01  4.6256E-02  5.6353E-05
  1.5829E+01  4.6562E-02  4.0274E-05
  1.5971E+01  4.6850E-02  2.3007E-05
  1.6114E+01  4.7120E-02  4.6255E-06
  1.6256E+01  4.7371E-02 -1.4788E-05
  1.6399E+01  4.7602E-02 -3.5148E-05
  1.6542E+01  4.7810E-02 -5.6372E-05
  1.6684E+01  4.7995E-02 -7.8370E-05
  1.6827E+01  4.8156E-02 -1.0105E-04
  1.6969E+01  4.8289E-02 -1.2429E-04
  1.7112E+01  4.8394E-02 -1.4796E-04
  1.7255E+01  4.8469E-02 -1.7194E-04
  1.7397E+01  4.8513E-02 -1.9610E-04
  1.7540E+01  4.8523E-02 -2.2031E-04
  1.7682E+01  4.8499E-02 -2.4447E-04
  1.7825E+01  4.8438E-02 -2.6844E-04
  1.7968E+01  4.8340E-02 -2.9212E-04
  1.8110E+01  4.8202E-02 -3.1537E-04
  1.8253E+01  4.8022E-02 -3.3806E-04
  1.8395E+01  4.7800E-02 -3.6007E-04
  1.8538E+01  4.7534E-02 -3.8127E-04
  1.8681E+01  4.7222E-02 -4.0152E-04
  1.8823E+01  4.6865E-02 -4.2071E-04
  1.8966E+01  4.6459E-02 -4.3871E-04
  1.9108E+01  4.6005E-02 -4.5541E-04
  1.9251E+01  4.5501E-02 -4.7070E-04
  1.9394E+01  4.4946E-02 -4.8447E-04
  1.9536E+01  4.4339E-02 -4.9660E-04
  1.9679E+01  4.3679E-02 -5.0695E-04
  1.9821E+01  4.2966E-02 -5.1542E-04
  1.9964E+01  4.2199E-02 -5.2190E-04
  2.0107E+01  4.1377E-02 -5.2628E-04
  2.0249E+01  4.0500E-02 -5.2845E-04
  2.0392E+01  3.9569E-02 -5.2835E-04
  2.0534E+01  3.8582E-02 -5.2590E-04
  2.0677E+01  3.7541E-02 -5.2105E-04
  2.0820E+01  3.6445E-02 -5.1377E-04
  2.0962E+01  3.5296E-02 -5.0402E-04
  2.1105E+01  3.4095E-02 -4.9178E-04
  2.1247E+01  3.2842E-02 -4.7700E-04
  2.1390E+01  3.1541E-02 -4.5969E-04
  2.1533E+01  3.0191E-02 -4.3985E-04
  2.1675E+01  2.8795E-02 -4.1754E-04
  2.1818E+01  2.7356E-02 -3.9279E-04
  2.1960E+01  2.5874E-02 -3.6568E-04
  2.2103E+01  2.4352E-02 -3.3625E-04
  2.2246E+01  2.2793E-02 -3.0458E-04
  2.2388E+01  2.1201E-02 -2.7075E-04
  2.2531E+01  1.9577E-02 -2.3485E-04
  2.2673E+01  1.7927E-02 -1.9698E-04
  2.2816E+01  1.6252E-02 -1.5725E-04
  2.2959E+01  1.4556E-02 -1.1578E-04
  2.3101E+01  1.2843E-02 -7.2663E-05
  2.3244E+01  1.1114E-02 -2.8023E-05
  2.3386E+01  9.3743E-03  1.8025E-05
  2.3529E+01  7.6256E-03  6.5348E-05
  2.3672E+01  5.8719E-03  1.1381E-04
  2.3814E+01  4.1166E-03  1.6329E-04
  2.3957E+01  2.3636E-03  2.1366E-04
  2.4099E+01  6.1659E-04  2.6478E-04
  2.4242E+01 -1.1207E-03  3.1645E-04
  2.4385E+01 -2.8446E-03  3.6854E-04
  2.4527E+01 -4.5518E-03  4.2094E-04
  2.4670E+01 -6.2389E-03  4.7348E-04
  2.4812E+01 -7.9029E-03  5.2600E-04
  2.4955E+01 -9.5405E-03  5.7835E-04
  2.5098E+01 -1.1149E-02  6.3043E-04
  2.5240E+01 -1.2725E-02  6.8216E-04
  2.5383E+01 -1.4265E-02  7.3337E-04
  2.5525E+01 -1.5766E-02  7.8389E-04
  2.5668E+01 -1.7225E-02  8.3354E-04
  2.5811E+01 -1.8640E-02  8.8220E-04
  2.5953E+01 -2.0007E-02  9.2976E-04
  2.6096E+01 -2.1325E-02  9.7608E-04
  2.6238E+01 -2.2589E-02  1.0210E-03
  2.6381E+01 -2.3800E-02  1.0645E-03
  2.6524E+01 -2.4954E-02  1.1064E-03
  2.6666E+01 -2.6049E-02  1.1467E-03
  2.6809E+01 -2.7085E-02  1.1852E-03
  2.6951E+01 -2.8059E-02  1.2219E-03
  2.7094E+01 -2.8969E-02  1.2567E-03
  2.7237E+01 -2.9815E-02  1.2895E-03
  2.7379E+01 -3.0595E-02  1.3203E-03
  2.7522E+01 -3.1308E-02  1.3489E-03
  2.7664E+01 -3.1953E-02  1.3753E-03
  2.7807E+01 -3.2530E-02  1.3995E-03
  2.7950E+01 -3.3037E-02  1.4213E-03
  2.8092E+01 -3.3476E-02  1.4409E-03
  2.8235E+01 -3.3845E-02  1.4580E-03
  2.8377E+01 -3.4145E-02  1.4728E-03
  2.8520E+01 -3.4376E-02  1.4852E-03
  2.8663E+01 -3.4538E-02  1.4952E-03
  2.8805E+01 -3.4632E-02  1.5029E-03
  2.8948E+01 -3.4658E-02  1.5081E-03
  2.9090E+01 -3.4617E-02  1.5110E-03
  2.9233E+01 -3.4510E-02  1.5115E-03
  2.9376E+01 -3.4338E-02  1.5097E-03
  2.9518E+01 -3.4101E-02  1.5055E-03
  2.9661E+01 -3.3801E-02  1.4991E-03
  2.9803E+01 -3.3440E-02  1.4904E-03
  2.9946E+01 -3.3017E-02  1.4795E-03
  3.0089E+01 -3.2535E-02  1.4663E-03
  3.0231E+01 -3.1996E-02  1.4510E-03
  3.0374E+01 -3.1400E-02  1.4337E-03
  3.0516E+01 -3.0749E-02  1.4143E-03
  3.0659E+01 -3.0046E-02  1.3930E-03
  3.0802E+01 -2.9292E-02  1.3698E-03
  3.0944E+01 -2.8489E-02  1.3448E-03
  3.1087E+01 -2.7639E-02  1.3182E-03
  3.1229E+01 -2.6744E-02  1.2898E-03
  3.1372E+01 -2.5807E-02  1.2599E-03
  3.1515E+01 -2.4829E-02  1.2284E-03
  3.1657E+01 -2.3813E-02  1.1955E-03
  3.1800E+01 -2.2761E-02  1.1611E-03
  3.1942E+01 -2.1675E-02  1.1254E-03
  3.2085E+01 -2.0556E-02  1.0885E-03
  3.2228E+01 -1.9407E-02  1.0504E-03
  3.2370E+01 -1.8229E-02  1.0113E-03
  3.2513E+01 -1.7026E-02  9.7126E-04
  3.2655E+01 -1.5797E-02  9.3035E-04
  3.2798E+01 -1.4546E-02  8.8869E-04
  3.2941E+01 -1.3274E-02  8.4636E-04
  3.3083E+01 -1.1984E-02  8.0341E-04
  3.3226E+01 -1.0678E-02  7.5989E-04
  3.3368E+01 -9.3580E-03  7.1587E-04
  3.3511E+01 -8.0261E-03  6.7141E-04
  3.3654E+01 -6.6842E-03  6.2658E-04
  3.3796E+01 -5.3343E-03  5.8144E-04
  3.3939E+01 -3.9782E-03  5.3604E-04
  3.4081E+01 -2.6175E-03  4.9046E-04
  3.4224E+01 -1.2535E-03  4.4473E-04
  3.4367E+01  1.1253E-04  3.9890E-04
  3.4509E+01  1.4792E-03  3.5306E-04
  3.4652E+01  2.8451E-03  3.0729E-04
  3.4794E+01  4.2089E-03  2.6169E-04
  3.4937E+01  5.5694E-03  2.1634E-04
  3.5080E+01  6.9250E-03  1.7126E-04
  3.5222E+01  8.2743E-03  1.2649E-04
  3.5365E+01  9.6156E-03  8.2066E-05
  3.5507E+01  1.0947E-02  3.8054E-05
  3.5650E+01  1.2268E-02 -5.5042E-06
  3.5793E+01  1.3577E-02 -4.8583E-05
  3.5935E+01  1.4873E-02 -9.1162E-05
  3.6078E+01  1.6155E-02 -1.3321E-04
  3.6220E+01  1.7421E-02 -1.7471E-04
  3.6363E+01  1.8672E-02 -2.1561E-04
  3.6506E+01  1.9907E-02 -2.5587E-04
  3.6648E+01  2.1125E-02 -2.9545E-04
  3.6791E+01  2.2326E-02 -3.3427E-04
  3.6933E+01  2.3510E-02 -3.7230E-04
  3.7076E+01  2.4676E-02 -4.0951E-04
  3.7219E+01  2.5825E-02 -4.4591E-04
  3.7361E+01  2.6954E-02 -4.8144E-04
  3.7504E+01  2.8064E-02 -5.1604E-04
  3.7646E+01  2.9154E-02 -5.4969E-04
  3.7789E+01  3.0224E-02 -5.8239E-04
  3.7932E+01  3.1273E-02 -6.1421E-04
  3.8074E+01  3.2301E-02 -6.4520E-04
  3.8217E+01  3.3307E-02 -6.7540E-04
  3.8359E+01  3.4292E-02 -7.0482E-04
  3.8502E+01  3.5254E-02 -7.3342E-04
  3.8645E+01  3.6194E-02 -7.6120E-04
  3.8787E+01  3.7113E-02 -7.8816E-04
  3.8930E+01  3.8011E-02 -8.1434E-04
  3.9072E+01  3.8888E-02 -8.3976E-04
  3.9215E+01  3.9744E-02 -8.6444E-04
  3.9358E+01  4.0580E-02 -8.8840E-04
  3.9500E+01  4.1396E-02 -9.1164E-04
  3.9643E+01  4.2194E-02 -9.3414E-04
  3.9785E+01  4.2974E-02 -9.5587E-04
  3.9928E+01  4.3735E-02 -9.7678E-04
  4.0071E+01  4.4479E-02 -9.9685E-04
  4.0213E+01  4.5204E-02 -1.0161E-03
  4.0356E+01  4.5910E-02 -1.0346E-03
  4.0498E+01  4.6598E-02 -1.0524E-03
  4.0641E+01  4.7268E-02 -1.0695E-03
  4.0784E+01  4.7920E-02 -1.0859E-03
  4.0926E+01  4.8554E-02 -1.1016E-03
  4.1069E+01  4.9170E-02 -1.1167E-03
  4.1211E+01  4.9769E-02 -1.1310E-03
  4.1354E+01  5.0351E-02 -1.1447E-03
  4.1497E+01  5.0914E-02 -1.1577E-03
  4.1639E+01  5.1460E-02 -1.1702E-03
  4.1782E+01  5.1989E-02 -1.1820E-03
  4.1924E+01  5.2502E-02 -1.1934E-03
  4.2067E+01  5.3000E-02 -1.2042E-03
  4.2210E+01  5.3482E-02 -1.2146E-03
  4.2352E+01  5.3952E-02 -1.2244E-03
  4.2495E+01  5.4408E-02 -1.2337E-03
  4.2637E+01  5.4852E-02 -1.2425E-03
  4.2780E+01  5.5284E-02 -1.2508E-03
  4.2923E+01  5.5705E-02 -1.2586E-03
  4.3065E+01  5.6115E-02 -1.2660E-03
  4.3208E+01  5.6516E-02 -1.2730E-03
  4.3350E+01  5.6906E-02 -1.2797E-03
  4.3493E+01  5.7287E-02 -1.2862E-03
  4.3636E+01  5.7660E-02 -1.2923E-03
  4.3778E+01  5.8023E-02 -1.2982E-03
  4.3921E+01  5.8378E-02 -1.3040E-03
  4.4063E+01  5.8724E-02 -1.3095E-03
  4.4206E+01  5.9061E-02 -1.3150E-03
  4.4349E+01  5.9390E-02 -1.3203E-03
  4.4491E+01  5.9711E-02 -1.3254E-03
  4.4634E+01  6.0024E-02 -1.3305E-03
  4.4776E+01  6.0328E-02 -1.3354E-03
  4.4919E+01  6.0625E-02 -1.3402E-03
  4.5062E+01  6.0913E-02 -1.3450E-03
  4.5204E+01  6.1193E-02 -1.3495E-03
  4.5347E+01  6.1466E-02 -1.3539E-03
  4.5489E+01  6.1731E-02 -1.3581E-03
  4.5632E+01  6.1989E-02 -1.3622E-03
  4.5775E+01  6.2241E-02 -1.3661E-03
  4.5917E+01  6.2487E-02 -1.3699E-03
  4.6060E+01  6.2727E-02 -1.3735E-03
  4.6202E+01  6.2962E-02 -1.3770E-03
  4.6345E+01  6.3192E-02 -1.3804E-03
  4.6488E+01  6.3417E-02 -1.3837E-03
  4.6630E+01  6.3638E-02 -1.3869E-03
  4.6773E+01  6.3854E-02 -1.3901E-03
  4.6915E+01  6.4067E-02 -1.3932E-03
  4.7058E+01  6.4276E-02 -1.3964E-03
  4.7201E+01  6.4481E-02 -1.3996E-03
  4.7343E+01  6.4683E-02 -1.4028E-03
  4.7486E+01  6.4880E-02 -1.4060E-03
  4.7628E+01  6.5074E-02 -1.4093E-03
  4.7771E+01  6.5264E-02 -1.4127E-03
  4.7914E+01  6.5450E-02 -1.4160E-03
  4.8056E+01  6.5631E-02 -1.4193E-03
  4.8199E+01  6.5807E-02 -1.4226E-03
  4.8341E+01  6.5978E-02 -1.4259E-03
  4.8484E+01  6.6144E-02 -1.4291E-03
  4.8627E+01  6.6305E-02 -1.4322E-03
  4.8769E+01  6.6460E-02 -1.4352E-03
  4.8912E+01  6.6610E-02 -1.4381E-03
  4.9054E+01  6.6754E-02 -1.4409E-03
  4.9197E+01  6.6892E-02 -1.4436E-03
  4.9340E+01  6.7025E-02 -1.4462E-03
  4.9482E+01  6.7152E-02 -1.4487E-03
  4.9625E+01  6.7274E-02 -1.4511E-03
  4.9767E+01  6.7391E-02 -1.4533E-03
  4.9910E+01  6.7502E-02 -1.4555E-03
  5.0053E+01  6.7608E-02 -1.4575E-03
  5.0195E+01  6.7709E-02 -1.4595E-03
  5.0338E+01  6.7805E-02 -1.4613E-03
  5.0480E+01  6.7896E-02 -1.4631E-03
  5.0623E+01  6.7981E-02 -1.4647E-03
  5.0766E+01  6.8061E-02 -1.4662E-03
  5.0908E+01  6.8136E-02 -1.4675E-03
  5.1051E+01  6.8204E-02 -1.4687E-03
  5.1193E+01  6.8267E-02 -1.4697E-03
  5.1336E+01  6.8323E-02 -1.4705E-03
  5.1479E+01  6.8372E-02 -1.4711E-03
  5.1621E+01  6.8415E-02 -1.4716E-03
  5.1764E+01  6.8451E-02 -1.4717E-03
  5.1906E+01  6.8479E-02 -1.4716E-03
  5.2049E+01  6.8501E-02 -1.4713E-03
  5.2192E+01  6.8516E-02 -1.4706E-03
  5.2334E+01  6.8524E-02 -1.4697E-03
  5.2477E+01  6.8525E-02 -1.4684E-03
  5.2619E+01  6.8518E-02 -1.4667E-03
  5.2762E+01  6.8504E-02 -1.4647E-03
  5.2905E+01  6.8483E-02 -1.4624E-03
  5.3047E+01  6.8455E-02 -1.4597E-03
  5.3190E+01  6.8420E-02 -1.4568E-03
  5.3332E+01  6.8377E-02 -1.4535E-03
  5.3475E+01  6.8327E-02 -1.4499E-03
  5.3618E+01  6.8271E-02 -1.4460E-03
  5.3760E+01  6.8208E-02 -1.4418E-03
  5.3903E+01  6.8138E-02 -1.4374E-03
  5.4045E+01  6.8061E-02 -1.4326E-03
  5.4188E+01  6.7977E-02 -1.4276E-03
  5.4331E+01  6.7886E-02 -1.4222E-03
  5.4473E+01  6.7788E-02 -1.4165E-03
  5.4616E+01  6.7683E-02 -1.4105E-03
  5.4758E+01  6.7571E-02 -1.4043E-03
  5.4901E+01  6.7452E-02 -1.3979E-03
  5.5044E+01  6.7324E-02 -1.3913E-03
  5.5186E+01  6.7188E-02 -1.3843E-03
  5.5329E+01  6.7045E-02 -1.3770E-03
  5.5471E+01  6.6894E-02 -1.3694E-03
  5.5614E+01  6.6737E-02 -1.3615E-03
  5.5757E+01  6.6573E-02 -1.3534E-03
  5.5899E+01  6.6403E-02 -1.3451E-03
  5.6042E+01  6.6225E-02 -1.3365E-03
  5.6184E+01  6.6041E-02 -1.3275E-03
  5.6327E+01  6.5848E-02 -1.3180E-03
  5.6470E+01  6.5650E-02 -1.3079E-03
  5.6612E+01  6.5445E-02 -1.2975E-03
  5.6755E+01  6.5235E-02 -1.2869E-03
  5.6897E+01  6.5020E-02 -1.2761E-03
  5.7040E+01  6.4798E-02 -1.2654E-03
  5.7183E+01  6.4570E-02 -1.2543E-03
  5.7325E+01  6.4335E-02 -1.2428E-03
  5.7468E+01  6.4092E-02 -1.2306E-03
  5.7610E+01  6.3844E-02 -1.2178E-03
  5.7753E+01  6.3591E-02 -1.2046E-03
  5.7896E+01  6.3335E-02 -1.1915E-03
  5.8038E+01  6.3076E-02 -1.1787E-03
  5.8181E+01  6.2815E-02 -1.1662E-03
  5.8323E+01  6.2548E-02 -1.1536E-03
  5.8466E+01  6.2274E-02 -1.1406E-03
  5.8609E+01  6.1995E-02 -1.1268E-03
  5.8751E+01  6.1710E-02 -1.1122E-03
  5.8894E+01  6.1422E-02 -1.0975E-03
  5.9036E+01  6.1134E-02 -1.0831E-03
  5.9179E+01  6.0848E-02 -1.0696E-03
  5.9322E+01  6.0562E-02 -1.0568E-03
  5.9464E+01  6.0275E-02 -1.0444E-03
  5.9607E+01  5.9985E-02 -1.0315E-03
  5.9749E+01  5.9690E-02 -1.0176E-03
  5.9892E+01  5.9391E-02 -1.0026E-03
  6.0035E+01  5.9090E-02 -9.8678E-04
  6.0177E+01  5.8790E-02 -9.7115E-04
  6.0320E+01  5.8494E-02 -9.5657E-04
  6.0462E+01  5.8201E-02 -9.4347E-04
  6.0605E+01  5.7909E-02 -9.3158E-04
  6.0748E+01  5.7613E-02 -9.2000E-04
  6.0890E+01  5.7311E-02 -9.0762E-04
  6.1033E+01  5.7000E-02 -8.9366E-04
  6.1175E+01  5.6683E-02 -8.7812E-04
  6.1318E+01  5.6363E-02 -8.6178E-04
  6.1461E+01  5.6046E-02 -8.4584E-04
  6.1603E+01  5.5737E-02 -8.3131E-04
  6.1746E+01  5.5436E-02 -8.1851E-04
  6.1888E+01  5.5141E-02 -8.0688E-04
  6.2031E+01  5.4845E-02 -7.9530E-04
  6.2174E+01  5.4545E-02 -7.8258E-04
  6.2316E+01  5.4239E-02 -7.6805E-04
  6.2459E+01  5.3929E-02 -7.5184E-04
  6.2601E+01  5.3617E-02 -7.3486E-04
  6.2744E+01  5.3309E-02 -7.1845E-04
  6.2887E+01  5.3009E-02 -7.0386E-04
  6.3029E+01  5.2717E-02 -6.9174E-04
  6.3172E+01  5.2431E-02 -6.8189E-04
  6.3314E+01  5.2148E-02 -6.7332E-04
  6.3457E+01  5.1863E-02 -6.6461E-04
  6.3600E+01  5.1572E-02 -6.5451E-04
  6.3742E+01  5.1278E-02 -6.4238E-04
  6.3885E+01  5.0984E-02 -6.2849E-04
  6.4027E+01  5.0697E-02 -6.1385E-04
  6.4170E+01  5.0423E-02 -5.9975E-04
  6.4313E+01  5.0165E-02 -5.8723E-04
  6.4455E+01  4.9923E-02 -5.7670E-04
  6.4598E+01  4.9691E-02 -5.6785E-04
  6.4740E+01  4.9463E-02 -5.5981E-04
  6.4883E+01  4.9235E-02 -5.5159E-04
  6.5026E+01  4.9002E-02 -5.4250E-04
  6.5168E+01  4.8765E-02 -5.3234E-04
  6.5311E+01  4.8526E-02 -5.2152E-04
  6.5453E+01  4.8288E-02 -5.1082E-04
  6.5596E+01  4.8056E-02 -5.0114E-04
  6.5739E+01  4.7830E-02 -4.9314E-04
  6.5881E+01  4.7609E-02 -4.8702E-04
  6.6024E+01  4.7392E-02 -4.8248E-04
  6.6166E+01  4.7175E-02 -4.7881E-04
  6.6309E+01  4.6956E-02 -4.7512E-04
  6.6452E+01  4.6734E-02 -4.7060E-04
  6.6594E+01  4.6511E-02 -4.6472E-04
  6.6737E+01  4.6291E-02 -4.5738E-04
  6.6879E+01  4.6078E-02 -4.4886E-04
  6.7022E+01  4.5877E-02 -4.3975E-04
  6.7165E+01  4.5690E-02 -4.3075E-04
  6.7307E+01  4.5517E-02 -4.2259E-04
  6.7450E+01  4.5358E-02 -4.1578E-04
  6.7592E+01  4.5210E-02 -4.1061E-04
  6.7735E+01  4.5068E-02 -4.0705E-04
  6.7878E+01  4.4928E-02 -4.0482E-04
  6.8020E+01  4.4787E-02 -4.0341E-04
  6.8163E+01  4.4643E-02 -4.0224E-04
  6.8305E+01  4.4494E-02 -4.0080E-04
  6.8448E+01  4.4343E-02 -3.9875E-04
  6.8591E+01  4.4193E-02 -3.9605E-04
  6.8733E+01  4.4046E-02 -3.9292E-04
  6.8876E+01  4.3906E-02 -3.8977E-04
  6.9018E+01  4.3778E-02 -3.8702E-04
  6.9161E+01  4.3662E-02 -3.8494E-04
  6.9304E+01  4.3557E-02 -3.8356E-04
  6.9446E+01  4.3463E-02 -3.8266E-04
  6.9589E+01  4.3376E-02 -3.8192E-04
  6.9731E+01  4.3295E-02 -3.8101E-04
  6.9874E+01  4.3218E-02 -3.7981E-04
  7.0017E+01  4.3147E-02 -3.7841E-04
  7.0159E+01  4.3082E-02 -3.7710E-04
  7.0302E+01  4.3025E-02 -3.7628E-04
  7.0444E+01  4.2978E-02 -3.7631E-04
  7.0587E+01  4.2938E-02 -3.7738E-04
  7.0730E+01  4.2904E-02 -3.7953E-04
  7.0872E+01  4.2874E-02 -3.8255E-04
  7.1015E+01  4.2844E-02 -3.8616E-04
  7.1157E+01  4.2811E-02 -3.8998E-04
  7.1300E+01  4.2772E-02 -3.9367E-04
  7.1443E+01  4.2726E-02 -3.9696E-04
  7.1585E+01  4.2675E-02 -3.9968E-04
  7.1728E+01  4.2619E-02 -4.0183E-04
  7.1870E+01  4.2562E-02 -4.0353E-04
  7.2013E+01  4.2506E-02 -4.0503E-04
  7.2156E+01  4.2456E-02 -4.0667E-04
  7.2298E+01  4.2413E-02 -4.0877E-04
  7.2441E+01  4.2381E-02 -4.1158E-04
  7.2583E+01  4.2359E-02 -4.1517E-04
  7.2726E+01  4.2345E-02 -4.1944E-04
  7.2869E+01  4.2338E-02 -4.2412E-04
  7.3011E+01  4.2335E-02 -4.2884E-04
  7.3154E+01  4.2333E-02 -4.3328E-04
  7.3296E+01  4.2332E-02 -4.3722E-04
  7.3439E+01  4.2331E-02 -4.4067E-04
  7.3582E+01  4.2332E-02 -4.4381E-04
  7.3724E+01  4.2337E-02 -4.4695E-04
  7.3867E+01  4.2350E-02 -4.5046E-04
  7.4009E+01  4.2370E-02 -4.5461E-04
  7.4152E+01  4.2398E-02 -4.5950E-04
  7.4295E+01  4.2432E-02 -4.6510E-04
  7.4437E+01  4.2471E-02 -4.7120E-04
  7.4580E+01  4.2512E-02 -4.7752E-04
  7.4722E+01  4.2554E-02 -4.8380E-04
  7.4865E+01  4.2597E-02 -4.8984E-04
  7.5008E+01  4.2640E-02 -4.9559E-04
  7.5150E+01  4.2686E-02 -5.0109E-04
  7.5293E+01  4.2738E-02 -5.0646E-04
  7.5435E+01  4.2795E-02 -5.1186E-04
  7.5578E+01  4.2860E-02 -5.1739E-04
  7.5721E+01  4.2932E-02 -5.2314E-04
  7.5863E+01  4.3010E-02 -5.2913E-04
  7.6006E+01  4.3092E-02 -5.3539E-04
  7.6148E+01  4.3175E-02 -5.4192E-04
  7.6291E+01  4.3259E-02 -5.4875E-04
  7.6434E+01  4.3340E-02 -5.5584E-04
  7.6576E+01  4.3417E-02 -5.6314E-04
  7.6719E+01  4.3488E-02 -5.7052E-04
  7.6861E+01  4.3554E-02 -5.7781E-04
  7.7004E+01  4.3615E-02 -5.8484E-04
  7.7147E+01  4.3669E-02 -5.9146E-04
  7.7289E+01  4.3720E-02 -5.9763E-04
  7.7432E+01  4.3767E-02 -6.0340E-04
  7.7574E+01  4.3815E-02 -6.0894E-04
  7.7717E+01  4.3864E-02 -6.1451E-04
  7.7860E+01  4.3916E-02 -6.2034E-04
  7.8002E+01  4.3973E-02 -6.2667E-04
  7.8145E+01  4.4034E-02 -6.3358E-04
  7.8287E+01  4.4099E-02 -6.4109E-04
  7.8430E+01  4.4168E-02 -6.4910E-04
  7.8573E+01  4.4237E-02 -6.5745E-04
  7.8715E+01  4.4306E-02 -6.6595E-04
  7.8858E+01  4.4373E-02 -6.7442E-04
  7.9000E+01  4.4437E-02 -6.8268E-04
  7.9143E+01  4.4499E-02 -6.9061E-04
  7.9286E+01  4.4557E-02 -6.9809E-04
  7.9428E+01  4.4614E-02 -7.0509E-04
  7.9571E+01  4.4671E-02 -7.1159E-04
  7.9713E+01  4.4729E-02 -7.1769E-04
  7.9856E+01  4.4792E-02 -7.2353E-04
  7.9999E+01  4.4861E-02 -7.2936E-04
  8.0141E+01  4.4939E-02 -7.3546E-04
  8.0284E+01  4.5029E-02 -7.4214E-04
  8.0426E+01  4.5130E-02 -7.4962E-04
  8.0569E+01  4.5244E-02 -7.5803E-04
  8.0712E+01  4.5369E-02 -7.6734E-04
  8.0854E+01  4.5503E-02 -7.7736E-04
  8.0997E+01  4.5642E-02 -7.8778E-04
  8.1139E+01  4.5784E-02 -7.9818E-04
  8.1282E+01  4.5925E-02 -8.0816E-04
  8.1425E+01  4.6062E-02 -8.1739E-04
  8.1567E+01  4.6194E-02 -8.2563E-04
  8.1710E+01  4.6320E-02 -8.3284E-04
  8.1852E+01  4.6442E-02 -8.3913E-04
  8.1995E+01  4.6561E-02 -8.4474E-04
  8.2138E+01  4.6678E-02 -8.5001E-04
  8.2280E+01  4.6796E-02 -8.5529E-04
  8.2423E+01  4.6916E-02 -8.6091E-04
  8.2565E+01  4.7037E-02 -8.6710E-04
  8.2708E+01  4.7159E-02 -8.7398E-04
  8.2851E+01  4.7280E-02 -8.8156E-04
  8.2993E+01  4.7398E-02 -8.8972E-04
  8.3136E+01  4.7511E-02 -8.9832E-04
  8.3278E+01  4.7616E-02 -9.0716E-04
  8.3421E+01  4.7712E-02 -9.1608E-04
  8.3564E+01  4.7800E-02 -9.2492E-04
  8.3706E+01  4.7878E-02 -9.3358E-04
  8.3849E+01  4.7948E-02 -9.4198E-04
  8.3991E+01  4.8010E-02 -9.5006E-04
  8.4134E+01  4.8066E-02 -9.5776E-04
  8.4277E+01  4.8117E-02 -9.6504E-04
  8.4419E+01  4.8163E-02 -9.7185E-04
  8.4562E+01  4.8205E-02 -9.7816E-04
  8.4704E+01  4.8243E-02 -9.8398E-04
  8.4847E+01  4.8278E-02 -9.8942E-04
  8.4990E+01  4.8311E-02 -9.9462E-04
  8.5132E+01  4.8345E-02 -9.9983E-04
  8.5275E+01  4.8381E-02 -1.0053E-03
  8.5417E+01  4.8421E-02 -1.0114E-03
  8.5560E+01  4.8467E-02 -1.0182E-03
  8.5703E+01  4.8520E-02 -1.0259E-03
  8.5845E+01  4.8581E-02 -1.0343E-03
  8.5988E+01  4.8649E-02 -1.0432E-03
  8.6130E+01  4.8722E-02 -1.0522E-03
  8.6273E+01  4.8799E-02 -1.0611E-03
  8.6416E+01  4.8879E-02 -1.0693E-03
  8.6558E+01  4.8961E-02 -1.0766E-03
  8.6701E+01  4.9044E-02 -1.0829E-03
  8.6843E+01  4.9129E-02 -1.0883E-03
  8.6986E+01  4.9218E-02 -1.0929E-03
  8.7129E+01  4.9313E-02 -1.0972E-03
  8.7271E+01  4.9416E-02 -1.1016E-03
  8.7414E+01  4.9528E-02 -1.1063E-03
  8.7556E+01  4.9650E-02 -1.1115E-03
  8.7699E+01  4.9781E-02 -1.1175E-03
  8.7842E+01  4.9921E-02 -1.1241E-03
  8.7984E+01  5.0066E-02 -1.1310E-03
  8.8127E+01  5.0213E-02 -1.1381E-03
  8.8269E+01  5.0361E-02 -1.1450E-03
  8.8412E+01  5.0506E-02 -1.1516E-03
  8.8555E+01  5.0647E-02 -1.1576E-03
  8.8697E+01  5.0783E-02 -1.1630E-03
  8.8840E+01  5.0913E-02 -1.1680E-03
  8.8982E+01  5.1038E-02 -1.1727E-03
  8.9125E+01  5.1158E-02 -1.1772E-03
  8.9268E+01  5.1273E-02 -1.1818E-03
  8.9410E+01  5.1383E-02 -1.1864E-03
  8.9553E+01  5.1488E-02 -1.1912E-03
  8.9695E+01  5.1587E-02 -1.1962E-03
  8.9838E+01  5.1678E-02 -1.2011E-03
  8.9981E+01  5.1760E-02 -1.2060E-03
  9.0123E+01  5.1831E-02 -1.2108E-03
  9.0266E+01  5.1892E-02 -1.2152E-03
  9.0408E+01  5.1942E-02 -1.2194E-03
  9.0551E+01  5.1981E-02 -1.2233E-03
  9.0694E+01  5.2010E-02 -1.2271E-03
  9.0836E+01  5.2029E-02 -1.2307E-03
  9.0979E+01  5.2041E-02 -1.2343E-03
  9.1121E+01  5.2047E-02 -1.2380E-03
  9.1264E+01  5.2048E-02 -1.2419E-03
  9.1407E+01  5.2044E-02 -1.2458E-03
  9.1549E+01  5.2036E-02 -1.2499E-03
  9.1692E+01  5.2024E-02 -1.2540E-03
  9.1834E+01  5.2008E-02 -1.2580E-03
  9.1977E+01  5.1989E-02 -1.2617E-03
  9.2120E+01  5.1967E-02 -1.2652E-03
  9.2262E+01  5.1942E-02 -1.2683E-03
  9.2405E+01  5.1916E-02 -1.2712E-03
  9.2547E+01  5.1892E-02 -1.2737E-03
  9.2690E+01  5.1869E-02 -1.2761E-03
  9.2833E+01  5.1851E-02 -1.2783E-03
  9.2975E+01  5.1839E-02 -1.2806E-03
  9.3118E+01  5.1835E-02 -1.2830E-03
  9.3260E+01  5.1839E-02 -1.2855E-03
  9.3403E+01  5.1851E-02 -1.2880E-03
  9.3546E+01  5.1873E-02 -1.2906E-03
  9.3688E+01  5.1903E-02 -1.2932E-03
  9.3831E+01  5.1942E-02 -1.2956E-03
  9.3973E+01  5.1989E-02 -1.2979E-03
  9.4116E+01  5.2045E-02 -1.2999E-03
  9.4259E+01  5.2108E-02 -1.3016E-03
  9.4401E+01  5.2178E-02 -1.3032E-03
  9.4544E+01  5.2256E-02 -1.3045E-03
  9.4686E+01  5.2342E-02 -1.3057E-03
  9.4829E+01  5.2434E-02 -1.3068E-03
  9.4972E+01  5.2532E-02 -1.3078E-03
  9.5114E+01  5.2637E-02 -1.3089E-03
  9.5257E+01  5.2747E-02 -1.3099E-03
  9.5399E+01  5.2861E-02 -1.3110E-03
  9.5542E+01  5.2978E-02 -1.3121E-03
  9.5685E+01  5.3097E-02 -1.3132E-03
  9.5827E+01  5.3216E-02 -1.3142E-03
  9.5970E+01  5.3334E-02 -1.3151E-03
  9.6112E+01  5.3450E-02 -1.3160E-03
  9.6255E+01  5.3563E-02 -1.3167E-03
  9.6398E+01  5.3670E-02 -1.3173E-03
  9.6540E+01  5.3771E-02 -1.3177E-03
  9.6683E+01  5.3866E-02 -1.3181E-03
  9.6825E+01  5.3952E-02 -1.3183E-03
  9.6968E+01  5.4030E-02 -1.3184E-03
  9.7111E+01  5.4100E-02 -1.3184E-03
  9.7253E+01  5.4160E-02 -1.3184E-03
  9.7396E+01  5.4210E-02 -1.3184E-03
  9.7538E+01  5.4250E-02 -1.3183E-03
  9.7681E+01  5.4279E-02 -1.3182E-03
  9.7824E+01  5.4298E-02 -1.3181E-03
  9.7966E+01  5.4306E-02 -1.3179E-03
  9.8109E+01  5.4302E-02 -1.3176E-03
  9.8251E+01  5.4287E-02 -1.3172E-03
  9.8394E+01  5.4261E-02 -1.3167E-03
  9.8537E+01  5.4225E-02 -1.3161E-03
  9.8679E+01  5.4178E-02 -1.3153E-03
  9.8822E+01  5.4121E-02 -1.3145E-03
  9.8964E+01  5.4056E-02 -1.3137E-03
  9.9107E+01  5.3983E-02 -1.3128E-03
  9.9250E+01  5.3904E-02 -1.3119E-03
  9.9392E+01  5.3819E-02 -1.3110E-03
  9.9535E+01  5.3730E-02 -1.3102E-03
  9.9677E+01  5.3638E-02 -1.3094E-03
  9.9820E+01  5.3543E-02 -1.3087E-03
  9.9963E+01  5.3448E-02 -1.3080E-03
  1.0011E+02  5.3353E-02 -1.3074E-03
  1.0025E+02  5.3259E-02 -1.3067E-03
  1.0039E+02  5.3167E-02 -1.3060E-03
  1.0053E+02  5.3079E-02 -1.3052E-03
  1.0068E+02  5.2995E-02 -1.3044E-03
  1.0082E+02  5.2916E-02 -1.3035E-03
  1.0096E+02  5.2843E-02 -1.3025E-03
  1.0110E+02  5.2777E-02 -1.3014E-03
  1.0125E+02  5.2720E-02 -1.3002E-03
  1.0139E+02  5.2671E-02 -1.2990E-03
  1.0153E+02  5.2632E-02 -1.2977E-03
  1.0167E+02  5.2602E-02 -1.2964E-03
  1.0182E+02  5.2582E-02 -1.2951E-03
  1.0196E+02  5.2573E-02 -1.2936E-03
  1.0210E+02  5.2574E-02 -1.2922E-03
  1.0224E+02  5.2585E-02 -1.2906E-03
  1.0239E+02  5.2606E-02 -1.2891E-03
  1.0253E+02  5.2637E-02 -1.2874E-03
  1.0267E+02  5.2677E-02 -1.2858E-03
  1.0281E+02  5.2725E-02 -1.2841E-03
  1.0296E+02  5.2782E-02 -1.2823E-03
  1.0310E+02  5.2847E-02 -1.2805E-03
  1.0324E+02  5.2918E-02 -1.2787E-03
  1.0338E+02  5.2995E-02 -1.2768E-03
  1.0353E+02  5.3077E-02 -1.2750E-03
  1.0367E+02  5.3163E-02 -1.2732E-03
  1.0381E+02  5.3251E-02 -1.2714E-03
  1.0396E+02  5.3342E-02 -1.2696E-03
  1.0410E+02  5.3434E-02 -1.2678E-03
  1.0424E+02  5.3525E-02 -1.2661E-03
  1.0438E+02  5.3616E-02 -1.2644E-03
  1.0453E+02  5.3704E-02 -1.2627E-03
  1.0467E+02  5.3788E-02 -1.2610E-03
  1.0481E+02  5.3868E-02 -1.2594E-03
  1.0495E+02  5.3943E-02 -1.2578E-03
  1.0510E+02  5.4011E-02 -1.2562E-03
  1.0524E+02  5.4072E-02 -1.2546E-03
  1.0538E+02  5.4125E-02 -1.2531E-03
  1.0552E+02  5.4169E-02 -1.2516E-03
  1.0567E+02  5.4203E-02 -1.2501E-03
  1.0581E+02  5.4226E-02 -1.2487E-03
  1.0595E+02  5.4239E-02 -1.2472E-03
  1.0609E+02  5.4241E-02 -1.2458E-03
  1.0624E+02  5.4232E-02 -1.2443E-03
  1.0638E+02  5.4211E-02 -1.2429E-03
  1.0652E+02  5.4179E-02 -1.2416E-03
  1.0666E+02  5.4135E-02 -1.2402E-03
  1.0681E+02  5.4081E-02 -1.2388E-03
  1.0695E+02  5.4016E-02 -1.2375E-03
  1.0709E+02  5.3941E-02 -1.2362E-03
  1.0724E+02  5.3856E-02 -1.2350E-03
  1.0738E+02  5.3763E-02 -1.2337E-03
  1.0752E+02  5.3662E-02 -1.2325E-03
  1.0766E+02  5.3554E-02 -1.2313E-03
  1.0781E+02  5.3439E-02 -1.2301E-03
  1.0795E+02  5.3320E-02 -1.2289E-03
  1.0809E+02  5.3197E-02 -1.2278E-03
  1.0823E+02  5.3071E-02 -1.2266E-03
  1.0838E+02  5.2944E-02 -1.2255E-03
  1.0852E+02  5.2816E-02 -1.2244E-03
  1.0866E+02  5.2689E-02 -1.2234E-03
  1.0880E+02  5.2563E-02 -1.2224E-03
  1.0895E+02  5.2441E-02 -1.2214E-03
  1.0909E+02  5.2323E-02 -1.2205E-03
  1.0923E+02  5.2210E-02 -1.2196E-03
  1.0937E+02  5.2103E-02 -1.2187E-03
  1.0952E+02  5.2002E-02 -1.2179E-03
  1.0966E+02  5.1910E-02 -1.2170E-03
  1.0980E+02  5.1826E-02 -1.2163E-03
  1.0994E+02  5.1751E-02 -1.2155E-03
  1.1009E+02  5.1685E-02 -1.2148E-03
  1.1023E+02  5.1629E-02 -1.2141E-03
  1.1037E+02  5.1584E-02 -1.2134E-03
  1.1051E+02  5.1548E-02 -1.2128E-03
  1.1066E+02  5.1523E-02 -1.2122E-03
  1.1080E+02  5.1509E-02 -1.2116E-03
  1.1094E+02  5.1504E-02 -1.2110E-03
  1.1109E+02  5.1510E-02 -1.2104E-03
  1.1123E+02  5.1526E-02 -1.2099E-03
  1.1137E+02  5.1550E-02 -1.2094E-03
  1.1151E+02  5.1584E-02 -1.2089E-03
  1.1166E+02  5.1626E-02 -1.2085E-03
  1.1180E+02  5.1676E-02 -1.2080E-03
  1.1194E+02  5.1733E-02 -1.2077E-03
  1.1208E+02  5.1796E-02 -1.2073E-03
  1.1223E+02  5.1865E-02 -1.2070E-03
  1.1237E+02  5.1939E-02 -1.2067E-03
  1.1251E+02  5.2016E-02 -1.2064E-03
  1.1265E+02  5.2097E-02 -1.2062E-03
  1.1280E+02  5.2180E-02 -1.2060E-03
  1.1294E+02  5.2264E-02 -1.2058E-03
  1.1308E+02  5.2349E-02 -1.2057E-03
  1.1322E+02  5.2433E-02 -1.2057E-03
  1.1337E+02  5.2516E-02 -1.2057E-03
  1.1351E+02  5.2597E-02 -1.2057E-03
  1.1365E+02  5.2674E-02 -1.2058E-03
  1.1379E+02  5.2747E-02 -1.2059E-03
  1.1394E+02  5.2816E-02 -1.2061E-03
  1.1408E+02  5.2879E-02 -1.2064E-03
  1.1422E+02  5.2937E-02 -1.2067E-03
  1.1437E+02  5.2987E-02 -1.2071E-03
  1.1451E+02  5.3031E-02 -1.2075E-03
  1.1465E+02  5.3067E-02 -1.2080E-03
  1.1479E+02  5.3096E-02 -1.2085E-03
  1.1494E+02  5.3116E-02 -1.2091E-03
  1.1508E+02  5.3127E-02 -1.2097E-03
  1.1522E+02  5.3131E-02 -1.2103E-03
  1.1536E+02  5.3125E-02 -1.2111E-03
  1.1551E+02  5.3112E-02 -1.2118E-03
  1.1565E+02  5.3090E-02 -1.2127E-03
  1.1579E+02  5.3059E-02 -1.2136E-03
  1.1593E+02  5.3022E-02 -1.2145E-03
  1.1608E+02  5.2977E-02 -1.2155E-03
  1.1622E+02  5.2925E-02 -1.2166E-03
  1.1636E+02  5.2866E-02 -1.2176E-03
  1.1650E+02  5.2802E-02 -1.2188E-03
  1.1665E+02  5.2732E-02 -1.2200E-03
  1.1679E+02  5.2658E-02 -1.2212E-03
  1.1693E+02  5.2580E-02 -1.2224E-03
  1.1707E+02  5.2499E-02 -1.2236E-03
  1.1722E+02  5.2416E-02 -1.2248E-03
  1.1736E+02  5.2332E-02 -1.2260E-03
  1.1750E+02  5.2248E-02 -1.2274E-03
  1.1764E+02  5.2164E-02 -1.2287E-03
  1.1779E+02  5.2081E-02 -1.2301E-03
  1.1793E+02  5.2000E-02 -1.2314E-03
  1.1807E+02  5.1921E-02 -1.2327E-03
  1.1822E+02  5.1846E-02 -1.2339E-03
  1.1836E+02  5.1774E-02 -1.2352E-03
  1.1850E+02  5.1707E-02 -1.2365E-03
  1.1864E+02  5.1646E-02 -1.2378E-03
  1.1879E+02  5.1590E-02 -1.2392E-03
  1.1893E+02  5.1541E-02 -1.2407E-03
  1.1907E+02  5.1498E-02 -1.2422E-03
  1.1921E+02  5.1462E-02 -1.2438E-03
  1.1936E+02  5.1432E-02 -1.2454E-03
  1.1950E+02  5.1409E-02 -1.2470E-03
  1.1964E+02  5.1394E-02 -1.2487E-03
  1.1978E+02  5.1384E-02 -1.2504E-03
  1.1993E+02  5.1382E-02 -1.2521E-03
  1.2007E+02  5.1386E-02 -1.2539E-03
  1.2021E+02  5.1396E-02 -1.2558E-03
  1.2035E+02  5.1412E-02 -1.2578E-03
  1.2050E+02  5.1435E-02 -1.2600E-03
  1.2064E+02  5.1463E-02 -1.2622E-03
  1.2078E+02  5.1496E-02 -1.2644E-03
  1.2092E+02  5.1534E-02 -1.2667E-03
  1.2107E+02  5.1576E-02 -1.2689E-03
  1.2121E+02  5.1621E-02 -1.2712E-03
  1.2135E+02  5.1669E-02 -1.2736E-03
  1.2150E+02  5.1718E-02 -1.2759E-03
  1.2164E+02  5.1769E-02 -1.2782E-03
  1.2178E+02  5.1822E-02 -1.2805E-03
  1.2192E+02  5.1876E-02 -1.2827E-03
  1.2207E+02  5.1932E-02 -1.2849E-03
  1.2221E+02  5.1989E-02 -1.2872E-03
  1.2235E+02  5.2046E-02 -1.2896E-03
  1.2249E+02  5.2103E-02 -1.2920E-03
  1.2264E+02  5.2159E-02 -1.2944E-03
  1.2278E+02  5.2214E-02 -1.2968E-03
  1.2292E+02  5.2266E-02 -1.2991E-03
  1.2306E+02  5.2317E-02 -1.3013E-03
  1.2321E+02  5.2365E-02 -1.3034E-03
  1.2335E+02  5.2411E-02 -1.3055E-03
  1.2349E+02  5.2455E-02 -1.3076E-03
  1.2363E+02  5.2497E-02 -1.3098E-03
  1.2378E+02  5.2536E-02 -1.3120E-03
  1.2392E+02  5.2573E-02 -1.3144E-03
  1.2406E+02  5.2607E-02 -1.3168E-03
  1.2420E+02  5.2638E-02 -1.3192E-03
  1.2435E+02  5.2664E-02 -1.3217E-03
  1.2449E+02  5.2687E-02 -1.3241E-03
  1.2463E+02  5.2706E-02 -1.3265E-03
  1.2477E+02  5.2721E-02 -1.3288E-03
  1.2492E+02  5.2731E-02 -1.3311E-03
  1.2506E+02  5.2737E-02 -1.3333E-03
  1.2520E+02  5.2740E-02 -1.3355E-03
  1.2535E+02  5.2739E-02 -1.3378E-03
  1.2549E+02  5.2735E-02 -1.3402E-03
  1.2563E+02  5.2729E-02 -1.3426E-03
  1.2577E+02  5.2721E-02 -1.3451E-03
  1.2592E+02  5.2712E-02 -1.3477E-03
  1.2606E+02  5.2701E-02 -1.3502E-03
  1.2620E+02  5.2689E-02 -1.3527E-03
  1.2634E+02  5.2674E-02 -1.3551E-03
  1.2649E+02  5.2659E-02 -1.3574E-03
  1.2663E+02  5.2642E-02 -1.3597E-03
  1.2677E+02  5.2624E-02 -1.3619E-03
  1.2691E+02  5.2606E-02 -1.3640E-03
  1.2706E+02  5.2590E-02 -1.3661E-03
  1.2720E+02  5.2575E-02 -1.3682E-03
  1.2734E+02  5.2563E-02 -1.3704E-03
  1.2748E+02  5.2556E-02 -1.3726E-03
  1.2763E+02  5.2552E-02 -1.3750E-03
  1.2777E+02  5.2552E-02 -1.3775E-03
  1.2791E+02  5.2555E-02 -1.3801E-03
  1.2805E+02  5.2561E-02 -1.3827E-03
  1.2820E+02  5.2570E-02 -1.3852E-03
  1.2834E+02  5.2580E-02 -1.3876E-03
  1.2848E+02  5.2593E-02 -1.3899E-03
  1.2863E+02  5.2610E-02 -1.3921E-03
  1.2877E+02  5.2629E-02 -1.3942E-03
  1.2891E+02  5.2653E-02 -1.3964E-03
  1.2905E+02  5.2680E-02 -1.3988E-03
  1.2920E+02  5.2712E-02 -1.4013E-03
  1.2934E+02  5.2747E-02 -1.4039E-03
  1.2948E+02  5.2785E-02 -1.4067E-03
  1.2962E+02  5.2825E-02 -1.4095E-03
  1.2977E+02  5.2866E-02 -1.4123E-03
  1.2991E+02  5.2908E-02 -1.4151E-03
  1.3005E+02  5.2949E-02 -1.4178E-03
  1.3019E+02  5.2990E-02 -1.4205E-03
  1.3034E+02  5.3030E-02 -1.4231E-03
  1.3048E+02  5.3069E-02 -1.4257E-03
  1.3062E+02  5.3106E-02 -1.4282E-03
  1.3076E+02  5.3143E-02 -1.4308E-03
  1.3091E+02  5.3178E-02 -1.4334E-03
  1.3105E+02  5.3212E-02 -1.4361E-03
  1.3119E+02  5.3245E-02 -1.4389E-03
  1.3133E+02  5.3276E-02 -1.4417E-03
  1.3148E+02  5.3305E-02 -1.4445E-03
  1.3162E+02  5.3333E-02 -1.4475E-03
  1.3176E+02  5.3359E-02 -1.4504E-03
  1.3190E+02  5.3382E-02 -1.4533E-03
  1.3205E+02  5.3402E-02 -1.4561E-03
  1.3219E+02  5.3418E-02 -1.4587E-03
  1.3233E+02  5.3431E-02 -1.4613E-03
  1.3248E+02  5.3440E-02 -1.4637E-03
  1.3262E+02  5.3446E-02 -1.4660E-03
  1.3276E+02  5.3450E-02 -1.4682E-03
  1.3290E+02  5.3452E-02 -1.4704E-03
  1.3305E+02  5.3453E-02 -1.4726E-03
  1.3319E+02  5.3453E-02 -1.4749E-03
  1.3333E+02  5.3453E-02 -1.4773E-03
  1.3347E+02  5.3452E-02 -1.4798E-03
  1.3362E+02  5.3450E-02 -1.4824E-03
  1.3376E+02  5.3446E-02 -1.4849E-03
  1.3390E+02  5.3439E-02 -1.4874E-03
  1.3404E+02  5.3430E-02 -1.4898E-03
  1.3419E+02  5.3417E-02 -1.4919E-03
  1.3433E+02  5.3401E-02 -1.4939E-03
  1.3447E+02  5.3381E-02 -1.4956E-03
  1.3461E+02  5.3360E-02 -1.4973E-03
  1.3476E+02  5.3336E-02 -1.4989E-03
  1.3490E+02  5.3312E-02 -1.5005E-03
  1.3504E+02  5.3286E-02 -1.5022E-03
  1.3518E+02  5.3261E-02 -1.5040E-03
  1.3533E+02  5.3234E-02 -1.5059E-03
  1.3547E+02  5.3207E-02 -1.5079E-03
  1.3561E+02  5.3180E-02 -1.5099E-03
  1.3576E+02  5.3150E-02 -1.5119E-03
  1.3590E+02  5.3120E-02 -1.5138E-03
  1.3604E+02  5.3088E-02 -1.5157E-03
  1.3618E+02  5.3054E-02 -1.5174E-03
  1.3633E+02  5.3020E-02 -1.5191E-03
  1.3647E+02  5.2986E-02 -1.5207E-03
  1.3661E+02  5.2951E-02 -1.5222E-03
  1.3675E+02  5.2918E-02 -1.5238E-03
  1.3690E+02  5.2887E-02 -1.5254E-03
  1.3704E+02  5.2859E-02 -1.5270E-03
  1.3718E+02  5.2833E-02 -1.5286E-03
  1.3732E+02  5.2810E-02 -1.5303E-03
  1.3747E+02  5.2792E-02 -1.5320E-03
  1.3761E+02  5.2777E-02 -1.5337E-03
  1.3775E+02  5.2767E-02 -1.5355E-03
  1.3789E+02  5.2761E-02 -1.5373E-03
  1.3804E+02  5.2759E-02 -1.5390E-03
  1.3818E+02  5.2762E-02 -1.5407E-03
  1.3832E+02  5.2769E-02 -1.5423E-03
  1.3846E+02  5.2781E-02 -1.5438E-03
  1.3861E+02  5.2797E-02 -1.5453E-03
  1.3875E+02  5.2818E-02 -1.5468E-03
  1.3889E+02  5.2845E-02 -1.5483E-03
  1.3903E+02  5.2876E-02 -1.5498E-03
  1.3918E+02  5.2911E-02 -1.5514E-03
  1.3932E+02  5.2952E-02 -1.5530E-03
  1.3946E+02  5.2997E-02 -1.5547E-03
  1.3961E+02  5.3046E-02 -1.5564E-03
  1.3975E+02  5.3099E-02 -1.5582E-03
  1.3989E+02  5.3155E-02 -1.5601E-03
  1.4003E+02  5.3213E-02 -1.5620E-03
  1.4018E+02  5.3274E-02 -1.5640E-03
  1.4032E+02  5.3336E-02 -1.5661E-03
  1.4046E+02  5.3399E-02 -1.5681E-03
  1.4060E+02  5.3462E-02 -1.5701E-03
  1.4075E+02  5.3525E-02 -1.5721E-03
  1.4089E+02  5.3587E-02 -1.5740E-03
  1.4103E+02  5.3649E-02 -1.5759E-03
  1.4117E+02  5.3709E-02 -1.5778E-03
  1.4132E+02  5.3768E-02 -1.5796E-03
  1.4146E+02  5.3826E-02 -1.5815E-03
  1.4160E+02  5.3882E-02 -1.5833E-03
  1.4174E+02  5.3937E-02 -1.5852E-03
  1.4189E+02  5.3991E-02 -1.5870E-03
  1.4203E+02  5.4043E-02 -1.5889E-03
  1.4217E+02  5.4094E-02 -1.5907E-03
  1.4231E+02  5.4142E-02 -1.5925E-03
  1.4246E+02  5.4189E-02 -1.5942E-03
  1.4260E+02  5.4234E-02 -1.5959E-03
  1.4274E+02  5.4277E-02 -1.5975E-03
  1.4289E+02  5.4317E-02 -1.5991E-03
  1.4303E+02  5.4356E-02 -1.6006E-03
  1.4317E+02  5.4392E-02 -1.6021E-03
  1.4331E+02  5.4426E-02 -1.6034E-03
  1.4346E+02  5.4458E-02 -1.6047E-03
  1.4360E+02  5.4488E-02 -1.6060E-03
  1.4374E+02  5.4515E-02 -1.6072E-03
  1.4388E+02  5.4540E-02 -1.6084E-03
  1.4403E+02  5.4564E-02 -1.6095E-03
  1.4417E+02  5.4585E-02 -1.6107E-03
  1.4431E+02  5.4603E-02 -1.6119E-03
  1.4445E+02  5.4620E-02 -1.6130E-03
  1.4460E+02  5.4634E-02 -1.6142E-03
  1.4474E+02  5.4645E-02 -1.6153E-03
  1.4488E+02  5.4654E-02 -1.6164E-03
  1.4502E+02  5.4659E-02 -1.6175E-03
  1.4517E+02  5.4661E-02 -1.6186E-03
  1.4531E+02  5.4659E-02 -1.6196E-03
  1.4545E+02  5.4653E-02 -1.6207E-03
  1.4559E+02  5.4643E-02 -1.6217E-03
  1.4574E+02  5.4629E-02 -1.6227E-03
  1.4588E+02  5.4610E-02 -1.6238E-03
  1.4602E+02  5.4587E-02 -1.6248E-03
  1.4616E+02  5.4559E-02 -1.6257E-03
  1.4631E+02  5.4527E-02 -1.6266E-03
  1.4645E+02  5.4491E-02 -1.6275E-03
  1.4659E+02  5.4450E-02 -1.6283E-03
  1.4674E+02  5.4406E-02 -1.6292E-03
  1.4688E+02  5.4359E-02 -1.6300E-03
  1.4702E+02  5.4308E-02 -1.6308E-03
  1.4716E+02  5.4255E-02 -1.6317E-03
  1.4731E+02  5.4199E-02 -1.6326E-03
  1.4745E+02  5.4141E-02 -1.6335E-03
  1.4759E+02  5.4081E-02 -1.6345E-03
  1.4773E+02  5.4019E-02 -1.6354E-03
  1.4788E+02  5.3956E-02 -1.6362E-03
  1.4802E+02  5.3892E-02 -1.6370E-03
  1.4816E+02  5.3828E-02 -1.6377E-03
  1.4830E+02  5.3765E-02 -1.6385E-03
  1.4845E+02  5.3703E-02 -1.6392E-03
  1.4859E+02  5.3643E-02 -1.6399E-03
  1.4873E+02  5.3585E-02 -1.6406E-03
  1.4887E+02  5.3531E-02 -1.6415E-03
  1.4902E+02  5.3481E-02 -1.6424E-03
  1.4916E+02  5.3435E-02 -1.6433E-03
  1.4930E+02  5.3393E-02 -1.6443E-03
  1.4944E+02  5.3356E-02 -1.6453E-03
  1.4959E+02  5.3324E-02 -1.6463E-03
  1.4973E+02  5.3296E-02 -1.6472E-03
  1.4987E+02  5.3273E-02 -1.6482E-03
  1.5002E+02  5.3256E-02 -1.6491E-03
  1.5016E+02  5.3243E-02 -1.6500E-03
  1.5030E+02  5.3236E-02 -1.6509E-03
  1.5044E+02  5.3233E-02 -1.6519E-03
  1.5059E+02  5.3236E-02 -1.6528E-03
  1.5073E+02  5.3243E-02 -1.6538E-03
  1.5087E+02  5.3255E-02 -1.6548E-03
  1.5101E+02  5.3271E-02 -1.6559E-03
  1.5116E+02  5.3291E-02 -1.6570E-03
  1.5130E+02  5.3314E-02 -1.6581E-03
  1.5144E+02  5.3340E-02 -1.6592E-03
  1.5158E+02  5.3369E-02 -1.6603E-03
  1.5173E+02  5.3400E-02 -1.6614E-03
  1.5187E+02  5.3433E-02 -1.6625E-03
  1.5201E+02  5.3467E-02 -1.6636E-03
  1.5215E+02  5.3502E-02 -1.6647E-03
  1.5230E+02  5.3538E-02 -1.6658E-03
  1.5244E+02  5.3574E-02 -1.6670E-03
  1.5258E+02  5.3610E-02 -1.6682E-03
  1.5272E+02  5.3647E-02 -1.6694E-03
  1.5287E+02  5.3683E-02 -1.6706E-03
  1.5301E+02  5.3718E-02 -1.6717E-03
  1.5315E+02  5.3753E-02 -1.6729E-03
  1.5329E+02  5.3787E-02 -1.6740E-03
  1.5344E+02  5.3820E-02 -1.6751E-03
  1.5358E+02  5.3853E-02 -1.6761E-03
  1.5372E+02  5.3885E-02 -1.6771E-03
  1.5387E+02  5.3916E-02 -1.6782E-03
  1.5401E+02  5.3948E-02 -1.6792E-03
  1.5415E+02  5.3979E-02 -1.6802E-03
  1.5429E+02  5.4010E-02 -1.6812E-03
  1.5444E+02  5.4042E-02 -1.6822E-03
  1.5458E+02  5.4074E-02 -1.6832E-03
  1.5472E+02  5.4107E-02 -1.6842E-03
  1.5486E+02  5.4140E-02 -1.6853E-03
  1.5501E+02  5.4173E-02 -1.6864E-03
  1.5515E+02  5.4207E-02 -1.6875E-03
  1.5529E+02  5.4241E-02 -1.6887E-03
  1.5543E+02  5.4276E-02 -1.6898E-03
  1.5558E+02  5.4310E-02 -1.6910E-03
  1.5572E+02  5.4343E-02 -1.6922E-03
  1.5586E+02  5.4376E-02 -1.6933E-03
  1.5600E+02  5.4407E-02 -1.6944E-03
  1.5615E+02  5.4438E-02 -1.6954E-03
  1.5629E+02  5.4466E-02 -1.6965E-03
  1.5643E+02  5.4493E-02 -1.6975E-03
  1.5657E+02  5.4517E-02 -1.6986E-03
  1.5672E+02  5.4539E-02 -1.6997E-03
  1.5686E+02  5.4559E-02 -1.7008E-03
  1.5700E+02  5.4575E-02 -1.7019E-03
  1.5715E+02  5.4588E-02 -1.7030E-03
  1.5729E+02  5.4597E-02 -1.7042E-03
  1.5743E+02  5.4602E-02 -1.7054E-03
  1.5757E+02  5.4602E-02 -1.7066E-03
  1.5772E+02  5.4598E-02 -1.7077E-03
  1.5786E+02  5.4590E-02 -1.7089E-03
  1.5800E+02  5.4576E-02 -1.7101E-03
  1.5814E+02  5.4557E-02 -1.7113E-03
  1.5829E+02  5.4532E-02 -1.7124E-03
  1.5843E+02  5.4503E-02 -1.7136E-03
  1.5857E+02  5.4468E-02 -1.7147E-03
  1.5871E+02  5.4428E-02 -1.7158E-03
  1.5886E+02  5.4384E-02 -1.7168E-03
  1.5900E+02  5.4335E-02 -1.7179E-03
  1.5914E+02  5.4282E-02 -1.7190E-03
  1.5928E+02  5.4225E-02 -1.7201E-03
  1.5943E+02  5.4165E-02 -1.7212E-03
  1.5957E+02  5.4103E-02 -1.7223E-03
  1.5971E+02  5.4039E-02 -1.7234E-03
  1.5985E+02  5.3973E-02 -1.7246E-03
  1.6000E+02  5.3907E-02 -1.7258E-03
  1.6014E+02  5.3841E-02 -1.7270E-03
  1.6028E+02  5.3775E-02 -1.7283E-03
  1.6042E+02  5.3711E-02 -1.7296E-03
  1.6057E+02  5.3648E-02 -1.7310E-03
  1.6071E+02  5.3588E-02 -1.7323E-03
  1.6085E+02  5.3532E-02 -1.7337E-03
  1.6100E+02  5.3479E-02 -1.7352E-03
  1.6114E+02  5.3430E-02 -1.7366E-03
  1.6128E+02  5.3385E-02 -1.7380E-03
  1.6142E+02  5.3346E-02 -1.7394E-03
  1.6157E+02  5.3313E-02 -1.7408E-03
  1.6171E+02  5.3285E-02 -1.7422E-03
  1.6185E+02  5.3262E-02 -1.7436E-03
  1.6199E+02  5.3247E-02 -1.7450E-03
  1.6214E+02  5.3237E-02 -1.7464E-03
  1.6228E+02  5.3234E-02 -1.7478E-03
  1.6242E+02  5.3236E-02 -1.7492E-03
  1.6256E+02  5.3245E-02 -1.7506E-03
  1.6271E+02  5.3259E-02 -1.7520E-03
  1.6285E+02  5.3279E-02 -1.7533E-03
  1.6299E+02  5.3305E-02 -1.7546E-03
  1.6313E+02  5.3335E-02 -1.7558E-03
  1.6328E+02  5.3369E-02 -1.7570E-03
  1.6342E+02  5.3408E-02 -1.7582E-03
  1.6356E+02  5.3450E-02 -1.7594E-03
  1.6370E+02  5.3494E-02 -1.7606E-03
  1.6385E+02  5.3541E-02 -1.7618E-03
  1.6399E+02  5.3590E-02 -1.7631E-03
  1.6413E+02  5.3640E-02 -1.7644E-03
  1.6428E+02  5.3690E-02 -1.7658E-03
  1.6442E+02  5.3740E-02 -1.7671E-03
  1.6456E+02  5.3788E-02 -1.7685E-03
  1.6470E+02  5.3835E-02 -1.7699E-03
  1.6485E+02  5.3880E-02 -1.7713E-03
  1.6499E+02  5.3923E-02 -1.7726E-03
  1.6513E+02  5.3962E-02 -1.7739E-03
  1.6527E+02  5.3999E-02 -1.7752E-03
  1.6542E+02  5.4033E-02 -1.7764E-03
  1.6556E+02  5.4064E-02 -1.7777E-03
  1.6570E+02  5.4091E-02 -1.7789E-03
  1.6584E+02  5.4116E-02 -1.7802E-03
  1.6599E+02  5.4139E-02 -1.7815E-03
  1.6613E+02  5.4158E-02 -1.7828E-03
  1.6627E+02  5.4176E-02 -1.7842E-03
  1.6641E+02  5.4191E-02 -1.7855E-03
  1.6656E+02  5.4205E-02 -1.7869E-03
  1.6670E+02  5.4217E-02 -1.7882E-03
  1.6684E+02  5.4228E-02 -1.7896E-03
  1.6698E+02  5.4238E-02 -1.7909E-03
  1.6713E+02  5.4247E-02 -1.7923E-03
  1.6727E+02  5.4256E-02 -1.7936E-03
  1.6741E+02  5.4266E-02 -1.7948E-03
  1.6755E+02  5.4276E-02 -1.7961E-03
  1.6770E+02  5.4286E-02 -1.7974E-03
  1.6784E+02  5.4298E-02 -1.7986E-03
  1.6798E+02  5.4310E-02 -1.7998E-03
  1.6813E+02  5.4324E-02 -1.8011E-03
  1.6827E+02  5.4339E-02 -1.8023E-03
  1.6841E+02  5.4355E-02 -1.8035E-03
  1.6855E+02  5.4372E-02 -1.8048E-03
  1.6870E+02  5.4390E-02 -1.8060E-03
  1.6884E+02  5.4408E-02 -1.8073E-03
  1.6898E+02  5.4427E-02 -1.8085E-03
  1.6912E+02  5.4445E-02 -1.8098E-03
  1.6927E+02  5.4463E-02 -1.8111E-03
  1.6941E+02  5.4480E-02 -1.8123E-03
  1.6955E+02  5.4495E-02 -1.8136E-03
  1.6969E+02  5.4508E-02 -1.8148E-03
  1.6984E+02  5.4519E-02 -1.8160E-03
  1.6998E+02  5.4527E-02 -1.8173E-03
  1.7012E+02  5.4531E-02 -1.8185E-03
  1.7026E+02  5.4532E-02 -1.8198E-03
  1.7041E+02  5.4530E-02 -1.8211E-03
  1.7055E+02  5.4522E-02 -1.8224E-03
  1.7069E+02  5.4511E-02 -1.8238E-03
  1.7083E+02  5.4494E-02 -1.8251E-03
  1.7098E+02  5.4473E-02 -1.8265E-03
  1.7112E+02  5.4446E-02 -1.8278E-03
  1.7126E+02  5.4415E-02 -1.8292E-03
  1.7141E+02  5.4378E-02 -1.8304E-03
  1.7155E+02  5.4336E-02 -1.8317E-03
  1.7169E+02  5.4289E-02 -1.8330E-03
  1.7183E+02  5.4238E-02 -1.8342E-03
  1.7198E+02  5.4182E-02 -1.8355E-03
  1.7212E+02  5.4123E-02 -1.8368E-03
  1.7226E+02  5.4061E-02 -1.8382E-03
  1.7240E+02  5.3995E-02 -1.8395E-03
  1.7255E+02  5.3927E-02 -1.8409E-03
  1.7269E+02  5.3858E-02 -1.8423E-03
  1.7283E+02  5.3787E-02 -1.8437E-03
  1.7297E+02  5.3715E-02 -1.8451E-03
  1.7312E+02  5.3644E-02 -1.8464E-03
  1.7326E+02  5.3573E-02 -1.8477E-03
  1.7340E+02  5.3503E-02 -1.8489E-03
  1.7354E+02  5.3436E-02 -1.8502E-03
  1.7369E+02  5.3372E-02 -1.8514E-03
  1.7383E+02  5.3312E-02 -1.8526E-03
  1.7397E+02  5.3255E-02 -1.8539E-03
  1.7411E+02  5.3204E-02 -1.8552E-03
  1.7426E+02  5.3158E-02 -1.8565E-03
  1.7440E+02  5.3118E-02 -1.8579E-03
  1.7454E+02  5.3084E-02 -1.8592E-03
  1.7469E+02  5.3056E-02 -1.8606E-03
  1.7483E+02  5.3036E-02 -1.8619E-03
  1.7497E+02  5.3023E-02 -1.8632E-03
  1.7511E+02  5.3016E-02 -1.8645E-03
  1.7526E+02  5.3018E-02 -1.8658E-03
  1.7540E+02  5.3026E-02 -1.8671E-03
  1.7554E+02  5.3042E-02 -1.8683E-03
  1.7568E+02  5.3065E-02 -1.8696E-03
  1.7583E+02  5.3094E-02 -1.8710E-03
  1.7597E+02  5.3130E-02 -1.8723E-03
  1.7611E+02  5.3172E-02 -1.8737E-03
  1.7625E+02  5.3220E-02 -1.8751E-03
  1.7640E+02  5.3272E-02 -1.8765E-03
  1.7654E+02  5.3328E-02 -1.8779E-03
  1.7668E+02  5.3387E-02 -1.8794E-03
  1.7682E+02  5.3449E-02 -1.8808E-03
  1.7697E+02  5.3512E-02 -1.8823E-03
  1.7711E+02  5.3577E-02 -1.8838E-03
  1.7725E+02  5.3641E-02 -1.8852E-03
  1.7739E+02  5.3704E-02 -1.8867E-03
  1.7754E+02  5.3765E-02 -1.8882E-03
  1.7768E+02  5.3824E-02 -1.8897E-03
  1.7782E+02  5.3879E-02 -1.8912E-03
  1.7796E+02  5.3931E-02 -1.8927E-03
  1.7811E+02  5.3978E-02 -1.8942E-03
  1.7825E+02  5.4019E-02 -1.8957E-03
  1.7839E+02  5.4055E-02 -1.8972E-03
  1.7854E+02  5.4085E-02 -1.8986E-03
  1.7868E+02  5.4109E-02 -1.9001E-03
  1.7882E+02  5.4127E-02 -1.9016E-03
  1.7896E+02  5.4138E-02 -1.9030E-03
  1.7911E+02  5.4142E-02 -1.9044E-03
  1.7925E+02  5.4141E-02 -1.9059E-03
  1.7939E+02  5.4134E-02 -1.9074E-03
  1.7953E+02  5.4121E-02 -1.9088E-03
  1.7968E+02  5.4104E-02 -1.9103E-03
  1.7982E+02  5.4082E-02 -1.9117E-03
  1.7996E+02  5.4056E-02 -1.9132E-03
  1.8010E+02  5.4027E-02 -1.9146E-03
  1.8025E+02  5.3995E-02 -1.9161E-03
  1.8039E+02  5.3961E-02 -1.9175E-03
  1.8053E+02  5.3927E-02 -1.9190E-03
  1.8067E+02  5.3892E-02 -1.9204E-03
  1.8082E+02  5.3857E-02 -1.9219E-03
  1.8096E+02  5.3823E-02 -1.9233E-03
  1.8110E+02  5.3791E-02 -1.9247E-03
  1.8124E+02  5.3761E-02 -1.9262E-03
  1.8139E+02  5.3734E-02 -1.9276E-03
  1.8153E+02  5.3710E-02 -1.9290E-03
  1.8167E+02  5.3690E-02 -1.9304E-03
  1.8182E+02  5.3673E-02 -1.9319E-03
  1.8196E+02  5.3661E-02 -1.9333E-03
  1.8210E+02  5.3652E-02 -1.9347E-03
  1.8224E+02  5.3647E-02 -1.9360E-03
  1.8239E+02  5.3647E-02 -1.9373E-03
  1.8253E+02  5.3650E-02 -1.9386E-03
  1.8267E+02  5.3657E-02 -1.9398E-03
  1.8281E+02  5.3666E-02 -1.9410E-03
  1.8296E+02  5.3679E-02 -1.9422E-03
  1.8310E+02  5.3695E-02 -1.9434E-03
  1.8324E+02  5.3712E-02 -1.9445E-03
  1.8338E+02  5.3731E-02 -1.9457E-03
  1.8353E+02  5.3751E-02 -1.9468E-03
  1.8367E+02  5.3771E-02 -1.9479E-03
  1.8381E+02  5.3791E-02 -1.9490E-03
  1.8395E+02  5.3809E-02 -1.9501E-03
  1.8410E+02  5.3827E-02 -1.9511E-03
  1.8424E+02  5.3843E-02 -1.9522E-03
  1.8438E+02  5.3856E-02 -1.9532E-03
  1.8452E+02  5.3866E-02 -1.9543E-03
  1.8467E+02  5.3873E-02 -1.9553E-03
  1.8481E+02  5.3876E-02 -1.9564E-03
  1.8495E+02  5.3875E-02 -1.9574E-03
  1.8509E+02  5.3870E-02 -1.9585E-03
  1.8524E+02  5.3860E-02 -1.9596E-03
  1.8538E+02  5.3846E-02 -1.9607E-03
  1.8552E+02  5.3827E-02 -1.9618E-03
  1.8567E+02  5.3804E-02 -1.9629E-03
  1.8581E+02  5.3776E-02 -1.9641E-03
  1.8595E+02  5.3743E-02 -1.9653E-03
  1.8609E+02  5.3706E-02 -1.9665E-03
  1.8624E+02  5.3665E-02 -1.9677E-03
  1.8638E+02  5.3620E-02 -1.9689E-03
  1.8652E+02  5.3572E-02 -1.9701E-03
  1.8666E+02  5.3521E-02 -1.9713E-03
  1.8681E+02  5.3467E-02 -1.9725E-03
  1.8695E+02  5.3411E-02 -1.9738E-03
  1.8709E+02  5.3353E-02 -1.9750E-03
  1.8723E+02  5.3294E-02 -1.9763E-03
  1.8738E+02  5.3235E-02 -1.9776E-03
  1.8752E+02  5.3176E-02 -1.9790E-03
  1.8766E+02  5.3118E-02 -1.9803E-03
  1.8780E+02  5.3061E-02 -1.9816E-03
  1.8795E+02  5.3007E-02 -1.9829E-03
  1.8809E+02  5.2955E-02 -1.9843E-03
  1.8823E+02  5.2906E-02 -1.9857E-03
  1.8837E+02  5.2862E-02 -1.9871E-03
  1.8852E+02  5.2822E-02 -1.9884E-03
  1.8866E+02  5.2788E-02 -1.9898E-03
  1.8880E+02  5.2759E-02 -1.9912E-03
  1.8895E+02  5.2736E-02 -1.9926E-03
  1.8909E+02  5.2720E-02 -1.9939E-03
  1.8923E+02  5.2710E-02 -1.9953E-03
  1.8937E+02  5.2709E-02 -1.9967E-03
  1.8952E+02  5.2714E-02 -1.9980E-03
  1.8966E+02  5.2728E-02 -1.9994E-03
  1.8980E+02  5.2749E-02 -2.0008E-03
  1.8994E+02  5.2777E-02 -2.0023E-03
  1.9009E+02  5.2814E-02 -2.0037E-03
  1.9023E+02  5.2857E-02 -2.0050E-03
  1.9037E+02  5.2908E-02 -2.0064E-03
  1.9051E+02  5.2965E-02 -2.0077E-03
  1.9066E+02  5.3028E-02 -2.0090E-03
  1.9080E+02  5.3097E-02 -2.0103E-03
  1.9094E+02  5.3170E-02 -2.0116E-03
  1.9108E+02  5.3248E-02 -2.0130E-03
  1.9123E+02  5.3330E-02 -2.0143E-03
  1.9137E+02  5.3414E-02 -2.0156E-03
  1.9151E+02  5.3500E-02 -2.0169E-03
  1.9165E+02  5.3587E-02 -2.0182E-03
  1.9180E+02  5.3673E-02 -2.0194E-03
  1.9194E+02  5.3759E-02 -2.0206E-03
  1.9208E+02  5.3842E-02 -2.0218E-03
  1.9222E+02  5.3923E-02 -2.0229E-03
  1.9237E+02  5.4000E-02 -2.0240E-03
  1.9251E+02  5.4073E-02 -2.0252E-03
  1.9265E+02  5.4141E-02 -2.0263E-03
  1.9280E+02  5.4203E-02 -2.0274E-03
  1.9294E+02  5.4258E-02 -2.0285E-03
  1.9308E+02  5.4306E-02 -2.0296E-03
  1.9322E+02  5.4347E-02 -2.0306E-03
  1.9337E+02  5.4380E-02 -2.0316E-03
  1.9351E+02  5.4406E-02 -2.0325E-03
  1.9365E+02  5.4423E-02 -2.0335E-03
  1.9379E+02  5.4432E-02 -2.0344E-03
  1.9394E+02  5.4433E-02 -2.0353E-03
  1.9408E+02  5.4427E-02 -2.0362E-03
  1.9422E+02  5.4413E-02 -2.0370E-03
  1.9436E+02  5.4392E-02 -2.0379E-03
  1.9451E+02  5.4364E-02 -2.0387E-03
  1.9465E+02  5.4331E-02 -2.0395E-03
  1.9479E+02  5.4291E-02 -2.0403E-03
  1.9493E+02  5.4247E-02 -2.0411E-03
  1.9508E+02  5.4199E-02 -2.0419E-03
  1.9522E+02  5.4147E-02 -2.0427E-03
  1.9536E+02  5.4092E-02 -2.0434E-03
  1.9550E+02  5.4035E-02 -2.0442E-03
  1.9565E+02  5.3977E-02 -2.0450E-03
  1.9579E+02  5.3918E-02 -2.0457E-03
  1.9593E+02  5.3859E-02 -2.0465E-03
  1.9608E+02  5.3801E-02 -2.0473E-03
  1.9622E+02  5.3744E-02 -2.0481E-03
  1.9636E+02  5.3689E-02 -2.0489E-03
  1.9650E+02  5.3637E-02 -2.0498E-03
  1.9665E+02  5.3588E-02 -2.0507E-03
  1.9679E+02  5.3543E-02 -2.0516E-03
  1.9693E+02  5.3501E-02 -2.0525E-03
  1.9707E+02  5.3464E-02 -2.0534E-03
  1.9722E+02  5.3431E-02 -2.0544E-03
  1.9736E+02  5.3403E-02 -2.0554E-03
  1.9750E+02  5.3380E-02 -2.0564E-03
  1.9764E+02  5.3362E-02 -2.0574E-03
  1.9779E+02  5.3349E-02 -2.0584E-03
  1.9793E+02  5.3342E-02 -2.0595E-03
  1.9807E+02  5.3339E-02 -2.0606E-03
  1.9821E+02  5.3341E-02 -2.0618E-03
  1.9836E+02  5.3349E-02 -2.0630E-03
  1.9850E+02  5.3360E-02 -2.0643E-03
  1.9864E+02  5.3376E-02 -2.0656E-03
  1.9878E+02  5.3396E-02 -2.0669E-03
  1.9893E+02  5.3420E-02 -2.0682E-03
  1.9907E+02  5.3446E-02 -2.0696E-03
  1.9921E+02  5.3476E-02 -2.0709E-03
  1.9935E+02  5.3508E-02 -2.0724E-03
  1.9950E+02  5.3542E-02 -2.0738E-03
  1.9964E+02  5.3577E-02 -2.0753E-03
  1.9978E+02  5.3613E-02 -2.0769E-03
  1.9993E+02  5.3650E-02 -2.0785E-03
  2.0007E+02  5.3686E-02 -2.0801E-03
  2.0021E+02  5.3721E-02 -2.0818E-03
  2.0035E+02  5.3756E-02 -2.0835E-03
  2.0050E+02  5.3788E-02 -2.0853E-03
  2.0064E+02  5.3817E-02 -2.0870E-03
  2.0078E+02  5.3844E-02 -2.0888E-03
  2.0092E+02  5.3866E-02 -2.0906E-03
  2.0107E+02  5.3885E-02 -2.0925E-03
  2.0121E+02  5.3899E-02 -2.0943E-03
  2.0135E+02  5.3908E-02 -2.0962E-03
  2.0149E+02  5.3912E-02 -2.0981E-03
  2.0164E+02  5.3910E-02 -2.1001E-03
  2.0178E+02  5.3902E-02 -2.1020E-03
  2.0192E+02  5.3887E-02 -2.1040E-03
  2.0206E+02  5.3866E-02 -2.1059E-03
  2.0221E+02  5.3838E-02 -2.1078E-03
  2.0235E+02  5.3803E-02 -2.1097E-03
  2.0249E+02  5.3761E-02 -2.1115E-03
  2.0263E+02  5.3713E-02 -2.1134E-03
  2.0278E+02  5.3658E-02 -2.1152E-03
  2.0292E+02  5.3597E-02 -2.1169E-03
  2.0306E+02  5.3531E-02 -2.1186E-03
  2.0321E+02  5.3458E-02 -2.1203E-03
  2.0335E+02  5.3381E-02 -2.1220E-03
  2.0349E+02  5.3300E-02 -2.1236E-03
  2.0363E+02  5.3215E-02 -2.1252E-03
  2.0378E+02  5.3126E-02 -2.1267E-03
  2.0392E+02  5.3035E-02 -2.1282E-03
  2.0406E+02  5.2942E-02 -2.1296E-03
  2.0420E+02  5.2849E-02 -2.1310E-03
  2.0435E+02  5.2755E-02 -2.1323E-03
  2.0449E+02  5.2662E-02 -2.1336E-03
  2.0463E+02  5.2570E-02 -2.1348E-03
  2.0477E+02  5.2480E-02 -2.1360E-03
  2.0492E+02  5.2394E-02 -2.1371E-03
  2.0506E+02  5.2311E-02 -2.1382E-03
  2.0520E+02  5.2233E-02 -2.1393E-03
  2.0534E+02  5.2160E-02 -2.1403E-03
  2.0549E+02  5.2092E-02 -2.1413E-03
  2.0563E+02  5.2031E-02 -2.1423E-03
  2.0577E+02  5.1977E-02 -2.1432E-03
  2.0591E+02  5.1930E-02 -2.1441E-03
  2.0606E+02  5.1891E-02 -2.1450E-03
  2.0620E+02  5.1859E-02 -2.1458E-03
  2.0634E+02  5.1836E-02 -2.1467E-03
  2.0648E+02  5.1820E-02 -2.1475E-03
  2.0663E+02  5.1813E-02 -2.1482E-03
  2.0677E+02  5.1814E-02 -2.1490E-03
  2.0691E+02  5.1823E-02 -2.1498E-03
  2.0706E+02  5.1839E-02 -2.1505E-03
  2.0720E+02  5.1863E-02 -2.1512E-03
  2.0734E+02  5.1894E-02 -2.1519E-03
  2.0748E+02  5.1932E-02 -2.1526E-03
  2.0763E+02  5.1977E-02 -2.1533E-03
  2.0777E+02  5.2027E-02 -2.1540E-03
  2.0791E+02  5.2082E-02 -2.1547E-03
  2.0805E+02  5.2143E-02 -2.1554E-03
  2.0820E+02  5.2207E-02 -2.1561E-03
  2.0834E+02  5.2274E-02 -2.1568E-03
  2.0848E+02  5.2344E-02 -2.1575E-03
  2.0862E+02  5.2417E-02 -2.1583E-03
  2.0877E+02  5.2490E-02 -2.1590E-03
  2.0891E+02  5.2565E-02 -2.1598E-03
  2.0905E+02  5.2639E-02 -2.1606E-03
  2.0919E+02  5.2713E-02 -2.1614E-03
  2.0934E+02  5.2785E-02 -2.1622E-03
  2.0948E+02  5.2855E-02 -2.1630E-03
  2.0962E+02  5.2923E-02 -2.1639E-03
  2.0976E+02  5.2988E-02 -2.1648E-03
  2.0991E+02  5.3050E-02 -2.1657E-03
  2.1005E+02  5.3107E-02 -2.1667E-03
  2.1019E+02  5.3160E-02 -2.1676E-03
  2.1034E+02  5.3208E-02 -2.1687E-03
  2.1048E+02  5.3250E-02 -2.1697E-03
  2.1062E+02  5.3288E-02 -2.1708E-03
  2.1076E+02  5.3319E-02 -2.1719E-03
  2.1091E+02  5.3345E-02 -2.1730E-03
  2.1105E+02  5.3364E-02 -2.1742E-03
  2.1119E+02  5.3377E-02 -2.1754E-03
  2.1133E+02  5.3384E-02 -2.1767E-03
  2.1148E+02  5.3384E-02 -2.1780E-03
  2.1162E+02  5.3378E-02 -2.1793E-03
  2.1176E+02  5.3366E-02 -2.1806E-03
  2.1190E+02  5.3348E-02 -2.1820E-03
  2.1205E+02  5.3323E-02 -2.1834E-03
  2.1219E+02  5.3293E-02 -2.1848E-03
  2.1233E+02  5.3258E-02 -2.1862E-03
  2.1247E+02  5.3217E-02 -2.1877E-03
  2.1262E+02  5.3171E-02 -2.1892E-03
  2.1276E+02  5.3121E-02 -2.1907E-03
  2.1290E+02  5.3067E-02 -2.1922E-03
  2.1304E+02  5.3009E-02 -2.1937E-03
  2.1319E+02  5.2948E-02 -2.1953E-03
  2.1333E+02  5.2885E-02 -2.1968E-03
  2.1347E+02  5.2821E-02 -2.1984E-03
  2.1361E+02  5.2755E-02 -2.2000E-03
  2.1376E+02  5.2688E-02 -2.2016E-03
  2.1390E+02  5.2622E-02 -2.2031E-03
  2.1404E+02  5.2557E-02 -2.2047E-03
  2.1419E+02  5.2494E-02 -2.2063E-03
  2.1433E+02  5.2432E-02 -2.2079E-03
  2.1447E+02  5.2374E-02 -2.2095E-03
  2.1461E+02  5.2320E-02 -2.2110E-03
  2.1476E+02  5.2270E-02 -2.2126E-03
  2.1490E+02  5.2225E-02 -2.2142E-03
  2.1504E+02  5.2186E-02 -2.2157E-03
  2.1518E+02  5.2154E-02 -2.2173E-03
  2.1533E+02  5.2128E-02 -2.2188E-03
  2.1547E+02  5.2109E-02 -2.2203E-03
  2.1561E+02  5.2097E-02 -2.2218E-03
  2.1575E+02  5.2094E-02 -2.2233E-03
  2.1590E+02  5.2098E-02 -2.2248E-03
  2.1604E+02  5.2110E-02 -2.2263E-03
  2.1618E+02  5.2131E-02 -2.2278E-03
  2.1632E+02  5.2159E-02 -2.2293E-03
  2.1647E+02  5.2196E-02 -2.2307E-03
  2.1661E+02  5.2240E-02 -2.2322E-03
  2.1675E+02  5.2290E-02 -2.2336E-03
  2.1689E+02  5.2348E-02 -2.2351E-03
  2.1704E+02  5.2412E-02 -2.2365E-03
  2.1718E+02  5.2481E-02 -2.2379E-03
  2.1732E+02  5.2555E-02 -2.2392E-03
  2.1747E+02  5.2633E-02 -2.2406E-03
  2.1761E+02  5.2715E-02 -2.2420E-03
  2.1775E+02  5.2799E-02 -2.2433E-03
  2.1789E+02  5.2885E-02 -2.2446E-03
  2.1804E+02  5.2971E-02 -2.2459E-03
  2.1818E+02  5.3058E-02 -2.2472E-03
  2.1832E+02  5.3143E-02 -2.2484E-03
  2.1846E+02  5.3227E-02 -2.2497E-03
  2.1861E+02  5.3307E-02 -2.2509E-03
  2.1875E+02  5.3385E-02 -2.2521E-03
  2.1889E+02  5.3458E-02 -2.2533E-03
  2.1903E+02  5.3526E-02 -2.2544E-03
  2.1918E+02  5.3588E-02 -2.2556E-03
  2.1932E+02  5.3645E-02 -2.2567E-03
  2.1946E+02  5.3694E-02 -2.2578E-03
  2.1960E+02  5.3736E-02 -2.2589E-03
  2.1975E+02  5.3770E-02 -2.2600E-03
  2.1989E+02  5.3795E-02 -2.2611E-03
  2.2003E+02  5.3813E-02 -2.2621E-03
  2.2017E+02  5.3822E-02 -2.2632E-03
  2.2032E+02  5.3822E-02 -2.2643E-03
  2.2046E+02  5.3813E-02 -2.2653E-03
  2.2060E+02  5.3795E-02 -2.2664E-03
  2.2074E+02  5.3768E-02 -2.2675E-03
  2.2089E+02  5.3733E-02 -2.2685E-03
  2.2103E+02  5.3689E-02 -2.2696E-03
  2.2117E+02  5.3637E-02 -2.2707E-03
  2.2132E+02  5.3577E-02 -2.2717E-03
  2.2146E+02  5.3510E-02 -2.2728E-03
  2.2160E+02  5.3436E-02 -2.2739E-03
  2.2174E+02  5.3355E-02 -2.2750E-03
  2.2189E+02  5.3268E-02 -2.2761E-03
  2.2203E+02  5.3176E-02 -2.2772E-03
  2.2217E+02  5.3079E-02 -2.2783E-03
  2.2231E+02  5.2978E-02 -2.2795E-03
  2.2246E+02  5.2874E-02 -2.2806E-03
  2.2260E+02  5.2768E-02 -2.2818E-03
  2.2274E+02  5.2659E-02 -2.2829E-03
  2.2288E+02  5.2549E-02 -2.2841E-03
  2.2303E+02  5.2439E-02 -2.2852E-03
  2.2317E+02  5.2330E-02 -2.2864E-03
  2.2331E+02  5.2222E-02 -2.2875E-03
  2.2345E+02  5.2116E-02 -2.2887E-03
  2.2360E+02  5.2013E-02 -2.2899E-03
  2.2374E+02  5.1914E-02 -2.2911E-03
  2.2388E+02  5.1819E-02 -2.2922E-03
  2.2402E+02  5.1729E-02 -2.2934E-03
  2.2417E+02  5.1646E-02 -2.2946E-03
  2.2431E+02  5.1569E-02 -2.2958E-03
  2.2445E+02  5.1500E-02 -2.2971E-03
  2.2460E+02  5.1438E-02 -2.2983E-03
  2.2474E+02  5.1385E-02 -2.2995E-03
  2.2488E+02  5.1340E-02 -2.3008E-03
  2.2502E+02  5.1305E-02 -2.3020E-03
  2.2517E+02  5.1279E-02 -2.3033E-03
  2.2531E+02  5.1262E-02 -2.3046E-03
  2.2545E+02  5.1256E-02 -2.3060E-03
  2.2559E+02  5.1259E-02 -2.3073E-03
  2.2574E+02  5.1272E-02 -2.3087E-03
  2.2588E+02  5.1295E-02 -2.3100E-03
  2.2602E+02  5.1328E-02 -2.3114E-03
  2.2616E+02  5.1370E-02 -2.3129E-03
  2.2631E+02  5.1420E-02 -2.3143E-03
  2.2645E+02  5.1479E-02 -2.3158E-03
  2.2659E+02  5.1547E-02 -2.3173E-03
  2.2673E+02  5.1621E-02 -2.3188E-03
  2.2688E+02  5.1702E-02 -2.3203E-03
  2.2702E+02  5.1790E-02 -2.3218E-03
  2.2716E+02  5.1883E-02 -2.3234E-03
  2.2730E+02  5.1980E-02 -2.3249E-03
  2.2745E+02  5.2081E-02 -2.3265E-03
  2.2759E+02  5.2185E-02 -2.3281E-03
  2.2773E+02  5.2291E-02 -2.3297E-03
  2.2787E+02  5.2398E-02 -2.3314E-03
  2.2802E+02  5.2505E-02 -2.3330E-03
  2.2816E+02  5.2611E-02 -2.3346E-03
  2.2830E+02  5.2716E-02 -2.3363E-03
  2.2845E+02  5.2818E-02 -2.3379E-03
  2.2859E+02  5.2917E-02 -2.3396E-03
  2.2873E+02  5.3011E-02 -2.3413E-03
  2.2887E+02  5.3101E-02 -2.3430E-03
  2.2902E+02  5.3184E-02 -2.3447E-03
  2.2916E+02  5.3262E-02 -2.3463E-03
  2.2930E+02  5.3332E-02 -2.3480E-03
  2.2944E+02  5.3394E-02 -2.3497E-03
  2.2959E+02  5.3449E-02 -2.3514E-03
  2.2973E+02  5.3495E-02 -2.3531E-03
  2.2987E+02  5.3531E-02 -2.3548E-03
  2.3001E+02  5.3559E-02 -2.3565E-03
  2.3016E+02  5.3577E-02 -2.3582E-03
  2.3030E+02  5.3586E-02 -2.3599E-03
  2.3044E+02  5.3585E-02 -2.3615E-03
  2.3058E+02  5.3574E-02 -2.3632E-03
  2.3073E+02  5.3554E-02 -2.3648E-03
  2.3087E+02  5.3525E-02 -2.3665E-03
  2.3101E+02  5.3487E-02 -2.3681E-03
  2.3115E+02  5.3440E-02 -2.3697E-03
  2.3130E+02  5.3385E-02 -2.3713E-03
  2.3144E+02  5.3323E-02 -2.3729E-03
  2.3158E+02  5.3253E-02 -2.3745E-03
  2.3173E+02  5.3177E-02 -2.3761E-03
  2.3187E+02  5.3094E-02 -2.3776E-03
  2.3201E+02  5.3007E-02 -2.3791E-03
  2.3215E+02  5.2915E-02 -2.3806E-03
  2.3230E+02  5.2819E-02 -2.3821E-03
  2.3244E+02  5.2720E-02 -2.3836E-03
  2.3258E+02  5.2619E-02 -2.3850E-03
  2.3272E+02  5.2517E-02 -2.3864E-03
  2.3287E+02  5.2414E-02 -2.3878E-03
  2.3301E+02  5.2311E-02 -2.3892E-03
  2.3315E+02  5.2209E-02 -2.3906E-03
  2.3329E+02  5.2109E-02 -2.3919E-03
  2.3344E+02  5.2011E-02 -2.3932E-03
  2.3358E+02  5.1916E-02 -2.3945E-03
  2.3372E+02  5.1824E-02 -2.3957E-03
  2.3386E+02  5.1737E-02 -2.3969E-03
  2.3401E+02  5.1655E-02 -2.3981E-03
  2.3415E+02  5.1578E-02 -2.3993E-03
  2.3429E+02  5.1507E-02 -2.4005E-03
  2.3443E+02  5.1442E-02 -2.4016E-03
  2.3458E+02  5.1383E-02 -2.4027E-03
  2.3472E+02  5.1331E-02 -2.4038E-03
  2.3486E+02  5.1286E-02 -2.4048E-03
  2.3500E+02  5.1247E-02 -2.4059E-03
  2.3515E+02  5.1215E-02 -2.4069E-03
  2.3529E+02  5.1190E-02 -2.4079E-03
  2.3543E+02  5.1172E-02 -2.4089E-03
  2.3558E+02  5.1160E-02 -2.4098E-03
  2.3572E+02  5.1156E-02 -2.4108E-03
  2.3586E+02  5.1157E-02 -2.4117E-03
  2.3600E+02  5.1165E-02 -2.4127E-03
  2.3615E+02  5.1178E-02 -2.4136E-03
  2.3629E+02  5.1198E-02 -2.4145E-03
  2.3643E+02  5.1222E-02 -2.4154E-03
  2.3657E+02  5.1251E-02 -2.4164E-03
  2.3672E+02  5.1285E-02 -2.4173E-03
  2.3686E+02  5.1323E-02 -2.4182E-03
  2.3700E+02  5.1365E-02 -2.4192E-03
  2.3714E+02  5.1410E-02 -2.4201E-03
  2.3729E+02  5.1457E-02 -2.4211E-03
  2.3743E+02  5.1507E-02 -2.4220E-03
  2.3757E+02  5.1559E-02 -2.4230E-03
  2.3771E+02  5.1613E-02 -2.4240E-03
  2.3786E+02  5.1667E-02 -2.4250E-03
  2.3800E+02  5.1721E-02 -2.4260E-03
  2.3814E+02  5.1776E-02 -2.4270E-03
  2.3828E+02  5.1830E-02 -2.4280E-03
  2.3843E+02  5.1882E-02 -2.4291E-03
  2.3857E+02  5.1934E-02 -2.4301E-03
  2.3871E+02  5.1983E-02 -2.4312E-03
  2.3886E+02  5.2030E-02 -2.4323E-03
  2.3900E+02  5.2074E-02 -2.4334E-03
  2.3914E+02  5.2115E-02 -2.4345E-03
  2.3928E+02  5.2153E-02 -2.4356E-03
  2.3943E+02  5.2186E-02 -2.4367E-03
  2.3957E+02  5.2215E-02 -2.4379E-03
  2.3971E+02  5.2240E-02 -2.4390E-03
  2.3985E+02  5.2261E-02 -2.4402E-03
  2.4000E+02  5.2276E-02 -2.4414E-03
  2.4014E+02  5.2286E-02 -2.4426E-03
  2.4028E+02  5.2292E-02 -2.4438E-03
  2.4042E+02  5.2292E-02 -2.4450E-03
  2.4057E+02  5.2287E-02 -2.4463E-03
  2.4071E+02  5.2277E-02 -2.4476E-03
  2.4085E+02  5.2262E-02 -2.4489E-03
  2.4099E+02  5.2242E-02 -2.4502E-03
  2.4114E+02  5.2218E-02 -2.4516E-03
  2.4128E+02  5.2189E-02 -2.4529E-03
  2.4142E+02  5.2156E-02 -2.4543E-03
  2.4156E+02  5.2119E-02 -2.4557E-03
  2.4171E+02  5.2079E-02 -2.4571E-03
  2.4185E+02  5.2036E-02 -2.4585E-03
  2.4199E+02  5.1990E-02 -2.4600E-03
  2.4213E+02  5.1942E-02 -2.4614E-03
  2.4228E+02  5.1892E-02 -2.4629E-03
  2.4242E+02  5.1841E-02 -2.4643E-03
  2.4256E+02  5.1790E-02 -2.4658E-03
  2.4271E+02  5.1738E-02 -2.4673E-03
  2.4285E+02  5.1686E-02 -2.4688E-03
  2.4299E+02  5.1635E-02 -2.4703E-03
  2.4313E+02  5.1586E-02 -2.4718E-03
  2.4328E+02  5.1537E-02 -2.4733E-03
  2.4342E+02  5.1491E-02 -2.4748E-03
  2.4356E+02  5.1447E-02 -2.4763E-03
  2.4370E+02  5.1406E-02 -2.4778E-03
  2.4385E+02  5.1368E-02 -2.4793E-03
  2.4399E+02  5.1333E-02 -2.4808E-03
  2.4413E+02  5.1302E-02 -2.4823E-03
  2.4427E+02  5.1274E-02 -2.4838E-03
  2.4442E+02  5.1249E-02 -2.4852E-03
  2.4456E+02  5.1229E-02 -2.4867E-03
  2.4470E+02  5.1213E-02 -2.4881E-03
  2.4484E+02  5.1200E-02 -2.4896E-03
  2.4499E+02  5.1192E-02 -2.4910E-03
  2.4513E+02  5.1188E-02 -2.4924E-03
  2.4527E+02  5.1187E-02 -2.4939E-03
  2.4541E+02  5.1191E-02 -2.4953E-03
  2.4556E+02  5.1198E-02 -2.4967E-03
  2.4570E+02  5.1209E-02 -2.4982E-03
  2.4584E+02  5.1223E-02 -2.4996E-03
  2.4599E+02  5.1241E-02 -2.5010E-03
  2.4613E+02  5.1261E-02 -2.5024E-03
  2.4627E+02  5.1285E-02 -2.5038E-03
  2.4641E+02  5.1312E-02 -2.5051E-03
  2.4656E+02  5.1341E-02 -2.5065E-03
  2.4670E+02  5.1374E-02 -2.5079E-03
  2.4684E+02  5.1408E-02 -2.5093E-03
  2.4698E+02  5.1445E-02 -2.5106E-03
  2.4713E+02  5.1484E-02 -2.5120E-03
  2.4727E+02  5.1524E-02 -2.5134E-03
  2.4741E+02  5.1567E-02 -2.5147E-03
  2.4755E+02  5.1610E-02 -2.5161E-03
  2.4770E+02  5.1656E-02 -2.5175E-03
  2.4784E+02  5.1702E-02 -2.5188E-03
  2.4798E+02  5.1749E-02 -2.5202E-03
  2.4812E+02  5.1797E-02 -2.5216E-03
  2.4827E+02  5.1845E-02 -2.5229E-03
  2.4841E+02  5.1893E-02 -2.5243E-03
  2.4855E+02  5.1942E-02 -2.5257E-03
  2.4869E+02  5.1990E-02 -2.5270E-03
  2.4884E+02  5.2037E-02 -2.5284E-03
  2.4898E+02  5.2084E-02 -2.5297E-03
  2.4912E+02  5.2130E-02 -2.5311E-03
  2.4926E+02  5.2175E-02 -2.5325E-03
  2.4941E+02  5.2218E-02 -2.5339E-03
  2.4955E+02  5.2260E-02 -2.5353E-03
  2.4969E+02  5.2300E-02 -2.5367E-03
  2.4984E+02  5.2338E-02 -2.5381E-03
  2.4998E+02  5.2374E-02 -2.5395E-03
  2.5012E+02  5.2407E-02 -2.5409E-03
  2.5026E+02  5.2438E-02 -2.5423E-03
  2.5041E+02  5.2467E-02 -2.5437E-03
  2.5055E+02  5.2493E-02 -2.5452E-03
  2.5069E+02  5.2516E-02 -2.5466E-03
  2.5083E+02  5.2536E-02 -2.5480E-03
  2.5098E+02  5.2553E-02 -2.5495E-03
  2.5112E+02  5.2568E-02 -2.5509E-03
  2.5126E+02  5.2579E-02 -2.5524E-03
  2.5140E+02  5.2588E-02 -2.5538E-03
  2.5155E+02  5.2595E-02 -2.5553E-03
  2.5169E+02  5.2599E-02 -2.5567E-03
  2.5183E+02  5.2600E-02 -2.5582E-03
  2.5197E+02  5.2600E-02 -2.5596E-03
  2.5212E+02  5.2597E-02 -2.5611E-03
  2.5226E+02  5.2592E-02 -2.5625E-03
  2.5240E+02  5.2586E-02 -2.5640E-03
  2.5254E+02  5.2578E-02 -2.5654E-03
  2.5269E+02  5.2569E-02 -2.5669E-03
  2.5283E+02  5.2558E-02 -2.5683E-03
  2.5297E+02  5.2547E-02 -2.5698E-03
  2.5312E+02  5.2535E-02 -2.5712E-03
  2.5326E+02  5.2522E-02 -2.5727E-03
  2.5340E+02  5.2509E-02 -2.5741E-03
  2.5354E+02  5.2496E-02 -2.5755E-03
  2.5369E+02  5.2482E-02 -2.5769E-03
  2.5383E+02  5.2469E-02 -2.5784E-03
  2.5397E+02  5.2456E-02 -2.5798E-03
  2.5411E+02  5.2442E-02 -2.5812E-03
  2.5426E+02  5.2430E-02 -2.5826E-03
  2.5440E+02  5.2417E-02 -2.5840E-03
  2.5454E+02  5.2405E-02 -2.5854E-03
  2.5468E+02  5.2394E-02 -2.5867E-03
  2.5483E+02  5.2383E-02 -2.5881E-03
  2.5497E+02  5.2372E-02 -2.5895E-03
  2.5511E+02  5.2362E-02 -2.5909E-03
  2.5525E+02  5.2352E-02 -2.5923E-03
  2.5540E+02  5.2342E-02 -2.5937E-03
  2.5554E+02  5.2333E-02 -2.5950E-03
  2.5568E+02  5.2325E-02 -2.5964E-03
  2.5582E+02  5.2316E-02 -2.5978E-03
  2.5597E+02  5.2308E-02 -2.5992E-03
  2.5611E+02  5.2300E-02 -2.6006E-03
  2.5625E+02  5.2292E-02 -2.6020E-03
  2.5639E+02  5.2284E-02 -2.6034E-03
  2.5654E+02  5.2276E-02 -2.6048E-03
  2.5668E+02  5.2268E-02 -2.6062E-03
  2.5682E+02  5.2259E-02 -2.6076E-03
  2.5697E+02  5.2251E-02 -2.6090E-03
  2.5711E+02  5.2242E-02 -2.6104E-03
  2.5725E+02  5.2232E-02 -2.6119E-03
  2.5739E+02  5.2222E-02 -2.6133E-03
  2.5754E+02  5.2211E-02 -2.6148E-03
  2.5768E+02  5.2200E-02 -2.6162E-03
  2.5782E+02  5.2187E-02 -2.6177E-03
  2.5796E+02  5.2174E-02 -2.6191E-03
  2.5811E+02  5.2159E-02 -2.6206E-03
  2.5825E+02  5.2144E-02 -2.6221E-03
  2.5839E+02  5.2127E-02 -2.6235E-03
  2.5853E+02  5.2109E-02 -2.6250E-03
  2.5868E+02  5.2089E-02 -2.6265E-03
  2.5882E+02  5.2068E-02 -2.6279E-03
  2.5896E+02  5.2046E-02 -2.6294E-03
  2.5910E+02  5.2022E-02 -2.6309E-03
  2.5925E+02  5.1996E-02 -2.6324E-03
  2.5939E+02  5.1970E-02 -2.6338E-03
  2.5953E+02  5.1942E-02 -2.6353E-03
  2.5967E+02  5.1912E-02 -2.6368E-03
  2.5982E+02  5.1882E-02 -2.6383E-03
  2.5996E+02  5.1850E-02 -2.6397E-03
  2.6010E+02  5.1817E-02 -2.6412E-03
  2.6025E+02  5.1783E-02 -2.6426E-03
  2.6039E+02  5.1749E-02 -2.6441E-03
  2.6053E+02  5.1714E-02 -2.6456E-03
  2.6067E+02  5.1679E-02 -2.6470E-03
  2.6082E+02  5.1643E-02 -2.6485E-03
  2.6096E+02  5.1608E-02 -2.6500E-03
  2.6110E+02  5.1572E-02 -2.6514E-03
  2.6124E+02  5.1538E-02 -2.6529E-03
  2.6139E+02  5.1503E-02 -2.6543E-03
  2.6153E+02  5.1470E-02 -2.6558E-03
  2.6167E+02  5.1437E-02 -2.6572E-03
  2.6181E+02  5.1406E-02 -2.6587E-03
  2.6196E+02  5.1376E-02 -2.6601E-03
  2.6210E+02  5.1348E-02 -2.6615E-03
  2.6224E+02  5.1321E-02 -2.6629E-03
  2.6238E+02  5.1295E-02 -2.6643E-03
  2.6253E+02  5.1272E-02 -2.6657E-03
  2.6267E+02  5.1250E-02 -2.6671E-03
  2.6281E+02  5.1230E-02 -2.6685E-03
  2.6295E+02  5.1212E-02 -2.6698E-03
  2.6310E+02  5.1196E-02 -2.6712E-03
  2.6324E+02  5.1181E-02 -2.6725E-03
  2.6338E+02  5.1168E-02 -2.6738E-03
  2.6352E+02  5.1157E-02 -2.6751E-03
  2.6367E+02  5.1147E-02 -2.6763E-03
  2.6381E+02  5.1138E-02 -2.6775E-03
  2.6395E+02  5.1131E-02 -2.6788E-03
  2.6410E+02  5.1124E-02 -2.6799E-03
  2.6424E+02  5.1119E-02 -2.6811E-03
  2.6438E+02  5.1114E-02 -2.6822E-03
  2.6452E+02  5.1110E-02 -2.6834E-03
  2.6467E+02  5.1107E-02 -2.6845E-03
  2.6481E+02  5.1104E-02 -2.6855E-03
  2.6495E+02  5.1101E-02 -2.6866E-03
  2.6509E+02  5.1098E-02 -2.6876E-03
  2.6524E+02  5.1095E-02 -2.6886E-03
  2.6538E+02  5.1093E-02 -2.6896E-03
  2.6552E+02  5.1090E-02 -2.6906E-03
  2.6566E+02  5.1087E-02 -2.6916E-03
  2.6581E+02  5.1084E-02 -2.6926E-03
  2.6595E+02  5.1081E-02 -2.6936E-03
  2.6609E+02  5.1077E-02 -2.6945E-03
  2.6623E+02  5.1073E-02 -2.6955E-03
  2.6638E+02  5.1069E-02 -2.6964E-03
  2.6652E+02  5.1064E-02 -2.6974E-03
  2.6666E+02  5.1060E-02 -2.6983E-03
  2.6680E+02  5.1055E-02 -2.6993E-03
  2.6695E+02  5.1050E-02 -2.7003E-03
  2.6709E+02  5.1045E-02 -2.7012E-03
  2.6723E+02  5.1039E-02 -2.7022E-03
  2.6738E+02  5.1034E-02 -2.7032E-03
  2.6752E+02  5.1028E-02 -2.7042E-03
  2.6766E+02  5.1023E-02 -2.7052E-03
  2.6780E+02  5.1017E-02 -2.7062E-03
  2.6795E+02  5.1011E-02 -2.7073E-03
  2.6809E+02  5.1005E-02 -2.7083E-03
  2.6823E+02  5.0999E-02 -2.7094E-03
  2.6837E+02  5.0992E-02 -2.7105E-03
  2.6852E+02  5.0985E-02 -2.7116E-03
  2.6866E+02  5.0978E-02 -2.7127E-03
  2.6880E+02  5.0970E-02 -2.7138E-03
  2.6894E+02  5.0962E-02 -2.7149E-03
  2.6909E+02  5.0954E-02 -2.7161E-03
  2.6923E+02  5.0945E-02 -2.7173E-03
  2.6937E+02  5.0935E-02 -2.7185E-03
  2.6951E+02  5.0924E-02 -2.7197E-03
  2.6966E+02  5.0913E-02 -2.7209E-03
  2.6980E+02  5.0901E-02 -2.7221E-03
  2.6994E+02  5.0889E-02 -2.7234E-03
  2.7008E+02  5.0875E-02 -2.7246E-03
  2.7023E+02  5.0861E-02 -2.7259E-03
  2.7037E+02  5.0846E-02 -2.7272E-03
  2.7051E+02  5.0830E-02 -2.7285E-03
  2.7065E+02  5.0813E-02 -2.7298E-03
  2.7080E+02  5.0795E-02 -2.7311E-03
  2.7094E+02  5.0777E-02 -2.7324E-03
  2.7108E+02  5.0758E-02 -2.7338E-03
  2.7123E+02  5.0739E-02 -2.7351E-03
  2.7137E+02  5.0719E-02 -2.7365E-03
  2.7151E+02  5.0699E-02 -2.7378E-03
  2.7165E+02  5.0679E-02 -2.7392E-03
  2.7180E+02  5.0658E-02 -2.7406E-03
  2.7194E+02  5.0638E-02 -2.7419E-03
  2.7208E+02  5.0618E-02 -2.7433E-03
  2.7222E+02  5.0598E-02 -2.7447E-03
  2.7237E+02  5.0579E-02 -2.7461E-03
  2.7251E+02  5.0561E-02 -2.7474E-03
  2.7265E+02  5.0543E-02 -2.7488E-03
  2.7279E+02  5.0526E-02 -2.7502E-03
  2.7294E+02  5.0511E-02 -2.7515E-03
  2.7308E+02  5.0497E-02 -2.7529E-03
  2.7322E+02  5.0485E-02 -2.7543E-03
  2.7336E+02  5.0474E-02 -2.7556E-03
  2.7351E+02  5.0465E-02 -2.7569E-03
  2.7365E+02  5.0458E-02 -2.7583E-03
  2.7379E+02  5.0453E-02 -2.7596E-03
  2.7393E+02  5.0451E-02 -2.7609E-03
  2.7408E+02  5.0451E-02 -2.7622E-03
  2.7422E+02  5.0453E-02 -2.7635E-03
  2.7436E+02  5.0458E-02 -2.7648E-03
  2.7451E+02  5.0465E-02 -2.7661E-03
  2.7465E+02  5.0475E-02 -2.7674E-03
  2.7479E+02  5.0487E-02 -2.7686E-03
  2.7493E+02  5.0502E-02 -2.7699E-03
  2.7508E+02  5.0520E-02 -2.7711E-03
  2.7522E+02  5.0539E-02 -2.7724E-03
  2.7536E+02  5.0562E-02 -2.7736E-03
  2.7550E+02  5.0586E-02 -2.7748E-03
  2.7565E+02  5.0613E-02 -2.7761E-03
  2.7579E+02  5.0642E-02 -2.7773E-03
  2.7593E+02  5.0672E-02 -2.7785E-03
  2.7607E+02  5.0704E-02 -2.7797E-03
  2.7622E+02  5.0738E-02 -2.7810E-03
  2.7636E+02  5.0773E-02 -2.7822E-03
  2.7650E+02  5.0809E-02 -2.7834E-03
  2.7664E+02  5.0845E-02 -2.7846E-03
  2.7679E+02  5.0882E-02 -2.7859E-03
  2.7693E+02  5.0919E-02 -2.7871E-03
  2.7707E+02  5.0956E-02 -2.7884E-03
  2.7721E+02  5.0993E-02 -2.7896E-03
  2.7736E+02  5.1029E-02 -2.7909E-03
  2.7750E+02  5.1065E-02 -2.7921E-03
  2.7764E+02  5.1099E-02 -2.7934E-03
  2.7778E+02  5.1133E-02 -2.7947E-03
  2.7793E+02  5.1164E-02 -2.7960E-03
  2.7807E+02  5.1194E-02 -2.7973E-03
  2.7821E+02  5.1222E-02 -2.7986E-03
  2.7836E+02  5.1248E-02 -2.8000E-03
  2.7850E+02  5.1272E-02 -2.8013E-03
  2.7864E+02  5.1293E-02 -2.8027E-03
  2.7878E+02  5.1312E-02 -2.8040E-03
  2.7893E+02  5.1329E-02 -2.8054E-03
  2.7907E+02  5.1343E-02 -2.8068E-03
  2.7921E+02  5.1354E-02 -2.8082E-03
  2.7935E+02  5.1362E-02 -2.8096E-03
  2.7950E+02  5.1368E-02 -2.8110E-03
  2.7964E+02  5.1371E-02 -2.8124E-03
  2.7978E+02  5.1371E-02 -2.8138E-03
  2.7992E+02  5.1369E-02 -2.8152E-03
  2.8007E+02  5.1365E-02 -2.8167E-03
  2.8021E+02  5.1358E-02 -2.8181E-03
  2.8035E+02  5.1349E-02 -2.8196E-03
  2.8049E+02  5.1338E-02 -2.8211E-03
  2.8064E+02  5.1325E-02 -2.8225E-03
  2.8078E+02  5.1311E-02 -2.8240E-03
  2.8092E+02  5.1295E-02 -2.8255E-03
  2.8106E+02  5.1278E-02 -2.8270E-03
  2.8121E+02  5.1260E-02 -2.8285E-03
  2.8135E+02  5.1242E-02 -2.8300E-03
  2.8149E+02  5.1223E-02 -2.8315E-03
  2.8164E+02  5.1204E-02 -2.8330E-03
  2.8178E+02  5.1185E-02 -2.8345E-03
  2.8192E+02  5.1167E-02 -2.8361E-03
  2.8206E+02  5.1150E-02 -2.8376E-03
  2.8221E+02  5.1133E-02 -2.8391E-03
  2.8235E+02  5.1118E-02 -2.8406E-03
  2.8249E+02  5.1104E-02 -2.8422E-03
  2.8263E+02  5.1092E-02 -2.8437E-03
  2.8278E+02  5.1082E-02 -2.8452E-03
  2.8292E+02  5.1074E-02 -2.8467E-03
  2.8306E+02  5.1069E-02 -2.8482E-03
  2.8320E+02  5.1066E-02 -2.8497E-03
  2.8335E+02  5.1065E-02 -2.8512E-03
  2.8349E+02  5.1067E-02 -2.8527E-03
  2.8363E+02  5.1072E-02 -2.8542E-03
  2.8377E+02  5.1080E-02 -2.8557E-03
  2.8392E+02  5.1090E-02 -2.8572E-03
  2.8406E+02  5.1103E-02 -2.8587E-03
  2.8420E+02  5.1118E-02 -2.8601E-03
  2.8434E+02  5.1137E-02 -2.8616E-03
  2.8449E+02  5.1157E-02 -2.8630E-03
  2.8463E+02  5.1180E-02 -2.8645E-03
  2.8477E+02  5.1205E-02 -2.8659E-03
  2.8491E+02  5.1231E-02 -2.8673E-03
  2.8506E+02  5.1260E-02 -2.8688E-03
  2.8520E+02  5.1290E-02 -2.8702E-03
  2.8534E+02  5.1321E-02 -2.8716E-03
  2.8549E+02  5.1353E-02 -2.8731E-03
  2.8563E+02  5.1385E-02 -2.8745E-03
  2.8577E+02  5.1418E-02 -2.8759E-03
  2.8591E+02  5.1451E-02 -2.8774E-03
  2.8606E+02  5.1485E-02 -2.8788E-03
  2.8620E+02  5.1518E-02 -2.8803E-03
  2.8634E+02  5.1550E-02 -2.8817E-03
  2.8648E+02  5.1582E-02 -2.8832E-03
  2.8663E+02  5.1612E-02 -2.8847E-03
  2.8677E+02  5.1642E-02 -2.8861E-03
  2.8691E+02  5.1670E-02 -2.8876E-03
  2.8705E+02  5.1696E-02 -2.8891E-03
  2.8720E+02  5.1722E-02 -2.8906E-03
  2.8734E+02  5.1745E-02 -2.8922E-03
  2.8748E+02  5.1767E-02 -2.8937E-03
  2.8762E+02  5.1787E-02 -2.8952E-03
  2.8777E+02  5.1805E-02 -2.8968E-03
  2.8791E+02  5.1822E-02 -2.8983E-03
  2.8805E+02  5.1836E-02 -2.8999E-03
  2.8819E+02  5.1850E-02 -2.9015E-03
  2.8834E+02  5.1861E-02 -2.9030E-03
  2.8848E+02  5.1871E-02 -2.9046E-03
  2.8862E+02  5.1880E-02 -2.9062E-03
  2.8877E+02  5.1888E-02 -2.9078E-03
  2.8891E+02  5.1895E-02 -2.9094E-03
  2.8905E+02  5.1901E-02 -2.9110E-03
  2.8919E+02  5.1906E-02 -2.9127E-03
  2.8934E+02  5.1910E-02 -2.9143E-03
  2.8948E+02  5.1915E-02 -2.9159E-03
  2.8962E+02  5.1919E-02 -2.9175E-03
  2.8976E+02  5.1923E-02 -2.9192E-03
  2.8991E+02  5.1927E-02 -2.9208E-03
  2.9005E+02  5.1931E-02 -2.9224E-03
  2.9019E+02  5.1936E-02 -2.9241E-03
  2.9033E+02  5.1942E-02 -2.9257E-03
  2.9048E+02  5.1948E-02 -2.9274E-03
  2.9062E+02  5.1955E-02 -2.9290E-03
  2.9076E+02  5.1963E-02 -2.9307E-03
  2.9090E+02  5.1972E-02 -2.9323E-03
  2.9105E+02  5.1982E-02 -2.9340E-03
  2.9119E+02  5.1993E-02 -2.9356E-03
  2.9133E+02  5.2005E-02 -2.9373E-03
  2.9147E+02  5.2019E-02 -2.9390E-03
  2.9162E+02  5.2033E-02 -2.9406E-03
  2.9176E+02  5.2049E-02 -2.9423E-03
  2.9190E+02  5.2065E-02 -2.9439E-03
  2.9204E+02  5.2083E-02 -2.9456E-03
  2.9219E+02  5.2101E-02 -2.9473E-03
  2.9233E+02  5.2121E-02 -2.9490E-03
  2.9247E+02  5.2140E-02 -2.9506E-03
  2.9262E+02  5.2161E-02 -2.9523E-03
  2.9276E+02  5.2182E-02 -2.9540E-03
  2.9290E+02  5.2203E-02 -2.9556E-03
  2.9304E+02  5.2224E-02 -2.9573E-03
  2.9319E+02  5.2245E-02 -2.9590E-03
  2.9333E+02  5.2266E-02 -2.9607E-03
  2.9347E+02  5.2286E-02 -2.9623E-03
  2.9361E+02  5.2305E-02 -2.9640E-03
  2.9376E+02  5.2324E-02 -2.9657E-03
  2.9390E+02  5.2342E-02 -2.9673E-03
  2.9404E+02  5.2359E-02 -2.9690E-03
  2.9418E+02  5.2374E-02 -2.9706E-03
  2.9433E+02  5.2388E-02 -2.9723E-03
  2.9447E+02  5.2400E-02 -2.9739E-03
  2.9461E+02  5.2411E-02 -2.9756E-03
  2.9475E+02  5.2420E-02 -2.9772E-03
  2.9490E+02  5.2427E-02 -2.9788E-03
  2.9504E+02  5.2432E-02 -2.9804E-03
  2.9518E+02  5.2436E-02 -2.9820E-03
  2.9532E+02  5.2437E-02 -2.9836E-03
  2.9547E+02  5.2437E-02 -2.9852E-03
  2.9561E+02  5.2436E-02 -2.9867E-03
  2.9575E+02  5.2432E-02 -2.9883E-03
  2.9590E+02  5.2428E-02 -2.9898E-03
  2.9604E+02  5.2422E-02 -2.9913E-03
  2.9618E+02  5.2414E-02 -2.9928E-03
  2.9632E+02  5.2406E-02 -2.9943E-03
  2.9647E+02  5.2397E-02 -2.9958E-03
  2.9661E+02  5.2387E-02 -2.9972E-03
  2.9675E+02  5.2376E-02 -2.9986E-03
  2.9689E+02  5.2365E-02 -3.0000E-03
  2.9704E+02  5.2354E-02 -3.0014E-03
  2.9718E+02  5.2343E-02 -3.0028E-03
  2.9732E+02  5.2332E-02 -3.0041E-03
  2.9746E+02  5.2321E-02 -3.0054E-03
  2.9761E+02  5.2311E-02 -3.0067E-03
  2.9775E+02  5.2301E-02 -3.0080E-03
  2.9789E+02  5.2292E-02 -3.0092E-03
  2.9803E+02  5.2283E-02 -3.0105E-03
  2.9818E+02  5.2275E-02 -3.0117E-03
  2.9832E+02  5.2267E-02 -3.0128E-03
  2.9846E+02  5.2261E-02 -3.0140E-03
  2.9860E+02  5.2254E-02 -3.0151E-03
  2.9875E+02  5.2249E-02 -3.0162E-03
  2.9889E+02  5.2244E-02 -3.0173E-03
  2.9903E+02  5.2239E-02 -3.0184E-03
  2.9917E+02  5.2235E-02 -3.0194E-03
  2.9932E+02  5.2231E-02 -3.0204E-03
  2.9946E+02  5.2227E-02 -3.0215E-03
  2.9960E+02  5.2222E-02 -3.0224E-03
  2.9975E+02  5.2218E-02 -3.0234E-03
  2.9989E+02  5.2213E-02 -3.0244E-03
  3.0000E+02  5.2209E-02 -3.0251E-03
