# CREATED BY GENE DIAGNOSTICS TOOL on Tue Mar 16 15:35:38 2021
# diag: timetrace, run(s): 0018, time window: 0-300(2058 steps), species: ions
# original data path: /ptmp/cmor/HP_GAM_scans/LHD_surface/
# normalization: L_ref=1.65m
#
#  t          Re[phi]     Im[phi]   
  0.0000E+00  9.9998E-01  0.0000E+00
  1.4580E-01  9.9644E-01 -4.6544E-04
  2.9160E-01  9.8635E-01 -9.1530E-04
  4.3740E-01  9.7107E-01 -1.3454E-03
  5.8320E-01  9.5239E-01 -1.7597E-03
  7.2900E-01  9.3201E-01 -2.1618E-03
  8.7480E-01  9.1124E-01 -2.5528E-03
  1.0206E+00  8.9085E-01 -2.9330E-03
  1.1664E+00  8.7108E-01 -3.3031E-03
  1.3122E+00  8.5175E-01 -3.6640E-03
  1.4580E+00  8.3246E-01 -4.0165E-03
  1.6038E+00  8.1276E-01 -4.3600E-03
  1.7496E+00  7.9225E-01 -4.6933E-03
  1.8954E+00  7.7064E-01 -5.0145E-03
  2.0412E+00  7.4780E-01 -5.3216E-03
  2.1870E+00  7.2372E-01 -5.6130E-03
  2.3328E+00  6.9852E-01 -5.8875E-03
  2.4786E+00  6.7238E-01 -6.1441E-03
  2.6244E+00  6.4551E-01 -6.3825E-03
  2.7702E+00  6.1813E-01 -6.6024E-03
  2.9160E+00  5.9044E-01 -6.8038E-03
  3.0618E+00  5.6262E-01 -6.9864E-03
  3.2076E+00  5.3483E-01 -7.1500E-03
  3.3534E+00  5.0718E-01 -7.2945E-03
  3.4992E+00  4.7976E-01 -7.4196E-03
  3.6450E+00  4.5267E-01 -7.5249E-03
  3.7908E+00  4.2595E-01 -7.6102E-03
  3.9366E+00  3.9967E-01 -7.6753E-03
  4.0824E+00  3.7389E-01 -7.7200E-03
  4.2282E+00  3.4864E-01 -7.7442E-03
  4.3740E+00  3.2398E-01 -7.7480E-03
  4.5198E+00  2.9995E-01 -7.7314E-03
  4.6656E+00  2.7661E-01 -7.6947E-03
  4.8114E+00  2.5398E-01 -7.6382E-03
  4.9572E+00  2.3212E-01 -7.5621E-03
  5.1030E+00  2.1105E-01 -7.4670E-03
  5.2488E+00  1.9081E-01 -7.3533E-03
  5.3946E+00  1.7142E-01 -7.2218E-03
  5.5404E+00  1.5289E-01 -7.0730E-03
  5.6862E+00  1.3524E-01 -6.9076E-03
  5.8320E+00  1.1847E-01 -6.7266E-03
  5.9778E+00  1.0260E-01 -6.5307E-03
  6.1236E+00  8.7613E-02 -6.3208E-03
  6.2694E+00  7.3513E-02 -6.0979E-03
  6.4152E+00  6.0288E-02 -5.8630E-03
  6.5610E+00  4.7928E-02 -5.6172E-03
  6.7068E+00  3.6417E-02 -5.3614E-03
  6.8526E+00  2.5741E-02 -5.0968E-03
  6.9984E+00  1.5879E-02 -4.8244E-03
  7.1442E+00  6.8134E-03 -4.5454E-03
  7.2900E+00 -1.4791E-03 -4.2608E-03
  7.4358E+00 -9.0210E-03 -3.9718E-03
  7.5816E+00 -1.5837E-02 -3.6793E-03
  7.7274E+00 -2.1953E-02 -3.3844E-03
  7.8732E+00 -2.7395E-02 -3.0882E-03
  8.0190E+00 -3.2191E-02 -2.7918E-03
  8.1648E+00 -3.6370E-02 -2.4961E-03
  8.3106E+00 -3.9958E-02 -2.2021E-03
  8.4564E+00 -4.2985E-02 -1.9107E-03
  8.6022E+00 -4.5479E-02 -1.6228E-03
  8.7480E+00 -4.7470E-02 -1.3393E-03
  8.8938E+00 -4.8985E-02 -1.0610E-03
  9.0396E+00 -5.0054E-02 -7.8863E-04
  9.1854E+00 -5.0706E-02 -5.2298E-04
  9.3312E+00 -5.0966E-02 -2.6469E-04
  9.4770E+00 -5.0864E-02 -1.4375E-05
  9.6228E+00 -5.0426E-02  2.2739E-04
  9.7686E+00 -4.9677E-02  4.6008E-04
  9.9144E+00 -4.8644E-02  6.8320E-04
  1.0060E+01 -4.7351E-02  8.9631E-04
  1.0206E+01 -4.5823E-02  1.0990E-03
  1.0352E+01 -4.4082E-02  1.2911E-03
  1.0498E+01 -4.2151E-02  1.4722E-03
  1.0643E+01 -4.0053E-02  1.6421E-03
  1.0789E+01 -3.7806E-02  1.8008E-03
  1.0935E+01 -3.5433E-02  1.9479E-03
  1.1081E+01 -3.2950E-02  2.0834E-03
  1.1227E+01 -3.0378E-02  2.2073E-03
  1.1372E+01 -2.7732E-02  2.3195E-03
  1.1518E+01 -2.5030E-02  2.4202E-03
  1.1664E+01 -2.2287E-02  2.5094E-03
  1.1810E+01 -1.9518E-02  2.5872E-03
  1.1956E+01 -1.6737E-02  2.6538E-03
  1.2101E+01 -1.3955E-02  2.7092E-03
  1.2247E+01 -1.1186E-02  2.7537E-03
  1.2393E+01 -8.4414E-03  2.7876E-03
  1.2539E+01 -5.7308E-03  2.8110E-03
  1.2685E+01 -3.0646E-03  2.8243E-03
  1.2830E+01 -4.5193E-04  2.8279E-03
  1.2976E+01  2.0989E-03  2.8220E-03
  1.3122E+01  4.5803E-03  2.8069E-03
  1.3268E+01  6.9851E-03  2.7831E-03
  1.3414E+01  9.3072E-03  2.7510E-03
  1.3559E+01  1.1541E-02  2.7109E-03
  1.3705E+01  1.3680E-02  2.6633E-03
  1.3851E+01  1.5721E-02  2.6087E-03
  1.3997E+01  1.7659E-02  2.5475E-03
  1.4143E+01  1.9490E-02  2.4804E-03
  1.4288E+01  2.1211E-02  2.4077E-03
  1.4434E+01  2.2819E-02  2.3301E-03
  1.4580E+01  2.4311E-02  2.2483E-03
  1.4726E+01  2.5687E-02  2.1626E-03
  1.4872E+01  2.6944E-02  2.0738E-03
  1.5017E+01  2.8082E-02  1.9823E-03
  1.5163E+01  2.9097E-02  1.8889E-03
  1.5309E+01  2.9991E-02  1.7942E-03
  1.5455E+01  3.0763E-02  1.6990E-03
  1.5601E+01  3.1413E-02  1.6039E-03
  1.5746E+01  3.1941E-02  1.5095E-03
  1.5892E+01  3.2347E-02  1.4164E-03
  1.6038E+01  3.2634E-02  1.3251E-03
  1.6184E+01  3.2801E-02  1.2363E-03
  1.6330E+01  3.2850E-02  1.1507E-03
  1.6475E+01  3.2783E-02  1.0690E-03
  1.6621E+01  3.2602E-02  9.9165E-04
  1.6767E+01  3.2308E-02  9.1923E-04
  1.6913E+01  3.1906E-02  8.5214E-04
  1.7059E+01  3.1396E-02  7.9080E-04
  1.7204E+01  3.0783E-02  7.3559E-04
  1.7350E+01  3.0069E-02  6.8693E-04
  1.7496E+01  2.9259E-02  6.4521E-04
  1.7642E+01  2.8356E-02  6.1078E-04
  1.7788E+01  2.7364E-02  5.8394E-04
  1.7933E+01  2.6287E-02  5.6490E-04
  1.8079E+01  2.5129E-02  5.5379E-04
  1.8225E+01  2.3896E-02  5.5068E-04
  1.8371E+01  2.2591E-02  5.5560E-04
  1.8517E+01  2.1220E-02  5.6858E-04
  1.8662E+01  1.9789E-02  5.8963E-04
  1.8808E+01  1.8302E-02  6.1877E-04
  1.8954E+01  1.6764E-02  6.5598E-04
  1.9100E+01  1.5181E-02  7.0118E-04
  1.9246E+01  1.3558E-02  7.5424E-04
  1.9391E+01  1.1901E-02  8.1494E-04
  1.9537E+01  1.0213E-02  8.8301E-04
  1.9683E+01  8.5025E-03  9.5815E-04
  1.9829E+01  6.7736E-03  1.0400E-03
  1.9975E+01  5.0322E-03  1.1284E-03
  2.0120E+01  3.2839E-03  1.2230E-03
  2.0266E+01  1.5337E-03  1.3236E-03
  2.0412E+01 -2.1298E-04  1.4297E-03
  2.0558E+01 -1.9509E-03  1.5409E-03
  2.0704E+01 -3.6745E-03  1.6568E-03
  2.0849E+01 -5.3784E-03  1.7767E-03
  2.0995E+01 -7.0572E-03  1.9000E-03
  2.1141E+01 -8.7056E-03  2.0262E-03
  2.1287E+01 -1.0319E-02  2.1548E-03
  2.1433E+01 -1.1891E-02  2.2854E-03
  2.1578E+01 -1.3419E-02  2.4175E-03
  2.1724E+01 -1.4897E-02  2.5504E-03
  2.1870E+01 -1.6319E-02  2.6835E-03
  2.2016E+01 -1.7682E-02  2.8161E-03
  2.2162E+01 -1.8982E-02  2.9475E-03
  2.2307E+01 -2.0213E-02  3.0772E-03
  2.2453E+01 -2.1372E-02  3.2044E-03
  2.2599E+01 -2.2456E-02  3.3286E-03
  2.2745E+01 -2.3460E-02  3.4492E-03
  2.2891E+01 -2.4382E-02  3.5657E-03
  2.3036E+01 -2.5218E-02  3.6775E-03
  2.3182E+01 -2.5965E-02  3.7840E-03
  2.3328E+01 -2.6620E-02  3.8848E-03
  2.3474E+01 -2.7181E-02  3.9792E-03
  2.3620E+01 -2.7646E-02  4.0667E-03
  2.3765E+01 -2.8013E-02  4.1468E-03
  2.3911E+01 -2.8282E-02  4.2193E-03
  2.4057E+01 -2.8450E-02  4.2837E-03
  2.4203E+01 -2.8518E-02  4.3398E-03
  2.4349E+01 -2.8485E-02  4.3872E-03
  2.4494E+01 -2.8350E-02  4.4258E-03
  2.4640E+01 -2.8114E-02  4.4550E-03
  2.4786E+01 -2.7776E-02  4.4748E-03
  2.4932E+01 -2.7338E-02  4.4848E-03
  2.5078E+01 -2.6799E-02  4.4851E-03
  2.5223E+01 -2.6161E-02  4.4755E-03
  2.5369E+01 -2.5424E-02  4.4556E-03
  2.5515E+01 -2.4592E-02  4.4255E-03
  2.5661E+01 -2.3665E-02  4.3852E-03
  2.5807E+01 -2.2646E-02  4.3349E-03
  2.5952E+01 -2.1538E-02  4.2746E-03
  2.6098E+01 -2.0342E-02  4.2045E-03
  2.6244E+01 -1.9062E-02  4.1245E-03
  2.6390E+01 -1.7699E-02  4.0347E-03
  2.6536E+01 -1.6258E-02  3.9354E-03
  2.6681E+01 -1.4741E-02  3.8268E-03
  2.6827E+01 -1.3151E-02  3.7091E-03
  2.6973E+01 -1.1491E-02  3.5826E-03
  2.7119E+01 -9.7656E-03  3.4475E-03
  2.7265E+01 -7.9774E-03  3.3040E-03
  2.7410E+01 -6.1307E-03  3.1525E-03
  2.7556E+01 -4.2293E-03  2.9935E-03
  2.7702E+01 -2.2773E-03  2.8273E-03
  2.7848E+01 -2.7907E-04  2.6541E-03
  2.7994E+01  1.7612E-03  2.4744E-03
  2.8139E+01  3.8395E-03  2.2887E-03
  2.8285E+01  5.9516E-03  2.0975E-03
  2.8431E+01  8.0938E-03  1.9011E-03
  2.8577E+01  1.0262E-02  1.7000E-03
  2.8723E+01  1.2453E-02  1.4948E-03
  2.8868E+01  1.4662E-02  1.2857E-03
  2.9014E+01  1.6886E-02  1.0733E-03
  2.9160E+01  1.9121E-02  8.5793E-04
  2.9306E+01  2.1363E-02  6.4000E-04
  2.9452E+01  2.3607E-02  4.2003E-04
  2.9597E+01  2.5849E-02  1.9849E-04
  2.9743E+01  2.8085E-02 -2.4129E-05
  2.9889E+01  3.0311E-02 -2.4736E-04
  3.0035E+01  3.2523E-02 -4.7074E-04
  3.0181E+01  3.4719E-02 -6.9382E-04
  3.0326E+01  3.6895E-02 -9.1614E-04
  3.0472E+01  3.9049E-02 -1.1372E-03
  3.0618E+01  4.1177E-02 -1.3568E-03
  3.0764E+01  4.3279E-02 -1.5744E-03
  3.0910E+01  4.5350E-02 -1.7896E-03
  3.1055E+01  4.7389E-02 -2.0023E-03
  3.1201E+01  4.9392E-02 -2.2119E-03
  3.1347E+01  5.1357E-02 -2.4181E-03
  3.1493E+01  5.3280E-02 -2.6206E-03
  3.1639E+01  5.5160E-02 -2.8190E-03
  3.1784E+01  5.6993E-02 -3.0130E-03
  3.1930E+01  5.8778E-02 -3.2022E-03
  3.2076E+01  6.0513E-02 -3.3866E-03
  3.2222E+01  6.2198E-02 -3.5657E-03
  3.2368E+01  6.3831E-02 -3.7395E-03
  3.2513E+01  6.5413E-02 -3.9078E-03
  3.2659E+01  6.6941E-02 -4.0704E-03
  3.2805E+01  6.8417E-02 -4.2271E-03
  3.2951E+01  6.9840E-02 -4.3779E-03
  3.3097E+01  7.1207E-02 -4.5226E-03
  3.3242E+01  7.2519E-02 -4.6611E-03
  3.3388E+01  7.3774E-02 -4.7932E-03
  3.3534E+01  7.4971E-02 -4.9188E-03
  3.3680E+01  7.6110E-02 -5.0379E-03
  3.3826E+01  7.7191E-02 -5.1503E-03
  3.3971E+01  7.8213E-02 -5.2560E-03
  3.4117E+01  7.9177E-02 -5.3551E-03
  3.4263E+01  8.0084E-02 -5.4476E-03
  3.4409E+01  8.0937E-02 -5.5337E-03
  3.4555E+01  8.1735E-02 -5.6133E-03
  3.4700E+01  8.2481E-02 -5.6865E-03
  3.4846E+01  8.3176E-02 -5.7532E-03
  3.4992E+01  8.3820E-02 -5.8135E-03
  3.5138E+01  8.4415E-02 -5.8675E-03
  3.5284E+01  8.4961E-02 -5.9151E-03
  3.5429E+01  8.5458E-02 -5.9564E-03
  3.5575E+01  8.5906E-02 -5.9915E-03
  3.5721E+01  8.6305E-02 -6.0205E-03
  3.5867E+01  8.6656E-02 -6.0436E-03
  3.6013E+01  8.6960E-02 -6.0608E-03
  3.6158E+01  8.7218E-02 -6.0725E-03
  3.6304E+01  8.7432E-02 -6.0788E-03
  3.6450E+01  8.7604E-02 -6.0800E-03
  3.6596E+01  8.7735E-02 -6.0761E-03
  3.6742E+01  8.7828E-02 -6.0674E-03
  3.6887E+01  8.7887E-02 -6.0540E-03
  3.7033E+01  8.7913E-02 -6.0364E-03
  3.7179E+01  8.7908E-02 -6.0146E-03
  3.7325E+01  8.7873E-02 -5.9889E-03
  3.7471E+01  8.7811E-02 -5.9592E-03
  3.7616E+01  8.7721E-02 -5.9256E-03
  3.7762E+01  8.7605E-02 -5.8884E-03
  3.7908E+01  8.7464E-02 -5.8479E-03
  3.8054E+01  8.7300E-02 -5.8045E-03
  3.8200E+01  8.7111E-02 -5.7583E-03
  3.8345E+01  8.6900E-02 -5.7098E-03
  3.8491E+01  8.6668E-02 -5.6592E-03
  3.8637E+01  8.6416E-02 -5.6067E-03
  3.8783E+01  8.6147E-02 -5.5526E-03
  3.8929E+01  8.5862E-02 -5.4972E-03
  3.9074E+01  8.5562E-02 -5.4405E-03
  3.9220E+01  8.5249E-02 -5.3827E-03
  3.9366E+01  8.4925E-02 -5.3242E-03
  3.9512E+01  8.4592E-02 -5.2649E-03
  3.9658E+01  8.4252E-02 -5.2049E-03
  3.9803E+01  8.3906E-02 -5.1442E-03
  3.9949E+01  8.3555E-02 -5.0828E-03
  4.0095E+01  8.3200E-02 -5.0205E-03
  4.0241E+01  8.2839E-02 -4.9576E-03
  4.0387E+01  8.2474E-02 -4.8941E-03
  4.0532E+01  8.2104E-02 -4.8303E-03
  4.0678E+01  8.1729E-02 -4.7662E-03
  4.0824E+01  8.1349E-02 -4.7022E-03
  4.0970E+01  8.0966E-02 -4.6382E-03
  4.1116E+01  8.0578E-02 -4.5746E-03
  4.1261E+01  8.0186E-02 -4.5113E-03
  4.1407E+01  7.9790E-02 -4.4483E-03
  4.1553E+01  7.9392E-02 -4.3857E-03
  4.1699E+01  7.8993E-02 -4.3236E-03
  4.1845E+01  7.8592E-02 -4.2621E-03
  4.1990E+01  7.8192E-02 -4.2013E-03
  4.2136E+01  7.7792E-02 -4.1411E-03
  4.2282E+01  7.7393E-02 -4.0816E-03
  4.2428E+01  7.6994E-02 -4.0226E-03
  4.2574E+01  7.6598E-02 -3.9642E-03
  4.2719E+01  7.6203E-02 -3.9062E-03
  4.2865E+01  7.5811E-02 -3.8488E-03
  4.3011E+01  7.5421E-02 -3.7918E-03
  4.3157E+01  7.5034E-02 -3.7353E-03
  4.3303E+01  7.4649E-02 -3.6792E-03
  4.3448E+01  7.4266E-02 -3.6237E-03
  4.3594E+01  7.3885E-02 -3.5690E-03
  4.3740E+01  7.3505E-02 -3.5151E-03
  4.3886E+01  7.3128E-02 -3.4621E-03
  4.4032E+01  7.2751E-02 -3.4100E-03
  4.4177E+01  7.2377E-02 -3.3589E-03
  4.4323E+01  7.2003E-02 -3.3086E-03
  4.4469E+01  7.1630E-02 -3.2593E-03
  4.4615E+01  7.1257E-02 -3.2109E-03
  4.4761E+01  7.0884E-02 -3.1632E-03
  4.4906E+01  7.0510E-02 -3.1162E-03
  4.5052E+01  7.0134E-02 -3.0698E-03
  4.5198E+01  6.9757E-02 -3.0238E-03
  4.5344E+01  6.9379E-02 -2.9782E-03
  4.5490E+01  6.8999E-02 -2.9327E-03
  4.5635E+01  6.8616E-02 -2.8872E-03
  4.5781E+01  6.8231E-02 -2.8416E-03
  4.5927E+01  6.7844E-02 -2.7959E-03
  4.6073E+01  6.7454E-02 -2.7500E-03
  4.6219E+01  6.7062E-02 -2.7039E-03
  4.6364E+01  6.6667E-02 -2.6576E-03
  4.6510E+01  6.6270E-02 -2.6111E-03
  4.6656E+01  6.5870E-02 -2.5644E-03
  4.6802E+01  6.5469E-02 -2.5176E-03
  4.6948E+01  6.5065E-02 -2.4706E-03
  4.7093E+01  6.4659E-02 -2.4235E-03
  4.7239E+01  6.4250E-02 -2.3763E-03
  4.7385E+01  6.3840E-02 -2.3288E-03
  4.7531E+01  6.3427E-02 -2.2812E-03
  4.7677E+01  6.3012E-02 -2.2334E-03
  4.7822E+01  6.2595E-02 -2.1854E-03
  4.7968E+01  6.2177E-02 -2.1370E-03
  4.8114E+01  6.1758E-02 -2.0883E-03
  4.8260E+01  6.1336E-02 -2.0392E-03
  4.8406E+01  6.0913E-02 -1.9895E-03
  4.8551E+01  6.0488E-02 -1.9392E-03
  4.8697E+01  6.0060E-02 -1.8881E-03
  4.8843E+01  5.9628E-02 -1.8365E-03
  4.8989E+01  5.9194E-02 -1.7841E-03
  4.9135E+01  5.8755E-02 -1.7311E-03
  4.9280E+01  5.8313E-02 -1.6775E-03
  4.9426E+01  5.7866E-02 -1.6233E-03
  4.9572E+01  5.7416E-02 -1.5687E-03
  4.9718E+01  5.6962E-02 -1.5137E-03
  4.9864E+01  5.6504E-02 -1.4583E-03
  5.0009E+01  5.6043E-02 -1.4025E-03
  5.0155E+01  5.5579E-02 -1.3463E-03
  5.0301E+01  5.5112E-02 -1.2898E-03
  5.0447E+01  5.4644E-02 -1.2330E-03
  5.0593E+01  5.4174E-02 -1.1761E-03
  5.0738E+01  5.3704E-02 -1.1190E-03
  5.0884E+01  5.3235E-02 -1.0619E-03
  5.1030E+01  5.2766E-02 -1.0047E-03
  5.1176E+01  5.2299E-02 -9.4754E-04
  5.1322E+01  5.1834E-02 -8.9044E-04
  5.1467E+01  5.1373E-02 -8.3343E-04
  5.1613E+01  5.0915E-02 -7.7654E-04
  5.1759E+01  5.0461E-02 -7.1979E-04
  5.1905E+01  5.0012E-02 -6.6320E-04
  5.2051E+01  4.9567E-02 -6.0687E-04
  5.2196E+01  4.9127E-02 -5.5088E-04
  5.2342E+01  4.8693E-02 -4.9537E-04
  5.2488E+01  4.8264E-02 -4.4042E-04
  5.2634E+01  4.7842E-02 -3.8608E-04
  5.2780E+01  4.7426E-02 -3.3245E-04
  5.2925E+01  4.7016E-02 -2.7961E-04
  5.3071E+01  4.6613E-02 -2.2765E-04
  5.3217E+01  4.6217E-02 -1.7666E-04
  5.3363E+01  4.5828E-02 -1.2669E-04
  5.3509E+01  4.5446E-02 -7.7798E-05
  5.3654E+01  4.5070E-02 -2.9994E-05
  5.3800E+01  4.4701E-02  1.6678E-05
  5.3946E+01  4.4338E-02  6.2167E-05
  5.4092E+01  4.3982E-02  1.0641E-04
  5.4238E+01  4.3632E-02  1.4936E-04
  5.4383E+01  4.3288E-02  1.9101E-04
  5.4529E+01  4.2950E-02  2.3141E-04
  5.4675E+01  4.2619E-02  2.7060E-04
  5.4821E+01  4.2294E-02  3.0856E-04
  5.4967E+01  4.1977E-02  3.4517E-04
  5.5112E+01  4.1668E-02  3.8029E-04
  5.5258E+01  4.1369E-02  4.1377E-04
  5.5404E+01  4.1081E-02  4.4554E-04
  5.5550E+01  4.0803E-02  4.7562E-04
  5.5696E+01  4.0537E-02  5.0405E-04
  5.5841E+01  4.0282E-02  5.3079E-04
  5.5987E+01  4.0039E-02  5.5570E-04
  5.6133E+01  3.9809E-02  5.7858E-04
  5.6279E+01  3.9592E-02  5.9928E-04
  5.6425E+01  3.9389E-02  6.1781E-04
  5.6570E+01  3.9199E-02  6.3438E-04
  5.6716E+01  3.9020E-02  6.4923E-04
  5.6862E+01  3.8851E-02  6.6252E-04
  5.7008E+01  3.8694E-02  6.7415E-04
  5.7154E+01  3.8549E-02  6.8379E-04
  5.7299E+01  3.8417E-02  6.9109E-04
  5.7445E+01  3.8300E-02  6.9586E-04
  5.7591E+01  3.8197E-02  6.9827E-04
  5.7737E+01  3.8105E-02  6.9881E-04
  5.7883E+01  3.8022E-02  6.9803E-04
  5.8028E+01  3.7948E-02  6.9616E-04
  5.8174E+01  3.7883E-02  6.9293E-04
  5.8320E+01  3.7831E-02  6.8761E-04
  5.8466E+01  3.7793E-02  6.7944E-04
  5.8612E+01  3.7772E-02  6.6806E-04
  5.8757E+01  3.7766E-02  6.5387E-04
  5.8903E+01  3.7769E-02  6.3785E-04
  5.9049E+01  3.7777E-02  6.2102E-04
  5.9195E+01  3.7789E-02  6.0378E-04
  5.9341E+01  3.7807E-02  5.8558E-04
  5.9486E+01  3.7836E-02  5.6511E-04
  5.9632E+01  3.7881E-02  5.4101E-04
  5.9778E+01  3.7944E-02  5.1266E-04
  5.9924E+01  3.8024E-02  4.8060E-04
  6.0070E+01  3.8114E-02  4.4630E-04
  6.0215E+01  3.8208E-02  4.1148E-04
  6.0361E+01  3.8301E-02  3.7725E-04
  6.0507E+01  3.8394E-02  3.4355E-04
  6.0653E+01  3.8494E-02  3.0915E-04
  6.0799E+01  3.8607E-02  2.7227E-04
  6.0944E+01  3.8741E-02  2.3143E-04
  6.1090E+01  3.8894E-02  1.8630E-04
  6.1236E+01  3.9062E-02  1.3801E-04
  6.1382E+01  3.9234E-02  8.8829E-05
  6.1528E+01  3.9399E-02  4.1204E-05
  6.1673E+01  3.9552E-02 -3.3928E-06
  6.1819E+01  3.9693E-02 -4.5242E-05
  6.1965E+01  3.9833E-02 -8.6317E-05
  6.2111E+01  3.9984E-02 -1.2936E-04
  6.2257E+01  4.0156E-02 -1.7654E-04
  6.2402E+01  4.0352E-02 -2.2839E-04
  6.2548E+01  4.0569E-02 -2.8358E-04
  6.2694E+01  4.0798E-02 -3.3957E-04
  6.2840E+01  4.1026E-02 -3.9384E-04
  6.2986E+01  4.1248E-02 -4.4496E-04
  6.3131E+01  4.1462E-02 -4.9310E-04
  6.3277E+01  4.1675E-02 -5.3988E-04
  6.3423E+01  4.1896E-02 -5.8765E-04
  6.3569E+01  4.2132E-02 -6.3855E-04
  6.3715E+01  4.2389E-02 -6.9373E-04
  6.3860E+01  4.2661E-02 -7.5294E-04
  6.4006E+01  4.2941E-02 -8.1448E-04
  6.4152E+01  4.3215E-02 -8.7584E-04
  6.4298E+01  4.3472E-02 -9.3451E-04
  6.4444E+01  4.3709E-02 -9.8900E-04
  6.4589E+01  4.3926E-02 -1.0394E-03
  6.4735E+01  4.4136E-02 -1.0873E-03
  6.4881E+01  4.4349E-02 -1.1354E-03
  6.5027E+01  4.4581E-02 -1.1861E-03
  6.5173E+01  4.4837E-02 -1.2410E-03
  6.5318E+01  4.5118E-02 -1.3001E-03
  6.5464E+01  4.5418E-02 -1.3621E-03
  6.5610E+01  4.5725E-02 -1.4246E-03
  6.5756E+01  4.6027E-02 -1.4853E-03
  6.5902E+01  4.6316E-02 -1.5427E-03
  6.6047E+01  4.6587E-02 -1.5963E-03
  6.6193E+01  4.6842E-02 -1.6468E-03
  6.6339E+01  4.7087E-02 -1.6957E-03
  6.6485E+01  4.7328E-02 -1.7449E-03
  6.6631E+01  4.7572E-02 -1.7959E-03
  6.6776E+01  4.7822E-02 -1.8494E-03
  6.6922E+01  4.8078E-02 -1.9052E-03
  6.7068E+01  4.8335E-02 -1.9620E-03
  6.7214E+01  4.8588E-02 -2.0181E-03
  6.7360E+01  4.8833E-02 -2.0718E-03
  6.7505E+01  4.9068E-02 -2.1222E-03
  6.7651E+01  4.9294E-02 -2.1692E-03
  6.7797E+01  4.9517E-02 -2.2137E-03
  6.7943E+01  4.9744E-02 -2.2572E-03
  6.8089E+01  4.9980E-02 -2.3011E-03
  6.8234E+01  5.0228E-02 -2.3466E-03
  6.8380E+01  5.0488E-02 -2.3939E-03
  6.8526E+01  5.0756E-02 -2.4423E-03
  6.8672E+01  5.1025E-02 -2.4906E-03
  6.8818E+01  5.1288E-02 -2.5377E-03
  6.8963E+01  5.1539E-02 -2.5823E-03
  6.9109E+01  5.1776E-02 -2.6241E-03
  6.9255E+01  5.1998E-02 -2.6631E-03
  6.9401E+01  5.2207E-02 -2.6999E-03
  6.9547E+01  5.2406E-02 -2.7353E-03
  6.9692E+01  5.2597E-02 -2.7700E-03
  6.9838E+01  5.2785E-02 -2.8045E-03
  6.9984E+01  5.2969E-02 -2.8391E-03
  7.0130E+01  5.3150E-02 -2.8734E-03
  7.0276E+01  5.3325E-02 -2.9068E-03
  7.0421E+01  5.3493E-02 -2.9389E-03
  7.0567E+01  5.3653E-02 -2.9692E-03
  7.0713E+01  5.3806E-02 -2.9975E-03
  7.0859E+01  5.3955E-02 -3.0243E-03
  7.1005E+01  5.4103E-02 -3.0502E-03
  7.1150E+01  5.4255E-02 -3.0762E-03
  7.1296E+01  5.4415E-02 -3.1030E-03
  7.1442E+01  5.4586E-02 -3.1313E-03
  7.1588E+01  5.4767E-02 -3.1609E-03
  7.1734E+01  5.4956E-02 -3.1917E-03
  7.1879E+01  5.5150E-02 -3.2230E-03
  7.2025E+01  5.5342E-02 -3.2538E-03
  7.2171E+01  5.5527E-02 -3.2836E-03
  7.2317E+01  5.5698E-02 -3.3117E-03
  7.2463E+01  5.5854E-02 -3.3378E-03
  7.2608E+01  5.5992E-02 -3.3616E-03
  7.2754E+01  5.6113E-02 -3.3831E-03
  7.2900E+01  5.6219E-02 -3.4022E-03
  7.3046E+01  5.6314E-02 -3.4193E-03
  7.3192E+01  5.6405E-02 -3.4348E-03
  7.3337E+01  5.6496E-02 -3.4493E-03
  7.3483E+01  5.6593E-02 -3.4637E-03
  7.3629E+01  5.6698E-02 -3.4785E-03
  7.3775E+01  5.6811E-02 -3.4944E-03
  7.3921E+01  5.6933E-02 -3.5111E-03
  7.4066E+01  5.7060E-02 -3.5282E-03
  7.4212E+01  5.7187E-02 -3.5450E-03
  7.4358E+01  5.7310E-02 -3.5606E-03
  7.4504E+01  5.7428E-02 -3.5746E-03
  7.4650E+01  5.7538E-02 -3.5868E-03
  7.4795E+01  5.7641E-02 -3.5974E-03
  7.4941E+01  5.7737E-02 -3.6073E-03
  7.5087E+01  5.7829E-02 -3.6169E-03
  7.5233E+01  5.7916E-02 -3.6267E-03
  7.5379E+01  5.7999E-02 -3.6368E-03
  7.5524E+01  5.8074E-02 -3.6466E-03
  7.5670E+01  5.8141E-02 -3.6555E-03
  7.5816E+01  5.8195E-02 -3.6627E-03
  7.5962E+01  5.8236E-02 -3.6675E-03
  7.6108E+01  5.8264E-02 -3.6697E-03
  7.6253E+01  5.8279E-02 -3.6694E-03
  7.6399E+01  5.8286E-02 -3.6670E-03
  7.6545E+01  5.8286E-02 -3.6632E-03
  7.6691E+01  5.8286E-02 -3.6589E-03
  7.6837E+01  5.8289E-02 -3.6550E-03
  7.6982E+01  5.8299E-02 -3.6522E-03
  7.7128E+01  5.8316E-02 -3.6510E-03
  7.7274E+01  5.8341E-02 -3.6516E-03
  7.7420E+01  5.8372E-02 -3.6538E-03
  7.7566E+01  5.8406E-02 -3.6570E-03
  7.7711E+01  5.8437E-02 -3.6603E-03
  7.7857E+01  5.8462E-02 -3.6625E-03
  7.8003E+01  5.8474E-02 -3.6625E-03
  7.8149E+01  5.8470E-02 -3.6591E-03
  7.8295E+01  5.8449E-02 -3.6520E-03
  7.8440E+01  5.8410E-02 -3.6410E-03
  7.8586E+01  5.8359E-02 -3.6269E-03
  7.8732E+01  5.8300E-02 -3.6109E-03
  7.8878E+01  5.8243E-02 -3.5943E-03
  7.9024E+01  5.8194E-02 -3.5788E-03
  7.9169E+01  5.8161E-02 -3.5658E-03
  7.9315E+01  5.8148E-02 -3.5561E-03
  7.9461E+01  5.8155E-02 -3.5499E-03
  7.9607E+01  5.8181E-02 -3.5466E-03
  7.9753E+01  5.8219E-02 -3.5451E-03
  7.9898E+01  5.8263E-02 -3.5439E-03
  8.0044E+01  5.8304E-02 -3.5416E-03
  8.0190E+01  5.8333E-02 -3.5370E-03
  8.0336E+01  5.8344E-02 -3.5292E-03
  8.0482E+01  5.8334E-02 -3.5180E-03
  8.0627E+01  5.8302E-02 -3.5037E-03
  8.0773E+01  5.8249E-02 -3.4869E-03
  8.0919E+01  5.8179E-02 -3.4683E-03
  8.1065E+01  5.8097E-02 -3.4485E-03
  8.1211E+01  5.8010E-02 -3.4282E-03
  8.1356E+01  5.7923E-02 -3.4078E-03
  8.1502E+01  5.7841E-02 -3.3876E-03
  8.1648E+01  5.7768E-02 -3.3682E-03
  8.1794E+01  5.7708E-02 -3.3500E-03
  8.1940E+01  5.7660E-02 -3.3333E-03
  8.2085E+01  5.7624E-02 -3.3186E-03
  8.2231E+01  5.7596E-02 -3.3059E-03
  8.2377E+01  5.7572E-02 -3.2947E-03
  8.2523E+01  5.7546E-02 -3.2840E-03
  8.2669E+01  5.7511E-02 -3.2726E-03
  8.2814E+01  5.7461E-02 -3.2590E-03
  8.2960E+01  5.7393E-02 -3.2419E-03
  8.3106E+01  5.7305E-02 -3.2206E-03
  8.3252E+01  5.7198E-02 -3.1952E-03
  8.3398E+01  5.7078E-02 -3.1665E-03
  8.3543E+01  5.6951E-02 -3.1362E-03
  8.3689E+01  5.6823E-02 -3.1060E-03
  8.3835E+01  5.6702E-02 -3.0778E-03
  8.3981E+01  5.6592E-02 -3.0527E-03
  8.4127E+01  5.6495E-02 -3.0314E-03
  8.4272E+01  5.6411E-02 -3.0135E-03
  8.4418E+01  5.6335E-02 -2.9981E-03
  8.4564E+01  5.6264E-02 -2.9838E-03
  8.4710E+01  5.6192E-02 -2.9692E-03
  8.4856E+01  5.6115E-02 -2.9531E-03
  8.5001E+01  5.6030E-02 -2.9348E-03
  8.5147E+01  5.5936E-02 -2.9142E-03
  8.5293E+01  5.5834E-02 -2.8916E-03
  8.5439E+01  5.5727E-02 -2.8676E-03
  8.5585E+01  5.5619E-02 -2.8431E-03
  8.5730E+01  5.5512E-02 -2.8189E-03
  8.5876E+01  5.5409E-02 -2.7958E-03
  8.6022E+01  5.5313E-02 -2.7741E-03
  8.6168E+01  5.5223E-02 -2.7538E-03
  8.6314E+01  5.5140E-02 -2.7345E-03
  8.6459E+01  5.5061E-02 -2.7159E-03
  8.6605E+01  5.4985E-02 -2.6974E-03
  8.6751E+01  5.4910E-02 -2.6786E-03
  8.6897E+01  5.4836E-02 -2.6594E-03
  8.7043E+01  5.4761E-02 -2.6397E-03
  8.7188E+01  5.4685E-02 -2.6199E-03
  8.7334E+01  5.4610E-02 -2.6003E-03
  8.7480E+01  5.4534E-02 -2.5813E-03
  8.7626E+01  5.4459E-02 -2.5632E-03
  8.7772E+01  5.4383E-02 -2.5458E-03
  8.7917E+01  5.4307E-02 -2.5290E-03
  8.8063E+01  5.4230E-02 -2.5124E-03
  8.8209E+01  5.4152E-02 -2.4956E-03
  8.8355E+01  5.4071E-02 -2.4785E-03
  8.8501E+01  5.3988E-02 -2.4608E-03
  8.8646E+01  5.3905E-02 -2.4428E-03
  8.8792E+01  5.3820E-02 -2.4248E-03
  8.8938E+01  5.3736E-02 -2.4073E-03
  8.9084E+01  5.3654E-02 -2.3906E-03
  8.9230E+01  5.3573E-02 -2.3748E-03
  8.9375E+01  5.3493E-02 -2.3602E-03
  8.9521E+01  5.3416E-02 -2.3465E-03
  8.9667E+01  5.3339E-02 -2.3336E-03
  8.9813E+01  5.3263E-02 -2.3211E-03
  8.9959E+01  5.3187E-02 -2.3087E-03
  9.0104E+01  5.3110E-02 -2.2965E-03
  9.0250E+01  5.3033E-02 -2.2843E-03
  9.0396E+01  5.2957E-02 -2.2723E-03
  9.0542E+01  5.2881E-02 -2.2605E-03
  9.0688E+01  5.2807E-02 -2.2492E-03
  9.0833E+01  5.2735E-02 -2.2386E-03
  9.0979E+01  5.2665E-02 -2.2286E-03
  9.1125E+01  5.2598E-02 -2.2193E-03
  9.1271E+01  5.2534E-02 -2.2107E-03
  9.1417E+01  5.2474E-02 -2.2028E-03
  9.1562E+01  5.2416E-02 -2.1955E-03
  9.1708E+01  5.2362E-02 -2.1888E-03
  9.1854E+01  5.2310E-02 -2.1827E-03
  9.2000E+01  5.2262E-02 -2.1770E-03
  9.2146E+01  5.2216E-02 -2.1718E-03
  9.2291E+01  5.2173E-02 -2.1670E-03
  9.2437E+01  5.2133E-02 -2.1625E-03
  9.2583E+01  5.2096E-02 -2.1586E-03
  9.2729E+01  5.2061E-02 -2.1550E-03
  9.2875E+01  5.2028E-02 -2.1520E-03
  9.3020E+01  5.1999E-02 -2.1495E-03
  9.3166E+01  5.1971E-02 -2.1476E-03
  9.3312E+01  5.1946E-02 -2.1462E-03
  9.3458E+01  5.1923E-02 -2.1453E-03
  9.3604E+01  5.1901E-02 -2.1450E-03
  9.3749E+01  5.1881E-02 -2.1451E-03
  9.3895E+01  5.1861E-02 -2.1455E-03
  9.4041E+01  5.1843E-02 -2.1462E-03
  9.4187E+01  5.1826E-02 -2.1473E-03
  9.4333E+01  5.1809E-02 -2.1488E-03
  9.4478E+01  5.1794E-02 -2.1506E-03
  9.4624E+01  5.1779E-02 -2.1530E-03
  9.4770E+01  5.1767E-02 -2.1560E-03
  9.4916E+01  5.1755E-02 -2.1596E-03
  9.5062E+01  5.1746E-02 -2.1638E-03
  9.5207E+01  5.1739E-02 -2.1687E-03
  9.5353E+01  5.1733E-02 -2.1741E-03
  9.5499E+01  5.1729E-02 -2.1800E-03
  9.5645E+01  5.1727E-02 -2.1863E-03
  9.5791E+01  5.1726E-02 -2.1929E-03
  9.5936E+01  5.1726E-02 -2.1997E-03
  9.6082E+01  5.1726E-02 -2.2066E-03
  9.6228E+01  5.1728E-02 -2.2137E-03
  9.6374E+01  5.1730E-02 -2.2209E-03
  9.6520E+01  5.1733E-02 -2.2284E-03
  9.6665E+01  5.1737E-02 -2.2361E-03
  9.6811E+01  5.1742E-02 -2.2442E-03
  9.6957E+01  5.1748E-02 -2.2525E-03
  9.7103E+01  5.1755E-02 -2.2612E-03
  9.7249E+01  5.1763E-02 -2.2702E-03
  9.7394E+01  5.1774E-02 -2.2795E-03
  9.7540E+01  5.1785E-02 -2.2892E-03
  9.7686E+01  5.1799E-02 -2.2992E-03
  9.7832E+01  5.1814E-02 -2.3096E-03
  9.7978E+01  5.1830E-02 -2.3203E-03
  9.8123E+01  5.1848E-02 -2.3314E-03
  9.8269E+01  5.1867E-02 -2.3429E-03
  9.8415E+01  5.1887E-02 -2.3548E-03
  9.8561E+01  5.1907E-02 -2.3670E-03
  9.8707E+01  5.1928E-02 -2.3796E-03
  9.8852E+01  5.1949E-02 -2.3926E-03
  9.8998E+01  5.1970E-02 -2.4059E-03
  9.9144E+01  5.1990E-02 -2.4196E-03
  9.9290E+01  5.2009E-02 -2.4337E-03
  9.9436E+01  5.2028E-02 -2.4481E-03
  9.9581E+01  5.2046E-02 -2.4628E-03
  9.9727E+01  5.2063E-02 -2.4779E-03
  9.9873E+01  5.2079E-02 -2.4933E-03
  1.0002E+02  5.2093E-02 -2.5090E-03
  1.0016E+02  5.2107E-02 -2.5250E-03
  1.0031E+02  5.2121E-02 -2.5412E-03
  1.0046E+02  5.2133E-02 -2.5577E-03
  1.0060E+02  5.2146E-02 -2.5742E-03
  1.0075E+02  5.2159E-02 -2.5908E-03
  1.0089E+02  5.2172E-02 -2.6075E-03
  1.0104E+02  5.2187E-02 -2.6241E-03
  1.0119E+02  5.2203E-02 -2.6407E-03
  1.0133E+02  5.2221E-02 -2.6572E-03
  1.0148E+02  5.2241E-02 -2.6736E-03
  1.0162E+02  5.2264E-02 -2.6900E-03
  1.0177E+02  5.2290E-02 -2.7062E-03
  1.0191E+02  5.2320E-02 -2.7223E-03
  1.0206E+02  5.2353E-02 -2.7382E-03
  1.0221E+02  5.2390E-02 -2.7541E-03
  1.0235E+02  5.2430E-02 -2.7698E-03
  1.0250E+02  5.2474E-02 -2.7853E-03
  1.0264E+02  5.2522E-02 -2.8006E-03
  1.0279E+02  5.2573E-02 -2.8158E-03
  1.0293E+02  5.2626E-02 -2.8308E-03
  1.0308E+02  5.2683E-02 -2.8457E-03
  1.0323E+02  5.2742E-02 -2.8605E-03
  1.0337E+02  5.2804E-02 -2.8752E-03
  1.0352E+02  5.2867E-02 -2.8898E-03
  1.0366E+02  5.2933E-02 -2.9044E-03
  1.0381E+02  5.2999E-02 -2.9190E-03
  1.0396E+02  5.3067E-02 -2.9336E-03
  1.0410E+02  5.3134E-02 -2.9482E-03
  1.0425E+02  5.3202E-02 -2.9628E-03
  1.0439E+02  5.3269E-02 -2.9776E-03
  1.0454E+02  5.3336E-02 -2.9924E-03
  1.0468E+02  5.3401E-02 -3.0073E-03
  1.0483E+02  5.3464E-02 -3.0223E-03
  1.0498E+02  5.3525E-02 -3.0374E-03
  1.0512E+02  5.3584E-02 -3.0526E-03
  1.0527E+02  5.3639E-02 -3.0678E-03
  1.0541E+02  5.3692E-02 -3.0830E-03
  1.0556E+02  5.3741E-02 -3.0982E-03
  1.0571E+02  5.3786E-02 -3.1134E-03
  1.0585E+02  5.3828E-02 -3.1286E-03
  1.0600E+02  5.3865E-02 -3.1438E-03
  1.0614E+02  5.3898E-02 -3.1589E-03
  1.0629E+02  5.3926E-02 -3.1740E-03
  1.0643E+02  5.3950E-02 -3.1889E-03
  1.0658E+02  5.3968E-02 -3.2037E-03
  1.0673E+02  5.3982E-02 -3.2184E-03
  1.0687E+02  5.3991E-02 -3.2329E-03
  1.0702E+02  5.3994E-02 -3.2473E-03
  1.0716E+02  5.3993E-02 -3.2616E-03
  1.0731E+02  5.3988E-02 -3.2757E-03
  1.0745E+02  5.3978E-02 -3.2896E-03
  1.0760E+02  5.3964E-02 -3.3032E-03
  1.0775E+02  5.3947E-02 -3.3167E-03
  1.0789E+02  5.3926E-02 -3.3299E-03
  1.0804E+02  5.3904E-02 -3.3428E-03
  1.0818E+02  5.3879E-02 -3.3555E-03
  1.0833E+02  5.3853E-02 -3.3679E-03
  1.0848E+02  5.3827E-02 -3.3799E-03
  1.0862E+02  5.3800E-02 -3.3917E-03
  1.0877E+02  5.3775E-02 -3.4031E-03
  1.0891E+02  5.3751E-02 -3.4143E-03
  1.0906E+02  5.3730E-02 -3.4251E-03
  1.0920E+02  5.3711E-02 -3.4357E-03
  1.0935E+02  5.3696E-02 -3.4459E-03
  1.0950E+02  5.3686E-02 -3.4558E-03
  1.0964E+02  5.3681E-02 -3.4655E-03
  1.0979E+02  5.3682E-02 -3.4749E-03
  1.0993E+02  5.3689E-02 -3.4841E-03
  1.1008E+02  5.3704E-02 -3.4930E-03
  1.1022E+02  5.3726E-02 -3.5016E-03
  1.1037E+02  5.3756E-02 -3.5099E-03
  1.1052E+02  5.3794E-02 -3.5179E-03
  1.1066E+02  5.3840E-02 -3.5257E-03
  1.1081E+02  5.3895E-02 -3.5332E-03
  1.1095E+02  5.3959E-02 -3.5405E-03
  1.1110E+02  5.4031E-02 -3.5476E-03
  1.1125E+02  5.4111E-02 -3.5545E-03
  1.1139E+02  5.4199E-02 -3.5613E-03
  1.1154E+02  5.4294E-02 -3.5678E-03
  1.1168E+02  5.4396E-02 -3.5742E-03
  1.1183E+02  5.4504E-02 -3.5804E-03
  1.1197E+02  5.4617E-02 -3.5864E-03
  1.1212E+02  5.4734E-02 -3.5924E-03
  1.1227E+02  5.4853E-02 -3.5981E-03
  1.1241E+02  5.4973E-02 -3.6038E-03
  1.1256E+02  5.5094E-02 -3.6093E-03
  1.1270E+02  5.5214E-02 -3.6148E-03
  1.1285E+02  5.5331E-02 -3.6201E-03
  1.1300E+02  5.5445E-02 -3.6255E-03
  1.1314E+02  5.5553E-02 -3.6308E-03
  1.1329E+02  5.5654E-02 -3.6361E-03
  1.1343E+02  5.5747E-02 -3.6413E-03
  1.1358E+02  5.5832E-02 -3.6464E-03
  1.1372E+02  5.5905E-02 -3.6515E-03
  1.1387E+02  5.5968E-02 -3.6564E-03
  1.1402E+02  5.6019E-02 -3.6614E-03
  1.1416E+02  5.6058E-02 -3.6665E-03
  1.1431E+02  5.6084E-02 -3.6715E-03
  1.1445E+02  5.6097E-02 -3.6766E-03
  1.1460E+02  5.6096E-02 -3.6815E-03
  1.1474E+02  5.6082E-02 -3.6862E-03
  1.1489E+02  5.6055E-02 -3.6907E-03
  1.1504E+02  5.6014E-02 -3.6952E-03
  1.1518E+02  5.5962E-02 -3.6995E-03
  1.1533E+02  5.5898E-02 -3.7037E-03
  1.1547E+02  5.5824E-02 -3.7077E-03
  1.1562E+02  5.5739E-02 -3.7114E-03
  1.1577E+02  5.5646E-02 -3.7148E-03
  1.1591E+02  5.5544E-02 -3.7178E-03
  1.1606E+02  5.5436E-02 -3.7205E-03
  1.1620E+02  5.5322E-02 -3.7228E-03
  1.1635E+02  5.5203E-02 -3.7248E-03
  1.1649E+02  5.5081E-02 -3.7264E-03
  1.1664E+02  5.4957E-02 -3.7277E-03
  1.1679E+02  5.4832E-02 -3.7286E-03
  1.1693E+02  5.4707E-02 -3.7291E-03
  1.1708E+02  5.4584E-02 -3.7292E-03
  1.1722E+02  5.4464E-02 -3.7290E-03
  1.1737E+02  5.4348E-02 -3.7284E-03
  1.1751E+02  5.4237E-02 -3.7276E-03
  1.1766E+02  5.4132E-02 -3.7266E-03
  1.1781E+02  5.4035E-02 -3.7255E-03
  1.1795E+02  5.3947E-02 -3.7240E-03
  1.1810E+02  5.3867E-02 -3.7222E-03
  1.1824E+02  5.3796E-02 -3.7200E-03
  1.1839E+02  5.3737E-02 -3.7174E-03
  1.1854E+02  5.3689E-02 -3.7146E-03
  1.1868E+02  5.3654E-02 -3.7119E-03
  1.1883E+02  5.3633E-02 -3.7094E-03
  1.1897E+02  5.3626E-02 -3.7070E-03
  1.1912E+02  5.3633E-02 -3.7046E-03
  1.1926E+02  5.3654E-02 -3.7019E-03
  1.1941E+02  5.3689E-02 -3.6990E-03
  1.1956E+02  5.3738E-02 -3.6959E-03
  1.1970E+02  5.3801E-02 -3.6927E-03
  1.1985E+02  5.3878E-02 -3.6897E-03
  1.1999E+02  5.3970E-02 -3.6870E-03
  1.2014E+02  5.4075E-02 -3.6845E-03
  1.2029E+02  5.4193E-02 -3.6822E-03
  1.2043E+02  5.4322E-02 -3.6800E-03
  1.2058E+02  5.4462E-02 -3.6777E-03
  1.2072E+02  5.4610E-02 -3.6755E-03
  1.2087E+02  5.4765E-02 -3.6732E-03
  1.2101E+02  5.4926E-02 -3.6710E-03
  1.2116E+02  5.5090E-02 -3.6689E-03
  1.2131E+02  5.5256E-02 -3.6668E-03
  1.2145E+02  5.5422E-02 -3.6649E-03
  1.2160E+02  5.5586E-02 -3.6631E-03
  1.2174E+02  5.5747E-02 -3.6613E-03
  1.2189E+02  5.5901E-02 -3.6595E-03
  1.2203E+02  5.6047E-02 -3.6576E-03
  1.2218E+02  5.6184E-02 -3.6556E-03
  1.2233E+02  5.6310E-02 -3.6537E-03
  1.2247E+02  5.6424E-02 -3.6519E-03
  1.2262E+02  5.6524E-02 -3.6505E-03
  1.2276E+02  5.6609E-02 -3.6492E-03
  1.2291E+02  5.6677E-02 -3.6481E-03
  1.2306E+02  5.6726E-02 -3.6467E-03
  1.2320E+02  5.6757E-02 -3.6450E-03
  1.2335E+02  5.6769E-02 -3.6429E-03
  1.2349E+02  5.6761E-02 -3.6407E-03
  1.2364E+02  5.6736E-02 -3.6387E-03
  1.2378E+02  5.6692E-02 -3.6372E-03
  1.2393E+02  5.6632E-02 -3.6362E-03
  1.2408E+02  5.6555E-02 -3.6358E-03
  1.2422E+02  5.6460E-02 -3.6354E-03
  1.2437E+02  5.6349E-02 -3.6348E-03
  1.2451E+02  5.6222E-02 -3.6337E-03
  1.2466E+02  5.6079E-02 -3.6321E-03
  1.2480E+02  5.5923E-02 -3.6302E-03
  1.2495E+02  5.5755E-02 -3.6283E-03
  1.2510E+02  5.5579E-02 -3.6267E-03
  1.2524E+02  5.5395E-02 -3.6255E-03
  1.2539E+02  5.5207E-02 -3.6247E-03
  1.2553E+02  5.5015E-02 -3.6241E-03
  1.2568E+02  5.4821E-02 -3.6235E-03
  1.2583E+02  5.4626E-02 -3.6227E-03
  1.2597E+02  5.4431E-02 -3.6217E-03
  1.2612E+02  5.4237E-02 -3.6205E-03
  1.2626E+02  5.4047E-02 -3.6191E-03
  1.2641E+02  5.3862E-02 -3.6175E-03
  1.2655E+02  5.3683E-02 -3.6159E-03
  1.2670E+02  5.3512E-02 -3.6144E-03
  1.2685E+02  5.3350E-02 -3.6128E-03
  1.2699E+02  5.3199E-02 -3.6113E-03
  1.2714E+02  5.3059E-02 -3.6096E-03
  1.2728E+02  5.2931E-02 -3.6078E-03
  1.2743E+02  5.2817E-02 -3.6059E-03
  1.2758E+02  5.2717E-02 -3.6038E-03
  1.2772E+02  5.2631E-02 -3.6018E-03
  1.2787E+02  5.2561E-02 -3.5998E-03
  1.2801E+02  5.2507E-02 -3.5979E-03
  1.2816E+02  5.2469E-02 -3.5962E-03
  1.2830E+02  5.2447E-02 -3.5946E-03
  1.2845E+02  5.2441E-02 -3.5929E-03
  1.2860E+02  5.2451E-02 -3.5910E-03
  1.2874E+02  5.2476E-02 -3.5887E-03
  1.2889E+02  5.2517E-02 -3.5863E-03
  1.2903E+02  5.2574E-02 -3.5839E-03
  1.2918E+02  5.2647E-02 -3.5817E-03
  1.2932E+02  5.2736E-02 -3.5801E-03
  1.2947E+02  5.2840E-02 -3.5792E-03
  1.2962E+02  5.2958E-02 -3.5788E-03
  1.2976E+02  5.3089E-02 -3.5788E-03
  1.2991E+02  5.3231E-02 -3.5788E-03
  1.3005E+02  5.3382E-02 -3.5786E-03
  1.3020E+02  5.3540E-02 -3.5782E-03
  1.3035E+02  5.3705E-02 -3.5776E-03
  1.3049E+02  5.3876E-02 -3.5769E-03
  1.3064E+02  5.4052E-02 -3.5766E-03
  1.3078E+02  5.4232E-02 -3.5768E-03
  1.3093E+02  5.4416E-02 -3.5776E-03
  1.3107E+02  5.4601E-02 -3.5792E-03
  1.3122E+02  5.4787E-02 -3.5814E-03
  1.3137E+02  5.4971E-02 -3.5841E-03
  1.3151E+02  5.5151E-02 -3.5871E-03
  1.3166E+02  5.5325E-02 -3.5902E-03
  1.3180E+02  5.5490E-02 -3.5935E-03
  1.3195E+02  5.5646E-02 -3.5968E-03
  1.3209E+02  5.5790E-02 -3.6002E-03
  1.3224E+02  5.5921E-02 -3.6038E-03
  1.3239E+02  5.6039E-02 -3.6076E-03
  1.3253E+02  5.6142E-02 -3.6118E-03
  1.3268E+02  5.6230E-02 -3.6162E-03
  1.3282E+02  5.6303E-02 -3.6211E-03
  1.3297E+02  5.6359E-02 -3.6263E-03
  1.3312E+02  5.6398E-02 -3.6319E-03
  1.3326E+02  5.6420E-02 -3.6376E-03
  1.3341E+02  5.6425E-02 -3.6435E-03
  1.3355E+02  5.6413E-02 -3.6496E-03
  1.3370E+02  5.6384E-02 -3.6557E-03
  1.3384E+02  5.6340E-02 -3.6620E-03
  1.3399E+02  5.6280E-02 -3.6685E-03
  1.3414E+02  5.6206E-02 -3.6751E-03
  1.3428E+02  5.6118E-02 -3.6818E-03
  1.3443E+02  5.6018E-02 -3.6886E-03
  1.3457E+02  5.5906E-02 -3.6953E-03
  1.3472E+02  5.5784E-02 -3.7018E-03
  1.3487E+02  5.5654E-02 -3.7081E-03
  1.3501E+02  5.5516E-02 -3.7142E-03
  1.3516E+02  5.5374E-02 -3.7202E-03
  1.3530E+02  5.5227E-02 -3.7262E-03
  1.3545E+02  5.5078E-02 -3.7323E-03
  1.3559E+02  5.4928E-02 -3.7386E-03
  1.3574E+02  5.4777E-02 -3.7449E-03
  1.3589E+02  5.4628E-02 -3.7511E-03
  1.3603E+02  5.4479E-02 -3.7572E-03
  1.3618E+02  5.4333E-02 -3.7628E-03
  1.3632E+02  5.4189E-02 -3.7679E-03
  1.3647E+02  5.4049E-02 -3.7726E-03
  1.3661E+02  5.3913E-02 -3.7769E-03
  1.3676E+02  5.3783E-02 -3.7809E-03
  1.3691E+02  5.3658E-02 -3.7848E-03
  1.3705E+02  5.3541E-02 -3.7886E-03
  1.3720E+02  5.3431E-02 -3.7925E-03
  1.3734E+02  5.3329E-02 -3.7964E-03
  1.3749E+02  5.3235E-02 -3.8003E-03
  1.3764E+02  5.3148E-02 -3.8042E-03
  1.3778E+02  5.3070E-02 -3.8081E-03
  1.3793E+02  5.2999E-02 -3.8118E-03
  1.3807E+02  5.2936E-02 -3.8155E-03
  1.3822E+02  5.2881E-02 -3.8190E-03
  1.3836E+02  5.2834E-02 -3.8224E-03
  1.3851E+02  5.2795E-02 -3.8258E-03
  1.3866E+02  5.2764E-02 -3.8292E-03
  1.3880E+02  5.2742E-02 -3.8327E-03
  1.3895E+02  5.2728E-02 -3.8363E-03
  1.3909E+02  5.2722E-02 -3.8401E-03
  1.3924E+02  5.2726E-02 -3.8441E-03
  1.3938E+02  5.2738E-02 -3.8482E-03
  1.3953E+02  5.2759E-02 -3.8526E-03
  1.3968E+02  5.2788E-02 -3.8571E-03
  1.3982E+02  5.2825E-02 -3.8619E-03
  1.3997E+02  5.2870E-02 -3.8668E-03
  1.4011E+02  5.2922E-02 -3.8720E-03
  1.4026E+02  5.2982E-02 -3.8773E-03
  1.4041E+02  5.3047E-02 -3.8829E-03
  1.4055E+02  5.3119E-02 -3.8886E-03
  1.4070E+02  5.3195E-02 -3.8945E-03
  1.4084E+02  5.3276E-02 -3.9005E-03
  1.4099E+02  5.3361E-02 -3.9066E-03
  1.4113E+02  5.3448E-02 -3.9126E-03
  1.4128E+02  5.3537E-02 -3.9187E-03
  1.4143E+02  5.3627E-02 -3.9247E-03
  1.4157E+02  5.3718E-02 -3.9308E-03
  1.4172E+02  5.3810E-02 -3.9369E-03
  1.4186E+02  5.3901E-02 -3.9432E-03
  1.4201E+02  5.3990E-02 -3.9497E-03
  1.4216E+02  5.4078E-02 -3.9564E-03
  1.4230E+02  5.4163E-02 -3.9632E-03
  1.4245E+02  5.4244E-02 -3.9700E-03
  1.4259E+02  5.4321E-02 -3.9767E-03
  1.4274E+02  5.4393E-02 -3.9832E-03
  1.4288E+02  5.4458E-02 -3.9894E-03
  1.4303E+02  5.4517E-02 -3.9953E-03
  1.4318E+02  5.4569E-02 -4.0009E-03
  1.4332E+02  5.4614E-02 -4.0062E-03
  1.4347E+02  5.4653E-02 -4.0115E-03
  1.4361E+02  5.4685E-02 -4.0168E-03
  1.4376E+02  5.4711E-02 -4.0222E-03
  1.4390E+02  5.4731E-02 -4.0277E-03
  1.4405E+02  5.4746E-02 -4.0333E-03
  1.4420E+02  5.4754E-02 -4.0391E-03
  1.4434E+02  5.4757E-02 -4.0450E-03
  1.4449E+02  5.4755E-02 -4.0508E-03
  1.4463E+02  5.4748E-02 -4.0565E-03
  1.4478E+02  5.4735E-02 -4.0622E-03
  1.4493E+02  5.4719E-02 -4.0677E-03
  1.4507E+02  5.4699E-02 -4.0732E-03
  1.4522E+02  5.4676E-02 -4.0785E-03
  1.4536E+02  5.4651E-02 -4.0839E-03
  1.4551E+02  5.4624E-02 -4.0893E-03
  1.4565E+02  5.4598E-02 -4.0947E-03
  1.4580E+02  5.4571E-02 -4.1002E-03
  1.4595E+02  5.4545E-02 -4.1057E-03
  1.4609E+02  5.4521E-02 -4.1113E-03
  1.4624E+02  5.4500E-02 -4.1169E-03
  1.4638E+02  5.4480E-02 -4.1226E-03
  1.4653E+02  5.4464E-02 -4.1282E-03
  1.4667E+02  5.4451E-02 -4.1339E-03
  1.4682E+02  5.4440E-02 -4.1396E-03
  1.4697E+02  5.4434E-02 -4.1454E-03
  1.4711E+02  5.4430E-02 -4.1511E-03
  1.4726E+02  5.4430E-02 -4.1567E-03
  1.4740E+02  5.4433E-02 -4.1623E-03
  1.4755E+02  5.4438E-02 -4.1677E-03
  1.4770E+02  5.4446E-02 -4.1730E-03
  1.4784E+02  5.4457E-02 -4.1782E-03
  1.4799E+02  5.4470E-02 -4.1835E-03
  1.4813E+02  5.4485E-02 -4.1888E-03
  1.4828E+02  5.4502E-02 -4.1941E-03
  1.4842E+02  5.4520E-02 -4.1996E-03
  1.4857E+02  5.4539E-02 -4.2050E-03
  1.4872E+02  5.4558E-02 -4.2104E-03
  1.4886E+02  5.4577E-02 -4.2158E-03
  1.4901E+02  5.4596E-02 -4.2210E-03
  1.4915E+02  5.4615E-02 -4.2261E-03
  1.4930E+02  5.4633E-02 -4.2312E-03
  1.4945E+02  5.4649E-02 -4.2363E-03
  1.4959E+02  5.4665E-02 -4.2415E-03
  1.4974E+02  5.4679E-02 -4.2466E-03
  1.4988E+02  5.4692E-02 -4.2518E-03
  1.5003E+02  5.4703E-02 -4.2568E-03
  1.5017E+02  5.4712E-02 -4.2618E-03
  1.5032E+02  5.4719E-02 -4.2666E-03
  1.5047E+02  5.4725E-02 -4.2712E-03
  1.5061E+02  5.4729E-02 -4.2757E-03
  1.5076E+02  5.4731E-02 -4.2802E-03
  1.5090E+02  5.4733E-02 -4.2846E-03
  1.5105E+02  5.4733E-02 -4.2891E-03
  1.5119E+02  5.4733E-02 -4.2935E-03
  1.5134E+02  5.4732E-02 -4.2980E-03
  1.5149E+02  5.4730E-02 -4.3025E-03
  1.5163E+02  5.4728E-02 -4.3069E-03
  1.5178E+02  5.4725E-02 -4.3112E-03
  1.5192E+02  5.4722E-02 -4.3155E-03
  1.5207E+02  5.4717E-02 -4.3196E-03
  1.5222E+02  5.4712E-02 -4.3235E-03
  1.5236E+02  5.4705E-02 -4.3274E-03
  1.5251E+02  5.4697E-02 -4.3311E-03
  1.5265E+02  5.4687E-02 -4.3347E-03
  1.5280E+02  5.4675E-02 -4.3382E-03
  1.5294E+02  5.4661E-02 -4.3416E-03
  1.5309E+02  5.4643E-02 -4.3449E-03
  1.5324E+02  5.4623E-02 -4.3480E-03
  1.5338E+02  5.4598E-02 -4.3511E-03
  1.5353E+02  5.4570E-02 -4.3540E-03
  1.5367E+02  5.4538E-02 -4.3568E-03
  1.5382E+02  5.4501E-02 -4.3595E-03
  1.5396E+02  5.4459E-02 -4.3620E-03
  1.5411E+02  5.4413E-02 -4.3645E-03
  1.5426E+02  5.4362E-02 -4.3668E-03
  1.5440E+02  5.4306E-02 -4.3691E-03
  1.5455E+02  5.4247E-02 -4.3713E-03
  1.5469E+02  5.4183E-02 -4.3733E-03
  1.5484E+02  5.4116E-02 -4.3753E-03
  1.5499E+02  5.4045E-02 -4.3773E-03
  1.5513E+02  5.3972E-02 -4.3791E-03
  1.5528E+02  5.3896E-02 -4.3809E-03
  1.5542E+02  5.3820E-02 -4.3826E-03
  1.5557E+02  5.3742E-02 -4.3842E-03
  1.5571E+02  5.3665E-02 -4.3859E-03
  1.5586E+02  5.3588E-02 -4.3874E-03
  1.5601E+02  5.3514E-02 -4.3889E-03
  1.5615E+02  5.3441E-02 -4.3902E-03
  1.5630E+02  5.3372E-02 -4.3913E-03
  1.5644E+02  5.3306E-02 -4.3922E-03
  1.5659E+02  5.3246E-02 -4.3929E-03
  1.5674E+02  5.3191E-02 -4.3933E-03
  1.5688E+02  5.3142E-02 -4.3935E-03
  1.5703E+02  5.3101E-02 -4.3935E-03
  1.5717E+02  5.3067E-02 -4.3936E-03
  1.5732E+02  5.3042E-02 -4.3937E-03
  1.5746E+02  5.3025E-02 -4.3941E-03
  1.5761E+02  5.3017E-02 -4.3947E-03
  1.5776E+02  5.3017E-02 -4.3957E-03
  1.5790E+02  5.3027E-02 -4.3969E-03
  1.5805E+02  5.3044E-02 -4.3984E-03
  1.5819E+02  5.3068E-02 -4.4000E-03
  1.5834E+02  5.3098E-02 -4.4017E-03
  1.5848E+02  5.3135E-02 -4.4032E-03
  1.5863E+02  5.3176E-02 -4.4046E-03
  1.5878E+02  5.3221E-02 -4.4059E-03
  1.5892E+02  5.3270E-02 -4.4070E-03
  1.5907E+02  5.3323E-02 -4.4082E-03
  1.5921E+02  5.3378E-02 -4.4094E-03
  1.5936E+02  5.3436E-02 -4.4110E-03
  1.5951E+02  5.3496E-02 -4.4128E-03
  1.5965E+02  5.3559E-02 -4.4152E-03
  1.5980E+02  5.3623E-02 -4.4180E-03
  1.5994E+02  5.3689E-02 -4.4214E-03
  1.6009E+02  5.3755E-02 -4.4251E-03
  1.6023E+02  5.3822E-02 -4.4291E-03
  1.6038E+02  5.3888E-02 -4.4333E-03
  1.6053E+02  5.3953E-02 -4.4376E-03
  1.6067E+02  5.4018E-02 -4.4419E-03
  1.6082E+02  5.4080E-02 -4.4462E-03
  1.6096E+02  5.4141E-02 -4.4505E-03
  1.6111E+02  5.4201E-02 -4.4548E-03
  1.6125E+02  5.4259E-02 -4.4591E-03
  1.6140E+02  5.4315E-02 -4.4634E-03
  1.6155E+02  5.4370E-02 -4.4679E-03
  1.6169E+02  5.4425E-02 -4.4725E-03
  1.6184E+02  5.4478E-02 -4.4773E-03
  1.6198E+02  5.4530E-02 -4.4822E-03
  1.6213E+02  5.4581E-02 -4.4872E-03
  1.6228E+02  5.4631E-02 -4.4922E-03
  1.6242E+02  5.4679E-02 -4.4972E-03
  1.6257E+02  5.4727E-02 -4.5022E-03
  1.6271E+02  5.4772E-02 -4.5070E-03
  1.6286E+02  5.4815E-02 -4.5117E-03
  1.6300E+02  5.4856E-02 -4.5162E-03
  1.6315E+02  5.4895E-02 -4.5205E-03
  1.6330E+02  5.4930E-02 -4.5246E-03
  1.6344E+02  5.4962E-02 -4.5286E-03
  1.6359E+02  5.4991E-02 -4.5324E-03
  1.6373E+02  5.5016E-02 -4.5361E-03
  1.6388E+02  5.5036E-02 -4.5397E-03
  1.6403E+02  5.5052E-02 -4.5432E-03
  1.6417E+02  5.5063E-02 -4.5466E-03
  1.6432E+02  5.5069E-02 -4.5499E-03
  1.6446E+02  5.5070E-02 -4.5530E-03
  1.6461E+02  5.5065E-02 -4.5559E-03
  1.6475E+02  5.5054E-02 -4.5587E-03
  1.6490E+02  5.5036E-02 -4.5614E-03
  1.6505E+02  5.5012E-02 -4.5641E-03
  1.6519E+02  5.4982E-02 -4.5667E-03
  1.6534E+02  5.4945E-02 -4.5693E-03
  1.6548E+02  5.4901E-02 -4.5719E-03
  1.6563E+02  5.4850E-02 -4.5744E-03
  1.6577E+02  5.4792E-02 -4.5768E-03
  1.6592E+02  5.4728E-02 -4.5790E-03
  1.6607E+02  5.4657E-02 -4.5810E-03
  1.6621E+02  5.4580E-02 -4.5827E-03
  1.6636E+02  5.4497E-02 -4.5841E-03
  1.6650E+02  5.4409E-02 -4.5853E-03
  1.6665E+02  5.4316E-02 -4.5865E-03
  1.6680E+02  5.4220E-02 -4.5877E-03
  1.6694E+02  5.4121E-02 -4.5891E-03
  1.6709E+02  5.4020E-02 -4.5906E-03
  1.6723E+02  5.3918E-02 -4.5923E-03
  1.6738E+02  5.3815E-02 -4.5940E-03
  1.6752E+02  5.3712E-02 -4.5958E-03
  1.6767E+02  5.3610E-02 -4.5975E-03
  1.6782E+02  5.3509E-02 -4.5990E-03
  1.6796E+02  5.3410E-02 -4.6002E-03
  1.6811E+02  5.3314E-02 -4.6012E-03
  1.6825E+02  5.3222E-02 -4.6020E-03
  1.6840E+02  5.3135E-02 -4.6026E-03
  1.6854E+02  5.3053E-02 -4.6032E-03
  1.6869E+02  5.2977E-02 -4.6038E-03
  1.6884E+02  5.2909E-02 -4.6045E-03
  1.6898E+02  5.2848E-02 -4.6054E-03
  1.6913E+02  5.2796E-02 -4.6064E-03
  1.6927E+02  5.2752E-02 -4.6075E-03
  1.6942E+02  5.2716E-02 -4.6088E-03
  1.6957E+02  5.2689E-02 -4.6101E-03
  1.6971E+02  5.2671E-02 -4.6115E-03
  1.6986E+02  5.2662E-02 -4.6128E-03
  1.7000E+02  5.2660E-02 -4.6142E-03
  1.7015E+02  5.2667E-02 -4.6155E-03
  1.7029E+02  5.2682E-02 -4.6169E-03
  1.7044E+02  5.2703E-02 -4.6183E-03
  1.7059E+02  5.2732E-02 -4.6198E-03
  1.7073E+02  5.2767E-02 -4.6213E-03
  1.7088E+02  5.2808E-02 -4.6230E-03
  1.7102E+02  5.2854E-02 -4.6249E-03
  1.7117E+02  5.2905E-02 -4.6269E-03
  1.7132E+02  5.2959E-02 -4.6290E-03
  1.7146E+02  5.3018E-02 -4.6313E-03
  1.7161E+02  5.3079E-02 -4.6337E-03
  1.7175E+02  5.3143E-02 -4.6363E-03
  1.7190E+02  5.3208E-02 -4.6390E-03
  1.7204E+02  5.3275E-02 -4.6419E-03
  1.7219E+02  5.3343E-02 -4.6449E-03
  1.7234E+02  5.3412E-02 -4.6480E-03
  1.7248E+02  5.3481E-02 -4.6513E-03
  1.7263E+02  5.3550E-02 -4.6547E-03
  1.7277E+02  5.3619E-02 -4.6582E-03
  1.7292E+02  5.3689E-02 -4.6619E-03
  1.7306E+02  5.3758E-02 -4.6658E-03
  1.7321E+02  5.3827E-02 -4.6697E-03
  1.7336E+02  5.3896E-02 -4.6738E-03
  1.7350E+02  5.3965E-02 -4.6781E-03
  1.7365E+02  5.4034E-02 -4.6824E-03
  1.7379E+02  5.4103E-02 -4.6869E-03
  1.7394E+02  5.4172E-02 -4.6915E-03
  1.7409E+02  5.4242E-02 -4.6962E-03
  1.7423E+02  5.4311E-02 -4.7011E-03
  1.7438E+02  5.4381E-02 -4.7061E-03
  1.7452E+02  5.4450E-02 -4.7111E-03
  1.7467E+02  5.4520E-02 -4.7163E-03
  1.7481E+02  5.4589E-02 -4.7215E-03
  1.7496E+02  5.4657E-02 -4.7268E-03
  1.7511E+02  5.4725E-02 -4.7322E-03
  1.7525E+02  5.4792E-02 -4.7375E-03
  1.7540E+02  5.4857E-02 -4.7430E-03
  1.7554E+02  5.4921E-02 -4.7485E-03
  1.7569E+02  5.4982E-02 -4.7540E-03
  1.7583E+02  5.5040E-02 -4.7597E-03
  1.7598E+02  5.5094E-02 -4.7653E-03
  1.7613E+02  5.5144E-02 -4.7709E-03
  1.7627E+02  5.5189E-02 -4.7766E-03
  1.7642E+02  5.5228E-02 -4.7821E-03
  1.7656E+02  5.5260E-02 -4.7876E-03
  1.7671E+02  5.5286E-02 -4.7930E-03
  1.7686E+02  5.5303E-02 -4.7983E-03
  1.7700E+02  5.5312E-02 -4.8036E-03
  1.7715E+02  5.5312E-02 -4.8087E-03
  1.7729E+02  5.5302E-02 -4.8137E-03
  1.7744E+02  5.5283E-02 -4.8187E-03
  1.7758E+02  5.5253E-02 -4.8236E-03
  1.7773E+02  5.5213E-02 -4.8284E-03
  1.7788E+02  5.5162E-02 -4.8332E-03
  1.7802E+02  5.5101E-02 -4.8378E-03
  1.7817E+02  5.5029E-02 -4.8423E-03
  1.7831E+02  5.4947E-02 -4.8465E-03
  1.7846E+02  5.4855E-02 -4.8506E-03
  1.7861E+02  5.4753E-02 -4.8545E-03
  1.7875E+02  5.4643E-02 -4.8582E-03
  1.7890E+02  5.4525E-02 -4.8618E-03
  1.7904E+02  5.4400E-02 -4.8653E-03
  1.7919E+02  5.4268E-02 -4.8687E-03
  1.7933E+02  5.4132E-02 -4.8721E-03
  1.7948E+02  5.3991E-02 -4.8754E-03
  1.7963E+02  5.3847E-02 -4.8786E-03
  1.7977E+02  5.3701E-02 -4.8817E-03
  1.7992E+02  5.3555E-02 -4.8847E-03
  1.8006E+02  5.3408E-02 -4.8877E-03
  1.8021E+02  5.3264E-02 -4.8906E-03
  1.8035E+02  5.3122E-02 -4.8935E-03
  1.8050E+02  5.2983E-02 -4.8964E-03
  1.8065E+02  5.2850E-02 -4.8992E-03
  1.8079E+02  5.2722E-02 -4.9021E-03
  1.8094E+02  5.2601E-02 -4.9048E-03
  1.8108E+02  5.2487E-02 -4.9076E-03
  1.8123E+02  5.2382E-02 -4.9103E-03
  1.8138E+02  5.2285E-02 -4.9130E-03
  1.8152E+02  5.2198E-02 -4.9156E-03
  1.8167E+02  5.2120E-02 -4.9183E-03
  1.8181E+02  5.2052E-02 -4.9209E-03
  1.8196E+02  5.1995E-02 -4.9235E-03
  1.8210E+02  5.1947E-02 -4.9260E-03
  1.8225E+02  5.1910E-02 -4.9285E-03
  1.8240E+02  5.1883E-02 -4.9310E-03
  1.8254E+02  5.1865E-02 -4.9335E-03
  1.8269E+02  5.1857E-02 -4.9360E-03
  1.8283E+02  5.1858E-02 -4.9384E-03
  1.8298E+02  5.1868E-02 -4.9409E-03
  1.8312E+02  5.1886E-02 -4.9434E-03
  1.8327E+02  5.1911E-02 -4.9458E-03
  1.8342E+02  5.1944E-02 -4.9483E-03
  1.8356E+02  5.1982E-02 -4.9507E-03
  1.8371E+02  5.2027E-02 -4.9532E-03
  1.8385E+02  5.2076E-02 -4.9557E-03
  1.8400E+02  5.2130E-02 -4.9582E-03
  1.8415E+02  5.2187E-02 -4.9608E-03
  1.8429E+02  5.2248E-02 -4.9634E-03
  1.8444E+02  5.2311E-02 -4.9661E-03
  1.8458E+02  5.2376E-02 -4.9689E-03
  1.8473E+02  5.2442E-02 -4.9716E-03
  1.8487E+02  5.2508E-02 -4.9744E-03
  1.8502E+02  5.2575E-02 -4.9773E-03
  1.8517E+02  5.2641E-02 -4.9802E-03
  1.8531E+02  5.2707E-02 -4.9832E-03
  1.8546E+02  5.2772E-02 -4.9864E-03
  1.8560E+02  5.2835E-02 -4.9897E-03
  1.8575E+02  5.2897E-02 -4.9931E-03
  1.8590E+02  5.2956E-02 -4.9965E-03
  1.8604E+02  5.3014E-02 -5.0000E-03
  1.8619E+02  5.3070E-02 -5.0035E-03
  1.8633E+02  5.3123E-02 -5.0070E-03
  1.8648E+02  5.3174E-02 -5.0107E-03
  1.8662E+02  5.3224E-02 -5.0144E-03
  1.8677E+02  5.3272E-02 -5.0183E-03
  1.8692E+02  5.3318E-02 -5.0223E-03
  1.8706E+02  5.3363E-02 -5.0264E-03
  1.8721E+02  5.3407E-02 -5.0306E-03
  1.8735E+02  5.3451E-02 -5.0348E-03
  1.8750E+02  5.3493E-02 -5.0390E-03
  1.8764E+02  5.3534E-02 -5.0431E-03
  1.8779E+02  5.3576E-02 -5.0473E-03
  1.8794E+02  5.3617E-02 -5.0515E-03
  1.8808E+02  5.3658E-02 -5.0557E-03
  1.8823E+02  5.3699E-02 -5.0600E-03
  1.8837E+02  5.3740E-02 -5.0643E-03
  1.8852E+02  5.3782E-02 -5.0686E-03
  1.8867E+02  5.3823E-02 -5.0729E-03
  1.8881E+02  5.3865E-02 -5.0772E-03
  1.8896E+02  5.3907E-02 -5.0814E-03
  1.8910E+02  5.3948E-02 -5.0857E-03
  1.8925E+02  5.3989E-02 -5.0899E-03
  1.8939E+02  5.4029E-02 -5.0941E-03
  1.8954E+02  5.4068E-02 -5.0983E-03
  1.8969E+02  5.4105E-02 -5.1025E-03
  1.8983E+02  5.4140E-02 -5.1066E-03
  1.8998E+02  5.4173E-02 -5.1106E-03
  1.9012E+02  5.4202E-02 -5.1146E-03
  1.9027E+02  5.4228E-02 -5.1185E-03
  1.9041E+02  5.4251E-02 -5.1223E-03
  1.9056E+02  5.4268E-02 -5.1261E-03
  1.9071E+02  5.4281E-02 -5.1298E-03
  1.9085E+02  5.4288E-02 -5.1335E-03
  1.9100E+02  5.4290E-02 -5.1370E-03
  1.9114E+02  5.4286E-02 -5.1405E-03
  1.9129E+02  5.4275E-02 -5.1440E-03
  1.9144E+02  5.4257E-02 -5.1474E-03
  1.9158E+02  5.4233E-02 -5.1507E-03
  1.9173E+02  5.4201E-02 -5.1539E-03
  1.9187E+02  5.4163E-02 -5.1570E-03
  1.9202E+02  5.4118E-02 -5.1601E-03
  1.9216E+02  5.4066E-02 -5.1631E-03
  1.9231E+02  5.4007E-02 -5.1661E-03
  1.9246E+02  5.3942E-02 -5.1690E-03
  1.9260E+02  5.3872E-02 -5.1719E-03
  1.9275E+02  5.3796E-02 -5.1747E-03
  1.9289E+02  5.3715E-02 -5.1774E-03
  1.9304E+02  5.3630E-02 -5.1801E-03
  1.9319E+02  5.3542E-02 -5.1827E-03
  1.9333E+02  5.3451E-02 -5.1853E-03
  1.9348E+02  5.3359E-02 -5.1879E-03
  1.9362E+02  5.3265E-02 -5.1905E-03
  1.9377E+02  5.3172E-02 -5.1932E-03
  1.9391E+02  5.3080E-02 -5.1959E-03
  1.9406E+02  5.2990E-02 -5.1986E-03
  1.9421E+02  5.2902E-02 -5.2013E-03
  1.9435E+02  5.2818E-02 -5.2040E-03
  1.9450E+02  5.2738E-02 -5.2067E-03
  1.9464E+02  5.2664E-02 -5.2094E-03
  1.9479E+02  5.2596E-02 -5.2121E-03
  1.9493E+02  5.2534E-02 -5.2149E-03
  1.9508E+02  5.2480E-02 -5.2177E-03
  1.9523E+02  5.2434E-02 -5.2207E-03
  1.9537E+02  5.2397E-02 -5.2238E-03
  1.9552E+02  5.2368E-02 -5.2270E-03
  1.9566E+02  5.2348E-02 -5.2302E-03
  1.9581E+02  5.2337E-02 -5.2335E-03
  1.9596E+02  5.2335E-02 -5.2368E-03
  1.9610E+02  5.2342E-02 -5.2401E-03
  1.9625E+02  5.2357E-02 -5.2434E-03
  1.9639E+02  5.2381E-02 -5.2467E-03
  1.9654E+02  5.2412E-02 -5.2501E-03
  1.9668E+02  5.2451E-02 -5.2535E-03
  1.9683E+02  5.2497E-02 -5.2570E-03
  1.9698E+02  5.2548E-02 -5.2606E-03
  1.9712E+02  5.2605E-02 -5.2642E-03
  1.9727E+02  5.2667E-02 -5.2678E-03
  1.9741E+02  5.2733E-02 -5.2715E-03
  1.9756E+02  5.2801E-02 -5.2752E-03
  1.9770E+02  5.2871E-02 -5.2789E-03
  1.9785E+02  5.2942E-02 -5.2826E-03
  1.9800E+02  5.3013E-02 -5.2863E-03
  1.9814E+02  5.3084E-02 -5.2900E-03
  1.9829E+02  5.3153E-02 -5.2938E-03
  1.9843E+02  5.3219E-02 -5.2976E-03
  1.9858E+02  5.3282E-02 -5.3014E-03
  1.9873E+02  5.3342E-02 -5.3052E-03
  1.9887E+02  5.3397E-02 -5.3091E-03
  1.9902E+02  5.3447E-02 -5.3129E-03
  1.9916E+02  5.3491E-02 -5.3168E-03
  1.9931E+02  5.3530E-02 -5.3207E-03
  1.9945E+02  5.3562E-02 -5.3247E-03
  1.9960E+02  5.3588E-02 -5.3286E-03
  1.9975E+02  5.3607E-02 -5.3326E-03
  1.9989E+02  5.3620E-02 -5.3365E-03
  2.0004E+02  5.3627E-02 -5.3405E-03
  2.0018E+02  5.3628E-02 -5.3445E-03
  2.0033E+02  5.3622E-02 -5.3486E-03
  2.0048E+02  5.3611E-02 -5.3526E-03
  2.0062E+02  5.3595E-02 -5.3567E-03
  2.0077E+02  5.3575E-02 -5.3608E-03
  2.0091E+02  5.3550E-02 -5.3650E-03
  2.0106E+02  5.3522E-02 -5.3691E-03
  2.0120E+02  5.3491E-02 -5.3733E-03
  2.0135E+02  5.3458E-02 -5.3775E-03
  2.0150E+02  5.3423E-02 -5.3817E-03
  2.0164E+02  5.3388E-02 -5.3859E-03
  2.0179E+02  5.3353E-02 -5.3901E-03
  2.0193E+02  5.3318E-02 -5.3943E-03
  2.0208E+02  5.3284E-02 -5.3984E-03
  2.0222E+02  5.3252E-02 -5.4025E-03
  2.0237E+02  5.3222E-02 -5.4066E-03
  2.0252E+02  5.3195E-02 -5.4106E-03
  2.0266E+02  5.3172E-02 -5.4146E-03
  2.0281E+02  5.3151E-02 -5.4186E-03
  2.0295E+02  5.3135E-02 -5.4225E-03
  2.0310E+02  5.3123E-02 -5.4263E-03
  2.0325E+02  5.3114E-02 -5.4301E-03
  2.0339E+02  5.3110E-02 -5.4338E-03
  2.0354E+02  5.3111E-02 -5.4373E-03
  2.0368E+02  5.3114E-02 -5.4408E-03
  2.0383E+02  5.3122E-02 -5.4441E-03
  2.0397E+02  5.3133E-02 -5.4473E-03
  2.0412E+02  5.3148E-02 -5.4505E-03
  2.0427E+02  5.3164E-02 -5.4536E-03
  2.0441E+02  5.3183E-02 -5.4567E-03
  2.0456E+02  5.3203E-02 -5.4597E-03
  2.0470E+02  5.3224E-02 -5.4627E-03
  2.0485E+02  5.3246E-02 -5.4656E-03
  2.0499E+02  5.3266E-02 -5.4684E-03
  2.0514E+02  5.3285E-02 -5.4712E-03
  2.0529E+02  5.3302E-02 -5.4740E-03
  2.0543E+02  5.3316E-02 -5.4767E-03
  2.0558E+02  5.3326E-02 -5.4793E-03
  2.0572E+02  5.3332E-02 -5.4820E-03
  2.0587E+02  5.3333E-02 -5.4846E-03
  2.0602E+02  5.3328E-02 -5.4872E-03
  2.0616E+02  5.3317E-02 -5.4898E-03
  2.0631E+02  5.3300E-02 -5.4924E-03
  2.0645E+02  5.3276E-02 -5.4950E-03
  2.0660E+02  5.3244E-02 -5.4976E-03
  2.0674E+02  5.3205E-02 -5.5002E-03
  2.0689E+02  5.3159E-02 -5.5028E-03
  2.0704E+02  5.3104E-02 -5.5053E-03
  2.0718E+02  5.3043E-02 -5.5078E-03
  2.0733E+02  5.2974E-02 -5.5104E-03
  2.0747E+02  5.2898E-02 -5.5128E-03
  2.0762E+02  5.2815E-02 -5.5153E-03
  2.0777E+02  5.2727E-02 -5.5177E-03
  2.0791E+02  5.2633E-02 -5.5201E-03
  2.0806E+02  5.2534E-02 -5.5225E-03
  2.0820E+02  5.2432E-02 -5.5248E-03
  2.0835E+02  5.2326E-02 -5.5271E-03
  2.0849E+02  5.2219E-02 -5.5294E-03
  2.0864E+02  5.2110E-02 -5.5317E-03
  2.0879E+02  5.2002E-02 -5.5339E-03
  2.0893E+02  5.1894E-02 -5.5360E-03
  2.0908E+02  5.1788E-02 -5.5381E-03
  2.0922E+02  5.1686E-02 -5.5402E-03
  2.0937E+02  5.1587E-02 -5.5423E-03
  2.0951E+02  5.1493E-02 -5.5443E-03
  2.0966E+02  5.1406E-02 -5.5462E-03
  2.0981E+02  5.1325E-02 -5.5482E-03
  2.0995E+02  5.1253E-02 -5.5501E-03
  2.1010E+02  5.1189E-02 -5.5520E-03
  2.1024E+02  5.1135E-02 -5.5538E-03
  2.1039E+02  5.1090E-02 -5.5557E-03
  2.1054E+02  5.1057E-02 -5.5576E-03
  2.1068E+02  5.1034E-02 -5.5594E-03
  2.1083E+02  5.1023E-02 -5.5613E-03
  2.1097E+02  5.1023E-02 -5.5632E-03
  2.1112E+02  5.1035E-02 -5.5651E-03
  2.1126E+02  5.1059E-02 -5.5670E-03
  2.1141E+02  5.1094E-02 -5.5690E-03
  2.1156E+02  5.1140E-02 -5.5710E-03
  2.1170E+02  5.1197E-02 -5.5730E-03
  2.1185E+02  5.1264E-02 -5.5751E-03
  2.1199E+02  5.1340E-02 -5.5772E-03
  2.1214E+02  5.1425E-02 -5.5794E-03
  2.1228E+02  5.1518E-02 -5.5817E-03
  2.1243E+02  5.1617E-02 -5.5840E-03
  2.1258E+02  5.1722E-02 -5.5865E-03
  2.1272E+02  5.1832E-02 -5.5890E-03
  2.1287E+02  5.1945E-02 -5.5917E-03
  2.1301E+02  5.2061E-02 -5.5945E-03
  2.1316E+02  5.2177E-02 -5.5974E-03
  2.1331E+02  5.2294E-02 -5.6004E-03
  2.1345E+02  5.2408E-02 -5.6035E-03
  2.1360E+02  5.2521E-02 -5.6067E-03
  2.1374E+02  5.2629E-02 -5.6100E-03
  2.1389E+02  5.2733E-02 -5.6135E-03
  2.1403E+02  5.2832E-02 -5.6171E-03
  2.1418E+02  5.2924E-02 -5.6208E-03
  2.1433E+02  5.3009E-02 -5.6247E-03
  2.1447E+02  5.3086E-02 -5.6287E-03
  2.1462E+02  5.3155E-02 -5.6328E-03
  2.1476E+02  5.3215E-02 -5.6371E-03
  2.1491E+02  5.3267E-02 -5.6415E-03
  2.1506E+02  5.3309E-02 -5.6459E-03
  2.1520E+02  5.3343E-02 -5.6505E-03
  2.1535E+02  5.3368E-02 -5.6550E-03
  2.1549E+02  5.3385E-02 -5.6597E-03
  2.1564E+02  5.3394E-02 -5.6644E-03
  2.1578E+02  5.3395E-02 -5.6691E-03
  2.1593E+02  5.3389E-02 -5.6739E-03
  2.1608E+02  5.3378E-02 -5.6787E-03
  2.1622E+02  5.3360E-02 -5.6836E-03
  2.1637E+02  5.3338E-02 -5.6884E-03
  2.1651E+02  5.3312E-02 -5.6933E-03
  2.1666E+02  5.3283E-02 -5.6982E-03
  2.1680E+02  5.3251E-02 -5.7031E-03
  2.1695E+02  5.3219E-02 -5.7080E-03
  2.1710E+02  5.3185E-02 -5.7128E-03
  2.1724E+02  5.3151E-02 -5.7176E-03
  2.1739E+02  5.3118E-02 -5.7223E-03
  2.1753E+02  5.3086E-02 -5.7270E-03
  2.1768E+02  5.3057E-02 -5.7316E-03
  2.1783E+02  5.3030E-02 -5.7361E-03
  2.1797E+02  5.3005E-02 -5.7406E-03
  2.1812E+02  5.2984E-02 -5.7450E-03
  2.1826E+02  5.2967E-02 -5.7493E-03
  2.1841E+02  5.2954E-02 -5.7536E-03
  2.1855E+02  5.2945E-02 -5.7578E-03
  2.1870E+02  5.2940E-02 -5.7620E-03
  2.1885E+02  5.2939E-02 -5.7661E-03
  2.1899E+02  5.2942E-02 -5.7701E-03
  2.1914E+02  5.2950E-02 -5.7741E-03
  2.1928E+02  5.2961E-02 -5.7781E-03
  2.1943E+02  5.2976E-02 -5.7820E-03
  2.1957E+02  5.2995E-02 -5.7859E-03
  2.1972E+02  5.3016E-02 -5.7898E-03
  2.1987E+02  5.3041E-02 -5.7936E-03
  2.2001E+02  5.3068E-02 -5.7974E-03
  2.2016E+02  5.3096E-02 -5.8011E-03
  2.2030E+02  5.3127E-02 -5.8049E-03
  2.2045E+02  5.3158E-02 -5.8086E-03
  2.2060E+02  5.3191E-02 -5.8123E-03
  2.2074E+02  5.3223E-02 -5.8160E-03
  2.2089E+02  5.3256E-02 -5.8197E-03
  2.2103E+02  5.3287E-02 -5.8234E-03
  2.2118E+02  5.3318E-02 -5.8271E-03
  2.2132E+02  5.3347E-02 -5.8307E-03
  2.2147E+02  5.3374E-02 -5.8344E-03
  2.2162E+02  5.3399E-02 -5.8380E-03
  2.2176E+02  5.3421E-02 -5.8417E-03
  2.2191E+02  5.3440E-02 -5.8453E-03
  2.2205E+02  5.3455E-02 -5.8488E-03
  2.2220E+02  5.3466E-02 -5.8524E-03
  2.2235E+02  5.3474E-02 -5.8559E-03
  2.2249E+02  5.3477E-02 -5.8594E-03
  2.2264E+02  5.3475E-02 -5.8628E-03
  2.2278E+02  5.3469E-02 -5.8662E-03
  2.2293E+02  5.3457E-02 -5.8696E-03
  2.2307E+02  5.3441E-02 -5.8729E-03
  2.2322E+02  5.3420E-02 -5.8762E-03
  2.2337E+02  5.3395E-02 -5.8794E-03
  2.2351E+02  5.3364E-02 -5.8826E-03
  2.2366E+02  5.3329E-02 -5.8857E-03
  2.2380E+02  5.3289E-02 -5.8887E-03
  2.2395E+02  5.3245E-02 -5.8917E-03
  2.2409E+02  5.3197E-02 -5.8947E-03
  2.2424E+02  5.3145E-02 -5.8976E-03
  2.2439E+02  5.3089E-02 -5.9004E-03
  2.2453E+02  5.3031E-02 -5.9033E-03
  2.2468E+02  5.2969E-02 -5.9060E-03
  2.2482E+02  5.2905E-02 -5.9087E-03
  2.2497E+02  5.2839E-02 -5.9114E-03
  2.2512E+02  5.2772E-02 -5.9140E-03
  2.2526E+02  5.2704E-02 -5.9166E-03
  2.2541E+02  5.2634E-02 -5.9192E-03
  2.2555E+02  5.2564E-02 -5.9218E-03
  2.2570E+02  5.2495E-02 -5.9243E-03
  2.2584E+02  5.2425E-02 -5.9269E-03
  2.2599E+02  5.2357E-02 -5.9294E-03
  2.2614E+02  5.2289E-02 -5.9320E-03
  2.2628E+02  5.2223E-02 -5.9345E-03
  2.2643E+02  5.2159E-02 -5.9370E-03
  2.2657E+02  5.2096E-02 -5.9396E-03
  2.2672E+02  5.2036E-02 -5.9421E-03
  2.2686E+02  5.1978E-02 -5.9447E-03
  2.2701E+02  5.1923E-02 -5.9472E-03
  2.2716E+02  5.1870E-02 -5.9498E-03
  2.2730E+02  5.1821E-02 -5.9524E-03
  2.2745E+02  5.1774E-02 -5.9551E-03
  2.2759E+02  5.1731E-02 -5.9577E-03
  2.2774E+02  5.1691E-02 -5.9604E-03
  2.2789E+02  5.1654E-02 -5.9631E-03
  2.2803E+02  5.1621E-02 -5.9659E-03
  2.2818E+02  5.1591E-02 -5.9686E-03
  2.2832E+02  5.1565E-02 -5.9714E-03
  2.2847E+02  5.1542E-02 -5.9742E-03
  2.2861E+02  5.1522E-02 -5.9771E-03
  2.2876E+02  5.1506E-02 -5.9800E-03
  2.2891E+02  5.1494E-02 -5.9829E-03
  2.2905E+02  5.1485E-02 -5.9859E-03
  2.2920E+02  5.1479E-02 -5.9889E-03
  2.2934E+02  5.1476E-02 -5.9919E-03
  2.2949E+02  5.1477E-02 -5.9950E-03
  2.2964E+02  5.1480E-02 -5.9981E-03
  2.2978E+02  5.1487E-02 -6.0012E-03
  2.2993E+02  5.1495E-02 -6.0044E-03
  2.3007E+02  5.1507E-02 -6.0076E-03
  2.3022E+02  5.1520E-02 -6.0108E-03
  2.3036E+02  5.1535E-02 -6.0141E-03
  2.3051E+02  5.1551E-02 -6.0174E-03
  2.3066E+02  5.1569E-02 -6.0208E-03
  2.3080E+02  5.1588E-02 -6.0241E-03
  2.3095E+02  5.1607E-02 -6.0275E-03
  2.3109E+02  5.1626E-02 -6.0310E-03
  2.3124E+02  5.1645E-02 -6.0344E-03
  2.3138E+02  5.1663E-02 -6.0379E-03
  2.3153E+02  5.1681E-02 -6.0414E-03
  2.3168E+02  5.1698E-02 -6.0449E-03
  2.3182E+02  5.1714E-02 -6.0484E-03
  2.3197E+02  5.1728E-02 -6.0519E-03
  2.3211E+02  5.1740E-02 -6.0555E-03
  2.3226E+02  5.1751E-02 -6.0591E-03
  2.3241E+02  5.1761E-02 -6.0626E-03
  2.3255E+02  5.1768E-02 -6.0662E-03
  2.3270E+02  5.1774E-02 -6.0698E-03
  2.3284E+02  5.1779E-02 -6.0734E-03
  2.3299E+02  5.1782E-02 -6.0770E-03
  2.3313E+02  5.1785E-02 -6.0806E-03
  2.3328E+02  5.1786E-02 -6.0842E-03
  2.3343E+02  5.1788E-02 -6.0878E-03
  2.3357E+02  5.1788E-02 -6.0915E-03
  2.3372E+02  5.1790E-02 -6.0951E-03
  2.3386E+02  5.1791E-02 -6.0987E-03
  2.3401E+02  5.1793E-02 -6.1023E-03
  2.3415E+02  5.1796E-02 -6.1060E-03
  2.3430E+02  5.1800E-02 -6.1096E-03
  2.3445E+02  5.1806E-02 -6.1132E-03
  2.3459E+02  5.1813E-02 -6.1168E-03
  2.3474E+02  5.1822E-02 -6.1204E-03
  2.3488E+02  5.1832E-02 -6.1239E-03
  2.3503E+02  5.1844E-02 -6.1275E-03
  2.3518E+02  5.1857E-02 -6.1310E-03
  2.3532E+02  5.1871E-02 -6.1345E-03
  2.3547E+02  5.1886E-02 -6.1380E-03
  2.3561E+02  5.1902E-02 -6.1415E-03
  2.3576E+02  5.1917E-02 -6.1449E-03
  2.3590E+02  5.1933E-02 -6.1484E-03
  2.3605E+02  5.1948E-02 -6.1518E-03
  2.3620E+02  5.1962E-02 -6.1552E-03
  2.3634E+02  5.1974E-02 -6.1586E-03
  2.3649E+02  5.1984E-02 -6.1619E-03
  2.3663E+02  5.1991E-02 -6.1652E-03
  2.3678E+02  5.1996E-02 -6.1684E-03
  2.3693E+02  5.1997E-02 -6.1715E-03
  2.3707E+02  5.1995E-02 -6.1746E-03
  2.3722E+02  5.1989E-02 -6.1776E-03
  2.3736E+02  5.1979E-02 -6.1806E-03
  2.3751E+02  5.1965E-02 -6.1835E-03
  2.3765E+02  5.1947E-02 -6.1863E-03
  2.3780E+02  5.1925E-02 -6.1891E-03
  2.3795E+02  5.1900E-02 -6.1919E-03
  2.3809E+02  5.1871E-02 -6.1946E-03
  2.3824E+02  5.1839E-02 -6.1973E-03
  2.3838E+02  5.1805E-02 -6.2000E-03
  2.3853E+02  5.1768E-02 -6.2026E-03
  2.3867E+02  5.1730E-02 -6.2051E-03
  2.3882E+02  5.1691E-02 -6.2076E-03
  2.3897E+02  5.1652E-02 -6.2100E-03
  2.3911E+02  5.1612E-02 -6.2124E-03
  2.3926E+02  5.1574E-02 -6.2147E-03
  2.3940E+02  5.1538E-02 -6.2170E-03
  2.3955E+02  5.1503E-02 -6.2193E-03
  2.3970E+02  5.1472E-02 -6.2215E-03
  2.3984E+02  5.1444E-02 -6.2238E-03
  2.3999E+02  5.1421E-02 -6.2261E-03
  2.4013E+02  5.1402E-02 -6.2284E-03
  2.4028E+02  5.1389E-02 -6.2307E-03
  2.4042E+02  5.1381E-02 -6.2331E-03
  2.4057E+02  5.1378E-02 -6.2355E-03
  2.4072E+02  5.1382E-02 -6.2380E-03
  2.4086E+02  5.1392E-02 -6.2405E-03
  2.4101E+02  5.1408E-02 -6.2431E-03
  2.4115E+02  5.1430E-02 -6.2457E-03
  2.4130E+02  5.1459E-02 -6.2484E-03
  2.4144E+02  5.1493E-02 -6.2512E-03
  2.4159E+02  5.1533E-02 -6.2540E-03
  2.4174E+02  5.1578E-02 -6.2569E-03
  2.4188E+02  5.1627E-02 -6.2599E-03
  2.4203E+02  5.1682E-02 -6.2629E-03
  2.4217E+02  5.1740E-02 -6.2661E-03
  2.4232E+02  5.1801E-02 -6.2693E-03
  2.4247E+02  5.1866E-02 -6.2726E-03
  2.4261E+02  5.1932E-02 -6.2760E-03
  2.4276E+02  5.2000E-02 -6.2794E-03
  2.4290E+02  5.2070E-02 -6.2830E-03
  2.4305E+02  5.2139E-02 -6.2866E-03
  2.4319E+02  5.2209E-02 -6.2902E-03
  2.4334E+02  5.2278E-02 -6.2939E-03
  2.4349E+02  5.2345E-02 -6.2977E-03
  2.4363E+02  5.2411E-02 -6.3015E-03
  2.4378E+02  5.2474E-02 -6.3053E-03
  2.4392E+02  5.2535E-02 -6.3092E-03
  2.4407E+02  5.2592E-02 -6.3131E-03
  2.4422E+02  5.2646E-02 -6.3170E-03
  2.4436E+02  5.2695E-02 -6.3210E-03
  2.4451E+02  5.2740E-02 -6.3250E-03
  2.4465E+02  5.2780E-02 -6.3290E-03
  2.4480E+02  5.2815E-02 -6.3331E-03
  2.4494E+02  5.2845E-02 -6.3371E-03
  2.4509E+02  5.2869E-02 -6.3412E-03
  2.4524E+02  5.2887E-02 -6.3453E-03
  2.4538E+02  5.2899E-02 -6.3493E-03
  2.4553E+02  5.2905E-02 -6.3534E-03
  2.4567E+02  5.2905E-02 -6.3575E-03
  2.4582E+02  5.2898E-02 -6.3616E-03
  2.4596E+02  5.2885E-02 -6.3657E-03
  2.4611E+02  5.2865E-02 -6.3698E-03
  2.4626E+02  5.2839E-02 -6.3738E-03
  2.4640E+02  5.2806E-02 -6.3779E-03
  2.4655E+02  5.2767E-02 -6.3820E-03
  2.4669E+02  5.2722E-02 -6.3861E-03
  2.4684E+02  5.2671E-02 -6.3901E-03
  2.4699E+02  5.2614E-02 -6.3942E-03
  2.4713E+02  5.2551E-02 -6.3982E-03
  2.4728E+02  5.2484E-02 -6.4023E-03
  2.4742E+02  5.2411E-02 -6.4063E-03
  2.4757E+02  5.2335E-02 -6.4103E-03
  2.4771E+02  5.2254E-02 -6.4143E-03
  2.4786E+02  5.2171E-02 -6.4183E-03
  2.4801E+02  5.2085E-02 -6.4222E-03
  2.4815E+02  5.1997E-02 -6.4262E-03
  2.4830E+02  5.1907E-02 -6.4301E-03
  2.4844E+02  5.1818E-02 -6.4340E-03
  2.4859E+02  5.1729E-02 -6.4379E-03
  2.4873E+02  5.1640E-02 -6.4417E-03
  2.4888E+02  5.1554E-02 -6.4455E-03
  2.4903E+02  5.1470E-02 -6.4493E-03
  2.4917E+02  5.1389E-02 -6.4530E-03
  2.4932E+02  5.1313E-02 -6.4566E-03
  2.4946E+02  5.1241E-02 -6.4603E-03
  2.4961E+02  5.1174E-02 -6.4639E-03
  2.4976E+02  5.1114E-02 -6.4674E-03
  2.4990E+02  5.1061E-02 -6.4710E-03
  2.5005E+02  5.1015E-02 -6.4745E-03
  2.5019E+02  5.0977E-02 -6.4780E-03
  2.5034E+02  5.0947E-02 -6.4815E-03
  2.5048E+02  5.0927E-02 -6.4850E-03
  2.5063E+02  5.0915E-02 -6.4884E-03
  2.5078E+02  5.0913E-02 -6.4919E-03
  2.5092E+02  5.0920E-02 -6.4953E-03
  2.5107E+02  5.0938E-02 -6.4986E-03
  2.5121E+02  5.0965E-02 -6.5020E-03
  2.5136E+02  5.1003E-02 -6.5054E-03
  2.5151E+02  5.1051E-02 -6.5088E-03
  2.5165E+02  5.1110E-02 -6.5122E-03
  2.5180E+02  5.1178E-02 -6.5156E-03
  2.5194E+02  5.1257E-02 -6.5191E-03
  2.5209E+02  5.1345E-02 -6.5226E-03
  2.5223E+02  5.1443E-02 -6.5261E-03
  2.5238E+02  5.1550E-02 -6.5298E-03
  2.5253E+02  5.1665E-02 -6.5334E-03
  2.5267E+02  5.1789E-02 -6.5371E-03
  2.5282E+02  5.1920E-02 -6.5409E-03
  2.5296E+02  5.2058E-02 -6.5448E-03
  2.5311E+02  5.2202E-02 -6.5487E-03
  2.5325E+02  5.2350E-02 -6.5526E-03
  2.5340E+02  5.2503E-02 -6.5567E-03
  2.5355E+02  5.2658E-02 -6.5608E-03
  2.5369E+02  5.2815E-02 -6.5650E-03
  2.5384E+02  5.2972E-02 -6.5692E-03
  2.5398E+02  5.3128E-02 -6.5736E-03
  2.5413E+02  5.3282E-02 -6.5780E-03
  2.5428E+02  5.3431E-02 -6.5825E-03
  2.5442E+02  5.3575E-02 -6.5871E-03
  2.5457E+02  5.3711E-02 -6.5917E-03
  2.5471E+02  5.3839E-02 -6.5964E-03
  2.5486E+02  5.3957E-02 -6.6011E-03
  2.5500E+02  5.4063E-02 -6.6059E-03
  2.5515E+02  5.4157E-02 -6.6107E-03
  2.5530E+02  5.4236E-02 -6.6155E-03
  2.5544E+02  5.4301E-02 -6.6203E-03
  2.5559E+02  5.4349E-02 -6.6251E-03
  2.5573E+02  5.4380E-02 -6.6299E-03
  2.5588E+02  5.4393E-02 -6.6347E-03
  2.5602E+02  5.4388E-02 -6.6394E-03
  2.5617E+02  5.4364E-02 -6.6441E-03
  2.5632E+02  5.4322E-02 -6.6487E-03
  2.5646E+02  5.4261E-02 -6.6532E-03
  2.5661E+02  5.4182E-02 -6.6576E-03
  2.5675E+02  5.4085E-02 -6.6619E-03
  2.5690E+02  5.3971E-02 -6.6661E-03
  2.5705E+02  5.3841E-02 -6.6702E-03
  2.5719E+02  5.3695E-02 -6.6741E-03
  2.5734E+02  5.3535E-02 -6.6778E-03
  2.5748E+02  5.3362E-02 -6.6813E-03
  2.5763E+02  5.3177E-02 -6.6847E-03
  2.5777E+02  5.2982E-02 -6.6878E-03
  2.5792E+02  5.2779E-02 -6.6908E-03
  2.5807E+02  5.2568E-02 -6.6936E-03
  2.5821E+02  5.2352E-02 -6.6961E-03
  2.5836E+02  5.2133E-02 -6.6985E-03
  2.5850E+02  5.1911E-02 -6.7006E-03
  2.5865E+02  5.1688E-02 -6.7025E-03
  2.5880E+02  5.1466E-02 -6.7042E-03
  2.5894E+02  5.1247E-02 -6.7057E-03
  2.5909E+02  5.1032E-02 -6.7070E-03
  2.5923E+02  5.0822E-02 -6.7081E-03
  2.5938E+02  5.0618E-02 -6.7091E-03
  2.5952E+02  5.0422E-02 -6.7099E-03
  2.5967E+02  5.0236E-02 -6.7105E-03
  2.5982E+02  5.0059E-02 -6.7109E-03
  2.5996E+02  4.9892E-02 -6.7113E-03
  2.6011E+02  4.9738E-02 -6.7115E-03
  2.6025E+02  4.9596E-02 -6.7115E-03
  2.6040E+02  4.9466E-02 -6.7115E-03
  2.6054E+02  4.9351E-02 -6.7115E-03
  2.6069E+02  4.9248E-02 -6.7113E-03
  2.6084E+02  4.9161E-02 -6.7111E-03
  2.6098E+02  4.9087E-02 -6.7109E-03
  2.6113E+02  4.9028E-02 -6.7107E-03
  2.6127E+02  4.8983E-02 -6.7105E-03
  2.6142E+02  4.8952E-02 -6.7103E-03
  2.6157E+02  4.8936E-02 -6.7101E-03
  2.6171E+02  4.8934E-02 -6.7100E-03
  2.6186E+02  4.8945E-02 -6.7100E-03
  2.6200E+02  4.8969E-02 -6.7100E-03
  2.6215E+02  4.9006E-02 -6.7101E-03
  2.6229E+02  4.9055E-02 -6.7104E-03
  2.6244E+02  4.9116E-02 -6.7107E-03
  2.6259E+02  4.9188E-02 -6.7112E-03
  2.6273E+02  4.9270E-02 -6.7118E-03
  2.6288E+02  4.9361E-02 -6.7125E-03
  2.6302E+02  4.9460E-02 -6.7134E-03
  2.6317E+02  4.9568E-02 -6.7145E-03
  2.6331E+02  4.9682E-02 -6.7158E-03
  2.6346E+02  4.9802E-02 -6.7172E-03
  2.6361E+02  4.9928E-02 -6.7188E-03
  2.6375E+02  5.0057E-02 -6.7206E-03
  2.6390E+02  5.0190E-02 -6.7226E-03
  2.6404E+02  5.0325E-02 -6.7247E-03
  2.6419E+02  5.0461E-02 -6.7271E-03
  2.6434E+02  5.0598E-02 -6.7296E-03
  2.6448E+02  5.0734E-02 -6.7324E-03
  2.6463E+02  5.0869E-02 -6.7353E-03
  2.6477E+02  5.1002E-02 -6.7384E-03
  2.6492E+02  5.1133E-02 -6.7417E-03
  2.6506E+02  5.1259E-02 -6.7452E-03
  2.6521E+02  5.1382E-02 -6.7488E-03
  2.6536E+02  5.1499E-02 -6.7527E-03
  2.6550E+02  5.1611E-02 -6.7567E-03
  2.6565E+02  5.1717E-02 -6.7608E-03
  2.6579E+02  5.1816E-02 -6.7652E-03
  2.6594E+02  5.1907E-02 -6.7696E-03
  2.6609E+02  5.1991E-02 -6.7742E-03
  2.6623E+02  5.2067E-02 -6.7790E-03
  2.6638E+02  5.2134E-02 -6.7839E-03
  2.6652E+02  5.2192E-02 -6.7888E-03
  2.6667E+02  5.2241E-02 -6.7939E-03
  2.6681E+02  5.2281E-02 -6.7991E-03
  2.6696E+02  5.2311E-02 -6.8043E-03
  2.6711E+02  5.2331E-02 -6.8096E-03
  2.6725E+02  5.2341E-02 -6.8150E-03
  2.6740E+02  5.2340E-02 -6.8204E-03
  2.6754E+02  5.2330E-02 -6.8258E-03
  2.6769E+02  5.2310E-02 -6.8312E-03
  2.6783E+02  5.2279E-02 -6.8366E-03
  2.6798E+02  5.2239E-02 -6.8420E-03
  2.6813E+02  5.2189E-02 -6.8474E-03
  2.6827E+02  5.2129E-02 -6.8528E-03
  2.6842E+02  5.2060E-02 -6.8580E-03
  2.6856E+02  5.1983E-02 -6.8632E-03
  2.6871E+02  5.1898E-02 -6.8683E-03
  2.6886E+02  5.1805E-02 -6.8733E-03
  2.6900E+02  5.1706E-02 -6.8782E-03
  2.6915E+02  5.1600E-02 -6.8830E-03
  2.6929E+02  5.1489E-02 -6.8877E-03
  2.6944E+02  5.1374E-02 -6.8922E-03
  2.6958E+02  5.1255E-02 -6.8966E-03
  2.6973E+02  5.1134E-02 -6.9009E-03
  2.6988E+02  5.1012E-02 -6.9050E-03
  2.7002E+02  5.0889E-02 -6.9090E-03
  2.7017E+02  5.0766E-02 -6.9128E-03
  2.7031E+02  5.0646E-02 -6.9164E-03
  2.7046E+02  5.0529E-02 -6.9199E-03
  2.7060E+02  5.0415E-02 -6.9233E-03
  2.7075E+02  5.0307E-02 -6.9265E-03
  2.7090E+02  5.0205E-02 -6.9295E-03
  2.7104E+02  5.0111E-02 -6.9324E-03
  2.7119E+02  5.0024E-02 -6.9352E-03
  2.7133E+02  4.9946E-02 -6.9379E-03
  2.7148E+02  4.9878E-02 -6.9404E-03
  2.7163E+02  4.9820E-02 -6.9428E-03
  2.7177E+02  4.9774E-02 -6.9451E-03
  2.7192E+02  4.9738E-02 -6.9473E-03
  2.7206E+02  4.9714E-02 -6.9494E-03
  2.7221E+02  4.9702E-02 -6.9515E-03
  2.7235E+02  4.9702E-02 -6.9535E-03
  2.7250E+02  4.9713E-02 -6.9554E-03
  2.7265E+02  4.9737E-02 -6.9572E-03
  2.7279E+02  4.9771E-02 -6.9591E-03
  2.7294E+02  4.9816E-02 -6.9609E-03
  2.7308E+02  4.9871E-02 -6.9627E-03
  2.7323E+02  4.9936E-02 -6.9645E-03
  2.7338E+02  5.0010E-02 -6.9663E-03
  2.7352E+02  5.0092E-02 -6.9681E-03
  2.7367E+02  5.0181E-02 -6.9699E-03
  2.7381E+02  5.0277E-02 -6.9718E-03
  2.7396E+02  5.0377E-02 -6.9738E-03
  2.7410E+02  5.0482E-02 -6.9758E-03
  2.7425E+02  5.0590E-02 -6.9778E-03
  2.7440E+02  5.0701E-02 -6.9800E-03
  2.7454E+02  5.0813E-02 -6.9822E-03
  2.7469E+02  5.0925E-02 -6.9845E-03
  2.7483E+02  5.1036E-02 -6.9869E-03
  2.7498E+02  5.1146E-02 -6.9894E-03
  2.7512E+02  5.1254E-02 -6.9919E-03
  2.7527E+02  5.1358E-02 -6.9946E-03
  2.7542E+02  5.1459E-02 -6.9974E-03
  2.7556E+02  5.1556E-02 -7.0003E-03
  2.7571E+02  5.1647E-02 -7.0033E-03
  2.7585E+02  5.1734E-02 -7.0064E-03
  2.7600E+02  5.1814E-02 -7.0096E-03
  2.7615E+02  5.1889E-02 -7.0129E-03
  2.7629E+02  5.1957E-02 -7.0163E-03
  2.7644E+02  5.2019E-02 -7.0198E-03
  2.7658E+02  5.2075E-02 -7.0234E-03
  2.7673E+02  5.2125E-02 -7.0271E-03
  2.7687E+02  5.2169E-02 -7.0309E-03
  2.7702E+02  5.2207E-02 -7.0348E-03
  2.7717E+02  5.2240E-02 -7.0388E-03
  2.7731E+02  5.2267E-02 -7.0429E-03
  2.7746E+02  5.2290E-02 -7.0470E-03
  2.7760E+02  5.2309E-02 -7.0513E-03
  2.7775E+02  5.2323E-02 -7.0556E-03
  2.7789E+02  5.2335E-02 -7.0600E-03
  2.7804E+02  5.2343E-02 -7.0645E-03
  2.7819E+02  5.2349E-02 -7.0690E-03
  2.7833E+02  5.2354E-02 -7.0736E-03
  2.7848E+02  5.2357E-02 -7.0782E-03
  2.7862E+02  5.2358E-02 -7.0830E-03
  2.7877E+02  5.2360E-02 -7.0877E-03
  2.7892E+02  5.2361E-02 -7.0926E-03
  2.7906E+02  5.2361E-02 -7.0975E-03
  2.7921E+02  5.2363E-02 -7.1024E-03
  2.7935E+02  5.2364E-02 -7.1074E-03
  2.7950E+02  5.2366E-02 -7.1124E-03
  2.7964E+02  5.2368E-02 -7.1175E-03
  2.7979E+02  5.2370E-02 -7.1226E-03
  2.7994E+02  5.2373E-02 -7.1278E-03
  2.8008E+02  5.2376E-02 -7.1330E-03
  2.8023E+02  5.2378E-02 -7.1382E-03
  2.8037E+02  5.2380E-02 -7.1434E-03
  2.8052E+02  5.2381E-02 -7.1487E-03
  2.8067E+02  5.2381E-02 -7.1540E-03
  2.8081E+02  5.2379E-02 -7.1593E-03
  2.8096E+02  5.2376E-02 -7.1646E-03
  2.8110E+02  5.2371E-02 -7.1699E-03
  2.8125E+02  5.2363E-02 -7.1752E-03
  2.8139E+02  5.2353E-02 -7.1805E-03
  2.8154E+02  5.2339E-02 -7.1858E-03
  2.8169E+02  5.2323E-02 -7.1911E-03
  2.8183E+02  5.2303E-02 -7.1963E-03
  2.8198E+02  5.2280E-02 -7.2015E-03
  2.8212E+02  5.2254E-02 -7.2067E-03
  2.8227E+02  5.2225E-02 -7.2118E-03
  2.8241E+02  5.2193E-02 -7.2169E-03
  2.8256E+02  5.2159E-02 -7.2220E-03
  2.8271E+02  5.2121E-02 -7.2270E-03
  2.8285E+02  5.2082E-02 -7.2319E-03
  2.8300E+02  5.2041E-02 -7.2367E-03
  2.8314E+02  5.1999E-02 -7.2415E-03
  2.8329E+02  5.1956E-02 -7.2461E-03
  2.8344E+02  5.1912E-02 -7.2507E-03
  2.8358E+02  5.1869E-02 -7.2553E-03
  2.8373E+02  5.1826E-02 -7.2597E-03
  2.8387E+02  5.1785E-02 -7.2640E-03
  2.8402E+02  5.1745E-02 -7.2682E-03
  2.8416E+02  5.1707E-02 -7.2723E-03
  2.8431E+02  5.1672E-02 -7.2764E-03
  2.8446E+02  5.1639E-02 -7.2803E-03
  2.8460E+02  5.1610E-02 -7.2841E-03
  2.8475E+02  5.1584E-02 -7.2878E-03
  2.8489E+02  5.1562E-02 -7.2915E-03
  2.8504E+02  5.1543E-02 -7.2950E-03
  2.8518E+02  5.1529E-02 -7.2984E-03
  2.8533E+02  5.1518E-02 -7.3017E-03
  2.8548E+02  5.1511E-02 -7.3050E-03
  2.8562E+02  5.1508E-02 -7.3081E-03
  2.8577E+02  5.1509E-02 -7.3111E-03
  2.8591E+02  5.1513E-02 -7.3141E-03
  2.8606E+02  5.1521E-02 -7.3170E-03
  2.8621E+02  5.1532E-02 -7.3198E-03
  2.8635E+02  5.1546E-02 -7.3225E-03
  2.8650E+02  5.1563E-02 -7.3252E-03
  2.8664E+02  5.1582E-02 -7.3278E-03
  2.8679E+02  5.1603E-02 -7.3303E-03
  2.8693E+02  5.1626E-02 -7.3328E-03
  2.8708E+02  5.1650E-02 -7.3353E-03
  2.8723E+02  5.1676E-02 -7.3377E-03
  2.8737E+02  5.1702E-02 -7.3400E-03
  2.8752E+02  5.1729E-02 -7.3423E-03
  2.8766E+02  5.1755E-02 -7.3446E-03
  2.8781E+02  5.1782E-02 -7.3468E-03
  2.8796E+02  5.1807E-02 -7.3490E-03
  2.8810E+02  5.1832E-02 -7.3512E-03
  2.8825E+02  5.1855E-02 -7.3534E-03
  2.8839E+02  5.1876E-02 -7.3555E-03
  2.8854E+02  5.1895E-02 -7.3577E-03
  2.8868E+02  5.1912E-02 -7.3598E-03
  2.8883E+02  5.1926E-02 -7.3619E-03
  2.8898E+02  5.1937E-02 -7.3640E-03
  2.8912E+02  5.1945E-02 -7.3660E-03
  2.8927E+02  5.1949E-02 -7.3681E-03
  2.8941E+02  5.1949E-02 -7.3702E-03
  2.8956E+02  5.1946E-02 -7.3722E-03
  2.8970E+02  5.1938E-02 -7.3743E-03
  2.8985E+02  5.1927E-02 -7.3764E-03
  2.9000E+02  5.1911E-02 -7.3784E-03
  2.9014E+02  5.1891E-02 -7.3805E-03
  2.9029E+02  5.1867E-02 -7.3825E-03
  2.9043E+02  5.1839E-02 -7.3846E-03
  2.9058E+02  5.1807E-02 -7.3867E-03
  2.9073E+02  5.1771E-02 -7.3887E-03
  2.9087E+02  5.1733E-02 -7.3908E-03
  2.9102E+02  5.1691E-02 -7.3929E-03
  2.9116E+02  5.1647E-02 -7.3949E-03
  2.9131E+02  5.1600E-02 -7.3970E-03
  2.9145E+02  5.1552E-02 -7.3991E-03
  2.9160E+02  5.1502E-02 -7.4012E-03
  2.9175E+02  5.1452E-02 -7.4033E-03
  2.9189E+02  5.1401E-02 -7.4053E-03
  2.9204E+02  5.1351E-02 -7.4074E-03
  2.9218E+02  5.1301E-02 -7.4095E-03
  2.9233E+02  5.1253E-02 -7.4116E-03
  2.9247E+02  5.1206E-02 -7.4137E-03
  2.9262E+02  5.1161E-02 -7.4158E-03
  2.9277E+02  5.1119E-02 -7.4179E-03
  2.9291E+02  5.1079E-02 -7.4200E-03
  2.9306E+02  5.1042E-02 -7.4221E-03
  2.9320E+02  5.1008E-02 -7.4241E-03
  2.9335E+02  5.0978E-02 -7.4262E-03
  2.9350E+02  5.0951E-02 -7.4283E-03
  2.9364E+02  5.0927E-02 -7.4304E-03
  2.9379E+02  5.0906E-02 -7.4325E-03
  2.9393E+02  5.0888E-02 -7.4346E-03
  2.9408E+02  5.0872E-02 -7.4367E-03
  2.9422E+02  5.0858E-02 -7.4388E-03
  2.9437E+02  5.0847E-02 -7.4409E-03
  2.9452E+02  5.0836E-02 -7.4430E-03
  2.9466E+02  5.0826E-02 -7.4451E-03
  2.9481E+02  5.0817E-02 -7.4472E-03
  2.9495E+02  5.0806E-02 -7.4493E-03
  2.9510E+02  5.0795E-02 -7.4514E-03
  2.9525E+02  5.0782E-02 -7.4535E-03
  2.9539E+02  5.0767E-02 -7.4556E-03
  2.9554E+02  5.0750E-02 -7.4576E-03
  2.9568E+02  5.0729E-02 -7.4597E-03
  2.9583E+02  5.0704E-02 -7.4618E-03
  2.9597E+02  5.0676E-02 -7.4639E-03
  2.9612E+02  5.0643E-02 -7.4659E-03
  2.9627E+02  5.0606E-02 -7.4680E-03
  2.9641E+02  5.0565E-02 -7.4700E-03
  2.9656E+02  5.0520E-02 -7.4721E-03
  2.9670E+02  5.0471E-02 -7.4741E-03
  2.9685E+02  5.0418E-02 -7.4761E-03
  2.9699E+02  5.0361E-02 -7.4781E-03
  2.9714E+02  5.0302E-02 -7.4801E-03
  2.9729E+02  5.0241E-02 -7.4820E-03
  2.9743E+02  5.0178E-02 -7.4840E-03
  2.9758E+02  5.0114E-02 -7.4859E-03
  2.9772E+02  5.0050E-02 -7.4878E-03
  2.9787E+02  4.9987E-02 -7.4897E-03
  2.9802E+02  4.9925E-02 -7.4916E-03
  2.9816E+02  4.9865E-02 -7.4935E-03
  2.9831E+02  4.9809E-02 -7.4953E-03
  2.9845E+02  4.9757E-02 -7.4972E-03
  2.9860E+02  4.9709E-02 -7.4991E-03
  2.9874E+02  4.9667E-02 -7.5009E-03
  2.9889E+02  4.9631E-02 -7.5028E-03
  2.9904E+02  4.9600E-02 -7.5046E-03
  2.9918E+02  4.9577E-02 -7.5065E-03
  2.9933E+02  4.9561E-02 -7.5084E-03
  2.9947E+02  4.9551E-02 -7.5103E-03
  2.9962E+02  4.9549E-02 -7.5122E-03
  2.9976E+02  4.9554E-02 -7.5142E-03
  2.9991E+02  4.9566E-02 -7.5162E-03
