# CREATED BY GENE DIAGNOSTICS TOOL on Tue Mar 16 15:32:05 2021
# diag: timetrace, run(s): 0009, time window: 0-300(1987 steps), species: ions
# original data path: /ptmp/cmor/HP_GAM_scans/LHD_surface/
# normalization: L_ref=1.65m
#
#  t          Re[phi]     Im[phi]   
  0.0000E+00  9.9995E-01  0.0000E+00
  1.5100E-01  9.9580E-01 -8.8488E-04
  3.0200E-01  9.8394E-01 -1.7488E-03
  4.5300E-01  9.6598E-01 -2.5807E-03
  6.0400E-01  9.4402E-01 -3.3777E-03
  7.5500E-01  9.2010E-01 -4.1392E-03
  9.0600E-01  8.9582E-01 -4.8649E-03
  1.0570E+00  8.7208E-01 -5.5555E-03
  1.2080E+00  8.4906E-01 -6.2126E-03
  1.3590E+00  8.2644E-01 -6.8376E-03
  1.5100E+00  8.0357E-01 -7.4308E-03
  1.6610E+00  7.7977E-01 -7.9911E-03
  1.8120E+00  7.5447E-01 -8.5161E-03
  1.9630E+00  7.2732E-01 -9.0026E-03
  2.1140E+00  6.9821E-01 -9.4472E-03
  2.2650E+00  6.6725E-01 -9.8471E-03
  2.4160E+00  6.3468E-01 -1.0200E-02
  2.5670E+00  6.0081E-01 -1.0504E-02
  2.7180E+00  5.6598E-01 -1.0759E-02
  2.8690E+00  5.3050E-01 -1.0964E-02
  3.0200E+00  4.9462E-01 -1.1118E-02
  3.1710E+00  4.5854E-01 -1.1223E-02
  3.3220E+00  4.2240E-01 -1.1278E-02
  3.4730E+00  3.8631E-01 -1.1284E-02
  3.6240E+00  3.5036E-01 -1.1241E-02
  3.7750E+00  3.1462E-01 -1.1149E-02
  3.9260E+00  2.7915E-01 -1.1009E-02
  4.0770E+00  2.4403E-01 -1.0823E-02
  4.2280E+00  2.0936E-01 -1.0591E-02
  4.3790E+00  1.7522E-01 -1.0313E-02
  4.5300E+00  1.4171E-01 -9.9924E-03
  4.6810E+00  1.0894E-01 -9.6296E-03
  4.8320E+00  7.6989E-02 -9.2264E-03
  4.9830E+00  4.5958E-02 -8.7847E-03
  5.1340E+00  1.5931E-02 -8.3065E-03
  5.2850E+00 -1.3017E-02 -7.7939E-03
  5.4360E+00 -4.0818E-02 -7.2491E-03
  5.5870E+00 -6.7413E-02 -6.6745E-03
  5.7380E+00 -9.2752E-02 -6.0726E-03
  5.8890E+00 -1.1679E-01 -5.4458E-03
  6.0400E+00 -1.3950E-01 -4.7969E-03
  6.1910E+00 -1.6085E-01 -4.1284E-03
  6.3420E+00 -1.8081E-01 -3.4432E-03
  6.4930E+00 -1.9936E-01 -2.7440E-03
  6.6440E+00 -2.1649E-01 -2.0336E-03
  6.7950E+00 -2.3219E-01 -1.3149E-03
  6.9460E+00 -2.4645E-01 -5.9054E-04
  7.0970E+00 -2.5928E-01  1.3653E-04
  7.2480E+00 -2.7068E-01  8.6358E-04
  7.3990E+00 -2.8067E-01  1.5878E-03
  7.5500E+00 -2.8925E-01  2.3066E-03
  7.7010E+00 -2.9644E-01  3.0171E-03
  7.8520E+00 -3.0228E-01  3.7168E-03
  8.0030E+00 -3.0678E-01  4.4033E-03
  8.1540E+00 -3.0998E-01  5.0740E-03
  8.3050E+00 -3.1191E-01  5.7265E-03
  8.4560E+00 -3.1261E-01  6.3586E-03
  8.6070E+00 -3.1212E-01  6.9681E-03
  8.7580E+00 -3.1048E-01  7.5529E-03
  8.9090E+00 -3.0774E-01  8.1111E-03
  9.0600E+00 -3.0395E-01  8.6408E-03
  9.2110E+00 -2.9915E-01  9.1405E-03
  9.3620E+00 -2.9339E-01  9.6084E-03
  9.5130E+00 -2.8672E-01  1.0043E-02
  9.6640E+00 -2.7921E-01  1.0444E-02
  9.8150E+00 -2.7090E-01  1.0809E-02
  9.9660E+00 -2.6185E-01  1.1137E-02
  1.0117E+01 -2.5211E-01  1.1428E-02
  1.0268E+01 -2.4174E-01  1.1681E-02
  1.0419E+01 -2.3079E-01  1.1895E-02
  1.0570E+01 -2.1933E-01  1.2071E-02
  1.0721E+01 -2.0740E-01  1.2207E-02
  1.0872E+01 -1.9507E-01  1.2304E-02
  1.1023E+01 -1.8238E-01  1.2361E-02
  1.1174E+01 -1.6939E-01  1.2380E-02
  1.1325E+01 -1.5616E-01  1.2360E-02
  1.1476E+01 -1.4273E-01  1.2301E-02
  1.1627E+01 -1.2916E-01  1.2206E-02
  1.1778E+01 -1.1550E-01  1.2073E-02
  1.1929E+01 -1.0178E-01  1.1904E-02
  1.2080E+01 -8.8071E-02  1.1701E-02
  1.2231E+01 -7.4405E-02  1.1463E-02
  1.2382E+01 -6.0827E-02  1.1193E-02
  1.2533E+01 -4.7380E-02  1.0892E-02
  1.2684E+01 -3.4102E-02  1.0560E-02
  1.2835E+01 -2.1031E-02  1.0200E-02
  1.2986E+01 -8.2019E-03  9.8138E-03
  1.3137E+01  4.3519E-03  9.4018E-03
  1.3288E+01  1.6599E-02  8.9663E-03
  1.3439E+01  2.8511E-02  8.5090E-03
  1.3590E+01  4.0060E-02  8.0317E-03
  1.3741E+01  5.1221E-02  7.5362E-03
  1.3892E+01  6.1974E-02  7.0244E-03
  1.4043E+01  7.2297E-02  6.4981E-03
  1.4194E+01  8.2174E-02  5.9593E-03
  1.4345E+01  9.1589E-02  5.4097E-03
  1.4496E+01  1.0053E-01  4.8512E-03
  1.4647E+01  1.0898E-01  4.2858E-03
  1.4798E+01  1.1694E-01  3.7152E-03
  1.4949E+01  1.2439E-01  3.1414E-03
  1.5100E+01  1.3134E-01  2.5661E-03
  1.5251E+01  1.3778E-01  1.9910E-03
  1.5402E+01  1.4370E-01  1.4177E-03
  1.5553E+01  1.4912E-01  8.4789E-04
  1.5704E+01  1.5404E-01  2.8309E-04
  1.5855E+01  1.5845E-01 -2.7509E-04
  1.6006E+01  1.6237E-01 -8.2517E-04
  1.6157E+01  1.6581E-01 -1.3658E-03
  1.6308E+01  1.6877E-01 -1.8957E-03
  1.6459E+01  1.7126E-01 -2.4138E-03
  1.6610E+01  1.7330E-01 -2.9190E-03
  1.6761E+01  1.7491E-01 -3.4102E-03
  1.6912E+01  1.7609E-01 -3.8864E-03
  1.7063E+01  1.7686E-01 -4.3465E-03
  1.7214E+01  1.7725E-01 -4.7898E-03
  1.7365E+01  1.7726E-01 -5.2156E-03
  1.7516E+01  1.7692E-01 -5.6234E-03
  1.7667E+01  1.7625E-01 -6.0127E-03
  1.7818E+01  1.7526E-01 -6.3831E-03
  1.7969E+01  1.7397E-01 -6.7343E-03
  1.8120E+01  1.7241E-01 -7.0658E-03
  1.8271E+01  1.7060E-01 -7.3772E-03
  1.8422E+01  1.6855E-01 -7.6684E-03
  1.8573E+01  1.6630E-01 -7.9394E-03
  1.8724E+01  1.6385E-01 -8.1903E-03
  1.8875E+01  1.6123E-01 -8.4212E-03
  1.9026E+01  1.5846E-01 -8.6324E-03
  1.9177E+01  1.5556E-01 -8.8240E-03
  1.9328E+01  1.5255E-01 -8.9963E-03
  1.9479E+01  1.4945E-01 -9.1494E-03
  1.9630E+01  1.4628E-01 -9.2837E-03
  1.9781E+01  1.4305E-01 -9.3997E-03
  1.9932E+01  1.3979E-01 -9.4977E-03
  2.0083E+01  1.3651E-01 -9.5782E-03
  2.0234E+01  1.3322E-01 -9.6418E-03
  2.0385E+01  1.2995E-01 -9.6890E-03
  2.0536E+01  1.2670E-01 -9.7205E-03
  2.0687E+01  1.2350E-01 -9.7369E-03
  2.0838E+01  1.2035E-01 -9.7390E-03
  2.0989E+01  1.1726E-01 -9.7273E-03
  2.1140E+01  1.1426E-01 -9.7025E-03
  2.1291E+01  1.1134E-01 -9.6652E-03
  2.1442E+01  1.0851E-01 -9.6160E-03
  2.1593E+01  1.0579E-01 -9.5555E-03
  2.1744E+01  1.0318E-01 -9.4844E-03
  2.1895E+01  1.0070E-01 -9.4034E-03
  2.2046E+01  9.8334E-02 -9.3132E-03
  2.2197E+01  9.6100E-02 -9.2146E-03
  2.2348E+01  9.3999E-02 -9.1081E-03
  2.2499E+01  9.2034E-02 -8.9944E-03
  2.2650E+01  9.0207E-02 -8.8741E-03
  2.2801E+01  8.8519E-02 -8.7478E-03
  2.2952E+01  8.6970E-02 -8.6161E-03
  2.3103E+01  8.5560E-02 -8.4794E-03
  2.3254E+01  8.4287E-02 -8.3384E-03
  2.3405E+01  8.3151E-02 -8.1936E-03
  2.3556E+01  8.2147E-02 -8.0453E-03
  2.3707E+01  8.1273E-02 -7.8941E-03
  2.3858E+01  8.0526E-02 -7.7404E-03
  2.4009E+01  7.9899E-02 -7.5844E-03
  2.4160E+01  7.9389E-02 -7.4265E-03
  2.4311E+01  7.8990E-02 -7.2671E-03
  2.4462E+01  7.8697E-02 -7.1065E-03
  2.4613E+01  7.8502E-02 -6.9449E-03
  2.4764E+01  7.8400E-02 -6.7828E-03
  2.4915E+01  7.8383E-02 -6.6202E-03
  2.5066E+01  7.8443E-02 -6.4574E-03
  2.5217E+01  7.8574E-02 -6.2944E-03
  2.5368E+01  7.8766E-02 -6.1314E-03
  2.5519E+01  7.9013E-02 -5.9687E-03
  2.5670E+01  7.9307E-02 -5.8060E-03
  2.5821E+01  7.9638E-02 -5.6436E-03
  2.5972E+01  8.0001E-02 -5.4814E-03
  2.6123E+01  8.0385E-02 -5.3195E-03
  2.6274E+01  8.0785E-02 -5.1579E-03
  2.6425E+01  8.1191E-02 -4.9967E-03
  2.6576E+01  8.1595E-02 -4.8357E-03
  2.6727E+01  8.1991E-02 -4.6749E-03
  2.6878E+01  8.2371E-02 -4.5141E-03
  2.7029E+01  8.2728E-02 -4.3534E-03
  2.7180E+01  8.3055E-02 -4.1927E-03
  2.7331E+01  8.3345E-02 -4.0320E-03
  2.7482E+01  8.3594E-02 -3.8712E-03
  2.7633E+01  8.3794E-02 -3.7102E-03
  2.7784E+01  8.3941E-02 -3.5489E-03
  2.7935E+01  8.4029E-02 -3.3873E-03
  2.8086E+01  8.4053E-02 -3.2252E-03
  2.8237E+01  8.4009E-02 -3.0626E-03
  2.8388E+01  8.3893E-02 -2.8991E-03
  2.8539E+01  8.3701E-02 -2.7348E-03
  2.8690E+01  8.3431E-02 -2.5696E-03
  2.8841E+01  8.3080E-02 -2.4035E-03
  2.8992E+01  8.2647E-02 -2.2365E-03
  2.9143E+01  8.2131E-02 -2.0685E-03
  2.9294E+01  8.1530E-02 -1.8998E-03
  2.9445E+01  8.0844E-02 -1.7302E-03
  2.9596E+01  8.0073E-02 -1.5599E-03
  2.9747E+01  7.9216E-02 -1.3887E-03
  2.9898E+01  7.8274E-02 -1.2167E-03
  3.0049E+01  7.7248E-02 -1.0439E-03
  3.0200E+01  7.6139E-02 -8.7046E-04
  3.0351E+01  7.4950E-02 -6.9631E-04
  3.0502E+01  7.3682E-02 -5.2157E-04
  3.0653E+01  7.2339E-02 -3.4635E-04
  3.0804E+01  7.0923E-02 -1.7081E-04
  3.0955E+01  6.9440E-02  4.8194E-06
  3.1106E+01  6.7892E-02  1.8033E-04
  3.1257E+01  6.6284E-02  3.5552E-04
  3.1408E+01  6.4620E-02  5.3019E-04
  3.1559E+01  6.2905E-02  7.0415E-04
  3.1710E+01  6.1141E-02  8.7717E-04
  3.1861E+01  5.9336E-02  1.0490E-03
  3.2012E+01  5.7492E-02  1.2193E-03
  3.2163E+01  5.5617E-02  1.3880E-03
  3.2314E+01  5.3715E-02  1.5546E-03
  3.2465E+01  5.1793E-02  1.7190E-03
  3.2616E+01  4.9857E-02  1.8809E-03
  3.2767E+01  4.7912E-02  2.0399E-03
  3.2918E+01  4.5966E-02  2.1956E-03
  3.3069E+01  4.4022E-02  2.3476E-03
  3.3220E+01  4.2088E-02  2.4957E-03
  3.3371E+01  4.0169E-02  2.6395E-03
  3.3522E+01  3.8269E-02  2.7787E-03
  3.3673E+01  3.6395E-02  2.9131E-03
  3.3824E+01  3.4551E-02  3.0424E-03
  3.3975E+01  3.2743E-02  3.1661E-03
  3.4126E+01  3.0976E-02  3.2841E-03
  3.4277E+01  2.9257E-02  3.3958E-03
  3.4428E+01  2.7590E-02  3.5010E-03
  3.4579E+01  2.5982E-02  3.5994E-03
  3.4730E+01  2.4437E-02  3.6906E-03
  3.4881E+01  2.2961E-02  3.7742E-03
  3.5032E+01  2.1556E-02  3.8500E-03
  3.5183E+01  2.0228E-02  3.9177E-03
  3.5334E+01  1.8978E-02  3.9770E-03
  3.5485E+01  1.7810E-02  4.0278E-03
  3.5636E+01  1.6726E-02  4.0697E-03
  3.5787E+01  1.5729E-02  4.1027E-03
  3.5938E+01  1.4821E-02  4.1266E-03
  3.6089E+01  1.4004E-02  4.1413E-03
  3.6240E+01  1.3280E-02  4.1465E-03
  3.6391E+01  1.2652E-02  4.1421E-03
  3.6542E+01  1.2122E-02  4.1280E-03
  3.6693E+01  1.1693E-02  4.1041E-03
  3.6844E+01  1.1366E-02  4.0703E-03
  3.6995E+01  1.1141E-02  4.0265E-03
  3.7146E+01  1.1019E-02  3.9725E-03
  3.7297E+01  1.1000E-02  3.9084E-03
  3.7448E+01  1.1081E-02  3.8344E-03
  3.7599E+01  1.1263E-02  3.7504E-03
  3.7750E+01  1.1543E-02  3.6565E-03
  3.7901E+01  1.1920E-02  3.5528E-03
  3.8052E+01  1.2392E-02  3.4396E-03
  3.8203E+01  1.2955E-02  3.3169E-03
  3.8354E+01  1.3607E-02  3.1850E-03
  3.8505E+01  1.4348E-02  3.0441E-03
  3.8656E+01  1.5174E-02  2.8944E-03
  3.8807E+01  1.6085E-02  2.7363E-03
  3.8958E+01  1.7076E-02  2.5700E-03
  3.9109E+01  1.8147E-02  2.3959E-03
  3.9260E+01  1.9293E-02  2.2143E-03
  3.9411E+01  2.0511E-02  2.0254E-03
  3.9562E+01  2.1798E-02  1.8297E-03
  3.9713E+01  2.3149E-02  1.6275E-03
  3.9864E+01  2.4560E-02  1.4192E-03
  4.0015E+01  2.6025E-02  1.2051E-03
  4.0166E+01  2.7538E-02  9.8582E-04
  4.0317E+01  2.9096E-02  7.6168E-04
  4.0468E+01  3.0692E-02  5.3317E-04
  4.0619E+01  3.2322E-02  3.0079E-04
  4.0770E+01  3.3981E-02  6.5038E-05
  4.0921E+01  3.5665E-02 -1.7358E-04
  4.1072E+01  3.7369E-02 -4.1454E-04
  4.1223E+01  3.9089E-02 -6.5733E-04
  4.1374E+01  4.0823E-02 -9.0146E-04
  4.1525E+01  4.2567E-02 -1.1464E-03
  4.1676E+01  4.4317E-02 -1.3917E-03
  4.1827E+01  4.6071E-02 -1.6369E-03
  4.1978E+01  4.7823E-02 -1.8814E-03
  4.2129E+01  4.9570E-02 -2.1249E-03
  4.2280E+01  5.1307E-02 -2.3669E-03
  4.2431E+01  5.3030E-02 -2.6070E-03
  4.2582E+01  5.4734E-02 -2.8449E-03
  4.2733E+01  5.6415E-02 -3.0801E-03
  4.2884E+01  5.8070E-02 -3.3121E-03
  4.3035E+01  5.9693E-02 -3.5406E-03
  4.3186E+01  6.1281E-02 -3.7650E-03
  4.3337E+01  6.2830E-02 -3.9850E-03
  4.3488E+01  6.4337E-02 -4.2003E-03
  4.3639E+01  6.5801E-02 -4.4103E-03
  4.3790E+01  6.7220E-02 -4.6148E-03
  4.3941E+01  6.8592E-02 -4.8134E-03
  4.4092E+01  6.9917E-02 -5.0058E-03
  4.4243E+01  7.1193E-02 -5.1917E-03
  4.4394E+01  7.2419E-02 -5.3708E-03
  4.4545E+01  7.3593E-02 -5.5428E-03
  4.4696E+01  7.4714E-02 -5.7075E-03
  4.4847E+01  7.5780E-02 -5.8647E-03
  4.4998E+01  7.6790E-02 -6.0142E-03
  4.5149E+01  7.7742E-02 -6.1560E-03
  4.5300E+01  7.8634E-02 -6.2898E-03
  4.5451E+01  7.9467E-02 -6.4156E-03
  4.5602E+01  8.0238E-02 -6.5333E-03
  4.5753E+01  8.0946E-02 -6.6429E-03
  4.5904E+01  8.1590E-02 -6.7441E-03
  4.6055E+01  8.2171E-02 -6.8369E-03
  4.6206E+01  8.2690E-02 -6.9212E-03
  4.6357E+01  8.3145E-02 -6.9969E-03
  4.6508E+01  8.3540E-02 -7.0641E-03
  4.6659E+01  8.3876E-02 -7.1226E-03
  4.6810E+01  8.4153E-02 -7.1726E-03
  4.6961E+01  8.4374E-02 -7.2140E-03
  4.7112E+01  8.4538E-02 -7.2469E-03
  4.7263E+01  8.4648E-02 -7.2715E-03
  4.7414E+01  8.4703E-02 -7.2877E-03
  4.7565E+01  8.4705E-02 -7.2957E-03
  4.7716E+01  8.4655E-02 -7.2956E-03
  4.7867E+01  8.4555E-02 -7.2875E-03
  4.8018E+01  8.4406E-02 -7.2717E-03
  4.8169E+01  8.4208E-02 -7.2482E-03
  4.8320E+01  8.3965E-02 -7.2172E-03
  4.8471E+01  8.3677E-02 -7.1788E-03
  4.8622E+01  8.3346E-02 -7.1333E-03
  4.8773E+01  8.2975E-02 -7.0808E-03
  4.8924E+01  8.2563E-02 -7.0215E-03
  4.9075E+01  8.2115E-02 -6.9557E-03
  4.9226E+01  8.1632E-02 -6.8835E-03
  4.9377E+01  8.1117E-02 -6.8053E-03
  4.9528E+01  8.0572E-02 -6.7212E-03
  4.9679E+01  7.9999E-02 -6.6315E-03
  4.9830E+01  7.9400E-02 -6.5366E-03
  4.9981E+01  7.8778E-02 -6.4366E-03
  5.0132E+01  7.8132E-02 -6.3318E-03
  5.0283E+01  7.7465E-02 -6.2225E-03
  5.0434E+01  7.6778E-02 -6.1088E-03
  5.0585E+01  7.6071E-02 -5.9911E-03
  5.0736E+01  7.5347E-02 -5.8695E-03
  5.0887E+01  7.4605E-02 -5.7442E-03
  5.1038E+01  7.3849E-02 -5.6157E-03
  5.1189E+01  7.3080E-02 -5.4841E-03
  5.1340E+01  7.2300E-02 -5.3497E-03
  5.1491E+01  7.1511E-02 -5.2128E-03
  5.1642E+01  7.0715E-02 -5.0735E-03
  5.1793E+01  6.9913E-02 -4.9321E-03
  5.1944E+01  6.9108E-02 -4.7889E-03
  5.2095E+01  6.8301E-02 -4.6440E-03
  5.2246E+01  6.7493E-02 -4.4979E-03
  5.2397E+01  6.6688E-02 -4.3508E-03
  5.2548E+01  6.5886E-02 -4.2028E-03
  5.2699E+01  6.5089E-02 -4.0544E-03
  5.2850E+01  6.4299E-02 -3.9057E-03
  5.3001E+01  6.3517E-02 -3.7572E-03
  5.3152E+01  6.2745E-02 -3.6091E-03
  5.3303E+01  6.1984E-02 -3.4616E-03
  5.3454E+01  6.1232E-02 -3.3149E-03
  5.3605E+01  6.0491E-02 -3.1691E-03
  5.3756E+01  5.9760E-02 -3.0243E-03
  5.3907E+01  5.9040E-02 -2.8808E-03
  5.4058E+01  5.8330E-02 -2.7388E-03
  5.4209E+01  5.7631E-02 -2.5983E-03
  5.4360E+01  5.6944E-02 -2.4597E-03
  5.4511E+01  5.6267E-02 -2.3229E-03
  5.4662E+01  5.5603E-02 -2.1882E-03
  5.4813E+01  5.4952E-02 -2.0557E-03
  5.4964E+01  5.4316E-02 -1.9257E-03
  5.5115E+01  5.3695E-02 -1.7984E-03
  5.5266E+01  5.3090E-02 -1.6739E-03
  5.5417E+01  5.2503E-02 -1.5524E-03
  5.5568E+01  5.1933E-02 -1.4339E-03
  5.5719E+01  5.1381E-02 -1.3188E-03
  5.5870E+01  5.0848E-02 -1.2071E-03
  5.6021E+01  5.0335E-02 -1.0991E-03
  5.6172E+01  4.9844E-02 -9.9501E-04
  5.6323E+01  4.9374E-02 -8.9497E-04
  5.6474E+01  4.8925E-02 -7.9900E-04
  5.6625E+01  4.8496E-02 -7.0708E-04
  5.6776E+01  4.8087E-02 -6.1921E-04
  5.6927E+01  4.7698E-02 -5.3542E-04
  5.7078E+01  4.7329E-02 -4.5582E-04
  5.7229E+01  4.6980E-02 -3.8049E-04
  5.7380E+01  4.6650E-02 -3.0944E-04
  5.7531E+01  4.6339E-02 -2.4263E-04
  5.7682E+01  4.6045E-02 -1.7997E-04
  5.7833E+01  4.5767E-02 -1.2142E-04
  5.7984E+01  4.5504E-02 -6.7035E-05
  5.8135E+01  4.5256E-02 -1.6984E-05
  5.8286E+01  4.5024E-02  2.8566E-05
  5.8437E+01  4.4809E-02  6.9526E-05
  5.8588E+01  4.4610E-02  1.0595E-04
  5.8739E+01  4.4426E-02  1.3801E-04
  5.8890E+01  4.4255E-02  1.6589E-04
  5.9041E+01  4.4096E-02  1.8966E-04
  5.9192E+01  4.3951E-02  2.0925E-04
  5.9343E+01  4.3820E-02  2.2447E-04
  5.9494E+01  4.3707E-02  2.3510E-04
  5.9645E+01  4.3612E-02  2.4106E-04
  5.9796E+01  4.3537E-02  2.4244E-04
  5.9947E+01  4.3478E-02  2.3955E-04
  6.0098E+01  4.3434E-02  2.3278E-04
  6.0249E+01  4.3401E-02  2.2246E-04
  6.0400E+01  4.3381E-02  2.0875E-04
  6.0551E+01  4.3373E-02  1.9158E-04
  6.0702E+01  4.3380E-02  1.7076E-04
  6.0853E+01  4.3404E-02  1.4611E-04
  6.1004E+01  4.3444E-02  1.1774E-04
  6.1155E+01  4.3498E-02  8.6062E-05
  6.1306E+01  4.3559E-02  5.1691E-05
  6.1457E+01  4.3625E-02  1.5172E-05
  6.1608E+01  4.3692E-02 -2.3308E-05
  6.1759E+01  4.3765E-02 -6.4019E-05
  6.1910E+01  4.3846E-02 -1.0755E-04
  6.2061E+01  4.3943E-02 -1.5450E-04
  6.2212E+01  4.4058E-02 -2.0515E-04
  6.2363E+01  4.4191E-02 -2.5931E-04
  6.2514E+01  4.4337E-02 -3.1639E-04
  6.2665E+01  4.4489E-02 -3.7566E-04
  6.2816E+01  4.4643E-02 -4.3652E-04
  6.2967E+01  4.4796E-02 -4.9872E-04
  6.3118E+01  4.4950E-02 -5.6246E-04
  6.3269E+01  4.5111E-02 -6.2826E-04
  6.3420E+01  4.5285E-02 -6.9681E-04
  6.3571E+01  4.5477E-02 -7.6857E-04
  6.3722E+01  4.5687E-02 -8.4354E-04
  6.3873E+01  4.5908E-02 -9.2106E-04
  6.4024E+01  4.6132E-02 -9.9998E-04
  6.4175E+01  4.6351E-02 -1.0791E-03
  6.4326E+01  4.6560E-02 -1.1577E-03
  6.4477E+01  4.6761E-02 -1.2357E-03
  6.4628E+01  4.6963E-02 -1.3140E-03
  6.4779E+01  4.7176E-02 -1.3937E-03
  6.4930E+01  4.7412E-02 -1.4759E-03
  6.5081E+01  4.7675E-02 -1.5607E-03
  6.5232E+01  4.7962E-02 -1.6480E-03
  6.5383E+01  4.8264E-02 -1.7366E-03
  6.5534E+01  4.8571E-02 -1.8255E-03
  6.5685E+01  4.8874E-02 -1.9136E-03
  6.5836E+01  4.9167E-02 -2.0007E-03
  6.5987E+01  4.9450E-02 -2.0869E-03
  6.6138E+01  4.9731E-02 -2.1728E-03
  6.6289E+01  5.0016E-02 -2.2592E-03
  6.6440E+01  5.0314E-02 -2.3472E-03
  6.6591E+01  5.0630E-02 -2.4373E-03
  6.6742E+01  5.0963E-02 -2.5298E-03
  6.6893E+01  5.1306E-02 -2.6241E-03
  6.7044E+01  5.1651E-02 -2.7191E-03
  6.7195E+01  5.1987E-02 -2.8137E-03
  6.7346E+01  5.2307E-02 -2.9067E-03
  6.7497E+01  5.2610E-02 -2.9976E-03
  6.7648E+01  5.2900E-02 -3.0864E-03
  6.7799E+01  5.3185E-02 -3.1739E-03
  6.7950E+01  5.3476E-02 -3.2610E-03
  6.8101E+01  5.3781E-02 -3.3484E-03
  6.8252E+01  5.4102E-02 -3.4365E-03
  6.8403E+01  5.4439E-02 -3.5252E-03
  6.8554E+01  5.4785E-02 -3.6139E-03
  6.8705E+01  5.5133E-02 -3.7017E-03
  6.8856E+01  5.5472E-02 -3.7875E-03
  6.9007E+01  5.5795E-02 -3.8704E-03
  6.9158E+01  5.6099E-02 -3.9496E-03
  6.9309E+01  5.6384E-02 -4.0250E-03
  6.9460E+01  5.6655E-02 -4.0970E-03
  6.9611E+01  5.6920E-02 -4.1665E-03
  6.9762E+01  5.7187E-02 -4.2347E-03
  6.9913E+01  5.7460E-02 -4.3025E-03
  7.0064E+01  5.7742E-02 -4.3703E-03
  7.0215E+01  5.8027E-02 -4.4375E-03
  7.0366E+01  5.8306E-02 -4.5030E-03
  7.0517E+01  5.8571E-02 -4.5654E-03
  7.0668E+01  5.8816E-02 -4.6234E-03
  7.0819E+01  5.9039E-02 -4.6765E-03
  7.0970E+01  5.9245E-02 -4.7251E-03
  7.1121E+01  5.9446E-02 -4.7706E-03
  7.1272E+01  5.9649E-02 -4.8144E-03
  7.1423E+01  5.9863E-02 -4.8576E-03
  7.1574E+01  6.0088E-02 -4.9008E-03
  7.1725E+01  6.0320E-02 -4.9436E-03
  7.1876E+01  6.0547E-02 -4.9850E-03
  7.2027E+01  6.0758E-02 -5.0237E-03
  7.2178E+01  6.0945E-02 -5.0587E-03
  7.2329E+01  6.1101E-02 -5.0893E-03
  7.2480E+01  6.1228E-02 -5.1154E-03
  7.2631E+01  6.1331E-02 -5.1375E-03
  7.2782E+01  6.1419E-02 -5.1563E-03
  7.2933E+01  6.1498E-02 -5.1726E-03
  7.3084E+01  6.1577E-02 -5.1870E-03
  7.3235E+01  6.1656E-02 -5.1996E-03
  7.3386E+01  6.1732E-02 -5.2101E-03
  7.3537E+01  6.1800E-02 -5.2178E-03
  7.3688E+01  6.1849E-02 -5.2218E-03
  7.3839E+01  6.1872E-02 -5.2211E-03
  7.3990E+01  6.1861E-02 -5.2150E-03
  7.4141E+01  6.1816E-02 -5.2034E-03
  7.4292E+01  6.1742E-02 -5.1868E-03
  7.4443E+01  6.1646E-02 -5.1663E-03
  7.4594E+01  6.1544E-02 -5.1431E-03
  7.4745E+01  6.1449E-02 -5.1188E-03
  7.4896E+01  6.1375E-02 -5.0946E-03
  7.5047E+01  6.1328E-02 -5.0711E-03
  7.5198E+01  6.1310E-02 -5.0481E-03
  7.5349E+01  6.1314E-02 -5.0248E-03
  7.5500E+01  6.1328E-02 -5.0000E-03
  7.5651E+01  6.1334E-02 -4.9722E-03
  7.5802E+01  6.1316E-02 -4.9401E-03
  7.5953E+01  6.1260E-02 -4.9032E-03
  7.6104E+01  6.1156E-02 -4.8613E-03
  7.6255E+01  6.1002E-02 -4.8149E-03
  7.6406E+01  6.0803E-02 -4.7648E-03
  7.6557E+01  6.0568E-02 -4.7121E-03
  7.6708E+01  6.0310E-02 -4.6575E-03
  7.6859E+01  6.0046E-02 -4.6019E-03
  7.7010E+01  5.9791E-02 -4.5462E-03
  7.7161E+01  5.9557E-02 -4.4911E-03
  7.7312E+01  5.9355E-02 -4.4374E-03
  7.7463E+01  5.9188E-02 -4.3857E-03
  7.7614E+01  5.9052E-02 -4.3364E-03
  7.7765E+01  5.8938E-02 -4.2889E-03
  7.7916E+01  5.8830E-02 -4.2423E-03
  7.8067E+01  5.8709E-02 -4.1948E-03
  7.8218E+01  5.8558E-02 -4.1445E-03
  7.8369E+01  5.8366E-02 -4.0900E-03
  7.8520E+01  5.8130E-02 -4.0305E-03
  7.8671E+01  5.7853E-02 -3.9665E-03
  7.8822E+01  5.7551E-02 -3.8995E-03
  7.8973E+01  5.7240E-02 -3.8319E-03
  7.9124E+01  5.6939E-02 -3.7658E-03
  7.9275E+01  5.6660E-02 -3.7032E-03
  7.9426E+01  5.6411E-02 -3.6449E-03
  7.9577E+01  5.6189E-02 -3.5907E-03
  7.9728E+01  5.5985E-02 -3.5396E-03
  7.9879E+01  5.5786E-02 -3.4898E-03
  8.0030E+01  5.5581E-02 -3.4398E-03
  8.0181E+01  5.5358E-02 -3.3882E-03
  8.0332E+01  5.5114E-02 -3.3345E-03
  8.0483E+01  5.4850E-02 -3.2788E-03
  8.0634E+01  5.4572E-02 -3.2217E-03
  8.0785E+01  5.4289E-02 -3.1642E-03
  8.0936E+01  5.4011E-02 -3.1073E-03
  8.1087E+01  5.3747E-02 -3.0518E-03
  8.1238E+01  5.3503E-02 -2.9984E-03
  8.1389E+01  5.3282E-02 -2.9472E-03
  8.1540E+01  5.3085E-02 -2.8980E-03
  8.1691E+01  5.2907E-02 -2.8508E-03
  8.1842E+01  5.2747E-02 -2.8051E-03
  8.1993E+01  5.2598E-02 -2.7607E-03
  8.2144E+01  5.2457E-02 -2.7175E-03
  8.2295E+01  5.2321E-02 -2.6755E-03
  8.2446E+01  5.2186E-02 -2.6347E-03
  8.2597E+01  5.2050E-02 -2.5952E-03
  8.2748E+01  5.1912E-02 -2.5568E-03
  8.2899E+01  5.1772E-02 -2.5195E-03
  8.3050E+01  5.1629E-02 -2.4833E-03
  8.3201E+01  5.1484E-02 -2.4483E-03
  8.3352E+01  5.1339E-02 -2.4145E-03
  8.3503E+01  5.1195E-02 -2.3823E-03
  8.3654E+01  5.1054E-02 -2.3519E-03
  8.3805E+01  5.0917E-02 -2.3235E-03
  8.3956E+01  5.0783E-02 -2.2973E-03
  8.4107E+01  5.0653E-02 -2.2734E-03
  8.4258E+01  5.0526E-02 -2.2517E-03
  8.4409E+01  5.0400E-02 -2.2320E-03
  8.4560E+01  5.0276E-02 -2.2143E-03
  8.4711E+01  5.0152E-02 -2.1984E-03
  8.4862E+01  5.0030E-02 -2.1843E-03
  8.5013E+01  4.9908E-02 -2.1719E-03
  8.5164E+01  4.9790E-02 -2.1614E-03
  8.5315E+01  4.9677E-02 -2.1527E-03
  8.5466E+01  4.9569E-02 -2.1460E-03
  8.5617E+01  4.9469E-02 -2.1414E-03
  8.5768E+01  4.9378E-02 -2.1389E-03
  8.5919E+01  4.9297E-02 -2.1385E-03
  8.6070E+01  4.9227E-02 -2.1404E-03
  8.6221E+01  4.9169E-02 -2.1444E-03
  8.6372E+01  4.9124E-02 -2.1505E-03
  8.6523E+01  4.9091E-02 -2.1587E-03
  8.6674E+01  4.9072E-02 -2.1690E-03
  8.6825E+01  4.9066E-02 -2.1813E-03
  8.6976E+01  4.9074E-02 -2.1957E-03
  8.7127E+01  4.9095E-02 -2.2120E-03
  8.7278E+01  4.9130E-02 -2.2304E-03
  8.7429E+01  4.9178E-02 -2.2506E-03
  8.7580E+01  4.9238E-02 -2.2728E-03
  8.7731E+01  4.9310E-02 -2.2968E-03
  8.7882E+01  4.9391E-02 -2.3225E-03
  8.8033E+01  4.9482E-02 -2.3499E-03
  8.8184E+01  4.9580E-02 -2.3790E-03
  8.8335E+01  4.9685E-02 -2.4097E-03
  8.8486E+01  4.9796E-02 -2.4420E-03
  8.8637E+01  4.9911E-02 -2.4760E-03
  8.8788E+01  5.0030E-02 -2.5116E-03
  8.8939E+01  5.0151E-02 -2.5489E-03
  8.9090E+01  5.0274E-02 -2.5877E-03
  8.9241E+01  5.0397E-02 -2.6280E-03
  8.9392E+01  5.0519E-02 -2.6696E-03
  8.9543E+01  5.0640E-02 -2.7125E-03
  8.9694E+01  5.0757E-02 -2.7564E-03
  8.9845E+01  5.0870E-02 -2.8013E-03
  8.9996E+01  5.0978E-02 -2.8470E-03
  9.0147E+01  5.1080E-02 -2.8934E-03
  9.0298E+01  5.1176E-02 -2.9403E-03
  9.0449E+01  5.1265E-02 -2.9879E-03
  9.0600E+01  5.1349E-02 -3.0359E-03
  9.0751E+01  5.1426E-02 -3.0844E-03
  9.0902E+01  5.1499E-02 -3.1333E-03
  9.1053E+01  5.1568E-02 -3.1825E-03
  9.1204E+01  5.1634E-02 -3.2319E-03
  9.1355E+01  5.1697E-02 -3.2815E-03
  9.1506E+01  5.1760E-02 -3.3312E-03
  9.1657E+01  5.1822E-02 -3.3809E-03
  9.1808E+01  5.1884E-02 -3.4304E-03
  9.1959E+01  5.1948E-02 -3.4797E-03
  9.2110E+01  5.2014E-02 -3.5285E-03
  9.2261E+01  5.2083E-02 -3.5769E-03
  9.2412E+01  5.2156E-02 -3.6248E-03
  9.2563E+01  5.2234E-02 -3.6720E-03
  9.2714E+01  5.2317E-02 -3.7186E-03
  9.2865E+01  5.2406E-02 -3.7645E-03
  9.3016E+01  5.2501E-02 -3.8096E-03
  9.3167E+01  5.2603E-02 -3.8540E-03
  9.3318E+01  5.2712E-02 -3.8976E-03
  9.3469E+01  5.2828E-02 -3.9405E-03
  9.3620E+01  5.2951E-02 -3.9825E-03
  9.3771E+01  5.3079E-02 -4.0236E-03
  9.3922E+01  5.3213E-02 -4.0638E-03
  9.4073E+01  5.3351E-02 -4.1031E-03
  9.4224E+01  5.3493E-02 -4.1414E-03
  9.4375E+01  5.3636E-02 -4.1788E-03
  9.4526E+01  5.3781E-02 -4.2151E-03
  9.4677E+01  5.3926E-02 -4.2503E-03
  9.4828E+01  5.4069E-02 -4.2846E-03
  9.4979E+01  5.4209E-02 -4.3177E-03
  9.5130E+01  5.4344E-02 -4.3497E-03
  9.5281E+01  5.4474E-02 -4.3807E-03
  9.5432E+01  5.4597E-02 -4.4104E-03
  9.5583E+01  5.4711E-02 -4.4390E-03
  9.5734E+01  5.4816E-02 -4.4665E-03
  9.5885E+01  5.4910E-02 -4.4927E-03
  9.6036E+01  5.4994E-02 -4.5177E-03
  9.6187E+01  5.5065E-02 -4.5415E-03
  9.6338E+01  5.5125E-02 -4.5642E-03
  9.6489E+01  5.5172E-02 -4.5856E-03
  9.6640E+01  5.5207E-02 -4.6060E-03
  9.6791E+01  5.5230E-02 -4.6252E-03
  9.6942E+01  5.5241E-02 -4.6433E-03
  9.7093E+01  5.5242E-02 -4.6603E-03
  9.7244E+01  5.5233E-02 -4.6763E-03
  9.7395E+01  5.5215E-02 -4.6911E-03
  9.7546E+01  5.5189E-02 -4.7048E-03
  9.7697E+01  5.5156E-02 -4.7175E-03
  9.7848E+01  5.5117E-02 -4.7290E-03
  9.7999E+01  5.5073E-02 -4.7394E-03
  9.8150E+01  5.5025E-02 -4.7488E-03
  9.8301E+01  5.4975E-02 -4.7570E-03
  9.8452E+01  5.4925E-02 -4.7641E-03
  9.8603E+01  5.4875E-02 -4.7702E-03
  9.8754E+01  5.4826E-02 -4.7752E-03
  9.8905E+01  5.4781E-02 -4.7791E-03
  9.9056E+01  5.4739E-02 -4.7820E-03
  9.9207E+01  5.4701E-02 -4.7839E-03
  9.9358E+01  5.4670E-02 -4.7847E-03
  9.9509E+01  5.4644E-02 -4.7845E-03
  9.9660E+01  5.4625E-02 -4.7833E-03
  9.9811E+01  5.4613E-02 -4.7811E-03
  9.9962E+01  5.4607E-02 -4.7779E-03
  1.0011E+02  5.4608E-02 -4.7738E-03
  1.0026E+02  5.4616E-02 -4.7686E-03
  1.0042E+02  5.4628E-02 -4.7625E-03
  1.0057E+02  5.4646E-02 -4.7553E-03
  1.0072E+02  5.4667E-02 -4.7472E-03
  1.0087E+02  5.4692E-02 -4.7380E-03
  1.0102E+02  5.4717E-02 -4.7279E-03
  1.0117E+02  5.4744E-02 -4.7168E-03
  1.0132E+02  5.4769E-02 -4.7047E-03
  1.0147E+02  5.4791E-02 -4.6916E-03
  1.0162E+02  5.4810E-02 -4.6775E-03
  1.0177E+02  5.4824E-02 -4.6625E-03
  1.0193E+02  5.4831E-02 -4.6467E-03
  1.0208E+02  5.4830E-02 -4.6299E-03
  1.0223E+02  5.4821E-02 -4.6122E-03
  1.0238E+02  5.4801E-02 -4.5937E-03
  1.0253E+02  5.4771E-02 -4.5744E-03
  1.0268E+02  5.4728E-02 -4.5542E-03
  1.0283E+02  5.4674E-02 -4.5332E-03
  1.0298E+02  5.4607E-02 -4.5114E-03
  1.0313E+02  5.4527E-02 -4.4890E-03
  1.0328E+02  5.4434E-02 -4.4658E-03
  1.0344E+02  5.4329E-02 -4.4420E-03
  1.0359E+02  5.4212E-02 -4.4176E-03
  1.0374E+02  5.4084E-02 -4.3927E-03
  1.0389E+02  5.3946E-02 -4.3673E-03
  1.0404E+02  5.3799E-02 -4.3414E-03
  1.0419E+02  5.3644E-02 -4.3152E-03
  1.0434E+02  5.3484E-02 -4.2886E-03
  1.0449E+02  5.3319E-02 -4.2617E-03
  1.0464E+02  5.3152E-02 -4.2347E-03
  1.0479E+02  5.2984E-02 -4.2075E-03
  1.0495E+02  5.2818E-02 -4.1802E-03
  1.0510E+02  5.2655E-02 -4.1530E-03
  1.0525E+02  5.2497E-02 -4.1257E-03
  1.0540E+02  5.2346E-02 -4.0986E-03
  1.0555E+02  5.2204E-02 -4.0718E-03
  1.0570E+02  5.2071E-02 -4.0452E-03
  1.0585E+02  5.1950E-02 -4.0191E-03
  1.0600E+02  5.1841E-02 -3.9935E-03
  1.0615E+02  5.1746E-02 -3.9684E-03
  1.0630E+02  5.1664E-02 -3.9439E-03
  1.0646E+02  5.1596E-02 -3.9202E-03
  1.0661E+02  5.1543E-02 -3.8972E-03
  1.0676E+02  5.1504E-02 -3.8751E-03
  1.0691E+02  5.1479E-02 -3.8538E-03
  1.0706E+02  5.1467E-02 -3.8335E-03
  1.0721E+02  5.1468E-02 -3.8141E-03
  1.0736E+02  5.1480E-02 -3.7957E-03
  1.0751E+02  5.1502E-02 -3.7784E-03
  1.0766E+02  5.1532E-02 -3.7622E-03
  1.0781E+02  5.1570E-02 -3.7470E-03
  1.0797E+02  5.1612E-02 -3.7330E-03
  1.0812E+02  5.1658E-02 -3.7201E-03
  1.0827E+02  5.1705E-02 -3.7085E-03
  1.0842E+02  5.1751E-02 -3.6981E-03
  1.0857E+02  5.1796E-02 -3.6889E-03
  1.0872E+02  5.1836E-02 -3.6809E-03
  1.0887E+02  5.1871E-02 -3.6741E-03
  1.0902E+02  5.1898E-02 -3.6685E-03
  1.0917E+02  5.1917E-02 -3.6641E-03
  1.0932E+02  5.1925E-02 -3.6608E-03
  1.0948E+02  5.1922E-02 -3.6587E-03
  1.0963E+02  5.1907E-02 -3.6576E-03
  1.0978E+02  5.1880E-02 -3.6575E-03
  1.0993E+02  5.1841E-02 -3.6585E-03
  1.1008E+02  5.1788E-02 -3.6604E-03
  1.1023E+02  5.1723E-02 -3.6632E-03
  1.1038E+02  5.1646E-02 -3.6668E-03
  1.1053E+02  5.1557E-02 -3.6713E-03
  1.1068E+02  5.1459E-02 -3.6765E-03
  1.1083E+02  5.1351E-02 -3.6825E-03
  1.1099E+02  5.1236E-02 -3.6891E-03
  1.1114E+02  5.1115E-02 -3.6964E-03
  1.1129E+02  5.0991E-02 -3.7044E-03
  1.1144E+02  5.0864E-02 -3.7129E-03
  1.1159E+02  5.0737E-02 -3.7219E-03
  1.1174E+02  5.0612E-02 -3.7314E-03
  1.1189E+02  5.0491E-02 -3.7413E-03
  1.1204E+02  5.0375E-02 -3.7517E-03
  1.1219E+02  5.0266E-02 -3.7625E-03
  1.1234E+02  5.0167E-02 -3.7738E-03
  1.1250E+02  5.0078E-02 -3.7854E-03
  1.1265E+02  5.0002E-02 -3.7975E-03
  1.1280E+02  4.9938E-02 -3.8100E-03
  1.1295E+02  4.9889E-02 -3.8229E-03
  1.1310E+02  4.9855E-02 -3.8362E-03
  1.1325E+02  4.9836E-02 -3.8498E-03
  1.1340E+02  4.9834E-02 -3.8639E-03
  1.1355E+02  4.9847E-02 -3.8783E-03
  1.1370E+02  4.9877E-02 -3.8931E-03
  1.1385E+02  4.9922E-02 -3.9083E-03
  1.1401E+02  4.9984E-02 -3.9239E-03
  1.1416E+02  5.0060E-02 -3.9399E-03
  1.1431E+02  5.0149E-02 -3.9563E-03
  1.1446E+02  5.0252E-02 -3.9730E-03
  1.1461E+02  5.0366E-02 -3.9901E-03
  1.1476E+02  5.0489E-02 -4.0076E-03
  1.1491E+02  5.0621E-02 -4.0255E-03
  1.1506E+02  5.0759E-02 -4.0437E-03
  1.1521E+02  5.0903E-02 -4.0624E-03
  1.1536E+02  5.1049E-02 -4.0815E-03
  1.1552E+02  5.1196E-02 -4.1010E-03
  1.1567E+02  5.1343E-02 -4.1208E-03
  1.1582E+02  5.1487E-02 -4.1410E-03
  1.1597E+02  5.1626E-02 -4.1615E-03
  1.1612E+02  5.1758E-02 -4.1823E-03
  1.1627E+02  5.1881E-02 -4.2035E-03
  1.1642E+02  5.1994E-02 -4.2250E-03
  1.1657E+02  5.2096E-02 -4.2468E-03
  1.1672E+02  5.2184E-02 -4.2688E-03
  1.1687E+02  5.2258E-02 -4.2910E-03
  1.1703E+02  5.2317E-02 -4.3134E-03
  1.1718E+02  5.2360E-02 -4.3360E-03
  1.1733E+02  5.2386E-02 -4.3587E-03
  1.1748E+02  5.2396E-02 -4.3815E-03
  1.1763E+02  5.2389E-02 -4.4042E-03
  1.1778E+02  5.2365E-02 -4.4270E-03
  1.1793E+02  5.2325E-02 -4.4496E-03
  1.1808E+02  5.2269E-02 -4.4720E-03
  1.1823E+02  5.2199E-02 -4.4943E-03
  1.1838E+02  5.2116E-02 -4.5163E-03
  1.1854E+02  5.2022E-02 -4.5381E-03
  1.1869E+02  5.1919E-02 -4.5597E-03
  1.1884E+02  5.1807E-02 -4.5810E-03
  1.1899E+02  5.1689E-02 -4.6018E-03
  1.1914E+02  5.1567E-02 -4.6221E-03
  1.1929E+02  5.1443E-02 -4.6419E-03
  1.1944E+02  5.1318E-02 -4.6611E-03
  1.1959E+02  5.1196E-02 -4.6798E-03
  1.1974E+02  5.1078E-02 -4.6980E-03
  1.1989E+02  5.0966E-02 -4.7157E-03
  1.2005E+02  5.0864E-02 -4.7328E-03
  1.2020E+02  5.0772E-02 -4.7494E-03
  1.2035E+02  5.0691E-02 -4.7654E-03
  1.2050E+02  5.0625E-02 -4.7808E-03
  1.2065E+02  5.0572E-02 -4.7955E-03
  1.2080E+02  5.0536E-02 -4.8096E-03
  1.2095E+02  5.0516E-02 -4.8231E-03
  1.2110E+02  5.0513E-02 -4.8359E-03
  1.2125E+02  5.0527E-02 -4.8481E-03
  1.2140E+02  5.0558E-02 -4.8595E-03
  1.2156E+02  5.0607E-02 -4.8703E-03
  1.2171E+02  5.0672E-02 -4.8804E-03
  1.2186E+02  5.0753E-02 -4.8898E-03
  1.2201E+02  5.0850E-02 -4.8985E-03
  1.2216E+02  5.0960E-02 -4.9065E-03
  1.2231E+02  5.1082E-02 -4.9139E-03
  1.2246E+02  5.1216E-02 -4.9207E-03
  1.2261E+02  5.1359E-02 -4.9270E-03
  1.2276E+02  5.1509E-02 -4.9327E-03
  1.2291E+02  5.1663E-02 -4.9378E-03
  1.2307E+02  5.1821E-02 -4.9422E-03
  1.2322E+02  5.1979E-02 -4.9460E-03
  1.2337E+02  5.2137E-02 -4.9494E-03
  1.2352E+02  5.2292E-02 -4.9523E-03
  1.2367E+02  5.2442E-02 -4.9550E-03
  1.2382E+02  5.2586E-02 -4.9573E-03
  1.2397E+02  5.2721E-02 -4.9592E-03
  1.2412E+02  5.2845E-02 -4.9607E-03
  1.2427E+02  5.2956E-02 -4.9615E-03
  1.2442E+02  5.3052E-02 -4.9618E-03
  1.2458E+02  5.3132E-02 -4.9616E-03
  1.2473E+02  5.3195E-02 -4.9609E-03
  1.2488E+02  5.3241E-02 -4.9599E-03
  1.2503E+02  5.3270E-02 -4.9585E-03
  1.2518E+02  5.3281E-02 -4.9568E-03
  1.2533E+02  5.3273E-02 -4.9548E-03
  1.2548E+02  5.3246E-02 -4.9524E-03
  1.2563E+02  5.3201E-02 -4.9494E-03
  1.2578E+02  5.3137E-02 -4.9460E-03
  1.2593E+02  5.3055E-02 -4.9422E-03
  1.2609E+02  5.2955E-02 -4.9379E-03
  1.2624E+02  5.2839E-02 -4.9332E-03
  1.2639E+02  5.2709E-02 -4.9282E-03
  1.2654E+02  5.2564E-02 -4.9228E-03
  1.2669E+02  5.2408E-02 -4.9172E-03
  1.2684E+02  5.2241E-02 -4.9113E-03
  1.2699E+02  5.2064E-02 -4.9052E-03
  1.2714E+02  5.1881E-02 -4.8988E-03
  1.2729E+02  5.1692E-02 -4.8921E-03
  1.2744E+02  5.1499E-02 -4.8853E-03
  1.2760E+02  5.1305E-02 -4.8784E-03
  1.2775E+02  5.1112E-02 -4.8714E-03
  1.2790E+02  5.0922E-02 -4.8645E-03
  1.2805E+02  5.0735E-02 -4.8575E-03
  1.2820E+02  5.0555E-02 -4.8506E-03
  1.2835E+02  5.0382E-02 -4.8435E-03
  1.2850E+02  5.0217E-02 -4.8363E-03
  1.2865E+02  5.0064E-02 -4.8290E-03
  1.2880E+02  4.9923E-02 -4.8216E-03
  1.2895E+02  4.9796E-02 -4.8144E-03
  1.2911E+02  4.9686E-02 -4.8074E-03
  1.2926E+02  4.9594E-02 -4.8007E-03
  1.2941E+02  4.9521E-02 -4.7944E-03
  1.2956E+02  4.9466E-02 -4.7884E-03
  1.2971E+02  4.9429E-02 -4.7826E-03
  1.2986E+02  4.9411E-02 -4.7768E-03
  1.3001E+02  4.9410E-02 -4.7710E-03
  1.3016E+02  4.9428E-02 -4.7654E-03
  1.3031E+02  4.9464E-02 -4.7601E-03
  1.3046E+02  4.9519E-02 -4.7552E-03
  1.3062E+02  4.9592E-02 -4.7509E-03
  1.3077E+02  4.9684E-02 -4.7472E-03
  1.3092E+02  4.9792E-02 -4.7442E-03
  1.3107E+02  4.9916E-02 -4.7417E-03
  1.3122E+02  5.0054E-02 -4.7398E-03
  1.3137E+02  5.0204E-02 -4.7384E-03
  1.3152E+02  5.0363E-02 -4.7374E-03
  1.3167E+02  5.0530E-02 -4.7368E-03
  1.3182E+02  5.0703E-02 -4.7367E-03
  1.3197E+02  5.0880E-02 -4.7371E-03
  1.3213E+02  5.1059E-02 -4.7380E-03
  1.3228E+02  5.1238E-02 -4.7394E-03
  1.3243E+02  5.1415E-02 -4.7414E-03
  1.3258E+02  5.1588E-02 -4.7438E-03
  1.3273E+02  5.1755E-02 -4.7466E-03
  1.3288E+02  5.1914E-02 -4.7498E-03
  1.3303E+02  5.2062E-02 -4.7532E-03
  1.3318E+02  5.2198E-02 -4.7569E-03
  1.3333E+02  5.2319E-02 -4.7607E-03
  1.3348E+02  5.2425E-02 -4.7647E-03
  1.3364E+02  5.2513E-02 -4.7688E-03
  1.3379E+02  5.2583E-02 -4.7732E-03
  1.3394E+02  5.2634E-02 -4.7777E-03
  1.3409E+02  5.2665E-02 -4.7824E-03
  1.3424E+02  5.2675E-02 -4.7871E-03
  1.3439E+02  5.2663E-02 -4.7919E-03
  1.3454E+02  5.2629E-02 -4.7967E-03
  1.3469E+02  5.2574E-02 -4.8013E-03
  1.3484E+02  5.2497E-02 -4.8058E-03
  1.3499E+02  5.2400E-02 -4.8101E-03
  1.3515E+02  5.2284E-02 -4.8145E-03
  1.3530E+02  5.2150E-02 -4.8190E-03
  1.3545E+02  5.1999E-02 -4.8236E-03
  1.3560E+02  5.1832E-02 -4.8282E-03
  1.3575E+02  5.1651E-02 -4.8329E-03
  1.3590E+02  5.1456E-02 -4.8375E-03
  1.3605E+02  5.1249E-02 -4.8418E-03
  1.3620E+02  5.1033E-02 -4.8459E-03
  1.3635E+02  5.0808E-02 -4.8498E-03
  1.3650E+02  5.0577E-02 -4.8535E-03
  1.3666E+02  5.0342E-02 -4.8569E-03
  1.3681E+02  5.0107E-02 -4.8603E-03
  1.3696E+02  4.9873E-02 -4.8636E-03
  1.3711E+02  4.9643E-02 -4.8670E-03
  1.3726E+02  4.9420E-02 -4.8703E-03
  1.3741E+02  4.9204E-02 -4.8737E-03
  1.3756E+02  4.8998E-02 -4.8771E-03
  1.3771E+02  4.8804E-02 -4.8804E-03
  1.3786E+02  4.8623E-02 -4.8837E-03
  1.3801E+02  4.8457E-02 -4.8870E-03
  1.3817E+02  4.8307E-02 -4.8902E-03
  1.3832E+02  4.8175E-02 -4.8935E-03
  1.3847E+02  4.8062E-02 -4.8969E-03
  1.3862E+02  4.7969E-02 -4.9005E-03
  1.3877E+02  4.7897E-02 -4.9043E-03
  1.3892E+02  4.7848E-02 -4.9084E-03
  1.3907E+02  4.7822E-02 -4.9128E-03
  1.3922E+02  4.7819E-02 -4.9177E-03
  1.3937E+02  4.7839E-02 -4.9229E-03
  1.3952E+02  4.7882E-02 -4.9286E-03
  1.3968E+02  4.7947E-02 -4.9347E-03
  1.3983E+02  4.8035E-02 -4.9411E-03
  1.3998E+02  4.8143E-02 -4.9479E-03
  1.4013E+02  4.8271E-02 -4.9550E-03
  1.4028E+02  4.8418E-02 -4.9626E-03
  1.4043E+02  4.8584E-02 -4.9708E-03
  1.4058E+02  4.8766E-02 -4.9795E-03
  1.4073E+02  4.8962E-02 -4.9889E-03
  1.4088E+02  4.9172E-02 -4.9987E-03
  1.4103E+02  4.9391E-02 -5.0089E-03
  1.4119E+02  4.9619E-02 -5.0193E-03
  1.4134E+02  4.9853E-02 -5.0298E-03
  1.4149E+02  5.0090E-02 -5.0404E-03
  1.4164E+02  5.0329E-02 -5.0511E-03
  1.4179E+02  5.0568E-02 -5.0621E-03
  1.4194E+02  5.0806E-02 -5.0734E-03
  1.4209E+02  5.1040E-02 -5.0850E-03
  1.4224E+02  5.1268E-02 -5.0970E-03
  1.4239E+02  5.1487E-02 -5.1090E-03
  1.4254E+02  5.1696E-02 -5.1211E-03
  1.4270E+02  5.1891E-02 -5.1329E-03
  1.4285E+02  5.2071E-02 -5.1444E-03
  1.4300E+02  5.2234E-02 -5.1556E-03
  1.4315E+02  5.2379E-02 -5.1665E-03
  1.4330E+02  5.2506E-02 -5.1772E-03
  1.4345E+02  5.2613E-02 -5.1878E-03
  1.4360E+02  5.2701E-02 -5.1983E-03
  1.4375E+02  5.2769E-02 -5.2087E-03
  1.4390E+02  5.2815E-02 -5.2191E-03
  1.4405E+02  5.2841E-02 -5.2292E-03
  1.4421E+02  5.2844E-02 -5.2390E-03
  1.4436E+02  5.2825E-02 -5.2484E-03
  1.4451E+02  5.2784E-02 -5.2574E-03
  1.4466E+02  5.2720E-02 -5.2659E-03
  1.4481E+02  5.2636E-02 -5.2740E-03
  1.4496E+02  5.2532E-02 -5.2817E-03
  1.4511E+02  5.2408E-02 -5.2891E-03
  1.4526E+02  5.2268E-02 -5.2961E-03
  1.4541E+02  5.2111E-02 -5.3028E-03
  1.4556E+02  5.1939E-02 -5.3092E-03
  1.4572E+02  5.1755E-02 -5.3153E-03
  1.4587E+02  5.1559E-02 -5.3209E-03
  1.4602E+02  5.1352E-02 -5.3261E-03
  1.4617E+02  5.1138E-02 -5.3309E-03
  1.4632E+02  5.0916E-02 -5.3352E-03
  1.4647E+02  5.0690E-02 -5.3391E-03
  1.4662E+02  5.0461E-02 -5.3426E-03
  1.4677E+02  5.0231E-02 -5.3457E-03
  1.4692E+02  5.0002E-02 -5.3486E-03
  1.4707E+02  4.9776E-02 -5.3512E-03
  1.4723E+02  4.9556E-02 -5.3535E-03
  1.4738E+02  4.9342E-02 -5.3557E-03
  1.4753E+02  4.9137E-02 -5.3576E-03
  1.4768E+02  4.8942E-02 -5.3594E-03
  1.4783E+02  4.8757E-02 -5.3610E-03
  1.4798E+02  4.8585E-02 -5.3623E-03
  1.4813E+02  4.8426E-02 -5.3634E-03
  1.4828E+02  4.8281E-02 -5.3643E-03
  1.4843E+02  4.8151E-02 -5.3649E-03
  1.4858E+02  4.8038E-02 -5.3655E-03
  1.4874E+02  4.7942E-02 -5.3660E-03
  1.4889E+02  4.7865E-02 -5.3666E-03
  1.4904E+02  4.7806E-02 -5.3674E-03
  1.4919E+02  4.7767E-02 -5.3685E-03
  1.4934E+02  4.7747E-02 -5.3699E-03
  1.4949E+02  4.7746E-02 -5.3716E-03
  1.4964E+02  4.7763E-02 -5.3736E-03
  1.4979E+02  4.7797E-02 -5.3756E-03
  1.4994E+02  4.7846E-02 -5.3777E-03
  1.5009E+02  4.7910E-02 -5.3797E-03
  1.5025E+02  4.7988E-02 -5.3817E-03
  1.5040E+02  4.8079E-02 -5.3836E-03
  1.5055E+02  4.8182E-02 -5.3855E-03
  1.5070E+02  4.8298E-02 -5.3877E-03
  1.5085E+02  4.8425E-02 -5.3901E-03
  1.5100E+02  4.8563E-02 -5.3930E-03
  1.5115E+02  4.8712E-02 -5.3964E-03
  1.5130E+02  4.8871E-02 -5.4004E-03
  1.5145E+02  4.9038E-02 -5.4048E-03
  1.5160E+02  4.9212E-02 -5.4095E-03
  1.5176E+02  4.9391E-02 -5.4146E-03
  1.5191E+02  4.9573E-02 -5.4198E-03
  1.5206E+02  4.9756E-02 -5.4252E-03
  1.5221E+02  4.9938E-02 -5.4306E-03
  1.5236E+02  5.0119E-02 -5.4360E-03
  1.5251E+02  5.0296E-02 -5.4415E-03
  1.5266E+02  5.0470E-02 -5.4472E-03
  1.5281E+02  5.0638E-02 -5.4530E-03
  1.5296E+02  5.0800E-02 -5.4591E-03
  1.5311E+02  5.0956E-02 -5.4653E-03
  1.5327E+02  5.1105E-02 -5.4718E-03
  1.5342E+02  5.1246E-02 -5.4786E-03
  1.5357E+02  5.1378E-02 -5.4854E-03
  1.5372E+02  5.1501E-02 -5.4924E-03
  1.5387E+02  5.1614E-02 -5.4995E-03
  1.5402E+02  5.1717E-02 -5.5066E-03
  1.5417E+02  5.1808E-02 -5.5136E-03
  1.5432E+02  5.1888E-02 -5.5207E-03
  1.5447E+02  5.1957E-02 -5.5277E-03
  1.5462E+02  5.2013E-02 -5.5347E-03
  1.5478E+02  5.2058E-02 -5.5417E-03
  1.5493E+02  5.2092E-02 -5.5488E-03
  1.5508E+02  5.2114E-02 -5.5557E-03
  1.5523E+02  5.2125E-02 -5.5626E-03
  1.5538E+02  5.2125E-02 -5.5693E-03
  1.5553E+02  5.2114E-02 -5.5759E-03
  1.5568E+02  5.2093E-02 -5.5824E-03
  1.5583E+02  5.2064E-02 -5.5888E-03
  1.5598E+02  5.2025E-02 -5.5952E-03
  1.5613E+02  5.1978E-02 -5.6015E-03
  1.5629E+02  5.1924E-02 -5.6078E-03
  1.5644E+02  5.1862E-02 -5.6140E-03
  1.5659E+02  5.1793E-02 -5.6199E-03
  1.5674E+02  5.1718E-02 -5.6254E-03
  1.5689E+02  5.1637E-02 -5.6305E-03
  1.5704E+02  5.1551E-02 -5.6352E-03
  1.5719E+02  5.1461E-02 -5.6397E-03
  1.5734E+02  5.1368E-02 -5.6440E-03
  1.5749E+02  5.1273E-02 -5.6484E-03
  1.5764E+02  5.1177E-02 -5.6529E-03
  1.5780E+02  5.1080E-02 -5.6575E-03
  1.5795E+02  5.0983E-02 -5.6622E-03
  1.5810E+02  5.0885E-02 -5.6669E-03
  1.5825E+02  5.0786E-02 -5.6714E-03
  1.5840E+02  5.0685E-02 -5.6756E-03
  1.5855E+02  5.0582E-02 -5.6793E-03
  1.5870E+02  5.0478E-02 -5.6825E-03
  1.5885E+02  5.0373E-02 -5.6854E-03
  1.5900E+02  5.0267E-02 -5.6879E-03
  1.5915E+02  5.0161E-02 -5.6902E-03
  1.5931E+02  5.0055E-02 -5.6924E-03
  1.5946E+02  4.9951E-02 -5.6946E-03
  1.5961E+02  4.9848E-02 -5.6968E-03
  1.5976E+02  4.9746E-02 -5.6990E-03
  1.5991E+02  4.9645E-02 -5.7011E-03
  1.6006E+02  4.9545E-02 -5.7031E-03
  1.6021E+02  4.9445E-02 -5.7048E-03
  1.6036E+02  4.9345E-02 -5.7061E-03
  1.6051E+02  4.9245E-02 -5.7071E-03
  1.6066E+02  4.9146E-02 -5.7077E-03
  1.6082E+02  4.9046E-02 -5.7078E-03
  1.6097E+02  4.8947E-02 -5.7077E-03
  1.6112E+02  4.8849E-02 -5.7072E-03
  1.6127E+02  4.8753E-02 -5.7064E-03
  1.6142E+02  4.8659E-02 -5.7054E-03
  1.6157E+02  4.8568E-02 -5.7041E-03
  1.6172E+02  4.8479E-02 -5.7027E-03
  1.6187E+02  4.8394E-02 -5.7011E-03
  1.6202E+02  4.8313E-02 -5.6992E-03
  1.6217E+02  4.8235E-02 -5.6971E-03
  1.6233E+02  4.8162E-02 -5.6947E-03
  1.6248E+02  4.8093E-02 -5.6921E-03
  1.6263E+02  4.8028E-02 -5.6892E-03
  1.6278E+02  4.7969E-02 -5.6861E-03
  1.6293E+02  4.7914E-02 -5.6828E-03
  1.6308E+02  4.7866E-02 -5.6793E-03
  1.6323E+02  4.7823E-02 -5.6756E-03
  1.6338E+02  4.7786E-02 -5.6718E-03
  1.6353E+02  4.7757E-02 -5.6679E-03
  1.6368E+02  4.7733E-02 -5.6640E-03
  1.6384E+02  4.7717E-02 -5.6601E-03
  1.6399E+02  4.7709E-02 -5.6562E-03
  1.6414E+02  4.7707E-02 -5.6525E-03
  1.6429E+02  4.7714E-02 -5.6488E-03
  1.6444E+02  4.7728E-02 -5.6454E-03
  1.6459E+02  4.7749E-02 -5.6421E-03
  1.6474E+02  4.7778E-02 -5.6390E-03
  1.6489E+02  4.7815E-02 -5.6363E-03
  1.6504E+02  4.7860E-02 -5.6339E-03
  1.6519E+02  4.7912E-02 -5.6318E-03
  1.6535E+02  4.7971E-02 -5.6302E-03
  1.6550E+02  4.8038E-02 -5.6291E-03
  1.6565E+02  4.8111E-02 -5.6285E-03
  1.6580E+02  4.8191E-02 -5.6284E-03
  1.6595E+02  4.8277E-02 -5.6288E-03
  1.6610E+02  4.8370E-02 -5.6298E-03
  1.6625E+02  4.8468E-02 -5.6314E-03
  1.6640E+02  4.8571E-02 -5.6335E-03
  1.6655E+02  4.8680E-02 -5.6363E-03
  1.6670E+02  4.8793E-02 -5.6398E-03
  1.6686E+02  4.8911E-02 -5.6439E-03
  1.6701E+02  4.9033E-02 -5.6488E-03
  1.6716E+02  4.9159E-02 -5.6544E-03
  1.6731E+02  4.9287E-02 -5.6606E-03
  1.6746E+02  4.9419E-02 -5.6676E-03
  1.6761E+02  4.9553E-02 -5.6752E-03
  1.6776E+02  4.9688E-02 -5.6834E-03
  1.6791E+02  4.9825E-02 -5.6923E-03
  1.6806E+02  4.9963E-02 -5.7018E-03
  1.6821E+02  5.0102E-02 -5.7118E-03
  1.6837E+02  5.0240E-02 -5.7225E-03
  1.6852E+02  5.0378E-02 -5.7337E-03
  1.6867E+02  5.0515E-02 -5.7455E-03
  1.6882E+02  5.0650E-02 -5.7579E-03
  1.6897E+02  5.0783E-02 -5.7707E-03
  1.6912E+02  5.0914E-02 -5.7839E-03
  1.6927E+02  5.1042E-02 -5.7976E-03
  1.6942E+02  5.1165E-02 -5.8117E-03
  1.6957E+02  5.1284E-02 -5.8261E-03
  1.6972E+02  5.1398E-02 -5.8408E-03
  1.6988E+02  5.1506E-02 -5.8557E-03
  1.7003E+02  5.1608E-02 -5.8708E-03
  1.7018E+02  5.1703E-02 -5.8861E-03
  1.7033E+02  5.1789E-02 -5.9014E-03
  1.7048E+02  5.1868E-02 -5.9169E-03
  1.7063E+02  5.1938E-02 -5.9323E-03
  1.7078E+02  5.1998E-02 -5.9477E-03
  1.7093E+02  5.2049E-02 -5.9630E-03
  1.7108E+02  5.2088E-02 -5.9782E-03
  1.7123E+02  5.2117E-02 -5.9932E-03
  1.7139E+02  5.2135E-02 -6.0080E-03
  1.7154E+02  5.2141E-02 -6.0225E-03
  1.7169E+02  5.2135E-02 -6.0367E-03
  1.7184E+02  5.2117E-02 -6.0505E-03
  1.7199E+02  5.2087E-02 -6.0640E-03
  1.7214E+02  5.2045E-02 -6.0770E-03
  1.7229E+02  5.1991E-02 -6.0896E-03
  1.7244E+02  5.1924E-02 -6.1017E-03
  1.7259E+02  5.1845E-02 -6.1132E-03
  1.7274E+02  5.1755E-02 -6.1242E-03
  1.7290E+02  5.1654E-02 -6.1346E-03
  1.7305E+02  5.1542E-02 -6.1444E-03
  1.7320E+02  5.1419E-02 -6.1536E-03
  1.7335E+02  5.1287E-02 -6.1621E-03
  1.7350E+02  5.1146E-02 -6.1700E-03
  1.7365E+02  5.0996E-02 -6.1773E-03
  1.7380E+02  5.0839E-02 -6.1839E-03
  1.7395E+02  5.0675E-02 -6.1898E-03
  1.7410E+02  5.0504E-02 -6.1951E-03
  1.7425E+02  5.0329E-02 -6.1997E-03
  1.7441E+02  5.0150E-02 -6.2036E-03
  1.7456E+02  4.9967E-02 -6.2069E-03
  1.7471E+02  4.9782E-02 -6.2096E-03
  1.7486E+02  4.9596E-02 -6.2116E-03
  1.7501E+02  4.9409E-02 -6.2131E-03
  1.7516E+02  4.9223E-02 -6.2140E-03
  1.7531E+02  4.9038E-02 -6.2143E-03
  1.7546E+02  4.8856E-02 -6.2142E-03
  1.7561E+02  4.8677E-02 -6.2135E-03
  1.7576E+02  4.8503E-02 -6.2124E-03
  1.7592E+02  4.8334E-02 -6.2109E-03
  1.7607E+02  4.8171E-02 -6.2091E-03
  1.7622E+02  4.8014E-02 -6.2069E-03
  1.7637E+02  4.7865E-02 -6.2044E-03
  1.7652E+02  4.7725E-02 -6.2017E-03
  1.7667E+02  4.7593E-02 -6.1988E-03
  1.7682E+02  4.7471E-02 -6.1957E-03
  1.7697E+02  4.7360E-02 -6.1925E-03
  1.7712E+02  4.7259E-02 -6.1893E-03
  1.7727E+02  4.7169E-02 -6.1861E-03
  1.7743E+02  4.7091E-02 -6.1829E-03
  1.7758E+02  4.7026E-02 -6.1799E-03
  1.7773E+02  4.6973E-02 -6.1769E-03
  1.7788E+02  4.6932E-02 -6.1742E-03
  1.7803E+02  4.6905E-02 -6.1716E-03
  1.7818E+02  4.6892E-02 -6.1693E-03
  1.7833E+02  4.6892E-02 -6.1672E-03
  1.7848E+02  4.6905E-02 -6.1655E-03
  1.7863E+02  4.6932E-02 -6.1641E-03
  1.7878E+02  4.6973E-02 -6.1632E-03
  1.7894E+02  4.7027E-02 -6.1626E-03
  1.7909E+02  4.7094E-02 -6.1625E-03
  1.7924E+02  4.7175E-02 -6.1628E-03
  1.7939E+02  4.7268E-02 -6.1636E-03
  1.7954E+02  4.7373E-02 -6.1649E-03
  1.7969E+02  4.7490E-02 -6.1667E-03
  1.7984E+02  4.7618E-02 -6.1689E-03
  1.7999E+02  4.7755E-02 -6.1717E-03
  1.8014E+02  4.7903E-02 -6.1750E-03
  1.8029E+02  4.8058E-02 -6.1787E-03
  1.8045E+02  4.8222E-02 -6.1829E-03
  1.8060E+02  4.8391E-02 -6.1876E-03
  1.8075E+02  4.8566E-02 -6.1927E-03
  1.8090E+02  4.8746E-02 -6.1983E-03
  1.8105E+02  4.8928E-02 -6.2042E-03
  1.8120E+02  4.9113E-02 -6.2105E-03
  1.8135E+02  4.9298E-02 -6.2171E-03
  1.8150E+02  4.9483E-02 -6.2241E-03
  1.8165E+02  4.9667E-02 -6.2313E-03
  1.8180E+02  4.9847E-02 -6.2388E-03
  1.8196E+02  5.0024E-02 -6.2465E-03
  1.8211E+02  5.0196E-02 -6.2543E-03
  1.8226E+02  5.0362E-02 -6.2622E-03
  1.8241E+02  5.0521E-02 -6.2702E-03
  1.8256E+02  5.0672E-02 -6.2783E-03
  1.8271E+02  5.0814E-02 -6.2863E-03
  1.8286E+02  5.0948E-02 -6.2943E-03
  1.8301E+02  5.1071E-02 -6.3022E-03
  1.8316E+02  5.1183E-02 -6.3099E-03
  1.8331E+02  5.1285E-02 -6.3175E-03
  1.8347E+02  5.1375E-02 -6.3248E-03
  1.8362E+02  5.1453E-02 -6.3319E-03
  1.8377E+02  5.1520E-02 -6.3387E-03
  1.8392E+02  5.1574E-02 -6.3452E-03
  1.8407E+02  5.1617E-02 -6.3514E-03
  1.8422E+02  5.1647E-02 -6.3573E-03
  1.8437E+02  5.1666E-02 -6.3628E-03
  1.8452E+02  5.1673E-02 -6.3679E-03
  1.8467E+02  5.1668E-02 -6.3726E-03
  1.8482E+02  5.1652E-02 -6.3769E-03
  1.8498E+02  5.1625E-02 -6.3809E-03
  1.8513E+02  5.1588E-02 -6.3844E-03
  1.8528E+02  5.1541E-02 -6.3876E-03
  1.8543E+02  5.1485E-02 -6.3903E-03
  1.8558E+02  5.1419E-02 -6.3927E-03
  1.8573E+02  5.1345E-02 -6.3947E-03
  1.8588E+02  5.1262E-02 -6.3963E-03
  1.8603E+02  5.1172E-02 -6.3975E-03
  1.8618E+02  5.1075E-02 -6.3984E-03
  1.8633E+02  5.0973E-02 -6.3990E-03
  1.8649E+02  5.0864E-02 -6.3993E-03
  1.8664E+02  5.0751E-02 -6.3993E-03
  1.8679E+02  5.0633E-02 -6.3991E-03
  1.8694E+02  5.0512E-02 -6.3987E-03
  1.8709E+02  5.0387E-02 -6.3981E-03
  1.8724E+02  5.0260E-02 -6.3973E-03
  1.8739E+02  5.0131E-02 -6.3963E-03
  1.8754E+02  5.0002E-02 -6.3952E-03
  1.8769E+02  4.9871E-02 -6.3941E-03
  1.8784E+02  4.9741E-02 -6.3929E-03
  1.8800E+02  4.9612E-02 -6.3918E-03
  1.8815E+02  4.9484E-02 -6.3906E-03
  1.8830E+02  4.9358E-02 -6.3895E-03
  1.8845E+02  4.9235E-02 -6.3885E-03
  1.8860E+02  4.9115E-02 -6.3876E-03
  1.8875E+02  4.8999E-02 -6.3868E-03
  1.8890E+02  4.8887E-02 -6.3862E-03
  1.8905E+02  4.8780E-02 -6.3858E-03
  1.8920E+02  4.8678E-02 -6.3856E-03
  1.8935E+02  4.8582E-02 -6.3856E-03
  1.8951E+02  4.8491E-02 -6.3859E-03
  1.8966E+02  4.8407E-02 -6.3866E-03
  1.8981E+02  4.8330E-02 -6.3875E-03
  1.8996E+02  4.8259E-02 -6.3887E-03
  1.9011E+02  4.8195E-02 -6.3902E-03
  1.9026E+02  4.8138E-02 -6.3921E-03
  1.9041E+02  4.8088E-02 -6.3944E-03
  1.9056E+02  4.8046E-02 -6.3970E-03
  1.9071E+02  4.8010E-02 -6.4000E-03
  1.9086E+02  4.7982E-02 -6.4034E-03
  1.9102E+02  4.7960E-02 -6.4071E-03
  1.9117E+02  4.7946E-02 -6.4113E-03
  1.9132E+02  4.7938E-02 -6.4158E-03
  1.9147E+02  4.7936E-02 -6.4207E-03
  1.9162E+02  4.7940E-02 -6.4259E-03
  1.9177E+02  4.7950E-02 -6.4315E-03
  1.9192E+02  4.7966E-02 -6.4374E-03
  1.9207E+02  4.7987E-02 -6.4437E-03
  1.9222E+02  4.8013E-02 -6.4503E-03
  1.9237E+02  4.8043E-02 -6.4573E-03
  1.9253E+02  4.8077E-02 -6.4645E-03
  1.9268E+02  4.8115E-02 -6.4720E-03
  1.9283E+02  4.8156E-02 -6.4798E-03
  1.9298E+02  4.8200E-02 -6.4878E-03
  1.9313E+02  4.8247E-02 -6.4960E-03
  1.9328E+02  4.8296E-02 -6.5045E-03
  1.9343E+02  4.8346E-02 -6.5131E-03
  1.9358E+02  4.8397E-02 -6.5219E-03
  1.9373E+02  4.8450E-02 -6.5309E-03
  1.9388E+02  4.8503E-02 -6.5400E-03
  1.9404E+02  4.8555E-02 -6.5491E-03
  1.9419E+02  4.8608E-02 -6.5583E-03
  1.9434E+02  4.8659E-02 -6.5675E-03
  1.9449E+02  4.8710E-02 -6.5767E-03
  1.9464E+02  4.8760E-02 -6.5859E-03
  1.9479E+02  4.8808E-02 -6.5951E-03
  1.9494E+02  4.8854E-02 -6.6043E-03
  1.9509E+02  4.8898E-02 -6.6134E-03
  1.9524E+02  4.8941E-02 -6.6225E-03
  1.9539E+02  4.8981E-02 -6.6314E-03
  1.9555E+02  4.9019E-02 -6.6403E-03
  1.9570E+02  4.9054E-02 -6.6490E-03
  1.9585E+02  4.9087E-02 -6.6576E-03
  1.9600E+02  4.9117E-02 -6.6660E-03
  1.9615E+02  4.9145E-02 -6.6742E-03
  1.9630E+02  4.9171E-02 -6.6823E-03
  1.9645E+02  4.9194E-02 -6.6903E-03
  1.9660E+02  4.9216E-02 -6.6981E-03
  1.9675E+02  4.9236E-02 -6.7058E-03
  1.9690E+02  4.9255E-02 -6.7133E-03
  1.9706E+02  4.9272E-02 -6.7206E-03
  1.9721E+02  4.9288E-02 -6.7278E-03
  1.9736E+02  4.9304E-02 -6.7348E-03
  1.9751E+02  4.9320E-02 -6.7417E-03
  1.9766E+02  4.9335E-02 -6.7484E-03
  1.9781E+02  4.9351E-02 -6.7550E-03
  1.9796E+02  4.9368E-02 -6.7615E-03
  1.9811E+02  4.9386E-02 -6.7679E-03
  1.9826E+02  4.9405E-02 -6.7742E-03
  1.9841E+02  4.9425E-02 -6.7804E-03
  1.9857E+02  4.9448E-02 -6.7865E-03
  1.9872E+02  4.9472E-02 -6.7926E-03
  1.9887E+02  4.9499E-02 -6.7986E-03
  1.9902E+02  4.9528E-02 -6.8046E-03
  1.9917E+02  4.9559E-02 -6.8105E-03
  1.9932E+02  4.9593E-02 -6.8164E-03
  1.9947E+02  4.9628E-02 -6.8223E-03
  1.9962E+02  4.9666E-02 -6.8282E-03
  1.9977E+02  4.9706E-02 -6.8340E-03
  1.9992E+02  4.9747E-02 -6.8399E-03
  2.0008E+02  4.9791E-02 -6.8457E-03
  2.0023E+02  4.9835E-02 -6.8516E-03
  2.0038E+02  4.9881E-02 -6.8574E-03
  2.0053E+02  4.9927E-02 -6.8633E-03
  2.0068E+02  4.9973E-02 -6.8691E-03
  2.0083E+02  5.0019E-02 -6.8749E-03
  2.0098E+02  5.0065E-02 -6.8806E-03
  2.0113E+02  5.0110E-02 -6.8863E-03
  2.0128E+02  5.0154E-02 -6.8920E-03
  2.0143E+02  5.0195E-02 -6.8976E-03
  2.0159E+02  5.0235E-02 -6.9031E-03
  2.0174E+02  5.0272E-02 -6.9085E-03
  2.0189E+02  5.0306E-02 -6.9138E-03
  2.0204E+02  5.0336E-02 -6.9189E-03
  2.0219E+02  5.0363E-02 -6.9239E-03
  2.0234E+02  5.0386E-02 -6.9287E-03
  2.0249E+02  5.0405E-02 -6.9333E-03
  2.0264E+02  5.0419E-02 -6.9377E-03
  2.0279E+02  5.0429E-02 -6.9419E-03
  2.0294E+02  5.0435E-02 -6.9459E-03
  2.0310E+02  5.0435E-02 -6.9496E-03
  2.0325E+02  5.0431E-02 -6.9530E-03
  2.0340E+02  5.0423E-02 -6.9561E-03
  2.0355E+02  5.0409E-02 -6.9589E-03
  2.0370E+02  5.0392E-02 -6.9614E-03
  2.0385E+02  5.0370E-02 -6.9636E-03
  2.0400E+02  5.0344E-02 -6.9655E-03
  2.0415E+02  5.0314E-02 -6.9671E-03
  2.0430E+02  5.0280E-02 -6.9684E-03
  2.0445E+02  5.0244E-02 -6.9695E-03
  2.0461E+02  5.0204E-02 -6.9702E-03
  2.0476E+02  5.0161E-02 -6.9706E-03
  2.0491E+02  5.0116E-02 -6.9707E-03
  2.0506E+02  5.0068E-02 -6.9705E-03
  2.0521E+02  5.0018E-02 -6.9701E-03
  2.0536E+02  4.9967E-02 -6.9693E-03
  2.0551E+02  4.9913E-02 -6.9684E-03
  2.0566E+02  4.9859E-02 -6.9672E-03
  2.0581E+02  4.9803E-02 -6.9658E-03
  2.0596E+02  4.9746E-02 -6.9642E-03
  2.0612E+02  4.9688E-02 -6.9625E-03
  2.0627E+02  4.9630E-02 -6.9606E-03
  2.0642E+02  4.9572E-02 -6.9586E-03
  2.0657E+02  4.9513E-02 -6.9566E-03
  2.0672E+02  4.9454E-02 -6.9544E-03
  2.0687E+02  4.9395E-02 -6.9523E-03
  2.0702E+02  4.9336E-02 -6.9501E-03
  2.0717E+02  4.9277E-02 -6.9479E-03
  2.0732E+02  4.9218E-02 -6.9458E-03
  2.0747E+02  4.9159E-02 -6.9437E-03
  2.0763E+02  4.9101E-02 -6.9417E-03
  2.0778E+02  4.9043E-02 -6.9398E-03
  2.0793E+02  4.8986E-02 -6.9381E-03
  2.0808E+02  4.8929E-02 -6.9365E-03
  2.0823E+02  4.8873E-02 -6.9351E-03
  2.0838E+02  4.8818E-02 -6.9339E-03
  2.0853E+02  4.8764E-02 -6.9329E-03
  2.0868E+02  4.8710E-02 -6.9322E-03
  2.0883E+02  4.8658E-02 -6.9317E-03
  2.0898E+02  4.8607E-02 -6.9314E-03
  2.0914E+02  4.8557E-02 -6.9314E-03
  2.0929E+02  4.8509E-02 -6.9318E-03
  2.0944E+02  4.8463E-02 -6.9324E-03
  2.0959E+02  4.8418E-02 -6.9333E-03
  2.0974E+02  4.8376E-02 -6.9345E-03
  2.0989E+02  4.8336E-02 -6.9360E-03
  2.1004E+02  4.8299E-02 -6.9379E-03
  2.1019E+02  4.8265E-02 -6.9401E-03
  2.1034E+02  4.8233E-02 -6.9426E-03
  2.1049E+02  4.8205E-02 -6.9454E-03
  2.1065E+02  4.8180E-02 -6.9485E-03
  2.1080E+02  4.8159E-02 -6.9520E-03
  2.1095E+02  4.8141E-02 -6.9557E-03
  2.1110E+02  4.8127E-02 -6.9598E-03
  2.1125E+02  4.8117E-02 -6.9641E-03
  2.1140E+02  4.8111E-02 -6.9688E-03
  2.1155E+02  4.8109E-02 -6.9737E-03
  2.1170E+02  4.8110E-02 -6.9790E-03
  2.1185E+02  4.8116E-02 -6.9844E-03
  2.1200E+02  4.8125E-02 -6.9902E-03
  2.1216E+02  4.8138E-02 -6.9962E-03
  2.1231E+02  4.8155E-02 -7.0024E-03
  2.1246E+02  4.8175E-02 -7.0088E-03
  2.1261E+02  4.8198E-02 -7.0155E-03
  2.1276E+02  4.8225E-02 -7.0224E-03
  2.1291E+02  4.8254E-02 -7.0295E-03
  2.1306E+02  4.8286E-02 -7.0368E-03
  2.1321E+02  4.8320E-02 -7.0442E-03
  2.1336E+02  4.8357E-02 -7.0518E-03
  2.1351E+02  4.8395E-02 -7.0595E-03
  2.1367E+02  4.8434E-02 -7.0673E-03
  2.1382E+02  4.8475E-02 -7.0752E-03
  2.1397E+02  4.8516E-02 -7.0832E-03
  2.1412E+02  4.8558E-02 -7.0913E-03
  2.1427E+02  4.8601E-02 -7.0995E-03
  2.1442E+02  4.8643E-02 -7.1077E-03
  2.1457E+02  4.8686E-02 -7.1160E-03
  2.1472E+02  4.8727E-02 -7.1243E-03
  2.1487E+02  4.8768E-02 -7.1326E-03
  2.1502E+02  4.8808E-02 -7.1408E-03
  2.1518E+02  4.8847E-02 -7.1490E-03
  2.1533E+02  4.8884E-02 -7.1572E-03
  2.1548E+02  4.8920E-02 -7.1653E-03
  2.1563E+02  4.8954E-02 -7.1734E-03
  2.1578E+02  4.8987E-02 -7.1814E-03
  2.1593E+02  4.9017E-02 -7.1893E-03
  2.1608E+02  4.9046E-02 -7.1972E-03
  2.1623E+02  4.9072E-02 -7.2050E-03
  2.1638E+02  4.9097E-02 -7.2127E-03
  2.1653E+02  4.9120E-02 -7.2204E-03
  2.1669E+02  4.9140E-02 -7.2279E-03
  2.1684E+02  4.9159E-02 -7.2354E-03
  2.1699E+02  4.9175E-02 -7.2427E-03
  2.1714E+02  4.9189E-02 -7.2500E-03
  2.1729E+02  4.9202E-02 -7.2572E-03
  2.1744E+02  4.9212E-02 -7.2642E-03
  2.1759E+02  4.9221E-02 -7.2713E-03
  2.1774E+02  4.9229E-02 -7.2782E-03
  2.1789E+02  4.9235E-02 -7.2851E-03
  2.1804E+02  4.9239E-02 -7.2919E-03
  2.1820E+02  4.9243E-02 -7.2987E-03
  2.1835E+02  4.9246E-02 -7.3054E-03
  2.1850E+02  4.9248E-02 -7.3121E-03
  2.1865E+02  4.9250E-02 -7.3187E-03
  2.1880E+02  4.9251E-02 -7.3253E-03
  2.1895E+02  4.9253E-02 -7.3318E-03
  2.1910E+02  4.9255E-02 -7.3384E-03
  2.1925E+02  4.9258E-02 -7.3449E-03
  2.1940E+02  4.9261E-02 -7.3514E-03
  2.1955E+02  4.9266E-02 -7.3579E-03
  2.1971E+02  4.9272E-02 -7.3645E-03
  2.1986E+02  4.9280E-02 -7.3710E-03
  2.2001E+02  4.9289E-02 -7.3775E-03
  2.2016E+02  4.9300E-02 -7.3840E-03
  2.2031E+02  4.9314E-02 -7.3905E-03
  2.2046E+02  4.9329E-02 -7.3970E-03
  2.2061E+02  4.9346E-02 -7.4035E-03
  2.2076E+02  4.9366E-02 -7.4100E-03
  2.2091E+02  4.9387E-02 -7.4165E-03
  2.2106E+02  4.9410E-02 -7.4229E-03
  2.2122E+02  4.9435E-02 -7.4293E-03
  2.2137E+02  4.9461E-02 -7.4357E-03
  2.2152E+02  4.9489E-02 -7.4420E-03
  2.2167E+02  4.9517E-02 -7.4483E-03
  2.2182E+02  4.9546E-02 -7.4545E-03
  2.2197E+02  4.9575E-02 -7.4606E-03
  2.2212E+02  4.9604E-02 -7.4665E-03
  2.2227E+02  4.9632E-02 -7.4724E-03
  2.2242E+02  4.9659E-02 -7.4781E-03
  2.2257E+02  4.9684E-02 -7.4836E-03
  2.2273E+02  4.9708E-02 -7.4890E-03
  2.2288E+02  4.9730E-02 -7.4942E-03
  2.2303E+02  4.9749E-02 -7.4992E-03
  2.2318E+02  4.9765E-02 -7.5040E-03
  2.2333E+02  4.9778E-02 -7.5086E-03
  2.2348E+02  4.9788E-02 -7.5129E-03
  2.2363E+02  4.9795E-02 -7.5171E-03
  2.2378E+02  4.9798E-02 -7.5209E-03
  2.2393E+02  4.9798E-02 -7.5245E-03
  2.2408E+02  4.9794E-02 -7.5278E-03
  2.2424E+02  4.9786E-02 -7.5308E-03
  2.2439E+02  4.9776E-02 -7.5335E-03
  2.2454E+02  4.9762E-02 -7.5359E-03
  2.2469E+02  4.9745E-02 -7.5380E-03
  2.2484E+02  4.9726E-02 -7.5398E-03
  2.2499E+02  4.9705E-02 -7.5413E-03
  2.2514E+02  4.9681E-02 -7.5426E-03
  2.2529E+02  4.9656E-02 -7.5436E-03
  2.2544E+02  4.9631E-02 -7.5443E-03
  2.2559E+02  4.9604E-02 -7.5449E-03
  2.2575E+02  4.9577E-02 -7.5452E-03
  2.2590E+02  4.9550E-02 -7.5452E-03
  2.2605E+02  4.9523E-02 -7.5451E-03
  2.2620E+02  4.9496E-02 -7.5447E-03
  2.2635E+02  4.9470E-02 -7.5442E-03
  2.2650E+02  4.9446E-02 -7.5434E-03
  2.2665E+02  4.9422E-02 -7.5426E-03
  2.2680E+02  4.9400E-02 -7.5416E-03
  2.2695E+02  4.9380E-02 -7.5406E-03
  2.2710E+02  4.9361E-02 -7.5394E-03
  2.2726E+02  4.9344E-02 -7.5383E-03
  2.2741E+02  4.9330E-02 -7.5372E-03
  2.2756E+02  4.9316E-02 -7.5361E-03
  2.2771E+02  4.9305E-02 -7.5350E-03
  2.2786E+02  4.9296E-02 -7.5340E-03
  2.2801E+02  4.9287E-02 -7.5331E-03
  2.2816E+02  4.9281E-02 -7.5323E-03
  2.2831E+02  4.9276E-02 -7.5316E-03
  2.2846E+02  4.9271E-02 -7.5310E-03
  2.2861E+02  4.9268E-02 -7.5306E-03
  2.2877E+02  4.9266E-02 -7.5304E-03
  2.2892E+02  4.9264E-02 -7.5304E-03
  2.2907E+02  4.9262E-02 -7.5306E-03
  2.2922E+02  4.9261E-02 -7.5310E-03
  2.2937E+02  4.9260E-02 -7.5316E-03
  2.2952E+02  4.9259E-02 -7.5325E-03
  2.2967E+02  4.9257E-02 -7.5337E-03
  2.2982E+02  4.9255E-02 -7.5351E-03
  2.2997E+02  4.9253E-02 -7.5368E-03
  2.3012E+02  4.9249E-02 -7.5387E-03
  2.3028E+02  4.9245E-02 -7.5409E-03
  2.3043E+02  4.9240E-02 -7.5434E-03
  2.3058E+02  4.9234E-02 -7.5462E-03
  2.3073E+02  4.9226E-02 -7.5492E-03
  2.3088E+02  4.9217E-02 -7.5525E-03
  2.3103E+02  4.9206E-02 -7.5560E-03
  2.3118E+02  4.9194E-02 -7.5598E-03
  2.3133E+02  4.9180E-02 -7.5638E-03
  2.3148E+02  4.9163E-02 -7.5680E-03
  2.3163E+02  4.9145E-02 -7.5725E-03
  2.3179E+02  4.9125E-02 -7.5772E-03
  2.3194E+02  4.9102E-02 -7.5820E-03
  2.3209E+02  4.9077E-02 -7.5870E-03
  2.3224E+02  4.9050E-02 -7.5922E-03
  2.3239E+02  4.9020E-02 -7.5976E-03
  2.3254E+02  4.8989E-02 -7.6030E-03
  2.3269E+02  4.8955E-02 -7.6086E-03
  2.3284E+02  4.8919E-02 -7.6142E-03
  2.3299E+02  4.8881E-02 -7.6199E-03
  2.3314E+02  4.8841E-02 -7.6257E-03
  2.3330E+02  4.8800E-02 -7.6316E-03
  2.3345E+02  4.8757E-02 -7.6374E-03
  2.3360E+02  4.8714E-02 -7.6433E-03
  2.3375E+02  4.8669E-02 -7.6492E-03
  2.3390E+02  4.8625E-02 -7.6550E-03
  2.3405E+02  4.8580E-02 -7.6608E-03
  2.3420E+02  4.8536E-02 -7.6666E-03
  2.3435E+02  4.8492E-02 -7.6723E-03
  2.3450E+02  4.8450E-02 -7.6780E-03
  2.3465E+02  4.8409E-02 -7.6836E-03
  2.3481E+02  4.8370E-02 -7.6892E-03
  2.3496E+02  4.8333E-02 -7.6947E-03
  2.3511E+02  4.8299E-02 -7.7001E-03
  2.3526E+02  4.8268E-02 -7.7054E-03
  2.3541E+02  4.8239E-02 -7.7106E-03
  2.3556E+02  4.8214E-02 -7.7158E-03
  2.3571E+02  4.8193E-02 -7.7209E-03
  2.3586E+02  4.8175E-02 -7.7259E-03
  2.3601E+02  4.8161E-02 -7.7309E-03
  2.3616E+02  4.8151E-02 -7.7358E-03
  2.3632E+02  4.8144E-02 -7.7407E-03
  2.3647E+02  4.8141E-02 -7.7456E-03
  2.3662E+02  4.8141E-02 -7.7504E-03
  2.3677E+02  4.8144E-02 -7.7552E-03
  2.3692E+02  4.8149E-02 -7.7600E-03
  2.3707E+02  4.8158E-02 -7.7647E-03
  2.3722E+02  4.8169E-02 -7.7695E-03
  2.3737E+02  4.8181E-02 -7.7742E-03
  2.3752E+02  4.8196E-02 -7.7791E-03
  2.3767E+02  4.8211E-02 -7.7839E-03
  2.3783E+02  4.8228E-02 -7.7888E-03
  2.3798E+02  4.8246E-02 -7.7938E-03
  2.3813E+02  4.8264E-02 -7.7989E-03
  2.3828E+02  4.8282E-02 -7.8041E-03
  2.3843E+02  4.8299E-02 -7.8093E-03
  2.3858E+02  4.8317E-02 -7.8147E-03
  2.3873E+02  4.8334E-02 -7.8201E-03
  2.3888E+02  4.8350E-02 -7.8255E-03
  2.3903E+02  4.8365E-02 -7.8311E-03
  2.3918E+02  4.8379E-02 -7.8368E-03
  2.3934E+02  4.8393E-02 -7.8425E-03
  2.3949E+02  4.8406E-02 -7.8484E-03
  2.3964E+02  4.8418E-02 -7.8544E-03
  2.3979E+02  4.8430E-02 -7.8604E-03
  2.3994E+02  4.8441E-02 -7.8666E-03
  2.4009E+02  4.8452E-02 -7.8729E-03
  2.4024E+02  4.8464E-02 -7.8793E-03
  2.4039E+02  4.8475E-02 -7.8857E-03
  2.4054E+02  4.8487E-02 -7.8922E-03
  2.4069E+02  4.8499E-02 -7.8988E-03
  2.4085E+02  4.8512E-02 -7.9054E-03
  2.4100E+02  4.8526E-02 -7.9121E-03
  2.4115E+02  4.8540E-02 -7.9188E-03
  2.4130E+02  4.8556E-02 -7.9255E-03
  2.4145E+02  4.8574E-02 -7.9322E-03
  2.4160E+02  4.8592E-02 -7.9389E-03
  2.4175E+02  4.8612E-02 -7.9457E-03
  2.4190E+02  4.8633E-02 -7.9523E-03
  2.4205E+02  4.8656E-02 -7.9590E-03
  2.4220E+02  4.8679E-02 -7.9656E-03
  2.4236E+02  4.8704E-02 -7.9722E-03
  2.4251E+02  4.8729E-02 -7.9786E-03
  2.4266E+02  4.8755E-02 -7.9850E-03
  2.4281E+02  4.8782E-02 -7.9913E-03
  2.4296E+02  4.8809E-02 -7.9974E-03
  2.4311E+02  4.8835E-02 -8.0034E-03
  2.4326E+02  4.8862E-02 -8.0093E-03
  2.4341E+02  4.8888E-02 -8.0150E-03
  2.4356E+02  4.8914E-02 -8.0205E-03
  2.4371E+02  4.8938E-02 -8.0259E-03
  2.4387E+02  4.8962E-02 -8.0311E-03
  2.4402E+02  4.8984E-02 -8.0360E-03
  2.4417E+02  4.9005E-02 -8.0408E-03
  2.4432E+02  4.9024E-02 -8.0453E-03
  2.4447E+02  4.9042E-02 -8.0497E-03
  2.4462E+02  4.9058E-02 -8.0538E-03
  2.4477E+02  4.9073E-02 -8.0577E-03
  2.4492E+02  4.9086E-02 -8.0614E-03
  2.4507E+02  4.9097E-02 -8.0649E-03
  2.4522E+02  4.9107E-02 -8.0681E-03
  2.4538E+02  4.9116E-02 -8.0711E-03
  2.4553E+02  4.9123E-02 -8.0740E-03
  2.4568E+02  4.9129E-02 -8.0766E-03
  2.4583E+02  4.9135E-02 -8.0790E-03
  2.4598E+02  4.9139E-02 -8.0813E-03
  2.4613E+02  4.9143E-02 -8.0834E-03
  2.4628E+02  4.9147E-02 -8.0853E-03
  2.4643E+02  4.9151E-02 -8.0871E-03
  2.4658E+02  4.9155E-02 -8.0888E-03
  2.4673E+02  4.9159E-02 -8.0903E-03
  2.4689E+02  4.9164E-02 -8.0918E-03
  2.4704E+02  4.9169E-02 -8.0932E-03
  2.4719E+02  4.9176E-02 -8.0945E-03
  2.4734E+02  4.9183E-02 -8.0958E-03
  2.4749E+02  4.9191E-02 -8.0971E-03
  2.4764E+02  4.9200E-02 -8.0983E-03
  2.4779E+02  4.9210E-02 -8.0996E-03
  2.4794E+02  4.9221E-02 -8.1009E-03
  2.4809E+02  4.9234E-02 -8.1023E-03
  2.4824E+02  4.9247E-02 -8.1037E-03
  2.4840E+02  4.9261E-02 -8.1053E-03
  2.4855E+02  4.9276E-02 -8.1069E-03
  2.4870E+02  4.9292E-02 -8.1087E-03
  2.4885E+02  4.9308E-02 -8.1105E-03
  2.4900E+02  4.9325E-02 -8.1126E-03
  2.4915E+02  4.9343E-02 -8.1148E-03
  2.4930E+02  4.9360E-02 -8.1171E-03
  2.4945E+02  4.9378E-02 -8.1197E-03
  2.4960E+02  4.9395E-02 -8.1224E-03
  2.4975E+02  4.9413E-02 -8.1253E-03
  2.4991E+02  4.9430E-02 -8.1285E-03
  2.5006E+02  4.9446E-02 -8.1318E-03
  2.5021E+02  4.9463E-02 -8.1354E-03
  2.5036E+02  4.9478E-02 -8.1391E-03
  2.5051E+02  4.9493E-02 -8.1431E-03
  2.5066E+02  4.9507E-02 -8.1473E-03
  2.5081E+02  4.9520E-02 -8.1517E-03
  2.5096E+02  4.9533E-02 -8.1564E-03
  2.5111E+02  4.9545E-02 -8.1612E-03
  2.5126E+02  4.9556E-02 -8.1662E-03
  2.5142E+02  4.9566E-02 -8.1714E-03
  2.5157E+02  4.9575E-02 -8.1768E-03
  2.5172E+02  4.9584E-02 -8.1823E-03
  2.5187E+02  4.9592E-02 -8.1880E-03
  2.5202E+02  4.9599E-02 -8.1939E-03
  2.5217E+02  4.9606E-02 -8.1999E-03
  2.5232E+02  4.9612E-02 -8.2060E-03
  2.5247E+02  4.9618E-02 -8.2122E-03
  2.5262E+02  4.9622E-02 -8.2186E-03
  2.5277E+02  4.9627E-02 -8.2250E-03
  2.5293E+02  4.9630E-02 -8.2314E-03
  2.5308E+02  4.9633E-02 -8.2380E-03
  2.5323E+02  4.9635E-02 -8.2445E-03
  2.5338E+02  4.9637E-02 -8.2511E-03
  2.5353E+02  4.9637E-02 -8.2576E-03
  2.5368E+02  4.9636E-02 -8.2642E-03
  2.5383E+02  4.9634E-02 -8.2707E-03
  2.5398E+02  4.9631E-02 -8.2771E-03
  2.5413E+02  4.9626E-02 -8.2835E-03
  2.5428E+02  4.9619E-02 -8.2898E-03
  2.5444E+02  4.9610E-02 -8.2960E-03
  2.5459E+02  4.9599E-02 -8.3021E-03
  2.5474E+02  4.9585E-02 -8.3080E-03
  2.5489E+02  4.9569E-02 -8.3138E-03
  2.5504E+02  4.9550E-02 -8.3194E-03
  2.5519E+02  4.9527E-02 -8.3248E-03
  2.5534E+02  4.9501E-02 -8.3300E-03
  2.5549E+02  4.9472E-02 -8.3351E-03
  2.5564E+02  4.9438E-02 -8.3399E-03
  2.5579E+02  4.9401E-02 -8.3445E-03
  2.5595E+02  4.9360E-02 -8.3489E-03
  2.5610E+02  4.9315E-02 -8.3530E-03
  2.5625E+02  4.9265E-02 -8.3569E-03
  2.5640E+02  4.9212E-02 -8.3605E-03
  2.5655E+02  4.9154E-02 -8.3639E-03
  2.5670E+02  4.9092E-02 -8.3671E-03
  2.5685E+02  4.9026E-02 -8.3700E-03
  2.5700E+02  4.8957E-02 -8.3727E-03
  2.5715E+02  4.8883E-02 -8.3751E-03
  2.5730E+02  4.8807E-02 -8.3774E-03
  2.5746E+02  4.8727E-02 -8.3794E-03
  2.5761E+02  4.8644E-02 -8.3812E-03
  2.5776E+02  4.8558E-02 -8.3828E-03
  2.5791E+02  4.8471E-02 -8.3842E-03
  2.5806E+02  4.8381E-02 -8.3854E-03
  2.5821E+02  4.8290E-02 -8.3865E-03
  2.5836E+02  4.8197E-02 -8.3875E-03
  2.5851E+02  4.8104E-02 -8.3883E-03
  2.5866E+02  4.8010E-02 -8.3890E-03
  2.5881E+02  4.7917E-02 -8.3897E-03
  2.5897E+02  4.7824E-02 -8.3903E-03
  2.5912E+02  4.7731E-02 -8.3908E-03
  2.5927E+02  4.7640E-02 -8.3913E-03
  2.5942E+02  4.7551E-02 -8.3918E-03
  2.5957E+02  4.7463E-02 -8.3923E-03
  2.5972E+02  4.7378E-02 -8.3928E-03
  2.5987E+02  4.7295E-02 -8.3934E-03
  2.6002E+02  4.7216E-02 -8.3940E-03
  2.6017E+02  4.7140E-02 -8.3947E-03
  2.6032E+02  4.7067E-02 -8.3955E-03
  2.6048E+02  4.6998E-02 -8.3964E-03
  2.6063E+02  4.6934E-02 -8.3974E-03
  2.6078E+02  4.6874E-02 -8.3985E-03
  2.6093E+02  4.6818E-02 -8.3998E-03
  2.6108E+02  4.6768E-02 -8.4012E-03
  2.6123E+02  4.6723E-02 -8.4028E-03
  2.6138E+02  4.6683E-02 -8.4045E-03
  2.6153E+02  4.6649E-02 -8.4063E-03
  2.6168E+02  4.6620E-02 -8.4083E-03
  2.6183E+02  4.6598E-02 -8.4105E-03
  2.6199E+02  4.6582E-02 -8.4128E-03
  2.6214E+02  4.6572E-02 -8.4153E-03
  2.6229E+02  4.6569E-02 -8.4179E-03
  2.6244E+02  4.6572E-02 -8.4207E-03
  2.6259E+02  4.6582E-02 -8.4236E-03
  2.6274E+02  4.6599E-02 -8.4267E-03
  2.6289E+02  4.6623E-02 -8.4299E-03
  2.6304E+02  4.6655E-02 -8.4332E-03
  2.6319E+02  4.6693E-02 -8.4367E-03
  2.6334E+02  4.6739E-02 -8.4403E-03
  2.6350E+02  4.6791E-02 -8.4440E-03
  2.6365E+02  4.6851E-02 -8.4478E-03
  2.6380E+02  4.6917E-02 -8.4518E-03
  2.6395E+02  4.6990E-02 -8.4558E-03
  2.6410E+02  4.7070E-02 -8.4600E-03
  2.6425E+02  4.7156E-02 -8.4642E-03
  2.6440E+02  4.7248E-02 -8.4686E-03
  2.6455E+02  4.7345E-02 -8.4731E-03
  2.6470E+02  4.7447E-02 -8.4776E-03
  2.6485E+02  4.7554E-02 -8.4823E-03
  2.6501E+02  4.7665E-02 -8.4870E-03
  2.6516E+02  4.7780E-02 -8.4919E-03
  2.6531E+02  4.7897E-02 -8.4968E-03
  2.6546E+02  4.8016E-02 -8.5019E-03
  2.6561E+02  4.8137E-02 -8.5070E-03
  2.6576E+02  4.8259E-02 -8.5123E-03
  2.6591E+02  4.8380E-02 -8.5176E-03
  2.6606E+02  4.8501E-02 -8.5231E-03
  2.6621E+02  4.8620E-02 -8.5287E-03
  2.6636E+02  4.8737E-02 -8.5344E-03
  2.6652E+02  4.8850E-02 -8.5402E-03
  2.6667E+02  4.8959E-02 -8.5461E-03
  2.6682E+02  4.9064E-02 -8.5521E-03
  2.6697E+02  4.9163E-02 -8.5582E-03
  2.6712E+02  4.9257E-02 -8.5645E-03
  2.6727E+02  4.9343E-02 -8.5708E-03
  2.6742E+02  4.9422E-02 -8.5773E-03
  2.6757E+02  4.9494E-02 -8.5838E-03
  2.6772E+02  4.9558E-02 -8.5905E-03
  2.6787E+02  4.9613E-02 -8.5973E-03
  2.6803E+02  4.9659E-02 -8.6041E-03
  2.6818E+02  4.9697E-02 -8.6111E-03
  2.6833E+02  4.9726E-02 -8.6181E-03
  2.6848E+02  4.9746E-02 -8.6252E-03
  2.6863E+02  4.9757E-02 -8.6323E-03
  2.6878E+02  4.9760E-02 -8.6396E-03
  2.6893E+02  4.9755E-02 -8.6469E-03
  2.6908E+02  4.9742E-02 -8.6542E-03
  2.6923E+02  4.9722E-02 -8.6616E-03
  2.6938E+02  4.9695E-02 -8.6690E-03
  2.6954E+02  4.9662E-02 -8.6764E-03
  2.6969E+02  4.9623E-02 -8.6838E-03
  2.6984E+02  4.9580E-02 -8.6913E-03
  2.6999E+02  4.9533E-02 -8.6987E-03
  2.7014E+02  4.9483E-02 -8.7062E-03
  2.7029E+02  4.9430E-02 -8.7136E-03
  2.7044E+02  4.9375E-02 -8.7210E-03
  2.7059E+02  4.9320E-02 -8.7284E-03
  2.7074E+02  4.9265E-02 -8.7357E-03
  2.7089E+02  4.9211E-02 -8.7430E-03
  2.7105E+02  4.9158E-02 -8.7502E-03
  2.7120E+02  4.9108E-02 -8.7574E-03
  2.7135E+02  4.9060E-02 -8.7646E-03
  2.7150E+02  4.9016E-02 -8.7717E-03
  2.7165E+02  4.8977E-02 -8.7787E-03
  2.7180E+02  4.8941E-02 -8.7856E-03
  2.7195E+02  4.8911E-02 -8.7925E-03
  2.7210E+02  4.8886E-02 -8.7994E-03
  2.7225E+02  4.8866E-02 -8.8061E-03
  2.7240E+02  4.8852E-02 -8.8128E-03
  2.7256E+02  4.8843E-02 -8.8194E-03
  2.7271E+02  4.8841E-02 -8.8259E-03
  2.7286E+02  4.8843E-02 -8.8323E-03
  2.7301E+02  4.8851E-02 -8.8387E-03
  2.7316E+02  4.8864E-02 -8.8450E-03
  2.7331E+02  4.8882E-02 -8.8512E-03
  2.7346E+02  4.8904E-02 -8.8573E-03
  2.7361E+02  4.8930E-02 -8.8633E-03
  2.7376E+02  4.8959E-02 -8.8693E-03
  2.7391E+02  4.8991E-02 -8.8751E-03
  2.7407E+02  4.9024E-02 -8.8809E-03
  2.7422E+02  4.9059E-02 -8.8865E-03
  2.7437E+02  4.9095E-02 -8.8920E-03
  2.7452E+02  4.9131E-02 -8.8975E-03
  2.7467E+02  4.9165E-02 -8.9028E-03
  2.7482E+02  4.9199E-02 -8.9079E-03
  2.7497E+02  4.9230E-02 -8.9130E-03
  2.7512E+02  4.9258E-02 -8.9179E-03
  2.7527E+02  4.9283E-02 -8.9227E-03
  2.7542E+02  4.9304E-02 -8.9274E-03
  2.7558E+02  4.9320E-02 -8.9318E-03
  2.7573E+02  4.9331E-02 -8.9362E-03
  2.7588E+02  4.9336E-02 -8.9404E-03
  2.7603E+02  4.9336E-02 -8.9444E-03
  2.7618E+02  4.9328E-02 -8.9482E-03
  2.7633E+02  4.9315E-02 -8.9518E-03
  2.7648E+02  4.9294E-02 -8.9553E-03
  2.7663E+02  4.9266E-02 -8.9586E-03
  2.7678E+02  4.9232E-02 -8.9617E-03
  2.7693E+02  4.9190E-02 -8.9645E-03
  2.7709E+02  4.9141E-02 -8.9672E-03
  2.7724E+02  4.9086E-02 -8.9697E-03
  2.7739E+02  4.9024E-02 -8.9720E-03
  2.7754E+02  4.8956E-02 -8.9742E-03
  2.7769E+02  4.8882E-02 -8.9761E-03
  2.7784E+02  4.8802E-02 -8.9778E-03
  2.7799E+02  4.8718E-02 -8.9793E-03
  2.7814E+02  4.8629E-02 -8.9806E-03
  2.7829E+02  4.8536E-02 -8.9818E-03
  2.7844E+02  4.8440E-02 -8.9828E-03
  2.7860E+02  4.8341E-02 -8.9836E-03
  2.7875E+02  4.8240E-02 -8.9842E-03
  2.7890E+02  4.8137E-02 -8.9847E-03
  2.7905E+02  4.8034E-02 -8.9851E-03
  2.7920E+02  4.7931E-02 -8.9853E-03
  2.7935E+02  4.7828E-02 -8.9854E-03
  2.7950E+02  4.7726E-02 -8.9854E-03
  2.7965E+02  4.7627E-02 -8.9853E-03
  2.7980E+02  4.7530E-02 -8.9851E-03
  2.7995E+02  4.7436E-02 -8.9848E-03
  2.8011E+02  4.7346E-02 -8.9845E-03
  2.8026E+02  4.7261E-02 -8.9841E-03
  2.8041E+02  4.7180E-02 -8.9837E-03
  2.8056E+02  4.7105E-02 -8.9833E-03
  2.8071E+02  4.7036E-02 -8.9828E-03
  2.8086E+02  4.6973E-02 -8.9824E-03
  2.8101E+02  4.6917E-02 -8.9820E-03
  2.8116E+02  4.6868E-02 -8.9816E-03
  2.8131E+02  4.6826E-02 -8.9813E-03
  2.8146E+02  4.6792E-02 -8.9810E-03
  2.8162E+02  4.6765E-02 -8.9808E-03
  2.8177E+02  4.6747E-02 -8.9807E-03
  2.8192E+02  4.6737E-02 -8.9807E-03
  2.8207E+02  4.6735E-02 -8.9807E-03
  2.8222E+02  4.6742E-02 -8.9809E-03
  2.8237E+02  4.6757E-02 -8.9812E-03
  2.8252E+02  4.6780E-02 -8.9817E-03
  2.8267E+02  4.6811E-02 -8.9822E-03
  2.8282E+02  4.6850E-02 -8.9829E-03
  2.8297E+02  4.6897E-02 -8.9838E-03
  2.8313E+02  4.6952E-02 -8.9848E-03
  2.8328E+02  4.7014E-02 -8.9860E-03
  2.8343E+02  4.7082E-02 -8.9874E-03
  2.8358E+02  4.7157E-02 -8.9889E-03
  2.8373E+02  4.7238E-02 -8.9906E-03
  2.8388E+02  4.7325E-02 -8.9925E-03
  2.8403E+02  4.7416E-02 -8.9946E-03
  2.8418E+02  4.7511E-02 -8.9968E-03
  2.8433E+02  4.7610E-02 -8.9993E-03
  2.8448E+02  4.7712E-02 -9.0019E-03
  2.8464E+02  4.7816E-02 -9.0047E-03
  2.8479E+02  4.7921E-02 -9.0077E-03
  2.8494E+02  4.8027E-02 -9.0109E-03
  2.8509E+02  4.8132E-02 -9.0143E-03
  2.8524E+02  4.8236E-02 -9.0178E-03
  2.8539E+02  4.8338E-02 -9.0215E-03
  2.8554E+02  4.8437E-02 -9.0253E-03
  2.8569E+02  4.8532E-02 -9.0293E-03
  2.8584E+02  4.8623E-02 -9.0335E-03
  2.8599E+02  4.8708E-02 -9.0378E-03
  2.8615E+02  4.8787E-02 -9.0422E-03
  2.8630E+02  4.8859E-02 -9.0467E-03
  2.8645E+02  4.8924E-02 -9.0513E-03
  2.8660E+02  4.8981E-02 -9.0561E-03
  2.8675E+02  4.9030E-02 -9.0609E-03
  2.8690E+02  4.9069E-02 -9.0658E-03
  2.8705E+02  4.9099E-02 -9.0708E-03
  2.8720E+02  4.9119E-02 -9.0758E-03
  2.8735E+02  4.9130E-02 -9.0809E-03
  2.8750E+02  4.9130E-02 -9.0860E-03
  2.8766E+02  4.9121E-02 -9.0911E-03
  2.8781E+02  4.9102E-02 -9.0963E-03
  2.8796E+02  4.9074E-02 -9.1014E-03
  2.8811E+02  4.9036E-02 -9.1066E-03
  2.8826E+02  4.8989E-02 -9.1117E-03
  2.8841E+02  4.8934E-02 -9.1169E-03
  2.8856E+02  4.8871E-02 -9.1220E-03
  2.8871E+02  4.8801E-02 -9.1271E-03
  2.8886E+02  4.8724E-02 -9.1321E-03
  2.8901E+02  4.8641E-02 -9.1372E-03
  2.8917E+02  4.8554E-02 -9.1422E-03
  2.8932E+02  4.8462E-02 -9.1471E-03
  2.8947E+02  4.8367E-02 -9.1521E-03
  2.8962E+02  4.8269E-02 -9.1570E-03
  2.8977E+02  4.8170E-02 -9.1619E-03
  2.8992E+02  4.8070E-02 -9.1668E-03
  2.9007E+02  4.7971E-02 -9.1717E-03
  2.9022E+02  4.7872E-02 -9.1765E-03
  2.9037E+02  4.7775E-02 -9.1814E-03
  2.9052E+02  4.7681E-02 -9.1863E-03
  2.9068E+02  4.7591E-02 -9.1911E-03
  2.9083E+02  4.7504E-02 -9.1960E-03
  2.9098E+02  4.7423E-02 -9.2010E-03
  2.9113E+02  4.7346E-02 -9.2060E-03
  2.9128E+02  4.7276E-02 -9.2110E-03
  2.9143E+02  4.7211E-02 -9.2161E-03
  2.9158E+02  4.7154E-02 -9.2213E-03
  2.9173E+02  4.7103E-02 -9.2265E-03
  2.9188E+02  4.7059E-02 -9.2319E-03
  2.9203E+02  4.7023E-02 -9.2373E-03
  2.9219E+02  4.6994E-02 -9.2429E-03
  2.9234E+02  4.6972E-02 -9.2486E-03
  2.9249E+02  4.6958E-02 -9.2543E-03
  2.9264E+02  4.6950E-02 -9.2603E-03
  2.9279E+02  4.6950E-02 -9.2663E-03
  2.9294E+02  4.6956E-02 -9.2725E-03
  2.9309E+02  4.6968E-02 -9.2788E-03
  2.9324E+02  4.6986E-02 -9.2852E-03
  2.9339E+02  4.7010E-02 -9.2918E-03
  2.9354E+02  4.7039E-02 -9.2985E-03
  2.9370E+02  4.7072E-02 -9.3054E-03
  2.9385E+02  4.7110E-02 -9.3124E-03
  2.9400E+02  4.7151E-02 -9.3195E-03
  2.9415E+02  4.7196E-02 -9.3267E-03
  2.9430E+02  4.7243E-02 -9.3341E-03
  2.9445E+02  4.7292E-02 -9.3415E-03
  2.9460E+02  4.7343E-02 -9.3490E-03
  2.9475E+02  4.7396E-02 -9.3567E-03
  2.9490E+02  4.7449E-02 -9.3644E-03
  2.9505E+02  4.7503E-02 -9.3721E-03
  2.9521E+02  4.7557E-02 -9.3799E-03
  2.9536E+02  4.7610E-02 -9.3878E-03
  2.9551E+02  4.7664E-02 -9.3957E-03
  2.9566E+02  4.7716E-02 -9.4035E-03
  2.9581E+02  4.7768E-02 -9.4114E-03
  2.9596E+02  4.7818E-02 -9.4193E-03
  2.9611E+02  4.7867E-02 -9.4271E-03
  2.9626E+02  4.7915E-02 -9.4349E-03
  2.9641E+02  4.7961E-02 -9.4427E-03
  2.9656E+02  4.8005E-02 -9.4504E-03
  2.9672E+02  4.8048E-02 -9.4580E-03
  2.9687E+02  4.8089E-02 -9.4655E-03
  2.9702E+02  4.8129E-02 -9.4729E-03
  2.9717E+02  4.8167E-02 -9.4802E-03
  2.9732E+02  4.8203E-02 -9.4874E-03
  2.9747E+02  4.8238E-02 -9.4945E-03
  2.9762E+02  4.8270E-02 -9.5015E-03
  2.9777E+02  4.8301E-02 -9.5083E-03
  2.9792E+02  4.8330E-02 -9.5150E-03
  2.9807E+02  4.8358E-02 -9.5216E-03
  2.9822E+02  4.8383E-02 -9.5280E-03
  2.9838E+02  4.8406E-02 -9.5343E-03
  2.9853E+02  4.8428E-02 -9.5404E-03
  2.9868E+02  4.8447E-02 -9.5464E-03
  2.9883E+02  4.8463E-02 -9.5522E-03
  2.9898E+02  4.8477E-02 -9.5579E-03
  2.9913E+02  4.8489E-02 -9.5634E-03
  2.9928E+02  4.8498E-02 -9.5688E-03
  2.9943E+02  4.8503E-02 -9.5740E-03
  2.9958E+02  4.8506E-02 -9.5791E-03
  2.9973E+02  4.8506E-02 -9.5840E-03
  2.9989E+02  4.8502E-02 -9.5888E-03
