# CREATED BY GENE DIAGNOSTICS TOOL on Fri Dec 11 20:08:04 2020
# diag: timetrace, run(s): 0005, time window: 0-1500(1365 steps), species: ions
# original data path: /marconi_scratch/userexternal/cmoreno0/GAM_HP_scan/LHD_s0.25_alpha-pi10_npol2_nz0512/
# normalization: L_ref=1.65m
#
#  t          Re[phi]     Im[phi]   
  0.0000E+00  9.9995E-01  0.0000E+00
  1.1000E+00  8.5878E-01  1.2590E-03
  2.2000E+00  6.6515E-01  2.0772E-03
  3.3000E+00  3.9248E-01  2.3157E-03
  4.4000E+00  1.1133E-01  1.9292E-03
  5.5000E+00 -1.3795E-01  1.0314E-03
  6.6000E+00 -3.1983E-01 -1.5736E-04
  7.7000E+00 -4.1712E-01 -1.3675E-03
  8.8000E+00 -4.2810E-01 -2.3423E-03
  9.9000E+00 -3.6300E-01 -2.8817E-03
  1.1000E+01 -2.4178E-01 -2.8775E-03
  1.2100E+01 -9.0539E-02 -2.3277E-03
  1.3200E+01  6.4581E-02 -1.3337E-03
  1.4300E+01  2.0245E-01 -6.5045E-05
  1.5400E+01  3.0003E-01  1.2361E-03
  1.6500E+01  3.5820E-01  2.4171E-03
  1.7600E+01  3.6425E-01  3.2107E-03
  1.8700E+01  3.3729E-01  3.5847E-03
  1.9800E+01  2.7543E-01  3.4720E-03
  2.0900E+01  1.9491E-01  2.9168E-03
  2.2000E+01  1.0753E-01  2.0150E-03
  2.3100E+01  2.5762E-02  9.0982E-04
  2.4200E+01 -4.1385E-02 -2.3633E-04
  2.5300E+01 -8.7976E-02 -1.2658E-03
  2.6400E+01 -1.1144E-01 -2.0467E-03
  2.7500E+01 -1.1264E-01 -2.4908E-03
  2.8600E+01 -9.4923E-02 -2.5600E-03
  2.9700E+01 -6.3473E-02 -2.2749E-03
  3.0800E+01 -2.4936E-02 -1.6886E-03
  3.1900E+01  1.7632E-02 -9.0325E-04
  3.3000E+01  5.6045E-02 -2.3948E-05
  3.4100E+01  8.7676E-02  8.3010E-04
  3.5200E+01  1.1200E-01  1.5665E-03
  3.6300E+01  1.2337E-01  2.0981E-03
  3.7400E+01  1.2676E-01  2.3839E-03
  3.8500E+01  1.2010E-01  2.4076E-03
  3.9600E+01  1.0701E-01  2.1879E-03
  4.0700E+01  8.8854E-02  1.7695E-03
  4.1800E+01  6.8436E-02  1.2163E-03
  4.2900E+01  4.7914E-02  6.0078E-04
  4.4000E+01  2.9249E-02 -2.3321E-06
  4.5100E+01  1.4046E-02 -5.2666E-04
  4.6200E+01  3.4592E-03 -9.2049E-04
  4.7300E+01 -3.2095E-03 -1.1532E-03
  4.8400E+01 -4.3399E-03 -1.2082E-03
  4.9500E+01 -1.5818E-03 -1.0973E-03
  5.0600E+01  5.0383E-03 -8.4407E-04
  5.1700E+01  1.4449E-02 -4.8353E-04
  5.2800E+01  2.4542E-02 -6.7871E-05
  5.3900E+01  3.5437E-02  3.5936E-04
  5.5000E+01  4.4841E-02  7.4726E-04
  5.6100E+01  5.3088E-02  1.0605E-03
  5.7200E+01  5.9387E-02  1.2718E-03
  5.8300E+01  6.3076E-02  1.3673E-03
  5.9400E+01  6.3601E-02  1.3463E-03
  6.0500E+01  6.0847E-02  1.2179E-03
  6.1600E+01  5.5218E-02  1.0022E-03
  6.2700E+01  4.8000E-02  7.2699E-04
  6.3800E+01  4.0633E-02  4.2627E-04
  6.4900E+01  3.4180E-02  1.3694E-04
  6.6000E+01  2.9409E-02 -1.0952E-04
  6.7100E+01  2.6000E-02 -2.8766E-04
  6.8200E+01  2.3678E-02 -3.8439E-04
  6.9300E+01  2.2003E-02 -3.9812E-04
  7.0400E+01  2.1122E-02 -3.3480E-04
  7.1500E+01  2.0909E-02 -2.1091E-04
  7.2600E+01  2.2072E-02 -4.3419E-05
  7.3700E+01  2.4648E-02  1.4751E-04
  7.4800E+01  2.8615E-02  3.4290E-04
  7.5900E+01  3.3409E-02  5.2448E-04
  7.7000E+01  3.8430E-02  6.7733E-04
  7.8100E+01  4.2830E-02  7.8873E-04
  7.9200E+01  4.5890E-02  8.4967E-04
  8.0300E+01  4.7389E-02  8.5691E-04
  8.1400E+01  4.7060E-02  8.1110E-04
  8.2500E+01  4.5128E-02  7.1951E-04
  8.3600E+01  4.1888E-02  5.9291E-04
  8.4700E+01  3.7948E-02  4.4705E-04
  8.5800E+01  3.3799E-02  2.9813E-04
  8.6900E+01  3.0024E-02  1.6335E-04
  8.8000E+01  2.6952E-02  5.6409E-05
  8.9100E+01  2.4992E-02 -1.1395E-05
  9.0200E+01  2.4214E-02 -3.4866E-05
  9.1300E+01  2.4721E-02 -1.2801E-05
  9.2400E+01  2.6271E-02  4.9899E-05
  9.3500E+01  2.8576E-02  1.4473E-04
  9.4600E+01  3.1220E-02  2.5929E-04
  9.5700E+01  3.3816E-02  3.7948E-04
  9.6800E+01  3.6039E-02  4.9152E-04
  9.7900E+01  3.7643E-02  5.8320E-04
  9.9000E+01  3.8440E-02  6.4531E-04
  1.0010E+02  3.8409E-02  6.7280E-04
  1.0120E+02  3.7647E-02  6.6488E-04
  1.0230E+02  3.6387E-02  6.2511E-04
  1.0340E+02  3.4896E-02  5.6086E-04
  1.0450E+02  3.3396E-02  4.8161E-04
  1.0560E+02  3.2077E-02  3.9821E-04
  1.0670E+02  3.1031E-02  3.2061E-04
  1.0780E+02  3.0356E-02  2.5752E-04
  1.0890E+02  3.0055E-02  2.1496E-04
  1.1000E+02  3.0092E-02  1.9625E-04
  1.1110E+02  3.0336E-02  2.0148E-04
  1.1220E+02  3.0661E-02  2.2799E-04
  1.1330E+02  3.0957E-02  2.7079E-04
  1.1440E+02  3.1228E-02  3.2370E-04
  1.1550E+02  3.1527E-02  3.8015E-04
  1.1660E+02  3.1905E-02  4.3411E-04
  1.1770E+02  3.2340E-02  4.8052E-04
  1.1880E+02  3.2730E-02  5.1540E-04
  1.1990E+02  3.2994E-02  5.3626E-04
  1.2100E+02  3.3110E-02  5.4211E-04
  1.2210E+02  3.3130E-02  5.3381E-04
  1.2320E+02  3.3110E-02  5.1374E-04
  1.2430E+02  3.3050E-02  4.8548E-04
  1.2540E+02  3.2868E-02  4.5293E-04
  1.2650E+02  3.2474E-02  4.1995E-04
  1.2760E+02  3.1823E-02  3.8967E-04
  1.2870E+02  3.0994E-02  3.6471E-04
  1.2980E+02  3.0167E-02  3.4703E-04
  1.3090E+02  2.9561E-02  3.3813E-04
  1.3200E+02  2.9324E-02  3.3888E-04
  1.3310E+02  2.9479E-02  3.4930E-04
  1.3420E+02  2.9930E-02  3.6828E-04
  1.3530E+02  3.0537E-02  3.9363E-04
  1.3640E+02  3.1167E-02  4.2236E-04
  1.3750E+02  3.1715E-02  4.5111E-04
  1.3860E+02  3.2092E-02  4.7668E-04
  1.3970E+02  3.2231E-02  4.9634E-04
  1.4080E+02  3.2107E-02  5.0820E-04
  1.4190E+02  3.1762E-02  5.1141E-04
  1.4300E+02  3.1286E-02  5.0630E-04
  1.4410E+02  3.0795E-02  4.9432E-04
  1.4520E+02  3.0395E-02  4.7778E-04
  1.4630E+02  3.0168E-02  4.5946E-04
  1.4740E+02  3.0143E-02  4.4214E-04
  1.4850E+02  3.0283E-02  4.2820E-04
  1.4960E+02  3.0478E-02  4.1918E-04
  1.5070E+02  3.0593E-02  4.1562E-04
  1.5180E+02  3.0535E-02  4.1712E-04
  1.5290E+02  3.0304E-02  4.2266E-04
  1.5400E+02  2.9998E-02  4.3099E-04
  1.5510E+02  2.9762E-02  4.4106E-04
  1.5620E+02  2.9708E-02  4.5212E-04
  1.5730E+02  2.9857E-02  4.6361E-04
  1.5840E+02  3.0127E-02  4.7498E-04
  1.5950E+02  3.0388E-02  4.8548E-04
  1.6060E+02  3.0536E-02  4.9420E-04
  1.6170E+02  3.0537E-02  5.0029E-04
  1.6280E+02  3.0420E-02  5.0320E-04
  1.6390E+02  3.0231E-02  5.0282E-04
  1.6500E+02  3.0008E-02  4.9948E-04
  1.6610E+02  2.9788E-02  4.9384E-04
  1.6720E+02  2.9624E-02  4.8690E-04
  1.6830E+02  2.9564E-02  4.7988E-04
  1.6940E+02  2.9608E-02  4.7399E-04
  1.7050E+02  2.9694E-02  4.7015E-04
  1.7160E+02  2.9722E-02  4.6874E-04
  1.7270E+02  2.9631E-02  4.6959E-04
  1.7380E+02  2.9443E-02  4.7225E-04
  1.7490E+02  2.9250E-02  4.7628E-04
  1.7600E+02  2.9147E-02  4.8140E-04
  1.7710E+02  2.9168E-02  4.8743E-04
  1.7820E+02  2.9269E-02  4.9412E-04
  1.7930E+02  2.9371E-02  5.0099E-04
  1.8040E+02  2.9415E-02  5.0740E-04
  1.8150E+02  2.9401E-02  5.1274E-04
  1.8260E+02  2.9369E-02  5.1662E-04
  1.8370E+02  2.9360E-02  5.1891E-04
  1.8480E+02  2.9371E-02  5.1974E-04
  1.8590E+02  2.9352E-02  5.1927E-04
  1.8700E+02  2.9250E-02  5.1766E-04
  1.8810E+02  2.9053E-02  5.1510E-04
  1.8920E+02  2.8810E-02  5.1191E-04
  1.9030E+02  2.8613E-02  5.0867E-04
  1.9140E+02  2.8538E-02  5.0616E-04
  1.9250E+02  2.8598E-02  5.0513E-04
  1.9360E+02  2.8738E-02  5.0605E-04
  1.9470E+02  2.8866E-02  5.0889E-04
  1.9580E+02  2.8906E-02  5.1318E-04
  1.9690E+02  2.8840E-02  5.1812E-04
  1.9800E+02  2.8698E-02  5.2296E-04
  1.9910E+02  2.8539E-02  5.2715E-04
  2.0020E+02  2.8419E-02  5.3048E-04
  2.0130E+02  2.8372E-02  5.3302E-04
  2.0240E+02  2.8395E-02  5.3504E-04
  2.0350E+02  2.8451E-02  5.3678E-04
  2.0460E+02  2.8483E-02  5.3835E-04
  2.0570E+02  2.8452E-02  5.3967E-04
  2.0680E+02  2.8358E-02  5.4059E-04
  2.0790E+02  2.8242E-02  5.4102E-04
  2.0900E+02  2.8148E-02  5.4104E-04
  2.1010E+02  2.8091E-02  5.4084E-04
  2.1120E+02  2.8054E-02  5.4064E-04
  2.1230E+02  2.8014E-02  5.4059E-04
  2.1340E+02  2.7961E-02  5.4082E-04
  2.1450E+02  2.7900E-02  5.4140E-04
  2.1560E+02  2.7840E-02  5.4243E-04
  2.1670E+02  2.7787E-02  5.4399E-04
  2.1780E+02  2.7745E-02  5.4610E-04
  2.1890E+02  2.7720E-02  5.4875E-04
  2.2000E+02  2.7717E-02  5.5182E-04
  2.2110E+02  2.7728E-02  5.5512E-04
  2.2220E+02  2.7736E-02  5.5839E-04
  2.2330E+02  2.7721E-02  5.6133E-04
  2.2440E+02  2.7673E-02  5.6367E-04
  2.2550E+02  2.7599E-02  5.6525E-04
  2.2660E+02  2.7515E-02  5.6608E-04
  2.2770E+02  2.7441E-02  5.6632E-04
  2.2880E+02  2.7388E-02  5.6626E-04
  2.2990E+02  2.7352E-02  5.6617E-04
  2.3100E+02  2.7318E-02  5.6629E-04
  2.3210E+02  2.7281E-02  5.6672E-04
  2.3320E+02  2.7247E-02  5.6751E-04
  2.3430E+02  2.7239E-02  5.6871E-04
  2.3540E+02  2.7267E-02  5.7037E-04
  2.3650E+02  2.7316E-02  5.7248E-04
  2.3760E+02  2.7349E-02  5.7493E-04
  2.3870E+02  2.7334E-02  5.7750E-04
  2.3980E+02  2.7259E-02  5.7992E-04
  2.4090E+02  2.7147E-02  5.8195E-04
  2.4200E+02  2.7037E-02  5.8350E-04
  2.4310E+02  2.6963E-02  5.8467E-04
  2.4420E+02  2.6937E-02  5.8562E-04
  2.4530E+02  2.6941E-02  5.8656E-04
  2.4640E+02  2.6945E-02  5.8757E-04
  2.4750E+02  2.6933E-02  5.8871E-04
  2.4860E+02  2.6912E-02  5.8996E-04
  2.4970E+02  2.6904E-02  5.9137E-04
  2.5080E+02  2.6913E-02  5.9295E-04
  2.5190E+02  2.6915E-02  5.9468E-04
  2.5300E+02  2.6882E-02  5.9643E-04
  2.5410E+02  2.6810E-02  5.9803E-04
  2.5520E+02  2.6724E-02  5.9936E-04
  2.5630E+02  2.6655E-02  6.0047E-04
  2.5740E+02  2.6608E-02  6.0144E-04
  2.5850E+02  2.6563E-02  6.0240E-04
  2.5960E+02  2.6506E-02  6.0338E-04
  2.6070E+02  2.6447E-02  6.0443E-04
  2.6180E+02  2.6412E-02  6.0562E-04
  2.6290E+02  2.6410E-02  6.0704E-04
  2.6400E+02  2.6418E-02  6.0872E-04
  2.6510E+02  2.6400E-02  6.1056E-04
  2.6620E+02  2.6337E-02  6.1238E-04
  2.6730E+02  2.6248E-02  6.1403E-04
  2.6840E+02  2.6167E-02  6.1545E-04
  2.6950E+02  2.6120E-02  6.1674E-04
  2.7060E+02  2.6105E-02  6.1800E-04
  2.7170E+02  2.6101E-02  6.1930E-04
  2.7280E+02  2.6090E-02  6.2063E-04
  2.7390E+02  2.6065E-02  6.2196E-04
  2.7500E+02  2.6021E-02  6.2324E-04
  2.7610E+02  2.5956E-02  6.2441E-04
  2.7720E+02  2.5867E-02  6.2545E-04
  2.7830E+02  2.5764E-02  6.2633E-04
  2.7940E+02  2.5674E-02  6.2711E-04
  2.8050E+02  2.5630E-02  6.2791E-04
  2.8160E+02  2.5641E-02  6.2892E-04
  2.8270E+02  2.5690E-02  6.3028E-04
  2.8380E+02  2.5738E-02  6.3202E-04
  2.8490E+02  2.5751E-02  6.3401E-04
  2.8600E+02  2.5719E-02  6.3607E-04
  2.8710E+02  2.5656E-02  6.3800E-04
  2.8820E+02  2.5584E-02  6.3967E-04
  2.8930E+02  2.5523E-02  6.4104E-04
  2.9040E+02  2.5481E-02  6.4216E-04
  2.9150E+02  2.5457E-02  6.4310E-04
  2.9260E+02  2.5442E-02  6.4397E-04
  2.9370E+02  2.5431E-02  6.4485E-04
  2.9480E+02  2.5424E-02  6.4582E-04
  2.9590E+02  2.5426E-02  6.4696E-04
  2.9700E+02  2.5440E-02  6.4830E-04
  2.9810E+02  2.5462E-02  6.4983E-04
  2.9920E+02  2.5482E-02  6.5152E-04
  3.0030E+02  2.5485E-02  6.5327E-04
  3.0140E+02  2.5464E-02  6.5496E-04
  3.0250E+02  2.5424E-02  6.5649E-04
  3.0360E+02  2.5380E-02  6.5784E-04
  3.0470E+02  2.5348E-02  6.5905E-04
  3.0580E+02  2.5333E-02  6.6018E-04
  3.0690E+02  2.5332E-02  6.6134E-04
  3.0800E+02  2.5333E-02  6.6257E-04
  3.0910E+02  2.5328E-02  6.6389E-04
  3.1020E+02  2.5319E-02  6.6526E-04
  3.1130E+02  2.5314E-02  6.6668E-04
  3.1240E+02  2.5321E-02  6.6817E-04
  3.1350E+02  2.5336E-02  6.6974E-04
  3.1460E+02  2.5345E-02  6.7138E-04
  3.1570E+02  2.5330E-02  6.7302E-04
  3.1680E+02  2.5283E-02  6.7455E-04
  3.1790E+02  2.5217E-02  6.7588E-04
  3.1900E+02  2.5154E-02  6.7702E-04
  3.2010E+02  2.5113E-02  6.7802E-04
  3.2120E+02  2.5098E-02  6.7902E-04
  3.2230E+02  2.5096E-02  6.8012E-04
  3.2340E+02  2.5090E-02  6.8136E-04
  3.2450E+02  2.5069E-02  6.8272E-04
  3.2560E+02  2.5033E-02  6.8415E-04
  3.2670E+02  2.4991E-02  6.8560E-04
  3.2780E+02  2.4948E-02  6.8705E-04
  3.2890E+02  2.4907E-02  6.8849E-04
  3.3000E+02  2.4865E-02  6.8990E-04
  3.3110E+02  2.4822E-02  6.9128E-04
  3.3220E+02  2.4777E-02  6.9261E-04
  3.3330E+02  2.4733E-02  6.9389E-04
  3.3440E+02  2.4688E-02  6.9511E-04
  3.3550E+02  2.4641E-02  6.9629E-04
  3.3660E+02  2.4588E-02  6.9743E-04
  3.3770E+02  2.4532E-02  6.9853E-04
  3.3880E+02  2.4475E-02  6.9959E-04
  3.3990E+02  2.4425E-02  7.0064E-04
  3.4100E+02  2.4386E-02  7.0173E-04
  3.4210E+02  2.4354E-02  7.0289E-04
  3.4320E+02  2.4319E-02  7.0415E-04
  3.4430E+02  2.4269E-02  7.0546E-04
  3.4540E+02  2.4206E-02  7.0676E-04
  3.4650E+02  2.4139E-02  7.0801E-04
  3.4760E+02  2.4082E-02  7.0920E-04
  3.4870E+02  2.4041E-02  7.1035E-04
  3.4980E+02  2.4011E-02  7.1150E-04
  3.5090E+02  2.3981E-02  7.1265E-04
  3.5200E+02  2.3940E-02  7.1379E-04
  3.5310E+02  2.3891E-02  7.1490E-04
  3.5420E+02  2.3838E-02  7.1597E-04
  3.5530E+02  2.3791E-02  7.1701E-04
  3.5640E+02  2.3754E-02  7.1807E-04
  3.5750E+02  2.3728E-02  7.1917E-04
  3.5860E+02  2.3708E-02  7.2034E-04
  3.5970E+02  2.3689E-02  7.2156E-04
  3.6080E+02  2.3665E-02  7.2281E-04
  3.6190E+02  2.3634E-02  7.2403E-04
  3.6300E+02  2.3597E-02  7.2521E-04
  3.6410E+02  2.3562E-02  7.2632E-04
  3.6520E+02  2.3537E-02  7.2739E-04
  3.6630E+02  2.3526E-02  7.2847E-04
  3.6740E+02  2.3525E-02  7.2960E-04
  3.6850E+02  2.3526E-02  7.3079E-04
  3.6960E+02  2.3520E-02  7.3203E-04
  3.7070E+02  2.3510E-02  7.3328E-04
  3.7180E+02  2.3500E-02  7.3454E-04
  3.7290E+02  2.3498E-02  7.3579E-04
  3.7400E+02  2.3498E-02  7.3705E-04
  3.7510E+02  2.3495E-02  7.3829E-04
  3.7620E+02  2.3488E-02  7.3951E-04
  3.7730E+02  2.3482E-02  7.4069E-04
  3.7840E+02  2.3486E-02  7.4187E-04
  3.7950E+02  2.3504E-02  7.4310E-04
  3.8060E+02  2.3529E-02  7.4439E-04
  3.8170E+02  2.3550E-02  7.4576E-04
  3.8280E+02  2.3559E-02  7.4715E-04
  3.8390E+02  2.3557E-02  7.4852E-04
  3.8500E+02  2.3552E-02  7.4983E-04
  3.8610E+02  2.3552E-02  7.5108E-04
  3.8720E+02  2.3562E-02  7.5231E-04
  3.8830E+02  2.3583E-02  7.5357E-04
  3.8940E+02  2.3611E-02  7.5490E-04
  3.9050E+02  2.3636E-02  7.5630E-04
  3.9160E+02  2.3647E-02  7.5774E-04
  3.9270E+02  2.3642E-02  7.5916E-04
  3.9380E+02  2.3630E-02  7.6052E-04
  3.9490E+02  2.3625E-02  7.6183E-04
  3.9600E+02  2.3634E-02  7.6313E-04
  3.9710E+02  2.3657E-02  7.6446E-04
  3.9820E+02  2.3680E-02  7.6585E-04
  3.9930E+02  2.3694E-02  7.6729E-04
  4.0040E+02  2.3693E-02  7.6872E-04
  4.0150E+02  2.3681E-02  7.7011E-04
  4.0260E+02  2.3664E-02  7.7145E-04
  4.0370E+02  2.3648E-02  7.7274E-04
  4.0480E+02  2.3638E-02  7.7401E-04
  4.0590E+02  2.3638E-02  7.7529E-04
  4.0700E+02  2.3646E-02  7.7662E-04
  4.0810E+02  2.3657E-02  7.7802E-04
  4.0920E+02  2.3658E-02  7.7947E-04
  4.1030E+02  2.3639E-02  7.8092E-04
  4.1140E+02  2.3600E-02  7.8229E-04
  4.1250E+02  2.3554E-02  7.8355E-04
  4.1360E+02  2.3518E-02  7.8471E-04
  4.1470E+02  2.3500E-02  7.8585E-04
  4.1580E+02  2.3498E-02  7.8704E-04
  4.1690E+02  2.3498E-02  7.8832E-04
  4.1800E+02  2.3488E-02  7.8967E-04
  4.1910E+02  2.3460E-02  7.9106E-04
  4.2020E+02  2.3417E-02  7.9242E-04
  4.2130E+02  2.3366E-02  7.9370E-04
  4.2240E+02  2.3315E-02  7.9489E-04
  4.2350E+02  2.3270E-02  7.9601E-04
  4.2460E+02  2.3233E-02  7.9709E-04
  4.2570E+02  2.3202E-02  7.9817E-04
  4.2680E+02  2.3172E-02  7.9928E-04
  4.2790E+02  2.3141E-02  8.0042E-04
  4.2900E+02  2.3105E-02  8.0160E-04
  4.3010E+02  2.3061E-02  8.0279E-04
  4.3120E+02  2.3011E-02  8.0397E-04
  4.3230E+02  2.2955E-02  8.0512E-04
  4.3340E+02  2.2900E-02  8.0622E-04
  4.3450E+02  2.2850E-02  8.0728E-04
  4.3560E+02  2.2805E-02  8.0832E-04
  4.3670E+02  2.2760E-02  8.0935E-04
  4.3780E+02  2.2711E-02  8.1038E-04
  4.3890E+02  2.2659E-02  8.1140E-04
  4.4000E+02  2.2608E-02  8.1241E-04
  4.4110E+02  2.2563E-02  8.1342E-04
  4.4220E+02  2.2521E-02  8.1445E-04
  4.4330E+02  2.2476E-02  8.1550E-04
  4.4440E+02  2.2426E-02  8.1653E-04
  4.4550E+02  2.2368E-02  8.1754E-04
  4.4660E+02  2.2309E-02  8.1851E-04
  4.4770E+02  2.2256E-02  8.1945E-04
  4.4880E+02  2.2212E-02  8.2040E-04
  4.4990E+02  2.2175E-02  8.2136E-04
  4.5100E+02  2.2138E-02  8.2235E-04
  4.5210E+02  2.2094E-02  8.2334E-04
  4.5320E+02  2.2047E-02  8.2433E-04
  4.5430E+02  2.2000E-02  8.2529E-04
  4.5540E+02  2.1959E-02  8.2625E-04
  4.5650E+02  2.1921E-02  8.2721E-04
  4.5760E+02  2.1883E-02  8.2818E-04
  4.5870E+02  2.1841E-02  8.2914E-04
  4.5980E+02  2.1800E-02  8.3008E-04
  4.6090E+02  2.1764E-02  8.3103E-04
  4.6200E+02  2.1735E-02  8.3199E-04
  4.6310E+02  2.1709E-02  8.3298E-04
  4.6420E+02  2.1681E-02  8.3398E-04
  4.6530E+02  2.1651E-02  8.3499E-04
  4.6640E+02  2.1621E-02  8.3598E-04
  4.6750E+02  2.1594E-02  8.3697E-04
  4.6860E+02  2.1570E-02  8.3796E-04
  4.6970E+02  2.1548E-02  8.3895E-04
  4.7080E+02  2.1526E-02  8.3995E-04
  4.7190E+02  2.1506E-02  8.4095E-04
  4.7300E+02  2.1489E-02  8.4196E-04
  4.7410E+02  2.1474E-02  8.4299E-04
  4.7520E+02  2.1461E-02  8.4403E-04
  4.7630E+02  2.1451E-02  8.4508E-04
  4.7740E+02  2.1441E-02  8.4615E-04
  4.7850E+02  2.1431E-02  8.4721E-04
  4.7960E+02  2.1420E-02  8.4828E-04
  4.8070E+02  2.1410E-02  8.4933E-04
  4.8180E+02  2.1403E-02  8.5039E-04
  4.8290E+02  2.1401E-02  8.5145E-04
  4.8400E+02  2.1402E-02  8.5254E-04
  4.8510E+02  2.1406E-02  8.5365E-04
  4.8620E+02  2.1409E-02  8.5478E-04
  4.8730E+02  2.1409E-02  8.5592E-04
  4.8840E+02  2.1406E-02  8.5705E-04
  4.8950E+02  2.1403E-02  8.5816E-04
  4.9060E+02  2.1403E-02  8.5926E-04
  4.9170E+02  2.1409E-02  8.6036E-04
  4.9280E+02  2.1420E-02  8.6148E-04
  4.9390E+02  2.1434E-02  8.6263E-04
  4.9500E+02  2.1446E-02  8.6381E-04
  4.9610E+02  2.1453E-02  8.6500E-04
  4.9720E+02  2.1457E-02  8.6619E-04
  4.9830E+02  2.1461E-02  8.6736E-04
  4.9940E+02  2.1467E-02  8.6852E-04
  5.0050E+02  2.1477E-02  8.6968E-04
  5.0160E+02  2.1490E-02  8.7084E-04
  5.0270E+02  2.1504E-02  8.7202E-04
  5.0380E+02  2.1517E-02  8.7321E-04
  5.0490E+02  2.1526E-02  8.7441E-04
  5.0600E+02  2.1534E-02  8.7561E-04
  5.0710E+02  2.1543E-02  8.7680E-04
  5.0820E+02  2.1556E-02  8.7800E-04
  5.0930E+02  2.1571E-02  8.7920E-04
  5.1040E+02  2.1585E-02  8.8042E-04
  5.1150E+02  2.1595E-02  8.8164E-04
  5.1260E+02  2.1601E-02  8.8285E-04
  5.1370E+02  2.1607E-02  8.8404E-04
  5.1480E+02  2.1616E-02  8.8523E-04
  5.1590E+02  2.1629E-02  8.8642E-04
  5.1700E+02  2.1644E-02  8.8762E-04
  5.1810E+02  2.1657E-02  8.8884E-04
  5.1920E+02  2.1666E-02  8.9006E-04
  5.2030E+02  2.1672E-02  8.9128E-04
  5.2140E+02  2.1676E-02  8.9249E-04
  5.2250E+02  2.1683E-02  8.9368E-04
  5.2360E+02  2.1691E-02  8.9487E-04
  5.2470E+02  2.1699E-02  8.9607E-04
  5.2580E+02  2.1705E-02  8.9726E-04
  5.2690E+02  2.1707E-02  8.9845E-04
  5.2800E+02  2.1708E-02  8.9962E-04
  5.2910E+02  2.1710E-02  9.0079E-04
  5.3020E+02  2.1715E-02  9.0197E-04
  5.3130E+02  2.1719E-02  9.0316E-04
  5.3240E+02  2.1721E-02  9.0434E-04
  5.3350E+02  2.1719E-02  9.0553E-04
  5.3460E+02  2.1713E-02  9.0669E-04
  5.3570E+02  2.1707E-02  9.0784E-04
  5.3680E+02  2.1700E-02  9.0898E-04
  5.3790E+02  2.1695E-02  9.1011E-04
  5.3900E+02  2.1690E-02  9.1125E-04
  5.4010E+02  2.1683E-02  9.1238E-04
  5.4120E+02  2.1673E-02  9.1352E-04
  5.4230E+02  2.1661E-02  9.1465E-04
  5.4340E+02  2.1648E-02  9.1577E-04
  5.4450E+02  2.1637E-02  9.1689E-04
  5.4560E+02  2.1625E-02  9.1801E-04
  5.4670E+02  2.1611E-02  9.1913E-04
  5.4780E+02  2.1592E-02  9.2023E-04
  5.4890E+02  2.1570E-02  9.2132E-04
  5.5000E+02  2.1549E-02  9.2239E-04
  5.5110E+02  2.1530E-02  9.2346E-04
  5.5220E+02  2.1514E-02  9.2453E-04
  5.5330E+02  2.1496E-02  9.2561E-04
  5.5440E+02  2.1475E-02  9.2670E-04
  5.5550E+02  2.1449E-02  9.2777E-04
  5.5660E+02  2.1422E-02  9.2883E-04
  5.5770E+02  2.1396E-02  9.2988E-04
  5.5880E+02  2.1373E-02  9.3092E-04
  5.5990E+02  2.1350E-02  9.3197E-04
  5.6100E+02  2.1326E-02  9.3302E-04
  5.6210E+02  2.1299E-02  9.3406E-04
  5.6320E+02  2.1270E-02  9.3510E-04
  5.6430E+02  2.1240E-02  9.3612E-04
  5.6540E+02  2.1211E-02  9.3713E-04
  5.6650E+02  2.1184E-02  9.3814E-04
  5.6760E+02  2.1158E-02  9.3915E-04
  5.6870E+02  2.1130E-02  9.4017E-04
  5.6980E+02  2.1101E-02  9.4118E-04
  5.7090E+02  2.1069E-02  9.4219E-04
  5.7200E+02  2.1037E-02  9.4319E-04
  5.7310E+02  2.1006E-02  9.4418E-04
  5.7420E+02  2.0976E-02  9.4517E-04
  5.7530E+02  2.0946E-02  9.4615E-04
  5.7640E+02  2.0915E-02  9.4713E-04
  5.7750E+02  2.0884E-02  9.4811E-04
  5.7860E+02  2.0853E-02  9.4909E-04
  5.7970E+02  2.0822E-02  9.5006E-04
  5.8080E+02  2.0789E-02  9.5104E-04
  5.8190E+02  2.0754E-02  9.5200E-04
  5.8300E+02  2.0719E-02  9.5295E-04
  5.8410E+02  2.0686E-02  9.5390E-04
  5.8520E+02  2.0655E-02  9.5485E-04
  5.8630E+02  2.0624E-02  9.5580E-04
  5.8740E+02  2.0593E-02  9.5675E-04
  5.8850E+02  2.0560E-02  9.5770E-04
  5.8960E+02  2.0525E-02  9.5865E-04
  5.9070E+02  2.0490E-02  9.5958E-04
  5.9180E+02  2.0456E-02  9.6051E-04
  5.9290E+02  2.0424E-02  9.6144E-04
  5.9400E+02  2.0392E-02  9.6237E-04
  5.9510E+02  2.0360E-02  9.6329E-04
  5.9620E+02  2.0327E-02  9.6422E-04
  5.9730E+02  2.0294E-02  9.6514E-04
  5.9840E+02  2.0261E-02  9.6605E-04
  5.9950E+02  2.0229E-02  9.6696E-04
  6.0060E+02  2.0197E-02  9.6787E-04
  6.0170E+02  2.0166E-02  9.6878E-04
  6.0280E+02  2.0136E-02  9.6969E-04
  6.0390E+02  2.0107E-02  9.7060E-04
  6.0500E+02  2.0077E-02  9.7152E-04
  6.0610E+02  2.0046E-02  9.7243E-04
  6.0720E+02  2.0016E-02  9.7333E-04
  6.0830E+02  1.9986E-02  9.7423E-04
  6.0940E+02  1.9957E-02  9.7512E-04
  6.1050E+02  1.9929E-02  9.7601E-04
  6.1160E+02  1.9903E-02  9.7690E-04
  6.1270E+02  1.9878E-02  9.7780E-04
  6.1380E+02  1.9853E-02  9.7870E-04
  6.1490E+02  1.9827E-02  9.7961E-04
  6.1600E+02  1.9802E-02  9.8051E-04
  6.1710E+02  1.9777E-02  9.8141E-04
  6.1820E+02  1.9753E-02  9.8230E-04
  6.1930E+02  1.9731E-02  9.8320E-04
  6.2040E+02  1.9709E-02  9.8410E-04
  6.2150E+02  1.9688E-02  9.8500E-04
  6.2260E+02  1.9668E-02  9.8590E-04
  6.2370E+02  1.9648E-02  9.8680E-04
  6.2480E+02  1.9630E-02  9.8770E-04
  6.2590E+02  1.9613E-02  9.8861E-04
  6.2700E+02  1.9597E-02  9.8952E-04
  6.2810E+02  1.9581E-02  9.9043E-04
  6.2920E+02  1.9565E-02  9.9135E-04
  6.3030E+02  1.9549E-02  9.9226E-04
  6.3140E+02  1.9535E-02  9.9317E-04
  6.3250E+02  1.9523E-02  9.9409E-04
  6.3360E+02  1.9513E-02  9.9501E-04
  6.3470E+02  1.9503E-02  9.9593E-04
  6.3580E+02  1.9494E-02  9.9686E-04
  6.3690E+02  1.9484E-02  9.9780E-04
  6.3800E+02  1.9475E-02  9.9873E-04
  6.3910E+02  1.9467E-02  9.9966E-04
  6.4020E+02  1.9461E-02  1.0006E-03
  6.4130E+02  1.9456E-02  1.0015E-03
  6.4240E+02  1.9452E-02  1.0025E-03
  6.4350E+02  1.9448E-02  1.0034E-03
  6.4460E+02  1.9445E-02  1.0044E-03
  6.4570E+02  1.9443E-02  1.0053E-03
  6.4680E+02  1.9441E-02  1.0063E-03
  6.4790E+02  1.9439E-02  1.0072E-03
  6.4900E+02  1.9438E-02  1.0082E-03
  6.5010E+02  1.9439E-02  1.0091E-03
  6.5120E+02  1.9440E-02  1.0101E-03
  6.5230E+02  1.9441E-02  1.0110E-03
  6.5340E+02  1.9442E-02  1.0120E-03
  6.5450E+02  1.9443E-02  1.0130E-03
  6.5560E+02  1.9445E-02  1.0139E-03
  6.5670E+02  1.9447E-02  1.0149E-03
  6.5780E+02  1.9451E-02  1.0158E-03
  6.5890E+02  1.9454E-02  1.0168E-03
  6.6000E+02  1.9456E-02  1.0178E-03
  6.6110E+02  1.9459E-02  1.0187E-03
  6.6220E+02  1.9462E-02  1.0197E-03
  6.6330E+02  1.9465E-02  1.0207E-03
  6.6440E+02  1.9468E-02  1.0217E-03
  6.6550E+02  1.9470E-02  1.0226E-03
  6.6660E+02  1.9473E-02  1.0236E-03
  6.6770E+02  1.9476E-02  1.0246E-03
  6.6880E+02  1.9479E-02  1.0255E-03
  6.6990E+02  1.9481E-02  1.0265E-03
  6.7100E+02  1.9483E-02  1.0275E-03
  6.7210E+02  1.9485E-02  1.0284E-03
  6.7320E+02  1.9486E-02  1.0294E-03
  6.7430E+02  1.9487E-02  1.0304E-03
  6.7540E+02  1.9488E-02  1.0313E-03
  6.7650E+02  1.9490E-02  1.0323E-03
  6.7760E+02  1.9490E-02  1.0333E-03
  6.7870E+02  1.9490E-02  1.0343E-03
  6.7980E+02  1.9490E-02  1.0352E-03
  6.8090E+02  1.9489E-02  1.0362E-03
  6.8200E+02  1.9488E-02  1.0372E-03
  6.8310E+02  1.9487E-02  1.0381E-03
  6.8420E+02  1.9486E-02  1.0391E-03
  6.8530E+02  1.9485E-02  1.0401E-03
  6.8640E+02  1.9483E-02  1.0410E-03
  6.8750E+02  1.9480E-02  1.0420E-03
  6.8860E+02  1.9478E-02  1.0430E-03
  6.8970E+02  1.9475E-02  1.0440E-03
  6.9080E+02  1.9472E-02  1.0449E-03
  6.9190E+02  1.9469E-02  1.0459E-03
  6.9300E+02  1.9465E-02  1.0469E-03
  6.9410E+02  1.9462E-02  1.0478E-03
  6.9520E+02  1.9459E-02  1.0488E-03
  6.9630E+02  1.9455E-02  1.0498E-03
  6.9740E+02  1.9451E-02  1.0507E-03
  6.9850E+02  1.9447E-02  1.0517E-03
  6.9960E+02  1.9443E-02  1.0527E-03
  7.0070E+02  1.9439E-02  1.0537E-03
  7.0180E+02  1.9435E-02  1.0546E-03
  7.0290E+02  1.9431E-02  1.0556E-03
  7.0400E+02  1.9426E-02  1.0566E-03
  7.0510E+02  1.9422E-02  1.0576E-03
  7.0620E+02  1.9418E-02  1.0585E-03
  7.0730E+02  1.9414E-02  1.0595E-03
  7.0840E+02  1.9410E-02  1.0605E-03
  7.0950E+02  1.9406E-02  1.0615E-03
  7.1060E+02  1.9401E-02  1.0625E-03
  7.1170E+02  1.9396E-02  1.0634E-03
  7.1280E+02  1.9392E-02  1.0644E-03
  7.1390E+02  1.9388E-02  1.0654E-03
  7.1500E+02  1.9383E-02  1.0664E-03
  7.1610E+02  1.9378E-02  1.0673E-03
  7.1720E+02  1.9373E-02  1.0683E-03
  7.1830E+02  1.9368E-02  1.0693E-03
  7.1940E+02  1.9363E-02  1.0702E-03
  7.2050E+02  1.9358E-02  1.0712E-03
  7.2160E+02  1.9352E-02  1.0722E-03
  7.2270E+02  1.9346E-02  1.0732E-03
  7.2380E+02  1.9339E-02  1.0741E-03
  7.2490E+02  1.9332E-02  1.0751E-03
  7.2600E+02  1.9325E-02  1.0760E-03
  7.2710E+02  1.9318E-02  1.0770E-03
  7.2820E+02  1.9311E-02  1.0780E-03
  7.2930E+02  1.9303E-02  1.0789E-03
  7.3040E+02  1.9294E-02  1.0799E-03
  7.3150E+02  1.9284E-02  1.0808E-03
  7.3260E+02  1.9275E-02  1.0818E-03
  7.3370E+02  1.9264E-02  1.0827E-03
  7.3480E+02  1.9254E-02  1.0836E-03
  7.3590E+02  1.9243E-02  1.0846E-03
  7.3700E+02  1.9231E-02  1.0855E-03
  7.3810E+02  1.9220E-02  1.0864E-03
  7.3920E+02  1.9207E-02  1.0874E-03
  7.4030E+02  1.9194E-02  1.0883E-03
  7.4140E+02  1.9180E-02  1.0892E-03
  7.4250E+02  1.9166E-02  1.0901E-03
  7.4360E+02  1.9151E-02  1.0910E-03
  7.4470E+02  1.9137E-02  1.0919E-03
  7.4580E+02  1.9122E-02  1.0928E-03
  7.4690E+02  1.9106E-02  1.0937E-03
  7.4800E+02  1.9090E-02  1.0946E-03
  7.4910E+02  1.9073E-02  1.0955E-03
  7.5020E+02  1.9057E-02  1.0964E-03
  7.5130E+02  1.9040E-02  1.0973E-03
  7.5240E+02  1.9022E-02  1.0982E-03
  7.5350E+02  1.9004E-02  1.0991E-03
  7.5460E+02  1.8986E-02  1.1000E-03
  7.5570E+02  1.8967E-02  1.1008E-03
  7.5680E+02  1.8949E-02  1.1017E-03
  7.5790E+02  1.8930E-02  1.1026E-03
  7.5900E+02  1.8912E-02  1.1035E-03
  7.6010E+02  1.8893E-02  1.1043E-03
  7.6120E+02  1.8873E-02  1.1052E-03
  7.6230E+02  1.8853E-02  1.1060E-03
  7.6340E+02  1.8833E-02  1.1069E-03
  7.6450E+02  1.8814E-02  1.1078E-03
  7.6560E+02  1.8794E-02  1.1086E-03
  7.6670E+02  1.8774E-02  1.1095E-03
  7.6780E+02  1.8755E-02  1.1103E-03
  7.6890E+02  1.8734E-02  1.1112E-03
  7.7000E+02  1.8714E-02  1.1120E-03
  7.7110E+02  1.8694E-02  1.1129E-03
  7.7220E+02  1.8674E-02  1.1137E-03
  7.7330E+02  1.8654E-02  1.1145E-03
  7.7440E+02  1.8634E-02  1.1154E-03
  7.7550E+02  1.8614E-02  1.1162E-03
  7.7660E+02  1.8595E-02  1.1171E-03
  7.7770E+02  1.8575E-02  1.1179E-03
  7.7880E+02  1.8556E-02  1.1187E-03
  7.7990E+02  1.8537E-02  1.1196E-03
  7.8100E+02  1.8518E-02  1.1204E-03
  7.8210E+02  1.8499E-02  1.1213E-03
  7.8320E+02  1.8481E-02  1.1221E-03
  7.8430E+02  1.8463E-02  1.1229E-03
  7.8540E+02  1.8446E-02  1.1238E-03
  7.8650E+02  1.8428E-02  1.1246E-03
  7.8760E+02  1.8411E-02  1.1255E-03
  7.8870E+02  1.8395E-02  1.1263E-03
  7.8980E+02  1.8379E-02  1.1272E-03
  7.9090E+02  1.8364E-02  1.1280E-03
  7.9200E+02  1.8349E-02  1.1289E-03
  7.9310E+02  1.8334E-02  1.1297E-03
  7.9420E+02  1.8320E-02  1.1305E-03
  7.9530E+02  1.8306E-02  1.1314E-03
  7.9640E+02  1.8293E-02  1.1322E-03
  7.9750E+02  1.8281E-02  1.1331E-03
  7.9860E+02  1.8269E-02  1.1339E-03
  7.9970E+02  1.8258E-02  1.1348E-03
  8.0080E+02  1.8247E-02  1.1357E-03
  8.0190E+02  1.8236E-02  1.1365E-03
  8.0300E+02  1.8226E-02  1.1374E-03
  8.0410E+02  1.8216E-02  1.1382E-03
  8.0520E+02  1.8208E-02  1.1391E-03
  8.0630E+02  1.8199E-02  1.1399E-03
  8.0740E+02  1.8191E-02  1.1408E-03
  8.0850E+02  1.8183E-02  1.1416E-03
  8.0960E+02  1.8176E-02  1.1425E-03
  8.1070E+02  1.8169E-02  1.1434E-03
  8.1180E+02  1.8163E-02  1.1442E-03
  8.1290E+02  1.8156E-02  1.1451E-03
  8.1400E+02  1.8150E-02  1.1459E-03
  8.1510E+02  1.8144E-02  1.1468E-03
  8.1620E+02  1.8138E-02  1.1477E-03
  8.1730E+02  1.8134E-02  1.1485E-03
  8.1840E+02  1.8129E-02  1.1494E-03
  8.1950E+02  1.8123E-02  1.1502E-03
  8.2060E+02  1.8118E-02  1.1511E-03
  8.2170E+02  1.8112E-02  1.1520E-03
  8.2280E+02  1.8107E-02  1.1528E-03
  8.2390E+02  1.8102E-02  1.1537E-03
  8.2500E+02  1.8097E-02  1.1545E-03
  8.2610E+02  1.8092E-02  1.1554E-03
  8.2720E+02  1.8087E-02  1.1562E-03
  8.2830E+02  1.8082E-02  1.1571E-03
  8.2940E+02  1.8076E-02  1.1579E-03
  8.3050E+02  1.8071E-02  1.1588E-03
  8.3160E+02  1.8065E-02  1.1596E-03
  8.3270E+02  1.8059E-02  1.1605E-03
  8.3380E+02  1.8052E-02  1.1613E-03
  8.3490E+02  1.8046E-02  1.1622E-03
  8.3600E+02  1.8039E-02  1.1630E-03
  8.3710E+02  1.8032E-02  1.1639E-03
  8.3820E+02  1.8025E-02  1.1647E-03
  8.3930E+02  1.8018E-02  1.1655E-03
  8.4040E+02  1.8011E-02  1.1664E-03
  8.4150E+02  1.8003E-02  1.1672E-03
  8.4260E+02  1.7995E-02  1.1680E-03
  8.4370E+02  1.7987E-02  1.1689E-03
  8.4480E+02  1.7978E-02  1.1697E-03
  8.4590E+02  1.7970E-02  1.1705E-03
  8.4700E+02  1.7961E-02  1.1714E-03
  8.4810E+02  1.7952E-02  1.1722E-03
  8.4920E+02  1.7943E-02  1.1730E-03
  8.5030E+02  1.7934E-02  1.1739E-03
  8.5140E+02  1.7925E-02  1.1747E-03
  8.5250E+02  1.7916E-02  1.1755E-03
  8.5360E+02  1.7906E-02  1.1764E-03
  8.5470E+02  1.7897E-02  1.1772E-03
  8.5580E+02  1.7887E-02  1.1780E-03
  8.5690E+02  1.7878E-02  1.1788E-03
  8.5800E+02  1.7868E-02  1.1797E-03
  8.5910E+02  1.7859E-02  1.1805E-03
  8.6020E+02  1.7850E-02  1.1813E-03
  8.6130E+02  1.7841E-02  1.1822E-03
  8.6240E+02  1.7832E-02  1.1830E-03
  8.6350E+02  1.7823E-02  1.1838E-03
  8.6460E+02  1.7814E-02  1.1846E-03
  8.6570E+02  1.7805E-02  1.1855E-03
  8.6680E+02  1.7797E-02  1.1863E-03
  8.6790E+02  1.7789E-02  1.1871E-03
  8.6900E+02  1.7781E-02  1.1880E-03
  8.7010E+02  1.7773E-02  1.1888E-03
  8.7120E+02  1.7765E-02  1.1896E-03
  8.7230E+02  1.7758E-02  1.1905E-03
  8.7340E+02  1.7751E-02  1.1913E-03
  8.7450E+02  1.7744E-02  1.1921E-03
  8.7560E+02  1.7737E-02  1.1930E-03
  8.7670E+02  1.7730E-02  1.1938E-03
  8.7780E+02  1.7724E-02  1.1947E-03
  8.7890E+02  1.7718E-02  1.1955E-03
  8.8000E+02  1.7712E-02  1.1963E-03
  8.8110E+02  1.7706E-02  1.1972E-03
  8.8220E+02  1.7701E-02  1.1980E-03
  8.8330E+02  1.7695E-02  1.1989E-03
  8.8440E+02  1.7690E-02  1.1997E-03
  8.8550E+02  1.7685E-02  1.2006E-03
  8.8660E+02  1.7680E-02  1.2014E-03
  8.8770E+02  1.7676E-02  1.2022E-03
  8.8880E+02  1.7671E-02  1.2031E-03
  8.8990E+02  1.7667E-02  1.2039E-03
  8.9100E+02  1.7662E-02  1.2048E-03
  8.9210E+02  1.7658E-02  1.2056E-03
  8.9320E+02  1.7653E-02  1.2065E-03
  8.9430E+02  1.7649E-02  1.2073E-03
  8.9540E+02  1.7645E-02  1.2081E-03
  8.9650E+02  1.7641E-02  1.2090E-03
  8.9760E+02  1.7637E-02  1.2098E-03
  8.9870E+02  1.7632E-02  1.2107E-03
  8.9980E+02  1.7628E-02  1.2115E-03
  9.0090E+02  1.7624E-02  1.2124E-03
  9.0200E+02  1.7619E-02  1.2132E-03
  9.0310E+02  1.7615E-02  1.2140E-03
  9.0420E+02  1.7610E-02  1.2149E-03
  9.0530E+02  1.7606E-02  1.2157E-03
  9.0640E+02  1.7601E-02  1.2166E-03
  9.0750E+02  1.7596E-02  1.2174E-03
  9.0860E+02  1.7592E-02  1.2182E-03
  9.0970E+02  1.7586E-02  1.2191E-03
  9.1080E+02  1.7581E-02  1.2199E-03
  9.1190E+02  1.7576E-02  1.2208E-03
  9.1300E+02  1.7571E-02  1.2216E-03
  9.1410E+02  1.7565E-02  1.2224E-03
  9.1520E+02  1.7560E-02  1.2233E-03
  9.1630E+02  1.7554E-02  1.2241E-03
  9.1740E+02  1.7548E-02  1.2249E-03
  9.1850E+02  1.7542E-02  1.2258E-03
  9.1960E+02  1.7535E-02  1.2266E-03
  9.2070E+02  1.7529E-02  1.2274E-03
  9.2180E+02  1.7523E-02  1.2282E-03
  9.2290E+02  1.7516E-02  1.2291E-03
  9.2400E+02  1.7509E-02  1.2299E-03
  9.2510E+02  1.7502E-02  1.2307E-03
  9.2620E+02  1.7495E-02  1.2315E-03
  9.2730E+02  1.7488E-02  1.2324E-03
  9.2840E+02  1.7481E-02  1.2332E-03
  9.2950E+02  1.7474E-02  1.2340E-03
  9.3060E+02  1.7466E-02  1.2348E-03
  9.3170E+02  1.7459E-02  1.2356E-03
  9.3280E+02  1.7451E-02  1.2364E-03
  9.3390E+02  1.7443E-02  1.2373E-03
  9.3500E+02  1.7435E-02  1.2381E-03
  9.3610E+02  1.7428E-02  1.2389E-03
  9.3720E+02  1.7420E-02  1.2397E-03
  9.3830E+02  1.7412E-02  1.2405E-03
  9.3940E+02  1.7403E-02  1.2413E-03
  9.4050E+02  1.7395E-02  1.2421E-03
  9.4160E+02  1.7387E-02  1.2429E-03
  9.4270E+02  1.7378E-02  1.2437E-03
  9.4380E+02  1.7370E-02  1.2445E-03
  9.4490E+02  1.7361E-02  1.2453E-03
  9.4600E+02  1.7352E-02  1.2461E-03
  9.4710E+02  1.7344E-02  1.2469E-03
  9.4820E+02  1.7335E-02  1.2477E-03
  9.4930E+02  1.7326E-02  1.2485E-03
  9.5040E+02  1.7317E-02  1.2493E-03
  9.5150E+02  1.7307E-02  1.2501E-03
  9.5260E+02  1.7298E-02  1.2509E-03
  9.5370E+02  1.7288E-02  1.2517E-03
  9.5480E+02  1.7279E-02  1.2525E-03
  9.5590E+02  1.7269E-02  1.2533E-03
  9.5700E+02  1.7259E-02  1.2540E-03
  9.5810E+02  1.7249E-02  1.2548E-03
  9.5920E+02  1.7239E-02  1.2556E-03
  9.6030E+02  1.7229E-02  1.2564E-03
  9.6140E+02  1.7219E-02  1.2572E-03
  9.6250E+02  1.7209E-02  1.2579E-03
  9.6360E+02  1.7198E-02  1.2587E-03
  9.6470E+02  1.7188E-02  1.2595E-03
  9.6580E+02  1.7177E-02  1.2603E-03
  9.6690E+02  1.7166E-02  1.2610E-03
  9.6800E+02  1.7156E-02  1.2618E-03
  9.6910E+02  1.7145E-02  1.2626E-03
  9.7020E+02  1.7134E-02  1.2634E-03
  9.7130E+02  1.7123E-02  1.2641E-03
  9.7240E+02  1.7112E-02  1.2649E-03
  9.7350E+02  1.7101E-02  1.2657E-03
  9.7460E+02  1.7090E-02  1.2664E-03
  9.7570E+02  1.7079E-02  1.2672E-03
  9.7680E+02  1.7068E-02  1.2680E-03
  9.7790E+02  1.7057E-02  1.2687E-03
  9.7900E+02  1.7046E-02  1.2695E-03
  9.8010E+02  1.7035E-02  1.2703E-03
  9.8120E+02  1.7025E-02  1.2710E-03
  9.8230E+02  1.7014E-02  1.2718E-03
  9.8340E+02  1.7004E-02  1.2725E-03
  9.8450E+02  1.6994E-02  1.2733E-03
  9.8560E+02  1.6984E-02  1.2741E-03
  9.8670E+02  1.6974E-02  1.2748E-03
  9.8780E+02  1.6964E-02  1.2756E-03
  9.8890E+02  1.6955E-02  1.2764E-03
  9.9000E+02  1.6946E-02  1.2771E-03
  9.9110E+02  1.6937E-02  1.2779E-03
  9.9220E+02  1.6928E-02  1.2787E-03
  9.9330E+02  1.6920E-02  1.2795E-03
  9.9440E+02  1.6912E-02  1.2802E-03
  9.9550E+02  1.6904E-02  1.2810E-03
  9.9660E+02  1.6897E-02  1.2818E-03
  9.9770E+02  1.6890E-02  1.2825E-03
  9.9880E+02  1.6883E-02  1.2833E-03
  9.9990E+02  1.6876E-02  1.2841E-03
  1.0010E+03  1.6870E-02  1.2849E-03
  1.0021E+03  1.6863E-02  1.2856E-03
  1.0032E+03  1.6858E-02  1.2864E-03
  1.0043E+03  1.6852E-02  1.2872E-03
  1.0054E+03  1.6847E-02  1.2880E-03
  1.0065E+03  1.6842E-02  1.2888E-03
  1.0076E+03  1.6837E-02  1.2895E-03
  1.0087E+03  1.6832E-02  1.2903E-03
  1.0098E+03  1.6828E-02  1.2911E-03
  1.0109E+03  1.6823E-02  1.2919E-03
  1.0120E+03  1.6819E-02  1.2927E-03
  1.0131E+03  1.6815E-02  1.2934E-03
  1.0142E+03  1.6811E-02  1.2942E-03
  1.0153E+03  1.6807E-02  1.2950E-03
  1.0164E+03  1.6803E-02  1.2958E-03
  1.0175E+03  1.6799E-02  1.2966E-03
  1.0186E+03  1.6795E-02  1.2973E-03
  1.0197E+03  1.6791E-02  1.2981E-03
  1.0208E+03  1.6787E-02  1.2989E-03
  1.0219E+03  1.6783E-02  1.2997E-03
  1.0230E+03  1.6778E-02  1.3005E-03
  1.0241E+03  1.6774E-02  1.3012E-03
  1.0252E+03  1.6770E-02  1.3020E-03
  1.0263E+03  1.6765E-02  1.3028E-03
  1.0274E+03  1.6760E-02  1.3036E-03
  1.0285E+03  1.6755E-02  1.3043E-03
  1.0296E+03  1.6750E-02  1.3051E-03
  1.0307E+03  1.6744E-02  1.3059E-03
  1.0318E+03  1.6738E-02  1.3067E-03
  1.0329E+03  1.6732E-02  1.3074E-03
  1.0340E+03  1.6726E-02  1.3082E-03
  1.0351E+03  1.6719E-02  1.3090E-03
  1.0362E+03  1.6713E-02  1.3097E-03
  1.0373E+03  1.6705E-02  1.3105E-03
  1.0384E+03  1.6698E-02  1.3113E-03
  1.0395E+03  1.6690E-02  1.3120E-03
  1.0406E+03  1.6682E-02  1.3128E-03
  1.0417E+03  1.6674E-02  1.3135E-03
  1.0428E+03  1.6666E-02  1.3143E-03
  1.0439E+03  1.6657E-02  1.3150E-03
  1.0450E+03  1.6648E-02  1.3158E-03
  1.0461E+03  1.6638E-02  1.3165E-03
  1.0472E+03  1.6629E-02  1.3173E-03
  1.0483E+03  1.6619E-02  1.3180E-03
  1.0494E+03  1.6609E-02  1.3188E-03
  1.0505E+03  1.6599E-02  1.3195E-03
  1.0516E+03  1.6588E-02  1.3203E-03
  1.0527E+03  1.6577E-02  1.3210E-03
  1.0538E+03  1.6567E-02  1.3218E-03
  1.0549E+03  1.6556E-02  1.3225E-03
  1.0560E+03  1.6545E-02  1.3232E-03
  1.0571E+03  1.6533E-02  1.3240E-03
  1.0582E+03  1.6522E-02  1.3247E-03
  1.0593E+03  1.6511E-02  1.3254E-03
  1.0604E+03  1.6499E-02  1.3262E-03
  1.0615E+03  1.6488E-02  1.3269E-03
  1.0626E+03  1.6476E-02  1.3276E-03
  1.0637E+03  1.6465E-02  1.3284E-03
  1.0648E+03  1.6453E-02  1.3291E-03
  1.0659E+03  1.6442E-02  1.3298E-03
  1.0670E+03  1.6430E-02  1.3306E-03
  1.0681E+03  1.6419E-02  1.3313E-03
  1.0692E+03  1.6408E-02  1.3320E-03
  1.0703E+03  1.6397E-02  1.3327E-03
  1.0714E+03  1.6386E-02  1.3335E-03
  1.0725E+03  1.6375E-02  1.3342E-03
  1.0736E+03  1.6364E-02  1.3349E-03
  1.0747E+03  1.6354E-02  1.3357E-03
  1.0758E+03  1.6343E-02  1.3364E-03
  1.0769E+03  1.6333E-02  1.3371E-03
  1.0780E+03  1.6324E-02  1.3379E-03
  1.0791E+03  1.6314E-02  1.3386E-03
  1.0802E+03  1.6305E-02  1.3393E-03
  1.0813E+03  1.6296E-02  1.3400E-03
  1.0824E+03  1.6287E-02  1.3408E-03
  1.0835E+03  1.6278E-02  1.3415E-03
  1.0846E+03  1.6270E-02  1.3422E-03
  1.0857E+03  1.6262E-02  1.3430E-03
  1.0868E+03  1.6254E-02  1.3437E-03
  1.0879E+03  1.6247E-02  1.3444E-03
  1.0890E+03  1.6240E-02  1.3452E-03
  1.0901E+03  1.6233E-02  1.3459E-03
  1.0912E+03  1.6227E-02  1.3466E-03
  1.0923E+03  1.6220E-02  1.3474E-03
  1.0934E+03  1.6214E-02  1.3481E-03
  1.0945E+03  1.6209E-02  1.3488E-03
  1.0956E+03  1.6203E-02  1.3496E-03
  1.0967E+03  1.6198E-02  1.3503E-03
  1.0978E+03  1.6193E-02  1.3510E-03
  1.0989E+03  1.6189E-02  1.3518E-03
  1.1000E+03  1.6184E-02  1.3525E-03
  1.1011E+03  1.6180E-02  1.3532E-03
  1.1022E+03  1.6176E-02  1.3540E-03
  1.1033E+03  1.6173E-02  1.3547E-03
  1.1044E+03  1.6169E-02  1.3554E-03
  1.1055E+03  1.6166E-02  1.3562E-03
  1.1066E+03  1.6162E-02  1.3569E-03
  1.1077E+03  1.6159E-02  1.3577E-03
  1.1088E+03  1.6156E-02  1.3584E-03
  1.1099E+03  1.6153E-02  1.3591E-03
  1.1110E+03  1.6150E-02  1.3599E-03
  1.1121E+03  1.6147E-02  1.3606E-03
  1.1132E+03  1.6144E-02  1.3613E-03
  1.1143E+03  1.6142E-02  1.3621E-03
  1.1154E+03  1.6139E-02  1.3628E-03
  1.1165E+03  1.6136E-02  1.3635E-03
  1.1176E+03  1.6133E-02  1.3643E-03
  1.1187E+03  1.6130E-02  1.3650E-03
  1.1198E+03  1.6127E-02  1.3657E-03
  1.1209E+03  1.6124E-02  1.3665E-03
  1.1220E+03  1.6121E-02  1.3672E-03
  1.1231E+03  1.6117E-02  1.3679E-03
  1.1242E+03  1.6114E-02  1.3687E-03
  1.1253E+03  1.6110E-02  1.3694E-03
  1.1264E+03  1.6107E-02  1.3701E-03
  1.1275E+03  1.6103E-02  1.3709E-03
  1.1286E+03  1.6099E-02  1.3716E-03
  1.1297E+03  1.6095E-02  1.3723E-03
  1.1308E+03  1.6090E-02  1.3730E-03
  1.1319E+03  1.6086E-02  1.3738E-03
  1.1330E+03  1.6081E-02  1.3745E-03
  1.1341E+03  1.6076E-02  1.3752E-03
  1.1352E+03  1.6071E-02  1.3760E-03
  1.1363E+03  1.6066E-02  1.3767E-03
  1.1374E+03  1.6061E-02  1.3774E-03
  1.1385E+03  1.6055E-02  1.3781E-03
  1.1396E+03  1.6049E-02  1.3789E-03
  1.1407E+03  1.6044E-02  1.3796E-03
  1.1418E+03  1.6038E-02  1.3803E-03
  1.1429E+03  1.6032E-02  1.3810E-03
  1.1440E+03  1.6025E-02  1.3817E-03
  1.1451E+03  1.6019E-02  1.3825E-03
  1.1462E+03  1.6013E-02  1.3832E-03
  1.1473E+03  1.6006E-02  1.3839E-03
  1.1484E+03  1.6000E-02  1.3846E-03
  1.1495E+03  1.5993E-02  1.3854E-03
  1.1506E+03  1.5987E-02  1.3861E-03
  1.1517E+03  1.5980E-02  1.3868E-03
  1.1528E+03  1.5973E-02  1.3875E-03
  1.1539E+03  1.5967E-02  1.3882E-03
  1.1550E+03  1.5960E-02  1.3890E-03
  1.1561E+03  1.5953E-02  1.3897E-03
  1.1572E+03  1.5947E-02  1.3904E-03
  1.1583E+03  1.5940E-02  1.3911E-03
  1.1594E+03  1.5934E-02  1.3918E-03
  1.1605E+03  1.5927E-02  1.3926E-03
  1.1616E+03  1.5921E-02  1.3933E-03
  1.1627E+03  1.5914E-02  1.3940E-03
  1.1638E+03  1.5908E-02  1.3947E-03
  1.1649E+03  1.5902E-02  1.3954E-03
  1.1660E+03  1.5896E-02  1.3961E-03
  1.1671E+03  1.5890E-02  1.3969E-03
  1.1682E+03  1.5884E-02  1.3976E-03
  1.1693E+03  1.5878E-02  1.3983E-03
  1.1704E+03  1.5872E-02  1.3990E-03
  1.1715E+03  1.5867E-02  1.3997E-03
  1.1726E+03  1.5861E-02  1.4005E-03
  1.1737E+03  1.5856E-02  1.4012E-03
  1.1748E+03  1.5851E-02  1.4019E-03
  1.1759E+03  1.5845E-02  1.4026E-03
  1.1770E+03  1.5840E-02  1.4033E-03
  1.1781E+03  1.5835E-02  1.4040E-03
  1.1792E+03  1.5830E-02  1.4048E-03
  1.1803E+03  1.5825E-02  1.4055E-03
  1.1814E+03  1.5820E-02  1.4062E-03
  1.1825E+03  1.5815E-02  1.4069E-03
  1.1836E+03  1.5810E-02  1.4076E-03
  1.1847E+03  1.5805E-02  1.4083E-03
  1.1858E+03  1.5800E-02  1.4090E-03
  1.1869E+03  1.5796E-02  1.4097E-03
  1.1880E+03  1.5791E-02  1.4105E-03
  1.1891E+03  1.5786E-02  1.4112E-03
  1.1902E+03  1.5781E-02  1.4119E-03
  1.1913E+03  1.5776E-02  1.4126E-03
  1.1924E+03  1.5771E-02  1.4133E-03
  1.1935E+03  1.5766E-02  1.4140E-03
  1.1946E+03  1.5761E-02  1.4147E-03
  1.1957E+03  1.5756E-02  1.4154E-03
  1.1968E+03  1.5750E-02  1.4161E-03
  1.1979E+03  1.5745E-02  1.4168E-03
  1.1990E+03  1.5740E-02  1.4175E-03
  1.2001E+03  1.5734E-02  1.4182E-03
  1.2012E+03  1.5728E-02  1.4189E-03
  1.2023E+03  1.5722E-02  1.4196E-03
  1.2034E+03  1.5717E-02  1.4203E-03
  1.2045E+03  1.5711E-02  1.4210E-03
  1.2056E+03  1.5704E-02  1.4217E-03
  1.2067E+03  1.5698E-02  1.4224E-03
  1.2078E+03  1.5692E-02  1.4231E-03
  1.2089E+03  1.5685E-02  1.4238E-03
  1.2100E+03  1.5678E-02  1.4245E-03
  1.2111E+03  1.5672E-02  1.4252E-03
  1.2122E+03  1.5665E-02  1.4259E-03
  1.2133E+03  1.5658E-02  1.4265E-03
  1.2144E+03  1.5651E-02  1.4272E-03
  1.2155E+03  1.5643E-02  1.4279E-03
  1.2166E+03  1.5636E-02  1.4286E-03
  1.2177E+03  1.5629E-02  1.4293E-03
  1.2188E+03  1.5621E-02  1.4300E-03
  1.2199E+03  1.5614E-02  1.4307E-03
  1.2210E+03  1.5606E-02  1.4313E-03
  1.2221E+03  1.5598E-02  1.4320E-03
  1.2232E+03  1.5590E-02  1.4327E-03
  1.2243E+03  1.5583E-02  1.4334E-03
  1.2254E+03  1.5575E-02  1.4341E-03
  1.2265E+03  1.5567E-02  1.4348E-03
  1.2276E+03  1.5559E-02  1.4354E-03
  1.2287E+03  1.5551E-02  1.4361E-03
  1.2298E+03  1.5543E-02  1.4368E-03
  1.2309E+03  1.5535E-02  1.4375E-03
  1.2320E+03  1.5527E-02  1.4382E-03
  1.2331E+03  1.5520E-02  1.4388E-03
  1.2342E+03  1.5512E-02  1.4395E-03
  1.2353E+03  1.5504E-02  1.4402E-03
  1.2364E+03  1.5497E-02  1.4409E-03
  1.2375E+03  1.5489E-02  1.4415E-03
  1.2386E+03  1.5481E-02  1.4422E-03
  1.2397E+03  1.5474E-02  1.4429E-03
  1.2408E+03  1.5467E-02  1.4436E-03
  1.2419E+03  1.5460E-02  1.4443E-03
  1.2430E+03  1.5452E-02  1.4449E-03
  1.2441E+03  1.5446E-02  1.4456E-03
  1.2452E+03  1.5439E-02  1.4463E-03
  1.2463E+03  1.5432E-02  1.4470E-03
  1.2474E+03  1.5425E-02  1.4477E-03
  1.2485E+03  1.5419E-02  1.4483E-03
  1.2496E+03  1.5413E-02  1.4490E-03
  1.2507E+03  1.5407E-02  1.4497E-03
  1.2518E+03  1.5401E-02  1.4504E-03
  1.2529E+03  1.5395E-02  1.4510E-03
  1.2540E+03  1.5389E-02  1.4517E-03
  1.2551E+03  1.5384E-02  1.4524E-03
  1.2562E+03  1.5378E-02  1.4531E-03
  1.2573E+03  1.5373E-02  1.4538E-03
  1.2584E+03  1.5368E-02  1.4544E-03
  1.2595E+03  1.5363E-02  1.4551E-03
  1.2606E+03  1.5358E-02  1.4558E-03
  1.2617E+03  1.5354E-02  1.4565E-03
  1.2628E+03  1.5349E-02  1.4572E-03
  1.2639E+03  1.5345E-02  1.4578E-03
  1.2650E+03  1.5341E-02  1.4585E-03
  1.2661E+03  1.5337E-02  1.4592E-03
  1.2672E+03  1.5333E-02  1.4599E-03
  1.2683E+03  1.5330E-02  1.4606E-03
  1.2694E+03  1.5326E-02  1.4613E-03
  1.2705E+03  1.5323E-02  1.4619E-03
  1.2716E+03  1.5319E-02  1.4626E-03
  1.2727E+03  1.5316E-02  1.4633E-03
  1.2738E+03  1.5313E-02  1.4640E-03
  1.2749E+03  1.5310E-02  1.4647E-03
  1.2760E+03  1.5307E-02  1.4653E-03
  1.2771E+03  1.5305E-02  1.4660E-03
  1.2782E+03  1.5302E-02  1.4667E-03
  1.2793E+03  1.5299E-02  1.4674E-03
  1.2804E+03  1.5297E-02  1.4681E-03
  1.2815E+03  1.5294E-02  1.4688E-03
  1.2826E+03  1.5292E-02  1.4694E-03
  1.2837E+03  1.5290E-02  1.4701E-03
  1.2848E+03  1.5288E-02  1.4708E-03
  1.2859E+03  1.5285E-02  1.4715E-03
  1.2870E+03  1.5283E-02  1.4722E-03
  1.2881E+03  1.5281E-02  1.4729E-03
  1.2892E+03  1.5279E-02  1.4735E-03
  1.2903E+03  1.5276E-02  1.4742E-03
  1.2914E+03  1.5274E-02  1.4749E-03
  1.2925E+03  1.5272E-02  1.4756E-03
  1.2936E+03  1.5269E-02  1.4763E-03
  1.2947E+03  1.5267E-02  1.4770E-03
  1.2958E+03  1.5265E-02  1.4776E-03
  1.2969E+03  1.5262E-02  1.4783E-03
  1.2980E+03  1.5260E-02  1.4790E-03
  1.2991E+03  1.5257E-02  1.4797E-03
  1.3002E+03  1.5254E-02  1.4804E-03
  1.3013E+03  1.5251E-02  1.4810E-03
  1.3024E+03  1.5248E-02  1.4817E-03
  1.3035E+03  1.5245E-02  1.4824E-03
  1.3046E+03  1.5241E-02  1.4831E-03
  1.3057E+03  1.5238E-02  1.4838E-03
  1.3068E+03  1.5234E-02  1.4844E-03
  1.3079E+03  1.5230E-02  1.4851E-03
  1.3090E+03  1.5226E-02  1.4858E-03
  1.3101E+03  1.5222E-02  1.4865E-03
  1.3112E+03  1.5218E-02  1.4871E-03
  1.3123E+03  1.5213E-02  1.4878E-03
  1.3134E+03  1.5208E-02  1.4885E-03
  1.3145E+03  1.5203E-02  1.4892E-03
  1.3156E+03  1.5198E-02  1.4898E-03
  1.3167E+03  1.5192E-02  1.4905E-03
  1.3178E+03  1.5187E-02  1.4912E-03
  1.3189E+03  1.5181E-02  1.4918E-03
  1.3200E+03  1.5175E-02  1.4925E-03
  1.3211E+03  1.5168E-02  1.4932E-03
  1.3222E+03  1.5162E-02  1.4939E-03
  1.3233E+03  1.5155E-02  1.4945E-03
  1.3244E+03  1.5148E-02  1.4952E-03
  1.3255E+03  1.5140E-02  1.4958E-03
  1.3266E+03  1.5133E-02  1.4965E-03
  1.3277E+03  1.5125E-02  1.4972E-03
  1.3288E+03  1.5118E-02  1.4978E-03
  1.3299E+03  1.5110E-02  1.4985E-03
  1.3310E+03  1.5101E-02  1.4992E-03
  1.3321E+03  1.5093E-02  1.4998E-03
  1.3332E+03  1.5085E-02  1.5005E-03
  1.3343E+03  1.5076E-02  1.5011E-03
  1.3354E+03  1.5067E-02  1.5018E-03
  1.3365E+03  1.5059E-02  1.5024E-03
  1.3376E+03  1.5050E-02  1.5031E-03
  1.3387E+03  1.5041E-02  1.5037E-03
  1.3398E+03  1.5032E-02  1.5044E-03
  1.3409E+03  1.5022E-02  1.5050E-03
  1.3420E+03  1.5013E-02  1.5057E-03
  1.3431E+03  1.5004E-02  1.5063E-03
  1.3442E+03  1.4995E-02  1.5070E-03
  1.3453E+03  1.4986E-02  1.5076E-03
  1.3464E+03  1.4977E-02  1.5083E-03
  1.3475E+03  1.4967E-02  1.5089E-03
  1.3486E+03  1.4958E-02  1.5096E-03
  1.3497E+03  1.4949E-02  1.5102E-03
  1.3508E+03  1.4941E-02  1.5109E-03
  1.3519E+03  1.4932E-02  1.5115E-03
  1.3530E+03  1.4923E-02  1.5122E-03
  1.3541E+03  1.4914E-02  1.5128E-03
  1.3552E+03  1.4906E-02  1.5135E-03
  1.3563E+03  1.4898E-02  1.5141E-03
  1.3574E+03  1.4890E-02  1.5148E-03
  1.3585E+03  1.4882E-02  1.5154E-03
  1.3596E+03  1.4874E-02  1.5160E-03
  1.3607E+03  1.4866E-02  1.5167E-03
  1.3618E+03  1.4859E-02  1.5173E-03
  1.3629E+03  1.4852E-02  1.5180E-03
  1.3640E+03  1.4845E-02  1.5186E-03
  1.3651E+03  1.4838E-02  1.5193E-03
  1.3662E+03  1.4831E-02  1.5199E-03
  1.3673E+03  1.4825E-02  1.5205E-03
  1.3684E+03  1.4819E-02  1.5212E-03
  1.3695E+03  1.4813E-02  1.5218E-03
  1.3706E+03  1.4807E-02  1.5225E-03
  1.3717E+03  1.4802E-02  1.5231E-03
  1.3728E+03  1.4796E-02  1.5238E-03
  1.3739E+03  1.4791E-02  1.5244E-03
  1.3750E+03  1.4786E-02  1.5251E-03
  1.3761E+03  1.4782E-02  1.5257E-03
  1.3772E+03  1.4777E-02  1.5263E-03
  1.3783E+03  1.4773E-02  1.5270E-03
  1.3794E+03  1.4769E-02  1.5276E-03
  1.3805E+03  1.4765E-02  1.5283E-03
  1.3816E+03  1.4761E-02  1.5289E-03
  1.3827E+03  1.4757E-02  1.5296E-03
  1.3838E+03  1.4754E-02  1.5302E-03
  1.3849E+03  1.4750E-02  1.5309E-03
  1.3860E+03  1.4747E-02  1.5315E-03
  1.3871E+03  1.4744E-02  1.5321E-03
  1.3882E+03  1.4741E-02  1.5328E-03
  1.3893E+03  1.4738E-02  1.5334E-03
  1.3904E+03  1.4735E-02  1.5341E-03
  1.3915E+03  1.4732E-02  1.5347E-03
  1.3926E+03  1.4729E-02  1.5354E-03
  1.3937E+03  1.4726E-02  1.5360E-03
  1.3948E+03  1.4723E-02  1.5367E-03
  1.3959E+03  1.4721E-02  1.5373E-03
  1.3970E+03  1.4718E-02  1.5379E-03
  1.3981E+03  1.4715E-02  1.5386E-03
  1.3992E+03  1.4712E-02  1.5392E-03
  1.4003E+03  1.4709E-02  1.5399E-03
  1.4014E+03  1.4706E-02  1.5405E-03
  1.4025E+03  1.4703E-02  1.5412E-03
  1.4036E+03  1.4700E-02  1.5418E-03
  1.4047E+03  1.4697E-02  1.5424E-03
  1.4058E+03  1.4693E-02  1.5431E-03
  1.4069E+03  1.4690E-02  1.5437E-03
  1.4080E+03  1.4687E-02  1.5444E-03
  1.4091E+03  1.4683E-02  1.5450E-03
  1.4102E+03  1.4679E-02  1.5457E-03
  1.4113E+03  1.4676E-02  1.5463E-03
  1.4124E+03  1.4672E-02  1.5469E-03
  1.4135E+03  1.4667E-02  1.5476E-03
  1.4146E+03  1.4663E-02  1.5482E-03
  1.4157E+03  1.4659E-02  1.5488E-03
  1.4168E+03  1.4655E-02  1.5495E-03
  1.4179E+03  1.4650E-02  1.5501E-03
  1.4190E+03  1.4645E-02  1.5508E-03
  1.4201E+03  1.4640E-02  1.5514E-03
  1.4212E+03  1.4636E-02  1.5520E-03
  1.4223E+03  1.4630E-02  1.5527E-03
  1.4234E+03  1.4625E-02  1.5533E-03
  1.4245E+03  1.4620E-02  1.5539E-03
  1.4256E+03  1.4615E-02  1.5546E-03
  1.4267E+03  1.4609E-02  1.5552E-03
  1.4278E+03  1.4603E-02  1.5558E-03
  1.4289E+03  1.4598E-02  1.5565E-03
  1.4300E+03  1.4592E-02  1.5571E-03
  1.4311E+03  1.4586E-02  1.5577E-03
  1.4322E+03  1.4580E-02  1.5584E-03
  1.4333E+03  1.4574E-02  1.5590E-03
  1.4344E+03  1.4568E-02  1.5596E-03
  1.4355E+03  1.4562E-02  1.5603E-03
  1.4366E+03  1.4556E-02  1.5609E-03
  1.4377E+03  1.4550E-02  1.5615E-03
  1.4388E+03  1.4544E-02  1.5621E-03
  1.4399E+03  1.4537E-02  1.5628E-03
  1.4410E+03  1.4531E-02  1.5634E-03
  1.4421E+03  1.4525E-02  1.5640E-03
  1.4432E+03  1.4519E-02  1.5647E-03
  1.4443E+03  1.4513E-02  1.5653E-03
  1.4454E+03  1.4506E-02  1.5659E-03
  1.4465E+03  1.4500E-02  1.5665E-03
  1.4476E+03  1.4494E-02  1.5672E-03
  1.4487E+03  1.4488E-02  1.5678E-03
  1.4498E+03  1.4482E-02  1.5684E-03
  1.4509E+03  1.4476E-02  1.5690E-03
  1.4520E+03  1.4470E-02  1.5696E-03
  1.4531E+03  1.4464E-02  1.5703E-03
  1.4542E+03  1.4459E-02  1.5709E-03
  1.4553E+03  1.4453E-02  1.5715E-03
  1.4564E+03  1.4447E-02  1.5721E-03
  1.4575E+03  1.4442E-02  1.5728E-03
  1.4586E+03  1.4436E-02  1.5734E-03
  1.4597E+03  1.4431E-02  1.5740E-03
  1.4608E+03  1.4425E-02  1.5746E-03
  1.4619E+03  1.4420E-02  1.5753E-03
  1.4630E+03  1.4415E-02  1.5759E-03
  1.4641E+03  1.4410E-02  1.5765E-03
  1.4652E+03  1.4405E-02  1.5771E-03
  1.4663E+03  1.4400E-02  1.5777E-03
  1.4674E+03  1.4395E-02  1.5784E-03
  1.4685E+03  1.4391E-02  1.5790E-03
  1.4696E+03  1.4386E-02  1.5796E-03
  1.4707E+03  1.4382E-02  1.5802E-03
  1.4718E+03  1.4377E-02  1.5808E-03
  1.4729E+03  1.4373E-02  1.5815E-03
  1.4740E+03  1.4369E-02  1.5821E-03
  1.4751E+03  1.4365E-02  1.5827E-03
  1.4762E+03  1.4360E-02  1.5833E-03
  1.4773E+03  1.4356E-02  1.5839E-03
  1.4784E+03  1.4352E-02  1.5846E-03
  1.4795E+03  1.4349E-02  1.5852E-03
  1.4806E+03  1.4345E-02  1.5858E-03
  1.4817E+03  1.4341E-02  1.5864E-03
  1.4828E+03  1.4337E-02  1.5870E-03
  1.4839E+03  1.4334E-02  1.5877E-03
  1.4850E+03  1.4330E-02  1.5883E-03
  1.4861E+03  1.4327E-02  1.5889E-03
  1.4872E+03  1.4323E-02  1.5895E-03
  1.4883E+03  1.4320E-02  1.5901E-03
  1.4894E+03  1.4316E-02  1.5907E-03
  1.4905E+03  1.4313E-02  1.5914E-03
  1.4916E+03  1.4310E-02  1.5920E-03
  1.4927E+03  1.4306E-02  1.5926E-03
  1.4938E+03  1.4303E-02  1.5932E-03
  1.4949E+03  1.4300E-02  1.5938E-03
  1.4960E+03  1.4297E-02  1.5945E-03
  1.4971E+03  1.4293E-02  1.5951E-03
  1.4982E+03  1.4290E-02  1.5957E-03
  1.4993E+03  1.4287E-02  1.5963E-03
  1.5000E+03  1.4285E-02  1.5967E-03
