# CREATED BY GENE DIAGNOSTICS TOOL on Wed Mar 17 17:41:15 2021
# diag: timetrace, run(s): 0008, time window: 0-1000(1458 steps), species: ions
# original data path: /marconi_scratch/userexternal/cmoreno0/GAMZF_convergence/w7x_surface/scanfiles0003/
# normalization: L_ref=1.65m
#
#  t          Re[phi]     Im[phi]   
  0.0000E+00  9.9990E-01  0.0000E+00
  6.8640E-01  9.9294E-01 -4.4407E-03
  1.3728E+00  9.7416E-01 -8.7588E-03
  2.0592E+00  9.4804E-01 -1.2867E-02
  2.7456E+00  9.1944E-01 -1.6726E-02
  3.4320E+00  8.9229E-01 -2.0339E-02
  4.1184E+00  8.6886E-01 -2.3737E-02
  4.8048E+00  8.4974E-01 -2.6963E-02
  5.4912E+00  8.3414E-01 -3.0054E-02
  6.1776E+00  8.2051E-01 -3.3035E-02
  6.8640E+00  8.0726E-01 -3.5917E-02
  7.5504E+00  7.9333E-01 -3.8697E-02
  8.2368E+00  7.7831E-01 -4.1367E-02
  8.9232E+00  7.6230E-01 -4.3917E-02
  9.6096E+00  7.4571E-01 -4.6341E-02
  1.0296E+01  7.2906E-01 -4.8635E-02
  1.0982E+01  7.1290E-01 -5.0803E-02
  1.1669E+01  6.9771E-01 -5.2853E-02
  1.2355E+01  6.8375E-01 -5.4797E-02
  1.3042E+01  6.7106E-01 -5.6646E-02
  1.3728E+01  6.5954E-01 -5.8412E-02
  1.4414E+01  6.4913E-01 -6.0106E-02
  1.5101E+01  6.3977E-01 -6.1738E-02
  1.5787E+01  6.3139E-01 -6.3316E-02
  1.6474E+01  6.2390E-01 -6.4849E-02
  1.7160E+01  6.1722E-01 -6.6345E-02
  1.7846E+01  6.1135E-01 -6.7809E-02
  1.8533E+01  6.0631E-01 -6.9250E-02
  1.9219E+01  6.0205E-01 -7.0674E-02
  1.9906E+01  5.9851E-01 -7.2086E-02
  2.0592E+01  5.9557E-01 -7.3493E-02
  2.1278E+01  5.9322E-01 -7.4898E-02
  2.1965E+01  5.9139E-01 -7.6305E-02
  2.2651E+01  5.9001E-01 -7.7718E-02
  2.3338E+01  5.8898E-01 -7.9140E-02
  2.4024E+01  5.8821E-01 -8.0571E-02
  2.4710E+01  5.8766E-01 -8.2012E-02
  2.5397E+01  5.8727E-01 -8.3465E-02
  2.6083E+01  5.8698E-01 -8.4928E-02
  2.6770E+01  5.8670E-01 -8.6402E-02
  2.7456E+01  5.8636E-01 -8.7884E-02
  2.8142E+01  5.8595E-01 -8.9373E-02
  2.8829E+01  5.8541E-01 -9.0868E-02
  2.9515E+01  5.8469E-01 -9.2366E-02
  3.0202E+01  5.8372E-01 -9.3864E-02
  3.0888E+01  5.8247E-01 -9.5359E-02
  3.1574E+01  5.8095E-01 -9.6849E-02
  3.2261E+01  5.7912E-01 -9.8329E-02
  3.2947E+01  5.7697E-01 -9.9798E-02
  3.3634E+01  5.7446E-01 -1.0125E-01
  3.4320E+01  5.7159E-01 -1.0269E-01
  3.5006E+01  5.6840E-01 -1.0410E-01
  3.5693E+01  5.6489E-01 -1.0549E-01
  3.6379E+01  5.6104E-01 -1.0685E-01
  3.7066E+01  5.5687E-01 -1.0818E-01
  3.7752E+01  5.5239E-01 -1.0948E-01
  3.8438E+01  5.4765E-01 -1.1075E-01
  3.9125E+01  5.4267E-01 -1.1198E-01
  3.9811E+01  5.3746E-01 -1.1318E-01
  4.0498E+01  5.3202E-01 -1.1433E-01
  4.1184E+01  5.2641E-01 -1.1545E-01
  4.1870E+01  5.2066E-01 -1.1653E-01
  4.2557E+01  5.1478E-01 -1.1757E-01
  4.3243E+01  5.0881E-01 -1.1856E-01
  4.3930E+01  5.0275E-01 -1.1952E-01
  4.4616E+01  4.9665E-01 -1.2044E-01
  4.5302E+01  4.9053E-01 -1.2132E-01
  4.5989E+01  4.8440E-01 -1.2215E-01
  4.6675E+01  4.7828E-01 -1.2296E-01
  4.7362E+01  4.7219E-01 -1.2372E-01
  4.8048E+01  4.6616E-01 -1.2445E-01
  4.8734E+01  4.6018E-01 -1.2514E-01
  4.9421E+01  4.5429E-01 -1.2580E-01
  5.0107E+01  4.4846E-01 -1.2643E-01
  5.0794E+01  4.4272E-01 -1.2702E-01
  5.1480E+01  4.3707E-01 -1.2758E-01
  5.2166E+01  4.3153E-01 -1.2812E-01
  5.2853E+01  4.2608E-01 -1.2863E-01
  5.3539E+01  4.2072E-01 -1.2910E-01
  5.4226E+01  4.1545E-01 -1.2956E-01
  5.4912E+01  4.1027E-01 -1.2999E-01
  5.5598E+01  4.0519E-01 -1.3039E-01
  5.6285E+01  4.0019E-01 -1.3077E-01
  5.6971E+01  3.9525E-01 -1.3112E-01
  5.7658E+01  3.9038E-01 -1.3146E-01
  5.8344E+01  3.8557E-01 -1.3177E-01
  5.9030E+01  3.8082E-01 -1.3206E-01
  5.9717E+01  3.7611E-01 -1.3233E-01
  6.0403E+01  3.7143E-01 -1.3257E-01
  6.1090E+01  3.6678E-01 -1.3280E-01
  6.1776E+01  3.6214E-01 -1.3300E-01
  6.2462E+01  3.5752E-01 -1.3319E-01
  6.3149E+01  3.5289E-01 -1.3335E-01
  6.3835E+01  3.4827E-01 -1.3349E-01
  6.4522E+01  3.4363E-01 -1.3360E-01
  6.5208E+01  3.3898E-01 -1.3370E-01
  6.5894E+01  3.3431E-01 -1.3377E-01
  6.6581E+01  3.2961E-01 -1.3382E-01
  6.7267E+01  3.2488E-01 -1.3385E-01
  6.7954E+01  3.2012E-01 -1.3385E-01
  6.8640E+01  3.1533E-01 -1.3383E-01
  6.9326E+01  3.1051E-01 -1.3378E-01
  7.0013E+01  3.0566E-01 -1.3371E-01
  7.0699E+01  3.0076E-01 -1.3362E-01
  7.1386E+01  2.9584E-01 -1.3350E-01
  7.2072E+01  2.9089E-01 -1.3335E-01
  7.2758E+01  2.8590E-01 -1.3318E-01
  7.3445E+01  2.8089E-01 -1.3299E-01
  7.4131E+01  2.7585E-01 -1.3277E-01
  7.4818E+01  2.7079E-01 -1.3252E-01
  7.5504E+01  2.6571E-01 -1.3224E-01
  7.6190E+01  2.6061E-01 -1.3195E-01
  7.6877E+01  2.5549E-01 -1.3162E-01
  7.7563E+01  2.5036E-01 -1.3127E-01
  7.8250E+01  2.4523E-01 -1.3089E-01
  7.8936E+01  2.4009E-01 -1.3049E-01
  7.9622E+01  2.3495E-01 -1.3007E-01
  8.0309E+01  2.2981E-01 -1.2962E-01
  8.0995E+01  2.2466E-01 -1.2914E-01
  8.1682E+01  2.1953E-01 -1.2864E-01
  8.2368E+01  2.1440E-01 -1.2811E-01
  8.3054E+01  2.0928E-01 -1.2756E-01
  8.3741E+01  2.0417E-01 -1.2699E-01
  8.4427E+01  1.9907E-01 -1.2639E-01
  8.5114E+01  1.9398E-01 -1.2577E-01
  8.5800E+01  1.8891E-01 -1.2513E-01
  8.6486E+01  1.8386E-01 -1.2446E-01
  8.7173E+01  1.7883E-01 -1.2378E-01
  8.7859E+01  1.7381E-01 -1.2307E-01
  8.8546E+01  1.6882E-01 -1.2233E-01
  8.9232E+01  1.6384E-01 -1.2158E-01
  8.9918E+01  1.5888E-01 -1.2080E-01
  9.0605E+01  1.5394E-01 -1.2001E-01
  9.1291E+01  1.4902E-01 -1.1919E-01
  9.1978E+01  1.4413E-01 -1.1835E-01
  9.2664E+01  1.3926E-01 -1.1750E-01
  9.3350E+01  1.3440E-01 -1.1662E-01
  9.4037E+01  1.2957E-01 -1.1572E-01
  9.4723E+01  1.2475E-01 -1.1480E-01
  9.5410E+01  1.1996E-01 -1.1387E-01
  9.6096E+01  1.1518E-01 -1.1291E-01
  9.6782E+01  1.1043E-01 -1.1194E-01
  9.7469E+01  1.0568E-01 -1.1094E-01
  9.8155E+01  1.0096E-01 -1.0993E-01
  9.8842E+01  9.6251E-02 -1.0890E-01
  9.9528E+01  9.1557E-02 -1.0785E-01
  1.0021E+02  8.6877E-02 -1.0678E-01
  1.0090E+02  8.2212E-02 -1.0570E-01
  1.0159E+02  7.7563E-02 -1.0459E-01
  1.0227E+02  7.2931E-02 -1.0347E-01
  1.0296E+02  6.8314E-02 -1.0233E-01
  1.0365E+02  6.3709E-02 -1.0117E-01
  1.0433E+02  5.9116E-02 -1.0000E-01
  1.0502E+02  5.4537E-02 -9.8809E-02
  1.0571E+02  4.9971E-02 -9.7600E-02
  1.0639E+02  4.5419E-02 -9.6374E-02
  1.0708E+02  4.0882E-02 -9.5131E-02
  1.0776E+02  3.6364E-02 -9.3872E-02
  1.0845E+02  3.1865E-02 -9.2596E-02
  1.0914E+02  2.7383E-02 -9.1304E-02
  1.0982E+02  2.2917E-02 -8.9996E-02
  1.1051E+02  1.8467E-02 -8.8672E-02
  1.1120E+02  1.4037E-02 -8.7332E-02
  1.1188E+02  9.6277E-03 -8.5977E-02
  1.1257E+02  5.2410E-03 -8.4606E-02
  1.1326E+02  8.7609E-04 -8.3221E-02
  1.1394E+02 -3.4658E-03 -8.1821E-02
  1.1463E+02 -7.7824E-03 -8.0406E-02
  1.1532E+02 -1.2073E-02 -7.8977E-02
  1.1600E+02 -1.6338E-02 -7.7534E-02
  1.1669E+02 -2.0580E-02 -7.6078E-02
  1.1737E+02 -2.4796E-02 -7.4607E-02
  1.1806E+02 -2.8983E-02 -7.3124E-02
  1.1875E+02 -3.3140E-02 -7.1628E-02
  1.1943E+02 -3.7267E-02 -7.0120E-02
  1.2012E+02 -4.1366E-02 -6.8599E-02
  1.2081E+02 -4.5437E-02 -6.7066E-02
  1.2149E+02 -4.9478E-02 -6.5521E-02
  1.2218E+02 -5.3490E-02 -6.3965E-02
  1.2287E+02 -5.7471E-02 -6.2397E-02
  1.2355E+02 -6.1423E-02 -6.0819E-02
  1.2424E+02 -6.5342E-02 -5.9229E-02
  1.2492E+02 -6.9229E-02 -5.7630E-02
  1.2561E+02 -7.3082E-02 -5.6020E-02
  1.2630E+02 -7.6904E-02 -5.4400E-02
  1.2698E+02 -8.0692E-02 -5.2772E-02
  1.2767E+02 -8.4448E-02 -5.1134E-02
  1.2836E+02 -8.8169E-02 -4.9487E-02
  1.2904E+02 -9.1855E-02 -4.7831E-02
  1.2973E+02 -9.5507E-02 -4.6166E-02
  1.3042E+02 -9.9124E-02 -4.4494E-02
  1.3110E+02 -1.0270E-01 -4.2813E-02
  1.3179E+02 -1.0625E-01 -4.1126E-02
  1.3248E+02 -1.0975E-01 -3.9431E-02
  1.3316E+02 -1.1322E-01 -3.7729E-02
  1.3385E+02 -1.1666E-01 -3.6020E-02
  1.3453E+02 -1.2005E-01 -3.4305E-02
  1.3522E+02 -1.2341E-01 -3.2584E-02
  1.3591E+02 -1.2673E-01 -3.0858E-02
  1.3659E+02 -1.3000E-01 -2.9126E-02
  1.3728E+02 -1.3324E-01 -2.7389E-02
  1.3797E+02 -1.3643E-01 -2.5647E-02
  1.3865E+02 -1.3959E-01 -2.3901E-02
  1.3934E+02 -1.4270E-01 -2.2151E-02
  1.4003E+02 -1.4578E-01 -2.0397E-02
  1.4071E+02 -1.4882E-01 -1.8640E-02
  1.4140E+02 -1.5182E-01 -1.6878E-02
  1.4208E+02 -1.5478E-01 -1.5114E-02
  1.4277E+02 -1.5771E-01 -1.3346E-02
  1.4346E+02 -1.6059E-01 -1.1576E-02
  1.4414E+02 -1.6343E-01 -9.8041E-03
  1.4483E+02 -1.6623E-01 -8.0303E-03
  1.4552E+02 -1.6898E-01 -6.2554E-03
  1.4620E+02 -1.7170E-01 -4.4794E-03
  1.4689E+02 -1.7437E-01 -2.7026E-03
  1.4758E+02 -1.7700E-01 -9.2514E-04
  1.4826E+02 -1.7959E-01  8.5288E-04
  1.4895E+02 -1.8214E-01  2.6313E-03
  1.4964E+02 -1.8465E-01  4.4099E-03
  1.5032E+02 -1.8712E-01  6.1882E-03
  1.5101E+02 -1.8955E-01  7.9658E-03
  1.5169E+02 -1.9193E-01  9.7420E-03
  1.5238E+02 -1.9426E-01  1.1516E-02
  1.5307E+02 -1.9655E-01  1.3289E-02
  1.5375E+02 -1.9879E-01  1.5059E-02
  1.5444E+02 -2.0098E-01  1.6826E-02
  1.5513E+02 -2.0313E-01  1.8590E-02
  1.5581E+02 -2.0524E-01  2.0352E-02
  1.5650E+02 -2.0731E-01  2.2111E-02
  1.5719E+02 -2.0933E-01  2.3867E-02
  1.5787E+02 -2.1131E-01  2.5619E-02
  1.5856E+02 -2.1324E-01  2.7367E-02
  1.5924E+02 -2.1512E-01  2.9110E-02
  1.5993E+02 -2.1696E-01  3.0848E-02
  1.6062E+02 -2.1874E-01  3.2580E-02
  1.6130E+02 -2.2048E-01  3.4307E-02
  1.6199E+02 -2.2217E-01  3.6027E-02
  1.6268E+02 -2.2382E-01  3.7741E-02
  1.6336E+02 -2.2542E-01  3.9449E-02
  1.6405E+02 -2.2698E-01  4.1150E-02
  1.6474E+02 -2.2850E-01  4.2845E-02
  1.6542E+02 -2.2997E-01  4.4533E-02
  1.6611E+02 -2.3140E-01  4.6215E-02
  1.6680E+02 -2.3279E-01  4.7889E-02
  1.6748E+02 -2.3413E-01  4.9554E-02
  1.6817E+02 -2.3542E-01  5.1212E-02
  1.6885E+02 -2.3667E-01  5.2860E-02
  1.6954E+02 -2.3786E-01  5.4499E-02
  1.7023E+02 -2.3901E-01  5.6128E-02
  1.7091E+02 -2.4012E-01  5.7748E-02
  1.7160E+02 -2.4117E-01  5.9358E-02
  1.7229E+02 -2.4218E-01  6.0958E-02
  1.7297E+02 -2.4315E-01  6.2548E-02
  1.7366E+02 -2.4407E-01  6.4127E-02
  1.7435E+02 -2.4494E-01  6.5697E-02
  1.7503E+02 -2.4577E-01  6.7255E-02
  1.7572E+02 -2.4656E-01  6.8803E-02
  1.7640E+02 -2.4729E-01  7.0339E-02
  1.7709E+02 -2.4798E-01  7.1863E-02
  1.7778E+02 -2.4863E-01  7.3374E-02
  1.7846E+02 -2.4923E-01  7.4873E-02
  1.7915E+02 -2.4978E-01  7.6358E-02
  1.7984E+02 -2.5029E-01  7.7831E-02
  1.8052E+02 -2.5075E-01  7.9290E-02
  1.8121E+02 -2.5117E-01  8.0736E-02
  1.8190E+02 -2.5155E-01  8.2168E-02
  1.8258E+02 -2.5188E-01  8.3587E-02
  1.8327E+02 -2.5217E-01  8.4992E-02
  1.8396E+02 -2.5241E-01  8.6383E-02
  1.8464E+02 -2.5262E-01  8.7760E-02
  1.8533E+02 -2.5277E-01  8.9122E-02
  1.8601E+02 -2.5289E-01  9.0469E-02
  1.8670E+02 -2.5296E-01  9.1801E-02
  1.8739E+02 -2.5299E-01  9.3117E-02
  1.8807E+02 -2.5297E-01  9.4418E-02
  1.8876E+02 -2.5291E-01  9.5702E-02
  1.8945E+02 -2.5281E-01  9.6970E-02
  1.9013E+02 -2.5266E-01  9.8222E-02
  1.9082E+02 -2.5248E-01  9.9457E-02
  1.9151E+02 -2.5225E-01  1.0068E-01
  1.9219E+02 -2.5198E-01  1.0188E-01
  1.9288E+02 -2.5167E-01  1.0306E-01
  1.9356E+02 -2.5132E-01  1.0423E-01
  1.9425E+02 -2.5092E-01  1.0538E-01
  1.9494E+02 -2.5049E-01  1.0652E-01
  1.9562E+02 -2.5001E-01  1.0763E-01
  1.9631E+02 -2.4949E-01  1.0873E-01
  1.9700E+02 -2.4892E-01  1.0981E-01
  1.9768E+02 -2.4832E-01  1.1087E-01
  1.9837E+02 -2.4768E-01  1.1191E-01
  1.9906E+02 -2.4700E-01  1.1293E-01
  1.9974E+02 -2.4628E-01  1.1393E-01
  2.0043E+02 -2.4552E-01  1.1492E-01
  2.0112E+02 -2.4473E-01  1.1588E-01
  2.0180E+02 -2.4390E-01  1.1683E-01
  2.0249E+02 -2.4303E-01  1.1775E-01
  2.0317E+02 -2.4213E-01  1.1866E-01
  2.0386E+02 -2.4119E-01  1.1955E-01
  2.0455E+02 -2.4022E-01  1.2042E-01
  2.0523E+02 -2.3920E-01  1.2126E-01
  2.0592E+02 -2.3815E-01  1.2209E-01
  2.0661E+02 -2.3706E-01  1.2290E-01
  2.0729E+02 -2.3593E-01  1.2369E-01
  2.0798E+02 -2.3477E-01  1.2445E-01
  2.0867E+02 -2.3357E-01  1.2520E-01
  2.0935E+02 -2.3233E-01  1.2592E-01
  2.1004E+02 -2.3107E-01  1.2662E-01
  2.1072E+02 -2.2977E-01  1.2730E-01
  2.1141E+02 -2.2845E-01  1.2797E-01
  2.1210E+02 -2.2709E-01  1.2861E-01
  2.1278E+02 -2.2571E-01  1.2923E-01
  2.1347E+02 -2.2430E-01  1.2982E-01
  2.1416E+02 -2.2285E-01  1.3040E-01
  2.1484E+02 -2.2137E-01  1.3096E-01
  2.1553E+02 -2.1986E-01  1.3149E-01
  2.1622E+02 -2.1831E-01  1.3200E-01
  2.1690E+02 -2.1673E-01  1.3249E-01
  2.1759E+02 -2.1512E-01  1.3296E-01
  2.1828E+02 -2.1347E-01  1.3340E-01
  2.1896E+02 -2.1179E-01  1.3383E-01
  2.1965E+02 -2.1008E-01  1.3423E-01
  2.2033E+02 -2.0834E-01  1.3460E-01
  2.2102E+02 -2.0658E-01  1.3496E-01
  2.2171E+02 -2.0480E-01  1.3529E-01
  2.2239E+02 -2.0299E-01  1.3561E-01
  2.2308E+02 -2.0116E-01  1.3590E-01
  2.2377E+02 -1.9931E-01  1.3617E-01
  2.2445E+02 -1.9744E-01  1.3641E-01
  2.2514E+02 -1.9554E-01  1.3664E-01
  2.2583E+02 -1.9362E-01  1.3684E-01
  2.2651E+02 -1.9167E-01  1.3702E-01
  2.2720E+02 -1.8969E-01  1.3718E-01
  2.2788E+02 -1.8769E-01  1.3731E-01
  2.2857E+02 -1.8565E-01  1.3742E-01
  2.2926E+02 -1.8360E-01  1.3751E-01
  2.2994E+02 -1.8152E-01  1.3758E-01
  2.3063E+02 -1.7941E-01  1.3762E-01
  2.3132E+02 -1.7729E-01  1.3764E-01
  2.3200E+02 -1.7515E-01  1.3764E-01
  2.3269E+02 -1.7299E-01  1.3762E-01
  2.3338E+02 -1.7081E-01  1.3757E-01
  2.3406E+02 -1.6862E-01  1.3750E-01
  2.3475E+02 -1.6641E-01  1.3742E-01
  2.3544E+02 -1.6418E-01  1.3730E-01
  2.3612E+02 -1.6193E-01  1.3717E-01
  2.3681E+02 -1.5967E-01  1.3702E-01
  2.3749E+02 -1.5738E-01  1.3684E-01
  2.3818E+02 -1.5507E-01  1.3664E-01
  2.3887E+02 -1.5274E-01  1.3642E-01
  2.3955E+02 -1.5039E-01  1.3617E-01
  2.4024E+02 -1.4802E-01  1.3590E-01
  2.4093E+02 -1.4564E-01  1.3561E-01
  2.4161E+02 -1.4324E-01  1.3530E-01
  2.4230E+02 -1.4083E-01  1.3497E-01
  2.4299E+02 -1.3842E-01  1.3461E-01
  2.4367E+02 -1.3600E-01  1.3423E-01
  2.4436E+02 -1.3357E-01  1.3383E-01
  2.4504E+02 -1.3113E-01  1.3341E-01
  2.4573E+02 -1.2869E-01  1.3298E-01
  2.4642E+02 -1.2624E-01  1.3252E-01
  2.4710E+02 -1.2378E-01  1.3203E-01
  2.4779E+02 -1.2131E-01  1.3153E-01
  2.4848E+02 -1.1882E-01  1.3101E-01
  2.4916E+02 -1.1632E-01  1.3047E-01
  2.4985E+02 -1.1379E-01  1.2990E-01
  2.5054E+02 -1.1126E-01  1.2932E-01
  2.5122E+02 -1.0870E-01  1.2871E-01
  2.5191E+02 -1.0613E-01  1.2808E-01
  2.5260E+02 -1.0355E-01  1.2743E-01
  2.5328E+02 -1.0097E-01  1.2676E-01
  2.5397E+02 -9.8374E-02  1.2607E-01
  2.5465E+02 -9.5780E-02  1.2536E-01
  2.5534E+02 -9.3186E-02  1.2463E-01
  2.5603E+02 -9.0596E-02  1.2388E-01
  2.5671E+02 -8.8008E-02  1.2311E-01
  2.5740E+02 -8.5424E-02  1.2233E-01
  2.5809E+02 -8.2843E-02  1.2152E-01
  2.5877E+02 -8.0263E-02  1.2070E-01
  2.5946E+02 -7.7682E-02  1.1985E-01
  2.6015E+02 -7.5100E-02  1.1899E-01
  2.6083E+02 -7.2514E-02  1.1811E-01
  2.6152E+02 -6.9922E-02  1.1722E-01
  2.6220E+02 -6.7322E-02  1.1630E-01
  2.6289E+02 -6.4712E-02  1.1537E-01
  2.6358E+02 -6.2094E-02  1.1441E-01
  2.6426E+02 -5.9467E-02  1.1344E-01
  2.6495E+02 -5.6834E-02  1.1245E-01
  2.6564E+02 -5.4198E-02  1.1144E-01
  2.6632E+02 -5.1562E-02  1.1042E-01
  2.6701E+02 -4.8930E-02  1.0937E-01
  2.6770E+02 -4.6306E-02  1.0831E-01
  2.6838E+02 -4.3692E-02  1.0724E-01
  2.6907E+02 -4.1090E-02  1.0614E-01
  2.6976E+02 -3.8501E-02  1.0503E-01
  2.7044E+02 -3.5924E-02  1.0391E-01
  2.7113E+02 -3.3361E-02  1.0277E-01
  2.7181E+02 -3.0808E-02  1.0161E-01
  2.7250E+02 -2.8264E-02  1.0044E-01
  2.7319E+02 -2.5727E-02  9.9260E-02
  2.7387E+02 -2.3194E-02  9.8062E-02
  2.7456E+02 -2.0664E-02  9.6849E-02
  2.7525E+02 -1.8133E-02  9.5622E-02
  2.7593E+02 -1.5600E-02  9.4380E-02
  2.7662E+02 -1.3063E-02  9.3124E-02
  2.7731E+02 -1.0523E-02  9.1853E-02
  2.7799E+02 -7.9816E-03  9.0566E-02
  2.7868E+02 -5.4398E-03  8.9265E-02
  2.7936E+02 -2.9016E-03  8.7950E-02
  2.8005E+02 -3.7070E-04  8.6620E-02
  2.8074E+02  2.1486E-03  8.5277E-02
  2.8142E+02  4.6527E-03  8.3921E-02
  2.8211E+02  7.1387E-03  8.2552E-02
  2.8280E+02  9.6045E-03  8.1171E-02
  2.8348E+02  1.2049E-02  7.9779E-02
  2.8417E+02  1.4471E-02  7.8375E-02
  2.8486E+02  1.6870E-02  7.6961E-02
  2.8554E+02  1.9248E-02  7.5536E-02
  2.8623E+02  2.1605E-02  7.4102E-02
  2.8692E+02  2.3943E-02  7.2658E-02
  2.8760E+02  2.6265E-02  7.1204E-02
  2.8829E+02  2.8574E-02  6.9741E-02
  2.8897E+02  3.0874E-02  6.8269E-02
  2.8966E+02  3.3166E-02  6.6787E-02
  2.9035E+02  3.5454E-02  6.5296E-02
  2.9103E+02  3.7739E-02  6.3795E-02
  2.9172E+02  4.0021E-02  6.2284E-02
  2.9241E+02  4.2300E-02  6.0764E-02
  2.9309E+02  4.4573E-02  5.9233E-02
  2.9378E+02  4.6837E-02  5.7694E-02
  2.9447E+02  4.9088E-02  5.6145E-02
  2.9515E+02  5.1324E-02  5.4588E-02
  2.9584E+02  5.3542E-02  5.3023E-02
  2.9652E+02  5.5737E-02  5.1450E-02
  2.9721E+02  5.7909E-02  4.9870E-02
  2.9790E+02  6.0055E-02  4.8283E-02
  2.9858E+02  6.2176E-02  4.6691E-02
  2.9927E+02  6.4268E-02  4.5092E-02
  2.9996E+02  6.6333E-02  4.3488E-02
  3.0064E+02  6.8369E-02  4.1880E-02
  3.0133E+02  7.0377E-02  4.0267E-02
  3.0202E+02  7.2359E-02  3.8650E-02
  3.0270E+02  7.4316E-02  3.7029E-02
  3.0339E+02  7.6252E-02  3.5405E-02
  3.0408E+02  7.8168E-02  3.3777E-02
  3.0476E+02  8.0068E-02  3.2146E-02
  3.0545E+02  8.1955E-02  3.0511E-02
  3.0613E+02  8.3831E-02  2.8872E-02
  3.0682E+02  8.5696E-02  2.7230E-02
  3.0751E+02  8.7551E-02  2.5584E-02
  3.0819E+02  8.9395E-02  2.3934E-02
  3.0888E+02  9.1225E-02  2.2280E-02
  3.0957E+02  9.3039E-02  2.0624E-02
  3.1025E+02  9.4834E-02  1.8964E-02
  3.1094E+02  9.6608E-02  1.7303E-02
  3.1163E+02  9.8358E-02  1.5639E-02
  3.1231E+02  1.0008E-01  1.3974E-02
  3.1300E+02  1.0178E-01  1.2308E-02
  3.1368E+02  1.0345E-01  1.0642E-02
  3.1437E+02  1.0510E-01  8.9749E-03
  3.1506E+02  1.0671E-01  7.3086E-03
  3.1574E+02  1.0829E-01  5.6430E-03
  3.1643E+02  1.0985E-01  3.9786E-03
  3.1712E+02  1.1137E-01  2.3158E-03
  3.1780E+02  1.1287E-01  6.5500E-04
  3.1849E+02  1.1434E-01 -1.0035E-03
  3.1918E+02  1.1578E-01 -2.6596E-03
  3.1986E+02  1.1720E-01 -4.3130E-03
  3.2055E+02  1.1859E-01 -5.9639E-03
  3.2124E+02  1.1997E-01 -7.6123E-03
  3.2192E+02  1.2132E-01 -9.2583E-03
  3.2261E+02  1.2266E-01 -1.0902E-02
  3.2329E+02  1.2398E-01 -1.2543E-02
  3.2398E+02  1.2528E-01 -1.4182E-02
  3.2467E+02  1.2657E-01 -1.5819E-02
  3.2535E+02  1.2783E-01 -1.7452E-02
  3.2604E+02  1.2906E-01 -1.9082E-02
  3.2673E+02  1.3028E-01 -2.0709E-02
  3.2741E+02  1.3147E-01 -2.2331E-02
  3.2810E+02  1.3263E-01 -2.3949E-02
  3.2879E+02  1.3376E-01 -2.5562E-02
  3.2947E+02  1.3487E-01 -2.7170E-02
  3.3016E+02  1.3594E-01 -2.8771E-02
  3.3084E+02  1.3699E-01 -3.0367E-02
  3.3153E+02  1.3801E-01 -3.1956E-02
  3.3222E+02  1.3899E-01 -3.3538E-02
  3.3290E+02  1.3995E-01 -3.5113E-02
  3.3359E+02  1.4087E-01 -3.6680E-02
  3.3428E+02  1.4177E-01 -3.8239E-02
  3.3496E+02  1.4265E-01 -3.9790E-02
  3.3565E+02  1.4349E-01 -4.1333E-02
  3.3634E+02  1.4432E-01 -4.2868E-02
  3.3702E+02  1.4513E-01 -4.4395E-02
  3.3771E+02  1.4591E-01 -4.5913E-02
  3.3840E+02  1.4667E-01 -4.7423E-02
  3.3908E+02  1.4742E-01 -4.8925E-02
  3.3977E+02  1.4814E-01 -5.0419E-02
  3.4045E+02  1.4884E-01 -5.1905E-02
  3.4114E+02  1.4952E-01 -5.3382E-02
  3.4183E+02  1.5017E-01 -5.4850E-02
  3.4251E+02  1.5079E-01 -5.6310E-02
  3.4320E+02  1.5139E-01 -5.7760E-02
  3.4389E+02  1.5197E-01 -5.9200E-02
  3.4457E+02  1.5251E-01 -6.0631E-02
  3.4526E+02  1.5303E-01 -6.2051E-02
  3.4595E+02  1.5352E-01 -6.3461E-02
  3.4663E+02  1.5399E-01 -6.4859E-02
  3.4732E+02  1.5442E-01 -6.6246E-02
  3.4800E+02  1.5483E-01 -6.7621E-02
  3.4869E+02  1.5521E-01 -6.8985E-02
  3.4938E+02  1.5555E-01 -7.0335E-02
  3.5006E+02  1.5587E-01 -7.1674E-02
  3.5075E+02  1.5616E-01 -7.2999E-02
  3.5144E+02  1.5642E-01 -7.4311E-02
  3.5212E+02  1.5666E-01 -7.5610E-02
  3.5281E+02  1.5687E-01 -7.6896E-02
  3.5350E+02  1.5706E-01 -7.8168E-02
  3.5418E+02  1.5723E-01 -7.9428E-02
  3.5487E+02  1.5738E-01 -8.0674E-02
  3.5556E+02  1.5751E-01 -8.1907E-02
  3.5624E+02  1.5763E-01 -8.3126E-02
  3.5693E+02  1.5772E-01 -8.4332E-02
  3.5761E+02  1.5779E-01 -8.5525E-02
  3.5830E+02  1.5784E-01 -8.6704E-02
  3.5899E+02  1.5787E-01 -8.7870E-02
  3.5967E+02  1.5787E-01 -8.9022E-02
  3.6036E+02  1.5785E-01 -9.0161E-02
  3.6105E+02  1.5780E-01 -9.1285E-02
  3.6173E+02  1.5773E-01 -9.2394E-02
  3.6242E+02  1.5763E-01 -9.3489E-02
  3.6311E+02  1.5751E-01 -9.4568E-02
  3.6379E+02  1.5736E-01 -9.5632E-02
  3.6448E+02  1.5718E-01 -9.6681E-02
  3.6516E+02  1.5698E-01 -9.7714E-02
  3.6585E+02  1.5676E-01 -9.8730E-02
  3.6654E+02  1.5651E-01 -9.9730E-02
  3.6722E+02  1.5623E-01 -1.0071E-01
  3.6791E+02  1.5593E-01 -1.0168E-01
  3.6860E+02  1.5561E-01 -1.0263E-01
  3.6928E+02  1.5527E-01 -1.0356E-01
  3.6997E+02  1.5490E-01 -1.0448E-01
  3.7066E+02  1.5452E-01 -1.0538E-01
  3.7134E+02  1.5412E-01 -1.0626E-01
  3.7203E+02  1.5370E-01 -1.0713E-01
  3.7272E+02  1.5326E-01 -1.0798E-01
  3.7340E+02  1.5281E-01 -1.0881E-01
  3.7409E+02  1.5234E-01 -1.0963E-01
  3.7477E+02  1.5186E-01 -1.1043E-01
  3.7546E+02  1.5135E-01 -1.1121E-01
  3.7615E+02  1.5083E-01 -1.1198E-01
  3.7683E+02  1.5028E-01 -1.1273E-01
  3.7752E+02  1.4972E-01 -1.1346E-01
  3.7821E+02  1.4914E-01 -1.1418E-01
  3.7889E+02  1.4853E-01 -1.1487E-01
  3.7958E+02  1.4791E-01 -1.1555E-01
  3.8027E+02  1.4726E-01 -1.1622E-01
  3.8095E+02  1.4659E-01 -1.1686E-01
  3.8164E+02  1.4590E-01 -1.1749E-01
  3.8232E+02  1.4519E-01 -1.1810E-01
  3.8301E+02  1.4446E-01 -1.1869E-01
  3.8370E+02  1.4371E-01 -1.1926E-01
  3.8438E+02  1.4294E-01 -1.1982E-01
  3.8507E+02  1.4216E-01 -1.2035E-01
  3.8576E+02  1.4135E-01 -1.2087E-01
  3.8644E+02  1.4052E-01 -1.2136E-01
  3.8713E+02  1.3968E-01 -1.2184E-01
  3.8782E+02  1.3882E-01 -1.2230E-01
  3.8850E+02  1.3794E-01 -1.2274E-01
  3.8919E+02  1.3706E-01 -1.2316E-01
  3.8988E+02  1.3616E-01 -1.2356E-01
  3.9056E+02  1.3526E-01 -1.2395E-01
  3.9125E+02  1.3434E-01 -1.2432E-01
  3.9193E+02  1.3341E-01 -1.2466E-01
  3.9262E+02  1.3247E-01 -1.2500E-01
  3.9331E+02  1.3152E-01 -1.2531E-01
  3.9399E+02  1.3056E-01 -1.2560E-01
  3.9468E+02  1.2958E-01 -1.2588E-01
  3.9537E+02  1.2859E-01 -1.2614E-01
  3.9605E+02  1.2758E-01 -1.2638E-01
  3.9674E+02  1.2655E-01 -1.2661E-01
  3.9743E+02  1.2550E-01 -1.2681E-01
  3.9811E+02  1.2444E-01 -1.2700E-01
  3.9880E+02  1.2336E-01 -1.2716E-01
  3.9948E+02  1.2227E-01 -1.2731E-01
  4.0017E+02  1.2115E-01 -1.2744E-01
  4.0086E+02  1.2003E-01 -1.2755E-01
  4.0154E+02  1.1889E-01 -1.2764E-01
  4.0223E+02  1.1774E-01 -1.2772E-01
  4.0292E+02  1.1658E-01 -1.2777E-01
  4.0360E+02  1.1541E-01 -1.2780E-01
  4.0429E+02  1.1423E-01 -1.2782E-01
  4.0498E+02  1.1304E-01 -1.2782E-01
  4.0566E+02  1.1185E-01 -1.2780E-01
  4.0635E+02  1.1064E-01 -1.2776E-01
  4.0704E+02  1.0943E-01 -1.2770E-01
  4.0772E+02  1.0821E-01 -1.2762E-01
  4.0841E+02  1.0698E-01 -1.2753E-01
  4.0909E+02  1.0575E-01 -1.2742E-01
  4.0978E+02  1.0451E-01 -1.2728E-01
  4.1047E+02  1.0327E-01 -1.2714E-01
  4.1115E+02  1.0203E-01 -1.2697E-01
  4.1184E+02  1.0078E-01 -1.2679E-01
  4.1253E+02  9.9534E-02 -1.2658E-01
  4.1321E+02  9.8279E-02 -1.2637E-01
  4.1390E+02  9.7017E-02 -1.2613E-01
  4.1459E+02  9.5749E-02 -1.2588E-01
  4.1527E+02  9.4472E-02 -1.2562E-01
  4.1596E+02  9.3187E-02 -1.2533E-01
  4.1664E+02  9.1892E-02 -1.2503E-01
  4.1733E+02  9.0586E-02 -1.2471E-01
  4.1802E+02  8.9269E-02 -1.2438E-01
  4.1870E+02  8.7941E-02 -1.2403E-01
  4.1939E+02  8.6601E-02 -1.2366E-01
  4.2008E+02  8.5251E-02 -1.2327E-01
  4.2076E+02  8.3890E-02 -1.2287E-01
  4.2145E+02  8.2522E-02 -1.2245E-01
  4.2214E+02  8.1146E-02 -1.2201E-01
  4.2282E+02  7.9765E-02 -1.2156E-01
  4.2351E+02  7.8379E-02 -1.2108E-01
  4.2420E+02  7.6989E-02 -1.2060E-01
  4.2488E+02  7.5596E-02 -1.2009E-01
  4.2557E+02  7.4201E-02 -1.1957E-01
  4.2625E+02  7.2803E-02 -1.1903E-01
  4.2694E+02  7.1405E-02 -1.1848E-01
  4.2763E+02  7.0006E-02 -1.1791E-01
  4.2831E+02  6.8608E-02 -1.1732E-01
  4.2900E+02  6.7212E-02 -1.1672E-01
  4.2969E+02  6.5819E-02 -1.1610E-01
  4.3037E+02  6.4430E-02 -1.1547E-01
  4.3106E+02  6.3046E-02 -1.1482E-01
  4.3175E+02  6.1667E-02 -1.1416E-01
  4.3243E+02  6.0294E-02 -1.1348E-01
  4.3312E+02  5.8928E-02 -1.1279E-01
  4.3380E+02  5.7567E-02 -1.1209E-01
  4.3449E+02  5.6211E-02 -1.1137E-01
  4.3518E+02  5.4860E-02 -1.1064E-01
  4.3586E+02  5.3512E-02 -1.0989E-01
  4.3655E+02  5.2166E-02 -1.0914E-01
  4.3724E+02  5.0819E-02 -1.0837E-01
  4.3792E+02  4.9472E-02 -1.0758E-01
  4.3861E+02  4.8123E-02 -1.0679E-01
  4.3930E+02  4.6770E-02 -1.0598E-01
  4.3998E+02  4.5412E-02 -1.0515E-01
  4.4067E+02  4.4050E-02 -1.0432E-01
  4.4136E+02  4.2683E-02 -1.0347E-01
  4.4204E+02  4.1312E-02 -1.0261E-01
  4.4273E+02  3.9936E-02 -1.0173E-01
  4.4341E+02  3.8557E-02 -1.0085E-01
  4.4410E+02  3.7176E-02 -9.9949E-02
  4.4479E+02  3.5794E-02 -9.9037E-02
  4.4547E+02  3.4413E-02 -9.8113E-02
  4.4616E+02  3.3036E-02 -9.7178E-02
  4.4685E+02  3.1662E-02 -9.6230E-02
  4.4753E+02  3.0295E-02 -9.5271E-02
  4.4822E+02  2.8934E-02 -9.4300E-02
  4.4891E+02  2.7582E-02 -9.3319E-02
  4.4959E+02  2.6240E-02 -9.2326E-02
  4.5028E+02  2.4907E-02 -9.1322E-02
  4.5096E+02  2.3585E-02 -9.0308E-02
  4.5165E+02  2.2275E-02 -8.9284E-02
  4.5234E+02  2.0977E-02 -8.8249E-02
  4.5302E+02  1.9691E-02 -8.7204E-02
  4.5371E+02  1.8418E-02 -8.6150E-02
  4.5440E+02  1.7158E-02 -8.5087E-02
  4.5508E+02  1.5911E-02 -8.4014E-02
  4.5577E+02  1.4676E-02 -8.2933E-02
  4.5646E+02  1.3453E-02 -8.1843E-02
  4.5714E+02  1.2241E-02 -8.0746E-02
  4.5783E+02  1.1039E-02 -7.9640E-02
  4.5852E+02  9.8463E-03 -7.8527E-02
  4.5920E+02  8.6611E-03 -7.7405E-02
  4.5989E+02  7.4828E-03 -7.6277E-02
  4.6057E+02  6.3101E-03 -7.5140E-02
  4.6126E+02  5.1421E-03 -7.3997E-02
  4.6195E+02  3.9776E-03 -7.2846E-02
  4.6263E+02  2.8159E-03 -7.1687E-02
  4.6332E+02  1.6564E-03 -7.0522E-02
  4.6401E+02  4.9885E-04 -6.9349E-02
  4.6469E+02 -6.5659E-04 -6.8169E-02
  4.6538E+02 -1.8094E-03 -6.6983E-02
  4.6607E+02 -2.9589E-03 -6.5790E-02
  4.6675E+02 -4.1042E-03 -6.4591E-02
  4.6744E+02 -5.2443E-03 -6.3385E-02
  4.6812E+02 -6.3782E-03 -6.2174E-02
  4.6881E+02 -7.5050E-03 -6.0957E-02
  4.6950E+02 -8.6239E-03 -5.9735E-02
  4.7018E+02 -9.7338E-03 -5.8508E-02
  4.7087E+02 -1.0834E-02 -5.7276E-02
  4.7156E+02 -1.1924E-02 -5.6040E-02
  4.7224E+02 -1.3001E-02 -5.4799E-02
  4.7293E+02 -1.4067E-02 -5.3555E-02
  4.7362E+02 -1.5119E-02 -5.2306E-02
  4.7430E+02 -1.6157E-02 -5.1054E-02
  4.7499E+02 -1.7179E-02 -4.9799E-02
  4.7568E+02 -1.8185E-02 -4.8540E-02
  4.7636E+02 -1.9174E-02 -4.7279E-02
  4.7705E+02 -2.0146E-02 -4.6015E-02
  4.7773E+02 -2.1100E-02 -4.4749E-02
  4.7842E+02 -2.2036E-02 -4.3480E-02
  4.7911E+02 -2.2953E-02 -4.2209E-02
  4.7979E+02 -2.3853E-02 -4.0937E-02
  4.8048E+02 -2.4734E-02 -3.9662E-02
  4.8117E+02 -2.5597E-02 -3.8386E-02
  4.8185E+02 -2.6443E-02 -3.7109E-02
  4.8254E+02 -2.7273E-02 -3.5830E-02
  4.8323E+02 -2.8088E-02 -3.4550E-02
  4.8391E+02 -2.8890E-02 -3.3270E-02
  4.8460E+02 -2.9681E-02 -3.1988E-02
  4.8528E+02 -3.0463E-02 -3.0706E-02
  4.8597E+02 -3.1237E-02 -2.9424E-02
  4.8666E+02 -3.2005E-02 -2.8141E-02
  4.8734E+02 -3.2768E-02 -2.6858E-02
  4.8803E+02 -3.3528E-02 -2.5575E-02
  4.8872E+02 -3.4284E-02 -2.4292E-02
  4.8940E+02 -3.5036E-02 -2.3009E-02
  4.9009E+02 -3.5783E-02 -2.1726E-02
  4.9078E+02 -3.6525E-02 -2.0444E-02
  4.9146E+02 -3.7260E-02 -1.9162E-02
  4.9215E+02 -3.7985E-02 -1.7882E-02
  4.9284E+02 -3.8700E-02 -1.6603E-02
  4.9352E+02 -3.9403E-02 -1.5326E-02
  4.9421E+02 -4.0090E-02 -1.4051E-02
  4.9489E+02 -4.0762E-02 -1.2778E-02
  4.9558E+02 -4.1414E-02 -1.1507E-02
  4.9627E+02 -4.2047E-02 -1.0240E-02
  4.9695E+02 -4.2659E-02 -8.9754E-03
  4.9764E+02 -4.3248E-02 -7.7145E-03
  4.9833E+02 -4.3814E-02 -6.4574E-03
  4.9901E+02 -4.4357E-02 -5.2044E-03
  4.9970E+02 -4.4877E-02 -3.9557E-03
  5.0039E+02 -4.5375E-02 -2.7116E-03
  5.0107E+02 -4.5851E-02 -1.4723E-03
  5.0176E+02 -4.6306E-02 -2.3795E-04
  5.0244E+02 -4.6743E-02  9.9129E-04
  5.0313E+02 -4.7161E-02  2.2154E-03
  5.0382E+02 -4.7564E-02  3.4342E-03
  5.0450E+02 -4.7952E-02  4.6477E-03
  5.0519E+02 -4.8327E-02  5.8560E-03
  5.0588E+02 -4.8690E-02  7.0590E-03
  5.0656E+02 -4.9042E-02  8.2568E-03
  5.0725E+02 -4.9386E-02  9.4492E-03
  5.0794E+02 -4.9724E-02  1.0636E-02
  5.0862E+02 -5.0055E-02  1.1818E-02
  5.0931E+02 -5.0382E-02  1.2994E-02
  5.1000E+02 -5.0705E-02  1.4165E-02
  5.1068E+02 -5.1025E-02  1.5331E-02
  5.1137E+02 -5.1341E-02  1.6490E-02
  5.1205E+02 -5.1655E-02  1.7644E-02
  5.1274E+02 -5.1963E-02  1.8791E-02
  5.1343E+02 -5.2266E-02  1.9933E-02
  5.1411E+02 -5.2562E-02  2.1068E-02
  5.1480E+02 -5.2849E-02  2.2196E-02
  5.1549E+02 -5.3126E-02  2.3318E-02
  5.1617E+02 -5.3390E-02  2.4433E-02
  5.1686E+02 -5.3641E-02  2.5541E-02
  5.1755E+02 -5.3878E-02  2.6642E-02
  5.1823E+02 -5.4099E-02  2.7735E-02
  5.1892E+02 -5.4303E-02  2.8820E-02
  5.1960E+02 -5.4489E-02  2.9897E-02
  5.2029E+02 -5.4657E-02  3.0965E-02
  5.2098E+02 -5.4804E-02  3.2024E-02
  5.2166E+02 -5.4929E-02  3.3074E-02
  5.2235E+02 -5.5032E-02  3.4115E-02
  5.2304E+02 -5.5111E-02  3.5145E-02
  5.2372E+02 -5.5165E-02  3.6166E-02
  5.2441E+02 -5.5194E-02  3.7177E-02
  5.2510E+02 -5.5198E-02  3.8177E-02
  5.2578E+02 -5.5177E-02  3.9166E-02
  5.2647E+02 -5.5132E-02  4.0145E-02
  5.2716E+02 -5.5063E-02  4.1112E-02
  5.2784E+02 -5.4973E-02  4.2069E-02
  5.2853E+02 -5.4862E-02  4.3014E-02
  5.2921E+02 -5.4731E-02  4.3949E-02
  5.2990E+02 -5.4581E-02  4.4871E-02
  5.3059E+02 -5.4415E-02  4.5783E-02
  5.3127E+02 -5.4232E-02  4.6684E-02
  5.3196E+02 -5.4036E-02  4.7573E-02
  5.3265E+02 -5.3829E-02  4.8451E-02
  5.3333E+02 -5.3613E-02  4.9318E-02
  5.3402E+02 -5.3390E-02  5.0174E-02
  5.3471E+02 -5.3165E-02  5.1020E-02
  5.3539E+02 -5.2939E-02  5.1854E-02
  5.3608E+02 -5.2715E-02  5.2678E-02
  5.3676E+02 -5.2495E-02  5.3491E-02
  5.3745E+02 -5.2282E-02  5.4293E-02
  5.3814E+02 -5.2075E-02  5.5084E-02
  5.3882E+02 -5.1876E-02  5.5865E-02
  5.3951E+02 -5.1684E-02  5.6634E-02
  5.4020E+02 -5.1497E-02  5.7393E-02
  5.4088E+02 -5.1314E-02  5.8142E-02
  5.4157E+02 -5.1131E-02  5.8879E-02
  5.4226E+02 -5.0947E-02  5.9605E-02
  5.4294E+02 -5.0759E-02  6.0320E-02
  5.4363E+02 -5.0562E-02  6.1024E-02
  5.4432E+02 -5.0355E-02  6.1716E-02
  5.4500E+02 -5.0135E-02  6.2397E-02
  5.4569E+02 -4.9899E-02  6.3065E-02
  5.4637E+02 -4.9645E-02  6.3721E-02
  5.4706E+02 -4.9371E-02  6.4365E-02
  5.4775E+02 -4.9075E-02  6.4996E-02
  5.4843E+02 -4.8754E-02  6.5615E-02
  5.4912E+02 -4.8409E-02  6.6220E-02
  5.4981E+02 -4.8039E-02  6.6812E-02
  5.5049E+02 -4.7644E-02  6.7390E-02
  5.5118E+02 -4.7223E-02  6.7955E-02
  5.5187E+02 -4.6779E-02  6.8505E-02
  5.5255E+02 -4.6311E-02  6.9041E-02
  5.5324E+02 -4.5823E-02  6.9563E-02
  5.5392E+02 -4.5315E-02  7.0070E-02
  5.5461E+02 -4.4790E-02  7.0563E-02
  5.5530E+02 -4.4249E-02  7.1041E-02
  5.5598E+02 -4.3695E-02  7.1505E-02
  5.5667E+02 -4.3128E-02  7.1954E-02
  5.5736E+02 -4.2550E-02  7.2390E-02
  5.5804E+02 -4.1963E-02  7.2811E-02
  5.5873E+02 -4.1367E-02  7.3218E-02
  5.5942E+02 -4.0764E-02  7.3611E-02
  5.6010E+02 -4.0153E-02  7.3991E-02
  5.6079E+02 -3.9536E-02  7.4357E-02
  5.6148E+02 -3.8915E-02  7.4710E-02
  5.6216E+02 -3.8291E-02  7.5049E-02
  5.6285E+02 -3.7665E-02  7.5375E-02
  5.6353E+02 -3.7039E-02  7.5689E-02
  5.6422E+02 -3.6415E-02  7.5989E-02
  5.6491E+02 -3.5794E-02  7.6276E-02
  5.6559E+02 -3.5177E-02  7.6550E-02
  5.6628E+02 -3.4566E-02  7.6811E-02
  5.6697E+02 -3.3960E-02  7.7059E-02
  5.6765E+02 -3.3361E-02  7.7294E-02
  5.6834E+02 -3.2769E-02  7.7517E-02
  5.6903E+02 -3.2183E-02  7.7726E-02
  5.6971E+02 -3.1603E-02  7.7923E-02
  5.7040E+02 -3.1026E-02  7.8107E-02
  5.7108E+02 -3.0452E-02  7.8279E-02
  5.7177E+02 -2.9878E-02  7.8437E-02
  5.7246E+02 -2.9303E-02  7.8583E-02
  5.7314E+02 -2.8723E-02  7.8716E-02
  5.7383E+02 -2.8139E-02  7.8836E-02
  5.7452E+02 -2.7547E-02  7.8942E-02
  5.7520E+02 -2.6946E-02  7.9035E-02
  5.7589E+02 -2.6336E-02  7.9115E-02
  5.7658E+02 -2.5714E-02  7.9181E-02
  5.7726E+02 -2.5081E-02  7.9234E-02
  5.7795E+02 -2.4434E-02  7.9273E-02
  5.7864E+02 -2.3773E-02  7.9298E-02
  5.7932E+02 -2.3099E-02  7.9309E-02
  5.8001E+02 -2.2412E-02  7.9306E-02
  5.8069E+02 -2.1711E-02  7.9288E-02
  5.8138E+02 -2.0998E-02  7.9257E-02
  5.8207E+02 -2.0274E-02  7.9212E-02
  5.8275E+02 -1.9540E-02  7.9154E-02
  5.8344E+02 -1.8796E-02  7.9081E-02
  5.8413E+02 -1.8044E-02  7.8996E-02
  5.8481E+02 -1.7284E-02  7.8896E-02
  5.8550E+02 -1.6518E-02  7.8783E-02
  5.8619E+02 -1.5745E-02  7.8658E-02
  5.8687E+02 -1.4967E-02  7.8518E-02
  5.8756E+02 -1.4186E-02  7.8366E-02
  5.8824E+02 -1.3402E-02  7.8202E-02
  5.8893E+02 -1.2616E-02  7.8024E-02
  5.8962E+02 -1.1830E-02  7.7834E-02
  5.9030E+02 -1.1044E-02  7.7632E-02
  5.9099E+02 -1.0259E-02  7.7417E-02
  5.9168E+02 -9.4763E-03  7.7190E-02
  5.9236E+02 -8.6958E-03  7.6952E-02
  5.9305E+02 -7.9178E-03  7.6701E-02
  5.9374E+02 -7.1426E-03  7.6439E-02
  5.9442E+02 -6.3699E-03  7.6165E-02
  5.9511E+02 -5.5996E-03  7.5879E-02
  5.9580E+02 -4.8316E-03  7.5581E-02
  5.9648E+02 -4.0657E-03  7.5272E-02
  5.9717E+02 -3.3017E-03  7.4952E-02
  5.9785E+02 -2.5394E-03  7.4621E-02
  5.9854E+02 -1.7783E-03  7.4278E-02
  5.9923E+02 -1.0179E-03  7.3925E-02
  5.9991E+02 -2.5765E-04  7.3560E-02
  6.0060E+02  5.0302E-04  7.3184E-02
  6.0129E+02  1.2644E-03  7.2797E-02
  6.0197E+02  2.0267E-03  7.2400E-02
  6.0266E+02  2.7895E-03  7.1991E-02
  6.0335E+02  3.5522E-03  7.1571E-02
  6.0403E+02  4.3137E-03  7.1140E-02
  6.0472E+02  5.0729E-03  7.0698E-02
  6.0540E+02  5.8285E-03  7.0245E-02
  6.0609E+02  6.5795E-03  6.9781E-02
  6.0678E+02  7.3251E-03  6.9306E-02
  6.0746E+02  8.0644E-03  6.8821E-02
  6.0815E+02  8.7968E-03  6.8325E-02
  6.0884E+02  9.5219E-03  6.7818E-02
  6.0952E+02  1.0239E-02  6.7301E-02
  6.1021E+02  1.0948E-02  6.6773E-02
  6.1090E+02  1.1648E-02  6.6236E-02
  6.1158E+02  1.2340E-02  6.5688E-02
  6.1227E+02  1.3025E-02  6.5131E-02
  6.1296E+02  1.3702E-02  6.4564E-02
  6.1364E+02  1.4374E-02  6.3988E-02
  6.1433E+02  1.5041E-02  6.3403E-02
  6.1501E+02  1.5707E-02  6.2809E-02
  6.1570E+02  1.6372E-02  6.2206E-02
  6.1639E+02  1.7037E-02  6.1595E-02
  6.1707E+02  1.7703E-02  6.0976E-02
  6.1776E+02  1.8370E-02  6.0349E-02
  6.1845E+02  1.9039E-02  5.9713E-02
  6.1913E+02  1.9710E-02  5.9070E-02
  6.1982E+02  2.0382E-02  5.8420E-02
  6.2051E+02  2.1055E-02  5.7761E-02
  6.2119E+02  2.1729E-02  5.7096E-02
  6.2188E+02  2.2403E-02  5.6423E-02
  6.2256E+02  2.3078E-02  5.5743E-02
  6.2325E+02  2.3754E-02  5.5055E-02
  6.2394E+02  2.4429E-02  5.4360E-02
  6.2462E+02  2.5105E-02  5.3658E-02
  6.2531E+02  2.5781E-02  5.2948E-02
  6.2600E+02  2.6456E-02  5.2231E-02
  6.2668E+02  2.7131E-02  5.1506E-02
  6.2737E+02  2.7804E-02  5.0774E-02
  6.2806E+02  2.8476E-02  5.0036E-02
  6.2874E+02  2.9147E-02  4.9291E-02
  6.2943E+02  2.9816E-02  4.8539E-02
  6.3012E+02  3.0485E-02  4.7780E-02
  6.3080E+02  3.1153E-02  4.7016E-02
  6.3149E+02  3.1819E-02  4.6245E-02
  6.3217E+02  3.2484E-02  4.5468E-02
  6.3286E+02  3.3148E-02  4.4686E-02
  6.3355E+02  3.3810E-02  4.3897E-02
  6.3423E+02  3.4468E-02  4.3102E-02
  6.3492E+02  3.5122E-02  4.2302E-02
  6.3561E+02  3.5770E-02  4.1496E-02
  6.3629E+02  3.6410E-02  4.0684E-02
  6.3698E+02  3.7041E-02  3.9867E-02
  6.3767E+02  3.7660E-02  3.9044E-02
  6.3835E+02  3.8265E-02  3.8216E-02
  6.3904E+02  3.8854E-02  3.7382E-02
  6.3972E+02  3.9426E-02  3.6544E-02
  6.4041E+02  3.9978E-02  3.5701E-02
  6.4110E+02  4.0508E-02  3.4854E-02
  6.4178E+02  4.1016E-02  3.4003E-02
  6.4247E+02  4.1500E-02  3.3148E-02
  6.4316E+02  4.1961E-02  3.2289E-02
  6.4384E+02  4.2397E-02  3.1428E-02
  6.4453E+02  4.2811E-02  3.0563E-02
  6.4522E+02  4.3204E-02  2.9697E-02
  6.4590E+02  4.3579E-02  2.8828E-02
  6.4659E+02  4.3938E-02  2.7956E-02
  6.4728E+02  4.4285E-02  2.7084E-02
  6.4796E+02  4.4620E-02  2.6209E-02
  6.4865E+02  4.4948E-02  2.5333E-02
  6.4933E+02  4.5269E-02  2.4455E-02
  6.5002E+02  4.5585E-02  2.3577E-02
  6.5071E+02  4.5897E-02  2.2697E-02
  6.5139E+02  4.6208E-02  2.1817E-02
  6.5208E+02  4.6518E-02  2.0936E-02
  6.5277E+02  4.6829E-02  2.0055E-02
  6.5345E+02  4.7143E-02  1.9172E-02
  6.5414E+02  4.7460E-02  1.8290E-02
  6.5483E+02  4.7781E-02  1.7406E-02
  6.5551E+02  4.8108E-02  1.6522E-02
  6.5620E+02  4.8441E-02  1.5638E-02
  6.5688E+02  4.8779E-02  1.4752E-02
  6.5757E+02  4.9123E-02  1.3866E-02
  6.5826E+02  4.9473E-02  1.2980E-02
  6.5894E+02  4.9827E-02  1.2092E-02
  6.5963E+02  5.0186E-02  1.1204E-02
  6.6032E+02  5.0550E-02  1.0316E-02
  6.6100E+02  5.0916E-02  9.4267E-03
  6.6169E+02  5.1285E-02  8.5373E-03
  6.6238E+02  5.1657E-02  7.6477E-03
  6.6306E+02  5.2029E-02  6.7580E-03
  6.6375E+02  5.2402E-02  5.8682E-03
  6.6444E+02  5.2775E-02  4.9784E-03
  6.6512E+02  5.3146E-02  4.0887E-03
  6.6581E+02  5.3515E-02  3.1992E-03
  6.6649E+02  5.3880E-02  2.3099E-03
  6.6718E+02  5.4240E-02  1.4211E-03
  6.6787E+02  5.4592E-02  5.3283E-04
  6.6855E+02  5.4936E-02 -3.5476E-04
  6.6924E+02  5.5269E-02 -1.2415E-03
  6.6993E+02  5.5589E-02 -2.1273E-03
  6.7061E+02  5.5895E-02 -3.0120E-03
  6.7130E+02  5.6185E-02 -3.8954E-03
  6.7199E+02  5.6456E-02 -4.7772E-03
  6.7267E+02  5.6706E-02 -5.6574E-03
  6.7336E+02  5.6932E-02 -6.5354E-03
  6.7404E+02  5.7133E-02 -7.4112E-03
  6.7473E+02  5.7305E-02 -8.2842E-03
  6.7542E+02  5.7448E-02 -9.1543E-03
  6.7610E+02  5.7562E-02 -1.0021E-02
  6.7679E+02  5.7647E-02 -1.0884E-02
  6.7748E+02  5.7703E-02 -1.1744E-02
  6.7816E+02  5.7732E-02 -1.2599E-02
  6.7885E+02  5.7736E-02 -1.3450E-02
  6.7954E+02  5.7717E-02 -1.4296E-02
  6.8022E+02  5.7676E-02 -1.5138E-02
  6.8091E+02  5.7617E-02 -1.5974E-02
  6.8160E+02  5.7541E-02 -1.6805E-02
  6.8228E+02  5.7450E-02 -1.7630E-02
  6.8297E+02  5.7348E-02 -1.8450E-02
  6.8365E+02  5.7235E-02 -1.9264E-02
  6.8434E+02  5.7116E-02 -2.0072E-02
  6.8503E+02  5.6992E-02 -2.0874E-02
  6.8571E+02  5.6866E-02 -2.1670E-02
  6.8640E+02  5.6740E-02 -2.2461E-02
  6.8709E+02  5.6616E-02 -2.3245E-02
  6.8777E+02  5.6496E-02 -2.4024E-02
  6.8846E+02  5.6381E-02 -2.4797E-02
  6.8915E+02  5.6271E-02 -2.5564E-02
  6.8983E+02  5.6168E-02 -2.6326E-02
  6.9052E+02  5.6070E-02 -2.7082E-02
  6.9120E+02  5.5978E-02 -2.7832E-02
  6.9189E+02  5.5892E-02 -2.8577E-02
  6.9258E+02  5.5809E-02 -2.9317E-02
  6.9326E+02  5.5731E-02 -3.0051E-02
  6.9395E+02  5.5655E-02 -3.0779E-02
  6.9464E+02  5.5583E-02 -3.1502E-02
  6.9532E+02  5.5514E-02 -3.2219E-02
  6.9601E+02  5.5448E-02 -3.2930E-02
  6.9670E+02  5.5384E-02 -3.3636E-02
  6.9738E+02  5.5323E-02 -3.4335E-02
  6.9807E+02  5.5265E-02 -3.5028E-02
  6.9876E+02  5.5209E-02 -3.5716E-02
  6.9944E+02  5.5155E-02 -3.6397E-02
  7.0013E+02  5.5102E-02 -3.7072E-02
  7.0081E+02  5.5051E-02 -3.7741E-02
  7.0150E+02  5.4999E-02 -3.8404E-02
  7.0219E+02  5.4946E-02 -3.9060E-02
  7.0287E+02  5.4892E-02 -3.9711E-02
  7.0356E+02  5.4835E-02 -4.0355E-02
  7.0425E+02  5.4775E-02 -4.0992E-02
  7.0493E+02  5.4710E-02 -4.1624E-02
  7.0562E+02  5.4638E-02 -4.2249E-02
  7.0631E+02  5.4559E-02 -4.2867E-02
  7.0699E+02  5.4470E-02 -4.3480E-02
  7.0768E+02  5.4370E-02 -4.4085E-02
  7.0836E+02  5.4255E-02 -4.4684E-02
  7.0905E+02  5.4124E-02 -4.5276E-02
  7.0974E+02  5.3974E-02 -4.5860E-02
  7.1042E+02  5.3805E-02 -4.6437E-02
  7.1111E+02  5.3615E-02 -4.7007E-02
  7.1180E+02  5.3403E-02 -4.7568E-02
  7.1248E+02  5.3169E-02 -4.8121E-02
  7.1317E+02  5.2915E-02 -4.8666E-02
  7.1386E+02  5.2639E-02 -4.9203E-02
  7.1454E+02  5.2344E-02 -4.9730E-02
  7.1523E+02  5.2028E-02 -5.0249E-02
  7.1592E+02  5.1694E-02 -5.0758E-02
  7.1660E+02  5.1342E-02 -5.1258E-02
  7.1729E+02  5.0973E-02 -5.1749E-02
  7.1797E+02  5.0589E-02 -5.2229E-02
  7.1866E+02  5.0191E-02 -5.2700E-02
  7.1935E+02  4.9782E-02 -5.3161E-02
  7.2003E+02  4.9364E-02 -5.3612E-02
  7.2072E+02  4.8939E-02 -5.4054E-02
  7.2141E+02  4.8510E-02 -5.4486E-02
  7.2209E+02  4.8078E-02 -5.4908E-02
  7.2278E+02  4.7645E-02 -5.5321E-02
  7.2347E+02  4.7213E-02 -5.5725E-02
  7.2415E+02  4.6783E-02 -5.6120E-02
  7.2484E+02  4.6355E-02 -5.6505E-02
  7.2552E+02  4.5931E-02 -5.6881E-02
  7.2621E+02  4.5512E-02 -5.7249E-02
  7.2690E+02  4.5098E-02 -5.7607E-02
  7.2758E+02  4.4689E-02 -5.7956E-02
  7.2827E+02  4.4285E-02 -5.8296E-02
  7.2896E+02  4.3885E-02 -5.8627E-02
  7.2964E+02  4.3489E-02 -5.8950E-02
  7.3033E+02  4.3095E-02 -5.9263E-02
  7.3102E+02  4.2704E-02 -5.9567E-02
  7.3170E+02  4.2313E-02 -5.9862E-02
  7.3239E+02  4.1924E-02 -6.0147E-02
  7.3308E+02  4.1535E-02 -6.0424E-02
  7.3376E+02  4.1146E-02 -6.0692E-02
  7.3445E+02  4.0758E-02 -6.0950E-02
  7.3513E+02  4.0369E-02 -6.1200E-02
  7.3582E+02  3.9979E-02 -6.1440E-02
  7.3651E+02  3.9589E-02 -6.1671E-02
  7.3719E+02  3.9198E-02 -6.1894E-02
  7.3788E+02  3.8806E-02 -6.2107E-02
  7.3857E+02  3.8413E-02 -6.2311E-02
  7.3925E+02  3.8021E-02 -6.2506E-02
  7.3994E+02  3.7629E-02 -6.2691E-02
  7.4063E+02  3.7239E-02 -6.2868E-02
  7.4131E+02  3.6851E-02 -6.3036E-02
  7.4200E+02  3.6465E-02 -6.3196E-02
  7.4268E+02  3.6082E-02 -6.3346E-02
  7.4337E+02  3.5700E-02 -6.3489E-02
  7.4406E+02  3.5318E-02 -6.3622E-02
  7.4474E+02  3.4936E-02 -6.3747E-02
  7.4543E+02  3.4552E-02 -6.3864E-02
  7.4612E+02  3.4165E-02 -6.3972E-02
  7.4680E+02  3.3775E-02 -6.4072E-02
  7.4749E+02  3.3381E-02 -6.4162E-02
  7.4818E+02  3.2982E-02 -6.4244E-02
  7.4886E+02  3.2578E-02 -6.4318E-02
  7.4955E+02  3.2168E-02 -6.4382E-02
  7.5024E+02  3.1751E-02 -6.4438E-02
  7.5092E+02  3.1327E-02 -6.4484E-02
  7.5161E+02  3.0895E-02 -6.4521E-02
  7.5229E+02  3.0454E-02 -6.4549E-02
  7.5298E+02  3.0003E-02 -6.4568E-02
  7.5367E+02  2.9544E-02 -6.4577E-02
  7.5435E+02  2.9076E-02 -6.4577E-02
  7.5504E+02  2.8601E-02 -6.4567E-02
  7.5573E+02  2.8120E-02 -6.4547E-02
  7.5641E+02  2.7633E-02 -6.4518E-02
  7.5710E+02  2.7144E-02 -6.4480E-02
  7.5779E+02  2.6652E-02 -6.4432E-02
  7.5847E+02  2.6159E-02 -6.4375E-02
  7.5916E+02  2.5668E-02 -6.4309E-02
  7.5984E+02  2.5180E-02 -6.4235E-02
  7.6053E+02  2.4695E-02 -6.4152E-02
  7.6122E+02  2.4214E-02 -6.4060E-02
  7.6190E+02  2.3739E-02 -6.3961E-02
  7.6259E+02  2.3268E-02 -6.3853E-02
  7.6328E+02  2.2804E-02 -6.3737E-02
  7.6396E+02  2.2344E-02 -6.3613E-02
  7.6465E+02  2.1889E-02 -6.3481E-02
  7.6534E+02  2.1439E-02 -6.3341E-02
  7.6602E+02  2.0991E-02 -6.3193E-02
  7.6671E+02  2.0547E-02 -6.3037E-02
  7.6740E+02  2.0105E-02 -6.2874E-02
  7.6808E+02  1.9664E-02 -6.2702E-02
  7.6877E+02  1.9224E-02 -6.2522E-02
  7.6945E+02  1.8786E-02 -6.2334E-02
  7.7014E+02  1.8349E-02 -6.2138E-02
  7.7083E+02  1.7913E-02 -6.1934E-02
  7.7151E+02  1.7481E-02 -6.1722E-02
  7.7220E+02  1.7051E-02 -6.1503E-02
  7.7289E+02  1.6624E-02 -6.1275E-02
  7.7357E+02  1.6200E-02 -6.1041E-02
  7.7426E+02  1.5778E-02 -6.0798E-02
  7.7495E+02  1.5359E-02 -6.0549E-02
  7.7563E+02  1.4943E-02 -6.0292E-02
  7.7632E+02  1.4528E-02 -6.0027E-02
  7.7700E+02  1.4116E-02 -5.9756E-02
  7.7769E+02  1.3706E-02 -5.9477E-02
  7.7838E+02  1.3299E-02 -5.9191E-02
  7.7906E+02  1.2895E-02 -5.8899E-02
  7.7975E+02  1.2494E-02 -5.8600E-02
  7.8044E+02  1.2097E-02 -5.8294E-02
  7.8112E+02  1.1701E-02 -5.7982E-02
  7.8181E+02  1.1307E-02 -5.7663E-02
  7.8250E+02  1.0915E-02 -5.7338E-02
  7.8318E+02  1.0523E-02 -5.7006E-02
  7.8387E+02  1.0133E-02 -5.6668E-02
  7.8456E+02  9.7430E-03 -5.6324E-02
  7.8524E+02  9.3548E-03 -5.5973E-02
  7.8593E+02  8.9683E-03 -5.5617E-02
  7.8661E+02  8.5836E-03 -5.5254E-02
  7.8730E+02  8.2011E-03 -5.4885E-02
  7.8799E+02  7.8206E-03 -5.4511E-02
  7.8867E+02  7.4422E-03 -5.4130E-02
  7.8936E+02  7.0659E-03 -5.3744E-02
  7.9005E+02  6.6918E-03 -5.3351E-02
  7.9073E+02  6.3199E-03 -5.2953E-02
  7.9142E+02  5.9505E-03 -5.2548E-02
  7.9211E+02  5.5840E-03 -5.2138E-02
  7.9279E+02  5.2207E-03 -5.1722E-02
  7.9348E+02  4.8611E-03 -5.1300E-02
  7.9416E+02  4.5058E-03 -5.0873E-02
  7.9485E+02  4.1551E-03 -5.0440E-02
  7.9554E+02  3.8095E-03 -5.0002E-02
  7.9622E+02  3.4688E-03 -4.9559E-02
  7.9691E+02  3.1333E-03 -4.9111E-02
  7.9760E+02  2.8026E-03 -4.8658E-02
  7.9828E+02  2.4765E-03 -4.8200E-02
  7.9897E+02  2.1547E-03 -4.7738E-02
  7.9966E+02  1.8366E-03 -4.7271E-02
  8.0034E+02  1.5221E-03 -4.6801E-02
  8.0103E+02  1.2110E-03 -4.6326E-02
  8.0172E+02  9.0339E-04 -4.5847E-02
  8.0240E+02  5.9940E-04 -4.5365E-02
  8.0309E+02  2.9917E-04 -4.4879E-02
  8.0377E+02  2.8097E-06 -4.4388E-02
  8.0446E+02 -2.8963E-04 -4.3895E-02
  8.0515E+02 -5.7812E-04 -4.3397E-02
  8.0583E+02 -8.6255E-04 -4.2896E-02
  8.0652E+02 -1.1427E-03 -4.2391E-02
  8.0721E+02 -1.4183E-03 -4.1882E-02
  8.0789E+02 -1.6888E-03 -4.1370E-02
  8.0858E+02 -1.9536E-03 -4.0854E-02
  8.0927E+02 -2.2120E-03 -4.0334E-02
  8.0995E+02 -2.4636E-03 -3.9812E-02
  8.1064E+02 -2.7083E-03 -3.9286E-02
  8.1132E+02 -2.9460E-03 -3.8757E-02
  8.1201E+02 -3.1770E-03 -3.8225E-02
  8.1270E+02 -3.4018E-03 -3.7690E-02
  8.1338E+02 -3.6210E-03 -3.7153E-02
  8.1407E+02 -3.8352E-03 -3.6613E-02
  8.1476E+02 -4.0448E-03 -3.6071E-02
  8.1544E+02 -4.2498E-03 -3.5526E-02
  8.1613E+02 -4.4502E-03 -3.4979E-02
  8.1682E+02 -4.6457E-03 -3.4430E-02
  8.1750E+02 -4.8355E-03 -3.3878E-02
  8.1819E+02 -5.0193E-03 -3.3325E-02
  8.1888E+02 -5.1966E-03 -3.2770E-02
  8.1956E+02 -5.3671E-03 -3.2214E-02
  8.2025E+02 -5.5311E-03 -3.1655E-02
  8.2093E+02 -5.6888E-03 -3.1096E-02
  8.2162E+02 -5.8406E-03 -3.0535E-02
  8.2231E+02 -5.9872E-03 -2.9973E-02
  8.2299E+02 -6.1290E-03 -2.9410E-02
  8.2368E+02 -6.2665E-03 -2.8846E-02
  8.2437E+02 -6.4000E-03 -2.8281E-02
  8.2505E+02 -6.5300E-03 -2.7715E-02
  8.2574E+02 -6.6571E-03 -2.7148E-02
  8.2643E+02 -6.7821E-03 -2.6580E-02
  8.2711E+02 -6.9059E-03 -2.6011E-02
  8.2780E+02 -7.0294E-03 -2.5442E-02
  8.2848E+02 -7.1535E-03 -2.4872E-02
  8.2917E+02 -7.2788E-03 -2.4301E-02
  8.2986E+02 -7.4054E-03 -2.3729E-02
  8.3054E+02 -7.5331E-03 -2.3157E-02
  8.3123E+02 -7.6609E-03 -2.2583E-02
  8.3192E+02 -7.7878E-03 -2.2009E-02
  8.3260E+02 -7.9121E-03 -2.1435E-02
  8.3329E+02 -8.0320E-03 -2.0860E-02
  8.3398E+02 -8.1458E-03 -2.0284E-02
  8.3466E+02 -8.2516E-03 -1.9709E-02
  8.3535E+02 -8.3480E-03 -1.9133E-02
  8.3604E+02 -8.4336E-03 -1.8558E-02
  8.3672E+02 -8.5077E-03 -1.7983E-02
  8.3741E+02 -8.5697E-03 -1.7409E-02
  8.3809E+02 -8.6196E-03 -1.6835E-02
  8.3878E+02 -8.6577E-03 -1.6263E-02
  8.3947E+02 -8.6846E-03 -1.5691E-02
  8.4015E+02 -8.7010E-03 -1.5121E-02
  8.4084E+02 -8.7079E-03 -1.4552E-02
  8.4153E+02 -8.7064E-03 -1.3984E-02
  8.4221E+02 -8.6977E-03 -1.3419E-02
  8.4290E+02 -8.6830E-03 -1.2855E-02
  8.4359E+02 -8.6634E-03 -1.2294E-02
  8.4427E+02 -8.6402E-03 -1.1734E-02
  8.4496E+02 -8.6144E-03 -1.1176E-02
  8.4564E+02 -8.5871E-03 -1.0621E-02
  8.4633E+02 -8.5591E-03 -1.0067E-02
  8.4702E+02 -8.5309E-03 -9.5154E-03
  8.4770E+02 -8.5029E-03 -8.9659E-03
  8.4839E+02 -8.4755E-03 -8.4183E-03
  8.4908E+02 -8.4483E-03 -7.8728E-03
  8.4976E+02 -8.4212E-03 -7.3293E-03
  8.5045E+02 -8.3933E-03 -6.7877E-03
  8.5114E+02 -8.3641E-03 -6.2482E-03
  8.5182E+02 -8.3325E-03 -5.7107E-03
  8.5251E+02 -8.2977E-03 -5.1753E-03
  8.5320E+02 -8.2590E-03 -4.6420E-03
  8.5388E+02 -8.2156E-03 -4.1110E-03
  8.5457E+02 -8.1672E-03 -3.5823E-03
  8.5525E+02 -8.1135E-03 -3.0560E-03
  8.5594E+02 -8.0540E-03 -2.5322E-03
  8.5663E+02 -7.9884E-03 -2.0109E-03
  8.5731E+02 -7.9161E-03 -1.4922E-03
  8.5800E+02 -7.8364E-03 -9.7624E-04
  8.5869E+02 -7.7484E-03 -4.6317E-04
  8.5937E+02 -7.6515E-03  4.6853E-05
  8.6006E+02 -7.5451E-03  5.5365E-04
  8.6075E+02 -7.4289E-03  1.0570E-03
  8.6143E+02 -7.3029E-03  1.5568E-03
  8.6212E+02 -7.1677E-03  2.0529E-03
  8.6280E+02 -7.0241E-03  2.5451E-03
  8.6349E+02 -6.8728E-03  3.0333E-03
  8.6418E+02 -6.7150E-03  3.5175E-03
  8.6486E+02 -6.5518E-03  3.9976E-03
  8.6555E+02 -6.3842E-03  4.4735E-03
  8.6624E+02 -6.2134E-03  4.9452E-03
  8.6692E+02 -6.0403E-03  5.4126E-03
  8.6761E+02 -5.8664E-03  5.8756E-03
  8.6830E+02 -5.6926E-03  6.3344E-03
  8.6898E+02 -5.5204E-03  6.7888E-03
  8.6967E+02 -5.3508E-03  7.2388E-03
  8.7036E+02 -5.1848E-03  7.6845E-03
  8.7104E+02 -5.0231E-03  8.1260E-03
  8.7173E+02 -4.8658E-03  8.5632E-03
  8.7241E+02 -4.7127E-03  8.9965E-03
  8.7310E+02 -4.5628E-03  9.4256E-03
  8.7379E+02 -4.4147E-03  9.8508E-03
  8.7447E+02 -4.2669E-03  1.0272E-02
  8.7516E+02 -4.1173E-03  1.0689E-02
  8.7585E+02 -3.9641E-03  1.1102E-02
  8.7653E+02 -3.8053E-03  1.1511E-02
  8.7722E+02 -3.6392E-03  1.1916E-02
  8.7791E+02 -3.4646E-03  1.2316E-02
  8.7859E+02 -3.2804E-03  1.2712E-02
  8.7928E+02 -3.0859E-03  1.3104E-02
  8.7996E+02 -2.8809E-03  1.3491E-02
  8.8065E+02 -2.6653E-03  1.3873E-02
  8.8134E+02 -2.4397E-03  1.4250E-02
  8.8202E+02 -2.2048E-03  1.4623E-02
  8.8271E+02 -1.9619E-03  1.4990E-02
  8.8340E+02 -1.7123E-03  1.5352E-02
  8.8408E+02 -1.4573E-03  1.5709E-02
  8.8477E+02 -1.1985E-03  1.6060E-02
  8.8546E+02 -9.3738E-04  1.6406E-02
  8.8614E+02 -6.7514E-04  1.6746E-02
  8.8683E+02 -4.1293E-04  1.7081E-02
  8.8752E+02 -1.5163E-04  1.7410E-02
  8.8820E+02  1.0803E-04  1.7733E-02
  8.8889E+02  3.6543E-04  1.8052E-02
  8.8957E+02  6.2003E-04  1.8364E-02
  8.9026E+02  8.7139E-04  1.8671E-02
  8.9095E+02  1.1193E-03  1.8973E-02
  8.9163E+02  1.3637E-03  1.9269E-02
  8.9232E+02  1.6050E-03  1.9559E-02
  8.9301E+02  1.8437E-03  1.9844E-02
  8.9369E+02  2.0810E-03  2.0123E-02
  8.9438E+02  2.3178E-03  2.0397E-02
  8.9507E+02  2.5553E-03  2.0665E-02
  8.9575E+02  2.7945E-03  2.0927E-02
  8.9644E+02  3.0363E-03  2.1184E-02
  8.9712E+02  3.2815E-03  2.1435E-02
  8.9781E+02  3.5306E-03  2.1680E-02
  8.9850E+02  3.7843E-03  2.1920E-02
  8.9918E+02  4.0431E-03  2.2153E-02
  8.9987E+02  4.3077E-03  2.2381E-02
  9.0056E+02  4.5789E-03  2.2604E-02
  9.0124E+02  4.8571E-03  2.2821E-02
  9.0193E+02  5.1428E-03  2.3032E-02
  9.0262E+02  5.4359E-03  2.3237E-02
  9.0330E+02  5.7363E-03  2.3437E-02
  9.0399E+02  6.0433E-03  2.3631E-02
  9.0468E+02  6.3562E-03  2.3819E-02
  9.0536E+02  6.6741E-03  2.4001E-02
  9.0605E+02  6.9959E-03  2.4177E-02
  9.0673E+02  7.3206E-03  2.4348E-02
  9.0742E+02  7.6471E-03  2.4512E-02
  9.0811E+02  7.9744E-03  2.4670E-02
  9.0879E+02  8.3014E-03  2.4822E-02
  9.0948E+02  8.6268E-03  2.4968E-02
  9.1017E+02  8.9496E-03  2.5108E-02
  9.1085E+02  9.2686E-03  2.5242E-02
  9.1154E+02  9.5827E-03  2.5369E-02
  9.1223E+02  9.8908E-03  2.5491E-02
  9.1291E+02  1.0192E-02  2.5607E-02
  9.1360E+02  1.0487E-02  2.5717E-02
  9.1428E+02  1.0774E-02  2.5822E-02
  9.1497E+02  1.1053E-02  2.5921E-02
  9.1566E+02  1.1326E-02  2.6014E-02
  9.1634E+02  1.1592E-02  2.6102E-02
  9.1703E+02  1.1853E-02  2.6184E-02
  9.1772E+02  1.2109E-02  2.6262E-02
  9.1840E+02  1.2362E-02  2.6334E-02
  9.1909E+02  1.2614E-02  2.6400E-02
  9.1978E+02  1.2867E-02  2.6461E-02
  9.2046E+02  1.3122E-02  2.6517E-02
  9.2115E+02  1.3381E-02  2.6567E-02
  9.2184E+02  1.3646E-02  2.6611E-02
  9.2252E+02  1.3919E-02  2.6650E-02
  9.2321E+02  1.4199E-02  2.6683E-02
  9.2389E+02  1.4488E-02  2.6710E-02
  9.2458E+02  1.4786E-02  2.6732E-02
  9.2527E+02  1.5092E-02  2.6747E-02
  9.2595E+02  1.5406E-02  2.6757E-02
  9.2664E+02  1.5726E-02  2.6761E-02
  9.2733E+02  1.6052E-02  2.6759E-02
  9.2801E+02  1.6383E-02  2.6751E-02
  9.2870E+02  1.6716E-02  2.6737E-02
  9.2939E+02  1.7050E-02  2.6717E-02
  9.3007E+02  1.7384E-02  2.6691E-02
  9.3076E+02  1.7714E-02  2.6659E-02
  9.3144E+02  1.8041E-02  2.6622E-02
  9.3213E+02  1.8361E-02  2.6579E-02
  9.3282E+02  1.8675E-02  2.6531E-02
  9.3350E+02  1.8982E-02  2.6477E-02
  9.3419E+02  1.9281E-02  2.6418E-02
  9.3488E+02  1.9571E-02  2.6354E-02
  9.3556E+02  1.9853E-02  2.6285E-02
  9.3625E+02  2.0127E-02  2.6211E-02
  9.3694E+02  2.0394E-02  2.6133E-02
  9.3762E+02  2.0653E-02  2.6049E-02
  9.3831E+02  2.0907E-02  2.5960E-02
  9.3900E+02  2.1154E-02  2.5867E-02
  9.3968E+02  2.1397E-02  2.5769E-02
  9.4037E+02  2.1636E-02  2.5666E-02
  9.4105E+02  2.1873E-02  2.5558E-02
  9.4174E+02  2.2107E-02  2.5446E-02
  9.4243E+02  2.2341E-02  2.5328E-02
  9.4311E+02  2.2575E-02  2.5206E-02
  9.4380E+02  2.2810E-02  2.5079E-02
  9.4449E+02  2.3046E-02  2.4948E-02
  9.4517E+02  2.3286E-02  2.4811E-02
  9.4586E+02  2.3529E-02  2.4670E-02
  9.4655E+02  2.3777E-02  2.4524E-02
  9.4723E+02  2.4029E-02  2.4374E-02
  9.4792E+02  2.4286E-02  2.4218E-02
  9.4860E+02  2.4549E-02  2.4058E-02
  9.4929E+02  2.4816E-02  2.3894E-02
  9.4998E+02  2.5088E-02  2.3724E-02
  9.5066E+02  2.5364E-02  2.3550E-02
  9.5135E+02  2.5643E-02  2.3372E-02
  9.5204E+02  2.5924E-02  2.3188E-02
  9.5272E+02  2.6205E-02  2.3000E-02
  9.5341E+02  2.6486E-02  2.2807E-02
  9.5410E+02  2.6765E-02  2.2610E-02
  9.5478E+02  2.7040E-02  2.2408E-02
  9.5547E+02  2.7309E-02  2.2202E-02
  9.5616E+02  2.7573E-02  2.1991E-02
  9.5684E+02  2.7828E-02  2.1776E-02
  9.5753E+02  2.8074E-02  2.1557E-02
  9.5821E+02  2.8309E-02  2.1333E-02
  9.5890E+02  2.8534E-02  2.1106E-02
  9.5959E+02  2.8746E-02  2.0875E-02
  9.6027E+02  2.8946E-02  2.0641E-02
  9.6096E+02  2.9134E-02  2.0403E-02
  9.6165E+02  2.9311E-02  2.0162E-02
  9.6233E+02  2.9476E-02  1.9917E-02
  9.6302E+02  2.9631E-02  1.9670E-02
  9.6371E+02  2.9778E-02  1.9419E-02
  9.6439E+02  2.9918E-02  1.9165E-02
  9.6508E+02  3.0053E-02  1.8909E-02
  9.6576E+02  3.0185E-02  1.8649E-02
  9.6645E+02  3.0317E-02  1.8387E-02
  9.6714E+02  3.0450E-02  1.8122E-02
  9.6782E+02  3.0588E-02  1.7853E-02
  9.6851E+02  3.0732E-02  1.7582E-02
  9.6920E+02  3.0885E-02  1.7308E-02
  9.6988E+02  3.1046E-02  1.7031E-02
  9.7057E+02  3.1216E-02  1.6751E-02
  9.7126E+02  3.1396E-02  1.6468E-02
  9.7194E+02  3.1586E-02  1.6182E-02
  9.7263E+02  3.1783E-02  1.5892E-02
  9.7332E+02  3.1988E-02  1.5600E-02
  9.7400E+02  3.2198E-02  1.5304E-02
  9.7469E+02  3.2412E-02  1.5005E-02
  9.7537E+02  3.2627E-02  1.4703E-02
  9.7606E+02  3.2841E-02  1.4398E-02
  9.7675E+02  3.3050E-02  1.4090E-02
  9.7743E+02  3.3253E-02  1.3780E-02
  9.7812E+02  3.3447E-02  1.3466E-02
  9.7881E+02  3.3628E-02  1.3150E-02
  9.7949E+02  3.3797E-02  1.2832E-02
  9.8018E+02  3.3950E-02  1.2511E-02
  9.8087E+02  3.4088E-02  1.2189E-02
  9.8155E+02  3.4210E-02  1.1864E-02
  9.8224E+02  3.4315E-02  1.1538E-02
  9.8292E+02  3.4405E-02  1.1210E-02
  9.8361E+02  3.4480E-02  1.0881E-02
  9.8430E+02  3.4542E-02  1.0550E-02
  9.8498E+02  3.4592E-02  1.0218E-02
  9.8567E+02  3.4632E-02  9.8850E-03
  9.8636E+02  3.4664E-02  9.5511E-03
  9.8704E+02  3.4691E-02  9.2162E-03
  9.8773E+02  3.4715E-02  8.8804E-03
  9.8842E+02  3.4738E-02  8.5436E-03
  9.8910E+02  3.4764E-02  8.2060E-03
  9.8979E+02  3.4792E-02  7.8673E-03
  9.9048E+02  3.4825E-02  7.5276E-03
  9.9116E+02  3.4864E-02  7.1869E-03
  9.9185E+02  3.4910E-02  6.8452E-03
  9.9253E+02  3.4962E-02  6.5024E-03
  9.9322E+02  3.5022E-02  6.1585E-03
  9.9391E+02  3.5089E-02  5.8134E-03
  9.9459E+02  3.5162E-02  5.4673E-03
  9.9528E+02  3.5241E-02  5.1200E-03
  9.9597E+02  3.5325E-02  4.7716E-03
  9.9665E+02  3.5413E-02  4.4222E-03
  9.9734E+02  3.5502E-02  4.0717E-03
  9.9803E+02  3.5591E-02  3.7202E-03
  9.9871E+02  3.5679E-02  3.3679E-03
  9.9940E+02  3.5763E-02  3.0148E-03
  1.0000E+03  3.5834E-02  2.7047E-03
