# CREATED BY GENE DIAGNOSTICS TOOL on Wed Mar 17 18:20:41 2021
# diag: timetrace, run(s): 0038, time window: 0-1000(1509 steps), species: ions
# original data path: /marconi_scratch/userexternal/cmoreno0/GAMZF_convergence/w7x_surface/scanfiles0003/
# normalization: L_ref=1.65m
#
#  t          Re[phi]     Im[phi]   
  0.0000E+00  9.9997E-01  0.0000E+00
  6.6320E-01  9.9103E-01 -4.6878E-04
  1.3264E+00  9.6725E-01 -8.7304E-04
  1.9896E+00  9.3505E-01 -1.2034E-03
  2.6528E+00  9.0081E-01 -1.4788E-03
  3.3160E+00  8.6915E-01 -1.7339E-03
  3.9792E+00  8.4249E-01 -1.9934E-03
  4.6424E+00  8.2130E-01 -2.2637E-03
  5.3056E+00  8.0484E-01 -2.5412E-03
  5.9688E+00  7.9183E-01 -2.8199E-03
  6.6320E+00  7.8087E-01 -3.0951E-03
  7.2952E+00  7.7082E-01 -3.3629E-03
  7.9584E+00  7.6090E-01 -3.6204E-03
  8.6216E+00  7.5069E-01 -3.8649E-03
  9.2848E+00  7.4009E-01 -4.0944E-03
  9.9480E+00  7.2919E-01 -4.3071E-03
  1.0611E+01  7.1820E-01 -4.5018E-03
  1.1274E+01  7.0734E-01 -4.6779E-03
  1.1938E+01  6.9681E-01 -4.8357E-03
  1.2601E+01  6.8677E-01 -4.9766E-03
  1.3264E+01  6.7734E-01 -5.1020E-03
  1.3927E+01  6.6857E-01 -5.2141E-03
  1.4590E+01  6.6050E-01 -5.3149E-03
  1.5254E+01  6.5312E-01 -5.4072E-03
  1.5917E+01  6.4645E-01 -5.4938E-03
  1.6580E+01  6.4048E-01 -5.5772E-03
  1.7243E+01  6.3520E-01 -5.6599E-03
  1.7906E+01  6.3059E-01 -5.7438E-03
  1.8570E+01  6.2665E-01 -5.8312E-03
  1.9233E+01  6.2336E-01 -5.9247E-03
  1.9896E+01  6.2073E-01 -6.0261E-03
  2.0559E+01  6.1871E-01 -6.1364E-03
  2.1222E+01  6.1727E-01 -6.2562E-03
  2.1886E+01  6.1637E-01 -6.3861E-03
  2.2549E+01  6.1598E-01 -6.5270E-03
  2.3212E+01  6.1606E-01 -6.6792E-03
  2.3875E+01  6.1656E-01 -6.8425E-03
  2.4538E+01  6.1741E-01 -7.0163E-03
  2.5202E+01  6.1858E-01 -7.1999E-03
  2.5865E+01  6.2002E-01 -7.3927E-03
  2.6528E+01  6.2166E-01 -7.5937E-03
  2.7191E+01  6.2347E-01 -7.8019E-03
  2.7854E+01  6.2539E-01 -8.0158E-03
  2.8518E+01  6.2737E-01 -8.2341E-03
  2.9181E+01  6.2938E-01 -8.4557E-03
  2.9844E+01  6.3137E-01 -8.6795E-03
  3.0507E+01  6.3332E-01 -8.9043E-03
  3.1170E+01  6.3518E-01 -9.1290E-03
  3.1834E+01  6.3694E-01 -9.3529E-03
  3.2497E+01  6.3857E-01 -9.5752E-03
  3.3160E+01  6.4005E-01 -9.7950E-03
  3.3823E+01  6.4136E-01 -1.0011E-02
  3.4486E+01  6.4250E-01 -1.0223E-02
  3.5150E+01  6.4345E-01 -1.0431E-02
  3.5813E+01  6.4421E-01 -1.0633E-02
  3.6476E+01  6.4478E-01 -1.0831E-02
  3.7139E+01  6.4516E-01 -1.1024E-02
  3.7802E+01  6.4535E-01 -1.1211E-02
  3.8466E+01  6.4537E-01 -1.1393E-02
  3.9129E+01  6.4521E-01 -1.1571E-02
  3.9792E+01  6.4490E-01 -1.1744E-02
  4.0455E+01  6.4445E-01 -1.1913E-02
  4.1118E+01  6.4385E-01 -1.2077E-02
  4.1782E+01  6.4312E-01 -1.2236E-02
  4.2445E+01  6.4228E-01 -1.2392E-02
  4.3108E+01  6.4135E-01 -1.2544E-02
  4.3771E+01  6.4033E-01 -1.2694E-02
  4.4434E+01  6.3925E-01 -1.2841E-02
  4.5098E+01  6.3810E-01 -1.2986E-02
  4.5761E+01  6.3692E-01 -1.3129E-02
  4.6424E+01  6.3570E-01 -1.3272E-02
  4.7087E+01  6.3447E-01 -1.3413E-02
  4.7750E+01  6.3322E-01 -1.3555E-02
  4.8414E+01  6.3198E-01 -1.3696E-02
  4.9077E+01  6.3074E-01 -1.3837E-02
  4.9740E+01  6.2951E-01 -1.3978E-02
  5.0403E+01  6.2831E-01 -1.4120E-02
  5.1066E+01  6.2713E-01 -1.4263E-02
  5.1730E+01  6.2599E-01 -1.4408E-02
  5.2393E+01  6.2489E-01 -1.4554E-02
  5.3056E+01  6.2382E-01 -1.4702E-02
  5.3719E+01  6.2279E-01 -1.4851E-02
  5.4382E+01  6.2180E-01 -1.5002E-02
  5.5046E+01  6.2085E-01 -1.5154E-02
  5.5709E+01  6.1994E-01 -1.5308E-02
  5.6372E+01  6.1906E-01 -1.5464E-02
  5.7035E+01  6.1823E-01 -1.5622E-02
  5.7698E+01  6.1743E-01 -1.5781E-02
  5.8362E+01  6.1667E-01 -1.5941E-02
  5.9025E+01  6.1593E-01 -1.6104E-02
  5.9688E+01  6.1523E-01 -1.6268E-02
  6.0351E+01  6.1456E-01 -1.6434E-02
  6.1014E+01  6.1391E-01 -1.6600E-02
  6.1678E+01  6.1328E-01 -1.6767E-02
  6.2341E+01  6.1267E-01 -1.6934E-02
  6.3004E+01  6.1208E-01 -1.7102E-02
  6.3667E+01  6.1149E-01 -1.7269E-02
  6.4330E+01  6.1093E-01 -1.7437E-02
  6.4994E+01  6.1037E-01 -1.7606E-02
  6.5657E+01  6.0983E-01 -1.7775E-02
  6.6320E+01  6.0930E-01 -1.7943E-02
  6.6983E+01  6.0877E-01 -1.8111E-02
  6.7646E+01  6.0824E-01 -1.8279E-02
  6.8310E+01  6.0773E-01 -1.8446E-02
  6.8973E+01  6.0722E-01 -1.8613E-02
  6.9636E+01  6.0671E-01 -1.8779E-02
  7.0299E+01  6.0620E-01 -1.8944E-02
  7.0962E+01  6.0570E-01 -1.9108E-02
  7.1626E+01  6.0520E-01 -1.9273E-02
  7.2289E+01  6.0471E-01 -1.9438E-02
  7.2952E+01  6.0422E-01 -1.9602E-02
  7.3615E+01  6.0373E-01 -1.9765E-02
  7.4278E+01  6.0325E-01 -1.9927E-02
  7.4942E+01  6.0276E-01 -2.0088E-02
  7.5605E+01  6.0228E-01 -2.0251E-02
  7.6268E+01  6.0180E-01 -2.0413E-02
  7.6931E+01  6.0133E-01 -2.0574E-02
  7.7594E+01  6.0086E-01 -2.0734E-02
  7.8258E+01  6.0039E-01 -2.0893E-02
  7.8921E+01  5.9992E-01 -2.1053E-02
  7.9584E+01  5.9946E-01 -2.1214E-02
  8.0247E+01  5.9901E-01 -2.1375E-02
  8.0910E+01  5.9855E-01 -2.1535E-02
  8.1574E+01  5.9808E-01 -2.1694E-02
  8.2237E+01  5.9762E-01 -2.1852E-02
  8.2900E+01  5.9717E-01 -2.2009E-02
  8.3563E+01  5.9671E-01 -2.2167E-02
  8.4226E+01  5.9626E-01 -2.2325E-02
  8.4890E+01  5.9580E-01 -2.2483E-02
  8.5553E+01  5.9535E-01 -2.2640E-02
  8.6216E+01  5.9490E-01 -2.2798E-02
  8.6879E+01  5.9445E-01 -2.2954E-02
  8.7542E+01  5.9400E-01 -2.3111E-02
  8.8206E+01  5.9355E-01 -2.3268E-02
  8.8869E+01  5.9310E-01 -2.3424E-02
  8.9532E+01  5.9265E-01 -2.3580E-02
  9.0195E+01  5.9221E-01 -2.3737E-02
  9.0858E+01  5.9176E-01 -2.3893E-02
  9.1522E+01  5.9131E-01 -2.4049E-02
  9.2185E+01  5.9087E-01 -2.4205E-02
  9.2848E+01  5.9042E-01 -2.4360E-02
  9.3511E+01  5.8998E-01 -2.4515E-02
  9.4174E+01  5.8954E-01 -2.4670E-02
  9.4838E+01  5.8909E-01 -2.4826E-02
  9.5501E+01  5.8864E-01 -2.4983E-02
  9.6164E+01  5.8820E-01 -2.5141E-02
  9.6827E+01  5.8775E-01 -2.5299E-02
  9.7490E+01  5.8730E-01 -2.5455E-02
  9.8154E+01  5.8686E-01 -2.5609E-02
  9.8817E+01  5.8642E-01 -2.5763E-02
  9.9480E+01  5.8598E-01 -2.5917E-02
  1.0014E+02  5.8554E-01 -2.6073E-02
  1.0081E+02  5.8510E-01 -2.6230E-02
  1.0147E+02  5.8466E-01 -2.6388E-02
  1.0213E+02  5.8422E-01 -2.6545E-02
  1.0280E+02  5.8378E-01 -2.6700E-02
  1.0346E+02  5.8334E-01 -2.6854E-02
  1.0412E+02  5.8291E-01 -2.7006E-02
  1.0479E+02  5.8248E-01 -2.7157E-02
  1.0545E+02  5.8205E-01 -2.7310E-02
  1.0611E+02  5.8162E-01 -2.7464E-02
  1.0678E+02  5.8120E-01 -2.7619E-02
  1.0744E+02  5.8077E-01 -2.7774E-02
  1.0810E+02  5.8035E-01 -2.7927E-02
  1.0876E+02  5.7992E-01 -2.8078E-02
  1.0943E+02  5.7950E-01 -2.8227E-02
  1.1009E+02  5.7908E-01 -2.8376E-02
  1.1075E+02  5.7867E-01 -2.8526E-02
  1.1142E+02  5.7827E-01 -2.8676E-02
  1.1208E+02  5.7787E-01 -2.8828E-02
  1.1274E+02  5.7747E-01 -2.8981E-02
  1.1341E+02  5.7708E-01 -2.9133E-02
  1.1407E+02  5.7668E-01 -2.9283E-02
  1.1473E+02  5.7628E-01 -2.9432E-02
  1.1540E+02  5.7589E-01 -2.9581E-02
  1.1606E+02  5.7549E-01 -2.9730E-02
  1.1672E+02  5.7510E-01 -2.9879E-02
  1.1739E+02  5.7472E-01 -3.0029E-02
  1.1805E+02  5.7435E-01 -3.0179E-02
  1.1871E+02  5.7399E-01 -3.0329E-02
  1.1938E+02  5.7363E-01 -3.0479E-02
  1.2004E+02  5.7327E-01 -3.0628E-02
  1.2070E+02  5.7291E-01 -3.0776E-02
  1.2137E+02  5.7254E-01 -3.0924E-02
  1.2203E+02  5.7218E-01 -3.1073E-02
  1.2269E+02  5.7181E-01 -3.1223E-02
  1.2336E+02  5.7145E-01 -3.1373E-02
  1.2402E+02  5.7109E-01 -3.1523E-02
  1.2468E+02  5.7074E-01 -3.1671E-02
  1.2534E+02  5.7040E-01 -3.1816E-02
  1.2601E+02  5.7006E-01 -3.1959E-02
  1.2667E+02  5.6972E-01 -3.2101E-02
  1.2733E+02  5.6938E-01 -3.2244E-02
  1.2800E+02  5.6904E-01 -3.2389E-02
  1.2866E+02  5.6871E-01 -3.2536E-02
  1.2932E+02  5.6838E-01 -3.2686E-02
  1.2999E+02  5.6805E-01 -3.2837E-02
  1.3065E+02  5.6773E-01 -3.2986E-02
  1.3131E+02  5.6741E-01 -3.3133E-02
  1.3198E+02  5.6708E-01 -3.3276E-02
  1.3264E+02  5.6675E-01 -3.3415E-02
  1.3330E+02  5.6642E-01 -3.3552E-02
  1.3397E+02  5.6609E-01 -3.3690E-02
  1.3463E+02  5.6577E-01 -3.3830E-02
  1.3529E+02  5.6546E-01 -3.3975E-02
  1.3596E+02  5.6516E-01 -3.4125E-02
  1.3662E+02  5.6488E-01 -3.4278E-02
  1.3728E+02  5.6459E-01 -3.4431E-02
  1.3795E+02  5.6430E-01 -3.4582E-02
  1.3861E+02  5.6401E-01 -3.4727E-02
  1.3927E+02  5.6370E-01 -3.4869E-02
  1.3994E+02  5.6339E-01 -3.5006E-02
  1.4060E+02  5.6308E-01 -3.5141E-02
  1.4126E+02  5.6277E-01 -3.5277E-02
  1.4192E+02  5.6246E-01 -3.5417E-02
  1.4259E+02  5.6216E-01 -3.5561E-02
  1.4325E+02  5.6188E-01 -3.5709E-02
  1.4391E+02  5.6161E-01 -3.5860E-02
  1.4458E+02  5.6135E-01 -3.6010E-02
  1.4524E+02  5.6109E-01 -3.6158E-02
  1.4590E+02  5.6083E-01 -3.6302E-02
  1.4657E+02  5.6056E-01 -3.6441E-02
  1.4723E+02  5.6029E-01 -3.6577E-02
  1.4789E+02  5.6002E-01 -3.6712E-02
  1.4856E+02  5.5974E-01 -3.6848E-02
  1.4922E+02  5.5946E-01 -3.6986E-02
  1.4988E+02  5.5918E-01 -3.7127E-02
  1.5055E+02  5.5891E-01 -3.7271E-02
  1.5121E+02  5.5865E-01 -3.7416E-02
  1.5187E+02  5.5840E-01 -3.7562E-02
  1.5254E+02  5.5815E-01 -3.7705E-02
  1.5320E+02  5.5791E-01 -3.7845E-02
  1.5386E+02  5.5768E-01 -3.7982E-02
  1.5453E+02  5.5744E-01 -3.8118E-02
  1.5519E+02  5.5719E-01 -3.8255E-02
  1.5585E+02  5.5694E-01 -3.8393E-02
  1.5652E+02  5.5668E-01 -3.8534E-02
  1.5718E+02  5.5642E-01 -3.8677E-02
  1.5784E+02  5.5616E-01 -3.8822E-02
  1.5850E+02  5.5590E-01 -3.8967E-02
  1.5917E+02  5.5566E-01 -3.9112E-02
  1.5983E+02  5.5542E-01 -3.9253E-02
  1.6049E+02  5.5520E-01 -3.9391E-02
  1.6116E+02  5.5498E-01 -3.9526E-02
  1.6182E+02  5.5476E-01 -3.9658E-02
  1.6248E+02  5.5455E-01 -3.9791E-02
  1.6315E+02  5.5433E-01 -3.9925E-02
  1.6381E+02  5.5411E-01 -4.0062E-02
  1.6447E+02  5.5389E-01 -4.0203E-02
  1.6514E+02  5.5365E-01 -4.0348E-02
  1.6580E+02  5.5341E-01 -4.0494E-02
  1.6646E+02  5.5317E-01 -4.0640E-02
  1.6713E+02  5.5292E-01 -4.0784E-02
  1.6779E+02  5.5269E-01 -4.0925E-02
  1.6845E+02  5.5246E-01 -4.1061E-02
  1.6912E+02  5.5224E-01 -4.1193E-02
  1.6978E+02  5.5202E-01 -4.1323E-02
  1.7044E+02  5.5181E-01 -4.1452E-02
  1.7111E+02  5.5161E-01 -4.1581E-02
  1.7177E+02  5.5141E-01 -4.1713E-02
  1.7243E+02  5.5121E-01 -4.1848E-02
  1.7310E+02  5.5102E-01 -4.1986E-02
  1.7376E+02  5.5082E-01 -4.2127E-02
  1.7442E+02  5.5062E-01 -4.2269E-02
  1.7508E+02  5.5042E-01 -4.2412E-02
  1.7575E+02  5.5022E-01 -4.2553E-02
  1.7641E+02  5.5002E-01 -4.2692E-02
  1.7707E+02  5.4981E-01 -4.2830E-02
  1.7774E+02  5.4961E-01 -4.2966E-02
  1.7840E+02  5.4940E-01 -4.3101E-02
  1.7906E+02  5.4919E-01 -4.3235E-02
  1.7973E+02  5.4897E-01 -4.3369E-02
  1.8039E+02  5.4876E-01 -4.3503E-02
  1.8105E+02  5.4856E-01 -4.3638E-02
  1.8172E+02  5.4836E-01 -4.3774E-02
  1.8238E+02  5.4816E-01 -4.3911E-02
  1.8304E+02  5.4798E-01 -4.4048E-02
  1.8371E+02  5.4780E-01 -4.4185E-02
  1.8437E+02  5.4762E-01 -4.4320E-02
  1.8503E+02  5.4745E-01 -4.4455E-02
  1.8570E+02  5.4728E-01 -4.4589E-02
  1.8636E+02  5.4710E-01 -4.4723E-02
  1.8702E+02  5.4692E-01 -4.4856E-02
  1.8769E+02  5.4673E-01 -4.4990E-02
  1.8835E+02  5.4653E-01 -4.5124E-02
  1.8901E+02  5.4632E-01 -4.5258E-02
  1.8968E+02  5.4611E-01 -4.5392E-02
  1.9034E+02  5.4591E-01 -4.5527E-02
  1.9100E+02  5.4571E-01 -4.5662E-02
  1.9166E+02  5.4552E-01 -4.5798E-02
  1.9233E+02  5.4534E-01 -4.5933E-02
  1.9299E+02  5.4517E-01 -4.6068E-02
  1.9365E+02  5.4500E-01 -4.6201E-02
  1.9432E+02  5.4484E-01 -4.6333E-02
  1.9498E+02  5.4469E-01 -4.6464E-02
  1.9564E+02  5.4452E-01 -4.6595E-02
  1.9631E+02  5.4436E-01 -4.6727E-02
  1.9697E+02  5.4419E-01 -4.6860E-02
  1.9763E+02  5.4401E-01 -4.6993E-02
  1.9830E+02  5.4382E-01 -4.7127E-02
  1.9896E+02  5.4364E-01 -4.7262E-02
  1.9962E+02  5.4345E-01 -4.7397E-02
  2.0029E+02  5.4327E-01 -4.7532E-02
  2.0095E+02  5.4310E-01 -4.7667E-02
  2.0161E+02  5.4293E-01 -4.7802E-02
  2.0228E+02  5.4277E-01 -4.7937E-02
  2.0294E+02  5.4260E-01 -4.8070E-02
  2.0360E+02  5.4244E-01 -4.8202E-02
  2.0427E+02  5.4228E-01 -4.8333E-02
  2.0493E+02  5.4211E-01 -4.8464E-02
  2.0559E+02  5.4194E-01 -4.8594E-02
  2.0626E+02  5.4177E-01 -4.8724E-02
  2.0692E+02  5.4159E-01 -4.8855E-02
  2.0758E+02  5.4141E-01 -4.8987E-02
  2.0824E+02  5.4123E-01 -4.9118E-02
  2.0891E+02  5.4104E-01 -4.9250E-02
  2.0957E+02  5.4086E-01 -4.9381E-02
  2.1023E+02  5.4068E-01 -4.9512E-02
  2.1090E+02  5.4051E-01 -4.9643E-02
  2.1156E+02  5.4034E-01 -4.9774E-02
  2.1222E+02  5.4017E-01 -4.9904E-02
  2.1289E+02  5.4001E-01 -5.0035E-02
  2.1355E+02  5.3984E-01 -5.0164E-02
  2.1421E+02  5.3968E-01 -5.0294E-02
  2.1488E+02  5.3950E-01 -5.0423E-02
  2.1554E+02  5.3933E-01 -5.0553E-02
  2.1620E+02  5.3915E-01 -5.0682E-02
  2.1687E+02  5.3896E-01 -5.0812E-02
  2.1753E+02  5.3878E-01 -5.0942E-02
  2.1819E+02  5.3859E-01 -5.1072E-02
  2.1886E+02  5.3841E-01 -5.1203E-02
  2.1952E+02  5.3823E-01 -5.1335E-02
  2.2018E+02  5.3806E-01 -5.1467E-02
  2.2085E+02  5.3789E-01 -5.1599E-02
  2.2151E+02  5.3773E-01 -5.1732E-02
  2.2217E+02  5.3757E-01 -5.1864E-02
  2.2284E+02  5.3741E-01 -5.1995E-02
  2.2350E+02  5.3726E-01 -5.2125E-02
  2.2416E+02  5.3711E-01 -5.2254E-02
  2.2482E+02  5.3695E-01 -5.2383E-02
  2.2549E+02  5.3679E-01 -5.2511E-02
  2.2615E+02  5.3664E-01 -5.2638E-02
  2.2681E+02  5.3647E-01 -5.2765E-02
  2.2748E+02  5.3631E-01 -5.2892E-02
  2.2814E+02  5.3613E-01 -5.3018E-02
  2.2880E+02  5.3596E-01 -5.3143E-02
  2.2947E+02  5.3577E-01 -5.3269E-02
  2.3013E+02  5.3557E-01 -5.3394E-02
  2.3079E+02  5.3537E-01 -5.3521E-02
  2.3146E+02  5.3517E-01 -5.3647E-02
  2.3212E+02  5.3496E-01 -5.3774E-02
  2.3278E+02  5.3476E-01 -5.3902E-02
  2.3345E+02  5.3456E-01 -5.4030E-02
  2.3411E+02  5.3437E-01 -5.4158E-02
  2.3477E+02  5.3420E-01 -5.4286E-02
  2.3544E+02  5.3404E-01 -5.4415E-02
  2.3610E+02  5.3389E-01 -5.4544E-02
  2.3676E+02  5.3375E-01 -5.4674E-02
  2.3743E+02  5.3362E-01 -5.4804E-02
  2.3809E+02  5.3348E-01 -5.4933E-02
  2.3875E+02  5.3334E-01 -5.5062E-02
  2.3942E+02  5.3319E-01 -5.5189E-02
  2.4008E+02  5.3303E-01 -5.5315E-02
  2.4074E+02  5.3286E-01 -5.5441E-02
  2.4140E+02  5.3267E-01 -5.5566E-02
  2.4207E+02  5.3249E-01 -5.5693E-02
  2.4273E+02  5.3229E-01 -5.5819E-02
  2.4339E+02  5.3210E-01 -5.5945E-02
  2.4406E+02  5.3190E-01 -5.6071E-02
  2.4472E+02  5.3170E-01 -5.6195E-02
  2.4538E+02  5.3151E-01 -5.6318E-02
  2.4605E+02  5.3132E-01 -5.6441E-02
  2.4671E+02  5.3114E-01 -5.6563E-02
  2.4737E+02  5.3097E-01 -5.6686E-02
  2.4804E+02  5.3081E-01 -5.6811E-02
  2.4870E+02  5.3065E-01 -5.6937E-02
  2.4936E+02  5.3051E-01 -5.7063E-02
  2.5003E+02  5.3037E-01 -5.7190E-02
  2.5069E+02  5.3022E-01 -5.7316E-02
  2.5135E+02  5.3007E-01 -5.7441E-02
  2.5202E+02  5.2991E-01 -5.7565E-02
  2.5268E+02  5.2974E-01 -5.7688E-02
  2.5334E+02  5.2957E-01 -5.7811E-02
  2.5401E+02  5.2940E-01 -5.7936E-02
  2.5467E+02  5.2922E-01 -5.8063E-02
  2.5533E+02  5.2904E-01 -5.8191E-02
  2.5600E+02  5.2887E-01 -5.8320E-02
  2.5666E+02  5.2869E-01 -5.8448E-02
  2.5732E+02  5.2850E-01 -5.8575E-02
  2.5798E+02  5.2831E-01 -5.8700E-02
  2.5865E+02  5.2812E-01 -5.8824E-02
  2.5931E+02  5.2791E-01 -5.8946E-02
  2.5997E+02  5.2771E-01 -5.9067E-02
  2.6064E+02  5.2750E-01 -5.9189E-02
  2.6130E+02  5.2730E-01 -5.9310E-02
  2.6196E+02  5.2710E-01 -5.9432E-02
  2.6263E+02  5.2692E-01 -5.9554E-02
  2.6329E+02  5.2675E-01 -5.9675E-02
  2.6395E+02  5.2659E-01 -5.9794E-02
  2.6462E+02  5.2644E-01 -5.9913E-02
  2.6528E+02  5.2629E-01 -6.0031E-02
  2.6594E+02  5.2615E-01 -6.0150E-02
  2.6661E+02  5.2601E-01 -6.0270E-02
  2.6727E+02  5.2587E-01 -6.0392E-02
  2.6793E+02  5.2573E-01 -6.0517E-02
  2.6860E+02  5.2559E-01 -6.0643E-02
  2.6926E+02  5.2543E-01 -6.0770E-02
  2.6992E+02  5.2528E-01 -6.0897E-02
  2.7059E+02  5.2512E-01 -6.1022E-02
  2.7125E+02  5.2495E-01 -6.1146E-02
  2.7191E+02  5.2478E-01 -6.1269E-02
  2.7258E+02  5.2461E-01 -6.1390E-02
  2.7324E+02  5.2443E-01 -6.1511E-02
  2.7390E+02  5.2425E-01 -6.1632E-02
  2.7456E+02  5.2407E-01 -6.1755E-02
  2.7523E+02  5.2388E-01 -6.1879E-02
  2.7589E+02  5.2370E-01 -6.2005E-02
  2.7655E+02  5.2351E-01 -6.2130E-02
  2.7722E+02  5.2333E-01 -6.2253E-02
  2.7788E+02  5.2316E-01 -6.2375E-02
  2.7854E+02  5.2299E-01 -6.2494E-02
  2.7921E+02  5.2283E-01 -6.2611E-02
  2.7987E+02  5.2268E-01 -6.2729E-02
  2.8053E+02  5.2254E-01 -6.2846E-02
  2.8120E+02  5.2241E-01 -6.2965E-02
  2.8186E+02  5.2228E-01 -6.3085E-02
  2.8252E+02  5.2216E-01 -6.3207E-02
  2.8319E+02  5.2203E-01 -6.3328E-02
  2.8385E+02  5.2190E-01 -6.3449E-02
  2.8451E+02  5.2176E-01 -6.3567E-02
  2.8518E+02  5.2161E-01 -6.3684E-02
  2.8584E+02  5.2145E-01 -6.3798E-02
  2.8650E+02  5.2127E-01 -6.3912E-02
  2.8717E+02  5.2109E-01 -6.4025E-02
  2.8783E+02  5.2090E-01 -6.4140E-02
  2.8849E+02  5.2071E-01 -6.4256E-02
  2.8916E+02  5.2051E-01 -6.4375E-02
  2.8982E+02  5.2032E-01 -6.4497E-02
  2.9048E+02  5.2013E-01 -6.4622E-02
  2.9114E+02  5.1994E-01 -6.4748E-02
  2.9181E+02  5.1977E-01 -6.4874E-02
  2.9247E+02  5.1960E-01 -6.5001E-02
  2.9313E+02  5.1945E-01 -6.5126E-02
  2.9380E+02  5.1931E-01 -6.5250E-02
  2.9446E+02  5.1918E-01 -6.5373E-02
  2.9512E+02  5.1905E-01 -6.5496E-02
  2.9579E+02  5.1894E-01 -6.5618E-02
  2.9645E+02  5.1882E-01 -6.5741E-02
  2.9711E+02  5.1871E-01 -6.5863E-02
  2.9778E+02  5.1859E-01 -6.5983E-02
  2.9844E+02  5.1847E-01 -6.6101E-02
  2.9910E+02  5.1834E-01 -6.6217E-02
  2.9977E+02  5.1820E-01 -6.6330E-02
  3.0043E+02  5.1806E-01 -6.6440E-02
  3.0109E+02  5.1791E-01 -6.6548E-02
  3.0176E+02  5.1777E-01 -6.6655E-02
  3.0242E+02  5.1762E-01 -6.6762E-02
  3.0308E+02  5.1747E-01 -6.6870E-02
  3.0375E+02  5.1732E-01 -6.6979E-02
  3.0441E+02  5.1716E-01 -6.7090E-02
  3.0507E+02  5.1699E-01 -6.7204E-02
  3.0574E+02  5.1682E-01 -6.7319E-02
  3.0640E+02  5.1664E-01 -6.7437E-02
  3.0706E+02  5.1645E-01 -6.7555E-02
  3.0772E+02  5.1627E-01 -6.7674E-02
  3.0839E+02  5.1609E-01 -6.7794E-02
  3.0905E+02  5.1591E-01 -6.7916E-02
  3.0971E+02  5.1575E-01 -6.8040E-02
  3.1038E+02  5.1559E-01 -6.8165E-02
  3.1104E+02  5.1544E-01 -6.8292E-02
  3.1170E+02  5.1530E-01 -6.8419E-02
  3.1237E+02  5.1516E-01 -6.8547E-02
  3.1303E+02  5.1501E-01 -6.8674E-02
  3.1369E+02  5.1487E-01 -6.8798E-02
  3.1436E+02  5.1472E-01 -6.8920E-02
  3.1502E+02  5.1456E-01 -6.9038E-02
  3.1568E+02  5.1440E-01 -6.9152E-02
  3.1635E+02  5.1425E-01 -6.9264E-02
  3.1701E+02  5.1410E-01 -6.9374E-02
  3.1767E+02  5.1396E-01 -6.9482E-02
  3.1834E+02  5.1381E-01 -6.9590E-02
  3.1900E+02  5.1368E-01 -6.9697E-02
  3.1966E+02  5.1354E-01 -6.9805E-02
  3.2033E+02  5.1340E-01 -6.9912E-02
  3.2099E+02  5.1327E-01 -7.0020E-02
  3.2165E+02  5.1313E-01 -7.0128E-02
  3.2232E+02  5.1299E-01 -7.0236E-02
  3.2298E+02  5.1284E-01 -7.0343E-02
  3.2364E+02  5.1270E-01 -7.0451E-02
  3.2430E+02  5.1255E-01 -7.0558E-02
  3.2497E+02  5.1241E-01 -7.0666E-02
  3.2563E+02  5.1226E-01 -7.0776E-02
  3.2629E+02  5.1211E-01 -7.0890E-02
  3.2696E+02  5.1195E-01 -7.1007E-02
  3.2762E+02  5.1180E-01 -7.1128E-02
  3.2828E+02  5.1164E-01 -7.1252E-02
  3.2895E+02  5.1149E-01 -7.1378E-02
  3.2961E+02  5.1134E-01 -7.1504E-02
  3.3027E+02  5.1119E-01 -7.1631E-02
  3.3094E+02  5.1104E-01 -7.1756E-02
  3.3160E+02  5.1091E-01 -7.1879E-02
  3.3226E+02  5.1078E-01 -7.1998E-02
  3.3293E+02  5.1065E-01 -7.2115E-02
  3.3359E+02  5.1053E-01 -7.2229E-02
  3.3425E+02  5.1042E-01 -7.2340E-02
  3.3492E+02  5.1030E-01 -7.2450E-02
  3.3558E+02  5.1019E-01 -7.2559E-02
  3.3624E+02  5.1008E-01 -7.2668E-02
  3.3691E+02  5.0997E-01 -7.2776E-02
  3.3757E+02  5.0986E-01 -7.2885E-02
  3.3823E+02  5.0976E-01 -7.2993E-02
  3.3890E+02  5.0965E-01 -7.3101E-02
  3.3956E+02  5.0955E-01 -7.3207E-02
  3.4022E+02  5.0945E-01 -7.3311E-02
  3.4088E+02  5.0934E-01 -7.3414E-02
  3.4155E+02  5.0923E-01 -7.3516E-02
  3.4221E+02  5.0911E-01 -7.3619E-02
  3.4287E+02  5.0898E-01 -7.3722E-02
  3.4354E+02  5.0884E-01 -7.3829E-02
  3.4420E+02  5.0869E-01 -7.3938E-02
  3.4486E+02  5.0852E-01 -7.4050E-02
  3.4553E+02  5.0835E-01 -7.4165E-02
  3.4619E+02  5.0817E-01 -7.4282E-02
  3.4685E+02  5.0799E-01 -7.4401E-02
  3.4752E+02  5.0781E-01 -7.4520E-02
  3.4818E+02  5.0762E-01 -7.4639E-02
  3.4884E+02  5.0743E-01 -7.4757E-02
  3.4951E+02  5.0725E-01 -7.4872E-02
  3.5017E+02  5.0707E-01 -7.4986E-02
  3.5083E+02  5.0689E-01 -7.5098E-02
  3.5150E+02  5.0672E-01 -7.5210E-02
  3.5216E+02  5.0655E-01 -7.5321E-02
  3.5282E+02  5.0639E-01 -7.5433E-02
  3.5349E+02  5.0625E-01 -7.5546E-02
  3.5415E+02  5.0612E-01 -7.5660E-02
  3.5481E+02  5.0600E-01 -7.5775E-02
  3.5548E+02  5.0589E-01 -7.5892E-02
  3.5614E+02  5.0580E-01 -7.6009E-02
  3.5680E+02  5.0571E-01 -7.6124E-02
  3.5746E+02  5.0564E-01 -7.6238E-02
  3.5813E+02  5.0556E-01 -7.6348E-02
  3.5879E+02  5.0549E-01 -7.6456E-02
  3.5945E+02  5.0541E-01 -7.6561E-02
  3.6012E+02  5.0532E-01 -7.6664E-02
  3.6078E+02  5.0523E-01 -7.6766E-02
  3.6144E+02  5.0513E-01 -7.6868E-02
  3.6211E+02  5.0502E-01 -7.6971E-02
  3.6277E+02  5.0490E-01 -7.7076E-02
  3.6343E+02  5.0477E-01 -7.7183E-02
  3.6410E+02  5.0464E-01 -7.7291E-02
  3.6476E+02  5.0451E-01 -7.7399E-02
  3.6542E+02  5.0437E-01 -7.7506E-02
  3.6609E+02  5.0424E-01 -7.7612E-02
  3.6675E+02  5.0410E-01 -7.7716E-02
  3.6741E+02  5.0396E-01 -7.7818E-02
  3.6808E+02  5.0382E-01 -7.7919E-02
  3.6874E+02  5.0367E-01 -7.8019E-02
  3.6940E+02  5.0353E-01 -7.8119E-02
  3.7007E+02  5.0338E-01 -7.8221E-02
  3.7073E+02  5.0323E-01 -7.8323E-02
  3.7139E+02  5.0308E-01 -7.8427E-02
  3.7206E+02  5.0294E-01 -7.8533E-02
  3.7272E+02  5.0280E-01 -7.8642E-02
  3.7338E+02  5.0267E-01 -7.8753E-02
  3.7404E+02  5.0255E-01 -7.8867E-02
  3.7471E+02  5.0243E-01 -7.8984E-02
  3.7537E+02  5.0232E-01 -7.9102E-02
  3.7603E+02  5.0222E-01 -7.9221E-02
  3.7670E+02  5.0213E-01 -7.9340E-02
  3.7736E+02  5.0204E-01 -7.9458E-02
  3.7802E+02  5.0195E-01 -7.9574E-02
  3.7869E+02  5.0186E-01 -7.9689E-02
  3.7935E+02  5.0178E-01 -7.9804E-02
  3.8001E+02  5.0169E-01 -7.9918E-02
  3.8068E+02  5.0160E-01 -8.0033E-02
  3.8134E+02  5.0150E-01 -8.0148E-02
  3.8200E+02  5.0140E-01 -8.0263E-02
  3.8267E+02  5.0128E-01 -8.0377E-02
  3.8333E+02  5.0116E-01 -8.0490E-02
  3.8399E+02  5.0103E-01 -8.0600E-02
  3.8466E+02  5.0089E-01 -8.0707E-02
  3.8532E+02  5.0074E-01 -8.0811E-02
  3.8598E+02  5.0059E-01 -8.0913E-02
  3.8665E+02  5.0044E-01 -8.1012E-02
  3.8731E+02  5.0029E-01 -8.1109E-02
  3.8797E+02  5.0014E-01 -8.1204E-02
  3.8864E+02  4.9999E-01 -8.1298E-02
  3.8930E+02  4.9984E-01 -8.1391E-02
  3.8996E+02  4.9969E-01 -8.1482E-02
  3.9062E+02  4.9954E-01 -8.1574E-02
  3.9129E+02  4.9939E-01 -8.1667E-02
  3.9195E+02  4.9923E-01 -8.1762E-02
  3.9261E+02  4.9908E-01 -8.1859E-02
  3.9328E+02  4.9893E-01 -8.1959E-02
  3.9394E+02  4.9878E-01 -8.2063E-02
  3.9460E+02  4.9863E-01 -8.2169E-02
  3.9527E+02  4.9848E-01 -8.2277E-02
  3.9593E+02  4.9834E-01 -8.2386E-02
  3.9659E+02  4.9821E-01 -8.2496E-02
  3.9726E+02  4.9809E-01 -8.2605E-02
  3.9792E+02  4.9797E-01 -8.2715E-02
  3.9858E+02  4.9786E-01 -8.2824E-02
  3.9925E+02  4.9775E-01 -8.2934E-02
  3.9991E+02  4.9765E-01 -8.3046E-02
  4.0057E+02  4.9755E-01 -8.3158E-02
  4.0124E+02  4.9745E-01 -8.3272E-02
  4.0190E+02  4.9734E-01 -8.3387E-02
  4.0256E+02  4.9723E-01 -8.3500E-02
  4.0323E+02  4.9711E-01 -8.3612E-02
  4.0389E+02  4.9699E-01 -8.3722E-02
  4.0455E+02  4.9686E-01 -8.3829E-02
  4.0522E+02  4.9673E-01 -8.3933E-02
  4.0588E+02  4.9659E-01 -8.4035E-02
  4.0654E+02  4.9646E-01 -8.4137E-02
  4.0720E+02  4.9633E-01 -8.4237E-02
  4.0787E+02  4.9620E-01 -8.4336E-02
  4.0853E+02  4.9608E-01 -8.4434E-02
  4.0919E+02  4.9595E-01 -8.4531E-02
  4.0986E+02  4.9583E-01 -8.4626E-02
  4.1052E+02  4.9571E-01 -8.4720E-02
  4.1118E+02  4.9559E-01 -8.4812E-02
  4.1185E+02  4.9547E-01 -8.4905E-02
  4.1251E+02  4.9535E-01 -8.4998E-02
  4.1317E+02  4.9524E-01 -8.5091E-02
  4.1384E+02  4.9512E-01 -8.5187E-02
  4.1450E+02  4.9501E-01 -8.5284E-02
  4.1516E+02  4.9490E-01 -8.5383E-02
  4.1583E+02  4.9479E-01 -8.5483E-02
  4.1649E+02  4.9468E-01 -8.5585E-02
  4.1715E+02  4.9458E-01 -8.5687E-02
  4.1782E+02  4.9448E-01 -8.5789E-02
  4.1848E+02  4.9438E-01 -8.5892E-02
  4.1914E+02  4.9429E-01 -8.5996E-02
  4.1981E+02  4.9420E-01 -8.6102E-02
  4.2047E+02  4.9411E-01 -8.6209E-02
  4.2113E+02  4.9402E-01 -8.6319E-02
  4.2180E+02  4.9393E-01 -8.6430E-02
  4.2246E+02  4.9384E-01 -8.6544E-02
  4.2312E+02  4.9374E-01 -8.6658E-02
  4.2378E+02  4.9363E-01 -8.6773E-02
  4.2445E+02  4.9351E-01 -8.6886E-02
  4.2511E+02  4.9339E-01 -8.6998E-02
  4.2577E+02  4.9325E-01 -8.7108E-02
  4.2644E+02  4.9311E-01 -8.7217E-02
  4.2710E+02  4.9296E-01 -8.7324E-02
  4.2776E+02  4.9281E-01 -8.7429E-02
  4.2843E+02  4.9265E-01 -8.7534E-02
  4.2909E+02  4.9249E-01 -8.7636E-02
  4.2975E+02  4.9233E-01 -8.7737E-02
  4.3042E+02  4.9217E-01 -8.7836E-02
  4.3108E+02  4.9201E-01 -8.7932E-02
  4.3174E+02  4.9185E-01 -8.8028E-02
  4.3241E+02  4.9170E-01 -8.8121E-02
  4.3307E+02  4.9155E-01 -8.8213E-02
  4.3373E+02  4.9140E-01 -8.8304E-02
  4.3440E+02  4.9125E-01 -8.8396E-02
  4.3506E+02  4.9111E-01 -8.8487E-02
  4.3572E+02  4.9096E-01 -8.8578E-02
  4.3639E+02  4.9082E-01 -8.8669E-02
  4.3705E+02  4.9068E-01 -8.8759E-02
  4.3771E+02  4.9055E-01 -8.8850E-02
  4.3838E+02  4.9043E-01 -8.8940E-02
  4.3904E+02  4.9033E-01 -8.9030E-02
  4.3970E+02  4.9023E-01 -8.9122E-02
  4.4036E+02  4.9016E-01 -8.9214E-02
  4.4103E+02  4.9009E-01 -8.9306E-02
  4.4169E+02  4.9004E-01 -8.9400E-02
  4.4235E+02  4.9000E-01 -8.9495E-02
  4.4302E+02  4.8997E-01 -8.9591E-02
  4.4368E+02  4.8994E-01 -8.9688E-02
  4.4434E+02  4.8990E-01 -8.9787E-02
  4.4501E+02  4.8987E-01 -8.9887E-02
  4.4567E+02  4.8983E-01 -8.9988E-02
  4.4633E+02  4.8977E-01 -9.0090E-02
  4.4700E+02  4.8971E-01 -9.0193E-02
  4.4766E+02  4.8963E-01 -9.0296E-02
  4.4832E+02  4.8954E-01 -9.0400E-02
  4.4899E+02  4.8943E-01 -9.0504E-02
  4.4965E+02  4.8931E-01 -9.0610E-02
  4.5031E+02  4.8918E-01 -9.0715E-02
  4.5098E+02  4.8903E-01 -9.0820E-02
  4.5164E+02  4.8888E-01 -9.0924E-02
  4.5230E+02  4.8871E-01 -9.1027E-02
  4.5297E+02  4.8854E-01 -9.1129E-02
  4.5363E+02  4.8837E-01 -9.1230E-02
  4.5429E+02  4.8819E-01 -9.1329E-02
  4.5496E+02  4.8801E-01 -9.1427E-02
  4.5562E+02  4.8783E-01 -9.1525E-02
  4.5628E+02  4.8764E-01 -9.1622E-02
  4.5694E+02  4.8746E-01 -9.1719E-02
  4.5761E+02  4.8727E-01 -9.1817E-02
  4.5827E+02  4.8708E-01 -9.1916E-02
  4.5893E+02  4.8690E-01 -9.2016E-02
  4.5960E+02  4.8672E-01 -9.2117E-02
  4.6026E+02  4.8655E-01 -9.2219E-02
  4.6092E+02  4.8638E-01 -9.2320E-02
  4.6159E+02  4.8624E-01 -9.2420E-02
  4.6225E+02  4.8611E-01 -9.2518E-02
  4.6291E+02  4.8600E-01 -9.2615E-02
  4.6358E+02  4.8592E-01 -9.2709E-02
  4.6424E+02  4.8586E-01 -9.2802E-02
  4.6490E+02  4.8583E-01 -9.2893E-02
  4.6557E+02  4.8582E-01 -9.2984E-02
  4.6623E+02  4.8582E-01 -9.3074E-02
  4.6689E+02  4.8585E-01 -9.3166E-02
  4.6756E+02  4.8588E-01 -9.3258E-02
  4.6822E+02  4.8591E-01 -9.3352E-02
  4.6888E+02  4.8595E-01 -9.3447E-02
  4.6955E+02  4.8597E-01 -9.3543E-02
  4.7021E+02  4.8598E-01 -9.3639E-02
  4.7087E+02  4.8598E-01 -9.3735E-02
  4.7154E+02  4.8597E-01 -9.3829E-02
  4.7220E+02  4.8594E-01 -9.3923E-02
  4.7286E+02  4.8590E-01 -9.4017E-02
  4.7352E+02  4.8584E-01 -9.4110E-02
  4.7419E+02  4.8576E-01 -9.4202E-02
  4.7485E+02  4.8566E-01 -9.4295E-02
  4.7551E+02  4.8555E-01 -9.4389E-02
  4.7618E+02  4.8541E-01 -9.4485E-02
  4.7684E+02  4.8526E-01 -9.4580E-02
  4.7750E+02  4.8509E-01 -9.4676E-02
  4.7817E+02  4.8490E-01 -9.4772E-02
  4.7883E+02  4.8470E-01 -9.4866E-02
  4.7949E+02  4.8449E-01 -9.4960E-02
  4.8016E+02  4.8427E-01 -9.5053E-02
  4.8082E+02  4.8403E-01 -9.5145E-02
  4.8148E+02  4.8379E-01 -9.5238E-02
  4.8215E+02  4.8353E-01 -9.5333E-02
  4.8281E+02  4.8327E-01 -9.5430E-02
  4.8347E+02  4.8300E-01 -9.5529E-02
  4.8414E+02  4.8273E-01 -9.5630E-02
  4.8480E+02  4.8246E-01 -9.5732E-02
  4.8546E+02  4.8221E-01 -9.5835E-02
  4.8613E+02  4.8196E-01 -9.5937E-02
  4.8679E+02  4.8174E-01 -9.6037E-02
  4.8745E+02  4.8154E-01 -9.6134E-02
  4.8812E+02  4.8136E-01 -9.6228E-02
  4.8878E+02  4.8120E-01 -9.6319E-02
  4.8944E+02  4.8108E-01 -9.6407E-02
  4.9010E+02  4.8097E-01 -9.6494E-02
  4.9077E+02  4.8090E-01 -9.6580E-02
  4.9143E+02  4.8084E-01 -9.6667E-02
  4.9209E+02  4.8080E-01 -9.6754E-02
  4.9276E+02  4.8078E-01 -9.6842E-02
  4.9342E+02  4.8077E-01 -9.6932E-02
  4.9408E+02  4.8077E-01 -9.7022E-02
  4.9475E+02  4.8078E-01 -9.7114E-02
  4.9541E+02  4.8080E-01 -9.7206E-02
  4.9607E+02  4.8083E-01 -9.7298E-02
  4.9674E+02  4.8086E-01 -9.7390E-02
  4.9740E+02  4.8089E-01 -9.7482E-02
  4.9806E+02  4.8091E-01 -9.7572E-02
  4.9873E+02  4.8092E-01 -9.7662E-02
  4.9939E+02  4.8091E-01 -9.7751E-02
  5.0005E+02  4.8089E-01 -9.7839E-02
  5.0072E+02  4.8085E-01 -9.7928E-02
  5.0138E+02  4.8080E-01 -9.8018E-02
  5.0204E+02  4.8072E-01 -9.8107E-02
  5.0271E+02  4.8063E-01 -9.8196E-02
  5.0337E+02  4.8053E-01 -9.8285E-02
  5.0403E+02  4.8041E-01 -9.8373E-02
  5.0470E+02  4.8028E-01 -9.8461E-02
  5.0536E+02  4.8015E-01 -9.8549E-02
  5.0602E+02  4.8000E-01 -9.8637E-02
  5.0668E+02  4.7985E-01 -9.8725E-02
  5.0735E+02  4.7969E-01 -9.8814E-02
  5.0801E+02  4.7952E-01 -9.8904E-02
  5.0867E+02  4.7935E-01 -9.8995E-02
  5.0934E+02  4.7918E-01 -9.9088E-02
  5.1000E+02  4.7901E-01 -9.9181E-02
  5.1066E+02  4.7885E-01 -9.9274E-02
  5.1133E+02  4.7869E-01 -9.9368E-02
  5.1199E+02  4.7854E-01 -9.9460E-02
  5.1265E+02  4.7840E-01 -9.9551E-02
  5.1332E+02  4.7826E-01 -9.9641E-02
  5.1398E+02  4.7813E-01 -9.9729E-02
  5.1464E+02  4.7800E-01 -9.9815E-02
  5.1531E+02  4.7787E-01 -9.9900E-02
  5.1597E+02  4.7774E-01 -9.9985E-02
  5.1663E+02  4.7761E-01 -1.0007E-01
  5.1730E+02  4.7749E-01 -1.0016E-01
  5.1796E+02  4.7737E-01 -1.0024E-01
  5.1862E+02  4.7726E-01 -1.0033E-01
  5.1929E+02  4.7716E-01 -1.0042E-01
  5.1995E+02  4.7707E-01 -1.0052E-01
  5.2061E+02  4.7699E-01 -1.0061E-01
  5.2128E+02  4.7691E-01 -1.0071E-01
  5.2194E+02  4.7683E-01 -1.0080E-01
  5.2260E+02  4.7675E-01 -1.0090E-01
  5.2326E+02  4.7666E-01 -1.0100E-01
  5.2393E+02  4.7657E-01 -1.0109E-01
  5.2459E+02  4.7646E-01 -1.0119E-01
  5.2525E+02  4.7634E-01 -1.0128E-01
  5.2592E+02  4.7621E-01 -1.0137E-01
  5.2658E+02  4.7606E-01 -1.0146E-01
  5.2724E+02  4.7589E-01 -1.0155E-01
  5.2791E+02  4.7572E-01 -1.0164E-01
  5.2857E+02  4.7552E-01 -1.0173E-01
  5.2923E+02  4.7532E-01 -1.0182E-01
  5.2990E+02  4.7511E-01 -1.0191E-01
  5.3056E+02  4.7488E-01 -1.0200E-01
  5.3122E+02  4.7466E-01 -1.0209E-01
  5.3189E+02  4.7443E-01 -1.0218E-01
  5.3255E+02  4.7421E-01 -1.0227E-01
  5.3321E+02  4.7400E-01 -1.0236E-01
  5.3388E+02  4.7379E-01 -1.0245E-01
  5.3454E+02  4.7361E-01 -1.0254E-01
  5.3520E+02  4.7343E-01 -1.0263E-01
  5.3587E+02  4.7328E-01 -1.0271E-01
  5.3653E+02  4.7315E-01 -1.0280E-01
  5.3719E+02  4.7303E-01 -1.0289E-01
  5.3786E+02  4.7294E-01 -1.0298E-01
  5.3852E+02  4.7287E-01 -1.0307E-01
  5.3918E+02  4.7281E-01 -1.0315E-01
  5.3984E+02  4.7278E-01 -1.0324E-01
  5.4051E+02  4.7277E-01 -1.0332E-01
  5.4117E+02  4.7278E-01 -1.0341E-01
  5.4183E+02  4.7281E-01 -1.0349E-01
  5.4250E+02  4.7285E-01 -1.0358E-01
  5.4316E+02  4.7292E-01 -1.0366E-01
  5.4382E+02  4.7300E-01 -1.0374E-01
  5.4449E+02  4.7309E-01 -1.0383E-01
  5.4515E+02  4.7320E-01 -1.0391E-01
  5.4581E+02  4.7331E-01 -1.0400E-01
  5.4648E+02  4.7342E-01 -1.0408E-01
  5.4714E+02  4.7352E-01 -1.0416E-01
  5.4780E+02  4.7360E-01 -1.0425E-01
  5.4847E+02  4.7367E-01 -1.0434E-01
  5.4913E+02  4.7372E-01 -1.0442E-01
  5.4979E+02  4.7374E-01 -1.0451E-01
  5.5046E+02  4.7373E-01 -1.0460E-01
  5.5112E+02  4.7369E-01 -1.0468E-01
  5.5178E+02  4.7361E-01 -1.0477E-01
  5.5245E+02  4.7350E-01 -1.0485E-01
  5.5311E+02  4.7335E-01 -1.0494E-01
  5.5377E+02  4.7317E-01 -1.0502E-01
  5.5444E+02  4.7295E-01 -1.0510E-01
  5.5510E+02  4.7269E-01 -1.0518E-01
  5.5576E+02  4.7241E-01 -1.0526E-01
  5.5642E+02  4.7209E-01 -1.0534E-01
  5.5709E+02  4.7175E-01 -1.0542E-01
  5.5775E+02  4.7138E-01 -1.0550E-01
  5.5841E+02  4.7098E-01 -1.0558E-01
  5.5908E+02  4.7058E-01 -1.0566E-01
  5.5974E+02  4.7017E-01 -1.0575E-01
  5.6040E+02  4.6975E-01 -1.0583E-01
  5.6107E+02  4.6934E-01 -1.0591E-01
  5.6173E+02  4.6894E-01 -1.0599E-01
  5.6239E+02  4.6856E-01 -1.0607E-01
  5.6306E+02  4.6819E-01 -1.0615E-01
  5.6372E+02  4.6784E-01 -1.0623E-01
  5.6438E+02  4.6751E-01 -1.0631E-01
  5.6505E+02  4.6721E-01 -1.0639E-01
  5.6571E+02  4.6692E-01 -1.0648E-01
  5.6637E+02  4.6666E-01 -1.0656E-01
  5.6704E+02  4.6643E-01 -1.0664E-01
  5.6770E+02  4.6623E-01 -1.0672E-01
  5.6836E+02  4.6607E-01 -1.0680E-01
  5.6903E+02  4.6596E-01 -1.0689E-01
  5.6969E+02  4.6588E-01 -1.0698E-01
  5.7035E+02  4.6586E-01 -1.0706E-01
  5.7102E+02  4.6588E-01 -1.0715E-01
  5.7168E+02  4.6595E-01 -1.0724E-01
  5.7234E+02  4.6606E-01 -1.0732E-01
  5.7300E+02  4.6621E-01 -1.0741E-01
  5.7367E+02  4.6639E-01 -1.0749E-01
  5.7433E+02  4.6660E-01 -1.0758E-01
  5.7499E+02  4.6683E-01 -1.0766E-01
  5.7566E+02  4.6707E-01 -1.0774E-01
  5.7632E+02  4.6732E-01 -1.0782E-01
  5.7698E+02  4.6758E-01 -1.0790E-01
  5.7765E+02  4.6783E-01 -1.0798E-01
  5.7831E+02  4.6808E-01 -1.0806E-01
  5.7897E+02  4.6831E-01 -1.0814E-01
  5.7964E+02  4.6852E-01 -1.0822E-01
  5.8030E+02  4.6872E-01 -1.0831E-01
  5.8096E+02  4.6888E-01 -1.0839E-01
  5.8163E+02  4.6902E-01 -1.0847E-01
  5.8229E+02  4.6912E-01 -1.0856E-01
  5.8295E+02  4.6919E-01 -1.0864E-01
  5.8362E+02  4.6921E-01 -1.0873E-01
  5.8428E+02  4.6920E-01 -1.0882E-01
  5.8494E+02  4.6914E-01 -1.0890E-01
  5.8561E+02  4.6904E-01 -1.0899E-01
  5.8627E+02  4.6890E-01 -1.0908E-01
  5.8693E+02  4.6871E-01 -1.0917E-01
  5.8760E+02  4.6848E-01 -1.0925E-01
  5.8826E+02  4.6821E-01 -1.0934E-01
  5.8892E+02  4.6791E-01 -1.0942E-01
  5.8958E+02  4.6756E-01 -1.0951E-01
  5.9025E+02  4.6719E-01 -1.0959E-01
  5.9091E+02  4.6679E-01 -1.0967E-01
  5.9157E+02  4.6637E-01 -1.0975E-01
  5.9224E+02  4.6592E-01 -1.0983E-01
  5.9290E+02  4.6547E-01 -1.0991E-01
  5.9356E+02  4.6499E-01 -1.0999E-01
  5.9423E+02  4.6451E-01 -1.1007E-01
  5.9489E+02  4.6402E-01 -1.1015E-01
  5.9555E+02  4.6353E-01 -1.1023E-01
  5.9622E+02  4.6304E-01 -1.1031E-01
  5.9688E+02  4.6256E-01 -1.1039E-01
  5.9754E+02  4.6209E-01 -1.1047E-01
  5.9821E+02  4.6165E-01 -1.1055E-01
  5.9887E+02  4.6125E-01 -1.1063E-01
  5.9953E+02  4.6088E-01 -1.1072E-01
  6.0020E+02  4.6056E-01 -1.1080E-01
  6.0086E+02  4.6028E-01 -1.1088E-01
  6.0152E+02  4.6006E-01 -1.1096E-01
  6.0219E+02  4.5989E-01 -1.1104E-01
  6.0285E+02  4.5977E-01 -1.1112E-01
  6.0351E+02  4.5969E-01 -1.1120E-01
  6.0418E+02  4.5967E-01 -1.1128E-01
  6.0484E+02  4.5968E-01 -1.1136E-01
  6.0550E+02  4.5973E-01 -1.1144E-01
  6.0616E+02  4.5982E-01 -1.1151E-01
  6.0683E+02  4.5994E-01 -1.1159E-01
  6.0749E+02  4.6008E-01 -1.1166E-01
  6.0815E+02  4.6025E-01 -1.1174E-01
  6.0882E+02  4.6045E-01 -1.1181E-01
  6.0948E+02  4.6066E-01 -1.1189E-01
  6.1014E+02  4.6088E-01 -1.1197E-01
  6.1081E+02  4.6111E-01 -1.1204E-01
  6.1147E+02  4.6134E-01 -1.1212E-01
  6.1213E+02  4.6157E-01 -1.1220E-01
  6.1280E+02  4.6179E-01 -1.1228E-01
  6.1346E+02  4.6200E-01 -1.1236E-01
  6.1412E+02  4.6219E-01 -1.1244E-01
  6.1479E+02  4.6236E-01 -1.1252E-01
  6.1545E+02  4.6252E-01 -1.1260E-01
  6.1611E+02  4.6264E-01 -1.1268E-01
  6.1678E+02  4.6275E-01 -1.1276E-01
  6.1744E+02  4.6282E-01 -1.1285E-01
  6.1810E+02  4.6287E-01 -1.1293E-01
  6.1877E+02  4.6289E-01 -1.1301E-01
  6.1943E+02  4.6289E-01 -1.1309E-01
  6.2009E+02  4.6285E-01 -1.1317E-01
  6.2076E+02  4.6279E-01 -1.1325E-01
  6.2142E+02  4.6270E-01 -1.1333E-01
  6.2208E+02  4.6258E-01 -1.1341E-01
  6.2274E+02  4.6243E-01 -1.1348E-01
  6.2341E+02  4.6225E-01 -1.1356E-01
  6.2407E+02  4.6204E-01 -1.1364E-01
  6.2473E+02  4.6180E-01 -1.1372E-01
  6.2540E+02  4.6153E-01 -1.1380E-01
  6.2606E+02  4.6123E-01 -1.1388E-01
  6.2672E+02  4.6091E-01 -1.1396E-01
  6.2739E+02  4.6056E-01 -1.1404E-01
  6.2805E+02  4.6020E-01 -1.1412E-01
  6.2871E+02  4.5981E-01 -1.1420E-01
  6.2938E+02  4.5941E-01 -1.1427E-01
  6.3004E+02  4.5901E-01 -1.1435E-01
  6.3070E+02  4.5860E-01 -1.1442E-01
  6.3137E+02  4.5819E-01 -1.1449E-01
  6.3203E+02  4.5778E-01 -1.1457E-01
  6.3269E+02  4.5738E-01 -1.1464E-01
  6.3336E+02  4.5699E-01 -1.1471E-01
  6.3402E+02  4.5661E-01 -1.1478E-01
  6.3468E+02  4.5625E-01 -1.1484E-01
  6.3535E+02  4.5590E-01 -1.1491E-01
  6.3601E+02  4.5557E-01 -1.1497E-01
  6.3667E+02  4.5526E-01 -1.1504E-01
  6.3734E+02  4.5498E-01 -1.1510E-01
  6.3800E+02  4.5472E-01 -1.1516E-01
  6.3866E+02  4.5449E-01 -1.1522E-01
  6.3932E+02  4.5429E-01 -1.1529E-01
  6.3999E+02  4.5412E-01 -1.1535E-01
  6.4065E+02  4.5398E-01 -1.1542E-01
  6.4131E+02  4.5387E-01 -1.1549E-01
  6.4198E+02  4.5379E-01 -1.1557E-01
  6.4264E+02  4.5373E-01 -1.1564E-01
  6.4330E+02  4.5369E-01 -1.1571E-01
  6.4397E+02  4.5367E-01 -1.1579E-01
  6.4463E+02  4.5367E-01 -1.1587E-01
  6.4529E+02  4.5368E-01 -1.1594E-01
  6.4596E+02  4.5370E-01 -1.1602E-01
  6.4662E+02  4.5373E-01 -1.1609E-01
  6.4728E+02  4.5377E-01 -1.1617E-01
  6.4795E+02  4.5382E-01 -1.1624E-01
  6.4861E+02  4.5388E-01 -1.1632E-01
  6.4927E+02  4.5394E-01 -1.1640E-01
  6.4994E+02  4.5401E-01 -1.1647E-01
  6.5060E+02  4.5408E-01 -1.1655E-01
  6.5126E+02  4.5415E-01 -1.1662E-01
  6.5193E+02  4.5423E-01 -1.1670E-01
  6.5259E+02  4.5430E-01 -1.1677E-01
  6.5325E+02  4.5436E-01 -1.1684E-01
  6.5392E+02  4.5443E-01 -1.1692E-01
  6.5458E+02  4.5448E-01 -1.1699E-01
  6.5524E+02  4.5453E-01 -1.1706E-01
  6.5590E+02  4.5458E-01 -1.1713E-01
  6.5657E+02  4.5461E-01 -1.1720E-01
  6.5723E+02  4.5465E-01 -1.1727E-01
  6.5789E+02  4.5467E-01 -1.1735E-01
  6.5856E+02  4.5469E-01 -1.1743E-01
  6.5922E+02  4.5469E-01 -1.1750E-01
  6.5988E+02  4.5469E-01 -1.1758E-01
  6.6055E+02  4.5467E-01 -1.1766E-01
  6.6121E+02  4.5464E-01 -1.1774E-01
  6.6187E+02  4.5460E-01 -1.1781E-01
  6.6254E+02  4.5455E-01 -1.1789E-01
  6.6320E+02  4.5448E-01 -1.1797E-01
  6.6386E+02  4.5439E-01 -1.1804E-01
  6.6453E+02  4.5429E-01 -1.1812E-01
  6.6519E+02  4.5418E-01 -1.1819E-01
  6.6585E+02  4.5404E-01 -1.1827E-01
  6.6652E+02  4.5389E-01 -1.1834E-01
  6.6718E+02  4.5372E-01 -1.1841E-01
  6.6784E+02  4.5353E-01 -1.1848E-01
  6.6851E+02  4.5332E-01 -1.1855E-01
  6.6917E+02  4.5310E-01 -1.1862E-01
  6.6983E+02  4.5288E-01 -1.1870E-01
  6.7050E+02  4.5264E-01 -1.1877E-01
  6.7116E+02  4.5239E-01 -1.1884E-01
  6.7182E+02  4.5215E-01 -1.1891E-01
  6.7248E+02  4.5190E-01 -1.1898E-01
  6.7315E+02  4.5164E-01 -1.1905E-01
  6.7381E+02  4.5139E-01 -1.1912E-01
  6.7447E+02  4.5114E-01 -1.1920E-01
  6.7514E+02  4.5088E-01 -1.1927E-01
  6.7580E+02  4.5063E-01 -1.1934E-01
  6.7646E+02  4.5038E-01 -1.1941E-01
  6.7713E+02  4.5012E-01 -1.1949E-01
  6.7779E+02  4.4988E-01 -1.1956E-01
  6.7845E+02  4.4964E-01 -1.1963E-01
  6.7912E+02  4.4940E-01 -1.1970E-01
  6.7978E+02  4.4918E-01 -1.1977E-01
  6.8044E+02  4.4897E-01 -1.1984E-01
  6.8111E+02  4.4877E-01 -1.1991E-01
  6.8177E+02  4.4858E-01 -1.1998E-01
  6.8243E+02  4.4840E-01 -1.2005E-01
  6.8310E+02  4.4823E-01 -1.2012E-01
  6.8376E+02  4.4808E-01 -1.2018E-01
  6.8442E+02  4.4793E-01 -1.2025E-01
  6.8509E+02  4.4778E-01 -1.2032E-01
  6.8575E+02  4.4765E-01 -1.2039E-01
  6.8641E+02  4.4752E-01 -1.2046E-01
  6.8708E+02  4.4740E-01 -1.2053E-01
  6.8774E+02  4.4729E-01 -1.2061E-01
  6.8840E+02  4.4718E-01 -1.2068E-01
  6.8906E+02  4.4708E-01 -1.2075E-01
  6.8973E+02  4.4699E-01 -1.2083E-01
  6.9039E+02  4.4690E-01 -1.2090E-01
  6.9105E+02  4.4683E-01 -1.2097E-01
  6.9172E+02  4.4677E-01 -1.2104E-01
  6.9238E+02  4.4671E-01 -1.2112E-01
  6.9304E+02  4.4667E-01 -1.2119E-01
  6.9371E+02  4.4663E-01 -1.2126E-01
  6.9437E+02  4.4661E-01 -1.2134E-01
  6.9503E+02  4.4659E-01 -1.2141E-01
  6.9570E+02  4.4658E-01 -1.2148E-01
  6.9636E+02  4.4657E-01 -1.2155E-01
  6.9702E+02  4.4657E-01 -1.2163E-01
  6.9769E+02  4.4657E-01 -1.2170E-01
  6.9835E+02  4.4657E-01 -1.2177E-01
  6.9901E+02  4.4658E-01 -1.2184E-01
  6.9968E+02  4.4658E-01 -1.2191E-01
  7.0034E+02  4.4658E-01 -1.2198E-01
  7.0100E+02  4.4658E-01 -1.2205E-01
  7.0167E+02  4.4658E-01 -1.2212E-01
  7.0233E+02  4.4657E-01 -1.2218E-01
  7.0299E+02  4.4656E-01 -1.2225E-01
  7.0366E+02  4.4655E-01 -1.2231E-01
  7.0432E+02  4.4653E-01 -1.2238E-01
  7.0498E+02  4.4651E-01 -1.2244E-01
  7.0564E+02  4.4648E-01 -1.2251E-01
  7.0631E+02  4.4645E-01 -1.2257E-01
  7.0697E+02  4.4642E-01 -1.2264E-01
  7.0763E+02  4.4637E-01 -1.2270E-01
  7.0830E+02  4.4632E-01 -1.2277E-01
  7.0896E+02  4.4626E-01 -1.2283E-01
  7.0962E+02  4.4619E-01 -1.2290E-01
  7.1029E+02  4.4611E-01 -1.2297E-01
  7.1095E+02  4.4603E-01 -1.2303E-01
  7.1161E+02  4.4593E-01 -1.2310E-01
  7.1228E+02  4.4582E-01 -1.2316E-01
  7.1294E+02  4.4571E-01 -1.2323E-01
  7.1360E+02  4.4559E-01 -1.2329E-01
  7.1427E+02  4.4547E-01 -1.2336E-01
  7.1493E+02  4.4533E-01 -1.2342E-01
  7.1559E+02  4.4520E-01 -1.2349E-01
  7.1626E+02  4.4505E-01 -1.2355E-01
  7.1692E+02  4.4490E-01 -1.2362E-01
  7.1758E+02  4.4473E-01 -1.2368E-01
  7.1825E+02  4.4456E-01 -1.2374E-01
  7.1891E+02  4.4437E-01 -1.2381E-01
  7.1957E+02  4.4418E-01 -1.2387E-01
  7.2024E+02  4.4398E-01 -1.2393E-01
  7.2090E+02  4.4378E-01 -1.2400E-01
  7.2156E+02  4.4357E-01 -1.2407E-01
  7.2222E+02  4.4336E-01 -1.2413E-01
  7.2289E+02  4.4316E-01 -1.2420E-01
  7.2355E+02  4.4296E-01 -1.2427E-01
  7.2421E+02  4.4276E-01 -1.2433E-01
  7.2488E+02  4.4256E-01 -1.2440E-01
  7.2554E+02  4.4238E-01 -1.2446E-01
  7.2620E+02  4.4219E-01 -1.2452E-01
  7.2687E+02  4.4200E-01 -1.2459E-01
  7.2753E+02  4.4181E-01 -1.2465E-01
  7.2819E+02  4.4162E-01 -1.2472E-01
  7.2886E+02  4.4143E-01 -1.2478E-01
  7.2952E+02  4.4125E-01 -1.2485E-01
  7.3018E+02  4.4106E-01 -1.2491E-01
  7.3085E+02  4.4088E-01 -1.2498E-01
  7.3151E+02  4.4072E-01 -1.2504E-01
  7.3217E+02  4.4056E-01 -1.2510E-01
  7.3284E+02  4.4042E-01 -1.2517E-01
  7.3350E+02  4.4030E-01 -1.2523E-01
  7.3416E+02  4.4019E-01 -1.2529E-01
  7.3483E+02  4.4009E-01 -1.2535E-01
  7.3549E+02  4.4001E-01 -1.2541E-01
  7.3615E+02  4.3994E-01 -1.2547E-01
  7.3682E+02  4.3987E-01 -1.2553E-01
  7.3748E+02  4.3982E-01 -1.2559E-01
  7.3814E+02  4.3976E-01 -1.2565E-01
  7.3880E+02  4.3971E-01 -1.2571E-01
  7.3947E+02  4.3967E-01 -1.2577E-01
  7.4013E+02  4.3962E-01 -1.2584E-01
  7.4079E+02  4.3957E-01 -1.2590E-01
  7.4146E+02  4.3951E-01 -1.2596E-01
  7.4212E+02  4.3945E-01 -1.2602E-01
  7.4278E+02  4.3939E-01 -1.2608E-01
  7.4345E+02  4.3931E-01 -1.2614E-01
  7.4411E+02  4.3922E-01 -1.2620E-01
  7.4477E+02  4.3912E-01 -1.2626E-01
  7.4544E+02  4.3901E-01 -1.2633E-01
  7.4610E+02  4.3888E-01 -1.2639E-01
  7.4676E+02  4.3875E-01 -1.2645E-01
  7.4743E+02  4.3861E-01 -1.2651E-01
  7.4809E+02  4.3846E-01 -1.2657E-01
  7.4875E+02  4.3831E-01 -1.2663E-01
  7.4942E+02  4.3815E-01 -1.2669E-01
  7.5008E+02  4.3799E-01 -1.2675E-01
  7.5074E+02  4.3782E-01 -1.2681E-01
  7.5141E+02  4.3766E-01 -1.2687E-01
  7.5207E+02  4.3749E-01 -1.2693E-01
  7.5273E+02  4.3731E-01 -1.2700E-01
  7.5340E+02  4.3714E-01 -1.2706E-01
  7.5406E+02  4.3696E-01 -1.2712E-01
  7.5472E+02  4.3677E-01 -1.2718E-01
  7.5538E+02  4.3659E-01 -1.2724E-01
  7.5605E+02  4.3640E-01 -1.2730E-01
  7.5671E+02  4.3622E-01 -1.2736E-01
  7.5737E+02  4.3604E-01 -1.2742E-01
  7.5804E+02  4.3586E-01 -1.2749E-01
  7.5870E+02  4.3570E-01 -1.2755E-01
  7.5936E+02  4.3554E-01 -1.2761E-01
  7.6003E+02  4.3540E-01 -1.2767E-01
  7.6069E+02  4.3527E-01 -1.2774E-01
  7.6135E+02  4.3515E-01 -1.2780E-01
  7.6202E+02  4.3504E-01 -1.2786E-01
  7.6268E+02  4.3493E-01 -1.2792E-01
  7.6334E+02  4.3483E-01 -1.2798E-01
  7.6401E+02  4.3474E-01 -1.2804E-01
  7.6467E+02  4.3464E-01 -1.2810E-01
  7.6533E+02  4.3454E-01 -1.2816E-01
  7.6600E+02  4.3445E-01 -1.2822E-01
  7.6666E+02  4.3436E-01 -1.2829E-01
  7.6732E+02  4.3428E-01 -1.2835E-01
  7.6799E+02  4.3421E-01 -1.2841E-01
  7.6865E+02  4.3415E-01 -1.2847E-01
  7.6931E+02  4.3410E-01 -1.2854E-01
  7.6998E+02  4.3406E-01 -1.2860E-01
  7.7064E+02  4.3403E-01 -1.2866E-01
  7.7130E+02  4.3399E-01 -1.2872E-01
  7.7196E+02  4.3396E-01 -1.2879E-01
  7.7263E+02  4.3392E-01 -1.2885E-01
  7.7329E+02  4.3387E-01 -1.2891E-01
  7.7395E+02  4.3382E-01 -1.2897E-01
  7.7462E+02  4.3376E-01 -1.2903E-01
  7.7528E+02  4.3369E-01 -1.2909E-01
  7.7594E+02  4.3361E-01 -1.2915E-01
  7.7661E+02  4.3353E-01 -1.2921E-01
  7.7727E+02  4.3344E-01 -1.2927E-01
  7.7793E+02  4.3335E-01 -1.2933E-01
  7.7860E+02  4.3326E-01 -1.2938E-01
  7.7926E+02  4.3317E-01 -1.2944E-01
  7.7992E+02  4.3308E-01 -1.2950E-01
  7.8059E+02  4.3299E-01 -1.2956E-01
  7.8125E+02  4.3290E-01 -1.2962E-01
  7.8191E+02  4.3281E-01 -1.2968E-01
  7.8258E+02  4.3273E-01 -1.2974E-01
  7.8324E+02  4.3264E-01 -1.2980E-01
  7.8390E+02  4.3254E-01 -1.2986E-01
  7.8457E+02  4.3245E-01 -1.2992E-01
  7.8523E+02  4.3235E-01 -1.2998E-01
  7.8589E+02  4.3225E-01 -1.3004E-01
  7.8656E+02  4.3214E-01 -1.3010E-01
  7.8722E+02  4.3203E-01 -1.3015E-01
  7.8788E+02  4.3191E-01 -1.3021E-01
  7.8854E+02  4.3178E-01 -1.3027E-01
  7.8921E+02  4.3164E-01 -1.3034E-01
  7.8987E+02  4.3150E-01 -1.3040E-01
  7.9053E+02  4.3135E-01 -1.3045E-01
  7.9120E+02  4.3120E-01 -1.3051E-01
  7.9186E+02  4.3105E-01 -1.3057E-01
  7.9252E+02  4.3089E-01 -1.3063E-01
  7.9319E+02  4.3074E-01 -1.3069E-01
  7.9385E+02  4.3060E-01 -1.3075E-01
  7.9451E+02  4.3045E-01 -1.3080E-01
  7.9518E+02  4.3032E-01 -1.3086E-01
  7.9584E+02  4.3019E-01 -1.3092E-01
  7.9650E+02  4.3007E-01 -1.3098E-01
  7.9717E+02  4.2996E-01 -1.3104E-01
  7.9783E+02  4.2984E-01 -1.3110E-01
  7.9849E+02  4.2974E-01 -1.3116E-01
  7.9916E+02  4.2963E-01 -1.3121E-01
  7.9982E+02  4.2953E-01 -1.3127E-01
  8.0048E+02  4.2943E-01 -1.3133E-01
  8.0115E+02  4.2934E-01 -1.3139E-01
  8.0181E+02  4.2925E-01 -1.3145E-01
  8.0247E+02  4.2916E-01 -1.3150E-01
  8.0314E+02  4.2908E-01 -1.3156E-01
  8.0380E+02  4.2899E-01 -1.3161E-01
  8.0446E+02  4.2891E-01 -1.3167E-01
  8.0512E+02  4.2883E-01 -1.3172E-01
  8.0579E+02  4.2875E-01 -1.3178E-01
  8.0645E+02  4.2867E-01 -1.3183E-01
  8.0711E+02  4.2859E-01 -1.3189E-01
  8.0778E+02  4.2852E-01 -1.3194E-01
  8.0844E+02  4.2846E-01 -1.3200E-01
  8.0910E+02  4.2840E-01 -1.3206E-01
  8.0977E+02  4.2834E-01 -1.3212E-01
  8.1043E+02  4.2829E-01 -1.3218E-01
  8.1109E+02  4.2823E-01 -1.3223E-01
  8.1176E+02  4.2817E-01 -1.3229E-01
  8.1242E+02  4.2810E-01 -1.3235E-01
  8.1308E+02  4.2802E-01 -1.3241E-01
  8.1375E+02  4.2792E-01 -1.3247E-01
  8.1441E+02  4.2782E-01 -1.3252E-01
  8.1507E+02  4.2771E-01 -1.3258E-01
  8.1574E+02  4.2760E-01 -1.3264E-01
  8.1640E+02  4.2748E-01 -1.3270E-01
  8.1706E+02  4.2736E-01 -1.3276E-01
  8.1773E+02  4.2725E-01 -1.3282E-01
  8.1839E+02  4.2713E-01 -1.3287E-01
  8.1905E+02  4.2702E-01 -1.3293E-01
  8.1972E+02  4.2690E-01 -1.3299E-01
  8.2038E+02  4.2679E-01 -1.3304E-01
  8.2104E+02  4.2667E-01 -1.3310E-01
  8.2170E+02  4.2655E-01 -1.3315E-01
  8.2237E+02  4.2642E-01 -1.3321E-01
  8.2303E+02  4.2629E-01 -1.3326E-01
  8.2369E+02  4.2617E-01 -1.3331E-01
  8.2436E+02  4.2604E-01 -1.3336E-01
  8.2502E+02  4.2591E-01 -1.3342E-01
  8.2568E+02  4.2579E-01 -1.3347E-01
  8.2635E+02  4.2568E-01 -1.3352E-01
  8.2701E+02  4.2557E-01 -1.3358E-01
  8.2767E+02  4.2547E-01 -1.3363E-01
  8.2834E+02  4.2537E-01 -1.3368E-01
  8.2900E+02  4.2528E-01 -1.3373E-01
  8.2966E+02  4.2519E-01 -1.3379E-01
  8.3033E+02  4.2511E-01 -1.3384E-01
  8.3099E+02  4.2503E-01 -1.3389E-01
  8.3165E+02  4.2496E-01 -1.3394E-01
  8.3232E+02  4.2488E-01 -1.3399E-01
  8.3298E+02  4.2481E-01 -1.3404E-01
  8.3364E+02  4.2474E-01 -1.3410E-01
  8.3431E+02  4.2466E-01 -1.3415E-01
  8.3497E+02  4.2458E-01 -1.3420E-01
  8.3563E+02  4.2449E-01 -1.3425E-01
  8.3630E+02  4.2440E-01 -1.3430E-01
  8.3696E+02  4.2430E-01 -1.3435E-01
  8.3762E+02  4.2420E-01 -1.3441E-01
  8.3828E+02  4.2410E-01 -1.3446E-01
  8.3895E+02  4.2399E-01 -1.3451E-01
  8.3961E+02  4.2388E-01 -1.3456E-01
  8.4027E+02  4.2376E-01 -1.3462E-01
  8.4094E+02  4.2365E-01 -1.3467E-01
  8.4160E+02  4.2352E-01 -1.3473E-01
  8.4226E+02  4.2340E-01 -1.3478E-01
  8.4293E+02  4.2328E-01 -1.3483E-01
  8.4359E+02  4.2316E-01 -1.3489E-01
  8.4425E+02  4.2303E-01 -1.3494E-01
  8.4492E+02  4.2291E-01 -1.3499E-01
  8.4558E+02  4.2280E-01 -1.3505E-01
  8.4624E+02  4.2268E-01 -1.3510E-01
  8.4691E+02  4.2257E-01 -1.3515E-01
  8.4757E+02  4.2247E-01 -1.3520E-01
  8.4823E+02  4.2237E-01 -1.3525E-01
  8.4890E+02  4.2227E-01 -1.3530E-01
  8.4956E+02  4.2218E-01 -1.3535E-01
  8.5022E+02  4.2209E-01 -1.3540E-01
  8.5089E+02  4.2200E-01 -1.3544E-01
  8.5155E+02  4.2190E-01 -1.3549E-01
  8.5221E+02  4.2180E-01 -1.3554E-01
  8.5288E+02  4.2169E-01 -1.3559E-01
  8.5354E+02  4.2158E-01 -1.3564E-01
  8.5420E+02  4.2146E-01 -1.3569E-01
  8.5486E+02  4.2133E-01 -1.3574E-01
  8.5553E+02  4.2121E-01 -1.3579E-01
  8.5619E+02  4.2108E-01 -1.3584E-01
  8.5685E+02  4.2095E-01 -1.3589E-01
  8.5752E+02  4.2082E-01 -1.3594E-01
  8.5818E+02  4.2070E-01 -1.3599E-01
  8.5884E+02  4.2059E-01 -1.3604E-01
  8.5951E+02  4.2048E-01 -1.3609E-01
  8.6017E+02  4.2037E-01 -1.3614E-01
  8.6083E+02  4.2026E-01 -1.3619E-01
  8.6150E+02  4.2016E-01 -1.3624E-01
  8.6216E+02  4.2005E-01 -1.3629E-01
  8.6282E+02  4.1993E-01 -1.3634E-01
  8.6349E+02  4.1981E-01 -1.3639E-01
  8.6415E+02  4.1968E-01 -1.3644E-01
  8.6481E+02  4.1955E-01 -1.3649E-01
  8.6548E+02  4.1942E-01 -1.3654E-01
  8.6614E+02  4.1928E-01 -1.3659E-01
  8.6680E+02  4.1915E-01 -1.3664E-01
  8.6747E+02  4.1903E-01 -1.3668E-01
  8.6813E+02  4.1891E-01 -1.3673E-01
  8.6879E+02  4.1879E-01 -1.3678E-01
  8.6946E+02  4.1869E-01 -1.3683E-01
  8.7012E+02  4.1860E-01 -1.3688E-01
  8.7078E+02  4.1851E-01 -1.3693E-01
  8.7144E+02  4.1843E-01 -1.3698E-01
  8.7211E+02  4.1836E-01 -1.3702E-01
  8.7277E+02  4.1829E-01 -1.3707E-01
  8.7343E+02  4.1822E-01 -1.3712E-01
  8.7410E+02  4.1816E-01 -1.3717E-01
  8.7476E+02  4.1809E-01 -1.3721E-01
  8.7542E+02  4.1801E-01 -1.3726E-01
  8.7609E+02  4.1793E-01 -1.3730E-01
  8.7675E+02  4.1784E-01 -1.3735E-01
  8.7741E+02  4.1774E-01 -1.3739E-01
  8.7808E+02  4.1762E-01 -1.3744E-01
  8.7874E+02  4.1750E-01 -1.3748E-01
  8.7940E+02  4.1737E-01 -1.3753E-01
  8.8007E+02  4.1723E-01 -1.3758E-01
  8.8073E+02  4.1709E-01 -1.3763E-01
  8.8139E+02  4.1694E-01 -1.3767E-01
  8.8206E+02  4.1678E-01 -1.3772E-01
  8.8272E+02  4.1663E-01 -1.3777E-01
  8.8338E+02  4.1648E-01 -1.3782E-01
  8.8405E+02  4.1633E-01 -1.3788E-01
  8.8471E+02  4.1618E-01 -1.3793E-01
  8.8537E+02  4.1604E-01 -1.3798E-01
  8.8604E+02  4.1589E-01 -1.3803E-01
  8.8670E+02  4.1575E-01 -1.3808E-01
  8.8736E+02  4.1560E-01 -1.3813E-01
  8.8802E+02  4.1546E-01 -1.3818E-01
  8.8869E+02  4.1531E-01 -1.3823E-01
  8.8935E+02  4.1516E-01 -1.3828E-01
  8.9001E+02  4.1502E-01 -1.3833E-01
  8.9068E+02  4.1488E-01 -1.3837E-01
  8.9134E+02  4.1474E-01 -1.3842E-01
  8.9200E+02  4.1461E-01 -1.3847E-01
  8.9267E+02  4.1448E-01 -1.3851E-01
  8.9333E+02  4.1436E-01 -1.3856E-01
  8.9399E+02  4.1425E-01 -1.3860E-01
  8.9466E+02  4.1413E-01 -1.3865E-01
  8.9532E+02  4.1403E-01 -1.3870E-01
  8.9598E+02  4.1393E-01 -1.3874E-01
  8.9665E+02  4.1383E-01 -1.3879E-01
  8.9731E+02  4.1373E-01 -1.3883E-01
  8.9797E+02  4.1364E-01 -1.3888E-01
  8.9864E+02  4.1356E-01 -1.3892E-01
  8.9930E+02  4.1348E-01 -1.3897E-01
  8.9996E+02  4.1341E-01 -1.3902E-01
  9.0063E+02  4.1334E-01 -1.3906E-01
  9.0129E+02  4.1327E-01 -1.3911E-01
  9.0195E+02  4.1320E-01 -1.3916E-01
  9.0262E+02  4.1314E-01 -1.3920E-01
  9.0328E+02  4.1307E-01 -1.3925E-01
  9.0394E+02  4.1299E-01 -1.3929E-01
  9.0460E+02  4.1291E-01 -1.3934E-01
  9.0527E+02  4.1282E-01 -1.3938E-01
  9.0593E+02  4.1272E-01 -1.3942E-01
  9.0659E+02  4.1260E-01 -1.3947E-01
  9.0726E+02  4.1246E-01 -1.3951E-01
  9.0792E+02  4.1231E-01 -1.3955E-01
  9.0858E+02  4.1215E-01 -1.3960E-01
  9.0925E+02  4.1198E-01 -1.3964E-01
  9.0991E+02  4.1180E-01 -1.3969E-01
  9.1057E+02  4.1161E-01 -1.3974E-01
  9.1124E+02  4.1142E-01 -1.3978E-01
  9.1190E+02  4.1124E-01 -1.3983E-01
  9.1256E+02  4.1106E-01 -1.3988E-01
  9.1323E+02  4.1089E-01 -1.3992E-01
  9.1389E+02  4.1073E-01 -1.3997E-01
  9.1455E+02  4.1058E-01 -1.4002E-01
  9.1522E+02  4.1044E-01 -1.4007E-01
  9.1588E+02  4.1031E-01 -1.4012E-01
  9.1654E+02  4.1019E-01 -1.4016E-01
  9.1721E+02  4.1008E-01 -1.4021E-01
  9.1787E+02  4.0998E-01 -1.4025E-01
  9.1853E+02  4.0988E-01 -1.4030E-01
  9.1920E+02  4.0979E-01 -1.4034E-01
  9.1986E+02  4.0970E-01 -1.4038E-01
  9.2052E+02  4.0962E-01 -1.4042E-01
  9.2118E+02  4.0954E-01 -1.4046E-01
  9.2185E+02  4.0946E-01 -1.4050E-01
  9.2251E+02  4.0938E-01 -1.4054E-01
  9.2317E+02  4.0930E-01 -1.4058E-01
  9.2384E+02  4.0921E-01 -1.4063E-01
  9.2450E+02  4.0913E-01 -1.4067E-01
  9.2516E+02  4.0905E-01 -1.4071E-01
  9.2583E+02  4.0897E-01 -1.4076E-01
  9.2649E+02  4.0889E-01 -1.4080E-01
  9.2715E+02  4.0880E-01 -1.4084E-01
  9.2782E+02  4.0871E-01 -1.4089E-01
  9.2848E+02  4.0861E-01 -1.4093E-01
  9.2914E+02  4.0851E-01 -1.4097E-01
  9.2981E+02  4.0840E-01 -1.4102E-01
  9.3047E+02  4.0829E-01 -1.4106E-01
  9.3113E+02  4.0818E-01 -1.4111E-01
  9.3180E+02  4.0806E-01 -1.4115E-01
  9.3246E+02  4.0795E-01 -1.4120E-01
  9.3312E+02  4.0782E-01 -1.4124E-01
  9.3379E+02  4.0770E-01 -1.4128E-01
  9.3445E+02  4.0758E-01 -1.4133E-01
  9.3511E+02  4.0745E-01 -1.4137E-01
  9.3578E+02  4.0731E-01 -1.4142E-01
  9.3644E+02  4.0718E-01 -1.4146E-01
  9.3710E+02  4.0704E-01 -1.4150E-01
  9.3776E+02  4.0691E-01 -1.4155E-01
  9.3843E+02  4.0677E-01 -1.4159E-01
  9.3909E+02  4.0664E-01 -1.4163E-01
  9.3975E+02  4.0651E-01 -1.4168E-01
  9.4042E+02  4.0639E-01 -1.4172E-01
  9.4108E+02  4.0627E-01 -1.4176E-01
  9.4174E+02  4.0615E-01 -1.4181E-01
  9.4241E+02  4.0604E-01 -1.4185E-01
  9.4307E+02  4.0593E-01 -1.4190E-01
  9.4373E+02  4.0583E-01 -1.4194E-01
  9.4440E+02  4.0573E-01 -1.4199E-01
  9.4506E+02  4.0564E-01 -1.4203E-01
  9.4572E+02  4.0556E-01 -1.4207E-01
  9.4639E+02  4.0550E-01 -1.4212E-01
  9.4705E+02  4.0543E-01 -1.4216E-01
  9.4771E+02  4.0538E-01 -1.4220E-01
  9.4838E+02  4.0533E-01 -1.4225E-01
  9.4904E+02  4.0529E-01 -1.4229E-01
  9.4970E+02  4.0524E-01 -1.4233E-01
  9.5037E+02  4.0519E-01 -1.4237E-01
  9.5103E+02  4.0513E-01 -1.4242E-01
  9.5169E+02  4.0506E-01 -1.4246E-01
  9.5236E+02  4.0499E-01 -1.4250E-01
  9.5302E+02  4.0490E-01 -1.4254E-01
  9.5368E+02  4.0481E-01 -1.4258E-01
  9.5434E+02  4.0471E-01 -1.4262E-01
  9.5501E+02  4.0461E-01 -1.4267E-01
  9.5567E+02  4.0451E-01 -1.4271E-01
  9.5633E+02  4.0439E-01 -1.4275E-01
  9.5700E+02  4.0427E-01 -1.4279E-01
  9.5766E+02  4.0414E-01 -1.4283E-01
  9.5832E+02  4.0401E-01 -1.4288E-01
  9.5899E+02  4.0386E-01 -1.4292E-01
  9.5965E+02  4.0371E-01 -1.4296E-01
  9.6031E+02  4.0355E-01 -1.4300E-01
  9.6098E+02  4.0340E-01 -1.4304E-01
  9.6164E+02  4.0324E-01 -1.4308E-01
  9.6230E+02  4.0309E-01 -1.4312E-01
  9.6297E+02  4.0294E-01 -1.4316E-01
  9.6363E+02  4.0281E-01 -1.4320E-01
  9.6429E+02  4.0268E-01 -1.4324E-01
  9.6496E+02  4.0257E-01 -1.4328E-01
  9.6562E+02  4.0247E-01 -1.4331E-01
  9.6628E+02  4.0238E-01 -1.4335E-01
  9.6695E+02  4.0230E-01 -1.4339E-01
  9.6761E+02  4.0223E-01 -1.4343E-01
  9.6827E+02  4.0217E-01 -1.4346E-01
  9.6894E+02  4.0211E-01 -1.4350E-01
  9.6960E+02  4.0206E-01 -1.4354E-01
  9.7026E+02  4.0201E-01 -1.4358E-01
  9.7092E+02  4.0196E-01 -1.4362E-01
  9.7159E+02  4.0191E-01 -1.4365E-01
  9.7225E+02  4.0186E-01 -1.4369E-01
  9.7291E+02  4.0180E-01 -1.4373E-01
  9.7358E+02  4.0175E-01 -1.4377E-01
  9.7424E+02  4.0169E-01 -1.4381E-01
  9.7490E+02  4.0163E-01 -1.4385E-01
  9.7557E+02  4.0156E-01 -1.4389E-01
  9.7623E+02  4.0149E-01 -1.4393E-01
  9.7689E+02  4.0141E-01 -1.4397E-01
  9.7756E+02  4.0134E-01 -1.4401E-01
  9.7822E+02  4.0126E-01 -1.4405E-01
  9.7888E+02  4.0117E-01 -1.4409E-01
  9.7955E+02  4.0108E-01 -1.4413E-01
  9.8021E+02  4.0098E-01 -1.4416E-01
  9.8087E+02  4.0088E-01 -1.4420E-01
  9.8154E+02  4.0077E-01 -1.4424E-01
  9.8220E+02  4.0066E-01 -1.4428E-01
  9.8286E+02  4.0053E-01 -1.4432E-01
  9.8353E+02  4.0041E-01 -1.4435E-01
  9.8419E+02  4.0028E-01 -1.4439E-01
  9.8485E+02  4.0014E-01 -1.4443E-01
  9.8552E+02  4.0000E-01 -1.4447E-01
  9.8618E+02  3.9987E-01 -1.4450E-01
  9.8684E+02  3.9973E-01 -1.4454E-01
  9.8750E+02  3.9960E-01 -1.4457E-01
  9.8817E+02  3.9946E-01 -1.4461E-01
  9.8883E+02  3.9933E-01 -1.4465E-01
  9.8949E+02  3.9920E-01 -1.4468E-01
  9.9016E+02  3.9908E-01 -1.4472E-01
  9.9082E+02  3.9897E-01 -1.4476E-01
  9.9148E+02  3.9886E-01 -1.4479E-01
  9.9215E+02  3.9877E-01 -1.4483E-01
  9.9281E+02  3.9869E-01 -1.4487E-01
  9.9347E+02  3.9861E-01 -1.4491E-01
  9.9414E+02  3.9855E-01 -1.4495E-01
  9.9480E+02  3.9850E-01 -1.4499E-01
  9.9546E+02  3.9846E-01 -1.4503E-01
  9.9613E+02  3.9843E-01 -1.4507E-01
  9.9679E+02  3.9840E-01 -1.4511E-01
  9.9745E+02  3.9837E-01 -1.4514E-01
  9.9812E+02  3.9834E-01 -1.4518E-01
  9.9878E+02  3.9831E-01 -1.4522E-01
  9.9944E+02  3.9828E-01 -1.4525E-01
  1.0000E+03  3.9825E-01 -1.4529E-01
