# CREATED BY GENE DIAGNOSTICS TOOL on Wed Mar 17 18:20:01 2021
# diag: timetrace, run(s): 0037, time window: 0-1000(1509 steps), species: ions
# original data path: /marconi_scratch/userexternal/cmoreno0/GAMZF_convergence/w7x_surface/scanfiles0003/
# normalization: L_ref=1.65m
#
#  t          Re[phi]     Im[phi]   
  0.0000E+00  9.9997E-01  0.0000E+00
  6.6320E-01  9.9103E-01 -4.6878E-04
  1.3264E+00  9.6725E-01 -8.7304E-04
  1.9896E+00  9.3505E-01 -1.2034E-03
  2.6528E+00  9.0081E-01 -1.4788E-03
  3.3160E+00  8.6915E-01 -1.7339E-03
  3.9792E+00  8.4249E-01 -1.9934E-03
  4.6424E+00  8.2130E-01 -2.2637E-03
  5.3056E+00  8.0484E-01 -2.5412E-03
  5.9688E+00  7.9183E-01 -2.8199E-03
  6.6320E+00  7.8087E-01 -3.0951E-03
  7.2952E+00  7.7082E-01 -3.3629E-03
  7.9584E+00  7.6090E-01 -3.6204E-03
  8.6216E+00  7.5069E-01 -3.8649E-03
  9.2848E+00  7.4009E-01 -4.0944E-03
  9.9480E+00  7.2919E-01 -4.3071E-03
  1.0611E+01  7.1820E-01 -4.5018E-03
  1.1274E+01  7.0734E-01 -4.6779E-03
  1.1938E+01  6.9681E-01 -4.8357E-03
  1.2601E+01  6.8677E-01 -4.9766E-03
  1.3264E+01  6.7734E-01 -5.1020E-03
  1.3927E+01  6.6857E-01 -5.2141E-03
  1.4590E+01  6.6050E-01 -5.3149E-03
  1.5254E+01  6.5312E-01 -5.4072E-03
  1.5917E+01  6.4645E-01 -5.4938E-03
  1.6580E+01  6.4048E-01 -5.5772E-03
  1.7243E+01  6.3520E-01 -5.6599E-03
  1.7906E+01  6.3059E-01 -5.7438E-03
  1.8570E+01  6.2665E-01 -5.8312E-03
  1.9233E+01  6.2336E-01 -5.9247E-03
  1.9896E+01  6.2073E-01 -6.0261E-03
  2.0559E+01  6.1871E-01 -6.1364E-03
  2.1222E+01  6.1727E-01 -6.2562E-03
  2.1886E+01  6.1637E-01 -6.3861E-03
  2.2549E+01  6.1598E-01 -6.5270E-03
  2.3212E+01  6.1606E-01 -6.6792E-03
  2.3875E+01  6.1656E-01 -6.8425E-03
  2.4538E+01  6.1741E-01 -7.0162E-03
  2.5202E+01  6.1858E-01 -7.1998E-03
  2.5865E+01  6.2002E-01 -7.3927E-03
  2.6528E+01  6.2166E-01 -7.5937E-03
  2.7191E+01  6.2347E-01 -7.8019E-03
  2.7854E+01  6.2539E-01 -8.0158E-03
  2.8518E+01  6.2737E-01 -8.2341E-03
  2.9181E+01  6.2938E-01 -8.4557E-03
  2.9844E+01  6.3137E-01 -8.6795E-03
  3.0507E+01  6.3332E-01 -8.9043E-03
  3.1170E+01  6.3518E-01 -9.1290E-03
  3.1834E+01  6.3694E-01 -9.3529E-03
  3.2497E+01  6.3857E-01 -9.5752E-03
  3.3160E+01  6.4005E-01 -9.7949E-03
  3.3823E+01  6.4136E-01 -1.0011E-02
  3.4486E+01  6.4250E-01 -1.0223E-02
  3.5150E+01  6.4345E-01 -1.0430E-02
  3.5813E+01  6.4421E-01 -1.0633E-02
  3.6476E+01  6.4478E-01 -1.0831E-02
  3.7139E+01  6.4516E-01 -1.1024E-02
  3.7802E+01  6.4535E-01 -1.1211E-02
  3.8466E+01  6.4537E-01 -1.1393E-02
  3.9129E+01  6.4521E-01 -1.1571E-02
  3.9792E+01  6.4490E-01 -1.1744E-02
  4.0455E+01  6.4445E-01 -1.1913E-02
  4.1118E+01  6.4385E-01 -1.2077E-02
  4.1782E+01  6.4312E-01 -1.2236E-02
  4.2445E+01  6.4228E-01 -1.2392E-02
  4.3108E+01  6.4135E-01 -1.2544E-02
  4.3771E+01  6.4033E-01 -1.2694E-02
  4.4434E+01  6.3925E-01 -1.2841E-02
  4.5098E+01  6.3810E-01 -1.2986E-02
  4.5761E+01  6.3692E-01 -1.3129E-02
  4.6424E+01  6.3570E-01 -1.3272E-02
  4.7087E+01  6.3447E-01 -1.3413E-02
  4.7750E+01  6.3322E-01 -1.3555E-02
  4.8414E+01  6.3198E-01 -1.3695E-02
  4.9077E+01  6.3074E-01 -1.3836E-02
  4.9740E+01  6.2951E-01 -1.3978E-02
  5.0403E+01  6.2831E-01 -1.4120E-02
  5.1066E+01  6.2713E-01 -1.4263E-02
  5.1730E+01  6.2599E-01 -1.4407E-02
  5.2393E+01  6.2489E-01 -1.4554E-02
  5.3056E+01  6.2382E-01 -1.4701E-02
  5.3719E+01  6.2279E-01 -1.4851E-02
  5.4382E+01  6.2180E-01 -1.5002E-02
  5.5046E+01  6.2085E-01 -1.5154E-02
  5.5709E+01  6.1993E-01 -1.5308E-02
  5.6372E+01  6.1906E-01 -1.5464E-02
  5.7035E+01  6.1823E-01 -1.5622E-02
  5.7698E+01  6.1743E-01 -1.5781E-02
  5.8362E+01  6.1667E-01 -1.5941E-02
  5.9025E+01  6.1593E-01 -1.6104E-02
  5.9688E+01  6.1523E-01 -1.6268E-02
  6.0351E+01  6.1456E-01 -1.6434E-02
  6.1014E+01  6.1391E-01 -1.6600E-02
  6.1678E+01  6.1328E-01 -1.6767E-02
  6.2341E+01  6.1267E-01 -1.6934E-02
  6.3004E+01  6.1208E-01 -1.7102E-02
  6.3667E+01  6.1149E-01 -1.7269E-02
  6.4330E+01  6.1093E-01 -1.7437E-02
  6.4994E+01  6.1037E-01 -1.7606E-02
  6.5657E+01  6.0983E-01 -1.7775E-02
  6.6320E+01  6.0930E-01 -1.7943E-02
  6.6983E+01  6.0877E-01 -1.8111E-02
  6.7646E+01  6.0824E-01 -1.8279E-02
  6.8310E+01  6.0773E-01 -1.8446E-02
  6.8973E+01  6.0721E-01 -1.8613E-02
  6.9636E+01  6.0671E-01 -1.8779E-02
  7.0299E+01  6.0620E-01 -1.8944E-02
  7.0962E+01  6.0570E-01 -1.9108E-02
  7.1626E+01  6.0520E-01 -1.9273E-02
  7.2289E+01  6.0471E-01 -1.9438E-02
  7.2952E+01  6.0422E-01 -1.9602E-02
  7.3615E+01  6.0373E-01 -1.9765E-02
  7.4278E+01  6.0325E-01 -1.9926E-02
  7.4942E+01  6.0276E-01 -2.0088E-02
  7.5605E+01  6.0228E-01 -2.0250E-02
  7.6268E+01  6.0180E-01 -2.0413E-02
  7.6931E+01  6.0133E-01 -2.0574E-02
  7.7594E+01  6.0086E-01 -2.0734E-02
  7.8258E+01  6.0039E-01 -2.0893E-02
  7.8921E+01  5.9992E-01 -2.1053E-02
  7.9584E+01  5.9946E-01 -2.1214E-02
  8.0247E+01  5.9901E-01 -2.1375E-02
  8.0910E+01  5.9855E-01 -2.1535E-02
  8.1574E+01  5.9808E-01 -2.1694E-02
  8.2237E+01  5.9762E-01 -2.1851E-02
  8.2900E+01  5.9716E-01 -2.2009E-02
  8.3563E+01  5.9671E-01 -2.2167E-02
  8.4226E+01  5.9626E-01 -2.2325E-02
  8.4890E+01  5.9580E-01 -2.2483E-02
  8.5553E+01  5.9535E-01 -2.2640E-02
  8.6216E+01  5.9490E-01 -2.2797E-02
  8.6879E+01  5.9445E-01 -2.2954E-02
  8.7542E+01  5.9400E-01 -2.3111E-02
  8.8206E+01  5.9355E-01 -2.3268E-02
  8.8869E+01  5.9310E-01 -2.3424E-02
  8.9532E+01  5.9265E-01 -2.3580E-02
  9.0195E+01  5.9221E-01 -2.3736E-02
  9.0858E+01  5.9176E-01 -2.3893E-02
  9.1522E+01  5.9131E-01 -2.4049E-02
  9.2185E+01  5.9087E-01 -2.4205E-02
  9.2848E+01  5.9042E-01 -2.4360E-02
  9.3511E+01  5.8998E-01 -2.4515E-02
  9.4174E+01  5.8954E-01 -2.4670E-02
  9.4838E+01  5.8909E-01 -2.4826E-02
  9.5501E+01  5.8864E-01 -2.4983E-02
  9.6164E+01  5.8820E-01 -2.5141E-02
  9.6827E+01  5.8775E-01 -2.5299E-02
  9.7490E+01  5.8730E-01 -2.5455E-02
  9.8154E+01  5.8686E-01 -2.5609E-02
  9.8817E+01  5.8642E-01 -2.5762E-02
  9.9480E+01  5.8598E-01 -2.5917E-02
  1.0014E+02  5.8554E-01 -2.6072E-02
  1.0081E+02  5.8510E-01 -2.6230E-02
  1.0147E+02  5.8466E-01 -2.6387E-02
  1.0213E+02  5.8421E-01 -2.6545E-02
  1.0280E+02  5.8377E-01 -2.6700E-02
  1.0346E+02  5.8334E-01 -2.6854E-02
  1.0412E+02  5.8291E-01 -2.7006E-02
  1.0479E+02  5.8248E-01 -2.7157E-02
  1.0545E+02  5.8205E-01 -2.7310E-02
  1.0611E+02  5.8162E-01 -2.7464E-02
  1.0678E+02  5.8120E-01 -2.7619E-02
  1.0744E+02  5.8077E-01 -2.7774E-02
  1.0810E+02  5.8035E-01 -2.7927E-02
  1.0876E+02  5.7992E-01 -2.8078E-02
  1.0943E+02  5.7950E-01 -2.8227E-02
  1.1009E+02  5.7908E-01 -2.8376E-02
  1.1075E+02  5.7867E-01 -2.8526E-02
  1.1142E+02  5.7827E-01 -2.8676E-02
  1.1208E+02  5.7787E-01 -2.8828E-02
  1.1274E+02  5.7747E-01 -2.8981E-02
  1.1341E+02  5.7708E-01 -2.9132E-02
  1.1407E+02  5.7668E-01 -2.9283E-02
  1.1473E+02  5.7628E-01 -2.9432E-02
  1.1540E+02  5.7588E-01 -2.9580E-02
  1.1606E+02  5.7549E-01 -2.9729E-02
  1.1672E+02  5.7510E-01 -2.9879E-02
  1.1739E+02  5.7472E-01 -3.0029E-02
  1.1805E+02  5.7435E-01 -3.0179E-02
  1.1871E+02  5.7398E-01 -3.0329E-02
  1.1938E+02  5.7362E-01 -3.0479E-02
  1.2004E+02  5.7327E-01 -3.0628E-02
  1.2070E+02  5.7291E-01 -3.0776E-02
  1.2137E+02  5.7254E-01 -3.0924E-02
  1.2203E+02  5.7217E-01 -3.1073E-02
  1.2269E+02  5.7181E-01 -3.1222E-02
  1.2336E+02  5.7145E-01 -3.1373E-02
  1.2402E+02  5.7109E-01 -3.1522E-02
  1.2468E+02  5.7074E-01 -3.1670E-02
  1.2534E+02  5.7040E-01 -3.1816E-02
  1.2601E+02  5.7006E-01 -3.1959E-02
  1.2667E+02  5.6972E-01 -3.2101E-02
  1.2733E+02  5.6938E-01 -3.2244E-02
  1.2800E+02  5.6904E-01 -3.2389E-02
  1.2866E+02  5.6871E-01 -3.2536E-02
  1.2932E+02  5.6838E-01 -3.2686E-02
  1.2999E+02  5.6805E-01 -3.2836E-02
  1.3065E+02  5.6773E-01 -3.2986E-02
  1.3131E+02  5.6741E-01 -3.3133E-02
  1.3198E+02  5.6708E-01 -3.3276E-02
  1.3264E+02  5.6675E-01 -3.3415E-02
  1.3330E+02  5.6642E-01 -3.3552E-02
  1.3397E+02  5.6609E-01 -3.3689E-02
  1.3463E+02  5.6577E-01 -3.3830E-02
  1.3529E+02  5.6546E-01 -3.3975E-02
  1.3596E+02  5.6516E-01 -3.4125E-02
  1.3662E+02  5.6487E-01 -3.4278E-02
  1.3728E+02  5.6459E-01 -3.4431E-02
  1.3795E+02  5.6430E-01 -3.4581E-02
  1.3861E+02  5.6400E-01 -3.4727E-02
  1.3927E+02  5.6370E-01 -3.4868E-02
  1.3994E+02  5.6339E-01 -3.5006E-02
  1.4060E+02  5.6308E-01 -3.5141E-02
  1.4126E+02  5.6276E-01 -3.5277E-02
  1.4192E+02  5.6246E-01 -3.5416E-02
  1.4259E+02  5.6216E-01 -3.5560E-02
  1.4325E+02  5.6188E-01 -3.5709E-02
  1.4391E+02  5.6161E-01 -3.5859E-02
  1.4458E+02  5.6134E-01 -3.6010E-02
  1.4524E+02  5.6108E-01 -3.6158E-02
  1.4590E+02  5.6083E-01 -3.6301E-02
  1.4657E+02  5.6056E-01 -3.6440E-02
  1.4723E+02  5.6029E-01 -3.6577E-02
  1.4789E+02  5.6001E-01 -3.6711E-02
  1.4856E+02  5.5973E-01 -3.6847E-02
  1.4922E+02  5.5946E-01 -3.6985E-02
  1.4988E+02  5.5918E-01 -3.7126E-02
  1.5055E+02  5.5891E-01 -3.7271E-02
  1.5121E+02  5.5865E-01 -3.7416E-02
  1.5187E+02  5.5839E-01 -3.7561E-02
  1.5254E+02  5.5815E-01 -3.7704E-02
  1.5320E+02  5.5791E-01 -3.7844E-02
  1.5386E+02  5.5767E-01 -3.7982E-02
  1.5453E+02  5.5743E-01 -3.8118E-02
  1.5519E+02  5.5719E-01 -3.8254E-02
  1.5585E+02  5.5694E-01 -3.8392E-02
  1.5652E+02  5.5668E-01 -3.8533E-02
  1.5718E+02  5.5642E-01 -3.8676E-02
  1.5784E+02  5.5616E-01 -3.8821E-02
  1.5850E+02  5.5590E-01 -3.8967E-02
  1.5917E+02  5.5565E-01 -3.9111E-02
  1.5983E+02  5.5542E-01 -3.9252E-02
  1.6049E+02  5.5519E-01 -3.9390E-02
  1.6116E+02  5.5497E-01 -3.9525E-02
  1.6182E+02  5.5476E-01 -3.9658E-02
  1.6248E+02  5.5455E-01 -3.9790E-02
  1.6315E+02  5.5433E-01 -3.9924E-02
  1.6381E+02  5.5411E-01 -4.0061E-02
  1.6447E+02  5.5388E-01 -4.0203E-02
  1.6514E+02  5.5365E-01 -4.0347E-02
  1.6580E+02  5.5340E-01 -4.0493E-02
  1.6646E+02  5.5316E-01 -4.0640E-02
  1.6713E+02  5.5292E-01 -4.0784E-02
  1.6779E+02  5.5269E-01 -4.0924E-02
  1.6845E+02  5.5246E-01 -4.1060E-02
  1.6912E+02  5.5223E-01 -4.1192E-02
  1.6978E+02  5.5202E-01 -4.1322E-02
  1.7044E+02  5.5181E-01 -4.1451E-02
  1.7111E+02  5.5161E-01 -4.1580E-02
  1.7177E+02  5.5141E-01 -4.1712E-02
  1.7243E+02  5.5121E-01 -4.1847E-02
  1.7310E+02  5.5101E-01 -4.1985E-02
  1.7376E+02  5.5082E-01 -4.2126E-02
  1.7442E+02  5.5062E-01 -4.2268E-02
  1.7508E+02  5.5042E-01 -4.2411E-02
  1.7575E+02  5.5021E-01 -4.2552E-02
  1.7641E+02  5.5001E-01 -4.2691E-02
  1.7707E+02  5.4981E-01 -4.2829E-02
  1.7774E+02  5.4960E-01 -4.2965E-02
  1.7840E+02  5.4939E-01 -4.3100E-02
  1.7906E+02  5.4918E-01 -4.3234E-02
  1.7973E+02  5.4897E-01 -4.3368E-02
  1.8039E+02  5.4876E-01 -4.3502E-02
  1.8105E+02  5.4855E-01 -4.3637E-02
  1.8172E+02  5.4835E-01 -4.3773E-02
  1.8238E+02  5.4816E-01 -4.3910E-02
  1.8304E+02  5.4797E-01 -4.4047E-02
  1.8371E+02  5.4779E-01 -4.4184E-02
  1.8437E+02  5.4762E-01 -4.4319E-02
  1.8503E+02  5.4745E-01 -4.4454E-02
  1.8570E+02  5.4727E-01 -4.4588E-02
  1.8636E+02  5.4710E-01 -4.4721E-02
  1.8702E+02  5.4692E-01 -4.4855E-02
  1.8769E+02  5.4672E-01 -4.4989E-02
  1.8835E+02  5.4652E-01 -4.5123E-02
  1.8901E+02  5.4632E-01 -4.5257E-02
  1.8968E+02  5.4611E-01 -4.5391E-02
  1.9034E+02  5.4590E-01 -4.5526E-02
  1.9100E+02  5.4570E-01 -4.5661E-02
  1.9166E+02  5.4551E-01 -4.5797E-02
  1.9233E+02  5.4533E-01 -4.5932E-02
  1.9299E+02  5.4516E-01 -4.6066E-02
  1.9365E+02  5.4500E-01 -4.6199E-02
  1.9432E+02  5.4484E-01 -4.6331E-02
  1.9498E+02  5.4468E-01 -4.6462E-02
  1.9564E+02  5.4452E-01 -4.6594E-02
  1.9631E+02  5.4435E-01 -4.6726E-02
  1.9697E+02  5.4418E-01 -4.6859E-02
  1.9763E+02  5.4400E-01 -4.6992E-02
  1.9830E+02  5.4382E-01 -4.7126E-02
  1.9896E+02  5.4363E-01 -4.7260E-02
  1.9962E+02  5.4344E-01 -4.7395E-02
  2.0029E+02  5.4326E-01 -4.7530E-02
  2.0095E+02  5.4309E-01 -4.7666E-02
  2.0161E+02  5.4292E-01 -4.7801E-02
  2.0228E+02  5.4276E-01 -4.7935E-02
  2.0294E+02  5.4260E-01 -4.8069E-02
  2.0360E+02  5.4243E-01 -4.8201E-02
  2.0427E+02  5.4227E-01 -4.8332E-02
  2.0493E+02  5.4210E-01 -4.8462E-02
  2.0559E+02  5.4193E-01 -4.8592E-02
  2.0626E+02  5.4176E-01 -4.8723E-02
  2.0692E+02  5.4158E-01 -4.8854E-02
  2.0758E+02  5.4140E-01 -4.8985E-02
  2.0824E+02  5.4122E-01 -4.9117E-02
  2.0891E+02  5.4104E-01 -4.9248E-02
  2.0957E+02  5.4085E-01 -4.9379E-02
  2.1023E+02  5.4068E-01 -4.9510E-02
  2.1090E+02  5.4050E-01 -4.9641E-02
  2.1156E+02  5.4033E-01 -4.9772E-02
  2.1222E+02  5.4017E-01 -4.9903E-02
  2.1289E+02  5.4000E-01 -5.0033E-02
  2.1355E+02  5.3984E-01 -5.0162E-02
  2.1421E+02  5.3967E-01 -5.0292E-02
  2.1488E+02  5.3950E-01 -5.0421E-02
  2.1554E+02  5.3932E-01 -5.0551E-02
  2.1620E+02  5.3914E-01 -5.0680E-02
  2.1687E+02  5.3895E-01 -5.0810E-02
  2.1753E+02  5.3877E-01 -5.0940E-02
  2.1819E+02  5.3859E-01 -5.1070E-02
  2.1886E+02  5.3840E-01 -5.1201E-02
  2.1952E+02  5.3823E-01 -5.1333E-02
  2.2018E+02  5.3805E-01 -5.1465E-02
  2.2085E+02  5.3789E-01 -5.1597E-02
  2.2151E+02  5.3772E-01 -5.1730E-02
  2.2217E+02  5.3756E-01 -5.1861E-02
  2.2284E+02  5.3741E-01 -5.1993E-02
  2.2350E+02  5.3725E-01 -5.2123E-02
  2.2416E+02  5.3710E-01 -5.2252E-02
  2.2482E+02  5.3694E-01 -5.2380E-02
  2.2549E+02  5.3679E-01 -5.2508E-02
  2.2615E+02  5.3663E-01 -5.2636E-02
  2.2681E+02  5.3646E-01 -5.2763E-02
  2.2748E+02  5.3630E-01 -5.2889E-02
  2.2814E+02  5.3613E-01 -5.3015E-02
  2.2880E+02  5.3595E-01 -5.3141E-02
  2.2947E+02  5.3576E-01 -5.3266E-02
  2.3013E+02  5.3557E-01 -5.3392E-02
  2.3079E+02  5.3536E-01 -5.3518E-02
  2.3146E+02  5.3516E-01 -5.3645E-02
  2.3212E+02  5.3495E-01 -5.3772E-02
  2.3278E+02  5.3475E-01 -5.3899E-02
  2.3345E+02  5.3455E-01 -5.4027E-02
  2.3411E+02  5.3436E-01 -5.4155E-02
  2.3477E+02  5.3419E-01 -5.4283E-02
  2.3544E+02  5.3403E-01 -5.4412E-02
  2.3610E+02  5.3388E-01 -5.4542E-02
  2.3676E+02  5.3374E-01 -5.4671E-02
  2.3743E+02  5.3360E-01 -5.4801E-02
  2.3809E+02  5.3347E-01 -5.4931E-02
  2.3875E+02  5.3333E-01 -5.5059E-02
  2.3942E+02  5.3318E-01 -5.5186E-02
  2.4008E+02  5.3302E-01 -5.5312E-02
  2.4074E+02  5.3285E-01 -5.5438E-02
  2.4140E+02  5.3266E-01 -5.5563E-02
  2.4207E+02  5.3247E-01 -5.5690E-02
  2.4273E+02  5.3228E-01 -5.5816E-02
  2.4339E+02  5.3208E-01 -5.5942E-02
  2.4406E+02  5.3189E-01 -5.6068E-02
  2.4472E+02  5.3169E-01 -5.6192E-02
  2.4538E+02  5.3149E-01 -5.6315E-02
  2.4605E+02  5.3131E-01 -5.6437E-02
  2.4671E+02  5.3113E-01 -5.6560E-02
  2.4737E+02  5.3095E-01 -5.6683E-02
  2.4804E+02  5.3079E-01 -5.6808E-02
  2.4870E+02  5.3064E-01 -5.6933E-02
  2.4936E+02  5.3050E-01 -5.7060E-02
  2.5003E+02  5.3035E-01 -5.7187E-02
  2.5069E+02  5.3021E-01 -5.7313E-02
  2.5135E+02  5.3006E-01 -5.7438E-02
  2.5202E+02  5.2990E-01 -5.7561E-02
  2.5268E+02  5.2973E-01 -5.7684E-02
  2.5334E+02  5.2956E-01 -5.7808E-02
  2.5401E+02  5.2938E-01 -5.7933E-02
  2.5467E+02  5.2921E-01 -5.8059E-02
  2.5533E+02  5.2903E-01 -5.8187E-02
  2.5600E+02  5.2885E-01 -5.8316E-02
  2.5666E+02  5.2867E-01 -5.8444E-02
  2.5732E+02  5.2849E-01 -5.8571E-02
  2.5798E+02  5.2830E-01 -5.8697E-02
  2.5865E+02  5.2810E-01 -5.8820E-02
  2.5931E+02  5.2790E-01 -5.8942E-02
  2.5997E+02  5.2769E-01 -5.9063E-02
  2.6064E+02  5.2749E-01 -5.9185E-02
  2.6130E+02  5.2728E-01 -5.9307E-02
  2.6196E+02  5.2709E-01 -5.9428E-02
  2.6263E+02  5.2690E-01 -5.9550E-02
  2.6329E+02  5.2673E-01 -5.9671E-02
  2.6395E+02  5.2657E-01 -5.9790E-02
  2.6462E+02  5.2642E-01 -5.9909E-02
  2.6528E+02  5.2628E-01 -6.0027E-02
  2.6594E+02  5.2614E-01 -6.0146E-02
  2.6661E+02  5.2600E-01 -6.0266E-02
  2.6727E+02  5.2586E-01 -6.0388E-02
  2.6793E+02  5.2572E-01 -6.0512E-02
  2.6860E+02  5.2557E-01 -6.0638E-02
  2.6926E+02  5.2542E-01 -6.0765E-02
  2.6992E+02  5.2526E-01 -6.0892E-02
  2.7059E+02  5.2510E-01 -6.1018E-02
  2.7125E+02  5.2494E-01 -6.1142E-02
  2.7191E+02  5.2477E-01 -6.1264E-02
  2.7258E+02  5.2459E-01 -6.1385E-02
  2.7324E+02  5.2442E-01 -6.1506E-02
  2.7390E+02  5.2424E-01 -6.1627E-02
  2.7456E+02  5.2405E-01 -6.1750E-02
  2.7523E+02  5.2387E-01 -6.1875E-02
  2.7589E+02  5.2368E-01 -6.2000E-02
  2.7655E+02  5.2350E-01 -6.2125E-02
  2.7722E+02  5.2332E-01 -6.2249E-02
  2.7788E+02  5.2314E-01 -6.2370E-02
  2.7854E+02  5.2297E-01 -6.2489E-02
  2.7921E+02  5.2281E-01 -6.2606E-02
  2.7987E+02  5.2266E-01 -6.2723E-02
  2.8053E+02  5.2252E-01 -6.2841E-02
  2.8120E+02  5.2239E-01 -6.2960E-02
  2.8186E+02  5.2226E-01 -6.3080E-02
  2.8252E+02  5.2214E-01 -6.3201E-02
  2.8319E+02  5.2201E-01 -6.3323E-02
  2.8385E+02  5.2188E-01 -6.3443E-02
  2.8451E+02  5.2174E-01 -6.3562E-02
  2.8518E+02  5.2159E-01 -6.3678E-02
  2.8584E+02  5.2143E-01 -6.3793E-02
  2.8650E+02  5.2125E-01 -6.3906E-02
  2.8717E+02  5.2107E-01 -6.4019E-02
  2.8783E+02  5.2088E-01 -6.4134E-02
  2.8849E+02  5.2069E-01 -6.4250E-02
  2.8916E+02  5.2050E-01 -6.4369E-02
  2.8982E+02  5.2030E-01 -6.4491E-02
  2.9048E+02  5.2011E-01 -6.4616E-02
  2.9114E+02  5.1992E-01 -6.4742E-02
  2.9181E+02  5.1975E-01 -6.4868E-02
  2.9247E+02  5.1958E-01 -6.4995E-02
  2.9313E+02  5.1943E-01 -6.5120E-02
  2.9380E+02  5.1929E-01 -6.5244E-02
  2.9446E+02  5.1916E-01 -6.5367E-02
  2.9512E+02  5.1903E-01 -6.5490E-02
  2.9579E+02  5.1892E-01 -6.5612E-02
  2.9645E+02  5.1880E-01 -6.5735E-02
  2.9711E+02  5.1869E-01 -6.5856E-02
  2.9778E+02  5.1857E-01 -6.5977E-02
  2.9844E+02  5.1845E-01 -6.6095E-02
  2.9910E+02  5.1832E-01 -6.6211E-02
  2.9977E+02  5.1818E-01 -6.6323E-02
  3.0043E+02  5.1804E-01 -6.6433E-02
  3.0109E+02  5.1789E-01 -6.6542E-02
  3.0176E+02  5.1775E-01 -6.6649E-02
  3.0242E+02  5.1760E-01 -6.6755E-02
  3.0308E+02  5.1745E-01 -6.6863E-02
  3.0375E+02  5.1730E-01 -6.6972E-02
  3.0441E+02  5.1714E-01 -6.7083E-02
  3.0507E+02  5.1697E-01 -6.7197E-02
  3.0574E+02  5.1680E-01 -6.7312E-02
  3.0640E+02  5.1662E-01 -6.7429E-02
  3.0706E+02  5.1643E-01 -6.7548E-02
  3.0772E+02  5.1625E-01 -6.7667E-02
  3.0839E+02  5.1606E-01 -6.7787E-02
  3.0905E+02  5.1589E-01 -6.7909E-02
  3.0971E+02  5.1573E-01 -6.8032E-02
  3.1038E+02  5.1557E-01 -6.8157E-02
  3.1104E+02  5.1542E-01 -6.8284E-02
  3.1170E+02  5.1528E-01 -6.8412E-02
  3.1237E+02  5.1513E-01 -6.8540E-02
  3.1303E+02  5.1499E-01 -6.8666E-02
  3.1369E+02  5.1484E-01 -6.8791E-02
  3.1436E+02  5.1469E-01 -6.8912E-02
  3.1502E+02  5.1454E-01 -6.9030E-02
  3.1568E+02  5.1438E-01 -6.9145E-02
  3.1635E+02  5.1423E-01 -6.9256E-02
  3.1701E+02  5.1408E-01 -6.9366E-02
  3.1767E+02  5.1393E-01 -6.9474E-02
  3.1834E+02  5.1379E-01 -6.9582E-02
  3.1900E+02  5.1365E-01 -6.9689E-02
  3.1966E+02  5.1352E-01 -6.9797E-02
  3.2033E+02  5.1338E-01 -6.9904E-02
  3.2099E+02  5.1324E-01 -7.0012E-02
  3.2165E+02  5.1310E-01 -7.0120E-02
  3.2232E+02  5.1296E-01 -7.0227E-02
  3.2298E+02  5.1282E-01 -7.0335E-02
  3.2364E+02  5.1267E-01 -7.0442E-02
  3.2430E+02  5.1253E-01 -7.0549E-02
  3.2497E+02  5.1238E-01 -7.0657E-02
  3.2563E+02  5.1223E-01 -7.0767E-02
  3.2629E+02  5.1208E-01 -7.0881E-02
  3.2696E+02  5.1193E-01 -7.0998E-02
  3.2762E+02  5.1177E-01 -7.1119E-02
  3.2828E+02  5.1162E-01 -7.1242E-02
  3.2895E+02  5.1146E-01 -7.1368E-02
  3.2961E+02  5.1131E-01 -7.1495E-02
  3.3027E+02  5.1116E-01 -7.1622E-02
  3.3094E+02  5.1102E-01 -7.1747E-02
  3.3160E+02  5.1088E-01 -7.1869E-02
  3.3226E+02  5.1075E-01 -7.1989E-02
  3.3293E+02  5.1062E-01 -7.2105E-02
  3.3359E+02  5.1050E-01 -7.2219E-02
  3.3425E+02  5.1039E-01 -7.2330E-02
  3.3492E+02  5.1027E-01 -7.2440E-02
  3.3558E+02  5.1016E-01 -7.2549E-02
  3.3624E+02  5.1005E-01 -7.2658E-02
  3.3691E+02  5.0994E-01 -7.2766E-02
  3.3757E+02  5.0983E-01 -7.2875E-02
  3.3823E+02  5.0973E-01 -7.2983E-02
  3.3890E+02  5.0963E-01 -7.3091E-02
  3.3956E+02  5.0952E-01 -7.3197E-02
  3.4022E+02  5.0942E-01 -7.3301E-02
  3.4088E+02  5.0931E-01 -7.3404E-02
  3.4155E+02  5.0920E-01 -7.3506E-02
  3.4221E+02  5.0908E-01 -7.3608E-02
  3.4287E+02  5.0895E-01 -7.3712E-02
  3.4354E+02  5.0881E-01 -7.3818E-02
  3.4420E+02  5.0866E-01 -7.3927E-02
  3.4486E+02  5.0849E-01 -7.4039E-02
  3.4553E+02  5.0832E-01 -7.4154E-02
  3.4619E+02  5.0814E-01 -7.4271E-02
  3.4685E+02  5.0796E-01 -7.4390E-02
  3.4752E+02  5.0778E-01 -7.4509E-02
  3.4818E+02  5.0759E-01 -7.4628E-02
  3.4884E+02  5.0740E-01 -7.4745E-02
  3.4951E+02  5.0722E-01 -7.4861E-02
  3.5017E+02  5.0704E-01 -7.4974E-02
  3.5083E+02  5.0686E-01 -7.5087E-02
  3.5150E+02  5.0668E-01 -7.5198E-02
  3.5216E+02  5.0652E-01 -7.5310E-02
  3.5282E+02  5.0636E-01 -7.5421E-02
  3.5349E+02  5.0621E-01 -7.5534E-02
  3.5415E+02  5.0608E-01 -7.5648E-02
  3.5481E+02  5.0596E-01 -7.5763E-02
  3.5548E+02  5.0586E-01 -7.5880E-02
  3.5614E+02  5.0576E-01 -7.5996E-02
  3.5680E+02  5.0568E-01 -7.6112E-02
  3.5746E+02  5.0560E-01 -7.6225E-02
  3.5813E+02  5.0553E-01 -7.6336E-02
  3.5879E+02  5.0545E-01 -7.6444E-02
  3.5945E+02  5.0537E-01 -7.6549E-02
  3.6012E+02  5.0529E-01 -7.6651E-02
  3.6078E+02  5.0520E-01 -7.6753E-02
  3.6144E+02  5.0509E-01 -7.6855E-02
  3.6211E+02  5.0498E-01 -7.6958E-02
  3.6277E+02  5.0486E-01 -7.7063E-02
  3.6343E+02  5.0474E-01 -7.7169E-02
  3.6410E+02  5.0461E-01 -7.7277E-02
  3.6476E+02  5.0447E-01 -7.7385E-02
  3.6542E+02  5.0434E-01 -7.7493E-02
  3.6609E+02  5.0421E-01 -7.7598E-02
  3.6675E+02  5.0407E-01 -7.7702E-02
  3.6741E+02  5.0393E-01 -7.7804E-02
  3.6808E+02  5.0378E-01 -7.7905E-02
  3.6874E+02  5.0364E-01 -7.8005E-02
  3.6940E+02  5.0349E-01 -7.8105E-02
  3.7007E+02  5.0334E-01 -7.8206E-02
  3.7073E+02  5.0320E-01 -7.8309E-02
  3.7139E+02  5.0305E-01 -7.8412E-02
  3.7206E+02  5.0291E-01 -7.8518E-02
  3.7272E+02  5.0277E-01 -7.8627E-02
  3.7338E+02  5.0264E-01 -7.8738E-02
  3.7404E+02  5.0251E-01 -7.8853E-02
  3.7471E+02  5.0240E-01 -7.8969E-02
  3.7537E+02  5.0229E-01 -7.9087E-02
  3.7603E+02  5.0218E-01 -7.9206E-02
  3.7670E+02  5.0209E-01 -7.9325E-02
  3.7736E+02  5.0200E-01 -7.9443E-02
  3.7802E+02  5.0191E-01 -7.9559E-02
  3.7869E+02  5.0182E-01 -7.9674E-02
  3.7935E+02  5.0174E-01 -7.9789E-02
  3.8001E+02  5.0165E-01 -7.9903E-02
  3.8068E+02  5.0156E-01 -8.0018E-02
  3.8134E+02  5.0146E-01 -8.0132E-02
  3.8200E+02  5.0136E-01 -8.0247E-02
  3.8267E+02  5.0124E-01 -8.0362E-02
  3.8333E+02  5.0112E-01 -8.0474E-02
  3.8399E+02  5.0099E-01 -8.0584E-02
  3.8466E+02  5.0085E-01 -8.0691E-02
  3.8532E+02  5.0070E-01 -8.0795E-02
  3.8598E+02  5.0055E-01 -8.0897E-02
  3.8665E+02  5.0040E-01 -8.0995E-02
  3.8731E+02  5.0025E-01 -8.1092E-02
  3.8797E+02  5.0010E-01 -8.1187E-02
  3.8864E+02  4.9995E-01 -8.1281E-02
  3.8930E+02  4.9980E-01 -8.1374E-02
  3.8996E+02  4.9965E-01 -8.1465E-02
  3.9062E+02  4.9950E-01 -8.1557E-02
  3.9129E+02  4.9935E-01 -8.1650E-02
  3.9195E+02  4.9919E-01 -8.1744E-02
  3.9261E+02  4.9904E-01 -8.1841E-02
  3.9328E+02  4.9889E-01 -8.1941E-02
  3.9394E+02  4.9873E-01 -8.2045E-02
  3.9460E+02  4.9859E-01 -8.2151E-02
  3.9527E+02  4.9844E-01 -8.2259E-02
  3.9593E+02  4.9830E-01 -8.2368E-02
  3.9659E+02  4.9817E-01 -8.2478E-02
  3.9726E+02  4.9805E-01 -8.2587E-02
  3.9792E+02  4.9793E-01 -8.2696E-02
  3.9858E+02  4.9782E-01 -8.2806E-02
  3.9925E+02  4.9771E-01 -8.2916E-02
  3.9991E+02  4.9761E-01 -8.3027E-02
  4.0057E+02  4.9751E-01 -8.3140E-02
  4.0124E+02  4.9740E-01 -8.3254E-02
  4.0190E+02  4.9729E-01 -8.3368E-02
  4.0256E+02  4.9718E-01 -8.3482E-02
  4.0323E+02  4.9707E-01 -8.3594E-02
  4.0389E+02  4.9694E-01 -8.3703E-02
  4.0455E+02  4.9681E-01 -8.3810E-02
  4.0522E+02  4.9668E-01 -8.3914E-02
  4.0588E+02  4.9655E-01 -8.4016E-02
  4.0654E+02  4.9641E-01 -8.4117E-02
  4.0720E+02  4.9628E-01 -8.4217E-02
  4.0787E+02  4.9615E-01 -8.4316E-02
  4.0853E+02  4.9603E-01 -8.4414E-02
  4.0919E+02  4.9590E-01 -8.4511E-02
  4.0986E+02  4.9578E-01 -8.4606E-02
  4.1052E+02  4.9566E-01 -8.4699E-02
  4.1118E+02  4.9554E-01 -8.4792E-02
  4.1185E+02  4.9542E-01 -8.4884E-02
  4.1251E+02  4.9530E-01 -8.4977E-02
  4.1317E+02  4.9519E-01 -8.5070E-02
  4.1384E+02  4.9507E-01 -8.5165E-02
  4.1450E+02  4.9496E-01 -8.5262E-02
  4.1516E+02  4.9485E-01 -8.5361E-02
  4.1583E+02  4.9474E-01 -8.5461E-02
  4.1649E+02  4.9463E-01 -8.5563E-02
  4.1715E+02  4.9453E-01 -8.5665E-02
  4.1782E+02  4.9443E-01 -8.5767E-02
  4.1848E+02  4.9433E-01 -8.5870E-02
  4.1914E+02  4.9424E-01 -8.5974E-02
  4.1981E+02  4.9415E-01 -8.6079E-02
  4.2047E+02  4.9406E-01 -8.6186E-02
  4.2113E+02  4.9397E-01 -8.6296E-02
  4.2180E+02  4.9388E-01 -8.6407E-02
  4.2246E+02  4.9379E-01 -8.6521E-02
  4.2312E+02  4.9368E-01 -8.6635E-02
  4.2378E+02  4.9358E-01 -8.6750E-02
  4.2445E+02  4.9346E-01 -8.6863E-02
  4.2511E+02  4.9333E-01 -8.6975E-02
  4.2577E+02  4.9320E-01 -8.7085E-02
  4.2644E+02  4.9306E-01 -8.7193E-02
  4.2710E+02  4.9291E-01 -8.7300E-02
  4.2776E+02  4.9275E-01 -8.7406E-02
  4.2843E+02  4.9259E-01 -8.7510E-02
  4.2909E+02  4.9243E-01 -8.7613E-02
  4.2975E+02  4.9227E-01 -8.7713E-02
  4.3042E+02  4.9211E-01 -8.7812E-02
  4.3108E+02  4.9196E-01 -8.7909E-02
  4.3174E+02  4.9180E-01 -8.8004E-02
  4.3241E+02  4.9165E-01 -8.8097E-02
  4.3307E+02  4.9150E-01 -8.8189E-02
  4.3373E+02  4.9135E-01 -8.8280E-02
  4.3440E+02  4.9120E-01 -8.8371E-02
  4.3506E+02  4.9105E-01 -8.8462E-02
  4.3572E+02  4.9091E-01 -8.8553E-02
  4.3639E+02  4.9076E-01 -8.8643E-02
  4.3705E+02  4.9063E-01 -8.8734E-02
  4.3771E+02  4.9049E-01 -8.8824E-02
  4.3838E+02  4.9037E-01 -8.8914E-02
  4.3904E+02  4.9027E-01 -8.9004E-02
  4.3970E+02  4.9018E-01 -8.9095E-02
  4.4036E+02  4.9010E-01 -8.9187E-02
  4.4103E+02  4.9004E-01 -8.9280E-02
  4.4169E+02  4.8998E-01 -8.9373E-02
  4.4235E+02  4.8994E-01 -8.9468E-02
  4.4302E+02  4.8991E-01 -8.9564E-02
  4.4368E+02  4.8988E-01 -8.9661E-02
  4.4434E+02  4.8984E-01 -8.9760E-02
  4.4501E+02  4.8981E-01 -8.9860E-02
  4.4567E+02  4.8977E-01 -8.9961E-02
  4.4633E+02  4.8971E-01 -9.0062E-02
  4.4700E+02  4.8965E-01 -9.0165E-02
  4.4766E+02  4.8957E-01 -9.0268E-02
  4.4832E+02  4.8947E-01 -9.0372E-02
  4.4899E+02  4.8937E-01 -9.0476E-02
  4.4965E+02  4.8925E-01 -9.0581E-02
  4.5031E+02  4.8911E-01 -9.0686E-02
  4.5098E+02  4.8897E-01 -9.0791E-02
  4.5164E+02  4.8881E-01 -9.0895E-02
  4.5230E+02  4.8865E-01 -9.0998E-02
  4.5297E+02  4.8848E-01 -9.1100E-02
  4.5363E+02  4.8831E-01 -9.1201E-02
  4.5429E+02  4.8813E-01 -9.1300E-02
  4.5496E+02  4.8795E-01 -9.1398E-02
  4.5562E+02  4.8776E-01 -9.1495E-02
  4.5628E+02  4.8758E-01 -9.1592E-02
  4.5694E+02  4.8739E-01 -9.1689E-02
  4.5761E+02  4.8721E-01 -9.1787E-02
  4.5827E+02  4.8702E-01 -9.1886E-02
  4.5893E+02  4.8684E-01 -9.1986E-02
  4.5960E+02  4.8665E-01 -9.2087E-02
  4.6026E+02  4.8648E-01 -9.2188E-02
  4.6092E+02  4.8632E-01 -9.2289E-02
  4.6159E+02  4.8617E-01 -9.2389E-02
  4.6225E+02  4.8604E-01 -9.2487E-02
  4.6291E+02  4.8593E-01 -9.2584E-02
  4.6358E+02  4.8585E-01 -9.2678E-02
  4.6424E+02  4.8579E-01 -9.2770E-02
  4.6490E+02  4.8576E-01 -9.2861E-02
  4.6557E+02  4.8575E-01 -9.2952E-02
  4.6623E+02  4.8576E-01 -9.3042E-02
  4.6689E+02  4.8578E-01 -9.3133E-02
  4.6756E+02  4.8581E-01 -9.3226E-02
  4.6822E+02  4.8585E-01 -9.3320E-02
  4.6888E+02  4.8588E-01 -9.3415E-02
  4.6955E+02  4.8590E-01 -9.3510E-02
  4.7021E+02  4.8592E-01 -9.3606E-02
  4.7087E+02  4.8592E-01 -9.3701E-02
  4.7154E+02  4.8590E-01 -9.3796E-02
  4.7220E+02  4.8587E-01 -9.3890E-02
  4.7286E+02  4.8583E-01 -9.3983E-02
  4.7352E+02  4.8577E-01 -9.4076E-02
  4.7419E+02  4.8569E-01 -9.4168E-02
  4.7485E+02  4.8559E-01 -9.4261E-02
  4.7551E+02  4.8548E-01 -9.4355E-02
  4.7618E+02  4.8534E-01 -9.4450E-02
  4.7684E+02  4.8519E-01 -9.4546E-02
  4.7750E+02  4.8502E-01 -9.4641E-02
  4.7817E+02  4.8483E-01 -9.4737E-02
  4.7883E+02  4.8463E-01 -9.4831E-02
  4.7949E+02  4.8442E-01 -9.4924E-02
  4.8016E+02  4.8420E-01 -9.5017E-02
  4.8082E+02  4.8396E-01 -9.5109E-02
  4.8148E+02  4.8371E-01 -9.5202E-02
  4.8215E+02  4.8346E-01 -9.5297E-02
  4.8281E+02  4.8319E-01 -9.5393E-02
  4.8347E+02  4.8292E-01 -9.5492E-02
  4.8414E+02  4.8265E-01 -9.5593E-02
  4.8480E+02  4.8239E-01 -9.5696E-02
  4.8546E+02  4.8213E-01 -9.5798E-02
  4.8613E+02  4.8189E-01 -9.5900E-02
  4.8679E+02  4.8166E-01 -9.6000E-02
  4.8745E+02  4.8146E-01 -9.6097E-02
  4.8812E+02  4.8128E-01 -9.6190E-02
  4.8878E+02  4.8113E-01 -9.6281E-02
  4.8944E+02  4.8100E-01 -9.6369E-02
  4.9010E+02  4.8090E-01 -9.6456E-02
  4.9077E+02  4.8082E-01 -9.6542E-02
  4.9143E+02  4.8076E-01 -9.6628E-02
  4.9209E+02  4.8072E-01 -9.6715E-02
  4.9276E+02  4.8070E-01 -9.6803E-02
  4.9342E+02  4.8069E-01 -9.6892E-02
  4.9408E+02  4.8069E-01 -9.6983E-02
  4.9475E+02  4.8070E-01 -9.7074E-02
  4.9541E+02  4.8073E-01 -9.7166E-02
  4.9607E+02  4.8075E-01 -9.7258E-02
  4.9674E+02  4.8078E-01 -9.7350E-02
  4.9740E+02  4.8081E-01 -9.7441E-02
  4.9806E+02  4.8083E-01 -9.7531E-02
  4.9873E+02  4.8084E-01 -9.7621E-02
  4.9939E+02  4.8083E-01 -9.7710E-02
  5.0005E+02  4.8081E-01 -9.7798E-02
  5.0072E+02  4.8077E-01 -9.7887E-02
  5.0138E+02  4.8072E-01 -9.7976E-02
  5.0204E+02  4.8064E-01 -9.8065E-02
  5.0271E+02  4.8055E-01 -9.8154E-02
  5.0337E+02  4.8045E-01 -9.8242E-02
  5.0403E+02  4.8033E-01 -9.8330E-02
  5.0470E+02  4.8020E-01 -9.8418E-02
  5.0536E+02  4.8007E-01 -9.8506E-02
  5.0602E+02  4.7992E-01 -9.8594E-02
  5.0668E+02  4.7976E-01 -9.8682E-02
  5.0735E+02  4.7960E-01 -9.8771E-02
  5.0801E+02  4.7943E-01 -9.8860E-02
  5.0867E+02  4.7926E-01 -9.8951E-02
  5.0934E+02  4.7909E-01 -9.9043E-02
  5.1000E+02  4.7892E-01 -9.9136E-02
  5.1066E+02  4.7876E-01 -9.9230E-02
  5.1133E+02  4.7860E-01 -9.9323E-02
  5.1199E+02  4.7846E-01 -9.9415E-02
  5.1265E+02  4.7831E-01 -9.9506E-02
  5.1332E+02  4.7818E-01 -9.9596E-02
  5.1398E+02  4.7805E-01 -9.9683E-02
  5.1464E+02  4.7791E-01 -9.9769E-02
  5.1531E+02  4.7778E-01 -9.9855E-02
  5.1597E+02  4.7765E-01 -9.9939E-02
  5.1663E+02  4.7753E-01 -1.0002E-01
  5.1730E+02  4.7740E-01 -1.0011E-01
  5.1796E+02  4.7729E-01 -1.0020E-01
  5.1862E+02  4.7718E-01 -1.0029E-01
  5.1929E+02  4.7708E-01 -1.0038E-01
  5.1995E+02  4.7698E-01 -1.0047E-01
  5.2061E+02  4.7690E-01 -1.0056E-01
  5.2128E+02  4.7682E-01 -1.0066E-01
  5.2194E+02  4.7674E-01 -1.0076E-01
  5.2260E+02  4.7666E-01 -1.0085E-01
  5.2326E+02  4.7657E-01 -1.0095E-01
  5.2393E+02  4.7648E-01 -1.0104E-01
  5.2459E+02  4.7637E-01 -1.0114E-01
  5.2525E+02  4.7625E-01 -1.0123E-01
  5.2592E+02  4.7612E-01 -1.0132E-01
  5.2658E+02  4.7597E-01 -1.0141E-01
  5.2724E+02  4.7580E-01 -1.0150E-01
  5.2791E+02  4.7562E-01 -1.0159E-01
  5.2857E+02  4.7543E-01 -1.0168E-01
  5.2923E+02  4.7523E-01 -1.0177E-01
  5.2990E+02  4.7501E-01 -1.0186E-01
  5.3056E+02  4.7479E-01 -1.0195E-01
  5.3122E+02  4.7456E-01 -1.0204E-01
  5.3189E+02  4.7434E-01 -1.0213E-01
  5.3255E+02  4.7412E-01 -1.0222E-01
  5.3321E+02  4.7390E-01 -1.0231E-01
  5.3388E+02  4.7370E-01 -1.0240E-01
  5.3454E+02  4.7351E-01 -1.0249E-01
  5.3520E+02  4.7334E-01 -1.0257E-01
  5.3587E+02  4.7318E-01 -1.0266E-01
  5.3653E+02  4.7305E-01 -1.0275E-01
  5.3719E+02  4.7293E-01 -1.0284E-01
  5.3786E+02  4.7284E-01 -1.0293E-01
  5.3852E+02  4.7277E-01 -1.0301E-01
  5.3918E+02  4.7271E-01 -1.0310E-01
  5.3984E+02  4.7268E-01 -1.0318E-01
  5.4051E+02  4.7267E-01 -1.0327E-01
  5.4117E+02  4.7268E-01 -1.0335E-01
  5.4183E+02  4.7271E-01 -1.0344E-01
  5.4250E+02  4.7275E-01 -1.0352E-01
  5.4316E+02  4.7282E-01 -1.0361E-01
  5.4382E+02  4.7290E-01 -1.0369E-01
  5.4449E+02  4.7300E-01 -1.0377E-01
  5.4515E+02  4.7310E-01 -1.0386E-01
  5.4581E+02  4.7321E-01 -1.0394E-01
  5.4648E+02  4.7332E-01 -1.0402E-01
  5.4714E+02  4.7342E-01 -1.0411E-01
  5.4780E+02  4.7350E-01 -1.0419E-01
  5.4847E+02  4.7357E-01 -1.0428E-01
  5.4913E+02  4.7362E-01 -1.0437E-01
  5.4979E+02  4.7364E-01 -1.0445E-01
  5.5046E+02  4.7363E-01 -1.0454E-01
  5.5112E+02  4.7359E-01 -1.0463E-01
  5.5178E+02  4.7351E-01 -1.0471E-01
  5.5245E+02  4.7340E-01 -1.0479E-01
  5.5311E+02  4.7325E-01 -1.0488E-01
  5.5377E+02  4.7306E-01 -1.0496E-01
  5.5444E+02  4.7284E-01 -1.0504E-01
  5.5510E+02  4.7259E-01 -1.0512E-01
  5.5576E+02  4.7230E-01 -1.0520E-01
  5.5642E+02  4.7199E-01 -1.0528E-01
  5.5709E+02  4.7164E-01 -1.0536E-01
  5.5775E+02  4.7127E-01 -1.0544E-01
  5.5841E+02  4.7088E-01 -1.0552E-01
  5.5908E+02  4.7047E-01 -1.0560E-01
  5.5974E+02  4.7006E-01 -1.0568E-01
  5.6040E+02  4.6964E-01 -1.0576E-01
  5.6107E+02  4.6923E-01 -1.0584E-01
  5.6173E+02  4.6883E-01 -1.0592E-01
  5.6239E+02  4.6845E-01 -1.0601E-01
  5.6306E+02  4.6808E-01 -1.0609E-01
  5.6372E+02  4.6773E-01 -1.0617E-01
  5.6438E+02  4.6740E-01 -1.0625E-01
  5.6505E+02  4.6710E-01 -1.0633E-01
  5.6571E+02  4.6681E-01 -1.0641E-01
  5.6637E+02  4.6655E-01 -1.0649E-01
  5.6704E+02  4.6632E-01 -1.0657E-01
  5.6770E+02  4.6612E-01 -1.0666E-01
  5.6836E+02  4.6596E-01 -1.0674E-01
  5.6903E+02  4.6584E-01 -1.0682E-01
  5.6969E+02  4.6577E-01 -1.0691E-01
  5.7035E+02  4.6575E-01 -1.0700E-01
  5.7102E+02  4.6577E-01 -1.0708E-01
  5.7168E+02  4.6584E-01 -1.0717E-01
  5.7234E+02  4.6595E-01 -1.0726E-01
  5.7300E+02  4.6610E-01 -1.0734E-01
  5.7367E+02  4.6628E-01 -1.0743E-01
  5.7433E+02  4.6649E-01 -1.0751E-01
  5.7499E+02  4.6672E-01 -1.0759E-01
  5.7566E+02  4.6696E-01 -1.0767E-01
  5.7632E+02  4.6721E-01 -1.0775E-01
  5.7698E+02  4.6746E-01 -1.0783E-01
  5.7765E+02  4.6771E-01 -1.0791E-01
  5.7831E+02  4.6796E-01 -1.0799E-01
  5.7897E+02  4.6819E-01 -1.0807E-01
  5.7964E+02  4.6841E-01 -1.0816E-01
  5.8030E+02  4.6860E-01 -1.0824E-01
  5.8096E+02  4.6877E-01 -1.0832E-01
  5.8163E+02  4.6890E-01 -1.0840E-01
  5.8229E+02  4.6900E-01 -1.0849E-01
  5.8295E+02  4.6907E-01 -1.0857E-01
  5.8362E+02  4.6909E-01 -1.0866E-01
  5.8428E+02  4.6908E-01 -1.0874E-01
  5.8494E+02  4.6902E-01 -1.0883E-01
  5.8561E+02  4.6892E-01 -1.0892E-01
  5.8627E+02  4.6878E-01 -1.0901E-01
  5.8693E+02  4.6859E-01 -1.0909E-01
  5.8760E+02  4.6836E-01 -1.0918E-01
  5.8826E+02  4.6809E-01 -1.0927E-01
  5.8892E+02  4.6778E-01 -1.0935E-01
  5.8958E+02  4.6744E-01 -1.0944E-01
  5.9025E+02  4.6707E-01 -1.0952E-01
  5.9091E+02  4.6667E-01 -1.0960E-01
  5.9157E+02  4.6624E-01 -1.0968E-01
  5.9224E+02  4.6580E-01 -1.0976E-01
  5.9290E+02  4.6534E-01 -1.0984E-01
  5.9356E+02  4.6487E-01 -1.0992E-01
  5.9423E+02  4.6439E-01 -1.0999E-01
  5.9489E+02  4.6390E-01 -1.1007E-01
  5.9555E+02  4.6340E-01 -1.1015E-01
  5.9622E+02  4.6291E-01 -1.1023E-01
  5.9688E+02  4.6243E-01 -1.1031E-01
  5.9754E+02  4.6197E-01 -1.1039E-01
  5.9821E+02  4.6153E-01 -1.1047E-01
  5.9887E+02  4.6112E-01 -1.1056E-01
  5.9953E+02  4.6075E-01 -1.1064E-01
  6.0020E+02  4.6043E-01 -1.1072E-01
  6.0086E+02  4.6016E-01 -1.1080E-01
  6.0152E+02  4.5993E-01 -1.1088E-01
  6.0219E+02  4.5976E-01 -1.1096E-01
  6.0285E+02  4.5964E-01 -1.1105E-01
  6.0351E+02  4.5957E-01 -1.1113E-01
  6.0418E+02  4.5954E-01 -1.1120E-01
  6.0484E+02  4.5955E-01 -1.1128E-01
  6.0550E+02  4.5960E-01 -1.1136E-01
  6.0616E+02  4.5969E-01 -1.1143E-01
  6.0683E+02  4.5981E-01 -1.1151E-01
  6.0749E+02  4.5995E-01 -1.1158E-01
  6.0815E+02  4.6013E-01 -1.1166E-01
  6.0882E+02  4.6032E-01 -1.1173E-01
  6.0948E+02  4.6053E-01 -1.1181E-01
  6.1014E+02  4.6075E-01 -1.1188E-01
  6.1081E+02  4.6097E-01 -1.1196E-01
  6.1147E+02  4.6121E-01 -1.1204E-01
  6.1213E+02  4.6143E-01 -1.1212E-01
  6.1280E+02  4.6165E-01 -1.1220E-01
  6.1346E+02  4.6186E-01 -1.1228E-01
  6.1412E+02  4.6206E-01 -1.1236E-01
  6.1479E+02  4.6223E-01 -1.1244E-01
  6.1545E+02  4.6238E-01 -1.1252E-01
  6.1611E+02  4.6251E-01 -1.1260E-01
  6.1678E+02  4.6261E-01 -1.1268E-01
  6.1744E+02  4.6269E-01 -1.1276E-01
  6.1810E+02  4.6273E-01 -1.1284E-01
  6.1877E+02  4.6276E-01 -1.1293E-01
  6.1943E+02  4.6275E-01 -1.1301E-01
  6.2009E+02  4.6271E-01 -1.1309E-01
  6.2076E+02  4.6265E-01 -1.1317E-01
  6.2142E+02  4.6256E-01 -1.1324E-01
  6.2208E+02  4.6244E-01 -1.1332E-01
  6.2274E+02  4.6229E-01 -1.1340E-01
  6.2341E+02  4.6211E-01 -1.1347E-01
  6.2407E+02  4.6190E-01 -1.1355E-01
  6.2473E+02  4.6166E-01 -1.1363E-01
  6.2540E+02  4.6139E-01 -1.1371E-01
  6.2606E+02  4.6110E-01 -1.1379E-01
  6.2672E+02  4.6077E-01 -1.1387E-01
  6.2739E+02  4.6042E-01 -1.1395E-01
  6.2805E+02  4.6006E-01 -1.1403E-01
  6.2871E+02  4.5967E-01 -1.1410E-01
  6.2938E+02  4.5927E-01 -1.1418E-01
  6.3004E+02  4.5887E-01 -1.1426E-01
  6.3070E+02  4.5846E-01 -1.1433E-01
  6.3137E+02  4.5805E-01 -1.1440E-01
  6.3203E+02  4.5764E-01 -1.1447E-01
  6.3269E+02  4.5724E-01 -1.1454E-01
  6.3336E+02  4.5685E-01 -1.1461E-01
  6.3402E+02  4.5647E-01 -1.1468E-01
  6.3468E+02  4.5610E-01 -1.1475E-01
  6.3535E+02  4.5575E-01 -1.1482E-01
  6.3601E+02  4.5542E-01 -1.1488E-01
  6.3667E+02  4.5511E-01 -1.1494E-01
  6.3734E+02  4.5483E-01 -1.1500E-01
  6.3800E+02  4.5457E-01 -1.1506E-01
  6.3866E+02  4.5434E-01 -1.1513E-01
  6.3932E+02  4.5414E-01 -1.1519E-01
  6.3999E+02  4.5397E-01 -1.1526E-01
  6.4065E+02  4.5383E-01 -1.1532E-01
  6.4131E+02  4.5372E-01 -1.1539E-01
  6.4198E+02  4.5364E-01 -1.1547E-01
  6.4264E+02  4.5358E-01 -1.1554E-01
  6.4330E+02  4.5354E-01 -1.1562E-01
  6.4397E+02  4.5352E-01 -1.1569E-01
  6.4463E+02  4.5352E-01 -1.1577E-01
  6.4529E+02  4.5353E-01 -1.1584E-01
  6.4596E+02  4.5355E-01 -1.1592E-01
  6.4662E+02  4.5358E-01 -1.1599E-01
  6.4728E+02  4.5362E-01 -1.1607E-01
  6.4795E+02  4.5367E-01 -1.1614E-01
  6.4861E+02  4.5373E-01 -1.1622E-01
  6.4927E+02  4.5379E-01 -1.1629E-01
  6.4994E+02  4.5386E-01 -1.1637E-01
  6.5060E+02  4.5393E-01 -1.1644E-01
  6.5126E+02  4.5400E-01 -1.1652E-01
  6.5193E+02  4.5407E-01 -1.1659E-01
  6.5259E+02  4.5414E-01 -1.1667E-01
  6.5325E+02  4.5421E-01 -1.1674E-01
  6.5392E+02  4.5427E-01 -1.1681E-01
  6.5458E+02  4.5433E-01 -1.1688E-01
  6.5524E+02  4.5438E-01 -1.1695E-01
  6.5590E+02  4.5442E-01 -1.1702E-01
  6.5657E+02  4.5446E-01 -1.1710E-01
  6.5723E+02  4.5449E-01 -1.1717E-01
  6.5789E+02  4.5451E-01 -1.1724E-01
  6.5856E+02  4.5453E-01 -1.1732E-01
  6.5922E+02  4.5453E-01 -1.1739E-01
  6.5988E+02  4.5453E-01 -1.1747E-01
  6.6055E+02  4.5451E-01 -1.1755E-01
  6.6121E+02  4.5448E-01 -1.1763E-01
  6.6187E+02  4.5444E-01 -1.1771E-01
  6.6254E+02  4.5439E-01 -1.1778E-01
  6.6320E+02  4.5432E-01 -1.1786E-01
  6.6386E+02  4.5423E-01 -1.1793E-01
  6.6453E+02  4.5413E-01 -1.1801E-01
  6.6519E+02  4.5402E-01 -1.1808E-01
  6.6585E+02  4.5388E-01 -1.1816E-01
  6.6652E+02  4.5373E-01 -1.1823E-01
  6.6718E+02  4.5355E-01 -1.1830E-01
  6.6784E+02  4.5337E-01 -1.1837E-01
  6.6851E+02  4.5316E-01 -1.1844E-01
  6.6917E+02  4.5294E-01 -1.1851E-01
  6.6983E+02  4.5271E-01 -1.1858E-01
  6.7050E+02  4.5248E-01 -1.1865E-01
  6.7116E+02  4.5223E-01 -1.1872E-01
  6.7182E+02  4.5198E-01 -1.1879E-01
  6.7248E+02  4.5173E-01 -1.1887E-01
  6.7315E+02  4.5148E-01 -1.1894E-01
  6.7381E+02  4.5122E-01 -1.1901E-01
  6.7447E+02  4.5097E-01 -1.1908E-01
  6.7514E+02  4.5072E-01 -1.1915E-01
  6.7580E+02  4.5046E-01 -1.1922E-01
  6.7646E+02  4.5021E-01 -1.1930E-01
  6.7713E+02  4.4995E-01 -1.1937E-01
  6.7779E+02  4.4971E-01 -1.1944E-01
  6.7845E+02  4.4947E-01 -1.1951E-01
  6.7912E+02  4.4923E-01 -1.1958E-01
  6.7978E+02  4.4901E-01 -1.1966E-01
  6.8044E+02  4.4880E-01 -1.1973E-01
  6.8111E+02  4.4860E-01 -1.1979E-01
  6.8177E+02  4.4841E-01 -1.1986E-01
  6.8243E+02  4.4823E-01 -1.1993E-01
  6.8310E+02  4.4806E-01 -1.2000E-01
  6.8376E+02  4.4790E-01 -1.2006E-01
  6.8442E+02  4.4775E-01 -1.2013E-01
  6.8509E+02  4.4761E-01 -1.2020E-01
  6.8575E+02  4.4748E-01 -1.2027E-01
  6.8641E+02  4.4735E-01 -1.2034E-01
  6.8708E+02  4.4723E-01 -1.2041E-01
  6.8774E+02  4.4711E-01 -1.2048E-01
  6.8840E+02  4.4701E-01 -1.2056E-01
  6.8906E+02  4.4690E-01 -1.2063E-01
  6.8973E+02  4.4681E-01 -1.2070E-01
  6.9039E+02  4.4673E-01 -1.2077E-01
  6.9105E+02  4.4665E-01 -1.2085E-01
  6.9172E+02  4.4659E-01 -1.2092E-01
  6.9238E+02  4.4654E-01 -1.2099E-01
  6.9304E+02  4.4649E-01 -1.2106E-01
  6.9371E+02  4.4646E-01 -1.2114E-01
  6.9437E+02  4.4643E-01 -1.2121E-01
  6.9503E+02  4.4641E-01 -1.2128E-01
  6.9570E+02  4.4640E-01 -1.2135E-01
  6.9636E+02  4.4639E-01 -1.2143E-01
  6.9702E+02  4.4639E-01 -1.2150E-01
  6.9769E+02  4.4639E-01 -1.2157E-01
  6.9835E+02  4.4639E-01 -1.2164E-01
  6.9901E+02  4.4640E-01 -1.2171E-01
  6.9968E+02  4.4640E-01 -1.2178E-01
  7.0034E+02  4.4640E-01 -1.2185E-01
  7.0100E+02  4.4640E-01 -1.2192E-01
  7.0167E+02  4.4640E-01 -1.2198E-01
  7.0233E+02  4.4639E-01 -1.2205E-01
  7.0299E+02  4.4638E-01 -1.2211E-01
  7.0366E+02  4.4637E-01 -1.2218E-01
  7.0432E+02  4.4635E-01 -1.2224E-01
  7.0498E+02  4.4633E-01 -1.2231E-01
  7.0564E+02  4.4630E-01 -1.2237E-01
  7.0631E+02  4.4627E-01 -1.2244E-01
  7.0697E+02  4.4623E-01 -1.2250E-01
  7.0763E+02  4.4619E-01 -1.2257E-01
  7.0830E+02  4.4614E-01 -1.2263E-01
  7.0896E+02  4.4608E-01 -1.2270E-01
  7.0962E+02  4.4601E-01 -1.2276E-01
  7.1029E+02  4.4593E-01 -1.2283E-01
  7.1095E+02  4.4584E-01 -1.2289E-01
  7.1161E+02  4.4574E-01 -1.2296E-01
  7.1228E+02  4.4563E-01 -1.2302E-01
  7.1294E+02  4.4552E-01 -1.2309E-01
  7.1360E+02  4.4540E-01 -1.2315E-01
  7.1427E+02  4.4528E-01 -1.2322E-01
  7.1493E+02  4.4514E-01 -1.2328E-01
  7.1559E+02  4.4501E-01 -1.2335E-01
  7.1626E+02  4.4486E-01 -1.2341E-01
  7.1692E+02  4.4470E-01 -1.2347E-01
  7.1758E+02  4.4454E-01 -1.2354E-01
  7.1825E+02  4.4437E-01 -1.2360E-01
  7.1891E+02  4.4418E-01 -1.2366E-01
  7.1957E+02  4.4399E-01 -1.2373E-01
  7.2024E+02  4.4379E-01 -1.2379E-01
  7.2090E+02  4.4359E-01 -1.2385E-01
  7.2156E+02  4.4338E-01 -1.2392E-01
  7.2222E+02  4.4317E-01 -1.2399E-01
  7.2289E+02  4.4296E-01 -1.2405E-01
  7.2355E+02  4.4276E-01 -1.2412E-01
  7.2421E+02  4.4256E-01 -1.2418E-01
  7.2488E+02  4.4237E-01 -1.2425E-01
  7.2554E+02  4.4218E-01 -1.2431E-01
  7.2620E+02  4.4199E-01 -1.2438E-01
  7.2687E+02  4.4180E-01 -1.2444E-01
  7.2753E+02  4.4161E-01 -1.2450E-01
  7.2819E+02  4.4143E-01 -1.2457E-01
  7.2886E+02  4.4124E-01 -1.2463E-01
  7.2952E+02  4.4105E-01 -1.2470E-01
  7.3018E+02  4.4086E-01 -1.2476E-01
  7.3085E+02  4.4068E-01 -1.2482E-01
  7.3151E+02  4.4051E-01 -1.2489E-01
  7.3217E+02  4.4036E-01 -1.2495E-01
  7.3284E+02  4.4022E-01 -1.2501E-01
  7.3350E+02  4.4009E-01 -1.2507E-01
  7.3416E+02  4.3998E-01 -1.2514E-01
  7.3483E+02  4.3989E-01 -1.2520E-01
  7.3549E+02  4.3981E-01 -1.2526E-01
  7.3615E+02  4.3973E-01 -1.2532E-01
  7.3682E+02  4.3967E-01 -1.2538E-01
  7.3748E+02  4.3961E-01 -1.2544E-01
  7.3814E+02  4.3956E-01 -1.2550E-01
  7.3880E+02  4.3951E-01 -1.2556E-01
  7.3947E+02  4.3946E-01 -1.2562E-01
  7.4013E+02  4.3941E-01 -1.2568E-01
  7.4079E+02  4.3936E-01 -1.2574E-01
  7.4146E+02  4.3931E-01 -1.2580E-01
  7.4212E+02  4.3925E-01 -1.2586E-01
  7.4278E+02  4.3918E-01 -1.2592E-01
  7.4345E+02  4.3910E-01 -1.2598E-01
  7.4411E+02  4.3901E-01 -1.2604E-01
  7.4477E+02  4.3891E-01 -1.2610E-01
  7.4544E+02  4.3880E-01 -1.2616E-01
  7.4610E+02  4.3867E-01 -1.2622E-01
  7.4676E+02  4.3854E-01 -1.2628E-01
  7.4743E+02  4.3840E-01 -1.2634E-01
  7.4809E+02  4.3825E-01 -1.2641E-01
  7.4875E+02  4.3809E-01 -1.2647E-01
  7.4942E+02  4.3794E-01 -1.2653E-01
  7.5008E+02  4.3777E-01 -1.2659E-01
  7.5074E+02  4.3761E-01 -1.2665E-01
  7.5141E+02  4.3744E-01 -1.2671E-01
  7.5207E+02  4.3727E-01 -1.2677E-01
  7.5273E+02  4.3710E-01 -1.2683E-01
  7.5340E+02  4.3692E-01 -1.2689E-01
  7.5406E+02  4.3674E-01 -1.2695E-01
  7.5472E+02  4.3656E-01 -1.2701E-01
  7.5538E+02  4.3637E-01 -1.2707E-01
  7.5605E+02  4.3619E-01 -1.2713E-01
  7.5671E+02  4.3600E-01 -1.2719E-01
  7.5737E+02  4.3582E-01 -1.2725E-01
  7.5804E+02  4.3565E-01 -1.2731E-01
  7.5870E+02  4.3548E-01 -1.2738E-01
  7.5936E+02  4.3532E-01 -1.2744E-01
  7.6003E+02  4.3518E-01 -1.2750E-01
  7.6069E+02  4.3505E-01 -1.2756E-01
  7.6135E+02  4.3493E-01 -1.2762E-01
  7.6202E+02  4.3482E-01 -1.2768E-01
  7.6268E+02  4.3471E-01 -1.2774E-01
  7.6334E+02  4.3461E-01 -1.2781E-01
  7.6401E+02  4.3452E-01 -1.2787E-01
  7.6467E+02  4.3442E-01 -1.2793E-01
  7.6533E+02  4.3432E-01 -1.2799E-01
  7.6600E+02  4.3423E-01 -1.2805E-01
  7.6666E+02  4.3414E-01 -1.2811E-01
  7.6732E+02  4.3406E-01 -1.2817E-01
  7.6799E+02  4.3399E-01 -1.2823E-01
  7.6865E+02  4.3393E-01 -1.2829E-01
  7.6931E+02  4.3388E-01 -1.2836E-01
  7.6998E+02  4.3384E-01 -1.2842E-01
  7.7064E+02  4.3380E-01 -1.2848E-01
  7.7130E+02  4.3377E-01 -1.2854E-01
  7.7196E+02  4.3373E-01 -1.2860E-01
  7.7263E+02  4.3369E-01 -1.2866E-01
  7.7329E+02  4.3365E-01 -1.2872E-01
  7.7395E+02  4.3359E-01 -1.2878E-01
  7.7462E+02  4.3353E-01 -1.2884E-01
  7.7528E+02  4.3346E-01 -1.2890E-01
  7.7594E+02  4.3338E-01 -1.2896E-01
  7.7661E+02  4.3330E-01 -1.2902E-01
  7.7727E+02  4.3321E-01 -1.2908E-01
  7.7793E+02  4.3312E-01 -1.2914E-01
  7.7860E+02  4.3303E-01 -1.2920E-01
  7.7926E+02  4.3294E-01 -1.2925E-01
  7.7992E+02  4.3285E-01 -1.2931E-01
  7.8059E+02  4.3276E-01 -1.2937E-01
  7.8125E+02  4.3267E-01 -1.2943E-01
  7.8191E+02  4.3258E-01 -1.2949E-01
  7.8258E+02  4.3249E-01 -1.2955E-01
  7.8324E+02  4.3240E-01 -1.2961E-01
  7.8390E+02  4.3231E-01 -1.2967E-01
  7.8457E+02  4.3222E-01 -1.2972E-01
  7.8523E+02  4.3212E-01 -1.2978E-01
  7.8589E+02  4.3202E-01 -1.2984E-01
  7.8656E+02  4.3191E-01 -1.2990E-01
  7.8722E+02  4.3179E-01 -1.2996E-01
  7.8788E+02  4.3167E-01 -1.3002E-01
  7.8854E+02  4.3154E-01 -1.3008E-01
  7.8921E+02  4.3141E-01 -1.3014E-01
  7.8987E+02  4.3126E-01 -1.3020E-01
  7.9053E+02  4.3112E-01 -1.3026E-01
  7.9120E+02  4.3096E-01 -1.3032E-01
  7.9186E+02  4.3081E-01 -1.3037E-01
  7.9252E+02  4.3066E-01 -1.3043E-01
  7.9319E+02  4.3050E-01 -1.3049E-01
  7.9385E+02  4.3036E-01 -1.3055E-01
  7.9451E+02  4.3021E-01 -1.3060E-01
  7.9518E+02  4.3008E-01 -1.3066E-01
  7.9584E+02  4.2995E-01 -1.3072E-01
  7.9650E+02  4.2983E-01 -1.3078E-01
  7.9717E+02  4.2971E-01 -1.3084E-01
  7.9783E+02  4.2960E-01 -1.3089E-01
  7.9849E+02  4.2949E-01 -1.3095E-01
  7.9916E+02  4.2939E-01 -1.3101E-01
  7.9982E+02  4.2929E-01 -1.3107E-01
  8.0048E+02  4.2919E-01 -1.3113E-01
  8.0115E+02  4.2909E-01 -1.3118E-01
  8.0181E+02  4.2900E-01 -1.3124E-01
  8.0247E+02  4.2892E-01 -1.3129E-01
  8.0314E+02  4.2883E-01 -1.3135E-01
  8.0380E+02  4.2875E-01 -1.3141E-01
  8.0446E+02  4.2867E-01 -1.3146E-01
  8.0512E+02  4.2858E-01 -1.3151E-01
  8.0579E+02  4.2850E-01 -1.3157E-01
  8.0645E+02  4.2842E-01 -1.3162E-01
  8.0711E+02  4.2834E-01 -1.3168E-01
  8.0778E+02  4.2827E-01 -1.3173E-01
  8.0844E+02  4.2821E-01 -1.3179E-01
  8.0910E+02  4.2815E-01 -1.3185E-01
  8.0977E+02  4.2809E-01 -1.3190E-01
  8.1043E+02  4.2804E-01 -1.3196E-01
  8.1109E+02  4.2798E-01 -1.3202E-01
  8.1176E+02  4.2792E-01 -1.3208E-01
  8.1242E+02  4.2785E-01 -1.3214E-01
  8.1308E+02  4.2776E-01 -1.3219E-01
  8.1375E+02  4.2767E-01 -1.3225E-01
  8.1441E+02  4.2757E-01 -1.3231E-01
  8.1507E+02  4.2746E-01 -1.3237E-01
  8.1574E+02  4.2734E-01 -1.3242E-01
  8.1640E+02  4.2723E-01 -1.3248E-01
  8.1706E+02  4.2711E-01 -1.3254E-01
  8.1773E+02  4.2699E-01 -1.3260E-01
  8.1839E+02  4.2688E-01 -1.3265E-01
  8.1905E+02  4.2676E-01 -1.3271E-01
  8.1972E+02  4.2665E-01 -1.3277E-01
  8.2038E+02  4.2653E-01 -1.3282E-01
  8.2104E+02  4.2641E-01 -1.3288E-01
  8.2170E+02  4.2629E-01 -1.3293E-01
  8.2237E+02  4.2616E-01 -1.3298E-01
  8.2303E+02  4.2604E-01 -1.3303E-01
  8.2369E+02  4.2591E-01 -1.3309E-01
  8.2436E+02  4.2578E-01 -1.3314E-01
  8.2502E+02  4.2565E-01 -1.3319E-01
  8.2568E+02  4.2553E-01 -1.3324E-01
  8.2635E+02  4.2542E-01 -1.3330E-01
  8.2701E+02  4.2531E-01 -1.3335E-01
  8.2767E+02  4.2521E-01 -1.3340E-01
  8.2834E+02  4.2511E-01 -1.3345E-01
  8.2900E+02  4.2501E-01 -1.3350E-01
  8.2966E+02  4.2493E-01 -1.3355E-01
  8.3033E+02  4.2484E-01 -1.3361E-01
  8.3099E+02  4.2477E-01 -1.3366E-01
  8.3165E+02  4.2469E-01 -1.3371E-01
  8.3232E+02  4.2462E-01 -1.3376E-01
  8.3298E+02  4.2455E-01 -1.3381E-01
  8.3364E+02  4.2447E-01 -1.3386E-01
  8.3431E+02  4.2439E-01 -1.3391E-01
  8.3497E+02  4.2431E-01 -1.3396E-01
  8.3563E+02  4.2422E-01 -1.3401E-01
  8.3630E+02  4.2413E-01 -1.3406E-01
  8.3696E+02  4.2404E-01 -1.3412E-01
  8.3762E+02  4.2394E-01 -1.3417E-01
  8.3828E+02  4.2383E-01 -1.3422E-01
  8.3895E+02  4.2372E-01 -1.3427E-01
  8.3961E+02  4.2361E-01 -1.3432E-01
  8.4027E+02  4.2350E-01 -1.3438E-01
  8.4094E+02  4.2338E-01 -1.3443E-01
  8.4160E+02  4.2326E-01 -1.3448E-01
  8.4226E+02  4.2313E-01 -1.3454E-01
  8.4293E+02  4.2301E-01 -1.3459E-01
  8.4359E+02  4.2288E-01 -1.3464E-01
  8.4425E+02  4.2276E-01 -1.3470E-01
  8.4492E+02  4.2264E-01 -1.3475E-01
  8.4558E+02  4.2252E-01 -1.3480E-01
  8.4624E+02  4.2241E-01 -1.3485E-01
  8.4691E+02  4.2230E-01 -1.3490E-01
  8.4757E+02  4.2219E-01 -1.3495E-01
  8.4823E+02  4.2209E-01 -1.3500E-01
  8.4890E+02  4.2200E-01 -1.3505E-01
  8.4956E+02  4.2190E-01 -1.3510E-01
  8.5022E+02  4.2181E-01 -1.3515E-01
  8.5089E+02  4.2172E-01 -1.3519E-01
  8.5155E+02  4.2162E-01 -1.3524E-01
  8.5221E+02  4.2152E-01 -1.3529E-01
  8.5288E+02  4.2142E-01 -1.3534E-01
  8.5354E+02  4.2130E-01 -1.3539E-01
  8.5420E+02  4.2118E-01 -1.3544E-01
  8.5486E+02  4.2106E-01 -1.3549E-01
  8.5553E+02  4.2093E-01 -1.3554E-01
  8.5619E+02  4.2080E-01 -1.3558E-01
  8.5685E+02  4.2067E-01 -1.3563E-01
  8.5752E+02  4.2054E-01 -1.3568E-01
  8.5818E+02  4.2042E-01 -1.3573E-01
  8.5884E+02  4.2030E-01 -1.3578E-01
  8.5951E+02  4.2019E-01 -1.3583E-01
  8.6017E+02  4.2009E-01 -1.3588E-01
  8.6083E+02  4.1998E-01 -1.3593E-01
  8.6150E+02  4.1987E-01 -1.3598E-01
  8.6216E+02  4.1976E-01 -1.3603E-01
  8.6282E+02  4.1964E-01 -1.3608E-01
  8.6349E+02  4.1952E-01 -1.3613E-01
  8.6415E+02  4.1940E-01 -1.3617E-01
  8.6481E+02  4.1927E-01 -1.3622E-01
  8.6548E+02  4.1913E-01 -1.3627E-01
  8.6614E+02  4.1900E-01 -1.3632E-01
  8.6680E+02  4.1887E-01 -1.3637E-01
  8.6747E+02  4.1874E-01 -1.3642E-01
  8.6813E+02  4.1862E-01 -1.3647E-01
  8.6879E+02  4.1851E-01 -1.3651E-01
  8.6946E+02  4.1840E-01 -1.3656E-01
  8.7012E+02  4.1831E-01 -1.3661E-01
  8.7078E+02  4.1822E-01 -1.3666E-01
  8.7144E+02  4.1814E-01 -1.3671E-01
  8.7211E+02  4.1807E-01 -1.3675E-01
  8.7277E+02  4.1800E-01 -1.3680E-01
  8.7343E+02  4.1793E-01 -1.3685E-01
  8.7410E+02  4.1787E-01 -1.3689E-01
  8.7476E+02  4.1779E-01 -1.3694E-01
  8.7542E+02  4.1772E-01 -1.3698E-01
  8.7609E+02  4.1764E-01 -1.3703E-01
  8.7675E+02  4.1754E-01 -1.3707E-01
  8.7741E+02  4.1744E-01 -1.3712E-01
  8.7808E+02  4.1733E-01 -1.3716E-01
  8.7874E+02  4.1721E-01 -1.3721E-01
  8.7940E+02  4.1708E-01 -1.3725E-01
  8.8007E+02  4.1694E-01 -1.3730E-01
  8.8073E+02  4.1679E-01 -1.3735E-01
  8.8139E+02  4.1664E-01 -1.3739E-01
  8.8206E+02  4.1649E-01 -1.3744E-01
  8.8272E+02  4.1633E-01 -1.3749E-01
  8.8338E+02  4.1618E-01 -1.3754E-01
  8.8405E+02  4.1603E-01 -1.3759E-01
  8.8471E+02  4.1589E-01 -1.3764E-01
  8.8537E+02  4.1574E-01 -1.3769E-01
  8.8604E+02  4.1559E-01 -1.3774E-01
  8.8670E+02  4.1545E-01 -1.3779E-01
  8.8736E+02  4.1530E-01 -1.3784E-01
  8.8802E+02  4.1516E-01 -1.3789E-01
  8.8869E+02  4.1501E-01 -1.3794E-01
  8.8935E+02  4.1486E-01 -1.3799E-01
  8.9001E+02  4.1472E-01 -1.3804E-01
  8.9068E+02  4.1458E-01 -1.3808E-01
  8.9134E+02  4.1444E-01 -1.3813E-01
  8.9200E+02  4.1431E-01 -1.3818E-01
  8.9267E+02  4.1418E-01 -1.3822E-01
  8.9333E+02  4.1406E-01 -1.3827E-01
  8.9399E+02  4.1394E-01 -1.3831E-01
  8.9466E+02  4.1383E-01 -1.3836E-01
  8.9532E+02  4.1372E-01 -1.3840E-01
  8.9598E+02  4.1362E-01 -1.3844E-01
  8.9665E+02  4.1352E-01 -1.3849E-01
  8.9731E+02  4.1343E-01 -1.3854E-01
  8.9797E+02  4.1334E-01 -1.3858E-01
  8.9864E+02  4.1325E-01 -1.3863E-01
  8.9930E+02  4.1317E-01 -1.3867E-01
  8.9996E+02  4.1310E-01 -1.3872E-01
  9.0063E+02  4.1303E-01 -1.3876E-01
  9.0129E+02  4.1296E-01 -1.3881E-01
  9.0195E+02  4.1289E-01 -1.3885E-01
  9.0262E+02  4.1283E-01 -1.3890E-01
  9.0328E+02  4.1276E-01 -1.3894E-01
  9.0394E+02  4.1268E-01 -1.3899E-01
  9.0460E+02  4.1260E-01 -1.3903E-01
  9.0527E+02  4.1251E-01 -1.3907E-01
  9.0593E+02  4.1240E-01 -1.3912E-01
  9.0659E+02  4.1228E-01 -1.3916E-01
  9.0726E+02  4.1215E-01 -1.3920E-01
  9.0792E+02  4.1200E-01 -1.3925E-01
  9.0858E+02  4.1184E-01 -1.3929E-01
  9.0925E+02  4.1166E-01 -1.3933E-01
  9.0991E+02  4.1148E-01 -1.3938E-01
  9.1057E+02  4.1129E-01 -1.3942E-01
  9.1124E+02  4.1111E-01 -1.3947E-01
  9.1190E+02  4.1092E-01 -1.3952E-01
  9.1256E+02  4.1075E-01 -1.3956E-01
  9.1323E+02  4.1058E-01 -1.3961E-01
  9.1389E+02  4.1042E-01 -1.3966E-01
  9.1455E+02  4.1026E-01 -1.3971E-01
  9.1522E+02  4.1012E-01 -1.3975E-01
  9.1588E+02  4.0999E-01 -1.3980E-01
  9.1654E+02  4.0987E-01 -1.3984E-01
  9.1721E+02  4.0976E-01 -1.3989E-01
  9.1787E+02  4.0966E-01 -1.3993E-01
  9.1853E+02  4.0956E-01 -1.3998E-01
  9.1920E+02  4.0947E-01 -1.4002E-01
  9.1986E+02  4.0938E-01 -1.4006E-01
  9.2052E+02  4.0930E-01 -1.4010E-01
  9.2118E+02  4.0922E-01 -1.4014E-01
  9.2185E+02  4.0913E-01 -1.4018E-01
  9.2251E+02  4.0905E-01 -1.4022E-01
  9.2317E+02  4.0897E-01 -1.4026E-01
  9.2384E+02  4.0889E-01 -1.4030E-01
  9.2450E+02  4.0881E-01 -1.4034E-01
  9.2516E+02  4.0873E-01 -1.4038E-01
  9.2583E+02  4.0864E-01 -1.4043E-01
  9.2649E+02  4.0856E-01 -1.4047E-01
  9.2715E+02  4.0847E-01 -1.4051E-01
  9.2782E+02  4.0838E-01 -1.4056E-01
  9.2848E+02  4.0828E-01 -1.4060E-01
  9.2914E+02  4.0818E-01 -1.4064E-01
  9.2981E+02  4.0807E-01 -1.4069E-01
  9.3047E+02  4.0796E-01 -1.4073E-01
  9.3113E+02  4.0785E-01 -1.4077E-01
  9.3180E+02  4.0773E-01 -1.4082E-01
  9.3246E+02  4.0761E-01 -1.4086E-01
  9.3312E+02  4.0749E-01 -1.4090E-01
  9.3379E+02  4.0737E-01 -1.4095E-01
  9.3445E+02  4.0724E-01 -1.4099E-01
  9.3511E+02  4.0711E-01 -1.4103E-01
  9.3578E+02  4.0698E-01 -1.4108E-01
  9.3644E+02  4.0685E-01 -1.4112E-01
  9.3710E+02  4.0671E-01 -1.4116E-01
  9.3776E+02  4.0657E-01 -1.4121E-01
  9.3843E+02  4.0644E-01 -1.4125E-01
  9.3909E+02  4.0630E-01 -1.4129E-01
  9.3975E+02  4.0618E-01 -1.4133E-01
  9.4042E+02  4.0605E-01 -1.4138E-01
  9.4108E+02  4.0593E-01 -1.4142E-01
  9.4174E+02  4.0582E-01 -1.4146E-01
  9.4241E+02  4.0570E-01 -1.4151E-01
  9.4307E+02  4.0559E-01 -1.4155E-01
  9.4373E+02  4.0549E-01 -1.4159E-01
  9.4440E+02  4.0540E-01 -1.4164E-01
  9.4506E+02  4.0531E-01 -1.4168E-01
  9.4572E+02  4.0523E-01 -1.4172E-01
  9.4639E+02  4.0516E-01 -1.4177E-01
  9.4705E+02  4.0510E-01 -1.4181E-01
  9.4771E+02  4.0504E-01 -1.4185E-01
  9.4838E+02  4.0500E-01 -1.4189E-01
  9.4904E+02  4.0495E-01 -1.4193E-01
  9.4970E+02  4.0490E-01 -1.4198E-01
  9.5037E+02  4.0485E-01 -1.4202E-01
  9.5103E+02  4.0479E-01 -1.4206E-01
  9.5169E+02  4.0472E-01 -1.4210E-01
  9.5236E+02  4.0464E-01 -1.4214E-01
  9.5302E+02  4.0456E-01 -1.4218E-01
  9.5368E+02  4.0447E-01 -1.4222E-01
  9.5434E+02  4.0437E-01 -1.4226E-01
  9.5501E+02  4.0427E-01 -1.4231E-01
  9.5567E+02  4.0416E-01 -1.4235E-01
  9.5633E+02  4.0405E-01 -1.4239E-01
  9.5700E+02  4.0393E-01 -1.4243E-01
  9.5766E+02  4.0380E-01 -1.4247E-01
  9.5832E+02  4.0366E-01 -1.4251E-01
  9.5899E+02  4.0352E-01 -1.4255E-01
  9.5965E+02  4.0336E-01 -1.4259E-01
  9.6031E+02  4.0321E-01 -1.4263E-01
  9.6098E+02  4.0305E-01 -1.4267E-01
  9.6164E+02  4.0289E-01 -1.4271E-01
  9.6230E+02  4.0274E-01 -1.4275E-01
  9.6297E+02  4.0259E-01 -1.4279E-01
  9.6363E+02  4.0245E-01 -1.4283E-01
  9.6429E+02  4.0233E-01 -1.4286E-01
  9.6496E+02  4.0222E-01 -1.4290E-01
  9.6562E+02  4.0212E-01 -1.4294E-01
  9.6628E+02  4.0203E-01 -1.4298E-01
  9.6695E+02  4.0195E-01 -1.4301E-01
  9.6761E+02  4.0188E-01 -1.4305E-01
  9.6827E+02  4.0182E-01 -1.4309E-01
  9.6894E+02  4.0176E-01 -1.4312E-01
  9.6960E+02  4.0171E-01 -1.4316E-01
  9.7026E+02  4.0166E-01 -1.4320E-01
  9.7092E+02  4.0161E-01 -1.4324E-01
  9.7159E+02  4.0156E-01 -1.4327E-01
  9.7225E+02  4.0150E-01 -1.4331E-01
  9.7291E+02  4.0145E-01 -1.4335E-01
  9.7358E+02  4.0139E-01 -1.4339E-01
  9.7424E+02  4.0133E-01 -1.4343E-01
  9.7490E+02  4.0127E-01 -1.4347E-01
  9.7557E+02  4.0120E-01 -1.4350E-01
  9.7623E+02  4.0113E-01 -1.4354E-01
  9.7689E+02  4.0106E-01 -1.4358E-01
  9.7756E+02  4.0098E-01 -1.4362E-01
  9.7822E+02  4.0090E-01 -1.4366E-01
  9.7888E+02  4.0081E-01 -1.4370E-01
  9.7955E+02  4.0072E-01 -1.4374E-01
  9.8021E+02  4.0062E-01 -1.4377E-01
  9.8087E+02  4.0052E-01 -1.4381E-01
  9.8154E+02  4.0041E-01 -1.4385E-01
  9.8220E+02  4.0029E-01 -1.4388E-01
  9.8286E+02  4.0017E-01 -1.4392E-01
  9.8353E+02  4.0004E-01 -1.4396E-01
  9.8419E+02  3.9991E-01 -1.4399E-01
  9.8485E+02  3.9978E-01 -1.4403E-01
  9.8552E+02  3.9964E-01 -1.4407E-01
  9.8618E+02  3.9950E-01 -1.4410E-01
  9.8684E+02  3.9937E-01 -1.4414E-01
  9.8750E+02  3.9923E-01 -1.4417E-01
  9.8817E+02  3.9909E-01 -1.4421E-01
  9.8883E+02  3.9896E-01 -1.4424E-01
  9.8949E+02  3.9884E-01 -1.4428E-01
  9.9016E+02  3.9871E-01 -1.4431E-01
  9.9082E+02  3.9860E-01 -1.4435E-01
  9.9148E+02  3.9849E-01 -1.4439E-01
  9.9215E+02  3.9840E-01 -1.4443E-01
  9.9281E+02  3.9832E-01 -1.4447E-01
  9.9347E+02  3.9824E-01 -1.4451E-01
  9.9414E+02  3.9818E-01 -1.4454E-01
  9.9480E+02  3.9813E-01 -1.4458E-01
  9.9546E+02  3.9809E-01 -1.4462E-01
  9.9613E+02  3.9806E-01 -1.4466E-01
  9.9679E+02  3.9803E-01 -1.4469E-01
  9.9745E+02  3.9800E-01 -1.4473E-01
  9.9812E+02  3.9797E-01 -1.4477E-01
  9.9878E+02  3.9794E-01 -1.4480E-01
  9.9944E+02  3.9791E-01 -1.4484E-01
  1.0000E+03  3.9788E-01 -1.4487E-01
