# CREATED BY GENE DIAGNOSTICS TOOL on Wed Mar 17 17:37:33 2021
# diag: timetrace, run(s): 0003, time window: 0-1000(1458 steps), species: ions
# original data path: /marconi_scratch/userexternal/cmoreno0/GAMZF_convergence/w7x_surface/scanfiles0003/
# normalization: L_ref=1.65m
#
#  t          Re[phi]     Im[phi]   
  0.0000E+00  9.9990E-01  0.0000E+00
  6.8640E-01  9.9294E-01 -4.4407E-03
  1.3728E+00  9.7416E-01 -8.7588E-03
  2.0592E+00  9.4804E-01 -1.2867E-02
  2.7456E+00  9.1944E-01 -1.6726E-02
  3.4320E+00  8.9229E-01 -2.0339E-02
  4.1184E+00  8.6886E-01 -2.3737E-02
  4.8048E+00  8.4974E-01 -2.6963E-02
  5.4912E+00  8.3414E-01 -3.0054E-02
  6.1776E+00  8.2051E-01 -3.3035E-02
  6.8640E+00  8.0726E-01 -3.5917E-02
  7.5504E+00  7.9333E-01 -3.8697E-02
  8.2368E+00  7.7831E-01 -4.1367E-02
  8.9232E+00  7.6230E-01 -4.3917E-02
  9.6096E+00  7.4571E-01 -4.6341E-02
  1.0296E+01  7.2906E-01 -4.8635E-02
  1.0982E+01  7.1290E-01 -5.0803E-02
  1.1669E+01  6.9771E-01 -5.2853E-02
  1.2355E+01  6.8375E-01 -5.4797E-02
  1.3042E+01  6.7105E-01 -5.6646E-02
  1.3728E+01  6.5954E-01 -5.8412E-02
  1.4414E+01  6.4913E-01 -6.0106E-02
  1.5101E+01  6.3977E-01 -6.1737E-02
  1.5787E+01  6.3139E-01 -6.3316E-02
  1.6474E+01  6.2390E-01 -6.4849E-02
  1.7160E+01  6.1722E-01 -6.6345E-02
  1.7846E+01  6.1135E-01 -6.7809E-02
  1.8533E+01  6.0631E-01 -6.9250E-02
  1.9219E+01  6.0205E-01 -7.0674E-02
  1.9906E+01  5.9851E-01 -7.2086E-02
  2.0592E+01  5.9557E-01 -7.3493E-02
  2.1278E+01  5.9322E-01 -7.4898E-02
  2.1965E+01  5.9139E-01 -7.6305E-02
  2.2651E+01  5.9001E-01 -7.7718E-02
  2.3338E+01  5.8898E-01 -7.9140E-02
  2.4024E+01  5.8821E-01 -8.0570E-02
  2.4710E+01  5.8766E-01 -8.2012E-02
  2.5397E+01  5.8727E-01 -8.3464E-02
  2.6083E+01  5.8698E-01 -8.4928E-02
  2.6770E+01  5.8670E-01 -8.6401E-02
  2.7456E+01  5.8636E-01 -8.7884E-02
  2.8142E+01  5.8595E-01 -8.9373E-02
  2.8829E+01  5.8541E-01 -9.0868E-02
  2.9515E+01  5.8469E-01 -9.2366E-02
  3.0202E+01  5.8372E-01 -9.3864E-02
  3.0888E+01  5.8247E-01 -9.5359E-02
  3.1574E+01  5.8095E-01 -9.6848E-02
  3.2261E+01  5.7912E-01 -9.8329E-02
  3.2947E+01  5.7696E-01 -9.9797E-02
  3.3634E+01  5.7445E-01 -1.0125E-01
  3.4320E+01  5.7159E-01 -1.0268E-01
  3.5006E+01  5.6840E-01 -1.0410E-01
  3.5693E+01  5.6488E-01 -1.0549E-01
  3.6379E+01  5.6104E-01 -1.0685E-01
  3.7066E+01  5.5686E-01 -1.0818E-01
  3.7752E+01  5.5239E-01 -1.0948E-01
  3.8438E+01  5.4765E-01 -1.1075E-01
  3.9125E+01  5.4267E-01 -1.1198E-01
  3.9811E+01  5.3745E-01 -1.1317E-01
  4.0498E+01  5.3202E-01 -1.1433E-01
  4.1184E+01  5.2641E-01 -1.1545E-01
  4.1870E+01  5.2065E-01 -1.1653E-01
  4.2557E+01  5.1478E-01 -1.1756E-01
  4.3243E+01  5.0880E-01 -1.1856E-01
  4.3930E+01  5.0275E-01 -1.1952E-01
  4.4616E+01  4.9664E-01 -1.2044E-01
  4.5302E+01  4.9052E-01 -1.2131E-01
  4.5989E+01  4.8440E-01 -1.2215E-01
  4.6675E+01  4.7828E-01 -1.2295E-01
  4.7362E+01  4.7219E-01 -1.2372E-01
  4.8048E+01  4.6615E-01 -1.2445E-01
  4.8734E+01  4.6018E-01 -1.2514E-01
  4.9421E+01  4.5428E-01 -1.2580E-01
  5.0107E+01  4.4846E-01 -1.2642E-01
  5.0794E+01  4.4271E-01 -1.2702E-01
  5.1480E+01  4.3707E-01 -1.2758E-01
  5.2166E+01  4.3152E-01 -1.2812E-01
  5.2853E+01  4.2607E-01 -1.2862E-01
  5.3539E+01  4.2071E-01 -1.2910E-01
  5.4226E+01  4.1544E-01 -1.2956E-01
  5.4912E+01  4.1027E-01 -1.2998E-01
  5.5598E+01  4.0519E-01 -1.3039E-01
  5.6285E+01  4.0019E-01 -1.3077E-01
  5.6971E+01  3.9525E-01 -1.3112E-01
  5.7658E+01  3.9038E-01 -1.3146E-01
  5.8344E+01  3.8557E-01 -1.3177E-01
  5.9030E+01  3.8082E-01 -1.3206E-01
  5.9717E+01  3.7611E-01 -1.3233E-01
  6.0403E+01  3.7143E-01 -1.3257E-01
  6.1090E+01  3.6677E-01 -1.3280E-01
  6.1776E+01  3.6213E-01 -1.3300E-01
  6.2462E+01  3.5751E-01 -1.3318E-01
  6.3149E+01  3.5289E-01 -1.3334E-01
  6.3835E+01  3.4826E-01 -1.3348E-01
  6.4522E+01  3.4362E-01 -1.3360E-01
  6.5208E+01  3.3897E-01 -1.3370E-01
  6.5894E+01  3.3430E-01 -1.3377E-01
  6.6581E+01  3.2960E-01 -1.3382E-01
  6.7267E+01  3.2487E-01 -1.3384E-01
  6.7954E+01  3.2011E-01 -1.3385E-01
  6.8640E+01  3.1533E-01 -1.3383E-01
  6.9326E+01  3.1051E-01 -1.3378E-01
  7.0013E+01  3.0565E-01 -1.3371E-01
  7.0699E+01  3.0076E-01 -1.3361E-01
  7.1386E+01  2.9583E-01 -1.3349E-01
  7.2072E+01  2.9088E-01 -1.3335E-01
  7.2758E+01  2.8590E-01 -1.3318E-01
  7.3445E+01  2.8088E-01 -1.3298E-01
  7.4131E+01  2.7584E-01 -1.3276E-01
  7.4818E+01  2.7078E-01 -1.3251E-01
  7.5504E+01  2.6570E-01 -1.3224E-01
  7.6190E+01  2.6060E-01 -1.3194E-01
  7.6877E+01  2.5549E-01 -1.3162E-01
  7.7563E+01  2.5036E-01 -1.3127E-01
  7.8250E+01  2.4522E-01 -1.3089E-01
  7.8936E+01  2.4009E-01 -1.3049E-01
  7.9622E+01  2.3495E-01 -1.3006E-01
  8.0309E+01  2.2980E-01 -1.2961E-01
  8.0995E+01  2.2466E-01 -1.2913E-01
  8.1682E+01  2.1952E-01 -1.2863E-01
  8.2368E+01  2.1439E-01 -1.2811E-01
  8.3054E+01  2.0927E-01 -1.2756E-01
  8.3741E+01  2.0416E-01 -1.2698E-01
  8.4427E+01  1.9906E-01 -1.2639E-01
  8.5114E+01  1.9398E-01 -1.2577E-01
  8.5800E+01  1.8891E-01 -1.2512E-01
  8.6486E+01  1.8386E-01 -1.2446E-01
  8.7173E+01  1.7882E-01 -1.2377E-01
  8.7859E+01  1.7380E-01 -1.2306E-01
  8.8546E+01  1.6881E-01 -1.2233E-01
  8.9232E+01  1.6383E-01 -1.2157E-01
  8.9918E+01  1.5887E-01 -1.2080E-01
  9.0605E+01  1.5393E-01 -1.2000E-01
  9.1291E+01  1.4901E-01 -1.1918E-01
  9.1978E+01  1.4412E-01 -1.1835E-01
  9.2664E+01  1.3925E-01 -1.1749E-01
  9.3350E+01  1.3440E-01 -1.1661E-01
  9.4037E+01  1.2956E-01 -1.1571E-01
  9.4723E+01  1.2474E-01 -1.1480E-01
  9.5410E+01  1.1995E-01 -1.1386E-01
  9.6096E+01  1.1518E-01 -1.1290E-01
  9.6782E+01  1.1042E-01 -1.1193E-01
  9.7469E+01  1.0567E-01 -1.1093E-01
  9.8155E+01  1.0095E-01 -1.0992E-01
  9.8842E+01  9.6241E-02 -1.0889E-01
  9.9528E+01  9.1547E-02 -1.0784E-01
  1.0021E+02  8.6867E-02 -1.0677E-01
  1.0090E+02  8.2201E-02 -1.0569E-01
  1.0159E+02  7.7552E-02 -1.0458E-01
  1.0227E+02  7.2920E-02 -1.0346E-01
  1.0296E+02  6.8302E-02 -1.0232E-01
  1.0365E+02  6.3697E-02 -1.0116E-01
  1.0433E+02  5.9104E-02 -9.9990E-02
  1.0502E+02  5.4525E-02 -9.8799E-02
  1.0571E+02  4.9959E-02 -9.7589E-02
  1.0639E+02  4.5406E-02 -9.6363E-02
  1.0708E+02  4.0870E-02 -9.5120E-02
  1.0776E+02  3.6351E-02 -9.3861E-02
  1.0845E+02  3.1852E-02 -9.2585E-02
  1.0914E+02  2.7370E-02 -9.1293E-02
  1.0982E+02  2.2903E-02 -8.9984E-02
  1.1051E+02  1.8453E-02 -8.8660E-02
  1.1120E+02  1.4022E-02 -8.7320E-02
  1.1188E+02  9.6131E-03 -8.5965E-02
  1.1257E+02  5.2261E-03 -8.4594E-02
  1.1326E+02  8.6093E-04 -8.3208E-02
  1.1394E+02 -3.4812E-03 -8.1808E-02
  1.1463E+02 -7.7981E-03 -8.0393E-02
  1.1532E+02 -1.2089E-02 -7.8964E-02
  1.1600E+02 -1.6354E-02 -7.7521E-02
  1.1669E+02 -2.0596E-02 -7.6064E-02
  1.1737E+02 -2.4813E-02 -7.4594E-02
  1.1806E+02 -2.9000E-02 -7.3110E-02
  1.1875E+02 -3.3158E-02 -7.1614E-02
  1.1943E+02 -3.7285E-02 -7.0105E-02
  1.2012E+02 -4.1384E-02 -6.8584E-02
  1.2081E+02 -4.5455E-02 -6.7051E-02
  1.2149E+02 -4.9496E-02 -6.5506E-02
  1.2218E+02 -5.3508E-02 -6.3950E-02
  1.2287E+02 -5.7490E-02 -6.2382E-02
  1.2355E+02 -6.1442E-02 -6.0803E-02
  1.2424E+02 -6.5362E-02 -5.9213E-02
  1.2492E+02 -6.9249E-02 -5.7613E-02
  1.2561E+02 -7.3102E-02 -5.6003E-02
  1.2630E+02 -7.6924E-02 -5.4384E-02
  1.2698E+02 -8.0713E-02 -5.2754E-02
  1.2767E+02 -8.4469E-02 -5.1116E-02
  1.2836E+02 -8.8190E-02 -4.9469E-02
  1.2904E+02 -9.1876E-02 -4.7813E-02
  1.2973E+02 -9.5528E-02 -4.6148E-02
  1.3042E+02 -9.9145E-02 -4.4475E-02
  1.3110E+02 -1.0273E-01 -4.2795E-02
  1.3179E+02 -1.0627E-01 -4.1107E-02
  1.3248E+02 -1.0978E-01 -3.9411E-02
  1.3316E+02 -1.1325E-01 -3.7709E-02
  1.3385E+02 -1.1668E-01 -3.6000E-02
  1.3453E+02 -1.2008E-01 -3.4285E-02
  1.3522E+02 -1.2343E-01 -3.2564E-02
  1.3591E+02 -1.2675E-01 -3.0837E-02
  1.3659E+02 -1.3003E-01 -2.9105E-02
  1.3728E+02 -1.3326E-01 -2.7368E-02
  1.3797E+02 -1.3646E-01 -2.5626E-02
  1.3865E+02 -1.3961E-01 -2.3880E-02
  1.3934E+02 -1.4273E-01 -2.2129E-02
  1.4003E+02 -1.4580E-01 -2.0375E-02
  1.4071E+02 -1.4884E-01 -1.8617E-02
  1.4140E+02 -1.5185E-01 -1.6856E-02
  1.4208E+02 -1.5481E-01 -1.5091E-02
  1.4277E+02 -1.5773E-01 -1.3323E-02
  1.4346E+02 -1.6062E-01 -1.1553E-02
  1.4414E+02 -1.6346E-01 -9.7801E-03
  1.4483E+02 -1.6626E-01 -8.0061E-03
  1.4552E+02 -1.6901E-01 -6.2308E-03
  1.4620E+02 -1.7172E-01 -4.4546E-03
  1.4689E+02 -1.7439E-01 -2.6775E-03
  1.4758E+02 -1.7702E-01 -8.9973E-04
  1.4826E+02 -1.7961E-01  8.7857E-04
  1.4895E+02 -1.8216E-01  2.6573E-03
  1.4964E+02 -1.8468E-01  4.4361E-03
  1.5032E+02 -1.8715E-01  6.2148E-03
  1.5101E+02 -1.8957E-01  7.9926E-03
  1.5169E+02 -1.9196E-01  9.7691E-03
  1.5238E+02 -1.9429E-01  1.1544E-02
  1.5307E+02 -1.9658E-01  1.3316E-02
  1.5375E+02 -1.9882E-01  1.5087E-02
  1.5444E+02 -2.0101E-01  1.6854E-02
  1.5513E+02 -2.0316E-01  1.8619E-02
  1.5581E+02 -2.0527E-01  2.0381E-02
  1.5650E+02 -2.0733E-01  2.2140E-02
  1.5719E+02 -2.0936E-01  2.3896E-02
  1.5787E+02 -2.1134E-01  2.5648E-02
  1.5856E+02 -2.1327E-01  2.7397E-02
  1.5924E+02 -2.1515E-01  2.9140E-02
  1.5993E+02 -2.1699E-01  3.0878E-02
  1.6062E+02 -2.1878E-01  3.2611E-02
  1.6130E+02 -2.2051E-01  3.4338E-02
  1.6199E+02 -2.2221E-01  3.6058E-02
  1.6268E+02 -2.2385E-01  3.7773E-02
  1.6336E+02 -2.2545E-01  3.9481E-02
  1.6405E+02 -2.2701E-01  4.1182E-02
  1.6474E+02 -2.2853E-01  4.2877E-02
  1.6542E+02 -2.3000E-01  4.4566E-02
  1.6611E+02 -2.3143E-01  4.6248E-02
  1.6680E+02 -2.3282E-01  4.7922E-02
  1.6748E+02 -2.3416E-01  4.9588E-02
  1.6817E+02 -2.3545E-01  5.1246E-02
  1.6885E+02 -2.3670E-01  5.2894E-02
  1.6954E+02 -2.3789E-01  5.4533E-02
  1.7023E+02 -2.3904E-01  5.6163E-02
  1.7091E+02 -2.4015E-01  5.7783E-02
  1.7160E+02 -2.4120E-01  5.9393E-02
  1.7229E+02 -2.4221E-01  6.0993E-02
  1.7297E+02 -2.4318E-01  6.2583E-02
  1.7366E+02 -2.4410E-01  6.4163E-02
  1.7435E+02 -2.4498E-01  6.5733E-02
  1.7503E+02 -2.4580E-01  6.7292E-02
  1.7572E+02 -2.4659E-01  6.8839E-02
  1.7640E+02 -2.4732E-01  7.0376E-02
  1.7709E+02 -2.4801E-01  7.1900E-02
  1.7778E+02 -2.4866E-01  7.3411E-02
  1.7846E+02 -2.4926E-01  7.4910E-02
  1.7915E+02 -2.4981E-01  7.6396E-02
  1.7984E+02 -2.5032E-01  7.7869E-02
  1.8052E+02 -2.5078E-01  7.9328E-02
  1.8121E+02 -2.5120E-01  8.0774E-02
  1.8190E+02 -2.5158E-01  8.2207E-02
  1.8258E+02 -2.5191E-01  8.3626E-02
  1.8327E+02 -2.5220E-01  8.5031E-02
  1.8396E+02 -2.5245E-01  8.6422E-02
  1.8464E+02 -2.5265E-01  8.7799E-02
  1.8533E+02 -2.5280E-01  8.9162E-02
  1.8601E+02 -2.5292E-01  9.0509E-02
  1.8670E+02 -2.5299E-01  9.1841E-02
  1.8739E+02 -2.5302E-01  9.3158E-02
  1.8807E+02 -2.5300E-01  9.4458E-02
  1.8876E+02 -2.5294E-01  9.5743E-02
  1.8945E+02 -2.5284E-01  9.7011E-02
  1.9013E+02 -2.5269E-01  9.8263E-02
  1.9082E+02 -2.5251E-01  9.9498E-02
  1.9151E+02 -2.5228E-01  1.0072E-01
  1.9219E+02 -2.5201E-01  1.0192E-01
  1.9288E+02 -2.5170E-01  1.0310E-01
  1.9356E+02 -2.5135E-01  1.0427E-01
  1.9425E+02 -2.5095E-01  1.0542E-01
  1.9494E+02 -2.5052E-01  1.0656E-01
  1.9562E+02 -2.5004E-01  1.0767E-01
  1.9631E+02 -2.4951E-01  1.0877E-01
  1.9700E+02 -2.4895E-01  1.0985E-01
  1.9768E+02 -2.4835E-01  1.1091E-01
  1.9837E+02 -2.4771E-01  1.1195E-01
  1.9906E+02 -2.4702E-01  1.1297E-01
  1.9974E+02 -2.4630E-01  1.1397E-01
  2.0043E+02 -2.4555E-01  1.1496E-01
  2.0112E+02 -2.4475E-01  1.1592E-01
  2.0180E+02 -2.4392E-01  1.1687E-01
  2.0249E+02 -2.4306E-01  1.1780E-01
  2.0317E+02 -2.4216E-01  1.1870E-01
  2.0386E+02 -2.4122E-01  1.1959E-01
  2.0455E+02 -2.4024E-01  1.2046E-01
  2.0523E+02 -2.3923E-01  1.2131E-01
  2.0592E+02 -2.3818E-01  1.2214E-01
  2.0661E+02 -2.3709E-01  1.2294E-01
  2.0729E+02 -2.3596E-01  1.2373E-01
  2.0798E+02 -2.3479E-01  1.2450E-01
  2.0867E+02 -2.3359E-01  1.2524E-01
  2.0935E+02 -2.3236E-01  1.2596E-01
  2.1004E+02 -2.3109E-01  1.2667E-01
  2.1072E+02 -2.2979E-01  1.2735E-01
  2.1141E+02 -2.2847E-01  1.2801E-01
  2.1210E+02 -2.2711E-01  1.2865E-01
  2.1278E+02 -2.2573E-01  1.2927E-01
  2.1347E+02 -2.2432E-01  1.2987E-01
  2.1416E+02 -2.2287E-01  1.3044E-01
  2.1484E+02 -2.2139E-01  1.3100E-01
  2.1553E+02 -2.1988E-01  1.3153E-01
  2.1622E+02 -2.1833E-01  1.3205E-01
  2.1690E+02 -2.1675E-01  1.3254E-01
  2.1759E+02 -2.1513E-01  1.3300E-01
  2.1828E+02 -2.1348E-01  1.3345E-01
  2.1896E+02 -2.1180E-01  1.3387E-01
  2.1965E+02 -2.1009E-01  1.3427E-01
  2.2033E+02 -2.0836E-01  1.3465E-01
  2.2102E+02 -2.0660E-01  1.3500E-01
  2.2171E+02 -2.0481E-01  1.3534E-01
  2.2239E+02 -2.0301E-01  1.3565E-01
  2.2308E+02 -2.0118E-01  1.3594E-01
  2.2377E+02 -1.9933E-01  1.3621E-01
  2.2445E+02 -1.9745E-01  1.3646E-01
  2.2514E+02 -1.9556E-01  1.3668E-01
  2.2583E+02 -1.9363E-01  1.3688E-01
  2.2651E+02 -1.9168E-01  1.3706E-01
  2.2720E+02 -1.8970E-01  1.3722E-01
  2.2788E+02 -1.8770E-01  1.3736E-01
  2.2857E+02 -1.8567E-01  1.3747E-01
  2.2926E+02 -1.8361E-01  1.3756E-01
  2.2994E+02 -1.8152E-01  1.3762E-01
  2.3063E+02 -1.7942E-01  1.3766E-01
  2.3132E+02 -1.7730E-01  1.3768E-01
  2.3200E+02 -1.7516E-01  1.3768E-01
  2.3269E+02 -1.7300E-01  1.3766E-01
  2.3338E+02 -1.7082E-01  1.3761E-01
  2.3406E+02 -1.6863E-01  1.3755E-01
  2.3475E+02 -1.6642E-01  1.3746E-01
  2.3544E+02 -1.6419E-01  1.3735E-01
  2.3612E+02 -1.6194E-01  1.3721E-01
  2.3681E+02 -1.5967E-01  1.3706E-01
  2.3749E+02 -1.5738E-01  1.3688E-01
  2.3818E+02 -1.5507E-01  1.3668E-01
  2.3887E+02 -1.5274E-01  1.3646E-01
  2.3955E+02 -1.5039E-01  1.3621E-01
  2.4024E+02 -1.4802E-01  1.3594E-01
  2.4093E+02 -1.4564E-01  1.3565E-01
  2.4161E+02 -1.4324E-01  1.3534E-01
  2.4230E+02 -1.4083E-01  1.3500E-01
  2.4299E+02 -1.3842E-01  1.3465E-01
  2.4367E+02 -1.3600E-01  1.3427E-01
  2.4436E+02 -1.3357E-01  1.3387E-01
  2.4504E+02 -1.3113E-01  1.3345E-01
  2.4573E+02 -1.2869E-01  1.3301E-01
  2.4642E+02 -1.2624E-01  1.3255E-01
  2.4710E+02 -1.2378E-01  1.3207E-01
  2.4779E+02 -1.2130E-01  1.3157E-01
  2.4848E+02 -1.1882E-01  1.3105E-01
  2.4916E+02 -1.1631E-01  1.3050E-01
  2.4985E+02 -1.1379E-01  1.2994E-01
  2.5054E+02 -1.1125E-01  1.2935E-01
  2.5122E+02 -1.0870E-01  1.2875E-01
  2.5191E+02 -1.0613E-01  1.2812E-01
  2.5260E+02 -1.0355E-01  1.2747E-01
  2.5328E+02 -1.0096E-01  1.2680E-01
  2.5397E+02 -9.8364E-02  1.2611E-01
  2.5465E+02 -9.5769E-02  1.2539E-01
  2.5534E+02 -9.3175E-02  1.2466E-01
  2.5603E+02 -9.0583E-02  1.2391E-01
  2.5671E+02 -8.7995E-02  1.2314E-01
  2.5740E+02 -8.5411E-02  1.2236E-01
  2.5809E+02 -8.2829E-02  1.2155E-01
  2.5877E+02 -8.0249E-02  1.2073E-01
  2.5946E+02 -7.7668E-02  1.1988E-01
  2.6015E+02 -7.5086E-02  1.1902E-01
  2.6083E+02 -7.2499E-02  1.1814E-01
  2.6152E+02 -6.9907E-02  1.1725E-01
  2.6220E+02 -6.7306E-02  1.1633E-01
  2.6289E+02 -6.4697E-02  1.1539E-01
  2.6358E+02 -6.2077E-02  1.1444E-01
  2.6426E+02 -5.9450E-02  1.1347E-01
  2.6495E+02 -5.6816E-02  1.1248E-01
  2.6564E+02 -5.4179E-02  1.1147E-01
  2.6632E+02 -5.1542E-02  1.1044E-01
  2.6701E+02 -4.8909E-02  1.0940E-01
  2.6770E+02 -4.6283E-02  1.0834E-01
  2.6838E+02 -4.3669E-02  1.0726E-01
  2.6907E+02 -4.1066E-02  1.0616E-01
  2.6976E+02 -3.8476E-02  1.0505E-01
  2.7044E+02 -3.5900E-02  1.0393E-01
  2.7113E+02 -3.3336E-02  1.0279E-01
  2.7181E+02 -3.0783E-02  1.0163E-01
  2.7250E+02 -2.8239E-02  1.0046E-01
  2.7319E+02 -2.5702E-02  9.9279E-02
  2.7387E+02 -2.3169E-02  9.8080E-02
  2.7456E+02 -2.0638E-02  9.6867E-02
  2.7525E+02 -1.8107E-02  9.5640E-02
  2.7593E+02 -1.5574E-02  9.4398E-02
  2.7662E+02 -1.3037E-02  9.3140E-02
  2.7731E+02 -1.0496E-02  9.1869E-02
  2.7799E+02 -7.9533E-03  9.0582E-02
  2.7868E+02 -5.4106E-03  8.9280E-02
  2.7936E+02 -2.8713E-03  8.7964E-02
  2.8005E+02 -3.3935E-04  8.6634E-02
  2.8074E+02  2.1810E-03  8.5290E-02
  2.8142E+02  4.6861E-03  8.3933E-02
  2.8211E+02  7.1730E-03  8.2564E-02
  2.8280E+02  9.6396E-03  8.1182E-02
  2.8348E+02  1.2084E-02  7.9789E-02
  2.8417E+02  1.4507E-02  7.8385E-02
  2.8486E+02  1.6907E-02  7.6970E-02
  2.8554E+02  1.9285E-02  7.5545E-02
  2.8623E+02  2.1642E-02  7.4110E-02
  2.8692E+02  2.3980E-02  7.2665E-02
  2.8760E+02  2.6302E-02  7.1211E-02
  2.8829E+02  2.8611E-02  6.9747E-02
  2.8897E+02  3.0910E-02  6.8274E-02
  2.8966E+02  3.3202E-02  6.6792E-02
  2.9035E+02  3.5490E-02  6.5300E-02
  2.9103E+02  3.7776E-02  6.3798E-02
  2.9172E+02  4.0058E-02  6.2287E-02
  2.9241E+02  4.2338E-02  6.0766E-02
  2.9309E+02  4.4612E-02  5.9235E-02
  2.9378E+02  4.6877E-02  5.7695E-02
  2.9447E+02  4.9129E-02  5.6145E-02
  2.9515E+02  5.1366E-02  5.4587E-02
  2.9584E+02  5.3585E-02  5.3021E-02
  2.9652E+02  5.5781E-02  5.1448E-02
  2.9721E+02  5.7953E-02  4.9867E-02
  2.9790E+02  6.0101E-02  4.8280E-02
  2.9858E+02  6.2221E-02  4.6686E-02
  2.9927E+02  6.4314E-02  4.5087E-02
  2.9996E+02  6.6379E-02  4.3482E-02
  3.0064E+02  6.8415E-02  4.1873E-02
  3.0133E+02  7.0424E-02  4.0260E-02
  3.0202E+02  7.2405E-02  3.8642E-02
  3.0270E+02  7.4362E-02  3.7021E-02
  3.0339E+02  7.6297E-02  3.5396E-02
  3.0408E+02  7.8213E-02  3.3767E-02
  3.0476E+02  8.0113E-02  3.2135E-02
  3.0545E+02  8.2000E-02  3.0500E-02
  3.0613E+02  8.3876E-02  2.8861E-02
  3.0682E+02  8.5742E-02  2.7218E-02
  3.0751E+02  8.7597E-02  2.5571E-02
  3.0819E+02  8.9441E-02  2.3920E-02
  3.0888E+02  9.1272E-02  2.2266E-02
  3.0957E+02  9.3087E-02  2.0609E-02
  3.1025E+02  9.4883E-02  1.8949E-02
  3.1094E+02  9.6657E-02  1.7286E-02
  3.1163E+02  9.8409E-02  1.5622E-02
  3.1231E+02  1.0013E-01  1.3956E-02
  3.1300E+02  1.0183E-01  1.2290E-02
  3.1368E+02  1.0351E-01  1.0622E-02
  3.1437E+02  1.0515E-01  8.9547E-03
  3.1506E+02  1.0676E-01  7.2876E-03
  3.1574E+02  1.0835E-01  5.6213E-03
  3.1643E+02  1.0990E-01  3.9562E-03
  3.1712E+02  1.1143E-01  2.2927E-03
  3.1780E+02  1.1292E-01  6.3127E-04
  3.1849E+02  1.1439E-01 -1.0279E-03
  3.1918E+02  1.1583E-01 -2.6845E-03
  3.1986E+02  1.1725E-01 -4.3386E-03
  3.2055E+02  1.1864E-01 -5.9901E-03
  3.2124E+02  1.2002E-01 -7.6391E-03
  3.2192E+02  1.2137E-01 -9.2857E-03
  3.2261E+02  1.2271E-01 -1.0930E-02
  3.2329E+02  1.2403E-01 -1.2572E-02
  3.2398E+02  1.2533E-01 -1.4212E-02
  3.2467E+02  1.2662E-01 -1.5849E-02
  3.2535E+02  1.2788E-01 -1.7483E-02
  3.2604E+02  1.2912E-01 -1.9113E-02
  3.2673E+02  1.3033E-01 -2.0741E-02
  3.2741E+02  1.3152E-01 -2.2364E-02
  3.2810E+02  1.3268E-01 -2.3982E-02
  3.2879E+02  1.3382E-01 -2.5596E-02
  3.2947E+02  1.3492E-01 -2.7204E-02
  3.3016E+02  1.3600E-01 -2.8807E-02
  3.3084E+02  1.3705E-01 -3.0403E-02
  3.3153E+02  1.3806E-01 -3.1993E-02
  3.3222E+02  1.3905E-01 -3.3575E-02
  3.3290E+02  1.4000E-01 -3.5151E-02
  3.3359E+02  1.4093E-01 -3.6718E-02
  3.3428E+02  1.4183E-01 -3.8278E-02
  3.3496E+02  1.4270E-01 -3.9830E-02
  3.3565E+02  1.4355E-01 -4.1373E-02
  3.3634E+02  1.4437E-01 -4.2909E-02
  3.3702E+02  1.4518E-01 -4.4436E-02
  3.3771E+02  1.4596E-01 -4.5955E-02
  3.3840E+02  1.4673E-01 -4.7466E-02
  3.3908E+02  1.4747E-01 -4.8968E-02
  3.3977E+02  1.4819E-01 -5.0462E-02
  3.4045E+02  1.4889E-01 -5.1949E-02
  3.4114E+02  1.4957E-01 -5.3426E-02
  3.4183E+02  1.5022E-01 -5.4895E-02
  3.4251E+02  1.5084E-01 -5.6355E-02
  3.4320E+02  1.5144E-01 -5.7806E-02
  3.4389E+02  1.5202E-01 -5.9247E-02
  3.4457E+02  1.5256E-01 -6.0678E-02
  3.4526E+02  1.5308E-01 -6.2099E-02
  3.4595E+02  1.5357E-01 -6.3509E-02
  3.4663E+02  1.5404E-01 -6.4908E-02
  3.4732E+02  1.5448E-01 -6.6295E-02
  3.4800E+02  1.5488E-01 -6.7671E-02
  3.4869E+02  1.5526E-01 -6.9035E-02
  3.4938E+02  1.5561E-01 -7.0386E-02
  3.5006E+02  1.5592E-01 -7.1725E-02
  3.5075E+02  1.5621E-01 -7.3050E-02
  3.5144E+02  1.5647E-01 -7.4363E-02
  3.5212E+02  1.5671E-01 -7.5663E-02
  3.5281E+02  1.5692E-01 -7.6949E-02
  3.5350E+02  1.5711E-01 -7.8222E-02
  3.5418E+02  1.5728E-01 -7.9481E-02
  3.5487E+02  1.5743E-01 -8.0728E-02
  3.5556E+02  1.5756E-01 -8.1961E-02
  3.5624E+02  1.5767E-01 -8.3181E-02
  3.5693E+02  1.5776E-01 -8.4387E-02
  3.5761E+02  1.5784E-01 -8.5580E-02
  3.5830E+02  1.5789E-01 -8.6760E-02
  3.5899E+02  1.5791E-01 -8.7926E-02
  3.5967E+02  1.5792E-01 -8.9079E-02
  3.6036E+02  1.5789E-01 -9.0217E-02
  3.6105E+02  1.5785E-01 -9.1342E-02
  3.6173E+02  1.5777E-01 -9.2451E-02
  3.6242E+02  1.5767E-01 -9.3546E-02
  3.6311E+02  1.5755E-01 -9.4626E-02
  3.6379E+02  1.5740E-01 -9.5691E-02
  3.6448E+02  1.5722E-01 -9.6740E-02
  3.6516E+02  1.5702E-01 -9.7773E-02
  3.6585E+02  1.5680E-01 -9.8789E-02
  3.6654E+02  1.5655E-01 -9.9790E-02
  3.6722E+02  1.5627E-01 -1.0077E-01
  3.6791E+02  1.5597E-01 -1.0174E-01
  3.6860E+02  1.5565E-01 -1.0269E-01
  3.6928E+02  1.5530E-01 -1.0362E-01
  3.6997E+02  1.5494E-01 -1.0454E-01
  3.7066E+02  1.5455E-01 -1.0544E-01
  3.7134E+02  1.5415E-01 -1.0632E-01
  3.7203E+02  1.5373E-01 -1.0719E-01
  3.7272E+02  1.5330E-01 -1.0804E-01
  3.7340E+02  1.5285E-01 -1.0888E-01
  3.7409E+02  1.5238E-01 -1.0969E-01
  3.7477E+02  1.5189E-01 -1.1049E-01
  3.7546E+02  1.5139E-01 -1.1128E-01
  3.7615E+02  1.5086E-01 -1.1204E-01
  3.7683E+02  1.5032E-01 -1.1279E-01
  3.7752E+02  1.4975E-01 -1.1352E-01
  3.7821E+02  1.4917E-01 -1.1424E-01
  3.7889E+02  1.4856E-01 -1.1494E-01
  3.7958E+02  1.4793E-01 -1.1562E-01
  3.8027E+02  1.4728E-01 -1.1628E-01
  3.8095E+02  1.4662E-01 -1.1692E-01
  3.8164E+02  1.4593E-01 -1.1755E-01
  3.8232E+02  1.4522E-01 -1.1816E-01
  3.8301E+02  1.4448E-01 -1.1875E-01
  3.8370E+02  1.4373E-01 -1.1932E-01
  3.8438E+02  1.4297E-01 -1.1988E-01
  3.8507E+02  1.4218E-01 -1.2041E-01
  3.8576E+02  1.4137E-01 -1.2093E-01
  3.8644E+02  1.4054E-01 -1.2143E-01
  3.8713E+02  1.3969E-01 -1.2190E-01
  3.8782E+02  1.3883E-01 -1.2236E-01
  3.8850E+02  1.3796E-01 -1.2280E-01
  3.8919E+02  1.3707E-01 -1.2322E-01
  3.8988E+02  1.3618E-01 -1.2363E-01
  3.9056E+02  1.3527E-01 -1.2401E-01
  3.9125E+02  1.3435E-01 -1.2438E-01
  3.9193E+02  1.3343E-01 -1.2473E-01
  3.9262E+02  1.3249E-01 -1.2506E-01
  3.9331E+02  1.3154E-01 -1.2537E-01
  3.9399E+02  1.3057E-01 -1.2566E-01
  3.9468E+02  1.2960E-01 -1.2594E-01
  3.9537E+02  1.2860E-01 -1.2620E-01
  3.9605E+02  1.2759E-01 -1.2644E-01
  3.9674E+02  1.2656E-01 -1.2667E-01
  3.9743E+02  1.2552E-01 -1.2687E-01
  3.9811E+02  1.2445E-01 -1.2706E-01
  3.9880E+02  1.2337E-01 -1.2722E-01
  3.9948E+02  1.2227E-01 -1.2737E-01
  4.0017E+02  1.2116E-01 -1.2750E-01
  4.0086E+02  1.2003E-01 -1.2761E-01
  4.0154E+02  1.1890E-01 -1.2770E-01
  4.0223E+02  1.1774E-01 -1.2777E-01
  4.0292E+02  1.1658E-01 -1.2783E-01
  4.0360E+02  1.1541E-01 -1.2786E-01
  4.0429E+02  1.1423E-01 -1.2788E-01
  4.0498E+02  1.1304E-01 -1.2788E-01
  4.0566E+02  1.1184E-01 -1.2785E-01
  4.0635E+02  1.1063E-01 -1.2781E-01
  4.0704E+02  1.0942E-01 -1.2776E-01
  4.0772E+02  1.0820E-01 -1.2768E-01
  4.0841E+02  1.0697E-01 -1.2758E-01
  4.0909E+02  1.0574E-01 -1.2747E-01
  4.0978E+02  1.0450E-01 -1.2734E-01
  4.1047E+02  1.0326E-01 -1.2719E-01
  4.1115E+02  1.0202E-01 -1.2702E-01
  4.1184E+02  1.0077E-01 -1.2684E-01
  4.1253E+02  9.9518E-02 -1.2664E-01
  4.1321E+02  9.8262E-02 -1.2642E-01
  4.1390E+02  9.7001E-02 -1.2618E-01
  4.1459E+02  9.5733E-02 -1.2593E-01
  4.1527E+02  9.4457E-02 -1.2566E-01
  4.1596E+02  9.3172E-02 -1.2538E-01
  4.1664E+02  9.1877E-02 -1.2508E-01
  4.1733E+02  9.0571E-02 -1.2476E-01
  4.1802E+02  8.9255E-02 -1.2443E-01
  4.1870E+02  8.7926E-02 -1.2407E-01
  4.1939E+02  8.6586E-02 -1.2370E-01
  4.2008E+02  8.5235E-02 -1.2332E-01
  4.2076E+02  8.3874E-02 -1.2291E-01
  4.2145E+02  8.2505E-02 -1.2249E-01
  4.2214E+02  8.1128E-02 -1.2205E-01
  4.2282E+02  7.9745E-02 -1.2160E-01
  4.2351E+02  7.8358E-02 -1.2113E-01
  4.2420E+02  7.6967E-02 -1.2064E-01
  4.2488E+02  7.5572E-02 -1.2013E-01
  4.2557E+02  7.4175E-02 -1.1961E-01
  4.2625E+02  7.2775E-02 -1.1907E-01
  4.2694E+02  7.1375E-02 -1.1852E-01
  4.2763E+02  6.9974E-02 -1.1795E-01
  4.2831E+02  6.8574E-02 -1.1736E-01
  4.2900E+02  6.7176E-02 -1.1676E-01
  4.2969E+02  6.5781E-02 -1.1614E-01
  4.3037E+02  6.4390E-02 -1.1551E-01
  4.3106E+02  6.3004E-02 -1.1486E-01
  4.3175E+02  6.1623E-02 -1.1419E-01
  4.3243E+02  6.0249E-02 -1.1352E-01
  4.3312E+02  5.8881E-02 -1.1283E-01
  4.3380E+02  5.7519E-02 -1.1212E-01
  4.3449E+02  5.6163E-02 -1.1140E-01
  4.3518E+02  5.4811E-02 -1.1067E-01
  4.3586E+02  5.3462E-02 -1.0992E-01
  4.3655E+02  5.2115E-02 -1.0917E-01
  4.3724E+02  5.0769E-02 -1.0839E-01
  4.3792E+02  4.9421E-02 -1.0761E-01
  4.3861E+02  4.8072E-02 -1.0681E-01
  4.3930E+02  4.6719E-02 -1.0600E-01
  4.3998E+02  4.5362E-02 -1.0518E-01
  4.4067E+02  4.4000E-02 -1.0434E-01
  4.4136E+02  4.2633E-02 -1.0349E-01
  4.4204E+02  4.1261E-02 -1.0263E-01
  4.4273E+02  3.9885E-02 -1.0176E-01
  4.4341E+02  3.8506E-02 -1.0087E-01
  4.4410E+02  3.7124E-02 -9.9968E-02
  4.4479E+02  3.5742E-02 -9.9056E-02
  4.4547E+02  3.4361E-02 -9.8131E-02
  4.4616E+02  3.2982E-02 -9.7195E-02
  4.4685E+02  3.1608E-02 -9.6246E-02
  4.4753E+02  3.0240E-02 -9.5286E-02
  4.4822E+02  2.8878E-02 -9.4315E-02
  4.4891E+02  2.7525E-02 -9.3332E-02
  4.4959E+02  2.6181E-02 -9.2339E-02
  4.5028E+02  2.4847E-02 -9.1334E-02
  4.5096E+02  2.3524E-02 -9.0319E-02
  4.5165E+02  2.2213E-02 -8.9294E-02
  4.5234E+02  2.0913E-02 -8.8258E-02
  4.5302E+02  1.9626E-02 -8.7213E-02
  4.5371E+02  1.8352E-02 -8.6158E-02
  4.5440E+02  1.7091E-02 -8.5093E-02
  4.5508E+02  1.5842E-02 -8.4020E-02
  4.5577E+02  1.4606E-02 -8.2937E-02
  4.5646E+02  1.3382E-02 -8.1847E-02
  4.5714E+02  1.2169E-02 -8.0748E-02
  4.5783E+02  1.0966E-02 -7.9641E-02
  4.5852E+02  9.7722E-03 -7.8527E-02
  4.5920E+02  8.5863E-03 -7.7405E-02
  4.5989E+02  7.4074E-03 -7.6275E-02
  4.6057E+02  6.2343E-03 -7.5138E-02
  4.6126E+02  5.0658E-03 -7.3993E-02
  4.6195E+02  3.9011E-03 -7.2841E-02
  4.6263E+02  2.7390E-03 -7.1682E-02
  4.6332E+02  1.5792E-03 -7.0515E-02
  4.6401E+02  4.2138E-04 -6.9341E-02
  4.6469E+02 -7.3437E-04 -6.8161E-02
  4.6538E+02 -1.8875E-03 -6.6973E-02
  4.6607E+02 -3.0374E-03 -6.5779E-02
  4.6675E+02 -4.1830E-03 -6.4579E-02
  4.6744E+02 -5.3236E-03 -6.3373E-02
  4.6812E+02 -6.4580E-03 -6.2160E-02
  4.6881E+02 -7.5853E-03 -6.0942E-02
  4.6950E+02 -8.7048E-03 -5.9719E-02
  4.7018E+02 -9.8154E-03 -5.8491E-02
  4.7087E+02 -1.0916E-02 -5.7258E-02
  4.7156E+02 -1.2007E-02 -5.6021E-02
  4.7224E+02 -1.3085E-02 -5.4779E-02
  4.7293E+02 -1.4152E-02 -5.3534E-02
  4.7362E+02 -1.5205E-02 -5.2284E-02
  4.7430E+02 -1.6243E-02 -5.1031E-02
  4.7499E+02 -1.7266E-02 -4.9775E-02
  4.7568E+02 -1.8273E-02 -4.8516E-02
  4.7636E+02 -1.9263E-02 -4.7253E-02
  4.7705E+02 -2.0236E-02 -4.5988E-02
  4.7773E+02 -2.1191E-02 -4.4721E-02
  4.7842E+02 -2.2127E-02 -4.3451E-02
  4.7911E+02 -2.3046E-02 -4.2180E-02
  4.7979E+02 -2.3946E-02 -4.0906E-02
  4.8048E+02 -2.4828E-02 -3.9630E-02
  4.8117E+02 -2.5692E-02 -3.8353E-02
  4.8185E+02 -2.6538E-02 -3.7075E-02
  4.8254E+02 -2.7369E-02 -3.5795E-02
  4.8323E+02 -2.8184E-02 -3.4514E-02
  4.8391E+02 -2.8986E-02 -3.3233E-02
  4.8460E+02 -2.9777E-02 -3.1950E-02
  4.8528E+02 -3.0559E-02 -3.0668E-02
  4.8597E+02 -3.1333E-02 -2.9384E-02
  4.8666E+02 -3.2101E-02 -2.8100E-02
  4.8734E+02 -3.2865E-02 -2.6816E-02
  4.8803E+02 -3.3625E-02 -2.5532E-02
  4.8872E+02 -3.4381E-02 -2.4248E-02
  4.8940E+02 -3.5134E-02 -2.2964E-02
  4.9009E+02 -3.5882E-02 -2.1680E-02
  4.9078E+02 -3.6624E-02 -2.0397E-02
  4.9146E+02 -3.7359E-02 -1.9114E-02
  4.9215E+02 -3.8085E-02 -1.7833E-02
  4.9284E+02 -3.8800E-02 -1.6553E-02
  4.9352E+02 -3.9503E-02 -1.5275E-02
  4.9421E+02 -4.0191E-02 -1.3998E-02
  4.9489E+02 -4.0863E-02 -1.2724E-02
  4.9558E+02 -4.1516E-02 -1.1453E-02
  4.9627E+02 -4.2149E-02 -1.0184E-02
  4.9695E+02 -4.2761E-02 -8.9190E-03
  4.9764E+02 -4.3350E-02 -7.6572E-03
  4.9833E+02 -4.3916E-02 -6.3992E-03
  4.9901E+02 -4.4459E-02 -5.1452E-03
  4.9970E+02 -4.4979E-02 -3.8956E-03
  5.0039E+02 -4.5477E-02 -2.6506E-03
  5.0107E+02 -4.5952E-02 -1.4105E-03
  5.0176E+02 -4.6407E-02 -1.7535E-04
  5.0244E+02 -4.6843E-02  1.0547E-03
  5.0313E+02 -4.7262E-02  2.2796E-03
  5.0382E+02 -4.7664E-02  3.4992E-03
  5.0450E+02 -4.8051E-02  4.7135E-03
  5.0519E+02 -4.8425E-02  5.9226E-03
  5.0588E+02 -4.8788E-02  7.1264E-03
  5.0656E+02 -4.9140E-02  8.3249E-03
  5.0725E+02 -4.9484E-02  9.5181E-03
  5.0794E+02 -4.9821E-02  1.0706E-02
  5.0862E+02 -5.0152E-02  1.1889E-02
  5.0931E+02 -5.0479E-02  1.3066E-02
  5.1000E+02 -5.0803E-02  1.4237E-02
  5.1068E+02 -5.1123E-02  1.5404E-02
  5.1137E+02 -5.1440E-02  1.6564E-02
  5.1205E+02 -5.1754E-02  1.7718E-02
  5.1274E+02 -5.2064E-02  1.8867E-02
  5.1343E+02 -5.2368E-02  2.0009E-02
  5.1411E+02 -5.2665E-02  2.1145E-02
  5.1480E+02 -5.2953E-02  2.2274E-02
  5.1549E+02 -5.3231E-02  2.3397E-02
  5.1617E+02 -5.3497E-02  2.4513E-02
  5.1686E+02 -5.3749E-02  2.5622E-02
  5.1755E+02 -5.3987E-02  2.6723E-02
  5.1823E+02 -5.4209E-02  2.7817E-02
  5.1892E+02 -5.4414E-02  2.8903E-02
  5.1960E+02 -5.4601E-02  2.9981E-02
  5.2029E+02 -5.4769E-02  3.1050E-02
  5.2098E+02 -5.4917E-02  3.2110E-02
  5.2166E+02 -5.5043E-02  3.3161E-02
  5.2235E+02 -5.5146E-02  3.4202E-02
  5.2304E+02 -5.5225E-02  3.5234E-02
  5.2372E+02 -5.5279E-02  3.6256E-02
  5.2441E+02 -5.5307E-02  3.7267E-02
  5.2510E+02 -5.5310E-02  3.8268E-02
  5.2578E+02 -5.5288E-02  3.9258E-02
  5.2647E+02 -5.5242E-02  4.0237E-02
  5.2716E+02 -5.5172E-02  4.1205E-02
  5.2784E+02 -5.5080E-02  4.2162E-02
  5.2853E+02 -5.4967E-02  4.3108E-02
  5.2921E+02 -5.4834E-02  4.4043E-02
  5.2990E+02 -5.4683E-02  4.4966E-02
  5.3059E+02 -5.4514E-02  4.5878E-02
  5.3127E+02 -5.4329E-02  4.6779E-02
  5.3196E+02 -5.4131E-02  4.7669E-02
  5.3265E+02 -5.3921E-02  4.8548E-02
  5.3333E+02 -5.3703E-02  4.9415E-02
  5.3402E+02 -5.3478E-02  5.0272E-02
  5.3471E+02 -5.3251E-02  5.1117E-02
  5.3539E+02 -5.3024E-02  5.1952E-02
  5.3608E+02 -5.2798E-02  5.2776E-02
  5.3676E+02 -5.2578E-02  5.3589E-02
  5.3745E+02 -5.2364E-02  5.4392E-02
  5.3814E+02 -5.2158E-02  5.5184E-02
  5.3882E+02 -5.1959E-02  5.5965E-02
  5.3951E+02 -5.1767E-02  5.6735E-02
  5.4020E+02 -5.1582E-02  5.7494E-02
  5.4088E+02 -5.1400E-02  5.8243E-02
  5.4157E+02 -5.1219E-02  5.8980E-02
  5.4226E+02 -5.1037E-02  5.9707E-02
  5.4294E+02 -5.0851E-02  6.0423E-02
  5.4363E+02 -5.0656E-02  6.1127E-02
  5.4432E+02 -5.0451E-02  6.1820E-02
  5.4500E+02 -5.0233E-02  6.2501E-02
  5.4569E+02 -4.9999E-02  6.3170E-02
  5.4637E+02 -4.9747E-02  6.3827E-02
  5.4706E+02 -4.9474E-02  6.4471E-02
  5.4775E+02 -4.9179E-02  6.5103E-02
  5.4843E+02 -4.8860E-02  6.5721E-02
  5.4912E+02 -4.8516E-02  6.6327E-02
  5.4981E+02 -4.8146E-02  6.6919E-02
  5.5049E+02 -4.7751E-02  6.7498E-02
  5.5118E+02 -4.7330E-02  6.8063E-02
  5.5187E+02 -4.6885E-02  6.8614E-02
  5.5255E+02 -4.6417E-02  6.9150E-02
  5.5324E+02 -4.5928E-02  6.9672E-02
  5.5392E+02 -4.5418E-02  7.0180E-02
  5.5461E+02 -4.4891E-02  7.0673E-02
  5.5530E+02 -4.4349E-02  7.1151E-02
  5.5598E+02 -4.3792E-02  7.1615E-02
  5.5667E+02 -4.3222E-02  7.2065E-02
  5.5736E+02 -4.2642E-02  7.2500E-02
  5.5804E+02 -4.2052E-02  7.2921E-02
  5.5873E+02 -4.1453E-02  7.3329E-02
  5.5942E+02 -4.0846E-02  7.3722E-02
  5.6010E+02 -4.0232E-02  7.4102E-02
  5.6079E+02 -3.9613E-02  7.4468E-02
  5.6148E+02 -3.8989E-02  7.4820E-02
  5.6216E+02 -3.8362E-02  7.5159E-02
  5.6285E+02 -3.7733E-02  7.5486E-02
  5.6353E+02 -3.7105E-02  7.5799E-02
  5.6422E+02 -3.6479E-02  7.6099E-02
  5.6491E+02 -3.5857E-02  7.6386E-02
  5.6559E+02 -3.5239E-02  7.6660E-02
  5.6628E+02 -3.4626E-02  7.6920E-02
  5.6697E+02 -3.4021E-02  7.7168E-02
  5.6765E+02 -3.3422E-02  7.7404E-02
  5.6834E+02 -3.2830E-02  7.7626E-02
  5.6903E+02 -3.2245E-02  7.7835E-02
  5.6971E+02 -3.1666E-02  7.8032E-02
  5.7040E+02 -3.1091E-02  7.8216E-02
  5.7108E+02 -3.0519E-02  7.8388E-02
  5.7177E+02 -2.9947E-02  7.8546E-02
  5.7246E+02 -2.9373E-02  7.8692E-02
  5.7314E+02 -2.8796E-02  7.8825E-02
  5.7383E+02 -2.8213E-02  7.8944E-02
  5.7452E+02 -2.7623E-02  7.9051E-02
  5.7520E+02 -2.7024E-02  7.9144E-02
  5.7589E+02 -2.6415E-02  7.9224E-02
  5.7658E+02 -2.5795E-02  7.9290E-02
  5.7726E+02 -2.5162E-02  7.9343E-02
  5.7795E+02 -2.4516E-02  7.9382E-02
  5.7864E+02 -2.3856E-02  7.9406E-02
  5.7932E+02 -2.3182E-02  7.9417E-02
  5.8001E+02 -2.2494E-02  7.9414E-02
  5.8069E+02 -2.1793E-02  7.9397E-02
  5.8138E+02 -2.1080E-02  7.9366E-02
  5.8207E+02 -2.0355E-02  7.9320E-02
  5.8275E+02 -1.9619E-02  7.9262E-02
  5.8344E+02 -1.8874E-02  7.9189E-02
  5.8413E+02 -1.8120E-02  7.9103E-02
  5.8481E+02 -1.7358E-02  7.9003E-02
  5.8550E+02 -1.6589E-02  7.8890E-02
  5.8619E+02 -1.5814E-02  7.8764E-02
  5.8687E+02 -1.5034E-02  7.8624E-02
  5.8756E+02 -1.4250E-02  7.8472E-02
  5.8824E+02 -1.3463E-02  7.8307E-02
  5.8893E+02 -1.2674E-02  7.8129E-02
  5.8962E+02 -1.1885E-02  7.7938E-02
  5.9030E+02 -1.1096E-02  7.7735E-02
  5.9099E+02 -1.0309E-02  7.7520E-02
  5.9168E+02 -9.5233E-03  7.7293E-02
  5.9236E+02 -8.7404E-03  7.7054E-02
  5.9305E+02 -7.9603E-03  7.6803E-02
  5.9374E+02 -7.1831E-03  7.6540E-02
  5.9442E+02 -6.4089E-03  7.6265E-02
  5.9511E+02 -5.6375E-03  7.5978E-02
  5.9580E+02 -4.8687E-03  7.5680E-02
  5.9648E+02 -4.1023E-03  7.5371E-02
  5.9717E+02 -3.3382E-03  7.5050E-02
  5.9785E+02 -2.5761E-03  7.4718E-02
  5.9854E+02 -1.8156E-03  7.4375E-02
  5.9923E+02 -1.0560E-03  7.4021E-02
  5.9991E+02 -2.9671E-04  7.3655E-02
  6.0060E+02  4.6286E-04  7.3279E-02
  6.0129E+02  1.2231E-03  7.2892E-02
  6.0197E+02  1.9842E-03  7.2493E-02
  6.0266E+02  2.7459E-03  7.2084E-02
  6.0335E+02  3.5075E-03  7.1663E-02
  6.0403E+02  4.2681E-03  7.1232E-02
  6.0472E+02  5.0263E-03  7.0790E-02
  6.0540E+02  5.7812E-03  7.0336E-02
  6.0609E+02  6.5315E-03  6.9872E-02
  6.0678E+02  7.2765E-03  6.9397E-02
  6.0746E+02  8.0154E-03  6.8911E-02
  6.0815E+02  8.7476E-03  6.8414E-02
  6.0884E+02  9.4725E-03  6.7907E-02
  6.0952E+02  1.0190E-02  6.7389E-02
  6.1021E+02  1.0899E-02  6.6861E-02
  6.1090E+02  1.1599E-02  6.6323E-02
  6.1158E+02  1.2292E-02  6.5774E-02
  6.1227E+02  1.2977E-02  6.5216E-02
  6.1296E+02  1.3655E-02  6.4649E-02
  6.1364E+02  1.4327E-02  6.4072E-02
  6.1433E+02  1.4996E-02  6.3486E-02
  6.1501E+02  1.5663E-02  6.2892E-02
  6.1570E+02  1.6329E-02  6.2288E-02
  6.1639E+02  1.6995E-02  6.1677E-02
  6.1707E+02  1.7663E-02  6.1057E-02
  6.1776E+02  1.8332E-02  6.0428E-02
  6.1845E+02  1.9004E-02  5.9792E-02
  6.1913E+02  1.9676E-02  5.9148E-02
  6.1982E+02  2.0350E-02  5.8497E-02
  6.2051E+02  2.1025E-02  5.7838E-02
  6.2119E+02  2.1701E-02  5.7172E-02
  6.2188E+02  2.2378E-02  5.6498E-02
  6.2256E+02  2.3055E-02  5.5817E-02
  6.2325E+02  2.3732E-02  5.5128E-02
  6.2394E+02  2.4409E-02  5.4433E-02
  6.2462E+02  2.5086E-02  5.3729E-02
  6.2531E+02  2.5763E-02  5.3018E-02
  6.2600E+02  2.6439E-02  5.2300E-02
  6.2668E+02  2.7114E-02  5.1575E-02
  6.2737E+02  2.7788E-02  5.0842E-02
  6.2806E+02  2.8460E-02  5.0103E-02
  6.2874E+02  2.9130E-02  4.9356E-02
  6.2943E+02  2.9800E-02  4.8604E-02
  6.3012E+02  3.0468E-02  4.7844E-02
  6.3080E+02  3.1135E-02  4.7079E-02
  6.3149E+02  3.1801E-02  4.6307E-02
  6.3217E+02  3.2465E-02  4.5530E-02
  6.3286E+02  3.3128E-02  4.4746E-02
  6.3355E+02  3.3789E-02  4.3956E-02
  6.3423E+02  3.4447E-02  4.3161E-02
  6.3492E+02  3.5100E-02  4.2360E-02
  6.3561E+02  3.5748E-02  4.1553E-02
  6.3629E+02  3.6388E-02  4.0740E-02
  6.3698E+02  3.7019E-02  3.9922E-02
  6.3767E+02  3.7638E-02  3.9099E-02
  6.3835E+02  3.8243E-02  3.8270E-02
  6.3904E+02  3.8833E-02  3.7435E-02
  6.3972E+02  3.9405E-02  3.6596E-02
  6.4041E+02  3.9957E-02  3.5753E-02
  6.4110E+02  4.0488E-02  3.4904E-02
  6.4178E+02  4.0996E-02  3.4052E-02
  6.4247E+02  4.1480E-02  3.3196E-02
  6.4316E+02  4.1941E-02  3.2337E-02
  6.4384E+02  4.2377E-02  3.1474E-02
  6.4453E+02  4.2791E-02  3.0609E-02
  6.4522E+02  4.3185E-02  2.9742E-02
  6.4590E+02  4.3560E-02  2.8872E-02
  6.4659E+02  4.3919E-02  2.8000E-02
  6.4728E+02  4.4266E-02  2.7126E-02
  6.4796E+02  4.4602E-02  2.6250E-02
  6.4865E+02  4.4930E-02  2.5373E-02
  6.4933E+02  4.5251E-02  2.4495E-02
  6.5002E+02  4.5568E-02  2.3615E-02
  6.5071E+02  4.5882E-02  2.2735E-02
  6.5139E+02  4.6193E-02  2.1853E-02
  6.5208E+02  4.6505E-02  2.0972E-02
  6.5277E+02  4.6817E-02  2.0089E-02
  6.5345E+02  4.7131E-02  1.9206E-02
  6.5414E+02  4.7449E-02  1.8322E-02
  6.5483E+02  4.7772E-02  1.7438E-02
  6.5551E+02  4.8100E-02  1.6553E-02
  6.5620E+02  4.8433E-02  1.5667E-02
  6.5688E+02  4.8772E-02  1.4781E-02
  6.5757E+02  4.9116E-02  1.3894E-02
  6.5826E+02  4.9466E-02  1.3006E-02
  6.5894E+02  4.9821E-02  1.2118E-02
  6.5963E+02  5.0180E-02  1.1229E-02
  6.6032E+02  5.0543E-02  1.0339E-02
  6.6100E+02  5.0909E-02  9.4494E-03
  6.6169E+02  5.1278E-02  8.5591E-03
  6.6238E+02  5.1649E-02  7.6685E-03
  6.6306E+02  5.2021E-02  6.7778E-03
  6.6375E+02  5.2393E-02  5.8871E-03
  6.6444E+02  5.2765E-02  4.9964E-03
  6.6512E+02  5.3136E-02  4.1058E-03
  6.6581E+02  5.3505E-02  3.2154E-03
  6.6649E+02  5.3870E-02  2.3253E-03
  6.6718E+02  5.4229E-02  1.4357E-03
  6.6787E+02  5.4582E-02  5.4655E-04
  6.6855E+02  5.4925E-02 -3.4186E-04
  6.6924E+02  5.5258E-02 -1.2294E-03
  6.6993E+02  5.5579E-02 -2.1161E-03
  6.7061E+02  5.5886E-02 -3.0016E-03
  6.7130E+02  5.6176E-02 -3.8858E-03
  6.7199E+02  5.6447E-02 -4.7685E-03
  6.7267E+02  5.6698E-02 -5.6494E-03
  6.7336E+02  5.6924E-02 -6.5283E-03
  6.7404E+02  5.7125E-02 -7.4049E-03
  6.7473E+02  5.7297E-02 -8.2788E-03
  6.7542E+02  5.7441E-02 -9.1498E-03
  6.7610E+02  5.7555E-02 -1.0017E-02
  6.7679E+02  5.7639E-02 -1.0882E-02
  6.7748E+02  5.7695E-02 -1.1742E-02
  6.7816E+02  5.7724E-02 -1.2598E-02
  6.7885E+02  5.7728E-02 -1.3450E-02
  6.7954E+02  5.7708E-02 -1.4297E-02
  6.8022E+02  5.7667E-02 -1.5139E-02
  6.8091E+02  5.7607E-02 -1.5977E-02
  6.8160E+02  5.7530E-02 -1.6808E-02
  6.8228E+02  5.7439E-02 -1.7634E-02
  6.8297E+02  5.7336E-02 -1.8455E-02
  6.8365E+02  5.7224E-02 -1.9270E-02
  6.8434E+02  5.7104E-02 -2.0079E-02
  6.8503E+02  5.6980E-02 -2.0881E-02
  6.8571E+02  5.6854E-02 -2.1678E-02
  6.8640E+02  5.6728E-02 -2.2469E-02
  6.8709E+02  5.6604E-02 -2.3255E-02
  6.8777E+02  5.6484E-02 -2.4034E-02
  6.8846E+02  5.6369E-02 -2.4808E-02
  6.8915E+02  5.6259E-02 -2.5576E-02
  6.8983E+02  5.6156E-02 -2.6338E-02
  6.9052E+02  5.6059E-02 -2.7095E-02
  6.9120E+02  5.5967E-02 -2.7846E-02
  6.9189E+02  5.5880E-02 -2.8592E-02
  6.9258E+02  5.5798E-02 -2.9332E-02
  6.9326E+02  5.5719E-02 -3.0067E-02
  6.9395E+02  5.5644E-02 -3.0796E-02
  6.9464E+02  5.5571E-02 -3.1519E-02
  6.9532E+02  5.5501E-02 -3.2237E-02
  6.9601E+02  5.5435E-02 -3.2949E-02
  6.9670E+02  5.5370E-02 -3.3655E-02
  6.9738E+02  5.5309E-02 -3.4355E-02
  6.9807E+02  5.5250E-02 -3.5049E-02
  6.9876E+02  5.5193E-02 -3.5737E-02
  6.9944E+02  5.5138E-02 -3.6419E-02
  7.0013E+02  5.5085E-02 -3.7095E-02
  7.0081E+02  5.5033E-02 -3.7764E-02
  7.0150E+02  5.4981E-02 -3.8428E-02
  7.0219E+02  5.4928E-02 -3.9085E-02
  7.0287E+02  5.4873E-02 -3.9736E-02
  7.0356E+02  5.4816E-02 -4.0380E-02
  7.0425E+02  5.4756E-02 -4.1019E-02
  7.0493E+02  5.4690E-02 -4.1650E-02
  7.0562E+02  5.4619E-02 -4.2276E-02
  7.0631E+02  5.4540E-02 -4.2895E-02
  7.0699E+02  5.4451E-02 -4.3508E-02
  7.0768E+02  5.4351E-02 -4.4114E-02
  7.0836E+02  5.4236E-02 -4.4713E-02
  7.0905E+02  5.4105E-02 -4.5305E-02
  7.0974E+02  5.3956E-02 -4.5890E-02
  7.1042E+02  5.3787E-02 -4.6468E-02
  7.1111E+02  5.3596E-02 -4.7038E-02
  7.1180E+02  5.3384E-02 -4.7600E-02
  7.1248E+02  5.3151E-02 -4.8153E-02
  7.1317E+02  5.2896E-02 -4.8699E-02
  7.1386E+02  5.2620E-02 -4.9236E-02
  7.1454E+02  5.2324E-02 -4.9764E-02
  7.1523E+02  5.2008E-02 -5.0283E-02
  7.1592E+02  5.1673E-02 -5.0793E-02
  7.1660E+02  5.1321E-02 -5.1293E-02
  7.1729E+02  5.0951E-02 -5.1784E-02
  7.1797E+02  5.0566E-02 -5.2265E-02
  7.1866E+02  5.0167E-02 -5.2736E-02
  7.1935E+02  4.9757E-02 -5.3197E-02
  7.2003E+02  4.9338E-02 -5.3648E-02
  7.2072E+02  4.8912E-02 -5.4090E-02
  7.2141E+02  4.8482E-02 -5.4523E-02
  7.2209E+02  4.8050E-02 -5.4945E-02
  7.2278E+02  4.7616E-02 -5.5359E-02
  7.2347E+02  4.7183E-02 -5.5763E-02
  7.2415E+02  4.6752E-02 -5.6157E-02
  7.2484E+02  4.6324E-02 -5.6543E-02
  7.2552E+02  4.5899E-02 -5.6920E-02
  7.2621E+02  4.5480E-02 -5.7287E-02
  7.2690E+02  4.5065E-02 -5.7646E-02
  7.2758E+02  4.4655E-02 -5.7995E-02
  7.2827E+02  4.4251E-02 -5.8335E-02
  7.2896E+02  4.3850E-02 -5.8667E-02
  7.2964E+02  4.3454E-02 -5.8989E-02
  7.3033E+02  4.3060E-02 -5.9303E-02
  7.3102E+02  4.2668E-02 -5.9607E-02
  7.3170E+02  4.2277E-02 -5.9902E-02
  7.3239E+02  4.1886E-02 -6.0188E-02
  7.3308E+02  4.1497E-02 -6.0465E-02
  7.3376E+02  4.1107E-02 -6.0732E-02
  7.3445E+02  4.0718E-02 -6.0991E-02
  7.3513E+02  4.0328E-02 -6.1240E-02
  7.3582E+02  3.9937E-02 -6.1481E-02
  7.3651E+02  3.9546E-02 -6.1712E-02
  7.3719E+02  3.9155E-02 -6.1934E-02
  7.3788E+02  3.8762E-02 -6.2147E-02
  7.3857E+02  3.8369E-02 -6.2351E-02
  7.3925E+02  3.7976E-02 -6.2546E-02
  7.3994E+02  3.7584E-02 -6.2732E-02
  7.4063E+02  3.7194E-02 -6.2909E-02
  7.4131E+02  3.6805E-02 -6.3076E-02
  7.4200E+02  3.6420E-02 -6.3236E-02
  7.4268E+02  3.6036E-02 -6.3386E-02
  7.4337E+02  3.5654E-02 -6.3528E-02
  7.4406E+02  3.5273E-02 -6.3662E-02
  7.4474E+02  3.4891E-02 -6.3787E-02
  7.4543E+02  3.4507E-02 -6.3904E-02
  7.4612E+02  3.4120E-02 -6.4012E-02
  7.4680E+02  3.3730E-02 -6.4111E-02
  7.4749E+02  3.3335E-02 -6.4202E-02
  7.4818E+02  3.2936E-02 -6.4284E-02
  7.4886E+02  3.2532E-02 -6.4357E-02
  7.4955E+02  3.2122E-02 -6.4422E-02
  7.5024E+02  3.1705E-02 -6.4477E-02
  7.5092E+02  3.1280E-02 -6.4523E-02
  7.5161E+02  3.0847E-02 -6.4561E-02
  7.5229E+02  3.0405E-02 -6.4588E-02
  7.5298E+02  2.9954E-02 -6.4607E-02
  7.5367E+02  2.9494E-02 -6.4616E-02
  7.5435E+02  2.9025E-02 -6.4615E-02
  7.5504E+02  2.8549E-02 -6.4605E-02
  7.5573E+02  2.8067E-02 -6.4585E-02
  7.5641E+02  2.7579E-02 -6.4555E-02
  7.5710E+02  2.7088E-02 -6.4517E-02
  7.5779E+02  2.6595E-02 -6.4469E-02
  7.5847E+02  2.6102E-02 -6.4411E-02
  7.5916E+02  2.5610E-02 -6.4345E-02
  7.5984E+02  2.5121E-02 -6.4270E-02
  7.6053E+02  2.4635E-02 -6.4187E-02
  7.6122E+02  2.4154E-02 -6.4095E-02
  7.6190E+02  2.3677E-02 -6.3995E-02
  7.6259E+02  2.3207E-02 -6.3887E-02
  7.6328E+02  2.2741E-02 -6.3770E-02
  7.6396E+02  2.2281E-02 -6.3646E-02
  7.6465E+02  2.1826E-02 -6.3514E-02
  7.6534E+02  2.1375E-02 -6.3374E-02
  7.6602E+02  2.0927E-02 -6.3225E-02
  7.6671E+02  2.0483E-02 -6.3069E-02
  7.6740E+02  2.0040E-02 -6.2905E-02
  7.6808E+02  1.9599E-02 -6.2733E-02
  7.6877E+02  1.9158E-02 -6.2553E-02
  7.6945E+02  1.8719E-02 -6.2364E-02
  7.7014E+02  1.8282E-02 -6.2168E-02
  7.7083E+02  1.7846E-02 -6.1963E-02
  7.7151E+02  1.7413E-02 -6.1751E-02
  7.7220E+02  1.6983E-02 -6.1531E-02
  7.7289E+02  1.6555E-02 -6.1303E-02
  7.7357E+02  1.6130E-02 -6.1068E-02
  7.7426E+02  1.5708E-02 -6.0825E-02
  7.7495E+02  1.5289E-02 -6.0575E-02
  7.7563E+02  1.4871E-02 -6.0317E-02
  7.7632E+02  1.4456E-02 -6.0052E-02
  7.7700E+02  1.4043E-02 -5.9780E-02
  7.7769E+02  1.3632E-02 -5.9501E-02
  7.7838E+02  1.3225E-02 -5.9214E-02
  7.7906E+02  1.2820E-02 -5.8921E-02
  7.7975E+02  1.2419E-02 -5.8621E-02
  7.8044E+02  1.2021E-02 -5.8315E-02
  7.8112E+02  1.1625E-02 -5.8002E-02
  7.8181E+02  1.1231E-02 -5.7682E-02
  7.8250E+02  1.0838E-02 -5.7357E-02
  7.8318E+02  1.0446E-02 -5.7024E-02
  7.8387E+02  1.0056E-02 -5.6686E-02
  7.8456E+02  9.6659E-03 -5.6341E-02
  7.8524E+02  9.2775E-03 -5.5990E-02
  7.8593E+02  8.8909E-03 -5.5633E-02
  7.8661E+02  8.5062E-03 -5.5269E-02
  7.8730E+02  8.1235E-03 -5.4900E-02
  7.8799E+02  7.7430E-03 -5.4525E-02
  7.8867E+02  7.3645E-03 -5.4143E-02
  7.8936E+02  6.9880E-03 -5.3756E-02
  7.9005E+02  6.6137E-03 -5.3363E-02
  7.9073E+02  6.2415E-03 -5.2964E-02
  7.9142E+02  5.8719E-03 -5.2559E-02
  7.9211E+02  5.5050E-03 -5.2148E-02
  7.9279E+02  5.1413E-03 -5.1731E-02
  7.9348E+02  4.7813E-03 -5.1309E-02
  7.9416E+02  4.4256E-03 -5.0881E-02
  7.9485E+02  4.0746E-03 -5.0447E-02
  7.9554E+02  3.7284E-03 -5.0008E-02
  7.9622E+02  3.3874E-03 -4.9564E-02
  7.9691E+02  3.0514E-03 -4.9115E-02
  7.9760E+02  2.7203E-03 -4.8661E-02
  7.9828E+02  2.3937E-03 -4.8203E-02
  7.9897E+02  2.0713E-03 -4.7740E-02
  7.9966E+02  1.7527E-03 -4.7273E-02
  8.0034E+02  1.4376E-03 -4.6801E-02
  8.0103E+02  1.1259E-03 -4.6326E-02
  8.0172E+02  8.1765E-04 -4.5846E-02
  8.0240E+02  5.1301E-04 -4.5363E-02
  8.0309E+02  2.1212E-04 -4.4876E-02
  8.0377E+02 -8.4901E-05 -4.4385E-02
  8.0446E+02 -3.7799E-04 -4.3890E-02
  8.0515E+02 -6.6709E-04 -4.3392E-02
  8.0583E+02 -9.5212E-04 -4.2890E-02
  8.0652E+02 -1.2329E-03 -4.2384E-02
  8.0721E+02 -1.5090E-03 -4.1874E-02
  8.0789E+02 -1.7799E-03 -4.1361E-02
  8.0858E+02 -2.0449E-03 -4.0844E-02
  8.0927E+02 -2.3036E-03 -4.0324E-02
  8.0995E+02 -2.5554E-03 -3.9801E-02
  8.1064E+02 -2.8000E-03 -3.9274E-02
  8.1132E+02 -3.0376E-03 -3.8744E-02
  8.1201E+02 -3.2685E-03 -3.8212E-02
  8.1270E+02 -3.4931E-03 -3.7676E-02
  8.1338E+02 -3.7121E-03 -3.7138E-02
  8.1407E+02 -3.9262E-03 -3.6597E-02
  8.1476E+02 -4.1356E-03 -3.6054E-02
  8.1544E+02 -4.3406E-03 -3.5508E-02
  8.1613E+02 -4.5410E-03 -3.4960E-02
  8.1682E+02 -4.7365E-03 -3.4410E-02
  8.1750E+02 -4.9265E-03 -3.3858E-02
  8.1819E+02 -5.1104E-03 -3.3304E-02
  8.1888E+02 -5.2877E-03 -3.2748E-02
  8.1956E+02 -5.4584E-03 -3.2190E-02
  8.2025E+02 -5.6224E-03 -3.1631E-02
  8.2093E+02 -5.7800E-03 -3.1071E-02
  8.2162E+02 -5.9318E-03 -3.0509E-02
  8.2231E+02 -6.0783E-03 -2.9947E-02
  8.2299E+02 -6.2199E-03 -2.9383E-02
  8.2368E+02 -6.3571E-03 -2.8817E-02
  8.2437E+02 -6.4902E-03 -2.8251E-02
  8.2505E+02 -6.6199E-03 -2.7685E-02
  8.2574E+02 -6.7467E-03 -2.7117E-02
  8.2643E+02 -6.8714E-03 -2.6548E-02
  8.2711E+02 -6.9949E-03 -2.5979E-02
  8.2780E+02 -7.1183E-03 -2.5409E-02
  8.2848E+02 -7.2424E-03 -2.4838E-02
  8.2917E+02 -7.3677E-03 -2.4266E-02
  8.2986E+02 -7.4946E-03 -2.3693E-02
  8.3054E+02 -7.6227E-03 -2.3120E-02
  8.3123E+02 -7.7511E-03 -2.2546E-02
  8.3192E+02 -7.8787E-03 -2.1971E-02
  8.3260E+02 -8.0038E-03 -2.1395E-02
  8.3329E+02 -8.1246E-03 -2.0819E-02
  8.3398E+02 -8.2392E-03 -2.0243E-02
  8.3466E+02 -8.3457E-03 -1.9667E-02
  8.3535E+02 -8.4428E-03 -1.9090E-02
  8.3604E+02 -8.5290E-03 -1.8514E-02
  8.3672E+02 -8.6035E-03 -1.7938E-02
  8.3741E+02 -8.6658E-03 -1.7363E-02
  8.3809E+02 -8.7159E-03 -1.6788E-02
  8.3878E+02 -8.7539E-03 -1.6214E-02
  8.3947E+02 -8.7806E-03 -1.5642E-02
  8.4015E+02 -8.7967E-03 -1.5070E-02
  8.4084E+02 -8.8032E-03 -1.4501E-02
  8.4153E+02 -8.8011E-03 -1.3932E-02
  8.4221E+02 -8.7918E-03 -1.3366E-02
  8.4290E+02 -8.7763E-03 -1.2802E-02
  8.4359E+02 -8.7559E-03 -1.2239E-02
  8.4427E+02 -8.7318E-03 -1.1679E-02
  8.4496E+02 -8.7053E-03 -1.1120E-02
  8.4564E+02 -8.6771E-03 -1.0564E-02
  8.4633E+02 -8.6483E-03 -1.0010E-02
  8.4702E+02 -8.6194E-03 -9.4573E-03
  8.4770E+02 -8.5908E-03 -8.9070E-03
  8.4839E+02 -8.5627E-03 -8.3588E-03
  8.4908E+02 -8.5351E-03 -7.8126E-03
  8.4976E+02 -8.5075E-03 -7.2684E-03
  8.5045E+02 -8.4794E-03 -6.7262E-03
  8.5114E+02 -8.4499E-03 -6.1859E-03
  8.5182E+02 -8.4181E-03 -5.6477E-03
  8.5251E+02 -8.3832E-03 -5.1116E-03
  8.5320E+02 -8.3444E-03 -4.5776E-03
  8.5388E+02 -8.3012E-03 -4.0459E-03
  8.5457E+02 -8.2529E-03 -3.5164E-03
  8.5525E+02 -8.1994E-03 -2.9894E-03
  8.5594E+02 -8.1403E-03 -2.4648E-03
  8.5663E+02 -8.0751E-03 -1.9427E-03
  8.5731E+02 -8.0032E-03 -1.4232E-03
  8.5800E+02 -7.9240E-03 -9.0651E-04
  8.5869E+02 -7.8366E-03 -3.9263E-04
  8.5937E+02 -7.7402E-03  1.1821E-04
  8.6006E+02 -7.6342E-03  6.2582E-04
  8.6075E+02 -7.5182E-03  1.1300E-03
  8.6143E+02 -7.3924E-03  1.6306E-03
  8.6212E+02 -7.2572E-03  2.1275E-03
  8.6280E+02 -7.1133E-03  2.6204E-03
  8.6349E+02 -6.9617E-03  3.1094E-03
  8.6418E+02 -6.8033E-03  3.5944E-03
  8.6486E+02 -6.6393E-03  4.0752E-03
  8.6555E+02 -6.4709E-03  4.5517E-03
  8.6624E+02 -6.2990E-03  5.0241E-03
  8.6692E+02 -6.1249E-03  5.4921E-03
  8.6761E+02 -5.9498E-03  5.9558E-03
  8.6830E+02 -5.7749E-03  6.4151E-03
  8.6898E+02 -5.6015E-03  6.8700E-03
  8.6967E+02 -5.4308E-03  7.3206E-03
  8.7036E+02 -5.2639E-03  7.7668E-03
  8.7104E+02 -5.1013E-03  8.2087E-03
  8.7173E+02 -4.9434E-03  8.6465E-03
  8.7241E+02 -4.7898E-03  9.0802E-03
  8.7310E+02 -4.6396E-03  9.5098E-03
  8.7379E+02 -4.4914E-03  9.9355E-03
  8.7447E+02 -4.3436E-03  1.0357E-02
  8.7516E+02 -4.1942E-03  1.0775E-02
  8.7585E+02 -4.0411E-03  1.1188E-02
  8.7653E+02 -3.8825E-03  1.1598E-02
  8.7722E+02 -3.7167E-03  1.2003E-02
  8.7791E+02 -3.5422E-03  1.2404E-02
  8.7859E+02 -3.3581E-03  1.2800E-02
  8.7928E+02 -3.1636E-03  1.3193E-02
  8.7996E+02 -2.9585E-03  1.3580E-02
  8.8065E+02 -2.7427E-03  1.3963E-02
  8.8134E+02 -2.5168E-03  1.4341E-02
  8.8202E+02 -2.2816E-03  1.4714E-02
  8.8271E+02 -2.0382E-03  1.5082E-02
  8.8340E+02 -1.7879E-03  1.5444E-02
  8.8408E+02 -1.5322E-03  1.5801E-02
  8.8477E+02 -1.2727E-03  1.6153E-02
  8.8546E+02 -1.0108E-03  1.6499E-02
  8.8614E+02 -7.4775E-04  1.6840E-02
  8.8683E+02 -4.8476E-04  1.7175E-02
  8.8752E+02 -2.2273E-04  1.7505E-02
  8.8820E+02  3.7610E-05  1.7829E-02
  8.8889E+02  2.9562E-04  1.8148E-02
  8.8957E+02  5.5074E-04  1.8461E-02
  8.9026E+02  8.0252E-04  1.8768E-02
  8.9095E+02  1.0507E-03  1.9070E-02
  8.9163E+02  1.2953E-03  1.9366E-02
  8.9232E+02  1.5367E-03  1.9657E-02
  8.9301E+02  1.7755E-03  1.9942E-02
  8.9369E+02  2.0127E-03  2.0222E-02
  8.9438E+02  2.2495E-03  2.0496E-02
  8.9507E+02  2.4869E-03  2.0764E-02
  8.9575E+02  2.7261E-03  2.1027E-02
  8.9644E+02  2.9679E-03  2.1284E-02
  8.9712E+02  3.2131E-03  2.1535E-02
  8.9781E+02  3.4623E-03  2.1780E-02
  8.9850E+02  3.7162E-03  2.2020E-02
  8.9918E+02  3.9753E-03  2.2254E-02
  8.9987E+02  4.2402E-03  2.2482E-02
  9.0056E+02  4.5118E-03  2.2705E-02
  9.0124E+02  4.7905E-03  2.2921E-02
  9.0193E+02  5.0767E-03  2.3133E-02
  9.0262E+02  5.3704E-03  2.3338E-02
  9.0330E+02  5.6714E-03  2.3538E-02
  9.0399E+02  5.9792E-03  2.3732E-02
  9.0468E+02  6.2928E-03  2.3920E-02
  9.0536E+02  6.6115E-03  2.4103E-02
  9.0605E+02  6.9341E-03  2.4279E-02
  9.0673E+02  7.2597E-03  2.4450E-02
  9.0742E+02  7.5871E-03  2.4614E-02
  9.0811E+02  7.9154E-03  2.4772E-02
  9.0879E+02  8.2433E-03  2.4925E-02
  9.0948E+02  8.5697E-03  2.5071E-02
  9.1017E+02  8.8935E-03  2.5210E-02
  9.1085E+02  9.2135E-03  2.5344E-02
  9.1154E+02  9.5286E-03  2.5472E-02
  9.1223E+02  9.8377E-03  2.5594E-02
  9.1291E+02  1.0140E-02  2.5710E-02
  9.1360E+02  1.0435E-02  2.5820E-02
  9.1428E+02  1.0723E-02  2.5925E-02
  9.1497E+02  1.1003E-02  2.6023E-02
  9.1566E+02  1.1276E-02  2.6117E-02
  9.1634E+02  1.1542E-02  2.6205E-02
  9.1703E+02  1.1803E-02  2.6287E-02
  9.1772E+02  1.2059E-02  2.6364E-02
  9.1840E+02  1.2312E-02  2.6436E-02
  9.1909E+02  1.2563E-02  2.6503E-02
  9.1978E+02  1.2815E-02  2.6564E-02
  9.2046E+02  1.3070E-02  2.6620E-02
  9.2115E+02  1.3328E-02  2.6670E-02
  9.2184E+02  1.3593E-02  2.6714E-02
  9.2252E+02  1.3865E-02  2.6753E-02
  9.2321E+02  1.4145E-02  2.6786E-02
  9.2389E+02  1.4433E-02  2.6813E-02
  9.2458E+02  1.4731E-02  2.6834E-02
  9.2527E+02  1.5037E-02  2.6850E-02
  9.2595E+02  1.5351E-02  2.6860E-02
  9.2664E+02  1.5672E-02  2.6863E-02
  9.2733E+02  1.5999E-02  2.6861E-02
  9.2801E+02  1.6330E-02  2.6853E-02
  9.2870E+02  1.6664E-02  2.6839E-02
  9.2939E+02  1.6999E-02  2.6819E-02
  9.3007E+02  1.7334E-02  2.6793E-02
  9.3076E+02  1.7665E-02  2.6761E-02
  9.3144E+02  1.7993E-02  2.6723E-02
  9.3213E+02  1.8315E-02  2.6680E-02
  9.3282E+02  1.8630E-02  2.6632E-02
  9.3350E+02  1.8937E-02  2.6578E-02
  9.3419E+02  1.9237E-02  2.6519E-02
  9.3488E+02  1.9528E-02  2.6455E-02
  9.3556E+02  1.9810E-02  2.6385E-02
  9.3625E+02  2.0085E-02  2.6311E-02
  9.3694E+02  2.0352E-02  2.6232E-02
  9.3762E+02  2.0611E-02  2.6148E-02
  9.3831E+02  2.0865E-02  2.6059E-02
  9.3900E+02  2.1113E-02  2.5966E-02
  9.3968E+02  2.1356E-02  2.5867E-02
  9.4037E+02  2.1595E-02  2.5764E-02
  9.4105E+02  2.1831E-02  2.5656E-02
  9.4174E+02  2.2065E-02  2.5543E-02
  9.4243E+02  2.2299E-02  2.5426E-02
  9.4311E+02  2.2533E-02  2.5304E-02
  9.4380E+02  2.2768E-02  2.5176E-02
  9.4449E+02  2.3004E-02  2.5044E-02
  9.4517E+02  2.3244E-02  2.4908E-02
  9.4586E+02  2.3487E-02  2.4766E-02
  9.4655E+02  2.3735E-02  2.4620E-02
  9.4723E+02  2.3987E-02  2.4469E-02
  9.4792E+02  2.4245E-02  2.4314E-02
  9.4860E+02  2.4507E-02  2.4153E-02
  9.4929E+02  2.4775E-02  2.3988E-02
  9.4998E+02  2.5047E-02  2.3819E-02
  9.5066E+02  2.5324E-02  2.3644E-02
  9.5135E+02  2.5603E-02  2.3465E-02
  9.5204E+02  2.5884E-02  2.3281E-02
  9.5272E+02  2.6166E-02  2.3093E-02
  9.5341E+02  2.6447E-02  2.2900E-02
  9.5410E+02  2.6726E-02  2.2702E-02
  9.5478E+02  2.7001E-02  2.2499E-02
  9.5547E+02  2.7271E-02  2.2293E-02
  9.5616E+02  2.7535E-02  2.2081E-02
  9.5684E+02  2.7790E-02  2.1866E-02
  9.5753E+02  2.8036E-02  2.1646E-02
  9.5821E+02  2.8272E-02  2.1423E-02
  9.5890E+02  2.8497E-02  2.1195E-02
  9.5959E+02  2.8709E-02  2.0964E-02
  9.6027E+02  2.8909E-02  2.0729E-02
  9.6096E+02  2.9097E-02  2.0491E-02
  9.6165E+02  2.9274E-02  2.0249E-02
  9.6233E+02  2.9439E-02  2.0004E-02
  9.6302E+02  2.9594E-02  1.9756E-02
  9.6371E+02  2.9741E-02  1.9504E-02
  9.6439E+02  2.9880E-02  1.9250E-02
  9.6508E+02  3.0015E-02  1.8993E-02
  9.6576E+02  3.0147E-02  1.8733E-02
  9.6645E+02  3.0278E-02  1.8471E-02
  9.6714E+02  3.0411E-02  1.8205E-02
  9.6782E+02  3.0549E-02  1.7936E-02
  9.6851E+02  3.0693E-02  1.7665E-02
  9.6920E+02  3.0845E-02  1.7390E-02
  9.6988E+02  3.1006E-02  1.7113E-02
  9.7057E+02  3.1177E-02  1.6832E-02
  9.7126E+02  3.1357E-02  1.6548E-02
  9.7194E+02  3.1546E-02  1.6262E-02
  9.7263E+02  3.1744E-02  1.5972E-02
  9.7332E+02  3.1950E-02  1.5679E-02
  9.7400E+02  3.2160E-02  1.5383E-02
  9.7469E+02  3.2375E-02  1.5083E-02
  9.7537E+02  3.2591E-02  1.4781E-02
  9.7606E+02  3.2805E-02  1.4475E-02
  9.7675E+02  3.3016E-02  1.4167E-02
  9.7743E+02  3.3219E-02  1.3856E-02
  9.7812E+02  3.3413E-02  1.3542E-02
  9.7881E+02  3.3596E-02  1.3225E-02
  9.7949E+02  3.3765E-02  1.2906E-02
  9.8018E+02  3.3919E-02  1.2585E-02
  9.8087E+02  3.4057E-02  1.2262E-02
  9.8155E+02  3.4178E-02  1.1937E-02
  9.8224E+02  3.4283E-02  1.1610E-02
  9.8292E+02  3.4373E-02  1.1281E-02
  9.8361E+02  3.4447E-02  1.0952E-02
  9.8430E+02  3.4508E-02  1.0620E-02
  9.8498E+02  3.4556E-02  1.0288E-02
  9.8567E+02  3.4595E-02  9.9545E-03
  9.8636E+02  3.4625E-02  9.6200E-03
  9.8704E+02  3.4651E-02  9.2846E-03
  9.8773E+02  3.4673E-02  8.9484E-03
  9.8842E+02  3.4696E-02  8.6112E-03
  9.8910E+02  3.4719E-02  8.2730E-03
  9.8979E+02  3.4747E-02  7.9339E-03
  9.9048E+02  3.4779E-02  7.5938E-03
  9.9116E+02  3.4817E-02  7.2527E-03
  9.9185E+02  3.4863E-02  6.9105E-03
  9.9253E+02  3.4915E-02  6.5672E-03
  9.9322E+02  3.4975E-02  6.2229E-03
  9.9391E+02  3.5042E-02  5.8774E-03
  9.9459E+02  3.5116E-02  5.5308E-03
  9.9528E+02  3.5196E-02  5.1831E-03
  9.9597E+02  3.5281E-02  4.8342E-03
  9.9665E+02  3.5370E-02  4.4843E-03
  9.9734E+02  3.5460E-02  4.1333E-03
  9.9803E+02  3.5550E-02  3.7813E-03
  9.9871E+02  3.5639E-02  3.4284E-03
  9.9940E+02  3.5725E-02  3.0748E-03
  1.0000E+03  3.5796E-02  2.7643E-03
