# CREATED BY GENE DIAGNOSTICS TOOL on Wed Mar 17 17:48:32 2021
# diag: timetrace, run(s): 0015, time window: 0-1000(1454 steps), species: ions
# original data path: /marconi_scratch/userexternal/cmoreno0/GAMZF_convergence/w7x_surface/scanfiles0003/
# normalization: L_ref=1.65m
#
#  t          Re[phi]     Im[phi]   
  0.0000E+00  9.9990E-01  0.0000E+00
  6.8800E-01  9.9290E-01 -4.4519E-03
  1.3760E+00  9.7406E-01 -8.7805E-03
  2.0640E+00  9.4785E-01 -1.2898E-02
  2.7520E+00  9.1918E-01 -1.6765E-02
  3.4400E+00  8.9200E-01 -2.0385E-02
  4.1280E+00  8.6857E-01 -2.3790E-02
  4.8160E+00  8.4947E-01 -2.7022E-02
  5.5040E+00  8.3388E-01 -3.0119E-02
  6.1920E+00  8.2024E-01 -3.3106E-02
  6.8800E+00  8.0696E-01 -3.5994E-02
  7.5680E+00  7.9297E-01 -3.8780E-02
  8.2560E+00  7.7789E-01 -4.1454E-02
  8.9440E+00  7.6183E-01 -4.4008E-02
  9.6320E+00  7.4519E-01 -4.6435E-02
  1.0320E+01  7.2851E-01 -4.8732E-02
  1.1008E+01  7.1234E-01 -5.0902E-02
  1.1696E+01  6.9717E-01 -5.2955E-02
  1.2384E+01  6.8323E-01 -5.4901E-02
  1.3072E+01  6.7056E-01 -5.6752E-02
  1.3760E+01  6.5908E-01 -5.8521E-02
  1.4448E+01  6.4870E-01 -6.0218E-02
  1.5136E+01  6.3937E-01 -6.1853E-02
  1.5824E+01  6.3103E-01 -6.3435E-02
  1.6512E+01  6.2357E-01 -6.4973E-02
  1.7200E+01  6.1693E-01 -6.6472E-02
  1.7888E+01  6.1110E-01 -6.7941E-02
  1.8576E+01  6.0610E-01 -6.9387E-02
  1.9264E+01  6.0189E-01 -7.0817E-02
  1.9952E+01  5.9839E-01 -7.2235E-02
  2.0640E+01  5.9550E-01 -7.3648E-02
  2.1328E+01  5.9319E-01 -7.5060E-02
  2.2016E+01  5.9141E-01 -7.6475E-02
  2.2704E+01  5.9007E-01 -7.7896E-02
  2.3392E+01  5.8907E-01 -7.9326E-02
  2.4080E+01  5.8833E-01 -8.0766E-02
  2.4768E+01  5.8781E-01 -8.2216E-02
  2.5456E+01  5.8746E-01 -8.3678E-02
  2.6144E+01  5.8719E-01 -8.5151E-02
  2.6832E+01  5.8693E-01 -8.6635E-02
  2.7520E+01  5.8662E-01 -8.8128E-02
  2.8208E+01  5.8623E-01 -8.9628E-02
  2.8896E+01  5.8570E-01 -9.1134E-02
  2.9584E+01  5.8499E-01 -9.2642E-02
  3.0272E+01  5.8403E-01 -9.4152E-02
  3.0960E+01  5.8280E-01 -9.5658E-02
  3.1648E+01  5.8128E-01 -9.7159E-02
  3.2336E+01  5.7947E-01 -9.8651E-02
  3.3024E+01  5.7732E-01 -1.0013E-01
  3.3712E+01  5.7481E-01 -1.0160E-01
  3.4400E+01  5.7196E-01 -1.0304E-01
  3.5088E+01  5.6877E-01 -1.0447E-01
  3.5776E+01  5.6527E-01 -1.0587E-01
  3.6464E+01  5.6143E-01 -1.0724E-01
  3.7152E+01  5.5726E-01 -1.0859E-01
  3.7840E+01  5.5280E-01 -1.0990E-01
  3.8528E+01  5.4807E-01 -1.1118E-01
  3.9216E+01  5.4310E-01 -1.1243E-01
  3.9904E+01  5.3790E-01 -1.1363E-01
  4.0592E+01  5.3248E-01 -1.1480E-01
  4.1280E+01  5.2688E-01 -1.1593E-01
  4.1968E+01  5.2114E-01 -1.1703E-01
  4.2656E+01  5.1528E-01 -1.1808E-01
  4.3344E+01  5.0932E-01 -1.1909E-01
  4.4032E+01  5.0328E-01 -1.2006E-01
  4.4720E+01  4.9719E-01 -1.2099E-01
  4.5408E+01  4.9109E-01 -1.2189E-01
  4.6096E+01  4.8498E-01 -1.2274E-01
  4.6784E+01  4.7887E-01 -1.2356E-01
  4.7472E+01  4.7279E-01 -1.2434E-01
  4.8160E+01  4.6676E-01 -1.2508E-01
  4.8848E+01  4.6080E-01 -1.2579E-01
  4.9536E+01  4.5490E-01 -1.2646E-01
  5.0224E+01  4.4908E-01 -1.2711E-01
  5.0912E+01  4.4333E-01 -1.2772E-01
  5.1600E+01  4.3768E-01 -1.2830E-01
  5.2288E+01  4.3213E-01 -1.2885E-01
  5.2976E+01  4.2667E-01 -1.2937E-01
  5.3664E+01  4.2130E-01 -1.2987E-01
  5.4352E+01  4.1601E-01 -1.3034E-01
  5.5040E+01  4.1082E-01 -1.3078E-01
  5.5728E+01  4.0571E-01 -1.3120E-01
  5.6416E+01  4.0068E-01 -1.3160E-01
  5.7104E+01  3.9571E-01 -1.3197E-01
  5.7792E+01  3.9081E-01 -1.3232E-01
  5.8480E+01  3.8596E-01 -1.3264E-01
  5.9168E+01  3.8117E-01 -1.3295E-01
  5.9856E+01  3.7642E-01 -1.3323E-01
  6.0544E+01  3.7169E-01 -1.3350E-01
  6.1232E+01  3.6698E-01 -1.3374E-01
  6.1920E+01  3.6229E-01 -1.3396E-01
  6.2608E+01  3.5761E-01 -1.3415E-01
  6.3296E+01  3.5294E-01 -1.3433E-01
  6.3984E+01  3.4825E-01 -1.3448E-01
  6.4672E+01  3.4355E-01 -1.3461E-01
  6.5360E+01  3.3884E-01 -1.3472E-01
  6.6048E+01  3.3410E-01 -1.3481E-01
  6.6736E+01  3.2934E-01 -1.3487E-01
  6.7424E+01  3.2455E-01 -1.3491E-01
  6.8112E+01  3.1972E-01 -1.3492E-01
  6.8800E+01  3.1487E-01 -1.3491E-01
  6.9488E+01  3.0999E-01 -1.3488E-01
  7.0176E+01  3.0507E-01 -1.3482E-01
  7.0864E+01  3.0011E-01 -1.3474E-01
  7.1552E+01  2.9512E-01 -1.3463E-01
  7.2240E+01  2.9011E-01 -1.3449E-01
  7.2928E+01  2.8507E-01 -1.3433E-01
  7.3616E+01  2.7999E-01 -1.3415E-01
  7.4304E+01  2.7489E-01 -1.3394E-01
  7.4992E+01  2.6978E-01 -1.3370E-01
  7.5680E+01  2.6464E-01 -1.3344E-01
  7.6368E+01  2.5949E-01 -1.3315E-01
  7.7056E+01  2.5432E-01 -1.3283E-01
  7.7744E+01  2.4915E-01 -1.3249E-01
  7.8432E+01  2.4397E-01 -1.3212E-01
  7.9120E+01  2.3878E-01 -1.3173E-01
  7.9808E+01  2.3360E-01 -1.3131E-01
  8.0496E+01  2.2841E-01 -1.3087E-01
  8.1184E+01  2.2323E-01 -1.3040E-01
  8.1872E+01  2.1806E-01 -1.2991E-01
  8.2560E+01  2.1289E-01 -1.2940E-01
  8.3248E+01  2.0774E-01 -1.2886E-01
  8.3936E+01  2.0259E-01 -1.2829E-01
  8.4624E+01  1.9747E-01 -1.2770E-01
  8.5312E+01  1.9235E-01 -1.2709E-01
  8.6000E+01  1.8726E-01 -1.2646E-01
  8.6688E+01  1.8218E-01 -1.2580E-01
  8.7376E+01  1.7712E-01 -1.2512E-01
  8.8064E+01  1.7208E-01 -1.2442E-01
  8.8752E+01  1.6707E-01 -1.2370E-01
  8.9440E+01  1.6207E-01 -1.2295E-01
  9.0128E+01  1.5710E-01 -1.2219E-01
  9.0816E+01  1.5215E-01 -1.2140E-01
  9.1504E+01  1.4722E-01 -1.2059E-01
  9.2192E+01  1.4231E-01 -1.1977E-01
  9.2880E+01  1.3743E-01 -1.1892E-01
  9.3568E+01  1.3257E-01 -1.1805E-01
  9.4256E+01  1.2773E-01 -1.1716E-01
  9.4944E+01  1.2291E-01 -1.1626E-01
  9.5632E+01  1.1811E-01 -1.1533E-01
  9.6320E+01  1.1334E-01 -1.1438E-01
  9.7008E+01  1.0858E-01 -1.1342E-01
  9.7696E+01  1.0384E-01 -1.1244E-01
  9.8384E+01  9.9115E-02 -1.1143E-01
  9.9072E+01  9.4414E-02 -1.1041E-01
  9.9760E+01  8.9731E-02 -1.0938E-01
  1.0045E+02  8.5061E-02 -1.0832E-01
  1.0114E+02  8.0408E-02 -1.0725E-01
  1.0182E+02  7.5772E-02 -1.0615E-01
  1.0251E+02  7.1151E-02 -1.0504E-01
  1.0320E+02  6.6546E-02 -1.0392E-01
  1.0389E+02  6.1956E-02 -1.0277E-01
  1.0458E+02  5.7382E-02 -1.0161E-01
  1.0526E+02  5.2824E-02 -1.0043E-01
  1.0595E+02  4.8281E-02 -9.9236E-02
  1.0664E+02  4.3754E-02 -9.8024E-02
  1.0733E+02  3.9242E-02 -9.6794E-02
  1.0802E+02  3.4749E-02 -9.5549E-02
  1.0870E+02  3.0275E-02 -9.4287E-02
  1.0939E+02  2.5819E-02 -9.3010E-02
  1.1008E+02  2.1381E-02 -9.1716E-02
  1.1077E+02  1.6963E-02 -9.0407E-02
  1.1146E+02  1.2566E-02 -8.9082E-02
  1.1214E+02  8.1924E-03 -8.7742E-02
  1.1283E+02  3.8406E-03 -8.6388E-02
  1.1352E+02 -4.8937E-04 -8.5018E-02
  1.1421E+02 -4.7955E-03 -8.3634E-02
  1.1490E+02 -9.0753E-03 -8.2236E-02
  1.1558E+02 -1.3328E-02 -8.0825E-02
  1.1627E+02 -1.7554E-02 -7.9399E-02
  1.1696E+02 -2.1755E-02 -7.7960E-02
  1.1765E+02 -2.5929E-02 -7.6508E-02
  1.1834E+02 -3.0072E-02 -7.5043E-02
  1.1902E+02 -3.4186E-02 -7.3565E-02
  1.1971E+02 -3.8269E-02 -7.2075E-02
  1.2040E+02 -4.2325E-02 -7.0573E-02
  1.2109E+02 -4.6350E-02 -6.9060E-02
  1.2178E+02 -5.0344E-02 -6.7534E-02
  1.2246E+02 -5.4308E-02 -6.5998E-02
  1.2315E+02 -5.8240E-02 -6.4451E-02
  1.2384E+02 -6.2140E-02 -6.2893E-02
  1.2453E+02 -6.6008E-02 -6.1324E-02
  1.2522E+02 -6.9843E-02 -5.9746E-02
  1.2590E+02 -7.3645E-02 -5.8158E-02
  1.2659E+02 -7.7415E-02 -5.6560E-02
  1.2728E+02 -8.1151E-02 -5.4953E-02
  1.2797E+02 -8.4852E-02 -5.3337E-02
  1.2866E+02 -8.8518E-02 -5.1712E-02
  1.2934E+02 -9.2148E-02 -5.0079E-02
  1.3003E+02 -9.5744E-02 -4.8438E-02
  1.3072E+02 -9.9303E-02 -4.6789E-02
  1.3141E+02 -1.0283E-01 -4.5132E-02
  1.3210E+02 -1.0631E-01 -4.3469E-02
  1.3278E+02 -1.0976E-01 -4.1798E-02
  1.3347E+02 -1.1316E-01 -4.0121E-02
  1.3416E+02 -1.1654E-01 -3.8437E-02
  1.3485E+02 -1.1987E-01 -3.6748E-02
  1.3554E+02 -1.2316E-01 -3.5052E-02
  1.3622E+02 -1.2641E-01 -3.3352E-02
  1.3691E+02 -1.2963E-01 -3.1646E-02
  1.3760E+02 -1.3280E-01 -2.9935E-02
  1.3829E+02 -1.3594E-01 -2.8220E-02
  1.3898E+02 -1.3903E-01 -2.6500E-02
  1.3966E+02 -1.4209E-01 -2.4777E-02
  1.4035E+02 -1.4510E-01 -2.3050E-02
  1.4104E+02 -1.4808E-01 -2.1319E-02
  1.4173E+02 -1.5101E-01 -1.9586E-02
  1.4242E+02 -1.5391E-01 -1.7849E-02
  1.4310E+02 -1.5676E-01 -1.6110E-02
  1.4379E+02 -1.5957E-01 -1.4369E-02
  1.4448E+02 -1.6235E-01 -1.2626E-02
  1.4517E+02 -1.6508E-01 -1.0881E-02
  1.4586E+02 -1.6777E-01 -9.1353E-03
  1.4654E+02 -1.7042E-01 -7.3881E-03
  1.4723E+02 -1.7303E-01 -5.6401E-03
  1.4792E+02 -1.7560E-01 -3.8916E-03
  1.4861E+02 -1.7812E-01 -2.1430E-03
  1.4930E+02 -1.8060E-01 -3.9450E-04
  1.4998E+02 -1.8304E-01  1.3536E-03
  1.5067E+02 -1.8543E-01  3.1010E-03
  1.5136E+02 -1.8778E-01  4.8473E-03
  1.5205E+02 -1.9009E-01  6.5923E-03
  1.5274E+02 -1.9235E-01  8.3356E-03
  1.5342E+02 -1.9457E-01  1.0077E-02
  1.5411E+02 -1.9674E-01  1.1816E-02
  1.5480E+02 -1.9887E-01  1.3553E-02
  1.5549E+02 -2.0095E-01  1.5286E-02
  1.5618E+02 -2.0298E-01  1.7016E-02
  1.5686E+02 -2.0497E-01  1.8743E-02
  1.5755E+02 -2.0691E-01  2.0466E-02
  1.5824E+02 -2.0881E-01  2.2185E-02
  1.5893E+02 -2.1066E-01  2.3900E-02
  1.5962E+02 -2.1247E-01  2.5609E-02
  1.6030E+02 -2.1423E-01  2.7314E-02
  1.6099E+02 -2.1594E-01  2.9014E-02
  1.6168E+02 -2.1761E-01  3.0707E-02
  1.6237E+02 -2.1923E-01  3.2395E-02
  1.6306E+02 -2.2081E-01  3.4077E-02
  1.6374E+02 -2.2235E-01  3.5753E-02
  1.6443E+02 -2.2383E-01  3.7421E-02
  1.6512E+02 -2.2528E-01  3.9083E-02
  1.6581E+02 -2.2667E-01  4.0738E-02
  1.6650E+02 -2.2802E-01  4.2385E-02
  1.6718E+02 -2.2933E-01  4.4024E-02
  1.6787E+02 -2.3059E-01  4.5655E-02
  1.6856E+02 -2.3181E-01  4.7277E-02
  1.6925E+02 -2.3298E-01  4.8891E-02
  1.6994E+02 -2.3410E-01  5.0496E-02
  1.7062E+02 -2.3518E-01  5.2092E-02
  1.7131E+02 -2.3621E-01  5.3679E-02
  1.7200E+02 -2.3720E-01  5.5255E-02
  1.7269E+02 -2.3813E-01  5.6822E-02
  1.7338E+02 -2.3903E-01  5.8378E-02
  1.7406E+02 -2.3988E-01  5.9924E-02
  1.7475E+02 -2.4068E-01  6.1459E-02
  1.7544E+02 -2.4143E-01  6.2983E-02
  1.7613E+02 -2.4214E-01  6.4495E-02
  1.7682E+02 -2.4280E-01  6.5996E-02
  1.7750E+02 -2.4342E-01  6.7485E-02
  1.7819E+02 -2.4400E-01  6.8962E-02
  1.7888E+02 -2.4453E-01  7.0426E-02
  1.7957E+02 -2.4501E-01  7.1878E-02
  1.8026E+02 -2.4545E-01  7.3317E-02
  1.8094E+02 -2.4585E-01  7.4743E-02
  1.8163E+02 -2.4620E-01  7.6156E-02
  1.8232E+02 -2.4651E-01  7.7555E-02
  1.8301E+02 -2.4677E-01  7.8941E-02
  1.8370E+02 -2.4700E-01  8.0313E-02
  1.8438E+02 -2.4718E-01  8.1670E-02
  1.8507E+02 -2.4731E-01  8.3013E-02
  1.8576E+02 -2.4741E-01  8.4341E-02
  1.8645E+02 -2.4746E-01  8.5655E-02
  1.8714E+02 -2.4747E-01  8.6954E-02
  1.8782E+02 -2.4744E-01  8.8237E-02
  1.8851E+02 -2.4736E-01  8.9505E-02
  1.8920E+02 -2.4725E-01  9.0757E-02
  1.8989E+02 -2.4709E-01  9.1994E-02
  1.9058E+02 -2.4689E-01  9.3214E-02
  1.9126E+02 -2.4665E-01  9.4418E-02
  1.9195E+02 -2.4637E-01  9.5606E-02
  1.9264E+02 -2.4605E-01  9.6777E-02
  1.9333E+02 -2.4568E-01  9.7931E-02
  1.9402E+02 -2.4528E-01  9.9069E-02
  1.9470E+02 -2.4483E-01  1.0019E-01
  1.9539E+02 -2.4435E-01  1.0129E-01
  1.9608E+02 -2.4382E-01  1.0238E-01
  1.9677E+02 -2.4326E-01  1.0344E-01
  1.9746E+02 -2.4265E-01  1.0449E-01
  1.9814E+02 -2.4201E-01  1.0552E-01
  1.9883E+02 -2.4133E-01  1.0654E-01
  1.9952E+02 -2.4061E-01  1.0753E-01
  2.0021E+02 -2.3985E-01  1.0851E-01
  2.0090E+02 -2.3905E-01  1.0947E-01
  2.0158E+02 -2.3822E-01  1.1040E-01
  2.0227E+02 -2.3735E-01  1.1132E-01
  2.0296E+02 -2.3645E-01  1.1222E-01
  2.0365E+02 -2.3551E-01  1.1311E-01
  2.0434E+02 -2.3453E-01  1.1397E-01
  2.0502E+02 -2.3352E-01  1.1481E-01
  2.0571E+02 -2.3248E-01  1.1563E-01
  2.0640E+02 -2.3140E-01  1.1644E-01
  2.0709E+02 -2.3029E-01  1.1722E-01
  2.0778E+02 -2.2915E-01  1.1798E-01
  2.0846E+02 -2.2797E-01  1.1873E-01
  2.0915E+02 -2.2676E-01  1.1945E-01
  2.0984E+02 -2.2552E-01  1.2015E-01
  2.1053E+02 -2.2424E-01  1.2084E-01
  2.1122E+02 -2.2294E-01  1.2150E-01
  2.1190E+02 -2.2160E-01  1.2214E-01
  2.1259E+02 -2.2022E-01  1.2276E-01
  2.1328E+02 -2.1882E-01  1.2336E-01
  2.1397E+02 -2.1738E-01  1.2394E-01
  2.1466E+02 -2.1592E-01  1.2450E-01
  2.1534E+02 -2.1442E-01  1.2504E-01
  2.1603E+02 -2.1289E-01  1.2556E-01
  2.1672E+02 -2.1134E-01  1.2605E-01
  2.1741E+02 -2.0975E-01  1.2653E-01
  2.1810E+02 -2.0814E-01  1.2698E-01
  2.1878E+02 -2.0650E-01  1.2741E-01
  2.1947E+02 -2.0483E-01  1.2782E-01
  2.2016E+02 -2.0314E-01  1.2821E-01
  2.2085E+02 -2.0142E-01  1.2858E-01
  2.2154E+02 -1.9967E-01  1.2893E-01
  2.2222E+02 -1.9789E-01  1.2925E-01
  2.2291E+02 -1.9610E-01  1.2955E-01
  2.2360E+02 -1.9428E-01  1.2984E-01
  2.2429E+02 -1.9243E-01  1.3010E-01
  2.2498E+02 -1.9056E-01  1.3034E-01
  2.2566E+02 -1.8867E-01  1.3055E-01
  2.2635E+02 -1.8675E-01  1.3075E-01
  2.2704E+02 -1.8481E-01  1.3092E-01
  2.2773E+02 -1.8285E-01  1.3108E-01
  2.2842E+02 -1.8087E-01  1.3121E-01
  2.2910E+02 -1.7887E-01  1.3132E-01
  2.2979E+02 -1.7685E-01  1.3141E-01
  2.3048E+02 -1.7480E-01  1.3147E-01
  2.3117E+02 -1.7274E-01  1.3152E-01
  2.3186E+02 -1.7065E-01  1.3154E-01
  2.3254E+02 -1.6855E-01  1.3154E-01
  2.3323E+02 -1.6642E-01  1.3152E-01
  2.3392E+02 -1.6428E-01  1.3148E-01
  2.3461E+02 -1.6212E-01  1.3142E-01
  2.3530E+02 -1.5994E-01  1.3133E-01
  2.3598E+02 -1.5774E-01  1.3123E-01
  2.3667E+02 -1.5552E-01  1.3110E-01
  2.3736E+02 -1.5329E-01  1.3095E-01
  2.3805E+02 -1.5104E-01  1.3079E-01
  2.3874E+02 -1.4878E-01  1.3059E-01
  2.3942E+02 -1.4650E-01  1.3038E-01
  2.4011E+02 -1.4420E-01  1.3015E-01
  2.4080E+02 -1.4190E-01  1.2990E-01
  2.4149E+02 -1.3958E-01  1.2962E-01
  2.4218E+02 -1.3724E-01  1.2933E-01
  2.4286E+02 -1.3490E-01  1.2901E-01
  2.4355E+02 -1.3254E-01  1.2867E-01
  2.4424E+02 -1.3017E-01  1.2831E-01
  2.4493E+02 -1.2780E-01  1.2794E-01
  2.4562E+02 -1.2541E-01  1.2754E-01
  2.4630E+02 -1.2301E-01  1.2712E-01
  2.4699E+02 -1.2060E-01  1.2668E-01
  2.4768E+02 -1.1818E-01  1.2622E-01
  2.4837E+02 -1.1576E-01  1.2574E-01
  2.4906E+02 -1.1332E-01  1.2524E-01
  2.4974E+02 -1.1088E-01  1.2472E-01
  2.5043E+02 -1.0842E-01  1.2418E-01
  2.5112E+02 -1.0596E-01  1.2362E-01
  2.5181E+02 -1.0350E-01  1.2304E-01
  2.5250E+02 -1.0102E-01  1.2245E-01
  2.5318E+02 -9.8539E-02  1.2183E-01
  2.5387E+02 -9.6052E-02  1.2119E-01
  2.5456E+02 -9.3558E-02  1.2054E-01
  2.5525E+02 -9.1059E-02  1.1986E-01
  2.5594E+02 -8.8555E-02  1.1917E-01
  2.5662E+02 -8.6047E-02  1.1846E-01
  2.5731E+02 -8.3535E-02  1.1773E-01
  2.5800E+02 -8.1019E-02  1.1698E-01
  2.5869E+02 -7.8500E-02  1.1621E-01
  2.5938E+02 -7.5978E-02  1.1543E-01
  2.6006E+02 -7.3455E-02  1.1463E-01
  2.6075E+02 -7.0930E-02  1.1380E-01
  2.6144E+02 -6.8405E-02  1.1297E-01
  2.6213E+02 -6.5880E-02  1.1211E-01
  2.6282E+02 -6.3355E-02  1.1124E-01
  2.6350E+02 -6.0830E-02  1.1035E-01
  2.6419E+02 -5.8307E-02  1.0944E-01
  2.6488E+02 -5.5786E-02  1.0852E-01
  2.6557E+02 -5.3267E-02  1.0758E-01
  2.6626E+02 -5.0751E-02  1.0662E-01
  2.6694E+02 -4.8238E-02  1.0565E-01
  2.6763E+02 -4.5727E-02  1.0466E-01
  2.6832E+02 -4.3221E-02  1.0365E-01
  2.6901E+02 -4.0717E-02  1.0263E-01
  2.6970E+02 -3.8218E-02  1.0160E-01
  2.7038E+02 -3.5723E-02  1.0054E-01
  2.7107E+02 -3.3231E-02  9.9478E-02
  2.7176E+02 -3.0745E-02  9.8396E-02
  2.7245E+02 -2.8263E-02  9.7300E-02
  2.7314E+02 -2.5786E-02  9.6190E-02
  2.7382E+02 -2.3315E-02  9.5065E-02
  2.7451E+02 -2.0849E-02  9.3925E-02
  2.7520E+02 -1.8389E-02  9.2772E-02
  2.7589E+02 -1.5937E-02  9.1605E-02
  2.7658E+02 -1.3491E-02  9.0425E-02
  2.7726E+02 -1.1053E-02  8.9231E-02
  2.7795E+02 -8.6227E-03  8.8024E-02
  2.7864E+02 -6.2012E-03  8.6804E-02
  2.7933E+02 -3.7886E-03  8.5571E-02
  2.8002E+02 -1.3857E-03  8.4326E-02
  2.8070E+02  1.0072E-03  8.3069E-02
  2.8139E+02  3.3895E-03  8.1799E-02
  2.8208E+02  5.7609E-03  8.0518E-02
  2.8277E+02  8.1210E-03  7.9225E-02
  2.8346E+02  1.0469E-02  7.7921E-02
  2.8414E+02  1.2806E-02  7.6605E-02
  2.8483E+02  1.5130E-02  7.5279E-02
  2.8552E+02  1.7442E-02  7.3942E-02
  2.8621E+02  1.9740E-02  7.2595E-02
  2.8690E+02  2.2026E-02  7.1238E-02
  2.8758E+02  2.4298E-02  6.9870E-02
  2.8827E+02  2.6557E-02  6.8493E-02
  2.8896E+02  2.8802E-02  6.7107E-02
  2.8965E+02  3.1033E-02  6.5711E-02
  2.9034E+02  3.3249E-02  6.4306E-02
  2.9102E+02  3.5451E-02  6.2893E-02
  2.9171E+02  3.7639E-02  6.1471E-02
  2.9240E+02  3.9811E-02  6.0040E-02
  2.9309E+02  4.1969E-02  5.8602E-02
  2.9378E+02  4.4112E-02  5.7156E-02
  2.9446E+02  4.6239E-02  5.5702E-02
  2.9515E+02  4.8350E-02  5.4241E-02
  2.9584E+02  5.0446E-02  5.2772E-02
  2.9653E+02  5.2526E-02  5.1297E-02
  2.9722E+02  5.4590E-02  4.9815E-02
  2.9790E+02  5.6637E-02  4.8327E-02
  2.9859E+02  5.8668E-02  4.6833E-02
  2.9928E+02  6.0681E-02  4.5333E-02
  2.9997E+02  6.2677E-02  4.3827E-02
  3.0066E+02  6.4655E-02  4.2315E-02
  3.0134E+02  6.6615E-02  4.0799E-02
  3.0203E+02  6.8555E-02  3.9278E-02
  3.0272E+02  7.0477E-02  3.7752E-02
  3.0341E+02  7.2378E-02  3.6221E-02
  3.0410E+02  7.4260E-02  3.4687E-02
  3.0478E+02  7.6122E-02  3.3148E-02
  3.0547E+02  7.7962E-02  3.1607E-02
  3.0616E+02  7.9782E-02  3.0061E-02
  3.0685E+02  8.1581E-02  2.8513E-02
  3.0754E+02  8.3358E-02  2.6962E-02
  3.0822E+02  8.5114E-02  2.5408E-02
  3.0891E+02  8.6849E-02  2.3852E-02
  3.0960E+02  8.8563E-02  2.2294E-02
  3.1029E+02  9.0256E-02  2.0734E-02
  3.1098E+02  9.1928E-02  1.9173E-02
  3.1166E+02  9.3578E-02  1.7610E-02
  3.1235E+02  9.5208E-02  1.6047E-02
  3.1304E+02  9.6818E-02  1.4482E-02
  3.1373E+02  9.8406E-02  1.2917E-02
  3.1442E+02  9.9974E-02  1.1351E-02
  3.1510E+02  1.0152E-01  9.7854E-03
  3.1579E+02  1.0305E-01  8.2198E-03
  3.1648E+02  1.0455E-01  6.6545E-03
  3.1717E+02  1.0604E-01  5.0898E-03
  3.1786E+02  1.0750E-01  3.5259E-03
  3.1854E+02  1.0894E-01  1.9631E-03
  3.1923E+02  1.1035E-01  4.0156E-04
  3.1992E+02  1.1175E-01 -1.1584E-03
  3.2061E+02  1.1312E-01 -2.7166E-03
  3.2130E+02  1.1447E-01 -4.2728E-03
  3.2198E+02  1.1579E-01 -5.8266E-03
  3.2267E+02  1.1709E-01 -7.3779E-03
  3.2336E+02  1.1837E-01 -8.9264E-03
  3.2405E+02  1.1962E-01 -1.0472E-02
  3.2474E+02  1.2084E-01 -1.2014E-02
  3.2542E+02  1.2205E-01 -1.3553E-02
  3.2611E+02  1.2322E-01 -1.5087E-02
  3.2680E+02  1.2437E-01 -1.6618E-02
  3.2749E+02  1.2550E-01 -1.8144E-02
  3.2818E+02  1.2660E-01 -1.9666E-02
  3.2886E+02  1.2768E-01 -2.1183E-02
  3.2955E+02  1.2873E-01 -2.2696E-02
  3.3024E+02  1.2976E-01 -2.4203E-02
  3.3093E+02  1.3077E-01 -2.5704E-02
  3.3162E+02  1.3175E-01 -2.7200E-02
  3.3230E+02  1.3271E-01 -2.8690E-02
  3.3299E+02  1.3365E-01 -3.0174E-02
  3.3368E+02  1.3456E-01 -3.1652E-02
  3.3437E+02  1.3545E-01 -3.3123E-02
  3.3506E+02  1.3632E-01 -3.4588E-02
  3.3574E+02  1.3716E-01 -3.6045E-02
  3.3643E+02  1.3798E-01 -3.7496E-02
  3.3712E+02  1.3878E-01 -3.8939E-02
  3.3781E+02  1.3955E-01 -4.0375E-02
  3.3850E+02  1.4030E-01 -4.1803E-02
  3.3918E+02  1.4102E-01 -4.3223E-02
  3.3987E+02  1.4172E-01 -4.4635E-02
  3.4056E+02  1.4240E-01 -4.6039E-02
  3.4125E+02  1.4305E-01 -4.7434E-02
  3.4194E+02  1.4367E-01 -4.8820E-02
  3.4262E+02  1.4427E-01 -5.0198E-02
  3.4331E+02  1.4485E-01 -5.1566E-02
  3.4400E+02  1.4540E-01 -5.2925E-02
  3.4469E+02  1.4593E-01 -5.4274E-02
  3.4538E+02  1.4643E-01 -5.5613E-02
  3.4606E+02  1.4690E-01 -5.6942E-02
  3.4675E+02  1.4736E-01 -5.8262E-02
  3.4744E+02  1.4778E-01 -5.9570E-02
  3.4813E+02  1.4818E-01 -6.0869E-02
  3.4882E+02  1.4856E-01 -6.2156E-02
  3.4950E+02  1.4892E-01 -6.3432E-02
  3.5019E+02  1.4925E-01 -6.4698E-02
  3.5088E+02  1.4956E-01 -6.5952E-02
  3.5157E+02  1.4984E-01 -6.7195E-02
  3.5226E+02  1.5010E-01 -6.8426E-02
  3.5294E+02  1.5034E-01 -6.9645E-02
  3.5363E+02  1.5055E-01 -7.0853E-02
  3.5432E+02  1.5075E-01 -7.2048E-02
  3.5501E+02  1.5091E-01 -7.3231E-02
  3.5570E+02  1.5106E-01 -7.4402E-02
  3.5638E+02  1.5119E-01 -7.5560E-02
  3.5707E+02  1.5129E-01 -7.6705E-02
  3.5776E+02  1.5137E-01 -7.7838E-02
  3.5845E+02  1.5142E-01 -7.8958E-02
  3.5914E+02  1.5146E-01 -8.0064E-02
  3.5982E+02  1.5147E-01 -8.1158E-02
  3.6051E+02  1.5146E-01 -8.2237E-02
  3.6120E+02  1.5143E-01 -8.3304E-02
  3.6189E+02  1.5138E-01 -8.4356E-02
  3.6258E+02  1.5131E-01 -8.5395E-02
  3.6326E+02  1.5121E-01 -8.6420E-02
  3.6395E+02  1.5109E-01 -8.7431E-02
  3.6464E+02  1.5096E-01 -8.8427E-02
  3.6533E+02  1.5080E-01 -8.9409E-02
  3.6602E+02  1.5061E-01 -9.0377E-02
  3.6670E+02  1.5041E-01 -9.1330E-02
  3.6739E+02  1.5018E-01 -9.2268E-02
  3.6808E+02  1.4994E-01 -9.3192E-02
  3.6877E+02  1.4967E-01 -9.4100E-02
  3.6946E+02  1.4938E-01 -9.4994E-02
  3.7014E+02  1.4907E-01 -9.5872E-02
  3.7083E+02  1.4874E-01 -9.6735E-02
  3.7152E+02  1.4839E-01 -9.7582E-02
  3.7221E+02  1.4802E-01 -9.8414E-02
  3.7290E+02  1.4763E-01 -9.9231E-02
  3.7358E+02  1.4722E-01 -1.0003E-01
  3.7427E+02  1.4679E-01 -1.0082E-01
  3.7496E+02  1.4634E-01 -1.0159E-01
  3.7565E+02  1.4587E-01 -1.0234E-01
  3.7634E+02  1.4538E-01 -1.0308E-01
  3.7702E+02  1.4488E-01 -1.0380E-01
  3.7771E+02  1.4436E-01 -1.0450E-01
  3.7840E+02  1.4382E-01 -1.0519E-01
  3.7909E+02  1.4326E-01 -1.0586E-01
  3.7978E+02  1.4269E-01 -1.0652E-01
  3.8046E+02  1.4210E-01 -1.0716E-01
  3.8115E+02  1.4149E-01 -1.0778E-01
  3.8184E+02  1.4087E-01 -1.0839E-01
  3.8253E+02  1.4023E-01 -1.0898E-01
  3.8322E+02  1.3957E-01 -1.0956E-01
  3.8390E+02  1.3890E-01 -1.1011E-01
  3.8459E+02  1.3821E-01 -1.1065E-01
  3.8528E+02  1.3750E-01 -1.1118E-01
  3.8597E+02  1.3678E-01 -1.1168E-01
  3.8666E+02  1.3604E-01 -1.1217E-01
  3.8734E+02  1.3528E-01 -1.1265E-01
  3.8803E+02  1.3451E-01 -1.1310E-01
  3.8872E+02  1.3372E-01 -1.1354E-01
  3.8941E+02  1.3292E-01 -1.1396E-01
  3.9010E+02  1.3210E-01 -1.1437E-01
  3.9078E+02  1.3126E-01 -1.1476E-01
  3.9147E+02  1.3041E-01 -1.1513E-01
  3.9216E+02  1.2955E-01 -1.1548E-01
  3.9285E+02  1.2867E-01 -1.1582E-01
  3.9354E+02  1.2777E-01 -1.1614E-01
  3.9422E+02  1.2686E-01 -1.1644E-01
  3.9491E+02  1.2594E-01 -1.1672E-01
  3.9560E+02  1.2501E-01 -1.1699E-01
  3.9629E+02  1.2406E-01 -1.1724E-01
  3.9698E+02  1.2310E-01 -1.1748E-01
  3.9766E+02  1.2213E-01 -1.1769E-01
  3.9835E+02  1.2115E-01 -1.1789E-01
  3.9904E+02  1.2016E-01 -1.1807E-01
  3.9973E+02  1.1916E-01 -1.1824E-01
  4.0042E+02  1.1815E-01 -1.1839E-01
  4.0110E+02  1.1713E-01 -1.1852E-01
  4.0179E+02  1.1610E-01 -1.1863E-01
  4.0248E+02  1.1506E-01 -1.1873E-01
  4.0317E+02  1.1401E-01 -1.1881E-01
  4.0386E+02  1.1295E-01 -1.1887E-01
  4.0454E+02  1.1188E-01 -1.1892E-01
  4.0523E+02  1.1081E-01 -1.1895E-01
  4.0592E+02  1.0972E-01 -1.1896E-01
  4.0661E+02  1.0863E-01 -1.1896E-01
  4.0730E+02  1.0752E-01 -1.1894E-01
  4.0798E+02  1.0641E-01 -1.1890E-01
  4.0867E+02  1.0528E-01 -1.1885E-01
  4.0936E+02  1.0415E-01 -1.1877E-01
  4.1005E+02  1.0301E-01 -1.1869E-01
  4.1074E+02  1.0185E-01 -1.1858E-01
  4.1142E+02  1.0069E-01 -1.1846E-01
  4.1211E+02  9.9517E-02 -1.1833E-01
  4.1280E+02  9.8335E-02 -1.1817E-01
  4.1349E+02  9.7144E-02 -1.1800E-01
  4.1418E+02  9.5945E-02 -1.1782E-01
  4.1486E+02  9.4737E-02 -1.1762E-01
  4.1555E+02  9.3523E-02 -1.1740E-01
  4.1624E+02  9.2301E-02 -1.1717E-01
  4.1693E+02  9.1074E-02 -1.1692E-01
  4.1762E+02  8.9840E-02 -1.1665E-01
  4.1830E+02  8.8602E-02 -1.1637E-01
  4.1899E+02  8.7359E-02 -1.1607E-01
  4.1968E+02  8.6113E-02 -1.1576E-01
  4.2037E+02  8.4863E-02 -1.1543E-01
  4.2106E+02  8.3611E-02 -1.1508E-01
  4.2174E+02  8.2357E-02 -1.1472E-01
  4.2243E+02  8.1100E-02 -1.1435E-01
  4.2312E+02  7.9843E-02 -1.1396E-01
  4.2381E+02  7.8583E-02 -1.1355E-01
  4.2450E+02  7.7323E-02 -1.1313E-01
  4.2518E+02  7.6062E-02 -1.1270E-01
  4.2587E+02  7.4800E-02 -1.1225E-01
  4.2656E+02  7.3537E-02 -1.1178E-01
  4.2725E+02  7.2272E-02 -1.1131E-01
  4.2794E+02  7.1007E-02 -1.1081E-01
  4.2862E+02  6.9740E-02 -1.1031E-01
  4.2931E+02  6.8472E-02 -1.0978E-01
  4.3000E+02  6.7203E-02 -1.0925E-01
  4.3069E+02  6.5931E-02 -1.0870E-01
  4.3138E+02  6.4658E-02 -1.0814E-01
  4.3206E+02  6.3383E-02 -1.0756E-01
  4.3275E+02  6.2105E-02 -1.0697E-01
  4.3344E+02  6.0826E-02 -1.0637E-01
  4.3413E+02  5.9545E-02 -1.0575E-01
  4.3482E+02  5.8261E-02 -1.0512E-01
  4.3550E+02  5.6976E-02 -1.0448E-01
  4.3619E+02  5.5690E-02 -1.0382E-01
  4.3688E+02  5.4403E-02 -1.0315E-01
  4.3757E+02  5.3114E-02 -1.0247E-01
  4.3826E+02  5.1826E-02 -1.0178E-01
  4.3894E+02  5.0537E-02 -1.0107E-01
  4.3963E+02  4.9250E-02 -1.0035E-01
  4.4032E+02  4.7963E-02 -9.9623E-02
  4.4101E+02  4.6679E-02 -9.8880E-02
  4.4170E+02  4.5396E-02 -9.8126E-02
  4.4238E+02  4.4117E-02 -9.7359E-02
  4.4307E+02  4.2841E-02 -9.6581E-02
  4.4376E+02  4.1569E-02 -9.5791E-02
  4.4445E+02  4.0301E-02 -9.4990E-02
  4.4514E+02  3.9038E-02 -9.4178E-02
  4.4582E+02  3.7781E-02 -9.3355E-02
  4.4651E+02  3.6528E-02 -9.2522E-02
  4.4720E+02  3.5282E-02 -9.1677E-02
  4.4789E+02  3.4041E-02 -9.0822E-02
  4.4858E+02  3.2807E-02 -8.9957E-02
  4.4926E+02  3.1579E-02 -8.9082E-02
  4.4995E+02  3.0356E-02 -8.8197E-02
  4.5064E+02  2.9140E-02 -8.7302E-02
  4.5133E+02  2.7931E-02 -8.6398E-02
  4.5202E+02  2.6727E-02 -8.5484E-02
  4.5270E+02  2.5529E-02 -8.4561E-02
  4.5339E+02  2.4337E-02 -8.3629E-02
  4.5408E+02  2.3150E-02 -8.2688E-02
  4.5477E+02  2.1970E-02 -8.1739E-02
  4.5546E+02  2.0794E-02 -8.0781E-02
  4.5614E+02  1.9625E-02 -7.9815E-02
  4.5683E+02  1.8460E-02 -7.8840E-02
  4.5752E+02  1.7301E-02 -7.7857E-02
  4.5821E+02  1.6148E-02 -7.6867E-02
  4.5890E+02  1.5000E-02 -7.5869E-02
  4.5958E+02  1.3858E-02 -7.4863E-02
  4.6027E+02  1.2721E-02 -7.3850E-02
  4.6096E+02  1.1591E-02 -7.2830E-02
  4.6165E+02  1.0467E-02 -7.1802E-02
  4.6234E+02  9.3500E-03 -7.0768E-02
  4.6302E+02  8.2399E-03 -6.9727E-02
  4.6371E+02  7.1371E-03 -6.8679E-02
  4.6440E+02  6.0420E-03 -6.7625E-02
  4.6509E+02  4.9551E-03 -6.6565E-02
  4.6578E+02  3.8765E-03 -6.5499E-02
  4.6646E+02  2.8068E-03 -6.4426E-02
  4.6715E+02  1.7462E-03 -6.3349E-02
  4.6784E+02  6.9509E-04 -6.2265E-02
  4.6853E+02 -3.4631E-04 -6.1177E-02
  4.6922E+02 -1.3777E-03 -6.0083E-02
  4.6990E+02 -2.3990E-03 -5.8984E-02
  4.7059E+02 -3.4099E-03 -5.7881E-02
  4.7128E+02 -4.4104E-03 -5.6773E-02
  4.7197E+02 -5.4004E-03 -5.5661E-02
  4.7266E+02 -6.3798E-03 -5.4544E-02
  4.7334E+02 -7.3486E-03 -5.3424E-02
  4.7403E+02 -8.3069E-03 -5.2300E-02
  4.7472E+02 -9.2547E-03 -5.1172E-02
  4.7541E+02 -1.0192E-02 -5.0041E-02
  4.7610E+02 -1.1119E-02 -4.8907E-02
  4.7678E+02 -1.2036E-02 -4.7770E-02
  4.7747E+02 -1.2942E-02 -4.6630E-02
  4.7816E+02 -1.3839E-02 -4.5488E-02
  4.7885E+02 -1.4725E-02 -4.4342E-02
  4.7954E+02 -1.5602E-02 -4.3195E-02
  4.8022E+02 -1.6468E-02 -4.2046E-02
  4.8091E+02 -1.7324E-02 -4.0894E-02
  4.8160E+02 -1.8171E-02 -3.9741E-02
  4.8229E+02 -1.9007E-02 -3.8586E-02
  4.8298E+02 -1.9832E-02 -3.7430E-02
  4.8366E+02 -2.0647E-02 -3.6273E-02
  4.8435E+02 -2.1451E-02 -3.5114E-02
  4.8504E+02 -2.2245E-02 -3.3955E-02
  4.8573E+02 -2.3026E-02 -3.2795E-02
  4.8642E+02 -2.3796E-02 -3.1634E-02
  4.8710E+02 -2.4554E-02 -3.0473E-02
  4.8779E+02 -2.5299E-02 -2.9312E-02
  4.8848E+02 -2.6032E-02 -2.8151E-02
  4.8917E+02 -2.6751E-02 -2.6990E-02
  4.8986E+02 -2.7457E-02 -2.5829E-02
  4.9054E+02 -2.8150E-02 -2.4669E-02
  4.9123E+02 -2.8829E-02 -2.3510E-02
  4.9192E+02 -2.9494E-02 -2.2351E-02
  4.9261E+02 -3.0145E-02 -2.1194E-02
  4.9330E+02 -3.0782E-02 -2.0038E-02
  4.9398E+02 -3.1405E-02 -1.8884E-02
  4.9467E+02 -3.2014E-02 -1.7732E-02
  4.9536E+02 -3.2610E-02 -1.6581E-02
  4.9605E+02 -3.3192E-02 -1.5432E-02
  4.9674E+02 -3.3761E-02 -1.4286E-02
  4.9742E+02 -3.4318E-02 -1.3142E-02
  4.9811E+02 -3.4862E-02 -1.2001E-02
  4.9880E+02 -3.5394E-02 -1.0863E-02
  4.9949E+02 -3.5914E-02 -9.7273E-03
  5.0018E+02 -3.6423E-02 -8.5950E-03
  5.0086E+02 -3.6921E-02 -7.4659E-03
  5.0155E+02 -3.7409E-02 -6.3402E-03
  5.0224E+02 -3.7886E-02 -5.2180E-03
  5.0293E+02 -3.8353E-02 -4.0994E-03
  5.0362E+02 -3.8810E-02 -2.9847E-03
  5.0430E+02 -3.9257E-02 -1.8739E-03
  5.0499E+02 -3.9694E-02 -7.6718E-04
  5.0568E+02 -4.0122E-02  3.3534E-04
  5.0637E+02 -4.0539E-02  1.4335E-03
  5.0706E+02 -4.0945E-02  2.5273E-03
  5.0774E+02 -4.1341E-02  3.6164E-03
  5.0843E+02 -4.1726E-02  4.7008E-03
  5.0912E+02 -4.2099E-02  5.7802E-03
  5.0981E+02 -4.2460E-02  6.8547E-03
  5.1050E+02 -4.2808E-02  7.9239E-03
  5.1118E+02 -4.3143E-02  8.9878E-03
  5.1187E+02 -4.3463E-02  1.0046E-02
  5.1256E+02 -4.3770E-02  1.1099E-02
  5.1325E+02 -4.4061E-02  1.2146E-02
  5.1394E+02 -4.4337E-02  1.3186E-02
  5.1462E+02 -4.4597E-02  1.4221E-02
  5.1531E+02 -4.4840E-02  1.5249E-02
  5.1600E+02 -4.5068E-02  1.6271E-02
  5.1669E+02 -4.5279E-02  1.7286E-02
  5.1738E+02 -4.5473E-02  1.8294E-02
  5.1806E+02 -4.5651E-02  1.9295E-02
  5.1875E+02 -4.5812E-02  2.0289E-02
  5.1944E+02 -4.5958E-02  2.1275E-02
  5.2013E+02 -4.6088E-02  2.2254E-02
  5.2082E+02 -4.6203E-02  2.3225E-02
  5.2150E+02 -4.6303E-02  2.4188E-02
  5.2219E+02 -4.6391E-02  2.5143E-02
  5.2288E+02 -4.6465E-02  2.6090E-02
  5.2357E+02 -4.6527E-02  2.7029E-02
  5.2426E+02 -4.6577E-02  2.7960E-02
  5.2494E+02 -4.6617E-02  2.8882E-02
  5.2563E+02 -4.6647E-02  2.9796E-02
  5.2632E+02 -4.6668E-02  3.0701E-02
  5.2701E+02 -4.6680E-02  3.1597E-02
  5.2770E+02 -4.6684E-02  3.2485E-02
  5.2838E+02 -4.6680E-02  3.3364E-02
  5.2907E+02 -4.6669E-02  3.4234E-02
  5.2976E+02 -4.6650E-02  3.5094E-02
  5.3045E+02 -4.6624E-02  3.5946E-02
  5.3114E+02 -4.6591E-02  3.6789E-02
  5.3182E+02 -4.6551E-02  3.7623E-02
  5.3251E+02 -4.6502E-02  3.8447E-02
  5.3320E+02 -4.6446E-02  3.9262E-02
  5.3389E+02 -4.6380E-02  4.0068E-02
  5.3458E+02 -4.6306E-02  4.0864E-02
  5.3526E+02 -4.6221E-02  4.1650E-02
  5.3595E+02 -4.6126E-02  4.2427E-02
  5.3664E+02 -4.6019E-02  4.3194E-02
  5.3733E+02 -4.5900E-02  4.3952E-02
  5.3802E+02 -4.5768E-02  4.4699E-02
  5.3870E+02 -4.5623E-02  4.5436E-02
  5.3939E+02 -4.5464E-02  4.6163E-02
  5.4008E+02 -4.5291E-02  4.6880E-02
  5.4077E+02 -4.5103E-02  4.7586E-02
  5.4146E+02 -4.4900E-02  4.8281E-02
  5.4214E+02 -4.4681E-02  4.8966E-02
  5.4283E+02 -4.4448E-02  4.9640E-02
  5.4352E+02 -4.4200E-02  5.0304E-02
  5.4421E+02 -4.3937E-02  5.0956E-02
  5.4490E+02 -4.3660E-02  5.1597E-02
  5.4558E+02 -4.3369E-02  5.2227E-02
  5.4627E+02 -4.3065E-02  5.2846E-02
  5.4696E+02 -4.2748E-02  5.3453E-02
  5.4765E+02 -4.2420E-02  5.4049E-02
  5.4834E+02 -4.2081E-02  5.4633E-02
  5.4902E+02 -4.1732E-02  5.5206E-02
  5.4971E+02 -4.1374E-02  5.5767E-02
  5.5040E+02 -4.1008E-02  5.6316E-02
  5.5109E+02 -4.0635E-02  5.6854E-02
  5.5178E+02 -4.0255E-02  5.7380E-02
  5.5246E+02 -3.9870E-02  5.7894E-02
  5.5315E+02 -3.9479E-02  5.8397E-02
  5.5384E+02 -3.9084E-02  5.8887E-02
  5.5453E+02 -3.8685E-02  5.9366E-02
  5.5522E+02 -3.8282E-02  5.9834E-02
  5.5590E+02 -3.7876E-02  6.0289E-02
  5.5659E+02 -3.7466E-02  6.0733E-02
  5.5728E+02 -3.7054E-02  6.1165E-02
  5.5797E+02 -3.6637E-02  6.1585E-02
  5.5866E+02 -3.6217E-02  6.1994E-02
  5.5934E+02 -3.5792E-02  6.2391E-02
  5.6003E+02 -3.5363E-02  6.2776E-02
  5.6072E+02 -3.4929E-02  6.3149E-02
  5.6141E+02 -3.4488E-02  6.3511E-02
  5.6210E+02 -3.4042E-02  6.3861E-02
  5.6278E+02 -3.3588E-02  6.4199E-02
  5.6347E+02 -3.3127E-02  6.4525E-02
  5.6416E+02 -3.2657E-02  6.4840E-02
  5.6485E+02 -3.2178E-02  6.5142E-02
  5.6554E+02 -3.1689E-02  6.5433E-02
  5.6622E+02 -3.1191E-02  6.5712E-02
  5.6691E+02 -3.0682E-02  6.5979E-02
  5.6760E+02 -3.0162E-02  6.6234E-02
  5.6829E+02 -2.9631E-02  6.6477E-02
  5.6898E+02 -2.9089E-02  6.6707E-02
  5.6966E+02 -2.8537E-02  6.6926E-02
  5.7035E+02 -2.7973E-02  6.7132E-02
  5.7104E+02 -2.7399E-02  6.7327E-02
  5.7173E+02 -2.6815E-02  6.7509E-02
  5.7242E+02 -2.6221E-02  6.7678E-02
  5.7310E+02 -2.5618E-02  6.7835E-02
  5.7379E+02 -2.5006E-02  6.7980E-02
  5.7448E+02 -2.4388E-02  6.8113E-02
  5.7517E+02 -2.3762E-02  6.8233E-02
  5.7586E+02 -2.3131E-02  6.8341E-02
  5.7654E+02 -2.2496E-02  6.8437E-02
  5.7723E+02 -2.1856E-02  6.8520E-02
  5.7792E+02 -2.1214E-02  6.8591E-02
  5.7861E+02 -2.0570E-02  6.8650E-02
  5.7930E+02 -1.9925E-02  6.8697E-02
  5.7998E+02 -1.9280E-02  6.8732E-02
  5.8067E+02 -1.8635E-02  6.8755E-02
  5.8136E+02 -1.7992E-02  6.8766E-02
  5.8205E+02 -1.7351E-02  6.8765E-02
  5.8274E+02 -1.6712E-02  6.8752E-02
  5.8342E+02 -1.6075E-02  6.8728E-02
  5.8411E+02 -1.5441E-02  6.8692E-02
  5.8480E+02 -1.4811E-02  6.8645E-02
  5.8549E+02 -1.4182E-02  6.8587E-02
  5.8618E+02 -1.3557E-02  6.8517E-02
  5.8686E+02 -1.2933E-02  6.8436E-02
  5.8755E+02 -1.2311E-02  6.8344E-02
  5.8824E+02 -1.1690E-02  6.8241E-02
  5.8893E+02 -1.1069E-02  6.8127E-02
  5.8962E+02 -1.0448E-02  6.8002E-02
  5.9030E+02 -9.8257E-03  6.7866E-02
  5.9099E+02 -9.2012E-03  6.7720E-02
  5.9168E+02 -8.5737E-03  6.7563E-02
  5.9237E+02 -7.9424E-03  6.7395E-02
  5.9306E+02 -7.3064E-03  6.7217E-02
  5.9374E+02 -6.6650E-03  6.7027E-02
  5.9443E+02 -6.0174E-03  6.6828E-02
  5.9512E+02 -5.3632E-03  6.6617E-02
  5.9581E+02 -4.7019E-03  6.6396E-02
  5.9650E+02 -4.0330E-03  6.6164E-02
  5.9718E+02 -3.3565E-03  6.5922E-02
  5.9787E+02 -2.6723E-03  6.5669E-02
  5.9856E+02 -1.9804E-03  6.5406E-02
  5.9925E+02 -1.2812E-03  6.5132E-02
  5.9994E+02 -5.7508E-04  6.4847E-02
  6.0062E+02  1.3733E-04  6.4552E-02
  6.0131E+02  8.5530E-04  6.4246E-02
  6.0200E+02  1.5780E-03  6.3930E-02
  6.0269E+02  2.3043E-03  6.3603E-02
  6.0338E+02  3.0333E-03  6.3267E-02
  6.0406E+02  3.7637E-03  6.2919E-02
  6.0475E+02  4.4943E-03  6.2562E-02
  6.0544E+02  5.2238E-03  6.2195E-02
  6.0613E+02  5.9509E-03  6.1817E-02
  6.0682E+02  6.6745E-03  6.1430E-02
  6.0750E+02  7.3932E-03  6.1033E-02
  6.0819E+02  8.1059E-03  6.0626E-02
  6.0888E+02  8.8117E-03  6.0210E-02
  6.0957E+02  9.5095E-03  5.9785E-02
  6.1026E+02  1.0199E-02  5.9351E-02
  6.1094E+02  1.0878E-02  5.8907E-02
  6.1163E+02  1.1548E-02  5.8455E-02
  6.1232E+02  1.2207E-02  5.7995E-02
  6.1301E+02  1.2857E-02  5.7526E-02
  6.1370E+02  1.3495E-02  5.7048E-02
  6.1438E+02  1.4124E-02  5.6563E-02
  6.1507E+02  1.4743E-02  5.6069E-02
  6.1576E+02  1.5353E-02  5.5568E-02
  6.1645E+02  1.5954E-02  5.5059E-02
  6.1714E+02  1.6548E-02  5.4543E-02
  6.1782E+02  1.7135E-02  5.4019E-02
  6.1851E+02  1.7716E-02  5.3488E-02
  6.1920E+02  1.8292E-02  5.2950E-02
  6.1989E+02  1.8865E-02  5.2405E-02
  6.2058E+02  1.9436E-02  5.1853E-02
  6.2126E+02  2.0005E-02  5.1294E-02
  6.2195E+02  2.0574E-02  5.0728E-02
  6.2264E+02  2.1143E-02  5.0156E-02
  6.2333E+02  2.1715E-02  4.9577E-02
  6.2402E+02  2.2289E-02  4.8991E-02
  6.2470E+02  2.2865E-02  4.8399E-02
  6.2539E+02  2.3446E-02  4.7800E-02
  6.2608E+02  2.4031E-02  4.7195E-02
  6.2677E+02  2.4620E-02  4.6583E-02
  6.2746E+02  2.5213E-02  4.5965E-02
  6.2814E+02  2.5811E-02  4.5341E-02
  6.2883E+02  2.6412E-02  4.4710E-02
  6.2952E+02  2.7018E-02  4.4073E-02
  6.3021E+02  2.7626E-02  4.3430E-02
  6.3090E+02  2.8237E-02  4.2780E-02
  6.3158E+02  2.8849E-02  4.2125E-02
  6.3227E+02  2.9463E-02  4.1464E-02
  6.3296E+02  3.0075E-02  4.0796E-02
  6.3365E+02  3.0686E-02  4.0123E-02
  6.3434E+02  3.1295E-02  3.9444E-02
  6.3502E+02  3.1900E-02  3.8760E-02
  6.3571E+02  3.2499E-02  3.8070E-02
  6.3640E+02  3.3092E-02  3.7375E-02
  6.3709E+02  3.3678E-02  3.6675E-02
  6.3778E+02  3.4255E-02  3.5970E-02
  6.3846E+02  3.4822E-02  3.5260E-02
  6.3915E+02  3.5378E-02  3.4546E-02
  6.3984E+02  3.5922E-02  3.3827E-02
  6.4053E+02  3.6453E-02  3.3104E-02
  6.4122E+02  3.6972E-02  3.2376E-02
  6.4190E+02  3.7476E-02  3.1645E-02
  6.4259E+02  3.7965E-02  3.0911E-02
  6.4328E+02  3.8440E-02  3.0173E-02
  6.4397E+02  3.8900E-02  2.9431E-02
  6.4466E+02  3.9345E-02  2.8687E-02
  6.4534E+02  3.9776E-02  2.7940E-02
  6.4603E+02  4.0191E-02  2.7190E-02
  6.4672E+02  4.0593E-02  2.6438E-02
  6.4741E+02  4.0981E-02  2.5684E-02
  6.4810E+02  4.1356E-02  2.4927E-02
  6.4878E+02  4.1719E-02  2.4169E-02
  6.4947E+02  4.2071E-02  2.3409E-02
  6.5016E+02  4.2413E-02  2.2647E-02
  6.5085E+02  4.2745E-02  2.1884E-02
  6.5154E+02  4.3070E-02  2.1120E-02
  6.5222E+02  4.3388E-02  2.0354E-02
  6.5291E+02  4.3700E-02  1.9587E-02
  6.5360E+02  4.4007E-02  1.8820E-02
  6.5429E+02  4.4311E-02  1.8051E-02
  6.5498E+02  4.4613E-02  1.7281E-02
  6.5566E+02  4.4914E-02  1.6511E-02
  6.5635E+02  4.5214E-02  1.5740E-02
  6.5704E+02  4.5515E-02  1.4968E-02
  6.5773E+02  4.5817E-02  1.4195E-02
  6.5842E+02  4.6121E-02  1.3422E-02
  6.5910E+02  4.6427E-02  1.2648E-02
  6.5979E+02  4.6736E-02  1.1873E-02
  6.6048E+02  4.7047E-02  1.1098E-02
  6.6117E+02  4.7361E-02  1.0323E-02
  6.6186E+02  4.7678E-02  9.5472E-03
  6.6254E+02  4.7998E-02  8.7709E-03
  6.6323E+02  4.8319E-02  7.9943E-03
  6.6392E+02  4.8641E-02  7.2174E-03
  6.6461E+02  4.8963E-02  6.4403E-03
  6.6530E+02  4.9285E-02  5.6631E-03
  6.6598E+02  4.9606E-02  4.8858E-03
  6.6667E+02  4.9924E-02  4.1086E-03
  6.6736E+02  5.0238E-02  3.3316E-03
  6.6805E+02  5.0547E-02  2.5548E-03
  6.6874E+02  5.0850E-02  1.7785E-03
  6.6942E+02  5.1145E-02  1.0027E-03
  6.7011E+02  5.1431E-02  2.2756E-04
  6.7080E+02  5.1708E-02 -5.4669E-04
  6.7149E+02  5.1973E-02 -1.3199E-03
  6.7218E+02  5.2226E-02 -2.0919E-03
  6.7286E+02  5.2466E-02 -2.8626E-03
  6.7355E+02  5.2692E-02 -3.6317E-03
  6.7424E+02  5.2902E-02 -4.3990E-03
  6.7493E+02  5.3097E-02 -5.1644E-03
  6.7562E+02  5.3276E-02 -5.9277E-03
  6.7630E+02  5.3439E-02 -6.6886E-03
  6.7699E+02  5.3585E-02 -7.4471E-03
  6.7768E+02  5.3714E-02 -8.2028E-03
  6.7837E+02  5.3826E-02 -8.9556E-03
  6.7906E+02  5.3922E-02 -9.7054E-03
  6.7974E+02  5.4002E-02 -1.0452E-02
  6.8043E+02  5.4066E-02 -1.1195E-02
  6.8112E+02  5.4115E-02 -1.1935E-02
  6.8181E+02  5.4150E-02 -1.2670E-02
  6.8250E+02  5.4171E-02 -1.3402E-02
  6.8318E+02  5.4179E-02 -1.4130E-02
  6.8387E+02  5.4176E-02 -1.4854E-02
  6.8456E+02  5.4162E-02 -1.5573E-02
  6.8525E+02  5.4138E-02 -1.6288E-02
  6.8594E+02  5.4105E-02 -1.6999E-02
  6.8662E+02  5.4064E-02 -1.7705E-02
  6.8731E+02  5.4017E-02 -1.8407E-02
  6.8800E+02  5.3964E-02 -1.9103E-02
  6.8869E+02  5.3906E-02 -1.9795E-02
  6.8938E+02  5.3844E-02 -2.0483E-02
  6.9006E+02  5.3779E-02 -2.1165E-02
  6.9075E+02  5.3712E-02 -2.1842E-02
  6.9144E+02  5.3644E-02 -2.2515E-02
  6.9213E+02  5.3575E-02 -2.3183E-02
  6.9282E+02  5.3505E-02 -2.3845E-02
  6.9350E+02  5.3435E-02 -2.4503E-02
  6.9419E+02  5.3366E-02 -2.5156E-02
  6.9488E+02  5.3298E-02 -2.5803E-02
  6.9557E+02  5.3231E-02 -2.6446E-02
  6.9626E+02  5.3165E-02 -2.7083E-02
  6.9694E+02  5.3101E-02 -2.7716E-02
  6.9763E+02  5.3037E-02 -2.8343E-02
  6.9832E+02  5.2975E-02 -2.8965E-02
  6.9901E+02  5.2914E-02 -2.9583E-02
  6.9970E+02  5.2853E-02 -3.0195E-02
  7.0038E+02  5.2792E-02 -3.0801E-02
  7.0107E+02  5.2731E-02 -3.1403E-02
  7.0176E+02  5.2669E-02 -3.1999E-02
  7.0245E+02  5.2606E-02 -3.2590E-02
  7.0314E+02  5.2542E-02 -3.3176E-02
  7.0382E+02  5.2474E-02 -3.3756E-02
  7.0451E+02  5.2404E-02 -3.4330E-02
  7.0520E+02  5.2330E-02 -3.4899E-02
  7.0589E+02  5.2251E-02 -3.5463E-02
  7.0658E+02  5.2167E-02 -3.6020E-02
  7.0726E+02  5.2076E-02 -3.6572E-02
  7.0795E+02  5.1979E-02 -3.7118E-02
  7.0864E+02  5.1875E-02 -3.7658E-02
  7.0933E+02  5.1762E-02 -3.8191E-02
  7.1002E+02  5.1640E-02 -3.8719E-02
  7.1070E+02  5.1509E-02 -3.9240E-02
  7.1139E+02  5.1368E-02 -3.9755E-02
  7.1208E+02  5.1217E-02 -4.0263E-02
  7.1277E+02  5.1055E-02 -4.0764E-02
  7.1346E+02  5.0882E-02 -4.1259E-02
  7.1414E+02  5.0698E-02 -4.1747E-02
  7.1483E+02  5.0502E-02 -4.2228E-02
  7.1552E+02  5.0294E-02 -4.2702E-02
  7.1621E+02  5.0076E-02 -4.3169E-02
  7.1690E+02  4.9846E-02 -4.3628E-02
  7.1758E+02  4.9605E-02 -4.4080E-02
  7.1827E+02  4.9353E-02 -4.4525E-02
  7.1896E+02  4.9091E-02 -4.4962E-02
  7.1965E+02  4.8819E-02 -4.5392E-02
  7.2034E+02  4.8537E-02 -4.5814E-02
  7.2102E+02  4.8247E-02 -4.6228E-02
  7.2171E+02  4.7948E-02 -4.6635E-02
  7.2240E+02  4.7642E-02 -4.7034E-02
  7.2309E+02  4.7328E-02 -4.7424E-02
  7.2378E+02  4.7009E-02 -4.7807E-02
  7.2446E+02  4.6683E-02 -4.8182E-02
  7.2515E+02  4.6353E-02 -4.8549E-02
  7.2584E+02  4.6018E-02 -4.8908E-02
  7.2653E+02  4.5679E-02 -4.9260E-02
  7.2722E+02  4.5337E-02 -4.9603E-02
  7.2790E+02  4.4992E-02 -4.9938E-02
  7.2859E+02  4.4645E-02 -5.0265E-02
  7.2928E+02  4.4295E-02 -5.0584E-02
  7.2997E+02  4.3945E-02 -5.0895E-02
  7.3066E+02  4.3593E-02 -5.1198E-02
  7.3134E+02  4.3240E-02 -5.1493E-02
  7.3203E+02  4.2887E-02 -5.1780E-02
  7.3272E+02  4.2533E-02 -5.2060E-02
  7.3341E+02  4.2179E-02 -5.2331E-02
  7.3410E+02  4.1825E-02 -5.2594E-02
  7.3478E+02  4.1471E-02 -5.2850E-02
  7.3547E+02  4.1117E-02 -5.3097E-02
  7.3616E+02  4.0763E-02 -5.3337E-02
  7.3685E+02  4.0409E-02 -5.3569E-02
  7.3754E+02  4.0055E-02 -5.3793E-02
  7.3822E+02  3.9701E-02 -5.4009E-02
  7.3891E+02  3.9347E-02 -5.4217E-02
  7.3960E+02  3.8994E-02 -5.4417E-02
  7.4029E+02  3.8640E-02 -5.4610E-02
  7.4098E+02  3.8286E-02 -5.4795E-02
  7.4166E+02  3.7932E-02 -5.4972E-02
  7.4235E+02  3.7578E-02 -5.5141E-02
  7.4304E+02  3.7223E-02 -5.5303E-02
  7.4373E+02  3.6868E-02 -5.5457E-02
  7.4442E+02  3.6513E-02 -5.5603E-02
  7.4510E+02  3.6157E-02 -5.5741E-02
  7.4579E+02  3.5801E-02 -5.5872E-02
  7.4648E+02  3.5444E-02 -5.5994E-02
  7.4717E+02  3.5086E-02 -5.6109E-02
  7.4786E+02  3.4728E-02 -5.6217E-02
  7.4854E+02  3.4368E-02 -5.6316E-02
  7.4923E+02  3.4007E-02 -5.6408E-02
  7.4992E+02  3.3644E-02 -5.6493E-02
  7.5061E+02  3.3280E-02 -5.6569E-02
  7.5130E+02  3.2915E-02 -5.6638E-02
  7.5198E+02  3.2547E-02 -5.6699E-02
  7.5267E+02  3.2178E-02 -5.6753E-02
  7.5336E+02  3.1807E-02 -5.6799E-02
  7.5405E+02  3.1433E-02 -5.6837E-02
  7.5474E+02  3.1058E-02 -5.6867E-02
  7.5542E+02  3.0680E-02 -5.6890E-02
  7.5611E+02  3.0300E-02 -5.6906E-02
  7.5680E+02  2.9917E-02 -5.6913E-02
  7.5749E+02  2.9532E-02 -5.6914E-02
  7.5818E+02  2.9145E-02 -5.6906E-02
  7.5886E+02  2.8756E-02 -5.6891E-02
  7.5955E+02  2.8365E-02 -5.6869E-02
  7.6024E+02  2.7972E-02 -5.6839E-02
  7.6093E+02  2.7577E-02 -5.6801E-02
  7.6162E+02  2.7181E-02 -5.6756E-02
  7.6230E+02  2.6784E-02 -5.6704E-02
  7.6299E+02  2.6386E-02 -5.6644E-02
  7.6368E+02  2.5986E-02 -5.6577E-02
  7.6437E+02  2.5587E-02 -5.6503E-02
  7.6506E+02  2.5187E-02 -5.6421E-02
  7.6574E+02  2.4787E-02 -5.6332E-02
  7.6643E+02  2.4388E-02 -5.6236E-02
  7.6712E+02  2.3988E-02 -5.6133E-02
  7.6781E+02  2.3590E-02 -5.6023E-02
  7.6850E+02  2.3193E-02 -5.5905E-02
  7.6918E+02  2.2796E-02 -5.5781E-02
  7.6987E+02  2.2402E-02 -5.5650E-02
  7.7056E+02  2.2008E-02 -5.5511E-02
  7.7125E+02  2.1616E-02 -5.5366E-02
  7.7194E+02  2.1226E-02 -5.5214E-02
  7.7262E+02  2.0837E-02 -5.5056E-02
  7.7331E+02  2.0450E-02 -5.4890E-02
  7.7400E+02  2.0065E-02 -5.4719E-02
  7.7469E+02  1.9682E-02 -5.4540E-02
  7.7538E+02  1.9300E-02 -5.4355E-02
  7.7606E+02  1.8920E-02 -5.4164E-02
  7.7675E+02  1.8543E-02 -5.3966E-02
  7.7744E+02  1.8166E-02 -5.3762E-02
  7.7813E+02  1.7792E-02 -5.3552E-02
  7.7882E+02  1.7420E-02 -5.3335E-02
  7.7950E+02  1.7049E-02 -5.3113E-02
  7.8019E+02  1.6680E-02 -5.2884E-02
  7.8088E+02  1.6313E-02 -5.2649E-02
  7.8157E+02  1.5947E-02 -5.2408E-02
  7.8226E+02  1.5584E-02 -5.2162E-02
  7.8294E+02  1.5222E-02 -5.1909E-02
  7.8363E+02  1.4863E-02 -5.1651E-02
  7.8432E+02  1.4506E-02 -5.1387E-02
  7.8501E+02  1.4150E-02 -5.1117E-02
  7.8570E+02  1.3798E-02 -5.0842E-02
  7.8638E+02  1.3447E-02 -5.0561E-02
  7.8707E+02  1.3099E-02 -5.0275E-02
  7.8776E+02  1.2754E-02 -4.9983E-02
  7.8845E+02  1.2411E-02 -4.9686E-02
  7.8914E+02  1.2072E-02 -4.9384E-02
  7.8982E+02  1.1735E-02 -4.9076E-02
  7.9051E+02  1.1401E-02 -4.8764E-02
  7.9120E+02  1.1070E-02 -4.8446E-02
  7.9189E+02  1.0742E-02 -4.8123E-02
  7.9258E+02  1.0418E-02 -4.7795E-02
  7.9326E+02  1.0096E-02 -4.7463E-02
  7.9395E+02  9.7781E-03 -4.7125E-02
  7.9464E+02  9.4630E-03 -4.6783E-02
  7.9533E+02  9.1510E-03 -4.6437E-02
  7.9602E+02  8.8421E-03 -4.6085E-02
  7.9670E+02  8.5363E-03 -4.5730E-02
  7.9739E+02  8.2335E-03 -4.5369E-02
  7.9808E+02  7.9337E-03 -4.5005E-02
  7.9877E+02  7.6368E-03 -4.4636E-02
  7.9946E+02  7.3428E-03 -4.4263E-02
  8.0014E+02  7.0517E-03 -4.3886E-02
  8.0083E+02  6.7634E-03 -4.3505E-02
  8.0152E+02  6.4780E-03 -4.3120E-02
  8.0221E+02  6.1954E-03 -4.2731E-02
  8.0290E+02  5.9158E-03 -4.2338E-02
  8.0358E+02  5.6390E-03 -4.1942E-02
  8.0427E+02  5.3652E-03 -4.1542E-02
  8.0496E+02  5.0944E-03 -4.1138E-02
  8.0565E+02  4.8268E-03 -4.0731E-02
  8.0634E+02  4.5624E-03 -4.0320E-02
  8.0702E+02  4.3013E-03 -3.9906E-02
  8.0771E+02  4.0437E-03 -3.9488E-02
  8.0840E+02  3.7896E-03 -3.9068E-02
  8.0909E+02  3.5393E-03 -3.8644E-02
  8.0978E+02  3.2928E-03 -3.8217E-02
  8.1046E+02  3.0503E-03 -3.7787E-02
  8.1115E+02  2.8118E-03 -3.7354E-02
  8.1184E+02  2.5775E-03 -3.6918E-02
  8.1253E+02  2.3474E-03 -3.6480E-02
  8.1322E+02  2.1217E-03 -3.6039E-02
  8.1390E+02  1.9004E-03 -3.5595E-02
  8.1459E+02  1.6835E-03 -3.5149E-02
  8.1528E+02  1.4712E-03 -3.4701E-02
  8.1597E+02  1.2633E-03 -3.4250E-02
  8.1666E+02  1.0599E-03 -3.3797E-02
  8.1734E+02  8.6096E-04 -3.3342E-02
  8.1803E+02  6.6647E-04 -3.2885E-02
  8.1872E+02  4.7636E-04 -3.2425E-02
  8.1941E+02  2.9058E-04 -3.1964E-02
  8.2010E+02  1.0906E-04 -3.1501E-02
  8.2078E+02 -6.8271E-05 -3.1037E-02
  8.2147E+02 -2.4149E-04 -3.0570E-02
  8.2216E+02 -4.1067E-04 -3.0103E-02
  8.2285E+02 -5.7586E-04 -2.9633E-02
  8.2354E+02 -7.3714E-04 -2.9163E-02
  8.2422E+02 -8.9454E-04 -2.8690E-02
  8.2491E+02 -1.0481E-03 -2.8217E-02
  8.2560E+02 -1.1979E-03 -2.7743E-02
  8.2629E+02 -1.3438E-03 -2.7267E-02
  8.2698E+02 -1.4859E-03 -2.6790E-02
  8.2766E+02 -1.6241E-03 -2.6313E-02
  8.2835E+02 -1.7584E-03 -2.5834E-02
  8.2904E+02 -1.8888E-03 -2.5355E-02
  8.2973E+02 -2.0151E-03 -2.4875E-02
  8.3042E+02 -2.1373E-03 -2.4394E-02
  8.3110E+02 -2.2553E-03 -2.3913E-02
  8.3179E+02 -2.3690E-03 -2.3431E-02
  8.3248E+02 -2.4783E-03 -2.2949E-02
  8.3317E+02 -2.5831E-03 -2.2466E-02
  8.3386E+02 -2.6833E-03 -2.1983E-02
  8.3454E+02 -2.7789E-03 -2.1500E-02
  8.3523E+02 -2.8698E-03 -2.1017E-02
  8.3592E+02 -2.9559E-03 -2.0534E-02
  8.3661E+02 -3.0372E-03 -2.0051E-02
  8.3730E+02 -3.1137E-03 -1.9568E-02
  8.3798E+02 -3.1854E-03 -1.9085E-02
  8.3867E+02 -3.2523E-03 -1.8603E-02
  8.3936E+02 -3.3145E-03 -1.8121E-02
  8.4005E+02 -3.3721E-03 -1.7639E-02
  8.4074E+02 -3.4250E-03 -1.7158E-02
  8.4142E+02 -3.4735E-03 -1.6678E-02
  8.4211E+02 -3.5175E-03 -1.6198E-02
  8.4280E+02 -3.5573E-03 -1.5719E-02
  8.4349E+02 -3.5930E-03 -1.5241E-02
  8.4418E+02 -3.6246E-03 -1.4764E-02
  8.4486E+02 -3.6523E-03 -1.4288E-02
  8.4555E+02 -3.6761E-03 -1.3813E-02
  8.4624E+02 -3.6963E-03 -1.3339E-02
  8.4693E+02 -3.7127E-03 -1.2866E-02
  8.4762E+02 -3.7256E-03 -1.2395E-02
  8.4830E+02 -3.7350E-03 -1.1924E-02
  8.4899E+02 -3.7409E-03 -1.1456E-02
  8.4968E+02 -3.7432E-03 -1.0988E-02
  8.5037E+02 -3.7421E-03 -1.0522E-02
  8.5106E+02 -3.7374E-03 -1.0058E-02
  8.5174E+02 -3.7292E-03 -9.5952E-03
  8.5243E+02 -3.7173E-03 -9.1341E-03
  8.5312E+02 -3.7017E-03 -8.6748E-03
  8.5381E+02 -3.6823E-03 -8.2173E-03
  8.5450E+02 -3.6590E-03 -7.7617E-03
  8.5518E+02 -3.6318E-03 -7.3081E-03
  8.5587E+02 -3.6006E-03 -6.8565E-03
  8.5656E+02 -3.5652E-03 -6.4069E-03
  8.5725E+02 -3.5257E-03 -5.9595E-03
  8.5794E+02 -3.4819E-03 -5.5143E-03
  8.5862E+02 -3.4337E-03 -5.0713E-03
  8.5931E+02 -3.3813E-03 -4.6308E-03
  8.6000E+02 -3.3245E-03 -4.1926E-03
  8.6069E+02 -3.2634E-03 -3.7569E-03
  8.6138E+02 -3.1980E-03 -3.3238E-03
  8.6206E+02 -3.1284E-03 -2.8933E-03
  8.6275E+02 -3.0547E-03 -2.4654E-03
  8.6344E+02 -2.9769E-03 -2.0403E-03
  8.6413E+02 -2.8952E-03 -1.6180E-03
  8.6482E+02 -2.8097E-03 -1.1985E-03
  8.6550E+02 -2.7205E-03 -7.8193E-04
  8.6619E+02 -2.6278E-03 -3.6831E-04
  8.6688E+02 -2.5317E-03  4.2296E-05
  8.6757E+02 -2.4324E-03  4.4984E-04
  8.6826E+02 -2.3300E-03  8.5428E-04
  8.6894E+02 -2.2247E-03  1.2556E-03
  8.6963E+02 -2.1165E-03  1.6537E-03
  8.7032E+02 -2.0056E-03  2.0485E-03
  8.7101E+02 -1.8921E-03  2.4401E-03
  8.7170E+02 -1.7759E-03  2.8283E-03
  8.7238E+02 -1.6571E-03  3.2132E-03
  8.7307E+02 -1.5358E-03  3.5946E-03
  8.7376E+02 -1.4120E-03  3.9726E-03
  8.7445E+02 -1.2855E-03  4.3471E-03
  8.7514E+02 -1.1564E-03  4.7181E-03
  8.7582E+02 -1.0246E-03  5.0855E-03
  8.7651E+02 -8.8993E-04  5.4493E-03
  8.7720E+02 -7.5240E-04  5.8094E-03
  8.7789E+02 -6.1190E-04  6.1658E-03
  8.7858E+02 -4.6831E-04  6.5184E-03
  8.7926E+02 -3.2155E-04  6.8673E-03
  8.7995E+02 -1.7154E-04  7.2123E-03
  8.8064E+02 -1.8199E-05  7.5534E-03
  8.8133E+02  1.3852E-04  7.8906E-03
  8.8202E+02  2.9865E-04  8.2238E-03
  8.8270E+02  4.6219E-04  8.5529E-03
  8.8339E+02  6.2914E-04  8.8781E-03
  8.8408E+02  7.9944E-04  9.1991E-03
  8.8477E+02  9.7302E-04  9.5159E-03
  8.8546E+02  1.1498E-03  9.8286E-03
  8.8614E+02  1.3296E-03  1.0137E-02
  8.8683E+02  1.5123E-03  1.0441E-02
  8.8752E+02  1.6978E-03  1.0741E-02
  8.8821E+02  1.8859E-03  1.1037E-02
  8.8890E+02  2.0764E-03  1.1328E-02
  8.8958E+02  2.2690E-03  1.1615E-02
  8.9027E+02  2.4637E-03  1.1897E-02
  8.9096E+02  2.6602E-03  1.2175E-02
  8.9165E+02  2.8583E-03  1.2449E-02
  8.9234E+02  3.0580E-03  1.2718E-02
  8.9302E+02  3.2590E-03  1.2983E-02
  8.9371E+02  3.4612E-03  1.3243E-02
  8.9440E+02  3.6647E-03  1.3498E-02
  8.9509E+02  3.8692E-03  1.3749E-02
  8.9578E+02  4.0748E-03  1.3996E-02
  8.9646E+02  4.2815E-03  1.4238E-02
  8.9715E+02  4.4893E-03  1.4475E-02
  8.9784E+02  4.6982E-03  1.4708E-02
  8.9853E+02  4.9084E-03  1.4936E-02
  8.9922E+02  5.1198E-03  1.5160E-02
  8.9990E+02  5.3327E-03  1.5379E-02
  9.0059E+02  5.5470E-03  1.5593E-02
  9.0128E+02  5.7630E-03  1.5802E-02
  9.0197E+02  5.9807E-03  1.6007E-02
  9.0266E+02  6.2003E-03  1.6208E-02
  9.0334E+02  6.4218E-03  1.6403E-02
  9.0403E+02  6.6453E-03  1.6594E-02
  9.0472E+02  6.8709E-03  1.6780E-02
  9.0541E+02  7.0985E-03  1.6961E-02
  9.0610E+02  7.3282E-03  1.7137E-02
  9.0678E+02  7.5599E-03  1.7309E-02
  9.0747E+02  7.7936E-03  1.7475E-02
  9.0816E+02  8.0291E-03  1.7637E-02
  9.0885E+02  8.2664E-03  1.7794E-02
  9.0954E+02  8.5052E-03  1.7946E-02
  9.1022E+02  8.7454E-03  1.8094E-02
  9.1091E+02  8.9868E-03  1.8236E-02
  9.1160E+02  9.2292E-03  1.8374E-02
  9.1229E+02  9.4723E-03  1.8506E-02
  9.1298E+02  9.7160E-03  1.8634E-02
  9.1366E+02  9.9600E-03  1.8757E-02
  9.1435E+02  1.0204E-02  1.8875E-02
  9.1504E+02  1.0448E-02  1.8988E-02
  9.1573E+02  1.0692E-02  1.9096E-02
  9.1642E+02  1.0936E-02  1.9200E-02
  9.1710E+02  1.1179E-02  1.9298E-02
  9.1779E+02  1.1421E-02  1.9392E-02
  9.1848E+02  1.1663E-02  1.9481E-02
  9.1917E+02  1.1904E-02  1.9565E-02
  9.1986E+02  1.2145E-02  1.9645E-02
  9.2054E+02  1.2385E-02  1.9719E-02
  9.2123E+02  1.2625E-02  1.9789E-02
  9.2192E+02  1.2864E-02  1.9854E-02
  9.2261E+02  1.3103E-02  1.9915E-02
  9.2330E+02  1.3342E-02  1.9970E-02
  9.2398E+02  1.3582E-02  2.0021E-02
  9.2467E+02  1.3821E-02  2.0067E-02
  9.2536E+02  1.4061E-02  2.0109E-02
  9.2605E+02  1.4301E-02  2.0146E-02
  9.2674E+02  1.4542E-02  2.0178E-02
  9.2742E+02  1.4783E-02  2.0205E-02
  9.2811E+02  1.5025E-02  2.0228E-02
  9.2880E+02  1.5268E-02  2.0246E-02
  9.2949E+02  1.5512E-02  2.0259E-02
  9.3018E+02  1.5756E-02  2.0268E-02
  9.3086E+02  1.6001E-02  2.0272E-02
  9.3155E+02  1.6246E-02  2.0272E-02
  9.3224E+02  1.6491E-02  2.0266E-02
  9.3293E+02  1.6737E-02  2.0257E-02
  9.3362E+02  1.6982E-02  2.0242E-02
  9.3430E+02  1.7228E-02  2.0224E-02
  9.3499E+02  1.7472E-02  2.0200E-02
  9.3568E+02  1.7716E-02  2.0172E-02
  9.3637E+02  1.7959E-02  2.0140E-02
  9.3706E+02  1.8201E-02  2.0103E-02
  9.3774E+02  1.8441E-02  2.0061E-02
  9.3843E+02  1.8680E-02  2.0016E-02
  9.3912E+02  1.8917E-02  1.9965E-02
  9.3981E+02  1.9151E-02  1.9911E-02
  9.4050E+02  1.9384E-02  1.9852E-02
  9.4118E+02  1.9615E-02  1.9789E-02
  9.4187E+02  1.9844E-02  1.9721E-02
  9.4256E+02  2.0070E-02  1.9650E-02
  9.4325E+02  2.0295E-02  1.9574E-02
  9.4394E+02  2.0517E-02  1.9494E-02
  9.4462E+02  2.0738E-02  1.9410E-02
  9.4531E+02  2.0957E-02  1.9322E-02
  9.4600E+02  2.1175E-02  1.9230E-02
  9.4669E+02  2.1391E-02  1.9134E-02
  9.4738E+02  2.1606E-02  1.9034E-02
  9.4806E+02  2.1820E-02  1.8930E-02
  9.4875E+02  2.2033E-02  1.8822E-02
  9.4944E+02  2.2246E-02  1.8710E-02
  9.5013E+02  2.2457E-02  1.8595E-02
  9.5082E+02  2.2669E-02  1.8475E-02
  9.5150E+02  2.2880E-02  1.8352E-02
  9.5219E+02  2.3090E-02  1.8225E-02
  9.5288E+02  2.3300E-02  1.8094E-02
  9.5357E+02  2.3509E-02  1.7960E-02
  9.5426E+02  2.3718E-02  1.7821E-02
  9.5494E+02  2.3926E-02  1.7679E-02
  9.5563E+02  2.4133E-02  1.7534E-02
  9.5632E+02  2.4339E-02  1.7385E-02
  9.5701E+02  2.4543E-02  1.7232E-02
  9.5770E+02  2.4746E-02  1.7076E-02
  9.5838E+02  2.4947E-02  1.6916E-02
  9.5907E+02  2.5147E-02  1.6753E-02
  9.5976E+02  2.5344E-02  1.6586E-02
  9.6045E+02  2.5538E-02  1.6416E-02
  9.6114E+02  2.5730E-02  1.6243E-02
  9.6182E+02  2.5919E-02  1.6066E-02
  9.6251E+02  2.6105E-02  1.5886E-02
  9.6320E+02  2.6289E-02  1.5703E-02
  9.6389E+02  2.6469E-02  1.5517E-02
  9.6458E+02  2.6645E-02  1.5328E-02
  9.6526E+02  2.6819E-02  1.5136E-02
  9.6595E+02  2.6990E-02  1.4940E-02
  9.6664E+02  2.7157E-02  1.4742E-02
  9.6733E+02  2.7322E-02  1.4541E-02
  9.6802E+02  2.7483E-02  1.4337E-02
  9.6870E+02  2.7643E-02  1.4131E-02
  9.6939E+02  2.7799E-02  1.3921E-02
  9.7008E+02  2.7953E-02  1.3709E-02
  9.7077E+02  2.8105E-02  1.3495E-02
  9.7146E+02  2.8255E-02  1.3277E-02
  9.7214E+02  2.8403E-02  1.3058E-02
  9.7283E+02  2.8550E-02  1.2835E-02
  9.7352E+02  2.8695E-02  1.2611E-02
  9.7421E+02  2.8838E-02  1.2383E-02
  9.7490E+02  2.8981E-02  1.2154E-02
  9.7558E+02  2.9121E-02  1.1922E-02
  9.7627E+02  2.9261E-02  1.1687E-02
  9.7696E+02  2.9399E-02  1.1451E-02
  9.7765E+02  2.9536E-02  1.1212E-02
  9.7834E+02  2.9671E-02  1.0971E-02
  9.7902E+02  2.9805E-02  1.0728E-02
  9.7971E+02  2.9936E-02  1.0482E-02
  9.8040E+02  3.0066E-02  1.0235E-02
  9.8109E+02  3.0194E-02  9.9856E-03
  9.8178E+02  3.0319E-02  9.7341E-03
  9.8246E+02  3.0442E-02  9.4807E-03
  9.8315E+02  3.0562E-02  9.2253E-03
  9.8384E+02  3.0679E-02  8.9681E-03
  9.8453E+02  3.0793E-02  8.7091E-03
  9.8522E+02  3.0903E-02  8.4484E-03
  9.8590E+02  3.1010E-02  8.1860E-03
  9.8659E+02  3.1114E-02  7.9219E-03
  9.8728E+02  3.1214E-02  7.6563E-03
  9.8797E+02  3.1310E-02  7.3891E-03
  9.8866E+02  3.1403E-02  7.1205E-03
  9.8934E+02  3.1492E-02  6.8505E-03
  9.9003E+02  3.1577E-02  6.5792E-03
  9.9072E+02  3.1659E-02  6.3066E-03
  9.9141E+02  3.1738E-02  6.0328E-03
  9.9210E+02  3.1813E-02  5.7578E-03
  9.9278E+02  3.1885E-02  5.4817E-03
  9.9347E+02  3.1954E-02  5.2045E-03
  9.9416E+02  3.2020E-02  4.9263E-03
  9.9485E+02  3.2083E-02  4.6471E-03
  9.9554E+02  3.2144E-02  4.3670E-03
  9.9622E+02  3.2203E-02  4.0861E-03
  9.9691E+02  3.2260E-02  3.8043E-03
  9.9760E+02  3.2314E-02  3.5217E-03
  9.9829E+02  3.2367E-02  3.2384E-03
  9.9898E+02  3.2417E-02  2.9543E-03
  9.9966E+02  3.2467E-02  2.6696E-03
