# CREATED BY GENE DIAGNOSTICS TOOL on Wed Mar 17 16:29:05 2021
# diag: timetrace, run(s): 0004, time window: 0-1000(1480 steps), species: ions
# original data path: /marconi_scratch/userexternal/cmoreno0/GAMZF_convergence/w7x_surface/scanfiles0002/
# normalization: L_ref=1.65m
#
#  t          Re[phi]     Im[phi]   
  0.0000E+00  9.9997E-01  0.0000E+00
  6.7600E-01  9.9069E-01 -4.7729E-04
  1.3520E+00  9.6612E-01 -8.8720E-04
  2.0280E+00  9.3307E-01 -1.2206E-03
  2.7040E+00  8.9823E-01 -1.4989E-03
  3.3800E+00  8.6634E-01 -1.7586E-03
  4.0560E+00  8.3976E-01 -2.0242E-03
  4.7320E+00  8.1882E-01 -2.3010E-03
  5.4080E+00  8.0265E-01 -2.5844E-03
  6.0840E+00  7.8981E-01 -2.8684E-03
  6.7600E+00  7.7889E-01 -3.1479E-03
  7.4360E+00  7.6873E-01 -3.4194E-03
  8.1120E+00  7.5857E-01 -3.6796E-03
  8.7880E+00  7.4807E-01 -3.9260E-03
  9.4640E+00  7.3717E-01 -4.1564E-03
  1.0140E+01  7.2602E-01 -4.3693E-03
  1.0816E+01  7.1483E-01 -4.5634E-03
  1.1492E+01  7.0385E-01 -4.7384E-03
  1.2168E+01  6.9327E-01 -4.8949E-03
  1.2844E+01  6.8325E-01 -5.0346E-03
  1.3520E+01  6.7389E-01 -5.1591E-03
  1.4196E+01  6.6523E-01 -5.2706E-03
  1.4872E+01  6.5730E-01 -5.3717E-03
  1.5548E+01  6.5010E-01 -5.4652E-03
  1.6224E+01  6.4363E-01 -5.5542E-03
  1.6900E+01  6.3788E-01 -5.6413E-03
  1.7576E+01  6.3284E-01 -5.7288E-03
  1.8252E+01  6.2850E-01 -5.8190E-03
  1.8928E+01  6.2485E-01 -5.9145E-03
  1.9604E+01  6.2187E-01 -6.0177E-03
  2.0280E+01  6.1955E-01 -6.1300E-03
  2.0956E+01  6.1784E-01 -6.2520E-03
  2.1632E+01  6.1672E-01 -6.3843E-03
  2.2308E+01  6.1613E-01 -6.5278E-03
  2.2984E+01  6.1604E-01 -6.6831E-03
  2.3660E+01  6.1640E-01 -6.8500E-03
  2.4336E+01  6.1716E-01 -7.0280E-03
  2.5012E+01  6.1825E-01 -7.2164E-03
  2.5688E+01  6.1964E-01 -7.4146E-03
  2.6364E+01  6.2126E-01 -7.6216E-03
  2.7040E+01  6.2306E-01 -7.8363E-03
  2.7716E+01  6.2499E-01 -8.0573E-03
  2.8392E+01  6.2700E-01 -8.2830E-03
  2.9068E+01  6.2903E-01 -8.5124E-03
  2.9744E+01  6.3107E-01 -8.7442E-03
  3.0420E+01  6.3305E-01 -8.9771E-03
  3.1096E+01  6.3495E-01 -9.2101E-03
  3.1772E+01  6.3675E-01 -9.4422E-03
  3.2448E+01  6.3841E-01 -9.6726E-03
  3.3124E+01  6.3992E-01 -9.9004E-03
  3.3800E+01  6.4125E-01 -1.0125E-02
  3.4476E+01  6.4240E-01 -1.0344E-02
  3.5152E+01  6.4336E-01 -1.0559E-02
  3.5828E+01  6.4412E-01 -1.0769E-02
  3.6504E+01  6.4468E-01 -1.0974E-02
  3.7180E+01  6.4505E-01 -1.1173E-02
  3.7856E+01  6.4522E-01 -1.1367E-02
  3.8532E+01  6.4521E-01 -1.1555E-02
  3.9208E+01  6.4503E-01 -1.1739E-02
  3.9884E+01  6.4470E-01 -1.1918E-02
  4.0560E+01  6.4421E-01 -1.2092E-02
  4.1236E+01  6.4357E-01 -1.2261E-02
  4.1912E+01  6.4281E-01 -1.2426E-02
  4.2588E+01  6.4195E-01 -1.2586E-02
  4.3264E+01  6.4098E-01 -1.2743E-02
  4.3940E+01  6.3994E-01 -1.2898E-02
  4.4616E+01  6.3883E-01 -1.3049E-02
  4.5292E+01  6.3767E-01 -1.3199E-02
  4.5968E+01  6.3647E-01 -1.3347E-02
  4.6644E+01  6.3524E-01 -1.3494E-02
  4.7320E+01  6.3400E-01 -1.3640E-02
  4.7996E+01  6.3275E-01 -1.3786E-02
  4.8672E+01  6.3150E-01 -1.3931E-02
  4.9348E+01  6.3026E-01 -1.4077E-02
  5.0024E+01  6.2904E-01 -1.4222E-02
  5.0700E+01  6.2785E-01 -1.4369E-02
  5.1376E+01  6.2668E-01 -1.4517E-02
  5.2052E+01  6.2556E-01 -1.4666E-02
  5.2728E+01  6.2447E-01 -1.4817E-02
  5.3404E+01  6.2341E-01 -1.4970E-02
  5.4080E+01  6.2239E-01 -1.5123E-02
  5.4756E+01  6.2142E-01 -1.5279E-02
  5.5432E+01  6.2048E-01 -1.5435E-02
  5.6108E+01  6.1958E-01 -1.5594E-02
  5.6784E+01  6.1872E-01 -1.5755E-02
  5.7460E+01  6.1790E-01 -1.5917E-02
  5.8136E+01  6.1712E-01 -1.6081E-02
  5.8812E+01  6.1636E-01 -1.6246E-02
  5.9488E+01  6.1564E-01 -1.6414E-02
  6.0164E+01  6.1495E-01 -1.6583E-02
  6.0840E+01  6.1429E-01 -1.6752E-02
  6.1516E+01  6.1364E-01 -1.6922E-02
  6.2192E+01  6.1301E-01 -1.7092E-02
  6.2868E+01  6.1240E-01 -1.7263E-02
  6.3544E+01  6.1181E-01 -1.7435E-02
  6.4220E+01  6.1123E-01 -1.7606E-02
  6.4896E+01  6.1067E-01 -1.7778E-02
  6.5572E+01  6.1012E-01 -1.7950E-02
  6.6248E+01  6.0957E-01 -1.8122E-02
  6.6924E+01  6.0904E-01 -1.8294E-02
  6.7600E+01  6.0851E-01 -1.8465E-02
  6.8276E+01  6.0798E-01 -1.8636E-02
  6.8952E+01  6.0746E-01 -1.8806E-02
  6.9628E+01  6.0694E-01 -1.8975E-02
  7.0304E+01  6.0642E-01 -1.9144E-02
  7.0980E+01  6.0590E-01 -1.9313E-02
  7.1656E+01  6.0539E-01 -1.9481E-02
  7.2332E+01  6.0489E-01 -1.9649E-02
  7.3008E+01  6.0439E-01 -1.9816E-02
  7.3684E+01  6.0390E-01 -1.9983E-02
  7.4360E+01  6.0340E-01 -2.0149E-02
  7.5036E+01  6.0291E-01 -2.0314E-02
  7.5712E+01  6.0241E-01 -2.0479E-02
  7.6388E+01  6.0191E-01 -2.0643E-02
  7.7064E+01  6.0142E-01 -2.0807E-02
  7.7740E+01  6.0093E-01 -2.0970E-02
  7.8416E+01  6.0044E-01 -2.1133E-02
  7.9092E+01  5.9996E-01 -2.1297E-02
  7.9768E+01  5.9949E-01 -2.1461E-02
  8.0444E+01  5.9902E-01 -2.1624E-02
  8.1120E+01  5.9855E-01 -2.1787E-02
  8.1796E+01  5.9808E-01 -2.1948E-02
  8.2472E+01  5.9761E-01 -2.2109E-02
  8.3148E+01  5.9714E-01 -2.2270E-02
  8.3824E+01  5.9666E-01 -2.2430E-02
  8.4500E+01  5.9618E-01 -2.2590E-02
  8.5176E+01  5.9571E-01 -2.2750E-02
  8.5852E+01  5.9523E-01 -2.2910E-02
  8.6528E+01  5.9475E-01 -2.3070E-02
  8.7204E+01  5.9428E-01 -2.3230E-02
  8.7880E+01  5.9382E-01 -2.3389E-02
  8.8556E+01  5.9335E-01 -2.3547E-02
  8.9232E+01  5.9289E-01 -2.3706E-02
  8.9908E+01  5.9244E-01 -2.3864E-02
  9.0584E+01  5.9198E-01 -2.4022E-02
  9.1260E+01  5.9153E-01 -2.4179E-02
  9.1936E+01  5.9107E-01 -2.4337E-02
  9.2612E+01  5.9061E-01 -2.4496E-02
  9.3288E+01  5.9016E-01 -2.4654E-02
  9.3964E+01  5.8970E-01 -2.4812E-02
  9.4640E+01  5.8924E-01 -2.4970E-02
  9.5316E+01  5.8879E-01 -2.5128E-02
  9.5992E+01  5.8835E-01 -2.5286E-02
  9.6668E+01  5.8791E-01 -2.5445E-02
  9.7344E+01  5.8747E-01 -2.5602E-02
  9.8020E+01  5.8703E-01 -2.5760E-02
  9.8696E+01  5.8660E-01 -2.5918E-02
  9.9372E+01  5.8617E-01 -2.6077E-02
  1.0005E+02  5.8574E-01 -2.6236E-02
  1.0072E+02  5.8530E-01 -2.6394E-02
  1.0140E+02  5.8486E-01 -2.6551E-02
  1.0208E+02  5.8442E-01 -2.6708E-02
  1.0275E+02  5.8399E-01 -2.6865E-02
  1.0343E+02  5.8355E-01 -2.7022E-02
  1.0410E+02  5.8313E-01 -2.7178E-02
  1.0478E+02  5.8271E-01 -2.7334E-02
  1.0546E+02  5.8229E-01 -2.7490E-02
  1.0613E+02  5.8187E-01 -2.7645E-02
  1.0681E+02  5.8145E-01 -2.7801E-02
  1.0748E+02  5.8103E-01 -2.7956E-02
  1.0816E+02  5.8061E-01 -2.8110E-02
  1.0884E+02  5.8019E-01 -2.8264E-02
  1.0951E+02  5.7977E-01 -2.8418E-02
  1.1019E+02  5.7935E-01 -2.8572E-02
  1.1086E+02  5.7894E-01 -2.8725E-02
  1.1154E+02  5.7854E-01 -2.8879E-02
  1.1222E+02  5.7815E-01 -2.9033E-02
  1.1289E+02  5.7777E-01 -2.9186E-02
  1.1357E+02  5.7740E-01 -2.9340E-02
  1.1424E+02  5.7703E-01 -2.9492E-02
  1.1492E+02  5.7667E-01 -2.9645E-02
  1.1560E+02  5.7630E-01 -2.9797E-02
  1.1627E+02  5.7594E-01 -2.9949E-02
  1.1695E+02  5.7556E-01 -3.0101E-02
  1.1762E+02  5.7518E-01 -3.0253E-02
  1.1830E+02  5.7480E-01 -3.0405E-02
  1.1898E+02  5.7442E-01 -3.0557E-02
  1.1965E+02  5.7403E-01 -3.0710E-02
  1.2033E+02  5.7366E-01 -3.0863E-02
  1.2100E+02  5.7329E-01 -3.1015E-02
  1.2168E+02  5.7293E-01 -3.1167E-02
  1.2236E+02  5.7258E-01 -3.1319E-02
  1.2303E+02  5.7225E-01 -3.1471E-02
  1.2371E+02  5.7192E-01 -3.1622E-02
  1.2438E+02  5.7159E-01 -3.1774E-02
  1.2506E+02  5.7127E-01 -3.1924E-02
  1.2574E+02  5.7094E-01 -3.2075E-02
  1.2641E+02  5.7060E-01 -3.2225E-02
  1.2709E+02  5.7026E-01 -3.2375E-02
  1.2776E+02  5.6990E-01 -3.2524E-02
  1.2844E+02  5.6954E-01 -3.2672E-02
  1.2912E+02  5.6917E-01 -3.2820E-02
  1.2979E+02  5.6879E-01 -3.2967E-02
  1.3047E+02  5.6843E-01 -3.3114E-02
  1.3114E+02  5.6807E-01 -3.3261E-02
  1.3182E+02  5.6773E-01 -3.3409E-02
  1.3250E+02  5.6740E-01 -3.3556E-02
  1.3317E+02  5.6710E-01 -3.3704E-02
  1.3385E+02  5.6681E-01 -3.3852E-02
  1.3452E+02  5.6655E-01 -3.4000E-02
  1.3520E+02  5.6630E-01 -3.4149E-02
  1.3588E+02  5.6606E-01 -3.4297E-02
  1.3655E+02  5.6582E-01 -3.4446E-02
  1.3723E+02  5.6558E-01 -3.4595E-02
  1.3790E+02  5.6533E-01 -3.4743E-02
  1.3858E+02  5.6507E-01 -3.4892E-02
  1.3926E+02  5.6479E-01 -3.5041E-02
  1.3993E+02  5.6450E-01 -3.5190E-02
  1.4061E+02  5.6419E-01 -3.5338E-02
  1.4128E+02  5.6386E-01 -3.5485E-02
  1.4196E+02  5.6353E-01 -3.5632E-02
  1.4264E+02  5.6319E-01 -3.5777E-02
  1.4331E+02  5.6285E-01 -3.5923E-02
  1.4399E+02  5.6252E-01 -3.6067E-02
  1.4466E+02  5.6219E-01 -3.6212E-02
  1.4534E+02  5.6188E-01 -3.6356E-02
  1.4602E+02  5.6159E-01 -3.6501E-02
  1.4669E+02  5.6131E-01 -3.6646E-02
  1.4737E+02  5.6105E-01 -3.6790E-02
  1.4804E+02  5.6080E-01 -3.6935E-02
  1.4872E+02  5.6056E-01 -3.7080E-02
  1.4940E+02  5.6034E-01 -3.7224E-02
  1.5007E+02  5.6011E-01 -3.7369E-02
  1.5075E+02  5.5989E-01 -3.7514E-02
  1.5142E+02  5.5966E-01 -3.7658E-02
  1.5210E+02  5.5942E-01 -3.7803E-02
  1.5278E+02  5.5918E-01 -3.7948E-02
  1.5345E+02  5.5892E-01 -3.8093E-02
  1.5413E+02  5.5867E-01 -3.8237E-02
  1.5480E+02  5.5840E-01 -3.8381E-02
  1.5548E+02  5.5813E-01 -3.8524E-02
  1.5616E+02  5.5787E-01 -3.8668E-02
  1.5683E+02  5.5761E-01 -3.8811E-02
  1.5751E+02  5.5735E-01 -3.8953E-02
  1.5818E+02  5.5709E-01 -3.9096E-02
  1.5886E+02  5.5684E-01 -3.9240E-02
  1.5954E+02  5.5660E-01 -3.9383E-02
  1.6021E+02  5.5636E-01 -3.9527E-02
  1.6089E+02  5.5612E-01 -3.9670E-02
  1.6156E+02  5.5589E-01 -3.9814E-02
  1.6224E+02  5.5566E-01 -3.9957E-02
  1.6292E+02  5.5543E-01 -4.0100E-02
  1.6359E+02  5.5520E-01 -4.0243E-02
  1.6427E+02  5.5497E-01 -4.0386E-02
  1.6494E+02  5.5475E-01 -4.0529E-02
  1.6562E+02  5.5452E-01 -4.0672E-02
  1.6630E+02  5.5429E-01 -4.0814E-02
  1.6697E+02  5.5407E-01 -4.0957E-02
  1.6765E+02  5.5385E-01 -4.1099E-02
  1.6832E+02  5.5363E-01 -4.1240E-02
  1.6900E+02  5.5341E-01 -4.1381E-02
  1.6968E+02  5.5321E-01 -4.1522E-02
  1.7035E+02  5.5301E-01 -4.1662E-02
  1.7103E+02  5.5281E-01 -4.1802E-02
  1.7170E+02  5.5263E-01 -4.1942E-02
  1.7238E+02  5.5244E-01 -4.2082E-02
  1.7306E+02  5.5226E-01 -4.2221E-02
  1.7373E+02  5.5208E-01 -4.2361E-02
  1.7441E+02  5.5189E-01 -4.2501E-02
  1.7508E+02  5.5169E-01 -4.2641E-02
  1.7576E+02  5.5149E-01 -4.2781E-02
  1.7644E+02  5.5129E-01 -4.2921E-02
  1.7711E+02  5.5108E-01 -4.3061E-02
  1.7779E+02  5.5086E-01 -4.3202E-02
  1.7846E+02  5.5064E-01 -4.3343E-02
  1.7914E+02  5.5041E-01 -4.3485E-02
  1.7982E+02  5.5018E-01 -4.3627E-02
  1.8049E+02  5.4995E-01 -4.3769E-02
  1.8117E+02  5.4972E-01 -4.3911E-02
  1.8184E+02  5.4948E-01 -4.4052E-02
  1.8252E+02  5.4924E-01 -4.4193E-02
  1.8320E+02  5.4900E-01 -4.4334E-02
  1.8387E+02  5.4877E-01 -4.4474E-02
  1.8455E+02  5.4854E-01 -4.4614E-02
  1.8522E+02  5.4833E-01 -4.4753E-02
  1.8590E+02  5.4812E-01 -4.4893E-02
  1.8658E+02  5.4793E-01 -4.5032E-02
  1.8725E+02  5.4775E-01 -4.5171E-02
  1.8793E+02  5.4757E-01 -4.5309E-02
  1.8860E+02  5.4741E-01 -4.5447E-02
  1.8928E+02  5.4725E-01 -4.5585E-02
  1.8996E+02  5.4709E-01 -4.5723E-02
  1.9063E+02  5.4694E-01 -4.5860E-02
  1.9131E+02  5.4678E-01 -4.5997E-02
  1.9198E+02  5.4663E-01 -4.6135E-02
  1.9266E+02  5.4649E-01 -4.6273E-02
  1.9334E+02  5.4635E-01 -4.6411E-02
  1.9401E+02  5.4621E-01 -4.6550E-02
  1.9469E+02  5.4607E-01 -4.6688E-02
  1.9536E+02  5.4595E-01 -4.6826E-02
  1.9604E+02  5.4582E-01 -4.6965E-02
  1.9672E+02  5.4569E-01 -4.7104E-02
  1.9739E+02  5.4557E-01 -4.7243E-02
  1.9807E+02  5.4543E-01 -4.7382E-02
  1.9874E+02  5.4530E-01 -4.7522E-02
  1.9942E+02  5.4515E-01 -4.7662E-02
  2.0010E+02  5.4500E-01 -4.7802E-02
  2.0077E+02  5.4484E-01 -4.7941E-02
  2.0145E+02  5.4468E-01 -4.8081E-02
  2.0212E+02  5.4452E-01 -4.8220E-02
  2.0280E+02  5.4435E-01 -4.8358E-02
  2.0348E+02  5.4418E-01 -4.8497E-02
  2.0415E+02  5.4401E-01 -4.8635E-02
  2.0483E+02  5.4384E-01 -4.8772E-02
  2.0550E+02  5.4367E-01 -4.8910E-02
  2.0618E+02  5.4349E-01 -4.9047E-02
  2.0686E+02  5.4331E-01 -4.9185E-02
  2.0753E+02  5.4312E-01 -4.9321E-02
  2.0821E+02  5.4293E-01 -4.9458E-02
  2.0888E+02  5.4272E-01 -4.9594E-02
  2.0956E+02  5.4251E-01 -4.9730E-02
  2.1024E+02  5.4231E-01 -4.9866E-02
  2.1091E+02  5.4210E-01 -5.0002E-02
  2.1159E+02  5.4190E-01 -5.0138E-02
  2.1226E+02  5.4171E-01 -5.0274E-02
  2.1294E+02  5.4153E-01 -5.0411E-02
  2.1362E+02  5.4135E-01 -5.0547E-02
  2.1429E+02  5.4118E-01 -5.0683E-02
  2.1497E+02  5.4102E-01 -5.0820E-02
  2.1564E+02  5.4086E-01 -5.0956E-02
  2.1632E+02  5.4071E-01 -5.1093E-02
  2.1700E+02  5.4056E-01 -5.1229E-02
  2.1767E+02  5.4041E-01 -5.1366E-02
  2.1835E+02  5.4026E-01 -5.1503E-02
  2.1902E+02  5.4011E-01 -5.1640E-02
  2.1970E+02  5.3997E-01 -5.1777E-02
  2.2038E+02  5.3983E-01 -5.1915E-02
  2.2105E+02  5.3970E-01 -5.2052E-02
  2.2173E+02  5.3957E-01 -5.2188E-02
  2.2240E+02  5.3945E-01 -5.2325E-02
  2.2308E+02  5.3933E-01 -5.2461E-02
  2.2376E+02  5.3921E-01 -5.2597E-02
  2.2443E+02  5.3910E-01 -5.2732E-02
  2.2511E+02  5.3898E-01 -5.2868E-02
  2.2578E+02  5.3886E-01 -5.3003E-02
  2.2646E+02  5.3873E-01 -5.3139E-02
  2.2714E+02  5.3860E-01 -5.3274E-02
  2.2781E+02  5.3845E-01 -5.3409E-02
  2.2849E+02  5.3831E-01 -5.3543E-02
  2.2916E+02  5.3815E-01 -5.3678E-02
  2.2984E+02  5.3799E-01 -5.3812E-02
  2.3052E+02  5.3783E-01 -5.3947E-02
  2.3119E+02  5.3767E-01 -5.4081E-02
  2.3187E+02  5.3752E-01 -5.4215E-02
  2.3254E+02  5.3737E-01 -5.4350E-02
  2.3322E+02  5.3722E-01 -5.4485E-02
  2.3390E+02  5.3708E-01 -5.4619E-02
  2.3457E+02  5.3694E-01 -5.4754E-02
  2.3525E+02  5.3681E-01 -5.4889E-02
  2.3592E+02  5.3667E-01 -5.5023E-02
  2.3660E+02  5.3654E-01 -5.5158E-02
  2.3728E+02  5.3641E-01 -5.5293E-02
  2.3795E+02  5.3627E-01 -5.5427E-02
  2.3863E+02  5.3614E-01 -5.5562E-02
  2.3930E+02  5.3601E-01 -5.5697E-02
  2.3998E+02  5.3588E-01 -5.5832E-02
  2.4066E+02  5.3576E-01 -5.5967E-02
  2.4133E+02  5.3564E-01 -5.6102E-02
  2.4201E+02  5.3552E-01 -5.6236E-02
  2.4268E+02  5.3541E-01 -5.6370E-02
  2.4336E+02  5.3531E-01 -5.6504E-02
  2.4404E+02  5.3520E-01 -5.6637E-02
  2.4471E+02  5.3509E-01 -5.6771E-02
  2.4539E+02  5.3498E-01 -5.6904E-02
  2.4606E+02  5.3486E-01 -5.7037E-02
  2.4674E+02  5.3474E-01 -5.7170E-02
  2.4742E+02  5.3460E-01 -5.7303E-02
  2.4809E+02  5.3445E-01 -5.7436E-02
  2.4877E+02  5.3429E-01 -5.7569E-02
  2.4944E+02  5.3411E-01 -5.7701E-02
  2.5012E+02  5.3392E-01 -5.7834E-02
  2.5080E+02  5.3371E-01 -5.7966E-02
  2.5147E+02  5.3348E-01 -5.8099E-02
  2.5215E+02  5.3324E-01 -5.8231E-02
  2.5282E+02  5.3299E-01 -5.8364E-02
  2.5350E+02  5.3272E-01 -5.8497E-02
  2.5418E+02  5.3245E-01 -5.8629E-02
  2.5485E+02  5.3218E-01 -5.8762E-02
  2.5553E+02  5.3191E-01 -5.8895E-02
  2.5620E+02  5.3165E-01 -5.9027E-02
  2.5688E+02  5.3139E-01 -5.9160E-02
  2.5756E+02  5.3114E-01 -5.9292E-02
  2.5823E+02  5.3091E-01 -5.9425E-02
  2.5891E+02  5.3069E-01 -5.9558E-02
  2.5958E+02  5.3048E-01 -5.9690E-02
  2.6026E+02  5.3029E-01 -5.9823E-02
  2.6094E+02  5.3012E-01 -5.9955E-02
  2.6161E+02  5.2997E-01 -6.0087E-02
  2.6229E+02  5.2984E-01 -6.0219E-02
  2.6296E+02  5.2974E-01 -6.0350E-02
  2.6364E+02  5.2966E-01 -6.0481E-02
  2.6432E+02  5.2960E-01 -6.0612E-02
  2.6499E+02  5.2957E-01 -6.0743E-02
  2.6567E+02  5.2956E-01 -6.0873E-02
  2.6634E+02  5.2957E-01 -6.1003E-02
  2.6702E+02  5.2960E-01 -6.1134E-02
  2.6770E+02  5.2964E-01 -6.1264E-02
  2.6837E+02  5.2969E-01 -6.1394E-02
  2.6905E+02  5.2975E-01 -6.1524E-02
  2.6972E+02  5.2982E-01 -6.1655E-02
  2.7040E+02  5.2989E-01 -6.1785E-02
  2.7108E+02  5.2995E-01 -6.1915E-02
  2.7175E+02  5.3001E-01 -6.2046E-02
  2.7243E+02  5.3006E-01 -6.2177E-02
  2.7310E+02  5.3009E-01 -6.2308E-02
  2.7378E+02  5.3010E-01 -6.2440E-02
  2.7446E+02  5.3007E-01 -6.2571E-02
  2.7513E+02  5.3001E-01 -6.2703E-02
  2.7581E+02  5.2991E-01 -6.2834E-02
  2.7648E+02  5.2976E-01 -6.2966E-02
  2.7716E+02  5.2956E-01 -6.3098E-02
  2.7784E+02  5.2932E-01 -6.3230E-02
  2.7851E+02  5.2903E-01 -6.3361E-02
  2.7919E+02  5.2870E-01 -6.3493E-02
  2.7986E+02  5.2834E-01 -6.3625E-02
  2.8054E+02  5.2794E-01 -6.3757E-02
  2.8122E+02  5.2752E-01 -6.3888E-02
  2.8189E+02  5.2708E-01 -6.4019E-02
  2.8257E+02  5.2662E-01 -6.4150E-02
  2.8324E+02  5.2616E-01 -6.4280E-02
  2.8392E+02  5.2569E-01 -6.4409E-02
  2.8460E+02  5.2523E-01 -6.4538E-02
  2.8527E+02  5.2479E-01 -6.4667E-02
  2.8595E+02  5.2436E-01 -6.4795E-02
  2.8662E+02  5.2397E-01 -6.4922E-02
  2.8730E+02  5.2360E-01 -6.5050E-02
  2.8798E+02  5.2327E-01 -6.5177E-02
  2.8865E+02  5.2299E-01 -6.5304E-02
  2.8933E+02  5.2274E-01 -6.5430E-02
  2.9000E+02  5.2254E-01 -6.5556E-02
  2.9068E+02  5.2239E-01 -6.5683E-02
  2.9136E+02  5.2227E-01 -6.5809E-02
  2.9203E+02  5.2221E-01 -6.5935E-02
  2.9271E+02  5.2219E-01 -6.6062E-02
  2.9338E+02  5.2221E-01 -6.6189E-02
  2.9406E+02  5.2228E-01 -6.6316E-02
  2.9474E+02  5.2239E-01 -6.6443E-02
  2.9541E+02  5.2255E-01 -6.6571E-02
  2.9609E+02  5.2274E-01 -6.6699E-02
  2.9676E+02  5.2297E-01 -6.6828E-02
  2.9744E+02  5.2322E-01 -6.6956E-02
  2.9812E+02  5.2348E-01 -6.7085E-02
  2.9879E+02  5.2375E-01 -6.7215E-02
  2.9947E+02  5.2401E-01 -6.7345E-02
  3.0014E+02  5.2426E-01 -6.7475E-02
  3.0082E+02  5.2448E-01 -6.7606E-02
  3.0150E+02  5.2468E-01 -6.7736E-02
  3.0217E+02  5.2484E-01 -6.7867E-02
  3.0285E+02  5.2496E-01 -6.7997E-02
  3.0352E+02  5.2503E-01 -6.8127E-02
  3.0420E+02  5.2505E-01 -6.8257E-02
  3.0488E+02  5.2502E-01 -6.8387E-02
  3.0555E+02  5.2494E-01 -6.8517E-02
  3.0623E+02  5.2480E-01 -6.8647E-02
  3.0690E+02  5.2460E-01 -6.8776E-02
  3.0758E+02  5.2435E-01 -6.8905E-02
  3.0826E+02  5.2404E-01 -6.9034E-02
  3.0893E+02  5.2368E-01 -6.9163E-02
  3.0961E+02  5.2327E-01 -6.9291E-02
  3.1028E+02  5.2282E-01 -6.9419E-02
  3.1096E+02  5.2233E-01 -6.9547E-02
  3.1164E+02  5.2181E-01 -6.9674E-02
  3.1231E+02  5.2126E-01 -6.9801E-02
  3.1299E+02  5.2069E-01 -6.9928E-02
  3.1366E+02  5.2011E-01 -7.0054E-02
  3.1434E+02  5.1952E-01 -7.0181E-02
  3.1502E+02  5.1895E-01 -7.0307E-02
  3.1569E+02  5.1838E-01 -7.0432E-02
  3.1637E+02  5.1784E-01 -7.0558E-02
  3.1704E+02  5.1733E-01 -7.0683E-02
  3.1772E+02  5.1686E-01 -7.0808E-02
  3.1840E+02  5.1643E-01 -7.0933E-02
  3.1907E+02  5.1605E-01 -7.1058E-02
  3.1975E+02  5.1573E-01 -7.1183E-02
  3.2042E+02  5.1548E-01 -7.1309E-02
  3.2110E+02  5.1529E-01 -7.1433E-02
  3.2178E+02  5.1516E-01 -7.1558E-02
  3.2245E+02  5.1510E-01 -7.1683E-02
  3.2313E+02  5.1510E-01 -7.1807E-02
  3.2380E+02  5.1516E-01 -7.1932E-02
  3.2448E+02  5.1527E-01 -7.2056E-02
  3.2516E+02  5.1542E-01 -7.2181E-02
  3.2583E+02  5.1562E-01 -7.2305E-02
  3.2651E+02  5.1584E-01 -7.2429E-02
  3.2718E+02  5.1609E-01 -7.2554E-02
  3.2786E+02  5.1636E-01 -7.2679E-02
  3.2854E+02  5.1664E-01 -7.2803E-02
  3.2921E+02  5.1693E-01 -7.2928E-02
  3.2989E+02  5.1722E-01 -7.3053E-02
  3.3056E+02  5.1751E-01 -7.3179E-02
  3.3124E+02  5.1779E-01 -7.3304E-02
  3.3192E+02  5.1806E-01 -7.3430E-02
  3.3259E+02  5.1831E-01 -7.3556E-02
  3.3327E+02  5.1853E-01 -7.3682E-02
  3.3394E+02  5.1872E-01 -7.3809E-02
  3.3462E+02  5.1887E-01 -7.3936E-02
  3.3530E+02  5.1897E-01 -7.4063E-02
  3.3597E+02  5.1902E-01 -7.4190E-02
  3.3665E+02  5.1903E-01 -7.4317E-02
  3.3732E+02  5.1897E-01 -7.4445E-02
  3.3800E+02  5.1887E-01 -7.4572E-02
  3.3868E+02  5.1871E-01 -7.4699E-02
  3.3935E+02  5.1849E-01 -7.4827E-02
  3.4003E+02  5.1822E-01 -7.4954E-02
  3.4070E+02  5.1791E-01 -7.5081E-02
  3.4138E+02  5.1754E-01 -7.5208E-02
  3.4206E+02  5.1714E-01 -7.5334E-02
  3.4273E+02  5.1669E-01 -7.5460E-02
  3.4341E+02  5.1620E-01 -7.5586E-02
  3.4408E+02  5.1569E-01 -7.5710E-02
  3.4476E+02  5.1515E-01 -7.5835E-02
  3.4544E+02  5.1460E-01 -7.5959E-02
  3.4611E+02  5.1403E-01 -7.6083E-02
  3.4679E+02  5.1347E-01 -7.6206E-02
  3.4746E+02  5.1291E-01 -7.6329E-02
  3.4814E+02  5.1237E-01 -7.6451E-02
  3.4882E+02  5.1185E-01 -7.6573E-02
  3.4949E+02  5.1136E-01 -7.6695E-02
  3.5017E+02  5.1091E-01 -7.6817E-02
  3.5084E+02  5.1050E-01 -7.6939E-02
  3.5152E+02  5.1014E-01 -7.7060E-02
  3.5220E+02  5.0982E-01 -7.7182E-02
  3.5287E+02  5.0954E-01 -7.7304E-02
  3.5355E+02  5.0931E-01 -7.7425E-02
  3.5422E+02  5.0913E-01 -7.7547E-02
  3.5490E+02  5.0898E-01 -7.7670E-02
  3.5558E+02  5.0888E-01 -7.7792E-02
  3.5625E+02  5.0882E-01 -7.7914E-02
  3.5693E+02  5.0880E-01 -7.8037E-02
  3.5760E+02  5.0881E-01 -7.8160E-02
  3.5828E+02  5.0887E-01 -7.8284E-02
  3.5896E+02  5.0896E-01 -7.8407E-02
  3.5963E+02  5.0909E-01 -7.8531E-02
  3.6031E+02  5.0926E-01 -7.8655E-02
  3.6098E+02  5.0945E-01 -7.8779E-02
  3.6166E+02  5.0967E-01 -7.8904E-02
  3.6234E+02  5.0992E-01 -7.9028E-02
  3.6301E+02  5.1018E-01 -7.9153E-02
  3.6369E+02  5.1045E-01 -7.9277E-02
  3.6436E+02  5.1073E-01 -7.9401E-02
  3.6504E+02  5.1100E-01 -7.9526E-02
  3.6572E+02  5.1127E-01 -7.9650E-02
  3.6639E+02  5.1153E-01 -7.9774E-02
  3.6707E+02  5.1177E-01 -7.9898E-02
  3.6774E+02  5.1200E-01 -8.0022E-02
  3.6842E+02  5.1220E-01 -8.0145E-02
  3.6910E+02  5.1237E-01 -8.0269E-02
  3.6977E+02  5.1252E-01 -8.0392E-02
  3.7045E+02  5.1264E-01 -8.0516E-02
  3.7112E+02  5.1274E-01 -8.0639E-02
  3.7180E+02  5.1281E-01 -8.0762E-02
  3.7248E+02  5.1285E-01 -8.0885E-02
  3.7315E+02  5.1286E-01 -8.1008E-02
  3.7383E+02  5.1283E-01 -8.1131E-02
  3.7450E+02  5.1278E-01 -8.1254E-02
  3.7518E+02  5.1269E-01 -8.1377E-02
  3.7586E+02  5.1256E-01 -8.1500E-02
  3.7653E+02  5.1240E-01 -8.1623E-02
  3.7721E+02  5.1220E-01 -8.1745E-02
  3.7788E+02  5.1197E-01 -8.1868E-02
  3.7856E+02  5.1171E-01 -8.1990E-02
  3.7924E+02  5.1143E-01 -8.2113E-02
  3.7991E+02  5.1112E-01 -8.2235E-02
  3.8059E+02  5.1080E-01 -8.2358E-02
  3.8126E+02  5.1047E-01 -8.2480E-02
  3.8194E+02  5.1012E-01 -8.2602E-02
  3.8262E+02  5.0978E-01 -8.2723E-02
  3.8329E+02  5.0943E-01 -8.2845E-02
  3.8397E+02  5.0908E-01 -8.2966E-02
  3.8464E+02  5.0874E-01 -8.3086E-02
  3.8532E+02  5.0840E-01 -8.3207E-02
  3.8600E+02  5.0806E-01 -8.3327E-02
  3.8667E+02  5.0774E-01 -8.3447E-02
  3.8735E+02  5.0742E-01 -8.3567E-02
  3.8802E+02  5.0712E-01 -8.3687E-02
  3.8870E+02  5.0682E-01 -8.3807E-02
  3.8938E+02  5.0653E-01 -8.3927E-02
  3.9005E+02  5.0626E-01 -8.4046E-02
  3.9073E+02  5.0600E-01 -8.4166E-02
  3.9140E+02  5.0576E-01 -8.4285E-02
  3.9208E+02  5.0554E-01 -8.4405E-02
  3.9276E+02  5.0534E-01 -8.4524E-02
  3.9343E+02  5.0516E-01 -8.4644E-02
  3.9411E+02  5.0501E-01 -8.4764E-02
  3.9478E+02  5.0489E-01 -8.4885E-02
  3.9546E+02  5.0479E-01 -8.5005E-02
  3.9614E+02  5.0472E-01 -8.5125E-02
  3.9681E+02  5.0467E-01 -8.5246E-02
  3.9749E+02  5.0464E-01 -8.5367E-02
  3.9816E+02  5.0463E-01 -8.5488E-02
  3.9884E+02  5.0464E-01 -8.5610E-02
  3.9952E+02  5.0466E-01 -8.5731E-02
  4.0019E+02  5.0469E-01 -8.5853E-02
  4.0087E+02  5.0474E-01 -8.5974E-02
  4.0154E+02  5.0480E-01 -8.6096E-02
  4.0222E+02  5.0486E-01 -8.6218E-02
  4.0290E+02  5.0493E-01 -8.6340E-02
  4.0357E+02  5.0499E-01 -8.6461E-02
  4.0425E+02  5.0506E-01 -8.6582E-02
  4.0492E+02  5.0512E-01 -8.6704E-02
  4.0560E+02  5.0518E-01 -8.6825E-02
  4.0628E+02  5.0523E-01 -8.6946E-02
  4.0695E+02  5.0527E-01 -8.7066E-02
  4.0763E+02  5.0530E-01 -8.7187E-02
  4.0830E+02  5.0532E-01 -8.7307E-02
  4.0898E+02  5.0532E-01 -8.7427E-02
  4.0966E+02  5.0531E-01 -8.7547E-02
  4.1033E+02  5.0529E-01 -8.7667E-02
  4.1101E+02  5.0525E-01 -8.7787E-02
  4.1168E+02  5.0520E-01 -8.7907E-02
  4.1236E+02  5.0513E-01 -8.8026E-02
  4.1304E+02  5.0504E-01 -8.8146E-02
  4.1371E+02  5.0494E-01 -8.8266E-02
  4.1439E+02  5.0481E-01 -8.8385E-02
  4.1506E+02  5.0466E-01 -8.8505E-02
  4.1574E+02  5.0450E-01 -8.8624E-02
  4.1642E+02  5.0431E-01 -8.8744E-02
  4.1709E+02  5.0410E-01 -8.8863E-02
  4.1777E+02  5.0386E-01 -8.8983E-02
  4.1844E+02  5.0362E-01 -8.9102E-02
  4.1912E+02  5.0335E-01 -8.9222E-02
  4.1980E+02  5.0308E-01 -8.9341E-02
  4.2047E+02  5.0280E-01 -8.9460E-02
  4.2115E+02  5.0252E-01 -8.9580E-02
  4.2182E+02  5.0224E-01 -8.9699E-02
  4.2250E+02  5.0198E-01 -8.9818E-02
  4.2318E+02  5.0172E-01 -8.9937E-02
  4.2385E+02  5.0147E-01 -9.0055E-02
  4.2453E+02  5.0124E-01 -9.0173E-02
  4.2520E+02  5.0103E-01 -9.0291E-02
  4.2588E+02  5.0083E-01 -9.0409E-02
  4.2656E+02  5.0065E-01 -9.0527E-02
  4.2723E+02  5.0049E-01 -9.0645E-02
  4.2791E+02  5.0034E-01 -9.0762E-02
  4.2858E+02  5.0021E-01 -9.0879E-02
  4.2926E+02  5.0010E-01 -9.0996E-02
  4.2994E+02  5.0000E-01 -9.1113E-02
  4.3061E+02  4.9992E-01 -9.1230E-02
  4.3129E+02  4.9985E-01 -9.1347E-02
  4.3196E+02  4.9980E-01 -9.1464E-02
  4.3264E+02  4.9976E-01 -9.1582E-02
  4.3332E+02  4.9973E-01 -9.1699E-02
  4.3399E+02  4.9970E-01 -9.1816E-02
  4.3467E+02  4.9969E-01 -9.1934E-02
  4.3534E+02  4.9968E-01 -9.2051E-02
  4.3602E+02  4.9968E-01 -9.2169E-02
  4.3670E+02  4.9968E-01 -9.2287E-02
  4.3737E+02  4.9969E-01 -9.2405E-02
  4.3805E+02  4.9969E-01 -9.2524E-02
  4.3872E+02  4.9970E-01 -9.2642E-02
  4.3940E+02  4.9971E-01 -9.2761E-02
  4.4008E+02  4.9972E-01 -9.2880E-02
  4.4075E+02  4.9972E-01 -9.2998E-02
  4.4143E+02  4.9971E-01 -9.3117E-02
  4.4210E+02  4.9970E-01 -9.3236E-02
  4.4278E+02  4.9967E-01 -9.3355E-02
  4.4346E+02  4.9962E-01 -9.3473E-02
  4.4413E+02  4.9956E-01 -9.3591E-02
  4.4481E+02  4.9948E-01 -9.3709E-02
  4.4548E+02  4.9939E-01 -9.3827E-02
  4.4616E+02  4.9928E-01 -9.3945E-02
  4.4684E+02  4.9916E-01 -9.4062E-02
  4.4751E+02  4.9903E-01 -9.4180E-02
  4.4819E+02  4.9889E-01 -9.4297E-02
  4.4886E+02  4.9874E-01 -9.4414E-02
  4.4954E+02  4.9857E-01 -9.4530E-02
  4.5022E+02  4.9840E-01 -9.4647E-02
  4.5089E+02  4.9822E-01 -9.4763E-02
  4.5157E+02  4.9804E-01 -9.4879E-02
  4.5224E+02  4.9784E-01 -9.4995E-02
  4.5292E+02  4.9764E-01 -9.5111E-02
  4.5360E+02  4.9744E-01 -9.5227E-02
  4.5427E+02  4.9723E-01 -9.5343E-02
  4.5495E+02  4.9703E-01 -9.5459E-02
  4.5562E+02  4.9682E-01 -9.5574E-02
  4.5630E+02  4.9661E-01 -9.5690E-02
  4.5698E+02  4.9641E-01 -9.5806E-02
  4.5765E+02  4.9622E-01 -9.5922E-02
  4.5833E+02  4.9603E-01 -9.6038E-02
  4.5900E+02  4.9584E-01 -9.6155E-02
  4.5968E+02  4.9566E-01 -9.6271E-02
  4.6036E+02  4.9550E-01 -9.6387E-02
  4.6103E+02  4.9533E-01 -9.6503E-02
  4.6171E+02  4.9518E-01 -9.6620E-02
  4.6238E+02  4.9504E-01 -9.6736E-02
  4.6306E+02  4.9490E-01 -9.6852E-02
  4.6374E+02  4.9477E-01 -9.6969E-02
  4.6441E+02  4.9464E-01 -9.7085E-02
  4.6509E+02  4.9452E-01 -9.7201E-02
  4.6576E+02  4.9440E-01 -9.7316E-02
  4.6644E+02  4.9429E-01 -9.7432E-02
  4.6712E+02  4.9418E-01 -9.7548E-02
  4.6779E+02  4.9408E-01 -9.7663E-02
  4.6847E+02  4.9399E-01 -9.7779E-02
  4.6914E+02  4.9391E-01 -9.7894E-02
  4.6982E+02  4.9385E-01 -9.8009E-02
  4.7050E+02  4.9380E-01 -9.8124E-02
  4.7117E+02  4.9376E-01 -9.8239E-02
  4.7185E+02  4.9373E-01 -9.8354E-02
  4.7252E+02  4.9371E-01 -9.8470E-02
  4.7320E+02  4.9370E-01 -9.8585E-02
  4.7388E+02  4.9369E-01 -9.8700E-02
  4.7455E+02  4.9369E-01 -9.8815E-02
  4.7523E+02  4.9368E-01 -9.8931E-02
  4.7590E+02  4.9367E-01 -9.9046E-02
  4.7658E+02  4.9365E-01 -9.9161E-02
  4.7726E+02  4.9363E-01 -9.9277E-02
  4.7793E+02  4.9360E-01 -9.9392E-02
  4.7861E+02  4.9357E-01 -9.9508E-02
  4.7928E+02  4.9352E-01 -9.9624E-02
  4.7996E+02  4.9347E-01 -9.9740E-02
  4.8064E+02  4.9341E-01 -9.9855E-02
  4.8131E+02  4.9334E-01 -9.9971E-02
  4.8199E+02  4.9326E-01 -1.0009E-01
  4.8266E+02  4.9316E-01 -1.0020E-01
  4.8334E+02  4.9306E-01 -1.0032E-01
  4.8402E+02  4.9294E-01 -1.0043E-01
  4.8469E+02  4.9282E-01 -1.0055E-01
  4.8537E+02  4.9269E-01 -1.0066E-01
  4.8604E+02  4.9256E-01 -1.0078E-01
  4.8672E+02  4.9243E-01 -1.0089E-01
  4.8740E+02  4.9229E-01 -1.0101E-01
  4.8807E+02  4.9216E-01 -1.0112E-01
  4.8875E+02  4.9203E-01 -1.0124E-01
  4.8942E+02  4.9189E-01 -1.0135E-01
  4.9010E+02  4.9176E-01 -1.0146E-01
  4.9078E+02  4.9164E-01 -1.0158E-01
  4.9145E+02  4.9151E-01 -1.0169E-01
  4.9213E+02  4.9139E-01 -1.0180E-01
  4.9280E+02  4.9128E-01 -1.0192E-01
  4.9348E+02  4.9117E-01 -1.0203E-01
  4.9416E+02  4.9107E-01 -1.0214E-01
  4.9483E+02  4.9098E-01 -1.0225E-01
  4.9551E+02  4.9091E-01 -1.0237E-01
  4.9618E+02  4.9084E-01 -1.0248E-01
  4.9686E+02  4.9079E-01 -1.0259E-01
  4.9754E+02  4.9076E-01 -1.0271E-01
  4.9821E+02  4.9073E-01 -1.0282E-01
  4.9889E+02  4.9072E-01 -1.0294E-01
  4.9956E+02  4.9071E-01 -1.0305E-01
  5.0024E+02  4.9071E-01 -1.0316E-01
  5.0092E+02  4.9072E-01 -1.0328E-01
  5.0159E+02  4.9072E-01 -1.0339E-01
  5.0227E+02  4.9073E-01 -1.0350E-01
  5.0294E+02  4.9073E-01 -1.0362E-01
  5.0362E+02  4.9073E-01 -1.0373E-01
  5.0430E+02  4.9071E-01 -1.0385E-01
  5.0497E+02  4.9069E-01 -1.0396E-01
  5.0565E+02  4.9065E-01 -1.0407E-01
  5.0632E+02  4.9059E-01 -1.0419E-01
  5.0700E+02  4.9053E-01 -1.0430E-01
  5.0768E+02  4.9044E-01 -1.0441E-01
  5.0835E+02  4.9034E-01 -1.0453E-01
  5.0903E+02  4.9023E-01 -1.0464E-01
  5.0970E+02  4.9011E-01 -1.0475E-01
  5.1038E+02  4.8998E-01 -1.0486E-01
  5.1106E+02  4.8984E-01 -1.0498E-01
  5.1173E+02  4.8970E-01 -1.0509E-01
  5.1241E+02  4.8956E-01 -1.0520E-01
  5.1308E+02  4.8941E-01 -1.0531E-01
  5.1376E+02  4.8927E-01 -1.0543E-01
  5.1444E+02  4.8912E-01 -1.0554E-01
  5.1511E+02  4.8898E-01 -1.0565E-01
  5.1579E+02  4.8884E-01 -1.0576E-01
  5.1646E+02  4.8871E-01 -1.0588E-01
  5.1714E+02  4.8858E-01 -1.0599E-01
  5.1782E+02  4.8846E-01 -1.0610E-01
  5.1849E+02  4.8835E-01 -1.0621E-01
  5.1917E+02  4.8824E-01 -1.0632E-01
  5.1984E+02  4.8815E-01 -1.0644E-01
  5.2052E+02  4.8808E-01 -1.0655E-01
  5.2120E+02  4.8802E-01 -1.0666E-01
  5.2187E+02  4.8797E-01 -1.0677E-01
  5.2255E+02  4.8794E-01 -1.0689E-01
  5.2322E+02  4.8793E-01 -1.0700E-01
  5.2390E+02  4.8793E-01 -1.0711E-01
  5.2458E+02  4.8794E-01 -1.0722E-01
  5.2525E+02  4.8795E-01 -1.0733E-01
  5.2593E+02  4.8797E-01 -1.0745E-01
  5.2660E+02  4.8799E-01 -1.0756E-01
  5.2728E+02  4.8801E-01 -1.0767E-01
  5.2796E+02  4.8802E-01 -1.0778E-01
  5.2863E+02  4.8802E-01 -1.0790E-01
  5.2931E+02  4.8801E-01 -1.0801E-01
  5.2998E+02  4.8800E-01 -1.0812E-01
  5.3066E+02  4.8797E-01 -1.0823E-01
  5.3134E+02  4.8793E-01 -1.0834E-01
  5.3201E+02  4.8788E-01 -1.0846E-01
  5.3269E+02  4.8782E-01 -1.0857E-01
  5.3336E+02  4.8775E-01 -1.0868E-01
  5.3404E+02  4.8766E-01 -1.0879E-01
  5.3472E+02  4.8756E-01 -1.0890E-01
  5.3539E+02  4.8744E-01 -1.0901E-01
  5.3607E+02  4.8731E-01 -1.0913E-01
  5.3674E+02  4.8717E-01 -1.0924E-01
  5.3742E+02  4.8702E-01 -1.0935E-01
  5.3810E+02  4.8685E-01 -1.0946E-01
  5.3877E+02  4.8669E-01 -1.0957E-01
  5.3945E+02  4.8652E-01 -1.0969E-01
  5.4012E+02  4.8636E-01 -1.0980E-01
  5.4080E+02  4.8619E-01 -1.0991E-01
  5.4148E+02  4.8604E-01 -1.1002E-01
  5.4215E+02  4.8589E-01 -1.1013E-01
  5.4283E+02  4.8575E-01 -1.1024E-01
  5.4350E+02  4.8562E-01 -1.1035E-01
  5.4418E+02  4.8550E-01 -1.1046E-01
  5.4486E+02  4.8539E-01 -1.1058E-01
  5.4553E+02  4.8530E-01 -1.1069E-01
  5.4621E+02  4.8523E-01 -1.1080E-01
  5.4688E+02  4.8517E-01 -1.1091E-01
  5.4756E+02  4.8513E-01 -1.1102E-01
  5.4824E+02  4.8510E-01 -1.1113E-01
  5.4891E+02  4.8509E-01 -1.1124E-01
  5.4959E+02  4.8510E-01 -1.1135E-01
  5.5026E+02  4.8511E-01 -1.1146E-01
  5.5094E+02  4.8514E-01 -1.1157E-01
  5.5162E+02  4.8516E-01 -1.1168E-01
  5.5229E+02  4.8519E-01 -1.1179E-01
  5.5297E+02  4.8522E-01 -1.1190E-01
  5.5364E+02  4.8524E-01 -1.1201E-01
  5.5432E+02  4.8525E-01 -1.1212E-01
  5.5500E+02  4.8525E-01 -1.1223E-01
  5.5567E+02  4.8525E-01 -1.1234E-01
  5.5635E+02  4.8522E-01 -1.1245E-01
  5.5702E+02  4.8519E-01 -1.1256E-01
  5.5770E+02  4.8513E-01 -1.1267E-01
  5.5838E+02  4.8506E-01 -1.1278E-01
  5.5905E+02  4.8497E-01 -1.1289E-01
  5.5973E+02  4.8487E-01 -1.1300E-01
  5.6040E+02  4.8475E-01 -1.1311E-01
  5.6108E+02  4.8461E-01 -1.1323E-01
  5.6176E+02  4.8446E-01 -1.1334E-01
  5.6243E+02  4.8430E-01 -1.1345E-01
  5.6311E+02  4.8412E-01 -1.1356E-01
  5.6378E+02  4.8395E-01 -1.1367E-01
  5.6446E+02  4.8377E-01 -1.1378E-01
  5.6514E+02  4.8358E-01 -1.1389E-01
  5.6581E+02  4.8340E-01 -1.1400E-01
  5.6649E+02  4.8322E-01 -1.1411E-01
  5.6716E+02  4.8305E-01 -1.1422E-01
  5.6784E+02  4.8288E-01 -1.1433E-01
  5.6852E+02  4.8272E-01 -1.1443E-01
  5.6919E+02  4.8257E-01 -1.1454E-01
  5.6987E+02  4.8243E-01 -1.1465E-01
  5.7054E+02  4.8230E-01 -1.1476E-01
  5.7122E+02  4.8218E-01 -1.1487E-01
  5.7190E+02  4.8207E-01 -1.1498E-01
  5.7257E+02  4.8198E-01 -1.1509E-01
  5.7325E+02  4.8190E-01 -1.1519E-01
  5.7392E+02  4.8183E-01 -1.1530E-01
  5.7460E+02  4.8177E-01 -1.1541E-01
  5.7528E+02  4.8173E-01 -1.1552E-01
  5.7595E+02  4.8170E-01 -1.1563E-01
  5.7663E+02  4.8168E-01 -1.1573E-01
  5.7730E+02  4.8168E-01 -1.1584E-01
  5.7798E+02  4.8169E-01 -1.1595E-01
  5.7866E+02  4.8170E-01 -1.1606E-01
  5.7933E+02  4.8172E-01 -1.1617E-01
  5.8001E+02  4.8174E-01 -1.1628E-01
  5.8068E+02  4.8177E-01 -1.1639E-01
  5.8136E+02  4.8178E-01 -1.1650E-01
  5.8204E+02  4.8178E-01 -1.1661E-01
  5.8271E+02  4.8177E-01 -1.1672E-01
  5.8339E+02  4.8174E-01 -1.1683E-01
  5.8406E+02  4.8169E-01 -1.1694E-01
  5.8474E+02  4.8161E-01 -1.1704E-01
  5.8542E+02  4.8152E-01 -1.1715E-01
  5.8609E+02  4.8140E-01 -1.1726E-01
  5.8677E+02  4.8126E-01 -1.1737E-01
  5.8744E+02  4.8110E-01 -1.1748E-01
  5.8812E+02  4.8093E-01 -1.1759E-01
  5.8880E+02  4.8074E-01 -1.1770E-01
  5.8947E+02  4.8054E-01 -1.1781E-01
  5.9015E+02  4.8033E-01 -1.1792E-01
  5.9082E+02  4.8012E-01 -1.1802E-01
  5.9150E+02  4.7990E-01 -1.1813E-01
  5.9218E+02  4.7968E-01 -1.1824E-01
  5.9285E+02  4.7946E-01 -1.1835E-01
  5.9353E+02  4.7924E-01 -1.1845E-01
  5.9420E+02  4.7903E-01 -1.1856E-01
  5.9488E+02  4.7882E-01 -1.1867E-01
  5.9556E+02  4.7862E-01 -1.1878E-01
  5.9623E+02  4.7844E-01 -1.1888E-01
  5.9691E+02  4.7827E-01 -1.1899E-01
  5.9758E+02  4.7812E-01 -1.1910E-01
  5.9826E+02  4.7799E-01 -1.1920E-01
  5.9894E+02  4.7788E-01 -1.1931E-01
  5.9961E+02  4.7780E-01 -1.1942E-01
  6.0029E+02  4.7773E-01 -1.1953E-01
  6.0096E+02  4.7768E-01 -1.1963E-01
  6.0164E+02  4.7765E-01 -1.1974E-01
  6.0232E+02  4.7764E-01 -1.1985E-01
  6.0299E+02  4.7763E-01 -1.1995E-01
  6.0367E+02  4.7763E-01 -1.2006E-01
  6.0434E+02  4.7764E-01 -1.2017E-01
  6.0502E+02  4.7765E-01 -1.2028E-01
  6.0570E+02  4.7765E-01 -1.2038E-01
  6.0637E+02  4.7765E-01 -1.2049E-01
  6.0705E+02  4.7764E-01 -1.2060E-01
  6.0772E+02  4.7762E-01 -1.2070E-01
  6.0840E+02  4.7760E-01 -1.2081E-01
  6.0908E+02  4.7756E-01 -1.2092E-01
  6.0975E+02  4.7751E-01 -1.2103E-01
  6.1043E+02  4.7744E-01 -1.2113E-01
  6.1110E+02  4.7736E-01 -1.2124E-01
  6.1178E+02  4.7726E-01 -1.2135E-01
  6.1246E+02  4.7714E-01 -1.2145E-01
  6.1313E+02  4.7700E-01 -1.2156E-01
  6.1381E+02  4.7684E-01 -1.2167E-01
  6.1448E+02  4.7666E-01 -1.2177E-01
  6.1516E+02  4.7646E-01 -1.2188E-01
  6.1584E+02  4.7623E-01 -1.2199E-01
  6.1651E+02  4.7599E-01 -1.2209E-01
  6.1719E+02  4.7573E-01 -1.2220E-01
  6.1786E+02  4.7545E-01 -1.2231E-01
  6.1854E+02  4.7516E-01 -1.2241E-01
  6.1922E+02  4.7486E-01 -1.2252E-01
  6.1989E+02  4.7456E-01 -1.2262E-01
  6.2057E+02  4.7425E-01 -1.2273E-01
  6.2124E+02  4.7396E-01 -1.2283E-01
  6.2192E+02  4.7368E-01 -1.2294E-01
  6.2260E+02  4.7341E-01 -1.2305E-01
  6.2327E+02  4.7316E-01 -1.2315E-01
  6.2395E+02  4.7293E-01 -1.2326E-01
  6.2462E+02  4.7272E-01 -1.2336E-01
  6.2530E+02  4.7254E-01 -1.2347E-01
  6.2598E+02  4.7238E-01 -1.2357E-01
  6.2665E+02  4.7226E-01 -1.2367E-01
  6.2733E+02  4.7215E-01 -1.2378E-01
  6.2800E+02  4.7208E-01 -1.2388E-01
  6.2868E+02  4.7203E-01 -1.2399E-01
  6.2936E+02  4.7201E-01 -1.2409E-01
  6.3003E+02  4.7201E-01 -1.2420E-01
  6.3071E+02  4.7203E-01 -1.2430E-01
  6.3138E+02  4.7208E-01 -1.2441E-01
  6.3206E+02  4.7214E-01 -1.2451E-01
  6.3274E+02  4.7221E-01 -1.2462E-01
  6.3341E+02  4.7230E-01 -1.2472E-01
  6.3409E+02  4.7239E-01 -1.2482E-01
  6.3476E+02  4.7248E-01 -1.2493E-01
  6.3544E+02  4.7258E-01 -1.2503E-01
  6.3612E+02  4.7267E-01 -1.2514E-01
  6.3679E+02  4.7275E-01 -1.2525E-01
  6.3747E+02  4.7282E-01 -1.2535E-01
  6.3814E+02  4.7287E-01 -1.2546E-01
  6.3882E+02  4.7290E-01 -1.2556E-01
  6.3950E+02  4.7291E-01 -1.2567E-01
  6.4017E+02  4.7289E-01 -1.2577E-01
  6.4085E+02  4.7284E-01 -1.2588E-01
  6.4152E+02  4.7275E-01 -1.2598E-01
  6.4220E+02  4.7263E-01 -1.2609E-01
  6.4288E+02  4.7247E-01 -1.2620E-01
  6.4355E+02  4.7228E-01 -1.2630E-01
  6.4423E+02  4.7205E-01 -1.2641E-01
  6.4490E+02  4.7178E-01 -1.2651E-01
  6.4558E+02  4.7148E-01 -1.2662E-01
  6.4626E+02  4.7115E-01 -1.2672E-01
  6.4693E+02  4.7080E-01 -1.2683E-01
  6.4761E+02  4.7043E-01 -1.2693E-01
  6.4828E+02  4.7005E-01 -1.2703E-01
  6.4896E+02  4.6965E-01 -1.2714E-01
  6.4964E+02  4.6926E-01 -1.2724E-01
  6.5031E+02  4.6886E-01 -1.2734E-01
  6.5099E+02  4.6847E-01 -1.2745E-01
  6.5166E+02  4.6809E-01 -1.2755E-01
  6.5234E+02  4.6772E-01 -1.2765E-01
  6.5302E+02  4.6736E-01 -1.2775E-01
  6.5369E+02  4.6703E-01 -1.2785E-01
  6.5437E+02  4.6672E-01 -1.2796E-01
  6.5504E+02  4.6644E-01 -1.2806E-01
  6.5572E+02  4.6619E-01 -1.2816E-01
  6.5640E+02  4.6598E-01 -1.2826E-01
  6.5707E+02  4.6581E-01 -1.2836E-01
  6.5775E+02  4.6568E-01 -1.2847E-01
  6.5842E+02  4.6559E-01 -1.2857E-01
  6.5910E+02  4.6555E-01 -1.2867E-01
  6.5978E+02  4.6555E-01 -1.2877E-01
  6.6045E+02  4.6561E-01 -1.2887E-01
  6.6113E+02  4.6570E-01 -1.2898E-01
  6.6180E+02  4.6584E-01 -1.2908E-01
  6.6248E+02  4.6601E-01 -1.2918E-01
  6.6316E+02  4.6622E-01 -1.2928E-01
  6.6383E+02  4.6645E-01 -1.2939E-01
  6.6451E+02  4.6670E-01 -1.2949E-01
  6.6518E+02  4.6697E-01 -1.2960E-01
  6.6586E+02  4.6724E-01 -1.2970E-01
  6.6654E+02  4.6751E-01 -1.2980E-01
  6.6721E+02  4.6777E-01 -1.2991E-01
  6.6789E+02  4.6802E-01 -1.3001E-01
  6.6856E+02  4.6826E-01 -1.3011E-01
  6.6924E+02  4.6847E-01 -1.3022E-01
  6.6992E+02  4.6865E-01 -1.3032E-01
  6.7059E+02  4.6881E-01 -1.3043E-01
  6.7127E+02  4.6892E-01 -1.3053E-01
  6.7194E+02  4.6900E-01 -1.3064E-01
  6.7262E+02  4.6904E-01 -1.3074E-01
  6.7330E+02  4.6903E-01 -1.3084E-01
  6.7397E+02  4.6897E-01 -1.3095E-01
  6.7465E+02  4.6887E-01 -1.3105E-01
  6.7532E+02  4.6873E-01 -1.3115E-01
  6.7600E+02  4.6854E-01 -1.3126E-01
  6.7668E+02  4.6830E-01 -1.3136E-01
  6.7735E+02  4.6803E-01 -1.3146E-01
  6.7803E+02  4.6771E-01 -1.3157E-01
  6.7870E+02  4.6736E-01 -1.3167E-01
  6.7938E+02  4.6697E-01 -1.3177E-01
  6.8006E+02  4.6655E-01 -1.3187E-01
  6.8073E+02  4.6610E-01 -1.3198E-01
  6.8141E+02  4.6563E-01 -1.3208E-01
  6.8208E+02  4.6515E-01 -1.3218E-01
  6.8276E+02  4.6465E-01 -1.3228E-01
  6.8344E+02  4.6416E-01 -1.3238E-01
  6.8411E+02  4.6366E-01 -1.3248E-01
  6.8479E+02  4.6318E-01 -1.3258E-01
  6.8546E+02  4.6272E-01 -1.3268E-01
  6.8614E+02  4.6228E-01 -1.3278E-01
  6.8682E+02  4.6187E-01 -1.3288E-01
  6.8749E+02  4.6149E-01 -1.3298E-01
  6.8817E+02  4.6116E-01 -1.3308E-01
  6.8884E+02  4.6086E-01 -1.3318E-01
  6.8952E+02  4.6060E-01 -1.3328E-01
  6.9020E+02  4.6040E-01 -1.3338E-01
  6.9087E+02  4.6023E-01 -1.3348E-01
  6.9155E+02  4.6012E-01 -1.3358E-01
  6.9222E+02  4.6005E-01 -1.3367E-01
  6.9290E+02  4.6003E-01 -1.3377E-01
  6.9358E+02  4.6005E-01 -1.3387E-01
  6.9425E+02  4.6012E-01 -1.3397E-01
  6.9493E+02  4.6023E-01 -1.3407E-01
  6.9560E+02  4.6038E-01 -1.3417E-01
  6.9628E+02  4.6057E-01 -1.3427E-01
  6.9696E+02  4.6079E-01 -1.3437E-01
  6.9763E+02  4.6103E-01 -1.3447E-01
  6.9831E+02  4.6130E-01 -1.3458E-01
  6.9898E+02  4.6159E-01 -1.3468E-01
  6.9966E+02  4.6188E-01 -1.3478E-01
  7.0034E+02  4.6219E-01 -1.3488E-01
  7.0101E+02  4.6250E-01 -1.3498E-01
  7.0169E+02  4.6280E-01 -1.3508E-01
  7.0236E+02  4.6310E-01 -1.3519E-01
  7.0304E+02  4.6339E-01 -1.3529E-01
  7.0372E+02  4.6367E-01 -1.3539E-01
  7.0439E+02  4.6393E-01 -1.3549E-01
  7.0507E+02  4.6417E-01 -1.3559E-01
  7.0574E+02  4.6438E-01 -1.3570E-01
  7.0642E+02  4.6456E-01 -1.3580E-01
  7.0710E+02  4.6471E-01 -1.3590E-01
  7.0777E+02  4.6482E-01 -1.3600E-01
  7.0845E+02  4.6488E-01 -1.3611E-01
  7.0912E+02  4.6490E-01 -1.3621E-01
  7.0980E+02  4.6486E-01 -1.3631E-01
  7.1048E+02  4.6478E-01 -1.3641E-01
  7.1115E+02  4.6464E-01 -1.3651E-01
  7.1183E+02  4.6445E-01 -1.3661E-01
  7.1250E+02  4.6421E-01 -1.3671E-01
  7.1318E+02  4.6392E-01 -1.3681E-01
  7.1386E+02  4.6359E-01 -1.3691E-01
  7.1453E+02  4.6323E-01 -1.3701E-01
  7.1521E+02  4.6282E-01 -1.3711E-01
  7.1588E+02  4.6239E-01 -1.3721E-01
  7.1656E+02  4.6194E-01 -1.3731E-01
  7.1724E+02  4.6146E-01 -1.3741E-01
  7.1791E+02  4.6098E-01 -1.3751E-01
  7.1859E+02  4.6048E-01 -1.3761E-01
  7.1926E+02  4.5998E-01 -1.3770E-01
  7.1994E+02  4.5948E-01 -1.3780E-01
  7.2062E+02  4.5899E-01 -1.3790E-01
  7.2129E+02  4.5851E-01 -1.3800E-01
  7.2197E+02  4.5805E-01 -1.3810E-01
  7.2264E+02  4.5760E-01 -1.3819E-01
  7.2332E+02  4.5718E-01 -1.3829E-01
  7.2400E+02  4.5678E-01 -1.3839E-01
  7.2467E+02  4.5641E-01 -1.3849E-01
  7.2535E+02  4.5608E-01 -1.3858E-01
  7.2602E+02  4.5578E-01 -1.3868E-01
  7.2670E+02  4.5552E-01 -1.3878E-01
  7.2738E+02  4.5531E-01 -1.3887E-01
  7.2805E+02  4.5514E-01 -1.3897E-01
  7.2873E+02  4.5502E-01 -1.3907E-01
  7.2940E+02  4.5494E-01 -1.3917E-01
  7.3008E+02  4.5492E-01 -1.3927E-01
  7.3076E+02  4.5493E-01 -1.3936E-01
  7.3143E+02  4.5499E-01 -1.3946E-01
  7.3211E+02  4.5509E-01 -1.3956E-01
  7.3278E+02  4.5523E-01 -1.3966E-01
  7.3346E+02  4.5539E-01 -1.3976E-01
  7.3414E+02  4.5558E-01 -1.3985E-01
  7.3481E+02  4.5579E-01 -1.3995E-01
  7.3549E+02  4.5602E-01 -1.4005E-01
  7.3616E+02  4.5626E-01 -1.4015E-01
  7.3684E+02  4.5651E-01 -1.4025E-01
  7.3752E+02  4.5676E-01 -1.4035E-01
  7.3819E+02  4.5702E-01 -1.4045E-01
  7.3887E+02  4.5727E-01 -1.4055E-01
  7.3954E+02  4.5752E-01 -1.4064E-01
  7.4022E+02  4.5776E-01 -1.4074E-01
  7.4090E+02  4.5798E-01 -1.4084E-01
  7.4157E+02  4.5818E-01 -1.4094E-01
  7.4225E+02  4.5836E-01 -1.4104E-01
  7.4292E+02  4.5851E-01 -1.4114E-01
  7.4360E+02  4.5863E-01 -1.4124E-01
  7.4428E+02  4.5871E-01 -1.4134E-01
  7.4495E+02  4.5876E-01 -1.4144E-01
  7.4563E+02  4.5878E-01 -1.4154E-01
  7.4630E+02  4.5876E-01 -1.4164E-01
  7.4698E+02  4.5871E-01 -1.4173E-01
  7.4766E+02  4.5863E-01 -1.4183E-01
  7.4833E+02  4.5853E-01 -1.4193E-01
  7.4901E+02  4.5840E-01 -1.4203E-01
  7.4968E+02  4.5824E-01 -1.4213E-01
  7.5036E+02  4.5807E-01 -1.4222E-01
  7.5104E+02  4.5787E-01 -1.4232E-01
  7.5171E+02  4.5766E-01 -1.4242E-01
  7.5239E+02  4.5744E-01 -1.4252E-01
  7.5306E+02  4.5720E-01 -1.4261E-01
  7.5374E+02  4.5694E-01 -1.4271E-01
  7.5442E+02  4.5668E-01 -1.4281E-01
  7.5509E+02  4.5641E-01 -1.4290E-01
  7.5577E+02  4.5613E-01 -1.4300E-01
  7.5644E+02  4.5584E-01 -1.4309E-01
  7.5712E+02  4.5555E-01 -1.4319E-01
  7.5780E+02  4.5526E-01 -1.4329E-01
  7.5847E+02  4.5496E-01 -1.4338E-01
  7.5915E+02  4.5466E-01 -1.4348E-01
  7.5982E+02  4.5436E-01 -1.4358E-01
  7.6050E+02  4.5407E-01 -1.4367E-01
  7.6118E+02  4.5378E-01 -1.4377E-01
  7.6185E+02  4.5350E-01 -1.4386E-01
  7.6253E+02  4.5323E-01 -1.4396E-01
  7.6320E+02  4.5297E-01 -1.4406E-01
  7.6388E+02  4.5272E-01 -1.4415E-01
  7.6456E+02  4.5249E-01 -1.4425E-01
  7.6523E+02  4.5227E-01 -1.4435E-01
  7.6591E+02  4.5207E-01 -1.4444E-01
  7.6658E+02  4.5188E-01 -1.4454E-01
  7.6726E+02  4.5171E-01 -1.4463E-01
  7.6794E+02  4.5155E-01 -1.4473E-01
  7.6861E+02  4.5141E-01 -1.4483E-01
  7.6929E+02  4.5128E-01 -1.4492E-01
  7.6996E+02  4.5118E-01 -1.4502E-01
  7.7064E+02  4.5109E-01 -1.4512E-01
  7.7132E+02  4.5102E-01 -1.4521E-01
  7.7199E+02  4.5097E-01 -1.4531E-01
  7.7267E+02  4.5094E-01 -1.4540E-01
  7.7334E+02  4.5092E-01 -1.4550E-01
  7.7402E+02  4.5093E-01 -1.4560E-01
  7.7470E+02  4.5095E-01 -1.4569E-01
  7.7537E+02  4.5099E-01 -1.4579E-01
  7.7605E+02  4.5105E-01 -1.4588E-01
  7.7672E+02  4.5113E-01 -1.4598E-01
  7.7740E+02  4.5121E-01 -1.4607E-01
  7.7808E+02  4.5131E-01 -1.4617E-01
  7.7875E+02  4.5142E-01 -1.4627E-01
  7.7943E+02  4.5154E-01 -1.4636E-01
  7.8010E+02  4.5166E-01 -1.4646E-01
  7.8078E+02  4.5178E-01 -1.4655E-01
  7.8146E+02  4.5190E-01 -1.4665E-01
  7.8213E+02  4.5202E-01 -1.4674E-01
  7.8281E+02  4.5212E-01 -1.4684E-01
  7.8348E+02  4.5221E-01 -1.4694E-01
  7.8416E+02  4.5229E-01 -1.4703E-01
  7.8484E+02  4.5235E-01 -1.4713E-01
  7.8551E+02  4.5239E-01 -1.4722E-01
  7.8619E+02  4.5242E-01 -1.4732E-01
  7.8686E+02  4.5243E-01 -1.4741E-01
  7.8754E+02  4.5242E-01 -1.4751E-01
  7.8822E+02  4.5239E-01 -1.4760E-01
  7.8889E+02  4.5233E-01 -1.4770E-01
  7.8957E+02  4.5226E-01 -1.4779E-01
  7.9024E+02  4.5217E-01 -1.4789E-01
  7.9092E+02  4.5205E-01 -1.4798E-01
  7.9160E+02  4.5191E-01 -1.4808E-01
  7.9227E+02  4.5176E-01 -1.4817E-01
  7.9295E+02  4.5158E-01 -1.4827E-01
  7.9362E+02  4.5138E-01 -1.4836E-01
  7.9430E+02  4.5116E-01 -1.4845E-01
  7.9498E+02  4.5093E-01 -1.4855E-01
  7.9565E+02  4.5069E-01 -1.4864E-01
  7.9633E+02  4.5045E-01 -1.4874E-01
  7.9700E+02  4.5019E-01 -1.4883E-01
  7.9768E+02  4.4994E-01 -1.4893E-01
  7.9836E+02  4.4969E-01 -1.4902E-01
  7.9903E+02  4.4944E-01 -1.4911E-01
  7.9971E+02  4.4920E-01 -1.4921E-01
  8.0038E+02  4.4896E-01 -1.4930E-01
  8.0106E+02  4.4874E-01 -1.4939E-01
  8.0174E+02  4.4853E-01 -1.4949E-01
  8.0241E+02  4.4833E-01 -1.4958E-01
  8.0309E+02  4.4814E-01 -1.4968E-01
  8.0376E+02  4.4796E-01 -1.4977E-01
  8.0444E+02  4.4780E-01 -1.4986E-01
  8.0512E+02  4.4764E-01 -1.4996E-01
  8.0579E+02  4.4750E-01 -1.5005E-01
  8.0647E+02  4.4737E-01 -1.5015E-01
  8.0714E+02  4.4725E-01 -1.5024E-01
  8.0782E+02  4.4715E-01 -1.5033E-01
  8.0850E+02  4.4705E-01 -1.5043E-01
  8.0917E+02  4.4697E-01 -1.5052E-01
  8.0985E+02  4.4689E-01 -1.5061E-01
  8.1052E+02  4.4682E-01 -1.5071E-01
  8.1120E+02  4.4677E-01 -1.5080E-01
  8.1188E+02  4.4672E-01 -1.5090E-01
  8.1255E+02  4.4668E-01 -1.5099E-01
  8.1323E+02  4.4665E-01 -1.5108E-01
  8.1390E+02  4.4662E-01 -1.5118E-01
  8.1458E+02  4.4661E-01 -1.5127E-01
  8.1526E+02  4.4660E-01 -1.5136E-01
  8.1593E+02  4.4660E-01 -1.5146E-01
  8.1661E+02  4.4660E-01 -1.5155E-01
  8.1728E+02  4.4661E-01 -1.5165E-01
  8.1796E+02  4.4662E-01 -1.5174E-01
  8.1864E+02  4.4664E-01 -1.5183E-01
  8.1931E+02  4.4665E-01 -1.5193E-01
  8.1999E+02  4.4666E-01 -1.5202E-01
  8.2066E+02  4.4668E-01 -1.5211E-01
  8.2134E+02  4.4670E-01 -1.5220E-01
  8.2202E+02  4.4671E-01 -1.5230E-01
  8.2269E+02  4.4674E-01 -1.5239E-01
  8.2337E+02  4.4676E-01 -1.5248E-01
  8.2404E+02  4.4679E-01 -1.5258E-01
  8.2472E+02  4.4682E-01 -1.5267E-01
  8.2540E+02  4.4686E-01 -1.5276E-01
  8.2607E+02  4.4690E-01 -1.5286E-01
  8.2675E+02  4.4694E-01 -1.5295E-01
  8.2742E+02  4.4698E-01 -1.5304E-01
  8.2810E+02  4.4702E-01 -1.5313E-01
  8.2878E+02  4.4705E-01 -1.5323E-01
  8.2945E+02  4.4709E-01 -1.5332E-01
  8.3013E+02  4.4711E-01 -1.5341E-01
  8.3080E+02  4.4713E-01 -1.5350E-01
  8.3148E+02  4.4714E-01 -1.5360E-01
  8.3216E+02  4.4713E-01 -1.5369E-01
  8.3283E+02  4.4711E-01 -1.5378E-01
  8.3351E+02  4.4708E-01 -1.5387E-01
  8.3418E+02  4.4703E-01 -1.5396E-01
  8.3486E+02  4.4696E-01 -1.5406E-01
  8.3554E+02  4.4687E-01 -1.5415E-01
  8.3621E+02  4.4677E-01 -1.5424E-01
  8.3689E+02  4.4664E-01 -1.5433E-01
  8.3756E+02  4.4650E-01 -1.5443E-01
  8.3824E+02  4.4634E-01 -1.5452E-01
  8.3892E+02  4.4616E-01 -1.5461E-01
  8.3959E+02  4.4596E-01 -1.5470E-01
  8.4027E+02  4.4576E-01 -1.5479E-01
  8.4094E+02  4.4554E-01 -1.5489E-01
  8.4162E+02  4.4531E-01 -1.5498E-01
  8.4230E+02  4.4507E-01 -1.5507E-01
  8.4297E+02  4.4483E-01 -1.5516E-01
  8.4365E+02  4.4458E-01 -1.5525E-01
  8.4432E+02  4.4434E-01 -1.5535E-01
  8.4500E+02  4.4410E-01 -1.5544E-01
  8.4568E+02  4.4387E-01 -1.5553E-01
  8.4635E+02  4.4364E-01 -1.5562E-01
  8.4703E+02  4.4342E-01 -1.5571E-01
  8.4770E+02  4.4322E-01 -1.5580E-01
  8.4838E+02  4.4303E-01 -1.5589E-01
  8.4906E+02  4.4286E-01 -1.5599E-01
  8.4973E+02  4.4270E-01 -1.5608E-01
  8.5041E+02  4.4256E-01 -1.5617E-01
  8.5108E+02  4.4244E-01 -1.5626E-01
  8.5176E+02  4.4234E-01 -1.5635E-01
  8.5244E+02  4.4225E-01 -1.5644E-01
  8.5311E+02  4.4219E-01 -1.5653E-01
  8.5379E+02  4.4214E-01 -1.5662E-01
  8.5446E+02  4.4211E-01 -1.5671E-01
  8.5514E+02  4.4211E-01 -1.5680E-01
  8.5582E+02  4.4212E-01 -1.5689E-01
  8.5649E+02  4.4215E-01 -1.5698E-01
  8.5717E+02  4.4219E-01 -1.5708E-01
  8.5784E+02  4.4225E-01 -1.5717E-01
  8.5852E+02  4.4232E-01 -1.5726E-01
  8.5920E+02  4.4239E-01 -1.5735E-01
  8.5987E+02  4.4246E-01 -1.5744E-01
  8.6055E+02  4.4253E-01 -1.5753E-01
  8.6122E+02  4.4260E-01 -1.5762E-01
  8.6190E+02  4.4265E-01 -1.5771E-01
  8.6258E+02  4.4268E-01 -1.5780E-01
  8.6325E+02  4.4270E-01 -1.5789E-01
  8.6393E+02  4.4271E-01 -1.5799E-01
  8.6460E+02  4.4269E-01 -1.5808E-01
  8.6528E+02  4.4266E-01 -1.5817E-01
  8.6596E+02  4.4261E-01 -1.5826E-01
  8.6663E+02  4.4254E-01 -1.5835E-01
  8.6731E+02  4.4246E-01 -1.5844E-01
  8.6798E+02  4.4237E-01 -1.5853E-01
  8.6866E+02  4.4226E-01 -1.5862E-01
  8.6934E+02  4.4214E-01 -1.5871E-01
  8.7001E+02  4.4201E-01 -1.5880E-01
  8.7069E+02  4.4187E-01 -1.5889E-01
  8.7136E+02  4.4173E-01 -1.5898E-01
  8.7204E+02  4.4158E-01 -1.5907E-01
  8.7272E+02  4.4143E-01 -1.5916E-01
  8.7339E+02  4.4127E-01 -1.5925E-01
  8.7407E+02  4.4112E-01 -1.5934E-01
  8.7474E+02  4.4097E-01 -1.5943E-01
  8.7542E+02  4.4083E-01 -1.5952E-01
  8.7610E+02  4.4069E-01 -1.5961E-01
  8.7677E+02  4.4057E-01 -1.5970E-01
  8.7745E+02  4.4046E-01 -1.5979E-01
  8.7812E+02  4.4036E-01 -1.5987E-01
  8.7880E+02  4.4027E-01 -1.5996E-01
  8.7948E+02  4.4020E-01 -1.6005E-01
  8.8015E+02  4.4014E-01 -1.6014E-01
  8.8083E+02  4.4009E-01 -1.6023E-01
  8.8150E+02  4.4006E-01 -1.6032E-01
  8.8218E+02  4.4003E-01 -1.6041E-01
  8.8286E+02  4.4002E-01 -1.6050E-01
  8.8353E+02  4.4001E-01 -1.6058E-01
  8.8421E+02  4.4001E-01 -1.6067E-01
  8.8488E+02  4.4001E-01 -1.6076E-01
  8.8556E+02  4.4002E-01 -1.6085E-01
  8.8624E+02  4.4003E-01 -1.6094E-01
  8.8691E+02  4.4004E-01 -1.6103E-01
  8.8759E+02  4.4005E-01 -1.6112E-01
  8.8826E+02  4.4005E-01 -1.6121E-01
  8.8894E+02  4.4006E-01 -1.6130E-01
  8.8962E+02  4.4005E-01 -1.6139E-01
  8.9029E+02  4.4004E-01 -1.6148E-01
  8.9097E+02  4.4001E-01 -1.6157E-01
  8.9164E+02  4.3998E-01 -1.6165E-01
  8.9232E+02  4.3993E-01 -1.6174E-01
  8.9300E+02  4.3987E-01 -1.6183E-01
  8.9367E+02  4.3980E-01 -1.6192E-01
  8.9435E+02  4.3971E-01 -1.6201E-01
  8.9502E+02  4.3960E-01 -1.6210E-01
  8.9570E+02  4.3949E-01 -1.6219E-01
  8.9638E+02  4.3936E-01 -1.6228E-01
  8.9705E+02  4.3922E-01 -1.6237E-01
  8.9773E+02  4.3907E-01 -1.6246E-01
  8.9840E+02  4.3891E-01 -1.6255E-01
  8.9908E+02  4.3874E-01 -1.6263E-01
  8.9976E+02  4.3858E-01 -1.6272E-01
  9.0043E+02  4.3841E-01 -1.6281E-01
  9.0111E+02  4.3825E-01 -1.6290E-01
  9.0178E+02  4.3809E-01 -1.6299E-01
  9.0246E+02  4.3794E-01 -1.6307E-01
  9.0314E+02  4.3780E-01 -1.6316E-01
  9.0381E+02  4.3768E-01 -1.6325E-01
  9.0449E+02  4.3756E-01 -1.6334E-01
  9.0516E+02  4.3746E-01 -1.6343E-01
  9.0584E+02  4.3738E-01 -1.6351E-01
  9.0652E+02  4.3731E-01 -1.6360E-01
  9.0719E+02  4.3725E-01 -1.6369E-01
  9.0787E+02  4.3721E-01 -1.6378E-01
  9.0854E+02  4.3718E-01 -1.6386E-01
  9.0922E+02  4.3716E-01 -1.6395E-01
  9.0990E+02  4.3716E-01 -1.6404E-01
  9.1057E+02  4.3716E-01 -1.6413E-01
  9.1125E+02  4.3717E-01 -1.6421E-01
  9.1192E+02  4.3719E-01 -1.6430E-01
  9.1260E+02  4.3722E-01 -1.6439E-01
  9.1328E+02  4.3725E-01 -1.6448E-01
  9.1395E+02  4.3728E-01 -1.6456E-01
  9.1463E+02  4.3731E-01 -1.6465E-01
  9.1530E+02  4.3734E-01 -1.6474E-01
  9.1598E+02  4.3737E-01 -1.6483E-01
  9.1666E+02  4.3738E-01 -1.6491E-01
  9.1733E+02  4.3739E-01 -1.6500E-01
  9.1801E+02  4.3739E-01 -1.6509E-01
  9.1868E+02  4.3737E-01 -1.6518E-01
  9.1936E+02  4.3733E-01 -1.6526E-01
  9.2004E+02  4.3728E-01 -1.6535E-01
  9.2071E+02  4.3721E-01 -1.6544E-01
  9.2139E+02  4.3712E-01 -1.6553E-01
  9.2206E+02  4.3701E-01 -1.6561E-01
  9.2274E+02  4.3688E-01 -1.6570E-01
  9.2342E+02  4.3673E-01 -1.6579E-01
  9.2409E+02  4.3656E-01 -1.6588E-01
  9.2477E+02  4.3637E-01 -1.6596E-01
  9.2544E+02  4.3617E-01 -1.6605E-01
  9.2612E+02  4.3596E-01 -1.6614E-01
  9.2680E+02  4.3574E-01 -1.6623E-01
  9.2747E+02  4.3551E-01 -1.6631E-01
  9.2815E+02  4.3527E-01 -1.6640E-01
  9.2882E+02  4.3504E-01 -1.6648E-01
  9.2950E+02  4.3480E-01 -1.6657E-01
  9.3018E+02  4.3458E-01 -1.6666E-01
  9.3085E+02  4.3436E-01 -1.6674E-01
  9.3153E+02  4.3415E-01 -1.6683E-01
  9.3220E+02  4.3395E-01 -1.6691E-01
  9.3288E+02  4.3376E-01 -1.6700E-01
  9.3356E+02  4.3360E-01 -1.6709E-01
  9.3423E+02  4.3345E-01 -1.6717E-01
  9.3491E+02  4.3333E-01 -1.6726E-01
  9.3558E+02  4.3322E-01 -1.6734E-01
  9.3626E+02  4.3314E-01 -1.6743E-01
  9.3694E+02  4.3308E-01 -1.6751E-01
  9.3761E+02  4.3305E-01 -1.6760E-01
  9.3829E+02  4.3304E-01 -1.6768E-01
  9.3896E+02  4.3305E-01 -1.6777E-01
  9.3964E+02  4.3308E-01 -1.6786E-01
  9.4032E+02  4.3313E-01 -1.6794E-01
  9.4099E+02  4.3319E-01 -1.6803E-01
  9.4167E+02  4.3326E-01 -1.6811E-01
  9.4234E+02  4.3334E-01 -1.6820E-01
  9.4302E+02  4.3341E-01 -1.6828E-01
  9.4370E+02  4.3349E-01 -1.6837E-01
  9.4437E+02  4.3356E-01 -1.6846E-01
  9.4505E+02  4.3362E-01 -1.6854E-01
  9.4572E+02  4.3367E-01 -1.6863E-01
  9.4640E+02  4.3371E-01 -1.6871E-01
  9.4708E+02  4.3372E-01 -1.6880E-01
  9.4775E+02  4.3371E-01 -1.6889E-01
  9.4843E+02  4.3368E-01 -1.6897E-01
  9.4910E+02  4.3362E-01 -1.6906E-01
  9.4978E+02  4.3353E-01 -1.6915E-01
  9.5046E+02  4.3342E-01 -1.6923E-01
  9.5113E+02  4.3328E-01 -1.6932E-01
  9.5181E+02  4.3312E-01 -1.6940E-01
  9.5248E+02  4.3293E-01 -1.6949E-01
  9.5316E+02  4.3272E-01 -1.6957E-01
  9.5384E+02  4.3249E-01 -1.6966E-01
  9.5451E+02  4.3225E-01 -1.6975E-01
  9.5519E+02  4.3198E-01 -1.6983E-01
  9.5586E+02  4.3171E-01 -1.6992E-01
  9.5654E+02  4.3142E-01 -1.7000E-01
  9.5722E+02  4.3112E-01 -1.7008E-01
  9.5789E+02  4.3082E-01 -1.7017E-01
  9.5857E+02  4.3051E-01 -1.7025E-01
  9.5924E+02  4.3021E-01 -1.7034E-01
  9.5992E+02  4.2991E-01 -1.7042E-01
  9.6060E+02  4.2962E-01 -1.7051E-01
  9.6127E+02  4.2934E-01 -1.7059E-01
  9.6195E+02  4.2908E-01 -1.7067E-01
  9.6262E+02  4.2883E-01 -1.7076E-01
  9.6330E+02  4.2861E-01 -1.7084E-01
  9.6398E+02  4.2842E-01 -1.7092E-01
  9.6465E+02  4.2824E-01 -1.7100E-01
  9.6533E+02  4.2810E-01 -1.7109E-01
  9.6600E+02  4.2799E-01 -1.7117E-01
  9.6668E+02  4.2790E-01 -1.7125E-01
  9.6736E+02  4.2785E-01 -1.7134E-01
  9.6803E+02  4.2782E-01 -1.7142E-01
  9.6871E+02  4.2781E-01 -1.7150E-01
  9.6938E+02  4.2783E-01 -1.7159E-01
  9.7006E+02  4.2787E-01 -1.7167E-01
  9.7074E+02  4.2792E-01 -1.7175E-01
  9.7141E+02  4.2798E-01 -1.7184E-01
  9.7209E+02  4.2806E-01 -1.7192E-01
  9.7276E+02  4.2813E-01 -1.7200E-01
  9.7344E+02  4.2821E-01 -1.7209E-01
  9.7412E+02  4.2829E-01 -1.7217E-01
  9.7479E+02  4.2836E-01 -1.7226E-01
  9.7547E+02  4.2842E-01 -1.7234E-01
  9.7614E+02  4.2847E-01 -1.7242E-01
  9.7682E+02  4.2851E-01 -1.7251E-01
  9.7750E+02  4.2853E-01 -1.7259E-01
  9.7817E+02  4.2854E-01 -1.7268E-01
  9.7885E+02  4.2852E-01 -1.7276E-01
  9.7952E+02  4.2848E-01 -1.7285E-01
  9.8020E+02  4.2842E-01 -1.7293E-01
  9.8088E+02  4.2833E-01 -1.7301E-01
  9.8155E+02  4.2822E-01 -1.7310E-01
  9.8223E+02  4.2808E-01 -1.7318E-01
  9.8290E+02  4.2792E-01 -1.7327E-01
  9.8358E+02  4.2774E-01 -1.7335E-01
  9.8426E+02  4.2753E-01 -1.7343E-01
  9.8493E+02  4.2730E-01 -1.7352E-01
  9.8561E+02  4.2705E-01 -1.7360E-01
  9.8628E+02  4.2679E-01 -1.7368E-01
  9.8696E+02  4.2651E-01 -1.7376E-01
  9.8764E+02  4.2622E-01 -1.7385E-01
  9.8831E+02  4.2591E-01 -1.7393E-01
  9.8899E+02  4.2560E-01 -1.7401E-01
  9.8966E+02  4.2529E-01 -1.7409E-01
  9.9034E+02  4.2497E-01 -1.7417E-01
  9.9102E+02  4.2465E-01 -1.7426E-01
  9.9169E+02  4.2434E-01 -1.7434E-01
  9.9237E+02  4.2403E-01 -1.7442E-01
  9.9304E+02  4.2373E-01 -1.7450E-01
  9.9372E+02  4.2345E-01 -1.7458E-01
  9.9440E+02  4.2318E-01 -1.7466E-01
  9.9507E+02  4.2294E-01 -1.7474E-01
  9.9575E+02  4.2271E-01 -1.7482E-01
  9.9642E+02  4.2252E-01 -1.7490E-01
  9.9710E+02  4.2235E-01 -1.7498E-01
  9.9778E+02  4.2221E-01 -1.7506E-01
  9.9845E+02  4.2210E-01 -1.7514E-01
  9.9913E+02  4.2201E-01 -1.7523E-01
  9.9980E+02  4.2195E-01 -1.7531E-01
