# CREATED BY GENE DIAGNOSTICS TOOL on Wed Dec 16 18:58:32 2020
# diag: timetrace, run(s): 0002, time window: 0-3000(1312 steps), species: ions
# original data path: /marconi_scratch/userexternal/cmoreno0/GAM_HP_scan/scanfiles0003/
# normalization: L_ref=1.65m
#
#  t          Re[phi]     Im[phi]   
  0.0000E+00  9.9991E-01  0.0000E+00
  2.2900E+00  9.3658E-01  5.8519E-03
  4.5800E+00  8.4629E-01  1.0631E-02
  6.8700E+00  7.9623E-01  1.4616E-02
  9.1600E+00  7.4403E-01  1.8110E-02
  1.1450E+01  6.8333E-01  2.0983E-02
  1.3740E+01  6.3571E-01  2.3285E-02
  1.6030E+01  6.0497E-01  2.5244E-02
  1.8320E+01  5.8642E-01  2.7039E-02
  2.0610E+01  5.7828E-01  2.8802E-02
  2.2900E+01  5.7853E-01  3.0637E-02
  2.5190E+01  5.8322E-01  3.2600E-02
  2.7480E+01  5.8846E-01  3.4690E-02
  2.9770E+01  5.9151E-01  3.6865E-02
  3.2060E+01  5.9058E-01  3.9063E-02
  3.4350E+01  5.8486E-01  4.1217E-02
  3.6640E+01  5.7438E-01  4.3264E-02
  3.8930E+01  5.6002E-01  4.5157E-02
  4.1220E+01  5.4294E-01  4.6870E-02
  4.3510E+01  5.2450E-01  4.8397E-02
  4.5800E+01  5.0586E-01  4.9747E-02
  4.8090E+01  4.8801E-01  5.0942E-02
  5.0380E+01  4.7148E-01  5.2008E-02
  5.2670E+01  4.5644E-01  5.2971E-02
  5.4960E+01  4.4278E-01  5.3851E-02
  5.7250E+01  4.3018E-01  5.4662E-02
  5.9540E+01  4.1819E-01  5.5407E-02
  6.1830E+01  4.0634E-01  5.6085E-02
  6.4120E+01  3.9422E-01  5.6688E-02
  6.6410E+01  3.8158E-01  5.7206E-02
  6.8700E+01  3.6824E-01  5.7627E-02
  7.0990E+01  3.5420E-01  5.7942E-02
  7.3280E+01  3.3955E-01  5.8146E-02
  7.5570E+01  3.2450E-01  5.8233E-02
  7.7860E+01  3.0914E-01  5.8209E-02
  8.0150E+01  2.9331E-01  5.8073E-02
  8.2440E+01  2.7756E-01  5.7822E-02
  8.4730E+01  2.6245E-01  5.7470E-02
  8.7020E+01  2.4750E-01  5.7027E-02
  8.9310E+01  2.3247E-01  5.6492E-02
  9.1600E+01  2.1767E-01  5.5868E-02
  9.3890E+01  2.0316E-01  5.5158E-02
  9.6180E+01  1.8878E-01  5.4366E-02
  9.8470E+01  1.7446E-01  5.3491E-02
  1.0076E+02  1.6025E-01  5.2533E-02
  1.0305E+02  1.4615E-01  5.1494E-02
  1.0534E+02  1.3214E-01  5.0375E-02
  1.0763E+02  1.1824E-01  4.9177E-02
  1.0992E+02  1.0448E-01  4.7902E-02
  1.1221E+02  9.0905E-02  4.6554E-02
  1.1450E+02  7.7549E-02  4.5137E-02
  1.1679E+02  6.4448E-02  4.3653E-02
  1.1908E+02  5.1634E-02  4.2108E-02
  1.2137E+02  3.9133E-02  4.0506E-02
  1.2366E+02  2.6959E-02  3.8851E-02
  1.2595E+02  1.5114E-02  3.7148E-02
  1.2824E+02  3.5972E-03  3.5398E-02
  1.3053E+02 -7.5872E-03  3.3606E-02
  1.3282E+02 -1.8427E-02  3.1775E-02
  1.3511E+02 -2.8912E-02  2.9909E-02
  1.3740E+02 -3.9040E-02  2.8012E-02
  1.3969E+02 -4.8816E-02  2.6088E-02
  1.4198E+02 -5.8245E-02  2.4139E-02
  1.4427E+02 -6.7316E-02  2.2170E-02
  1.4656E+02 -7.6019E-02  2.0185E-02
  1.4885E+02 -8.4334E-02  1.8189E-02
  1.5114E+02 -9.2250E-02  1.6184E-02
  1.5343E+02 -9.9772E-02  1.4175E-02
  1.5572E+02 -1.0690E-01  1.2164E-02
  1.5801E+02 -1.1364E-01  1.0156E-02
  1.6030E+02 -1.2001E-01  8.1543E-03
  1.6259E+02 -1.2599E-01  6.1622E-03
  1.6488E+02 -1.3156E-01  4.1840E-03
  1.6717E+02 -1.3673E-01  2.2233E-03
  1.6946E+02 -1.4149E-01  2.8368E-04
  1.7175E+02 -1.4583E-01 -1.6312E-03
  1.7404E+02 -1.4978E-01 -3.5183E-03
  1.7633E+02 -1.5338E-01 -5.3746E-03
  1.7862E+02 -1.5660E-01 -7.1975E-03
  1.8091E+02 -1.5946E-01 -8.9844E-03
  1.8320E+02 -1.6192E-01 -1.0733E-02
  1.8549E+02 -1.6399E-01 -1.2439E-02
  1.8778E+02 -1.6567E-01 -1.4102E-02
  1.9007E+02 -1.6699E-01 -1.5718E-02
  1.9236E+02 -1.6797E-01 -1.7284E-02
  1.9465E+02 -1.6861E-01 -1.8797E-02
  1.9694E+02 -1.6893E-01 -2.0254E-02
  1.9923E+02 -1.6889E-01 -2.1654E-02
  2.0152E+02 -1.6849E-01 -2.2995E-02
  2.0381E+02 -1.6774E-01 -2.4274E-02
  2.0610E+02 -1.6666E-01 -2.5492E-02
  2.0839E+02 -1.6528E-01 -2.6647E-02
  2.1068E+02 -1.6364E-01 -2.7738E-02
  2.1297E+02 -1.6175E-01 -2.8763E-02
  2.1526E+02 -1.5960E-01 -2.9721E-02
  2.1755E+02 -1.5717E-01 -3.0610E-02
  2.1984E+02 -1.5442E-01 -3.1428E-02
  2.2213E+02 -1.5135E-01 -3.2174E-02
  2.2442E+02 -1.4798E-01 -3.2846E-02
  2.2671E+02 -1.4437E-01 -3.3445E-02
  2.2900E+02 -1.4057E-01 -3.3971E-02
  2.3129E+02 -1.3664E-01 -3.4423E-02
  2.3358E+02 -1.3262E-01 -3.4804E-02
  2.3587E+02 -1.2848E-01 -3.5115E-02
  2.3816E+02 -1.2418E-01 -3.5356E-02
  2.4045E+02 -1.1966E-01 -3.5528E-02
  2.4274E+02 -1.1488E-01 -3.5628E-02
  2.4503E+02 -1.0981E-01 -3.5655E-02
  2.4732E+02 -1.0450E-01 -3.5608E-02
  2.4961E+02 -9.9006E-02 -3.5486E-02
  2.5190E+02 -9.3402E-02 -3.5291E-02
  2.5419E+02 -8.7762E-02 -3.5023E-02
  2.5648E+02 -8.2131E-02 -3.4686E-02
  2.5877E+02 -7.6526E-02 -3.4283E-02
  2.6106E+02 -7.0932E-02 -3.3817E-02
  2.6335E+02 -6.5313E-02 -3.3292E-02
  2.6564E+02 -5.9631E-02 -3.2709E-02
  2.6793E+02 -5.3861E-02 -3.2068E-02
  2.7022E+02 -4.7994E-02 -3.1369E-02
  2.7251E+02 -4.2041E-02 -3.0611E-02
  2.7480E+02 -3.6025E-02 -2.9794E-02
  2.7709E+02 -2.9979E-02 -2.8919E-02
  2.7938E+02 -2.3930E-02 -2.7988E-02
  2.8167E+02 -1.7901E-02 -2.7003E-02
  2.8396E+02 -1.1903E-02 -2.5969E-02
  2.8625E+02 -5.9440E-03 -2.4888E-02
  2.8854E+02 -2.7385E-05 -2.3766E-02
  2.9083E+02  5.8374E-03 -2.2605E-02
  2.9312E+02  1.1636E-02 -2.1408E-02
  2.9541E+02  1.7349E-02 -2.0177E-02
  2.9770E+02  2.2964E-02 -1.8912E-02
  2.9999E+02  2.8472E-02 -1.7615E-02
  3.0228E+02  3.3874E-02 -1.6286E-02
  3.0457E+02  3.9178E-02 -1.4926E-02
  3.0686E+02  4.4394E-02 -1.3536E-02
  3.0915E+02  4.9531E-02 -1.2121E-02
  3.1144E+02  5.4593E-02 -1.0683E-02
  3.1373E+02  5.9577E-02 -9.2275E-03
  3.1602E+02  6.4468E-02 -7.7587E-03
  3.1831E+02  6.9247E-02 -6.2808E-03
  3.2060E+02  7.3887E-02 -4.7974E-03
  3.2289E+02  7.8365E-02 -3.3106E-03
  3.2518E+02  8.2665E-02 -1.8216E-03
  3.2747E+02  8.6786E-02 -3.3049E-04
  3.2976E+02  9.0737E-02  1.1631E-03
  3.3205E+02  9.4536E-02  2.6591E-03
  3.3434E+02  9.8200E-02  4.1568E-03
  3.3663E+02  1.0174E-01  5.6544E-03
  3.3892E+02  1.0516E-01  7.1484E-03
  3.4121E+02  1.0844E-01  8.6343E-03
  3.4350E+02  1.1158E-01  1.0107E-02
  3.4579E+02  1.1455E-01  1.1560E-02
  3.4808E+02  1.1732E-01  1.2990E-02
  3.5037E+02  1.1988E-01  1.4392E-02
  3.5266E+02  1.2222E-01  1.5764E-02
  3.5495E+02  1.2435E-01  1.7107E-02
  3.5724E+02  1.2628E-01  1.8421E-02
  3.5953E+02  1.2806E-01  1.9708E-02
  3.6182E+02  1.2970E-01  2.0972E-02
  3.6411E+02  1.3125E-01  2.2214E-02
  3.6640E+02  1.3271E-01  2.3433E-02
  3.6869E+02  1.3408E-01  2.4627E-02
  3.7098E+02  1.3536E-01  2.5794E-02
  3.7327E+02  1.3649E-01  2.6929E-02
  3.7556E+02  1.3745E-01  2.8025E-02
  3.7785E+02  1.3820E-01  2.9077E-02
  3.8014E+02  1.3871E-01  3.0080E-02
  3.8243E+02  1.3897E-01  3.1030E-02
  3.8472E+02  1.3897E-01  3.1927E-02
  3.8701E+02  1.3874E-01  3.2771E-02
  3.8930E+02  1.3833E-01  3.3565E-02
  3.9159E+02  1.3778E-01  3.4312E-02
  3.9388E+02  1.3713E-01  3.5017E-02
  3.9617E+02  1.3645E-01  3.5683E-02
  3.9846E+02  1.3573E-01  3.6312E-02
  4.0075E+02  1.3500E-01  3.6906E-02
  4.0304E+02  1.3423E-01  3.7463E-02
  4.0533E+02  1.3338E-01  3.7980E-02
  4.0762E+02  1.3243E-01  3.8453E-02
  4.0991E+02  1.3134E-01  3.8877E-02
  4.1220E+02  1.3007E-01  3.9248E-02
  4.1449E+02  1.2863E-01  3.9561E-02
  4.1678E+02  1.2700E-01  3.9815E-02
  4.1907E+02  1.2520E-01  4.0008E-02
  4.2136E+02  1.2325E-01  4.0144E-02
  4.2365E+02  1.2117E-01  4.0225E-02
  4.2594E+02  1.1901E-01  4.0256E-02
  4.2823E+02  1.1678E-01  4.0241E-02
  4.3052E+02  1.1452E-01  4.0185E-02
  4.3281E+02  1.1226E-01  4.0093E-02
  4.3510E+02  1.1000E-01  3.9967E-02
  4.3739E+02  1.0774E-01  3.9807E-02
  4.3968E+02  1.0548E-01  3.9612E-02
  4.4197E+02  1.0319E-01  3.9381E-02
  4.4426E+02  1.0085E-01  3.9111E-02
  4.4655E+02  9.8457E-02  3.8798E-02
  4.4884E+02  9.5985E-02  3.8441E-02
  4.5113E+02  9.3435E-02  3.8038E-02
  4.5342E+02  9.0812E-02  3.7588E-02
  4.5571E+02  8.8129E-02  3.7093E-02
  4.5800E+02  8.5402E-02  3.6555E-02
  4.6029E+02  8.2649E-02  3.5978E-02
  4.6258E+02  7.9886E-02  3.5366E-02
  4.6487E+02  7.7128E-02  3.4725E-02
  4.6716E+02  7.4385E-02  3.4056E-02
  4.6945E+02  7.1664E-02  3.3365E-02
  4.7174E+02  6.8970E-02  3.2652E-02
  4.7403E+02  6.6304E-02  3.1919E-02
  4.7632E+02  6.3669E-02  3.1166E-02
  4.7861E+02  6.1064E-02  3.0393E-02
  4.8090E+02  5.8487E-02  2.9600E-02
  4.8319E+02  5.5935E-02  2.8787E-02
  4.8548E+02  5.3405E-02  2.7955E-02
  4.8777E+02  5.0895E-02  2.7103E-02
  4.9006E+02  4.8405E-02  2.6233E-02
  4.9235E+02  4.5934E-02  2.5346E-02
  4.9464E+02  4.3487E-02  2.4445E-02
  4.9693E+02  4.1071E-02  2.3530E-02
  4.9922E+02  3.8693E-02  2.2603E-02
  5.0151E+02  3.6363E-02  2.1667E-02
  5.0380E+02  3.4089E-02  2.0723E-02
  5.0609E+02  3.1881E-02  1.9775E-02
  5.0838E+02  2.9741E-02  1.8824E-02
  5.1067E+02  2.7672E-02  1.7873E-02
  5.1296E+02  2.5670E-02  1.6923E-02
  5.1525E+02  2.3729E-02  1.5977E-02
  5.1754E+02  2.1844E-02  1.5037E-02
  5.1983E+02  2.0011E-02  1.4102E-02
  5.2212E+02  1.8230E-02  1.3173E-02
  5.2441E+02  1.6504E-02  1.2252E-02
  5.2670E+02  1.4840E-02  1.1337E-02
  5.2899E+02  1.3246E-02  1.0429E-02
  5.3128E+02  1.1731E-02  9.5303E-03
  5.3357E+02  1.0298E-02  8.6409E-03
  5.3586E+02  8.9519E-03  7.7630E-03
  5.3815E+02  7.6886E-03  6.8984E-03
  5.4044E+02  6.5024E-03  6.0493E-03
  5.4273E+02  5.3853E-03  5.2174E-03
  5.4502E+02  4.3297E-03  4.4041E-03
  5.4731E+02  3.3303E-03  3.6104E-03
  5.4960E+02  2.3864E-03  2.8371E-03
  5.5189E+02  1.5020E-03  2.0843E-03
  5.5418E+02  6.8464E-04  1.3523E-03
  5.5647E+02 -5.6965E-05  6.4127E-04
  5.5876E+02 -7.1554E-04 -4.8298E-05
  5.6105E+02 -1.2878E-03 -7.1560E-04
  5.6334E+02 -1.7754E-03 -1.3595E-03
  5.6563E+02 -2.1850E-03 -1.9787E-03
  5.6792E+02 -2.5259E-03 -2.5719E-03
  5.7021E+02 -2.8076E-03 -3.1380E-03
  5.7250E+02 -3.0366E-03 -3.6762E-03
  5.7479E+02 -3.2150E-03 -4.1863E-03
  5.7708E+02 -3.3398E-03 -4.6684E-03
  5.7937E+02 -3.4047E-03 -5.1227E-03
  5.8166E+02 -3.4021E-03 -5.5495E-03
  5.8395E+02 -3.3262E-03 -5.9493E-03
  5.8624E+02 -3.1753E-03 -6.3219E-03
  5.8853E+02 -2.9530E-03 -6.6672E-03
  5.9082E+02 -2.6683E-03 -6.9844E-03
  5.9311E+02 -2.3331E-03 -7.2730E-03
  5.9540E+02 -1.9591E-03 -7.5322E-03
  5.9769E+02 -1.5547E-03 -7.7614E-03
  5.9998E+02 -1.1218E-03 -7.9604E-03
  6.0227E+02 -6.5603E-04 -8.1294E-03
  6.0456E+02 -1.4807E-04 -8.2689E-03
  6.0685E+02  4.1291E-04 -8.3797E-03
  6.0914E+02  1.0353E-03 -8.4625E-03
  6.1143E+02  1.7218E-03 -8.5182E-03
  6.1372E+02  2.4674E-03 -8.5474E-03
  6.1601E+02  3.2602E-03 -8.5505E-03
  6.1830E+02  4.0844E-03 -8.5276E-03
  6.2059E+02  4.9244E-03 -8.4787E-03
  6.2288E+02  5.7690E-03 -8.4034E-03
  6.2517E+02  6.6143E-03 -8.3018E-03
  6.2746E+02  7.4642E-03 -8.1740E-03
  6.2975E+02  8.3283E-03 -8.0202E-03
  6.3204E+02  9.2193E-03 -7.8414E-03
  6.3433E+02  1.0148E-02 -7.6384E-03
  6.3662E+02  1.1121E-02 -7.4125E-03
  6.3891E+02  1.2137E-02 -7.1648E-03
  6.4120E+02  1.3187E-02 -6.8967E-03
  6.4349E+02  1.4259E-02 -6.6092E-03
  6.4578E+02  1.5336E-02 -6.3029E-03
  6.4807E+02  1.6402E-02 -5.9784E-03
  6.5036E+02  1.7447E-02 -5.6360E-03
  6.5265E+02  1.8467E-02 -5.2758E-03
  6.5494E+02  1.9465E-02 -4.8980E-03
  6.5723E+02  2.0449E-02 -4.5030E-03
  6.5952E+02  2.1431E-02 -4.0913E-03
  6.6181E+02  2.2426E-02 -3.6640E-03
  6.6410E+02  2.3442E-02 -3.2223E-03
  6.6639E+02  2.4485E-02 -2.7675E-03
  6.6868E+02  2.5550E-02 -2.3013E-03
  6.7097E+02  2.6629E-02 -1.8249E-03
  6.7326E+02  2.7703E-02 -1.3396E-03
  6.7555E+02  2.8756E-02 -8.4636E-04
  6.7784E+02  2.9769E-02 -3.4589E-04
  6.8013E+02  3.0730E-02  1.6134E-04
  6.8242E+02  3.1637E-02  6.7499E-04
  6.8471E+02  3.2496E-02  1.1947E-03
  6.8700E+02  3.3318E-02  1.7201E-03
  6.8929E+02  3.4124E-02  2.2505E-03
  6.9158E+02  3.4931E-02  2.7852E-03
  6.9387E+02  3.5753E-02  3.3231E-03
  6.9616E+02  3.6593E-02  3.8630E-03
  6.9845E+02  3.7449E-02  4.4038E-03
  7.0074E+02  3.8305E-02  4.9441E-03
  7.0303E+02  3.9140E-02  5.4825E-03
  7.0532E+02  3.9934E-02  6.0179E-03
  7.0761E+02  4.0667E-02  6.5494E-03
  7.0990E+02  4.1330E-02  7.0761E-03
  7.1219E+02  4.1922E-02  7.5976E-03
  7.1448E+02  4.2452E-02  8.1136E-03
  7.1677E+02  4.2939E-02  8.6242E-03
  7.1906E+02  4.3401E-02  9.1291E-03
  7.2135E+02  4.3856E-02  9.6283E-03
  7.2364E+02  4.4317E-02  1.0121E-02
  7.2593E+02  4.4785E-02  1.0608E-02
  7.2822E+02  4.5257E-02  1.1086E-02
  7.3051E+02  4.5719E-02  1.1556E-02
  7.3280E+02  4.6157E-02  1.2015E-02
  7.3509E+02  4.6553E-02  1.2462E-02
  7.3738E+02  4.6897E-02  1.2897E-02
  7.3967E+02  4.7179E-02  1.3317E-02
  7.4196E+02  4.7399E-02  1.3724E-02
  7.4425E+02  4.7562E-02  1.4117E-02
  7.4654E+02  4.7678E-02  1.4496E-02
  7.4883E+02  4.7756E-02  1.4862E-02
  7.5112E+02  4.7810E-02  1.5215E-02
  7.5341E+02  4.7850E-02  1.5557E-02
  7.5570E+02  4.7883E-02  1.5886E-02
  7.5799E+02  4.7912E-02  1.6202E-02
  7.6028E+02  4.7936E-02  1.6504E-02
  7.6257E+02  4.7950E-02  1.6792E-02
  7.6486E+02  4.7947E-02  1.7064E-02
  7.6715E+02  4.7918E-02  1.7318E-02
  7.6944E+02  4.7852E-02  1.7555E-02
  7.7173E+02  4.7742E-02  1.7773E-02
  7.7402E+02  4.7583E-02  1.7973E-02
  7.7631E+02  4.7374E-02  1.8155E-02
  7.7860E+02  4.7121E-02  1.8321E-02
  7.8089E+02  4.6831E-02  1.8471E-02
  7.8318E+02  4.6517E-02  1.8606E-02
  7.8547E+02  4.6190E-02  1.8727E-02
  7.8776E+02  4.5862E-02  1.8834E-02
  7.9005E+02  4.5539E-02  1.8927E-02
  7.9234E+02  4.5223E-02  1.9006E-02
  7.9463E+02  4.4909E-02  1.9071E-02
  7.9692E+02  4.4590E-02  1.9119E-02
  7.9921E+02  4.4255E-02  1.9150E-02
  8.0150E+02  4.3896E-02  1.9164E-02
  8.0379E+02  4.3505E-02  1.9161E-02
  8.0608E+02  4.3079E-02  1.9140E-02
  8.0837E+02  4.2620E-02  1.9103E-02
  8.1066E+02  4.2135E-02  1.9050E-02
  8.1295E+02  4.1634E-02  1.8983E-02
  8.1524E+02  4.1125E-02  1.8904E-02
  8.1753E+02  4.0617E-02  1.8812E-02
  8.1982E+02  4.0115E-02  1.8710E-02
  8.2211E+02  3.9621E-02  1.8597E-02
  8.2440E+02  3.9132E-02  1.8473E-02
  8.2669E+02  3.8644E-02  1.8338E-02
  8.2898E+02  3.8154E-02  1.8193E-02
  8.3127E+02  3.7658E-02  1.8035E-02
  8.3356E+02  3.7154E-02  1.7866E-02
  8.3585E+02  3.6644E-02  1.7685E-02
  8.3814E+02  3.6129E-02  1.7493E-02
  8.4043E+02  3.5614E-02  1.7289E-02
  8.4272E+02  3.5099E-02  1.7075E-02
  8.4501E+02  3.4585E-02  1.6852E-02
  8.4730E+02  3.4073E-02  1.6620E-02
  8.4959E+02  3.3560E-02  1.6381E-02
  8.5188E+02  3.3047E-02  1.6135E-02
  8.5417E+02  3.2535E-02  1.5884E-02
  8.5646E+02  3.2026E-02  1.5627E-02
  8.5875E+02  3.1524E-02  1.5366E-02
  8.6104E+02  3.1034E-02  1.5101E-02
  8.6333E+02  3.0560E-02  1.4832E-02
  8.6562E+02  3.0104E-02  1.4560E-02
  8.6791E+02  2.9664E-02  1.4284E-02
  8.7020E+02  2.9237E-02  1.4005E-02
  8.7249E+02  2.8819E-02  1.3723E-02
  8.7478E+02  2.8405E-02  1.3438E-02
  8.7707E+02  2.7991E-02  1.3150E-02
  8.7936E+02  2.7578E-02  1.2859E-02
  8.8165E+02  2.7167E-02  1.2565E-02
  8.8394E+02  2.6763E-02  1.2270E-02
  8.8623E+02  2.6372E-02  1.1974E-02
  8.8852E+02  2.5997E-02  1.1679E-02
  8.9081E+02  2.5643E-02  1.1386E-02
  8.9310E+02  2.5310E-02  1.1095E-02
  8.9539E+02  2.4996E-02  1.0808E-02
  8.9768E+02  2.4699E-02  1.0524E-02
  8.9997E+02  2.4414E-02  1.0245E-02
  9.0226E+02  2.4139E-02  9.9690E-03
  9.0455E+02  2.3872E-02  9.6968E-03
  9.0684E+02  2.3612E-02  9.4280E-03
  9.0913E+02  2.3362E-02  9.1622E-03
  9.1142E+02  2.3124E-02  8.8997E-03
  9.1371E+02  2.2900E-02  8.6408E-03
  9.1600E+02  2.2691E-02  8.3859E-03
  9.1829E+02  2.2500E-02  8.1357E-03
  9.2058E+02  2.2325E-02  7.8911E-03
  9.2287E+02  2.2166E-02  7.6526E-03
  9.2516E+02  2.2020E-02  7.4208E-03
  9.2745E+02  2.1887E-02  7.1962E-03
  9.2974E+02  2.1765E-02  6.9789E-03
  9.3203E+02  2.1652E-02  6.7691E-03
  9.3432E+02  2.1548E-02  6.5666E-03
  9.3661E+02  2.1452E-02  6.3715E-03
  9.3890E+02  2.1367E-02  6.1838E-03
  9.4119E+02  2.1293E-02  6.0034E-03
  9.4348E+02  2.1233E-02  5.8306E-03
  9.4577E+02  2.1187E-02  5.6655E-03
  9.4806E+02  2.1157E-02  5.5085E-03
  9.5035E+02  2.1142E-02  5.3598E-03
  9.5264E+02  2.1140E-02  5.2196E-03
  9.5493E+02  2.1147E-02  5.0880E-03
  9.5722E+02  2.1162E-02  4.9648E-03
  9.5951E+02  2.1180E-02  4.8500E-03
  9.6180E+02  2.1202E-02  4.7433E-03
  9.6409E+02  2.1227E-02  4.6447E-03
  9.6638E+02  2.1257E-02  4.5539E-03
  9.6867E+02  2.1295E-02  4.4710E-03
  9.7096E+02  2.1343E-02  4.3961E-03
  9.7325E+02  2.1402E-02  4.3293E-03
  9.7554E+02  2.1473E-02  4.2710E-03
  9.7783E+02  2.1554E-02  4.2214E-03
  9.8012E+02  2.1643E-02  4.1805E-03
  9.8241E+02  2.1737E-02  4.1482E-03
  9.8470E+02  2.1833E-02  4.1245E-03
  9.8699E+02  2.1930E-02  4.1089E-03
  9.8928E+02  2.2028E-02  4.1012E-03
  9.9157E+02  2.2128E-02  4.1008E-03
  9.9386E+02  2.2232E-02  4.1075E-03
  9.9615E+02  2.2341E-02  4.1210E-03
  9.9844E+02  2.2456E-02  4.1411E-03
  1.0007E+03  2.2576E-02  4.1678E-03
  1.0030E+03  2.2699E-02  4.2010E-03
  1.0053E+03  2.2824E-02  4.2408E-03
  1.0076E+03  2.2948E-02  4.2871E-03
  1.0099E+03  2.3070E-02  4.3399E-03
  1.0122E+03  2.3191E-02  4.3992E-03
  1.0145E+03  2.3311E-02  4.4646E-03
  1.0168E+03  2.3434E-02  4.5360E-03
  1.0191E+03  2.3560E-02  4.6130E-03
  1.0213E+03  2.3691E-02  4.6953E-03
  1.0236E+03  2.3827E-02  4.7825E-03
  1.0259E+03  2.3966E-02  4.8743E-03
  1.0282E+03  2.4105E-02  4.9704E-03
  1.0305E+03  2.4241E-02  5.0704E-03
  1.0328E+03  2.4370E-02  5.1742E-03
  1.0351E+03  2.4491E-02  5.2815E-03
  1.0374E+03  2.4604E-02  5.3922E-03
  1.0397E+03  2.4711E-02  5.5063E-03
  1.0420E+03  2.4815E-02  5.6235E-03
  1.0442E+03  2.4921E-02  5.7439E-03
  1.0465E+03  2.5032E-02  5.8672E-03
  1.0488E+03  2.5150E-02  5.9934E-03
  1.0511E+03  2.5274E-02  6.1220E-03
  1.0534E+03  2.5401E-02  6.2527E-03
  1.0557E+03  2.5529E-02  6.3852E-03
  1.0580E+03  2.5653E-02  6.5189E-03
  1.0603E+03  2.5768E-02  6.6536E-03
  1.0626E+03  2.5871E-02  6.7888E-03
  1.0649E+03  2.5963E-02  6.9243E-03
  1.0671E+03  2.6044E-02  7.0599E-03
  1.0694E+03  2.6118E-02  7.1957E-03
  1.0717E+03  2.6189E-02  7.3317E-03
  1.0740E+03  2.6261E-02  7.4678E-03
  1.0763E+03  2.6336E-02  7.6041E-03
  1.0786E+03  2.6417E-02  7.7405E-03
  1.0809E+03  2.6503E-02  7.8767E-03
  1.0832E+03  2.6593E-02  8.0125E-03
  1.0855E+03  2.6684E-02  8.1474E-03
  1.0878E+03  2.6772E-02  8.2810E-03
  1.0900E+03  2.6854E-02  8.4129E-03
  1.0923E+03  2.6928E-02  8.5428E-03
  1.0946E+03  2.6991E-02  8.6705E-03
  1.0969E+03  2.7044E-02  8.7959E-03
  1.0992E+03  2.7087E-02  8.9189E-03
  1.1015E+03  2.7122E-02  9.0396E-03
  1.1038E+03  2.7153E-02  9.1583E-03
  1.1061E+03  2.7181E-02  9.2748E-03
  1.1084E+03  2.7211E-02  9.3893E-03
  1.1107E+03  2.7245E-02  9.5017E-03
  1.1129E+03  2.7285E-02  9.6117E-03
  1.1152E+03  2.7330E-02  9.7191E-03
  1.1175E+03  2.7377E-02  9.8236E-03
  1.1198E+03  2.7425E-02  9.9249E-03
  1.1221E+03  2.7468E-02  1.0023E-02
  1.1244E+03  2.7504E-02  1.0117E-02
  1.1267E+03  2.7529E-02  1.0207E-02
  1.1290E+03  2.7542E-02  1.0294E-02
  1.1313E+03  2.7545E-02  1.0377E-02
  1.1336E+03  2.7539E-02  1.0456E-02
  1.1358E+03  2.7527E-02  1.0532E-02
  1.1381E+03  2.7514E-02  1.0605E-02
  1.1404E+03  2.7502E-02  1.0675E-02
  1.1427E+03  2.7495E-02  1.0741E-02
  1.1450E+03  2.7492E-02  1.0804E-02
  1.1473E+03  2.7493E-02  1.0863E-02
  1.1496E+03  2.7495E-02  1.0919E-02
  1.1519E+03  2.7497E-02  1.0971E-02
  1.1542E+03  2.7496E-02  1.1019E-02
  1.1565E+03  2.7488E-02  1.1063E-02
  1.1587E+03  2.7472E-02  1.1102E-02
  1.1610E+03  2.7447E-02  1.1138E-02
  1.1633E+03  2.7413E-02  1.1170E-02
  1.1656E+03  2.7373E-02  1.1198E-02
  1.1679E+03  2.7327E-02  1.1222E-02
  1.1702E+03  2.7278E-02  1.1243E-02
  1.1725E+03  2.7229E-02  1.1261E-02
  1.1748E+03  2.7180E-02  1.1275E-02
  1.1771E+03  2.7134E-02  1.1286E-02
  1.1794E+03  2.7089E-02  1.1294E-02
  1.1816E+03  2.7045E-02  1.1298E-02
  1.1839E+03  2.7000E-02  1.1299E-02
  1.1862E+03  2.6953E-02  1.1297E-02
  1.1885E+03  2.6902E-02  1.1291E-02
  1.1908E+03  2.6846E-02  1.1281E-02
  1.1931E+03  2.6784E-02  1.1268E-02
  1.1954E+03  2.6716E-02  1.1252E-02
  1.1977E+03  2.6643E-02  1.1232E-02
  1.2000E+03  2.6566E-02  1.1210E-02
  1.2023E+03  2.6486E-02  1.1184E-02
  1.2045E+03  2.6403E-02  1.1156E-02
  1.2068E+03  2.6320E-02  1.1125E-02
  1.2091E+03  2.6236E-02  1.1092E-02
  1.2114E+03  2.6151E-02  1.1056E-02
  1.2137E+03  2.6066E-02  1.1019E-02
  1.2160E+03  2.5980E-02  1.0979E-02
  1.2183E+03  2.5894E-02  1.0936E-02
  1.2206E+03  2.5806E-02  1.0892E-02
  1.2229E+03  2.5717E-02  1.0845E-02
  1.2252E+03  2.5625E-02  1.0796E-02
  1.2274E+03  2.5531E-02  1.0744E-02
  1.2297E+03  2.5433E-02  1.0690E-02
  1.2320E+03  2.5333E-02  1.0635E-02
  1.2343E+03  2.5229E-02  1.0577E-02
  1.2366E+03  2.5124E-02  1.0518E-02
  1.2389E+03  2.5017E-02  1.0457E-02
  1.2412E+03  2.4910E-02  1.0395E-02
  1.2435E+03  2.4803E-02  1.0332E-02
  1.2458E+03  2.4697E-02  1.0268E-02
  1.2481E+03  2.4593E-02  1.0204E-02
  1.2503E+03  2.4489E-02  1.0138E-02
  1.2526E+03  2.4385E-02  1.0072E-02
  1.2549E+03  2.4281E-02  1.0005E-02
  1.2572E+03  2.4176E-02  9.9376E-03
  1.2595E+03  2.4069E-02  9.8689E-03
  1.2618E+03  2.3962E-02  9.7993E-03
  1.2641E+03  2.3855E-02  9.7290E-03
  1.2664E+03  2.3748E-02  9.6580E-03
  1.2687E+03  2.3644E-02  9.5867E-03
  1.2710E+03  2.3541E-02  9.5151E-03
  1.2732E+03  2.3440E-02  9.4436E-03
  1.2755E+03  2.3342E-02  9.3724E-03
  1.2778E+03  2.3246E-02  9.3017E-03
  1.2801E+03  2.3150E-02  9.2314E-03
  1.2824E+03  2.3054E-02  9.1618E-03
  1.2847E+03  2.2959E-02  9.0928E-03
  1.2870E+03  2.2864E-02  9.0244E-03
  1.2893E+03  2.2771E-02  8.9565E-03
  1.2916E+03  2.2680E-02  8.8892E-03
  1.2939E+03  2.2594E-02  8.8225E-03
  1.2961E+03  2.2513E-02  8.7564E-03
  1.2984E+03  2.2437E-02  8.6910E-03
  1.3007E+03  2.2366E-02  8.6266E-03
  1.3030E+03  2.2298E-02  8.5632E-03
  1.3053E+03  2.2232E-02  8.5009E-03
  1.3076E+03  2.2167E-02  8.4400E-03
  1.3099E+03  2.2101E-02  8.3804E-03
  1.3122E+03  2.2036E-02  8.3222E-03
  1.3145E+03  2.1972E-02  8.2656E-03
  1.3168E+03  2.1912E-02  8.2106E-03
  1.3190E+03  2.1857E-02  8.1571E-03
  1.3213E+03  2.1809E-02  8.1054E-03
  1.3236E+03  2.1769E-02  8.0553E-03
  1.3259E+03  2.1735E-02  8.0071E-03
  1.3282E+03  2.1707E-02  7.9607E-03
  1.3305E+03  2.1683E-02  7.9162E-03
  1.3328E+03  2.1661E-02  7.8735E-03
  1.3351E+03  2.1639E-02  7.8328E-03
  1.3374E+03  2.1617E-02  7.7940E-03
  1.3397E+03  2.1597E-02  7.7571E-03
  1.3419E+03  2.1579E-02  7.7222E-03
  1.3442E+03  2.1565E-02  7.6892E-03
  1.3465E+03  2.1557E-02  7.6583E-03
  1.3488E+03  2.1555E-02  7.6294E-03
  1.3511E+03  2.1559E-02  7.6027E-03
  1.3534E+03  2.1570E-02  7.5781E-03
  1.3557E+03  2.1585E-02  7.5558E-03
  1.3580E+03  2.1604E-02  7.5357E-03
  1.3603E+03  2.1625E-02  7.5179E-03
  1.3626E+03  2.1648E-02  7.5024E-03
  1.3648E+03  2.1673E-02  7.4891E-03
  1.3671E+03  2.1698E-02  7.4781E-03
  1.3694E+03  2.1725E-02  7.4694E-03
  1.3717E+03  2.1754E-02  7.4627E-03
  1.3740E+03  2.1785E-02  7.4583E-03
  1.3763E+03  2.1820E-02  7.4558E-03
  1.3786E+03  2.1859E-02  7.4555E-03
  1.3809E+03  2.1901E-02  7.4571E-03
  1.3832E+03  2.1948E-02  7.4607E-03
  1.3855E+03  2.1999E-02  7.4663E-03
  1.3877E+03  2.2052E-02  7.4738E-03
  1.3900E+03  2.2106E-02  7.4833E-03
  1.3923E+03  2.2161E-02  7.4948E-03
  1.3946E+03  2.2215E-02  7.5083E-03
  1.3969E+03  2.2268E-02  7.5237E-03
  1.3992E+03  2.2320E-02  7.5410E-03
  1.4015E+03  2.2371E-02  7.5602E-03
  1.4038E+03  2.2422E-02  7.5810E-03
  1.4061E+03  2.2474E-02  7.6036E-03
  1.4084E+03  2.2528E-02  7.6276E-03
  1.4106E+03  2.2584E-02  7.6532E-03
  1.4129E+03  2.2642E-02  7.6801E-03
  1.4152E+03  2.2701E-02  7.7084E-03
  1.4175E+03  2.2760E-02  7.7379E-03
  1.4198E+03  2.2818E-02  7.7686E-03
  1.4221E+03  2.2873E-02  7.8005E-03
  1.4244E+03  2.2925E-02  7.8335E-03
  1.4267E+03  2.2973E-02  7.8676E-03
  1.4290E+03  2.3018E-02  7.9028E-03
  1.4313E+03  2.3060E-02  7.9389E-03
  1.4335E+03  2.3100E-02  7.9758E-03
  1.4358E+03  2.3139E-02  8.0135E-03
  1.4381E+03  2.3177E-02  8.0518E-03
  1.4404E+03  2.3214E-02  8.0907E-03
  1.4427E+03  2.3251E-02  8.1301E-03
  1.4450E+03  2.3287E-02  8.1698E-03
  1.4473E+03  2.3320E-02  8.2098E-03
  1.4496E+03  2.3350E-02  8.2500E-03
  1.4519E+03  2.3375E-02  8.2903E-03
  1.4542E+03  2.3395E-02  8.3307E-03
  1.4564E+03  2.3410E-02  8.3712E-03
  1.4587E+03  2.3420E-02  8.4116E-03
  1.4610E+03  2.3425E-02  8.4519E-03
  1.4633E+03  2.3426E-02  8.4919E-03
  1.4656E+03  2.3425E-02  8.5317E-03
  1.4679E+03  2.3422E-02  8.5711E-03
  1.4702E+03  2.3417E-02  8.6101E-03
  1.4725E+03  2.3410E-02  8.6485E-03
  1.4748E+03  2.3401E-02  8.6862E-03
  1.4771E+03  2.3388E-02  8.7232E-03
  1.4793E+03  2.3371E-02  8.7594E-03
  1.4816E+03  2.3348E-02  8.7947E-03
  1.4839E+03  2.3320E-02  8.8292E-03
  1.4862E+03  2.3287E-02  8.8626E-03
  1.4885E+03  2.3248E-02  8.8951E-03
  1.4908E+03  2.3205E-02  8.9265E-03
  1.4931E+03  2.3158E-02  8.9568E-03
  1.4954E+03  2.3109E-02  8.9860E-03
  1.4977E+03  2.3057E-02  9.0141E-03
  1.5000E+03  2.3003E-02  9.0408E-03
  1.5022E+03  2.2948E-02  9.0663E-03
  1.5045E+03  2.2890E-02  9.0904E-03
  1.5068E+03  2.2830E-02  9.1131E-03
  1.5091E+03  2.2767E-02  9.1344E-03
  1.5114E+03  2.2699E-02  9.1541E-03
  1.5137E+03  2.2628E-02  9.1722E-03
  1.5160E+03  2.2554E-02  9.1888E-03
  1.5183E+03  2.2475E-02  9.2039E-03
  1.5206E+03  2.2394E-02  9.2174E-03
  1.5229E+03  2.2310E-02  9.2293E-03
  1.5251E+03  2.2225E-02  9.2397E-03
  1.5274E+03  2.2139E-02  9.2485E-03
  1.5297E+03  2.2052E-02  9.2558E-03
  1.5320E+03  2.1965E-02  9.2616E-03
  1.5343E+03  2.1876E-02  9.2658E-03
  1.5366E+03  2.1788E-02  9.2684E-03
  1.5389E+03  2.1698E-02  9.2694E-03
  1.5412E+03  2.1607E-02  9.2688E-03
  1.5435E+03  2.1515E-02  9.2667E-03
  1.5458E+03  2.1424E-02  9.2629E-03
  1.5480E+03  2.1332E-02  9.2576E-03
  1.5503E+03  2.1240E-02  9.2507E-03
  1.5526E+03  2.1149E-02  9.2425E-03
  1.5549E+03  2.1059E-02  9.2328E-03
  1.5572E+03  2.0968E-02  9.2218E-03
  1.5595E+03  2.0878E-02  9.2094E-03
  1.5618E+03  2.0788E-02  9.1958E-03
  1.5641E+03  2.0699E-02  9.1810E-03
  1.5664E+03  2.0612E-02  9.1650E-03
  1.5687E+03  2.0527E-02  9.1478E-03
  1.5709E+03  2.0445E-02  9.1294E-03
  1.5732E+03  2.0367E-02  9.1100E-03
  1.5755E+03  2.0292E-02  9.0896E-03
  1.5778E+03  2.0220E-02  9.0681E-03
  1.5801E+03  2.0151E-02  9.0458E-03
  1.5824E+03  2.0084E-02  9.0226E-03
  1.5847E+03  2.0018E-02  8.9986E-03
  1.5870E+03  1.9954E-02  8.9738E-03
  1.5893E+03  1.9891E-02  8.9484E-03
  1.5916E+03  1.9831E-02  8.9224E-03
  1.5938E+03  1.9774E-02  8.8958E-03
  1.5961E+03  1.9721E-02  8.8688E-03
  1.5984E+03  1.9674E-02  8.8415E-03
  1.6007E+03  1.9632E-02  8.8139E-03
  1.6030E+03  1.9594E-02  8.7861E-03
  1.6053E+03  1.9561E-02  8.7581E-03
  1.6076E+03  1.9532E-02  8.7301E-03
  1.6099E+03  1.9507E-02  8.7019E-03
  1.6122E+03  1.9484E-02  8.6737E-03
  1.6145E+03  1.9464E-02  8.6455E-03
  1.6167E+03  1.9447E-02  8.6174E-03
  1.6190E+03  1.9434E-02  8.5895E-03
  1.6213E+03  1.9425E-02  8.5618E-03
  1.6236E+03  1.9421E-02  8.5344E-03
  1.6259E+03  1.9421E-02  8.5074E-03
  1.6282E+03  1.9426E-02  8.4809E-03
  1.6305E+03  1.9435E-02  8.4549E-03
  1.6328E+03  1.9449E-02  8.4297E-03
  1.6351E+03  1.9466E-02  8.4050E-03
  1.6374E+03  1.9487E-02  8.3811E-03
  1.6396E+03  1.9511E-02  8.3580E-03
  1.6419E+03  1.9538E-02  8.3356E-03
  1.6442E+03  1.9568E-02  8.3140E-03
  1.6465E+03  1.9601E-02  8.2931E-03
  1.6488E+03  1.9638E-02  8.2732E-03
  1.6511E+03  1.9678E-02  8.2541E-03
  1.6534E+03  1.9722E-02  8.2359E-03
  1.6557E+03  1.9769E-02  8.2188E-03
  1.6580E+03  1.9818E-02  8.2027E-03
  1.6603E+03  1.9871E-02  8.1877E-03
  1.6625E+03  1.9925E-02  8.1738E-03
  1.6648E+03  1.9982E-02  8.1612E-03
  1.6671E+03  2.0040E-02  8.1497E-03
  1.6694E+03  2.0099E-02  8.1393E-03
  1.6717E+03  2.0160E-02  8.1302E-03
  1.6740E+03  2.0222E-02  8.1222E-03
  1.6763E+03  2.0286E-02  8.1154E-03
  1.6786E+03  2.0352E-02  8.1098E-03
  1.6809E+03  2.0419E-02  8.1053E-03
  1.6832E+03  2.0486E-02  8.1020E-03
  1.6854E+03  2.0555E-02  8.0998E-03
  1.6877E+03  2.0623E-02  8.0988E-03
  1.6900E+03  2.0691E-02  8.0990E-03
  1.6923E+03  2.0759E-02  8.1002E-03
  1.6946E+03  2.0826E-02  8.1027E-03
  1.6969E+03  2.0892E-02  8.1062E-03
  1.6992E+03  2.0957E-02  8.1108E-03
  1.7015E+03  2.1021E-02  8.1166E-03
  1.7038E+03  2.1084E-02  8.1233E-03
  1.7061E+03  2.1146E-02  8.1310E-03
  1.7083E+03  2.1207E-02  8.1398E-03
  1.7106E+03  2.1266E-02  8.1494E-03
  1.7129E+03  2.1323E-02  8.1600E-03
  1.7152E+03  2.1378E-02  8.1714E-03
  1.7175E+03  2.1430E-02  8.1836E-03
  1.7198E+03  2.1479E-02  8.1965E-03
  1.7221E+03  2.1525E-02  8.2102E-03
  1.7244E+03  2.1568E-02  8.2245E-03
  1.7267E+03  2.1607E-02  8.2394E-03
  1.7290E+03  2.1643E-02  8.2548E-03
  1.7312E+03  2.1675E-02  8.2707E-03
  1.7335E+03  2.1705E-02  8.2871E-03
  1.7358E+03  2.1730E-02  8.3039E-03
  1.7381E+03  2.1753E-02  8.3210E-03
  1.7404E+03  2.1772E-02  8.3384E-03
  1.7427E+03  2.1787E-02  8.3560E-03
  1.7450E+03  2.1797E-02  8.3738E-03
  1.7473E+03  2.1803E-02  8.3917E-03
  1.7496E+03  2.1803E-02  8.4097E-03
  1.7519E+03  2.1799E-02  8.4277E-03
  1.7541E+03  2.1790E-02  8.4456E-03
  1.7564E+03  2.1776E-02  8.4633E-03
  1.7587E+03  2.1757E-02  8.4809E-03
  1.7610E+03  2.1734E-02  8.4981E-03
  1.7633E+03  2.1706E-02  8.5150E-03
  1.7656E+03  2.1675E-02  8.5316E-03
  1.7679E+03  2.1639E-02  8.5477E-03
  1.7702E+03  2.1599E-02  8.5633E-03
  1.7725E+03  2.1553E-02  8.5783E-03
  1.7748E+03  2.1503E-02  8.5928E-03
  1.7770E+03  2.1448E-02  8.6066E-03
  1.7793E+03  2.1388E-02  8.6197E-03
  1.7816E+03  2.1323E-02  8.6321E-03
  1.7839E+03  2.1253E-02  8.6437E-03
  1.7862E+03  2.1178E-02  8.6545E-03
  1.7885E+03  2.1098E-02  8.6644E-03
  1.7908E+03  2.1015E-02  8.6733E-03
  1.7931E+03  2.0928E-02  8.6813E-03
  1.7954E+03  2.0838E-02  8.6883E-03
  1.7977E+03  2.0744E-02  8.6942E-03
  1.7999E+03  2.0647E-02  8.6991E-03
  1.8022E+03  2.0546E-02  8.7028E-03
  1.8045E+03  2.0442E-02  8.7054E-03
  1.8068E+03  2.0334E-02  8.7069E-03
  1.8091E+03  2.0223E-02  8.7072E-03
  1.8114E+03  2.0108E-02  8.7063E-03
  1.8137E+03  1.9990E-02  8.7042E-03
  1.8160E+03  1.9869E-02  8.7008E-03
  1.8183E+03  1.9745E-02  8.6963E-03
  1.8206E+03  1.9620E-02  8.6905E-03
  1.8228E+03  1.9493E-02  8.6836E-03
  1.8251E+03  1.9365E-02  8.6753E-03
  1.8274E+03  1.9236E-02  8.6659E-03
  1.8297E+03  1.9105E-02  8.6552E-03
  1.8320E+03  1.8974E-02  8.6433E-03
  1.8343E+03  1.8842E-02  8.6302E-03
  1.8366E+03  1.8708E-02  8.6159E-03
  1.8389E+03  1.8574E-02  8.6004E-03
  1.8412E+03  1.8440E-02  8.5837E-03
  1.8435E+03  1.8306E-02  8.5659E-03
  1.8457E+03  1.8172E-02  8.5470E-03
  1.8480E+03  1.8038E-02  8.5270E-03
  1.8503E+03  1.7906E-02  8.5061E-03
  1.8526E+03  1.7774E-02  8.4841E-03
  1.8549E+03  1.7644E-02  8.4611E-03
  1.8572E+03  1.7515E-02  8.4372E-03
  1.8595E+03  1.7388E-02  8.4124E-03
  1.8618E+03  1.7263E-02  8.3868E-03
  1.8641E+03  1.7141E-02  8.3604E-03
  1.8664E+03  1.7021E-02  8.3332E-03
  1.8686E+03  1.6904E-02  8.3053E-03
  1.8709E+03  1.6790E-02  8.2767E-03
  1.8732E+03  1.6679E-02  8.2476E-03
  1.8755E+03  1.6571E-02  8.2180E-03
  1.8778E+03  1.6467E-02  8.1879E-03
  1.8801E+03  1.6365E-02  8.1574E-03
  1.8824E+03  1.6268E-02  8.1266E-03
  1.8847E+03  1.6174E-02  8.0954E-03
  1.8870E+03  1.6084E-02  8.0640E-03
  1.8893E+03  1.6000E-02  8.0325E-03
  1.8915E+03  1.5920E-02  8.0009E-03
  1.8938E+03  1.5844E-02  7.9692E-03
  1.8961E+03  1.5774E-02  7.9376E-03
  1.8984E+03  1.5710E-02  7.9060E-03
  1.9007E+03  1.5650E-02  7.8747E-03
  1.9030E+03  1.5595E-02  7.8435E-03
  1.9053E+03  1.5546E-02  7.8127E-03
  1.9076E+03  1.5502E-02  7.7823E-03
  1.9099E+03  1.5463E-02  7.7523E-03
  1.9122E+03  1.5429E-02  7.7228E-03
  1.9144E+03  1.5401E-02  7.6939E-03
  1.9167E+03  1.5378E-02  7.6656E-03
  1.9190E+03  1.5361E-02  7.6380E-03
  1.9213E+03  1.5350E-02  7.6112E-03
  1.9236E+03  1.5345E-02  7.5851E-03
  1.9259E+03  1.5346E-02  7.5600E-03
  1.9282E+03  1.5353E-02  7.5358E-03
  1.9305E+03  1.5366E-02  7.5126E-03
  1.9328E+03  1.5385E-02  7.4905E-03
  1.9351E+03  1.5410E-02  7.4694E-03
  1.9373E+03  1.5439E-02  7.4495E-03
  1.9396E+03  1.5474E-02  7.4308E-03
  1.9419E+03  1.5515E-02  7.4133E-03
  1.9442E+03  1.5560E-02  7.3972E-03
  1.9465E+03  1.5611E-02  7.3824E-03
  1.9488E+03  1.5666E-02  7.3689E-03
  1.9511E+03  1.5728E-02  7.3569E-03
  1.9534E+03  1.5794E-02  7.3463E-03
  1.9557E+03  1.5866E-02  7.3372E-03
  1.9580E+03  1.5943E-02  7.3296E-03
  1.9602E+03  1.6024E-02  7.3236E-03
  1.9625E+03  1.6110E-02  7.3191E-03
  1.9648E+03  1.6200E-02  7.3161E-03
  1.9671E+03  1.6293E-02  7.3147E-03
  1.9694E+03  1.6391E-02  7.3150E-03
  1.9717E+03  1.6492E-02  7.3168E-03
  1.9740E+03  1.6596E-02  7.3202E-03
  1.9763E+03  1.6704E-02  7.3253E-03
  1.9786E+03  1.6815E-02  7.3320E-03
  1.9809E+03  1.6929E-02  7.3403E-03
  1.9831E+03  1.7046E-02  7.3502E-03
  1.9854E+03  1.7165E-02  7.3617E-03
  1.9877E+03  1.7287E-02  7.3749E-03
  1.9900E+03  1.7411E-02  7.3896E-03
  1.9923E+03  1.7536E-02  7.4058E-03
  1.9946E+03  1.7663E-02  7.4236E-03
  1.9969E+03  1.7791E-02  7.4428E-03
  1.9992E+03  1.7919E-02  7.4635E-03
  2.0015E+03  1.8049E-02  7.4857E-03
  2.0038E+03  1.8179E-02  7.5092E-03
  2.0060E+03  1.8309E-02  7.5341E-03
  2.0083E+03  1.8439E-02  7.5603E-03
  2.0106E+03  1.8569E-02  7.5878E-03
  2.0129E+03  1.8698E-02  7.6166E-03
  2.0152E+03  1.8827E-02  7.6465E-03
  2.0175E+03  1.8955E-02  7.6775E-03
  2.0198E+03  1.9082E-02  7.7097E-03
  2.0221E+03  1.9207E-02  7.7428E-03
  2.0244E+03  1.9329E-02  7.7769E-03
  2.0267E+03  1.9450E-02  7.8119E-03
  2.0289E+03  1.9569E-02  7.8478E-03
  2.0312E+03  1.9684E-02  7.8843E-03
  2.0335E+03  1.9798E-02  7.9216E-03
  2.0358E+03  1.9908E-02  7.9595E-03
  2.0381E+03  2.0015E-02  7.9979E-03
  2.0404E+03  2.0118E-02  8.0368E-03
  2.0427E+03  2.0219E-02  8.0761E-03
  2.0450E+03  2.0315E-02  8.1158E-03
  2.0473E+03  2.0407E-02  8.1557E-03
  2.0496E+03  2.0495E-02  8.1958E-03
  2.0518E+03  2.0578E-02  8.2360E-03
  2.0541E+03  2.0657E-02  8.2762E-03
  2.0564E+03  2.0731E-02  8.3164E-03
  2.0587E+03  2.0799E-02  8.3564E-03
  2.0610E+03  2.0863E-02  8.3963E-03
  2.0633E+03  2.0921E-02  8.4358E-03
  2.0656E+03  2.0974E-02  8.4749E-03
  2.0679E+03  2.1021E-02  8.5136E-03
  2.0702E+03  2.1063E-02  8.5518E-03
  2.0725E+03  2.1100E-02  8.5893E-03
  2.0747E+03  2.1130E-02  8.6262E-03
  2.0770E+03  2.1155E-02  8.6623E-03
  2.0793E+03  2.1173E-02  8.6975E-03
  2.0816E+03  2.1185E-02  8.7319E-03
  2.0839E+03  2.1190E-02  8.7652E-03
  2.0862E+03  2.1189E-02  8.7975E-03
  2.0885E+03  2.1182E-02  8.8287E-03
  2.0908E+03  2.1169E-02  8.8586E-03
  2.0931E+03  2.1150E-02  8.8874E-03
  2.0954E+03  2.1124E-02  8.9148E-03
  2.0976E+03  2.1093E-02  8.9408E-03
  2.0999E+03  2.1055E-02  8.9653E-03
  2.1022E+03  2.1011E-02  8.9884E-03
  2.1045E+03  2.0960E-02  9.0099E-03
  2.1068E+03  2.0902E-02  9.0298E-03
  2.1091E+03  2.0838E-02  9.0480E-03
  2.1114E+03  2.0769E-02  9.0645E-03
  2.1137E+03  2.0693E-02  9.0792E-03
  2.1160E+03  2.0611E-02  9.0921E-03
  2.1183E+03  2.0524E-02  9.1032E-03
  2.1205E+03  2.0432E-02  9.1124E-03
  2.1228E+03  2.0333E-02  9.1198E-03
  2.1251E+03  2.0230E-02  9.1252E-03
  2.1274E+03  2.0120E-02  9.1286E-03
  2.1297E+03  2.0006E-02  9.1301E-03
  2.1320E+03  1.9885E-02  9.1296E-03
  2.1343E+03  1.9760E-02  9.1270E-03
  2.1366E+03  1.9630E-02  9.1224E-03
  2.1389E+03  1.9495E-02  9.1158E-03
  2.1412E+03  1.9356E-02  9.1071E-03
  2.1434E+03  1.9213E-02  9.0964E-03
  2.1457E+03  1.9067E-02  9.0837E-03
  2.1480E+03  1.8916E-02  9.0689E-03
  2.1503E+03  1.8762E-02  9.0521E-03
  2.1526E+03  1.8604E-02  9.0333E-03
  2.1549E+03  1.8443E-02  9.0125E-03
  2.1572E+03  1.8279E-02  8.9897E-03
  2.1595E+03  1.8112E-02  8.9649E-03
  2.1618E+03  1.7942E-02  8.9383E-03
  2.1641E+03  1.7770E-02  8.9097E-03
  2.1663E+03  1.7596E-02  8.8792E-03
  2.1686E+03  1.7420E-02  8.8469E-03
  2.1709E+03  1.7243E-02  8.8129E-03
  2.1732E+03  1.7064E-02  8.7770E-03
  2.1755E+03  1.6884E-02  8.7395E-03
  2.1778E+03  1.6704E-02  8.7004E-03
  2.1801E+03  1.6523E-02  8.6596E-03
  2.1824E+03  1.6342E-02  8.6173E-03
  2.1847E+03  1.6160E-02  8.5736E-03
  2.1870E+03  1.5979E-02  8.5283E-03
  2.1892E+03  1.5798E-02  8.4818E-03
  2.1915E+03  1.5617E-02  8.4339E-03
  2.1938E+03  1.5438E-02  8.3848E-03
  2.1961E+03  1.5260E-02  8.3345E-03
  2.1984E+03  1.5083E-02  8.2831E-03
  2.2007E+03  1.4908E-02  8.2308E-03
  2.2030E+03  1.4735E-02  8.1774E-03
  2.2053E+03  1.4564E-02  8.1233E-03
  2.2076E+03  1.4396E-02  8.0684E-03
  2.2099E+03  1.4230E-02  8.0127E-03
  2.2121E+03  1.4067E-02  7.9565E-03
  2.2144E+03  1.3907E-02  7.8997E-03
  2.2167E+03  1.3751E-02  7.8425E-03
  2.2190E+03  1.3598E-02  7.7849E-03
  2.2213E+03  1.3448E-02  7.7270E-03
  2.2236E+03  1.3303E-02  7.6690E-03
  2.2259E+03  1.3162E-02  7.6109E-03
  2.2282E+03  1.3025E-02  7.5527E-03
  2.2305E+03  1.2893E-02  7.4946E-03
  2.2328E+03  1.2765E-02  7.4367E-03
  2.2350E+03  1.2643E-02  7.3791E-03
  2.2373E+03  1.2525E-02  7.3218E-03
  2.2396E+03  1.2412E-02  7.2650E-03
  2.2419E+03  1.2305E-02  7.2086E-03
  2.2442E+03  1.2203E-02  7.1529E-03
  2.2465E+03  1.2107E-02  7.0979E-03
  2.2488E+03  1.2017E-02  7.0437E-03
  2.2511E+03  1.1933E-02  6.9903E-03
  2.2534E+03  1.1855E-02  6.9379E-03
  2.2557E+03  1.1782E-02  6.8865E-03
  2.2579E+03  1.1716E-02  6.8362E-03
  2.2602E+03  1.1656E-02  6.7871E-03
  2.2625E+03  1.1602E-02  6.7393E-03
  2.2648E+03  1.1555E-02  6.6928E-03
  2.2671E+03  1.1514E-02  6.6478E-03
  2.2694E+03  1.1479E-02  6.6042E-03
  2.2717E+03  1.1451E-02  6.5622E-03
  2.2740E+03  1.1430E-02  6.5219E-03
  2.2763E+03  1.1415E-02  6.4832E-03
  2.2786E+03  1.1407E-02  6.4462E-03
  2.2808E+03  1.1405E-02  6.4111E-03
  2.2831E+03  1.1410E-02  6.3779E-03
  2.2854E+03  1.1421E-02  6.3466E-03
  2.2877E+03  1.1439E-02  6.3172E-03
  2.2900E+03  1.1463E-02  6.2898E-03
  2.2923E+03  1.1493E-02  6.2646E-03
  2.2946E+03  1.1529E-02  6.2414E-03
  2.2969E+03  1.1572E-02  6.2203E-03
  2.2992E+03  1.1621E-02  6.2015E-03
  2.3015E+03  1.1677E-02  6.1848E-03
  2.3037E+03  1.1738E-02  6.1704E-03
  2.3060E+03  1.1805E-02  6.1583E-03
  2.3083E+03  1.1878E-02  6.1484E-03
  2.3106E+03  1.1956E-02  6.1409E-03
  2.3129E+03  1.2039E-02  6.1357E-03
  2.3152E+03  1.2128E-02  6.1327E-03
  2.3175E+03  1.2222E-02  6.1321E-03
  2.3198E+03  1.2321E-02  6.1339E-03
  2.3221E+03  1.2425E-02  6.1379E-03
  2.3244E+03  1.2534E-02  6.1443E-03
  2.3266E+03  1.2648E-02  6.1530E-03
  2.3289E+03  1.2766E-02  6.1641E-03
  2.3312E+03  1.2888E-02  6.1774E-03
  2.3335E+03  1.3015E-02  6.1931E-03
  2.3358E+03  1.3144E-02  6.2109E-03
  2.3381E+03  1.3277E-02  6.2310E-03
  2.3404E+03  1.3414E-02  6.2534E-03
  2.3427E+03  1.3553E-02  6.2778E-03
  2.3450E+03  1.3696E-02  6.3044E-03
  2.3473E+03  1.3841E-02  6.3331E-03
  2.3495E+03  1.3989E-02  6.3639E-03
  2.3518E+03  1.4140E-02  6.3966E-03
  2.3541E+03  1.4292E-02  6.4313E-03
  2.3564E+03  1.4446E-02  6.4680E-03
  2.3587E+03  1.4602E-02  6.5064E-03
  2.3610E+03  1.4758E-02  6.5467E-03
  2.3633E+03  1.4916E-02  6.5887E-03
  2.3656E+03  1.5075E-02  6.6323E-03
  2.3679E+03  1.5235E-02  6.6776E-03
  2.3702E+03  1.5395E-02  6.7244E-03
  2.3724E+03  1.5555E-02  6.7727E-03
  2.3747E+03  1.5715E-02  6.8223E-03
  2.3770E+03  1.5875E-02  6.8733E-03
  2.3793E+03  1.6033E-02  6.9255E-03
  2.3816E+03  1.6191E-02  6.9789E-03
  2.3839E+03  1.6348E-02  7.0333E-03
  2.3862E+03  1.6504E-02  7.0888E-03
  2.3885E+03  1.6658E-02  7.1451E-03
  2.3908E+03  1.6810E-02  7.2023E-03
  2.3930E+03  1.6961E-02  7.2602E-03
  2.3953E+03  1.7110E-02  7.3188E-03
  2.3976E+03  1.7256E-02  7.3779E-03
  2.3999E+03  1.7400E-02  7.4376E-03
  2.4022E+03  1.7540E-02  7.4976E-03
  2.4045E+03  1.7677E-02  7.5579E-03
  2.4068E+03  1.7811E-02  7.6183E-03
  2.4091E+03  1.7941E-02  7.6789E-03
  2.4114E+03  1.8068E-02  7.7395E-03
  2.4137E+03  1.8191E-02  7.8000E-03
  2.4159E+03  1.8310E-02  7.8604E-03
  2.4182E+03  1.8425E-02  7.9205E-03
  2.4205E+03  1.8536E-02  7.9802E-03
  2.4228E+03  1.8643E-02  8.0395E-03
  2.4251E+03  1.8745E-02  8.0983E-03
  2.4274E+03  1.8842E-02  8.1564E-03
  2.4297E+03  1.8933E-02  8.2138E-03
  2.4320E+03  1.9020E-02  8.2705E-03
  2.4343E+03  1.9101E-02  8.3262E-03
  2.4366E+03  1.9177E-02  8.3809E-03
  2.4388E+03  1.9247E-02  8.4346E-03
  2.4411E+03  1.9313E-02  8.4872E-03
  2.4434E+03  1.9373E-02  8.5385E-03
  2.4457E+03  1.9427E-02  8.5886E-03
  2.4480E+03  1.9476E-02  8.6372E-03
  2.4503E+03  1.9519E-02  8.6845E-03
  2.4526E+03  1.9556E-02  8.7302E-03
  2.4549E+03  1.9587E-02  8.7743E-03
  2.4572E+03  1.9611E-02  8.8168E-03
  2.4595E+03  1.9630E-02  8.8575E-03
  2.4617E+03  1.9642E-02  8.8965E-03
  2.4640E+03  1.9648E-02  8.9336E-03
  2.4663E+03  1.9649E-02  8.9688E-03
  2.4686E+03  1.9644E-02  9.0020E-03
  2.4709E+03  1.9633E-02  9.0332E-03
  2.4732E+03  1.9616E-02  9.0624E-03
  2.4755E+03  1.9593E-02  9.0895E-03
  2.4778E+03  1.9564E-02  9.1145E-03
  2.4801E+03  1.9529E-02  9.1373E-03
  2.4824E+03  1.9488E-02  9.1578E-03
  2.4846E+03  1.9441E-02  9.1761E-03
  2.4869E+03  1.9388E-02  9.1922E-03
  2.4892E+03  1.9330E-02  9.2059E-03
  2.4915E+03  1.9266E-02  9.2173E-03
  2.4938E+03  1.9197E-02  9.2263E-03
  2.4961E+03  1.9122E-02  9.2330E-03
  2.4984E+03  1.9043E-02  9.2373E-03
  2.5007E+03  1.8958E-02  9.2393E-03
  2.5030E+03  1.8868E-02  9.2388E-03
  2.5053E+03  1.8774E-02  9.2360E-03
  2.5075E+03  1.8675E-02  9.2308E-03
  2.5098E+03  1.8570E-02  9.2233E-03
  2.5121E+03  1.8462E-02  9.2133E-03
  2.5144E+03  1.8348E-02  9.2010E-03
  2.5167E+03  1.8231E-02  9.1864E-03
  2.5190E+03  1.8109E-02  9.1695E-03
  2.5213E+03  1.7984E-02  9.1502E-03
  2.5236E+03  1.7856E-02  9.1287E-03
  2.5259E+03  1.7723E-02  9.1049E-03
  2.5282E+03  1.7588E-02  9.0789E-03
  2.5304E+03  1.7450E-02  9.0508E-03
  2.5327E+03  1.7308E-02  9.0205E-03
  2.5350E+03  1.7164E-02  8.9882E-03
  2.5373E+03  1.7017E-02  8.9538E-03
  2.5396E+03  1.6867E-02  8.9174E-03
  2.5419E+03  1.6715E-02  8.8790E-03
  2.5442E+03  1.6561E-02  8.8388E-03
  2.5465E+03  1.6405E-02  8.7967E-03
  2.5488E+03  1.6248E-02  8.7528E-03
  2.5511E+03  1.6089E-02  8.7072E-03
  2.5533E+03  1.5930E-02  8.6600E-03
  2.5556E+03  1.5769E-02  8.6112E-03
  2.5579E+03  1.5608E-02  8.5608E-03
  2.5602E+03  1.5446E-02  8.5090E-03
  2.5625E+03  1.5283E-02  8.4558E-03
  2.5648E+03  1.5120E-02  8.4013E-03
  2.5671E+03  1.4956E-02  8.3456E-03
  2.5694E+03  1.4793E-02  8.2887E-03
  2.5717E+03  1.4631E-02  8.2307E-03
  2.5740E+03  1.4469E-02  8.1717E-03
  2.5762E+03  1.4308E-02  8.1118E-03
  2.5785E+03  1.4148E-02  8.0511E-03
  2.5808E+03  1.3989E-02  7.9896E-03
  2.5831E+03  1.3832E-02  7.9275E-03
  2.5854E+03  1.3676E-02  7.8647E-03
  2.5877E+03  1.3521E-02  7.8015E-03
  2.5900E+03  1.3368E-02  7.7378E-03
  2.5923E+03  1.3217E-02  7.6738E-03
  2.5946E+03  1.3068E-02  7.6096E-03
  2.5969E+03  1.2922E-02  7.5451E-03
  2.5991E+03  1.2778E-02  7.4806E-03
  2.6014E+03  1.2638E-02  7.4162E-03
  2.6037E+03  1.2500E-02  7.3518E-03
  2.6060E+03  1.2365E-02  7.2876E-03
  2.6083E+03  1.2233E-02  7.2237E-03
  2.6106E+03  1.2104E-02  7.1601E-03
  2.6129E+03  1.1978E-02  7.0969E-03
  2.6152E+03  1.1855E-02  7.0343E-03
  2.6175E+03  1.1736E-02  6.9722E-03
  2.6198E+03  1.1621E-02  6.9109E-03
  2.6220E+03  1.1510E-02  6.8502E-03
  2.6243E+03  1.1403E-02  6.7904E-03
  2.6266E+03  1.1300E-02  6.7315E-03
  2.6289E+03  1.1202E-02  6.6736E-03
  2.6312E+03  1.1107E-02  6.6168E-03
  2.6335E+03  1.1016E-02  6.5610E-03
  2.6358E+03  1.0930E-02  6.5065E-03
  2.6381E+03  1.0847E-02  6.4532E-03
  2.6404E+03  1.0769E-02  6.4012E-03
  2.6427E+03  1.0696E-02  6.3506E-03
  2.6449E+03  1.0627E-02  6.3014E-03
  2.6472E+03  1.0563E-02  6.2538E-03
  2.6495E+03  1.0504E-02  6.2077E-03
  2.6518E+03  1.0449E-02  6.1632E-03
  2.6541E+03  1.0398E-02  6.1204E-03
  2.6564E+03  1.0353E-02  6.0793E-03
  2.6587E+03  1.0312E-02  6.0399E-03
  2.6610E+03  1.0275E-02  6.0024E-03
  2.6633E+03  1.0243E-02  5.9667E-03
  2.6656E+03  1.0216E-02  5.9328E-03
  2.6678E+03  1.0193E-02  5.9009E-03
  2.6701E+03  1.0175E-02  5.8709E-03
  2.6724E+03  1.0162E-02  5.8429E-03
  2.6747E+03  1.0153E-02  5.8169E-03
  2.6770E+03  1.0148E-02  5.7929E-03
  2.6793E+03  1.0148E-02  5.7709E-03
  2.6816E+03  1.0152E-02  5.7510E-03
  2.6839E+03  1.0160E-02  5.7332E-03
  2.6862E+03  1.0173E-02  5.7175E-03
  2.6885E+03  1.0190E-02  5.7038E-03
  2.6907E+03  1.0211E-02  5.6923E-03
  2.6930E+03  1.0237E-02  5.6828E-03
  2.6953E+03  1.0266E-02  5.6755E-03
  2.6976E+03  1.0299E-02  5.6702E-03
  2.6999E+03  1.0336E-02  5.6671E-03
  2.7022E+03  1.0376E-02  5.6660E-03
  2.7045E+03  1.0420E-02  5.6670E-03
  2.7068E+03  1.0468E-02  5.6700E-03
  2.7091E+03  1.0519E-02  5.6751E-03
  2.7114E+03  1.0573E-02  5.6822E-03
  2.7136E+03  1.0630E-02  5.6913E-03
  2.7159E+03  1.0691E-02  5.7024E-03
  2.7182E+03  1.0754E-02  5.7154E-03
  2.7205E+03  1.0821E-02  5.7303E-03
  2.7228E+03  1.0891E-02  5.7471E-03
  2.7251E+03  1.0963E-02  5.7658E-03
  2.7274E+03  1.1037E-02  5.7862E-03
  2.7297E+03  1.1113E-02  5.8085E-03
  2.7320E+03  1.1192E-02  5.8324E-03
  2.7343E+03  1.1273E-02  5.8581E-03
  2.7365E+03  1.1356E-02  5.8853E-03
  2.7388E+03  1.1440E-02  5.9142E-03
  2.7411E+03  1.1527E-02  5.9446E-03
  2.7434E+03  1.1615E-02  5.9765E-03
  2.7457E+03  1.1705E-02  6.0098E-03
  2.7480E+03  1.1797E-02  6.0445E-03
  2.7503E+03  1.1889E-02  6.0805E-03
  2.7526E+03  1.1983E-02  6.1178E-03
  2.7549E+03  1.2077E-02  6.1564E-03
  2.7572E+03  1.2172E-02  6.1960E-03
  2.7594E+03  1.2268E-02  6.2368E-03
  2.7617E+03  1.2364E-02  6.2785E-03
  2.7640E+03  1.2461E-02  6.3213E-03
  2.7663E+03  1.2558E-02  6.3649E-03
  2.7686E+03  1.2655E-02  6.4093E-03
  2.7709E+03  1.2753E-02  6.4546E-03
  2.7732E+03  1.2851E-02  6.5005E-03
  2.7755E+03  1.2948E-02  6.5470E-03
  2.7778E+03  1.3046E-02  6.5942E-03
  2.7801E+03  1.3143E-02  6.6418E-03
  2.7823E+03  1.3239E-02  6.6899E-03
  2.7846E+03  1.3334E-02  6.7383E-03
  2.7869E+03  1.3429E-02  6.7871E-03
  2.7892E+03  1.3523E-02  6.8360E-03
  2.7915E+03  1.3615E-02  6.8852E-03
  2.7938E+03  1.3707E-02  6.9344E-03
  2.7961E+03  1.3798E-02  6.9836E-03
  2.7984E+03  1.3888E-02  7.0328E-03
  2.8007E+03  1.3976E-02  7.0820E-03
  2.8030E+03  1.4063E-02  7.1309E-03
  2.8052E+03  1.4149E-02  7.1797E-03
  2.8075E+03  1.4233E-02  7.2281E-03
  2.8098E+03  1.4315E-02  7.2762E-03
  2.8121E+03  1.4395E-02  7.3239E-03
  2.8144E+03  1.4474E-02  7.3711E-03
  2.8167E+03  1.4550E-02  7.4178E-03
  2.8190E+03  1.4624E-02  7.4639E-03
  2.8213E+03  1.4696E-02  7.5093E-03
  2.8236E+03  1.4767E-02  7.5540E-03
  2.8259E+03  1.4835E-02  7.5980E-03
  2.8281E+03  1.4902E-02  7.6411E-03
  2.8304E+03  1.4966E-02  7.6834E-03
  2.8327E+03  1.5028E-02  7.7248E-03
  2.8350E+03  1.5087E-02  7.7653E-03
  2.8373E+03  1.5143E-02  7.8048E-03
  2.8396E+03  1.5197E-02  7.8432E-03
  2.8419E+03  1.5249E-02  7.8805E-03
  2.8442E+03  1.5297E-02  7.9166E-03
  2.8465E+03  1.5344E-02  7.9516E-03
  2.8488E+03  1.5388E-02  7.9854E-03
  2.8510E+03  1.5429E-02  8.0180E-03
  2.8533E+03  1.5468E-02  8.0492E-03
  2.8556E+03  1.5505E-02  8.0792E-03
  2.8579E+03  1.5539E-02  8.1079E-03
  2.8602E+03  1.5570E-02  8.1352E-03
  2.8625E+03  1.5598E-02  8.1611E-03
  2.8648E+03  1.5624E-02  8.1855E-03
  2.8671E+03  1.5646E-02  8.2086E-03
  2.8694E+03  1.5666E-02  8.2302E-03
  2.8717E+03  1.5683E-02  8.2503E-03
  2.8739E+03  1.5698E-02  8.2690E-03
  2.8762E+03  1.5711E-02  8.2862E-03
  2.8785E+03  1.5721E-02  8.3018E-03
  2.8808E+03  1.5728E-02  8.3160E-03
  2.8831E+03  1.5732E-02  8.3286E-03
  2.8854E+03  1.5734E-02  8.3397E-03
  2.8877E+03  1.5734E-02  8.3493E-03
  2.8900E+03  1.5730E-02  8.3573E-03
  2.8923E+03  1.5724E-02  8.3638E-03
  2.8946E+03  1.5716E-02  8.3688E-03
  2.8968E+03  1.5705E-02  8.3723E-03
  2.8991E+03  1.5693E-02  8.3743E-03
  2.9014E+03  1.5677E-02  8.3747E-03
  2.9037E+03  1.5660E-02  8.3737E-03
  2.9060E+03  1.5640E-02  8.3712E-03
  2.9083E+03  1.5618E-02  8.3673E-03
  2.9106E+03  1.5594E-02  8.3619E-03
  2.9129E+03  1.5567E-02  8.3550E-03
  2.9152E+03  1.5538E-02  8.3468E-03
  2.9175E+03  1.5508E-02  8.3371E-03
  2.9197E+03  1.5475E-02  8.3261E-03
  2.9220E+03  1.5441E-02  8.3138E-03
  2.9243E+03  1.5405E-02  8.3001E-03
  2.9266E+03  1.5367E-02  8.2852E-03
  2.9289E+03  1.5327E-02  8.2690E-03
  2.9312E+03  1.5285E-02  8.2516E-03
  2.9335E+03  1.5242E-02  8.2330E-03
  2.9358E+03  1.5197E-02  8.2132E-03
  2.9381E+03  1.5150E-02  8.1923E-03
  2.9404E+03  1.5102E-02  8.1702E-03
  2.9426E+03  1.5053E-02  8.1472E-03
  2.9449E+03  1.5002E-02  8.1231E-03
  2.9472E+03  1.4950E-02  8.0980E-03
  2.9495E+03  1.4897E-02  8.0719E-03
  2.9518E+03  1.4843E-02  8.0450E-03
  2.9541E+03  1.4788E-02  8.0172E-03
  2.9564E+03  1.4731E-02  7.9885E-03
  2.9587E+03  1.4674E-02  7.9591E-03
  2.9610E+03  1.4615E-02  7.9289E-03
  2.9633E+03  1.4556E-02  7.8980E-03
  2.9655E+03  1.4496E-02  7.8665E-03
  2.9678E+03  1.4435E-02  7.8344E-03
  2.9701E+03  1.4374E-02  7.8016E-03
  2.9724E+03  1.4312E-02  7.7684E-03
  2.9747E+03  1.4249E-02  7.7346E-03
  2.9770E+03  1.4186E-02  7.7004E-03
  2.9793E+03  1.4123E-02  7.6658E-03
  2.9816E+03  1.4059E-02  7.6309E-03
  2.9839E+03  1.3995E-02  7.5956E-03
  2.9862E+03  1.3931E-02  7.5601E-03
  2.9884E+03  1.3866E-02  7.5244E-03
  2.9907E+03  1.3802E-02  7.4885E-03
  2.9930E+03  1.3737E-02  7.4524E-03
  2.9953E+03  1.3673E-02  7.4162E-03
  2.9976E+03  1.3608E-02  7.3801E-03
  2.9999E+03  1.3544E-02  7.3438E-03
  3.0000E+03  1.3541E-02  7.3423E-03
