# CREATED BY GENE DIAGNOSTICS TOOL on Wed Dec 16 19:17:24 2020
# diag: timetrace, run(s): 0021, time window: 0-3000(1417 steps), species: ions
# original data path: /marconi_scratch/userexternal/cmoreno0/GAM_HP_scan/scanfiles0003/
# normalization: L_ref=1.65m
#
#  t          Re[phi]     Im[phi]   
  0.0000E+00  9.9998E-01  0.0000E+00
  2.1200E+00  9.3840E-01  8.1320E-04
  4.2400E+00  8.4739E-01  1.4836E-03
  6.3600E+00  7.9713E-01  1.9256E-03
  8.4800E+00  7.5925E-01  2.3371E-03
  1.0600E+01  7.1483E-01  2.6804E-03
  1.2720E+01  6.7358E-01  2.8783E-03
  1.4840E+01  6.4307E-01  2.9674E-03
  1.6960E+01  6.2274E-01  3.0182E-03
  1.9080E+01  6.1062E-01  3.0861E-03
  2.1200E+01  6.0554E-01  3.2123E-03
  2.3320E+01  6.0632E-01  3.4224E-03
  2.5440E+01  6.1123E-01  3.7216E-03
  2.7560E+01  6.1834E-01  4.0983E-03
  2.9680E+01  6.2583E-01  4.5276E-03
  3.1800E+01  6.3219E-01  4.9826E-03
  3.3920E+01  6.3654E-01  5.4351E-03
  3.6040E+01  6.3840E-01  5.8634E-03
  3.8160E+01  6.3799E-01  6.2596E-03
  4.0280E+01  6.3539E-01  6.6118E-03
  4.2400E+01  6.3120E-01  6.9269E-03
  4.4520E+01  6.2631E-01  7.2094E-03
  4.6640E+01  6.2080E-01  7.4627E-03
  4.8760E+01  6.1515E-01  7.7020E-03
  5.0880E+01  6.0994E-01  7.9337E-03
  5.3000E+01  6.0522E-01  8.1659E-03
  5.5120E+01  6.0110E-01  8.4068E-03
  5.7240E+01  5.9761E-01  8.6589E-03
  5.9360E+01  5.9471E-01  8.9251E-03
  6.1480E+01  5.9229E-01  9.2031E-03
  6.3600E+01  5.9028E-01  9.4899E-03
  6.5720E+01  5.8844E-01  9.7886E-03
  6.7840E+01  5.8678E-01  1.0088E-02
  6.9960E+01  5.8531E-01  1.0389E-02
  7.2080E+01  5.8387E-01  1.0698E-02
  7.4200E+01  5.8240E-01  1.0991E-02
  7.6320E+01  5.8101E-01  1.1268E-02
  7.8440E+01  5.7947E-01  1.1569E-02
  8.0560E+01  5.7746E-01  1.1869E-02
  8.2680E+01  5.7548E-01  1.2132E-02
  8.4800E+01  5.7394E-01  1.2385E-02
  8.6920E+01  5.7257E-01  1.2649E-02
  8.9040E+01  5.7101E-01  1.2910E-02
  9.1160E+01  5.6933E-01  1.3161E-02
  9.3280E+01  5.6771E-01  1.3408E-02
  9.5400E+01  5.6612E-01  1.3654E-02
  9.7520E+01  5.6451E-01  1.3899E-02
  9.9640E+01  5.6286E-01  1.4143E-02
  1.0176E+02  5.6121E-01  1.4386E-02
  1.0388E+02  5.5957E-01  1.4631E-02
  1.0600E+02  5.5793E-01  1.4877E-02
  1.0812E+02  5.5627E-01  1.5122E-02
  1.1024E+02  5.5462E-01  1.5364E-02
  1.1236E+02  5.5301E-01  1.5605E-02
  1.1448E+02  5.5146E-01  1.5847E-02
  1.1660E+02  5.4998E-01  1.6089E-02
  1.1872E+02  5.4853E-01  1.6329E-02
  1.2084E+02  5.4713E-01  1.6568E-02
  1.2296E+02  5.4576E-01  1.6807E-02
  1.2508E+02  5.4445E-01  1.7047E-02
  1.2720E+02  5.4317E-01  1.7285E-02
  1.2932E+02  5.4195E-01  1.7521E-02
  1.3144E+02  5.4074E-01  1.7755E-02
  1.3356E+02  5.3953E-01  1.7987E-02
  1.3568E+02  5.3832E-01  1.8221E-02
  1.3780E+02  5.3713E-01  1.8455E-02
  1.3992E+02  5.3597E-01  1.8686E-02
  1.4204E+02  5.3485E-01  1.8916E-02
  1.4416E+02  5.3374E-01  1.9143E-02
  1.4628E+02  5.3263E-01  1.9370E-02
  1.4840E+02  5.3151E-01  1.9598E-02
  1.5052E+02  5.3040E-01  1.9827E-02
  1.5264E+02  5.2932E-01  2.0054E-02
  1.5476E+02  5.2828E-01  2.0278E-02
  1.5688E+02  5.2727E-01  2.0501E-02
  1.5900E+02  5.2626E-01  2.0721E-02
  1.6112E+02  5.2524E-01  2.0941E-02
  1.6324E+02  5.2421E-01  2.1162E-02
  1.6536E+02  5.2319E-01  2.1383E-02
  1.6748E+02  5.2220E-01  2.1603E-02
  1.6960E+02  5.2125E-01  2.1820E-02
  1.7172E+02  5.2031E-01  2.2035E-02
  1.7384E+02  5.1936E-01  2.2249E-02
  1.7596E+02  5.1839E-01  2.2461E-02
  1.7808E+02  5.1741E-01  2.2673E-02
  1.8020E+02  5.1643E-01  2.2884E-02
  1.8232E+02  5.1549E-01  2.3096E-02
  1.8444E+02  5.1460E-01  2.3308E-02
  1.8656E+02  5.1373E-01  2.3519E-02
  1.8868E+02  5.1288E-01  2.3728E-02
  1.9080E+02  5.1202E-01  2.3936E-02
  1.9292E+02  5.1114E-01  2.4142E-02
  1.9504E+02  5.1024E-01  2.4347E-02
  1.9716E+02  5.0934E-01  2.4552E-02
  1.9928E+02  5.0845E-01  2.4756E-02
  2.0140E+02  5.0760E-01  2.4962E-02
  2.0352E+02  5.0680E-01  2.5169E-02
  2.0564E+02  5.0602E-01  2.5374E-02
  2.0776E+02  5.0525E-01  2.5579E-02
  2.0988E+02  5.0448E-01  2.5780E-02
  2.1200E+02  5.0370E-01  2.5979E-02
  2.1412E+02  5.0291E-01  2.6175E-02
  2.1624E+02  5.0211E-01  2.6370E-02
  2.1836E+02  5.0130E-01  2.6566E-02
  2.2048E+02  5.0049E-01  2.6764E-02
  2.2260E+02  4.9969E-01  2.6964E-02
  2.2472E+02  4.9892E-01  2.7164E-02
  2.2684E+02  4.9815E-01  2.7363E-02
  2.2896E+02  4.9739E-01  2.7560E-02
  2.3108E+02  4.9664E-01  2.7753E-02
  2.3320E+02  4.9591E-01  2.7943E-02
  2.3532E+02  4.9519E-01  2.8130E-02
  2.3744E+02  4.9447E-01  2.8317E-02
  2.3956E+02  4.9375E-01  2.8504E-02
  2.4168E+02  4.9301E-01  2.8693E-02
  2.4380E+02  4.9227E-01  2.8884E-02
  2.4592E+02  4.9155E-01  2.9077E-02
  2.4804E+02  4.9085E-01  2.9270E-02
  2.5016E+02  4.9019E-01  2.9461E-02
  2.5228E+02  4.8954E-01  2.9649E-02
  2.5440E+02  4.8892E-01  2.9835E-02
  2.5652E+02  4.8830E-01  3.0018E-02
  2.5864E+02  4.8768E-01  3.0199E-02
  2.6076E+02  4.8702E-01  3.0380E-02
  2.6288E+02  4.8631E-01  3.0562E-02
  2.6500E+02  4.8556E-01  3.0744E-02
  2.6712E+02  4.8479E-01  3.0928E-02
  2.6924E+02  4.8405E-01  3.1111E-02
  2.7136E+02  4.8335E-01  3.1295E-02
  2.7348E+02  4.8272E-01  3.1477E-02
  2.7560E+02  4.8215E-01  3.1658E-02
  2.7772E+02  4.8161E-01  3.1837E-02
  2.7984E+02  4.8108E-01  3.2014E-02
  2.8196E+02  4.8051E-01  3.2190E-02
  2.8408E+02  4.7988E-01  3.2366E-02
  2.8620E+02  4.7917E-01  3.2541E-02
  2.8832E+02  4.7840E-01  3.2717E-02
  2.9044E+02  4.7760E-01  3.2892E-02
  2.9256E+02  4.7682E-01  3.3068E-02
  2.9468E+02  4.7609E-01  3.3243E-02
  2.9680E+02  4.7546E-01  3.3418E-02
  2.9892E+02  4.7494E-01  3.3592E-02
  3.0104E+02  4.7453E-01  3.3764E-02
  3.0316E+02  4.7420E-01  3.3936E-02
  3.0528E+02  4.7388E-01  3.4107E-02
  3.0740E+02  4.7352E-01  3.4277E-02
  3.0952E+02  4.7305E-01  3.4448E-02
  3.1164E+02  4.7245E-01  3.4618E-02
  3.1376E+02  4.7173E-01  3.4788E-02
  3.1588E+02  4.7090E-01  3.4959E-02
  3.1800E+02  4.7004E-01  3.5129E-02
  3.2012E+02  4.6920E-01  3.5300E-02
  3.2224E+02  4.6844E-01  3.5470E-02
  3.2436E+02  4.6778E-01  3.5640E-02
  3.2648E+02  4.6725E-01  3.5808E-02
  3.2860E+02  4.6683E-01  3.5976E-02
  3.3072E+02  4.6650E-01  3.6141E-02
  3.3284E+02  4.6619E-01  3.6305E-02
  3.3496E+02  4.6584E-01  3.6467E-02
  3.3708E+02  4.6540E-01  3.6627E-02
  3.3920E+02  4.6484E-01  3.6787E-02
  3.4132E+02  4.6420E-01  3.6946E-02
  3.4344E+02  4.6348E-01  3.7105E-02
  3.4556E+02  4.6276E-01  3.7265E-02
  3.4768E+02  4.6206E-01  3.7426E-02
  3.4980E+02  4.6143E-01  3.7589E-02
  3.5192E+02  4.6089E-01  3.7753E-02
  3.5404E+02  4.6046E-01  3.7919E-02
  3.5616E+02  4.6012E-01  3.8086E-02
  3.5828E+02  4.5983E-01  3.8253E-02
  3.6040E+02  4.5954E-01  3.8419E-02
  3.6252E+02  4.5918E-01  3.8583E-02
  3.6464E+02  4.5873E-01  3.8745E-02
  3.6676E+02  4.5815E-01  3.8904E-02
  3.6888E+02  4.5746E-01  3.9060E-02
  3.7100E+02  4.5666E-01  3.9214E-02
  3.7312E+02  4.5583E-01  3.9365E-02
  3.7524E+02  4.5501E-01  3.9515E-02
  3.7736E+02  4.5426E-01  3.9665E-02
  3.7948E+02  4.5361E-01  3.9815E-02
  3.8160E+02  4.5310E-01  3.9966E-02
  3.8372E+02  4.5272E-01  4.0119E-02
  3.8584E+02  4.5244E-01  4.0275E-02
  3.8796E+02  4.5224E-01  4.0434E-02
  3.9008E+02  4.5205E-01  4.0595E-02
  3.9220E+02  4.5185E-01  4.0757E-02
  3.9432E+02  4.5160E-01  4.0920E-02
  3.9644E+02  4.5126E-01  4.1081E-02
  3.9856E+02  4.5081E-01  4.1240E-02
  4.0068E+02  4.5027E-01  4.1397E-02
  4.0280E+02  4.4964E-01  4.1551E-02
  4.0492E+02  4.4896E-01  4.1702E-02
  4.0704E+02  4.4825E-01  4.1850E-02
  4.0916E+02  4.4755E-01  4.1997E-02
  4.1128E+02  4.4688E-01  4.2142E-02
  4.1340E+02  4.4625E-01  4.2286E-02
  4.1552E+02  4.4570E-01  4.2430E-02
  4.1764E+02  4.4521E-01  4.2575E-02
  4.1976E+02  4.4479E-01  4.2721E-02
  4.2188E+02  4.4442E-01  4.2869E-02
  4.2400E+02  4.4408E-01  4.3019E-02
  4.2612E+02  4.4377E-01  4.3171E-02
  4.2824E+02  4.4346E-01  4.3325E-02
  4.3036E+02  4.4315E-01  4.3480E-02
  4.3248E+02  4.4282E-01  4.3634E-02
  4.3460E+02  4.4245E-01  4.3788E-02
  4.3672E+02  4.4204E-01  4.3940E-02
  4.3884E+02  4.4159E-01  4.4090E-02
  4.4096E+02  4.4110E-01  4.4239E-02
  4.4308E+02  4.4059E-01  4.4386E-02
  4.4520E+02  4.4005E-01  4.4532E-02
  4.4732E+02  4.3952E-01  4.4676E-02
  4.4944E+02  4.3898E-01  4.4820E-02
  4.5156E+02  4.3846E-01  4.4963E-02
  4.5368E+02  4.3795E-01  4.5105E-02
  4.5580E+02  4.3746E-01  4.5248E-02
  4.5792E+02  4.3698E-01  4.5390E-02
  4.6004E+02  4.3651E-01  4.5534E-02
  4.6216E+02  4.3607E-01  4.5678E-02
  4.6428E+02  4.3565E-01  4.5824E-02
  4.6640E+02  4.3525E-01  4.5970E-02
  4.6852E+02  4.3488E-01  4.6117E-02
  4.7064E+02  4.3452E-01  4.6264E-02
  4.7276E+02  4.3415E-01  4.6411E-02
  4.7488E+02  4.3378E-01  4.6556E-02
  4.7700E+02  4.3339E-01  4.6701E-02
  4.7912E+02  4.3297E-01  4.6844E-02
  4.8124E+02  4.3254E-01  4.6987E-02
  4.8336E+02  4.3209E-01  4.7129E-02
  4.8548E+02  4.3163E-01  4.7270E-02
  4.8760E+02  4.3116E-01  4.7411E-02
  4.8972E+02  4.3070E-01  4.7551E-02
  4.9184E+02  4.3025E-01  4.7691E-02
  4.9396E+02  4.2981E-01  4.7831E-02
  4.9608E+02  4.2938E-01  4.7971E-02
  4.9820E+02  4.2896E-01  4.8110E-02
  5.0032E+02  4.2853E-01  4.8251E-02
  5.0244E+02  4.2811E-01  4.8391E-02
  5.0456E+02  4.2770E-01  4.8532E-02
  5.0668E+02  4.2728E-01  4.8673E-02
  5.0880E+02  4.2688E-01  4.8815E-02
  5.1092E+02  4.2649E-01  4.8957E-02
  5.1304E+02  4.2611E-01  4.9098E-02
  5.1516E+02  4.2573E-01  4.9239E-02
  5.1728E+02  4.2535E-01  4.9379E-02
  5.1940E+02  4.2497E-01  4.9518E-02
  5.2152E+02  4.2458E-01  4.9656E-02
  5.2364E+02  4.2418E-01  4.9794E-02
  5.2576E+02  4.2376E-01  4.9931E-02
  5.2788E+02  4.2334E-01  5.0068E-02
  5.3000E+02  4.2292E-01  5.0204E-02
  5.3212E+02  4.2251E-01  5.0341E-02
  5.3424E+02  4.2211E-01  5.0477E-02
  5.3636E+02  4.2173E-01  5.0614E-02
  5.3848E+02  4.2136E-01  5.0750E-02
  5.4060E+02  4.2100E-01  5.0887E-02
  5.4272E+02  4.2064E-01  5.1024E-02
  5.4484E+02  4.2028E-01  5.1161E-02
  5.4696E+02  4.1991E-01  5.1298E-02
  5.4908E+02  4.1954E-01  5.1435E-02
  5.5120E+02  4.1915E-01  5.1572E-02
  5.5332E+02  4.1877E-01  5.1709E-02
  5.5544E+02  4.1839E-01  5.1846E-02
  5.5756E+02  4.1801E-01  5.1982E-02
  5.5968E+02  4.1764E-01  5.2119E-02
  5.6180E+02  4.1728E-01  5.2255E-02
  5.6392E+02  4.1693E-01  5.2390E-02
  5.6604E+02  4.1658E-01  5.2525E-02
  5.6816E+02  4.1624E-01  5.2660E-02
  5.7028E+02  4.1588E-01  5.2794E-02
  5.7240E+02  4.1551E-01  5.2928E-02
  5.7452E+02  4.1514E-01  5.3062E-02
  5.7664E+02  4.1475E-01  5.3196E-02
  5.7876E+02  4.1437E-01  5.3330E-02
  5.8088E+02  4.1400E-01  5.3463E-02
  5.8300E+02  4.1365E-01  5.3597E-02
  5.8512E+02  4.1331E-01  5.3730E-02
  5.8724E+02  4.1299E-01  5.3864E-02
  5.8936E+02  4.1267E-01  5.3997E-02
  5.9148E+02  4.1236E-01  5.4131E-02
  5.9360E+02  4.1203E-01  5.4264E-02
  5.9572E+02  4.1167E-01  5.4398E-02
  5.9784E+02  4.1129E-01  5.4531E-02
  5.9996E+02  4.1088E-01  5.4664E-02
  6.0208E+02  4.1045E-01  5.4797E-02
  6.0420E+02  4.1003E-01  5.4929E-02
  6.0632E+02  4.0963E-01  5.5062E-02
  6.0844E+02  4.0926E-01  5.5194E-02
  6.1056E+02  4.0892E-01  5.5325E-02
  6.1268E+02  4.0862E-01  5.5457E-02
  6.1480E+02  4.0835E-01  5.5588E-02
  6.1692E+02  4.0808E-01  5.5720E-02
  6.1904E+02  4.0780E-01  5.5851E-02
  6.2116E+02  4.0749E-01  5.5983E-02
  6.2328E+02  4.0714E-01  5.6114E-02
  6.2540E+02  4.0674E-01  5.6244E-02
  6.2752E+02  4.0631E-01  5.6375E-02
  6.2964E+02  4.0586E-01  5.6505E-02
  6.3176E+02  4.0541E-01  5.6635E-02
  6.3388E+02  4.0499E-01  5.6765E-02
  6.3600E+02  4.0460E-01  5.6895E-02
  6.3812E+02  4.0427E-01  5.7025E-02
  6.4024E+02  4.0399E-01  5.7154E-02
  6.4236E+02  4.0373E-01  5.7284E-02
  6.4448E+02  4.0349E-01  5.7413E-02
  6.4660E+02  4.0323E-01  5.7543E-02
  6.4872E+02  4.0293E-01  5.7673E-02
  6.5084E+02  4.0258E-01  5.7802E-02
  6.5296E+02  4.0218E-01  5.7931E-02
  6.5508E+02  4.0174E-01  5.8060E-02
  6.5720E+02  4.0127E-01  5.8189E-02
  6.5932E+02  4.0082E-01  5.8317E-02
  6.6144E+02  4.0040E-01  5.8446E-02
  6.6356E+02  4.0002E-01  5.8573E-02
  6.6568E+02  3.9971E-01  5.8701E-02
  6.6780E+02  3.9945E-01  5.8829E-02
  6.6992E+02  3.9923E-01  5.8957E-02
  6.7204E+02  3.9901E-01  5.9084E-02
  6.7416E+02  3.9878E-01  5.9212E-02
  6.7628E+02  3.9851E-01  5.9340E-02
  6.7840E+02  3.9817E-01  5.9467E-02
  6.8052E+02  3.9778E-01  5.9595E-02
  6.8264E+02  3.9733E-01  5.9722E-02
  6.8476E+02  3.9686E-01  5.9849E-02
  6.8688E+02  3.9638E-01  5.9975E-02
  6.8900E+02  3.9594E-01  6.0102E-02
  6.9112E+02  3.9554E-01  6.0228E-02
  6.9324E+02  3.9522E-01  6.0354E-02
  6.9536E+02  3.9496E-01  6.0480E-02
  6.9748E+02  3.9475E-01  6.0607E-02
  6.9960E+02  3.9457E-01  6.0733E-02
  7.0172E+02  3.9438E-01  6.0859E-02
  7.0384E+02  3.9417E-01  6.0985E-02
  7.0596E+02  3.9391E-01  6.1111E-02
  7.0808E+02  3.9359E-01  6.1237E-02
  7.1020E+02  3.9321E-01  6.1363E-02
  7.1232E+02  3.9280E-01  6.1488E-02
  7.1444E+02  3.9236E-01  6.1613E-02
  7.1656E+02  3.9193E-01  6.1738E-02
  7.1868E+02  3.9153E-01  6.1863E-02
  7.2080E+02  3.9118E-01  6.1988E-02
  7.2292E+02  3.9087E-01  6.2113E-02
  7.2504E+02  3.9061E-01  6.2238E-02
  7.2716E+02  3.9039E-01  6.2362E-02
  7.2928E+02  3.9018E-01  6.2487E-02
  7.3140E+02  3.8996E-01  6.2612E-02
  7.3352E+02  3.8972E-01  6.2737E-02
  7.3564E+02  3.8945E-01  6.2861E-02
  7.3776E+02  3.8914E-01  6.2985E-02
  7.3988E+02  3.8880E-01  6.3109E-02
  7.4200E+02  3.8844E-01  6.3233E-02
  7.4412E+02  3.8807E-01  6.3356E-02
  7.4624E+02  3.8772E-01  6.3479E-02
  7.4836E+02  3.8739E-01  6.3603E-02
  7.5048E+02  3.8709E-01  6.3726E-02
  7.5260E+02  3.8683E-01  6.3850E-02
  7.5472E+02  3.8660E-01  6.3973E-02
  7.5684E+02  3.8638E-01  6.4097E-02
  7.5896E+02  3.8618E-01  6.4221E-02
  7.6108E+02  3.8597E-01  6.4344E-02
  7.6320E+02  3.8573E-01  6.4467E-02
  7.6532E+02  3.8547E-01  6.4590E-02
  7.6744E+02  3.8517E-01  6.4713E-02
  7.6956E+02  3.8485E-01  6.4836E-02
  7.7168E+02  3.8451E-01  6.4959E-02
  7.7380E+02  3.8416E-01  6.5081E-02
  7.7592E+02  3.8381E-01  6.5203E-02
  7.7804E+02  3.8348E-01  6.5324E-02
  7.8016E+02  3.8317E-01  6.5446E-02
  7.8228E+02  3.8289E-01  6.5568E-02
  7.8440E+02  3.8263E-01  6.5689E-02
  7.8652E+02  3.8239E-01  6.5811E-02
  7.8864E+02  3.8216E-01  6.5933E-02
  7.9076E+02  3.8193E-01  6.6055E-02
  7.9288E+02  3.8170E-01  6.6177E-02
  7.9500E+02  3.8146E-01  6.6299E-02
  7.9712E+02  3.8122E-01  6.6420E-02
  7.9924E+02  3.8096E-01  6.6542E-02
  8.0136E+02  3.8069E-01  6.6663E-02
  8.0348E+02  3.8042E-01  6.6784E-02
  8.0560E+02  3.8013E-01  6.6905E-02
  8.0772E+02  3.7984E-01  6.7026E-02
  8.0984E+02  3.7955E-01  6.7146E-02
  8.1196E+02  3.7924E-01  6.7266E-02
  8.1408E+02  3.7893E-01  6.7387E-02
  8.1620E+02  3.7862E-01  6.7507E-02
  8.1832E+02  3.7832E-01  6.7627E-02
  8.2044E+02  3.7802E-01  6.7747E-02
  8.2256E+02  3.7773E-01  6.7867E-02
  8.2468E+02  3.7746E-01  6.7987E-02
  8.2680E+02  3.7719E-01  6.8106E-02
  8.2892E+02  3.7694E-01  6.8226E-02
  8.3104E+02  3.7669E-01  6.8346E-02
  8.3316E+02  3.7645E-01  6.8466E-02
  8.3528E+02  3.7620E-01  6.8585E-02
  8.3740E+02  3.7594E-01  6.8705E-02
  8.3952E+02  3.7567E-01  6.8824E-02
  8.4164E+02  3.7540E-01  6.8943E-02
  8.4376E+02  3.7511E-01  6.9062E-02
  8.4588E+02  3.7483E-01  6.9181E-02
  8.4800E+02  3.7454E-01  6.9300E-02
  8.5012E+02  3.7425E-01  6.9418E-02
  8.5224E+02  3.7397E-01  6.9537E-02
  8.5436E+02  3.7369E-01  6.9655E-02
  8.5648E+02  3.7340E-01  6.9773E-02
  8.5860E+02  3.7312E-01  6.9891E-02
  8.6072E+02  3.7283E-01  7.0009E-02
  8.6284E+02  3.7254E-01  7.0127E-02
  8.6496E+02  3.7225E-01  7.0245E-02
  8.6708E+02  3.7196E-01  7.0363E-02
  8.6920E+02  3.7167E-01  7.0481E-02
  8.7132E+02  3.7139E-01  7.0598E-02
  8.7344E+02  3.7113E-01  7.0716E-02
  8.7556E+02  3.7087E-01  7.0833E-02
  8.7768E+02  3.7062E-01  7.0951E-02
  8.7980E+02  3.7037E-01  7.1068E-02
  8.8192E+02  3.7012E-01  7.1185E-02
  8.8404E+02  3.6987E-01  7.1302E-02
  8.8616E+02  3.6960E-01  7.1419E-02
  8.8828E+02  3.6932E-01  7.1536E-02
  8.9040E+02  3.6903E-01  7.1652E-02
  8.9252E+02  3.6873E-01  7.1769E-02
  8.9464E+02  3.6843E-01  7.1885E-02
  8.9676E+02  3.6814E-01  7.2001E-02
  8.9888E+02  3.6786E-01  7.2118E-02
  9.0100E+02  3.6760E-01  7.2234E-02
  9.0312E+02  3.6734E-01  7.2349E-02
  9.0524E+02  3.6709E-01  7.2465E-02
  9.0736E+02  3.6684E-01  7.2581E-02
  9.0948E+02  3.6659E-01  7.2697E-02
  9.1160E+02  3.6633E-01  7.2813E-02
  9.1372E+02  3.6606E-01  7.2928E-02
  9.1584E+02  3.6578E-01  7.3044E-02
  9.1796E+02  3.6550E-01  7.3159E-02
  9.2008E+02  3.6522E-01  7.3274E-02
  9.2220E+02  3.6495E-01  7.3390E-02
  9.2432E+02  3.6469E-01  7.3505E-02
  9.2644E+02  3.6444E-01  7.3619E-02
  9.2856E+02  3.6421E-01  7.3734E-02
  9.3068E+02  3.6399E-01  7.3849E-02
  9.3280E+02  3.6376E-01  7.3964E-02
  9.3492E+02  3.6353E-01  7.4078E-02
  9.3704E+02  3.6328E-01  7.4193E-02
  9.3916E+02  3.6301E-01  7.4307E-02
  9.4128E+02  3.6273E-01  7.4421E-02
  9.4340E+02  3.6244E-01  7.4535E-02
  9.4552E+02  3.6214E-01  7.4649E-02
  9.4764E+02  3.6186E-01  7.4763E-02
  9.4976E+02  3.6160E-01  7.4876E-02
  9.5188E+02  3.6135E-01  7.4990E-02
  9.5400E+02  3.6113E-01  7.5104E-02
  9.5612E+02  3.6093E-01  7.5217E-02
  9.5824E+02  3.6073E-01  7.5331E-02
  9.6036E+02  3.6052E-01  7.5444E-02
  9.6248E+02  3.6031E-01  7.5557E-02
  9.6460E+02  3.6006E-01  7.5671E-02
  9.6672E+02  3.5980E-01  7.5784E-02
  9.6884E+02  3.5952E-01  7.5897E-02
  9.7096E+02  3.5922E-01  7.6009E-02
  9.7308E+02  3.5893E-01  7.6122E-02
  9.7520E+02  3.5866E-01  7.6234E-02
  9.7732E+02  3.5840E-01  7.6347E-02
  9.7944E+02  3.5818E-01  7.6459E-02
  9.8156E+02  3.5797E-01  7.6571E-02
  9.8368E+02  3.5778E-01  7.6683E-02
  9.8580E+02  3.5759E-01  7.6795E-02
  9.8792E+02  3.5739E-01  7.6908E-02
  9.9004E+02  3.5717E-01  7.7020E-02
  9.9216E+02  3.5692E-01  7.7132E-02
  9.9428E+02  3.5665E-01  7.7243E-02
  9.9640E+02  3.5637E-01  7.7355E-02
  9.9852E+02  3.5607E-01  7.7467E-02
  1.0006E+03  3.5579E-01  7.7578E-02
  1.0028E+03  3.5552E-01  7.7689E-02
  1.0049E+03  3.5528E-01  7.7800E-02
  1.0070E+03  3.5506E-01  7.7911E-02
  1.0091E+03  3.5487E-01  7.8022E-02
  1.0112E+03  3.5469E-01  7.8133E-02
  1.0134E+03  3.5451E-01  7.8244E-02
  1.0155E+03  3.5431E-01  7.8355E-02
  1.0176E+03  3.5409E-01  7.8465E-02
  1.0197E+03  3.5384E-01  7.8576E-02
  1.0218E+03  3.5357E-01  7.8687E-02
  1.0240E+03  3.5327E-01  7.8797E-02
  1.0261E+03  3.5297E-01  7.8907E-02
  1.0282E+03  3.5267E-01  7.9017E-02
  1.0303E+03  3.5240E-01  7.9126E-02
  1.0324E+03  3.5215E-01  7.9236E-02
  1.0346E+03  3.5194E-01  7.9346E-02
  1.0367E+03  3.5175E-01  7.9455E-02
  1.0388E+03  3.5159E-01  7.9565E-02
  1.0409E+03  3.5143E-01  7.9675E-02
  1.0430E+03  3.5125E-01  7.9784E-02
  1.0452E+03  3.5105E-01  7.9894E-02
  1.0473E+03  3.5082E-01  8.0003E-02
  1.0494E+03  3.5055E-01  8.0113E-02
  1.0515E+03  3.5026E-01  8.0222E-02
  1.0536E+03  3.4994E-01  8.0330E-02
  1.0558E+03  3.4963E-01  8.0439E-02
  1.0579E+03  3.4934E-01  8.0547E-02
  1.0600E+03  3.4907E-01  8.0656E-02
  1.0621E+03  3.4883E-01  8.0764E-02
  1.0642E+03  3.4863E-01  8.0872E-02
  1.0664E+03  3.4846E-01  8.0981E-02
  1.0685E+03  3.4830E-01  8.1089E-02
  1.0706E+03  3.4814E-01  8.1197E-02
  1.0727E+03  3.4797E-01  8.1305E-02
  1.0748E+03  3.4777E-01  8.1413E-02
  1.0770E+03  3.4754E-01  8.1521E-02
  1.0791E+03  3.4727E-01  8.1629E-02
  1.0812E+03  3.4699E-01  8.1737E-02
  1.0833E+03  3.4669E-01  8.1844E-02
  1.0854E+03  3.4640E-01  8.1951E-02
  1.0876E+03  3.4612E-01  8.2058E-02
  1.0897E+03  3.4586E-01  8.2165E-02
  1.0918E+03  3.4563E-01  8.2272E-02
  1.0939E+03  3.4543E-01  8.2379E-02
  1.0960E+03  3.4524E-01  8.2486E-02
  1.0982E+03  3.4506E-01  8.2593E-02
  1.1003E+03  3.4488E-01  8.2700E-02
  1.1024E+03  3.4468E-01  8.2806E-02
  1.1045E+03  3.4447E-01  8.2913E-02
  1.1066E+03  3.4423E-01  8.3020E-02
  1.1088E+03  3.4399E-01  8.3126E-02
  1.1109E+03  3.4373E-01  8.3232E-02
  1.1130E+03  3.4347E-01  8.3338E-02
  1.1151E+03  3.4322E-01  8.3444E-02
  1.1172E+03  3.4298E-01  8.3550E-02
  1.1194E+03  3.4274E-01  8.3655E-02
  1.1215E+03  3.4252E-01  8.3761E-02
  1.1236E+03  3.4231E-01  8.3866E-02
  1.1257E+03  3.4211E-01  8.3972E-02
  1.1278E+03  3.4190E-01  8.4077E-02
  1.1300E+03  3.4169E-01  8.4183E-02
  1.1321E+03  3.4147E-01  8.4288E-02
  1.1342E+03  3.4124E-01  8.4393E-02
  1.1363E+03  3.4101E-01  8.4498E-02
  1.1384E+03  3.4078E-01  8.4603E-02
  1.1406E+03  3.4054E-01  8.4708E-02
  1.1427E+03  3.4031E-01  8.4812E-02
  1.1448E+03  3.4007E-01  8.4917E-02
  1.1469E+03  3.3984E-01  8.5021E-02
  1.1490E+03  3.3962E-01  8.5125E-02
  1.1512E+03  3.3940E-01  8.5230E-02
  1.1533E+03  3.3918E-01  8.5334E-02
  1.1554E+03  3.3897E-01  8.5438E-02
  1.1575E+03  3.3875E-01  8.5542E-02
  1.1596E+03  3.3854E-01  8.5646E-02
  1.1618E+03  3.3833E-01  8.5750E-02
  1.1639E+03  3.3811E-01  8.5853E-02
  1.1660E+03  3.3790E-01  8.5957E-02
  1.1681E+03  3.3768E-01  8.6060E-02
  1.1702E+03  3.3747E-01  8.6164E-02
  1.1724E+03  3.3724E-01  8.6267E-02
  1.1745E+03  3.3702E-01  8.6370E-02
  1.1766E+03  3.3679E-01  8.6473E-02
  1.1787E+03  3.3655E-01  8.6576E-02
  1.1808E+03  3.3632E-01  8.6679E-02
  1.1830E+03  3.3609E-01  8.6781E-02
  1.1851E+03  3.3586E-01  8.6884E-02
  1.1872E+03  3.3564E-01  8.6987E-02
  1.1893E+03  3.3543E-01  8.7089E-02
  1.1914E+03  3.3522E-01  8.7191E-02
  1.1936E+03  3.3502E-01  8.7294E-02
  1.1957E+03  3.3482E-01  8.7396E-02
  1.1978E+03  3.3462E-01  8.7498E-02
  1.1999E+03  3.3441E-01  8.7600E-02
  1.2020E+03  3.3420E-01  8.7702E-02
  1.2042E+03  3.3398E-01  8.7803E-02
  1.2063E+03  3.3376E-01  8.7905E-02
  1.2084E+03  3.3353E-01  8.8007E-02
  1.2105E+03  3.3331E-01  8.8108E-02
  1.2126E+03  3.3309E-01  8.8209E-02
  1.2148E+03  3.3287E-01  8.8310E-02
  1.2169E+03  3.3266E-01  8.8411E-02
  1.2190E+03  3.3245E-01  8.8512E-02
  1.2211E+03  3.3225E-01  8.8613E-02
  1.2232E+03  3.3204E-01  8.8714E-02
  1.2254E+03  3.3183E-01  8.8815E-02
  1.2275E+03  3.3161E-01  8.8916E-02
  1.2296E+03  3.3139E-01  8.9016E-02
  1.2317E+03  3.3117E-01  8.9117E-02
  1.2338E+03  3.3095E-01  8.9217E-02
  1.2360E+03  3.3073E-01  8.9317E-02
  1.2381E+03  3.3052E-01  8.9417E-02
  1.2402E+03  3.3031E-01  8.9517E-02
  1.2423E+03  3.3012E-01  8.9617E-02
  1.2444E+03  3.2993E-01  8.9717E-02
  1.2466E+03  3.2974E-01  8.9817E-02
  1.2487E+03  3.2954E-01  8.9916E-02
  1.2508E+03  3.2934E-01  9.0016E-02
  1.2529E+03  3.2912E-01  9.0115E-02
  1.2550E+03  3.2890E-01  9.0215E-02
  1.2572E+03  3.2867E-01  9.0314E-02
  1.2593E+03  3.2844E-01  9.0413E-02
  1.2614E+03  3.2822E-01  9.0512E-02
  1.2635E+03  3.2800E-01  9.0611E-02
  1.2656E+03  3.2779E-01  9.0710E-02
  1.2678E+03  3.2759E-01  9.0809E-02
  1.2699E+03  3.2740E-01  9.0907E-02
  1.2720E+03  3.2721E-01  9.1006E-02
  1.2741E+03  3.2703E-01  9.1104E-02
  1.2762E+03  3.2684E-01  9.1203E-02
  1.2784E+03  3.2664E-01  9.1301E-02
  1.2805E+03  3.2642E-01  9.1399E-02
  1.2826E+03  3.2620E-01  9.1497E-02
  1.2847E+03  3.2598E-01  9.1595E-02
  1.2868E+03  3.2575E-01  9.1693E-02
  1.2890E+03  3.2553E-01  9.1791E-02
  1.2911E+03  3.2532E-01  9.1889E-02
  1.2932E+03  3.2512E-01  9.1986E-02
  1.2953E+03  3.2494E-01  9.2084E-02
  1.2974E+03  3.2476E-01  9.2181E-02
  1.2996E+03  3.2458E-01  9.2278E-02
  1.3017E+03  3.2439E-01  9.2376E-02
  1.3038E+03  3.2420E-01  9.2473E-02
  1.3059E+03  3.2400E-01  9.2570E-02
  1.3080E+03  3.2378E-01  9.2667E-02
  1.3102E+03  3.2355E-01  9.2764E-02
  1.3123E+03  3.2332E-01  9.2861E-02
  1.3144E+03  3.2310E-01  9.2957E-02
  1.3165E+03  3.2288E-01  9.3054E-02
  1.3186E+03  3.2268E-01  9.3150E-02
  1.3208E+03  3.2249E-01  9.3247E-02
  1.3229E+03  3.2231E-01  9.3343E-02
  1.3250E+03  3.2214E-01  9.3439E-02
  1.3271E+03  3.2197E-01  9.3535E-02
  1.3292E+03  3.2180E-01  9.3632E-02
  1.3314E+03  3.2161E-01  9.3728E-02
  1.3335E+03  3.2140E-01  9.3823E-02
  1.3356E+03  3.2118E-01  9.3919E-02
  1.3377E+03  3.2096E-01  9.4015E-02
  1.3398E+03  3.2072E-01  9.4110E-02
  1.3420E+03  3.2049E-01  9.4206E-02
  1.3441E+03  3.2028E-01  9.4301E-02
  1.3462E+03  3.2008E-01  9.4396E-02
  1.3483E+03  3.1989E-01  9.4491E-02
  1.3504E+03  3.1972E-01  9.4587E-02
  1.3526E+03  3.1956E-01  9.4682E-02
  1.3547E+03  3.1939E-01  9.4777E-02
  1.3568E+03  3.1922E-01  9.4872E-02
  1.3589E+03  3.1903E-01  9.4966E-02
  1.3610E+03  3.1883E-01  9.5061E-02
  1.3632E+03  3.1861E-01  9.5156E-02
  1.3653E+03  3.1837E-01  9.5250E-02
  1.3674E+03  3.1814E-01  9.5345E-02
  1.3695E+03  3.1791E-01  9.5439E-02
  1.3716E+03  3.1769E-01  9.5533E-02
  1.3738E+03  3.1749E-01  9.5627E-02
  1.3759E+03  3.1731E-01  9.5721E-02
  1.3780E+03  3.1715E-01  9.5815E-02
  1.3801E+03  3.1699E-01  9.5908E-02
  1.3822E+03  3.1683E-01  9.6002E-02
  1.3844E+03  3.1666E-01  9.6096E-02
  1.3865E+03  3.1648E-01  9.6190E-02
  1.3886E+03  3.1627E-01  9.6283E-02
  1.3907E+03  3.1605E-01  9.6377E-02
  1.3928E+03  3.1582E-01  9.6470E-02
  1.3950E+03  3.1558E-01  9.6563E-02
  1.3971E+03  3.1534E-01  9.6656E-02
  1.3992E+03  3.1512E-01  9.6749E-02
  1.4013E+03  3.1492E-01  9.6841E-02
  1.4034E+03  3.1474E-01  9.6934E-02
  1.4056E+03  3.1457E-01  9.7027E-02
  1.4077E+03  3.1441E-01  9.7119E-02
  1.4098E+03  3.1426E-01  9.7212E-02
  1.4119E+03  3.1410E-01  9.7305E-02
  1.4140E+03  3.1392E-01  9.7397E-02
  1.4162E+03  3.1373E-01  9.7489E-02
  1.4183E+03  3.1351E-01  9.7582E-02
  1.4204E+03  3.1329E-01  9.7674E-02
  1.4225E+03  3.1305E-01  9.7765E-02
  1.4246E+03  3.1282E-01  9.7857E-02
  1.4268E+03  3.1259E-01  9.7949E-02
  1.4289E+03  3.1238E-01  9.8040E-02
  1.4310E+03  3.1218E-01  9.8132E-02
  1.4331E+03  3.1201E-01  9.8223E-02
  1.4352E+03  3.1184E-01  9.8314E-02
  1.4374E+03  3.1168E-01  9.8406E-02
  1.4395E+03  3.1152E-01  9.8497E-02
  1.4416E+03  3.1135E-01  9.8588E-02
  1.4437E+03  3.1117E-01  9.8679E-02
  1.4458E+03  3.1097E-01  9.8770E-02
  1.4480E+03  3.1076E-01  9.8861E-02
  1.4501E+03  3.1054E-01  9.8952E-02
  1.4522E+03  3.1032E-01  9.9042E-02
  1.4543E+03  3.1010E-01  9.9133E-02
  1.4564E+03  3.0989E-01  9.9223E-02
  1.4586E+03  3.0968E-01  9.9313E-02
  1.4607E+03  3.0949E-01  9.9403E-02
  1.4628E+03  3.0931E-01  9.9494E-02
  1.4649E+03  3.0914E-01  9.9584E-02
  1.4670E+03  3.0896E-01  9.9674E-02
  1.4692E+03  3.0879E-01  9.9764E-02
  1.4713E+03  3.0860E-01  9.9853E-02
  1.4734E+03  3.0842E-01  9.9943E-02
  1.4755E+03  3.0822E-01  1.0003E-01
  1.4776E+03  3.0802E-01  1.0012E-01
  1.4798E+03  3.0782E-01  1.0021E-01
  1.4819E+03  3.0762E-01  1.0030E-01
  1.4840E+03  3.0742E-01  1.0039E-01
  1.4861E+03  3.0722E-01  1.0048E-01
  1.4882E+03  3.0703E-01  1.0057E-01
  1.4904E+03  3.0683E-01  1.0066E-01
  1.4925E+03  3.0664E-01  1.0075E-01
  1.4946E+03  3.0646E-01  1.0083E-01
  1.4967E+03  3.0627E-01  1.0092E-01
  1.4988E+03  3.0608E-01  1.0101E-01
  1.5010E+03  3.0590E-01  1.0110E-01
  1.5031E+03  3.0571E-01  1.0119E-01
  1.5052E+03  3.0552E-01  1.0128E-01
  1.5073E+03  3.0533E-01  1.0136E-01
  1.5094E+03  3.0514E-01  1.0145E-01
  1.5116E+03  3.0495E-01  1.0154E-01
  1.5137E+03  3.0476E-01  1.0163E-01
  1.5158E+03  3.0457E-01  1.0172E-01
  1.5179E+03  3.0437E-01  1.0180E-01
  1.5200E+03  3.0418E-01  1.0189E-01
  1.5222E+03  3.0399E-01  1.0198E-01
  1.5243E+03  3.0380E-01  1.0207E-01
  1.5264E+03  3.0361E-01  1.0215E-01
  1.5285E+03  3.0343E-01  1.0224E-01
  1.5306E+03  3.0324E-01  1.0233E-01
  1.5328E+03  3.0306E-01  1.0242E-01
  1.5349E+03  3.0288E-01  1.0250E-01
  1.5370E+03  3.0270E-01  1.0259E-01
  1.5391E+03  3.0251E-01  1.0268E-01
  1.5412E+03  3.0232E-01  1.0276E-01
  1.5434E+03  3.0213E-01  1.0285E-01
  1.5455E+03  3.0193E-01  1.0294E-01
  1.5476E+03  3.0174E-01  1.0302E-01
  1.5497E+03  3.0154E-01  1.0311E-01
  1.5518E+03  3.0136E-01  1.0320E-01
  1.5540E+03  3.0117E-01  1.0328E-01
  1.5561E+03  3.0099E-01  1.0337E-01
  1.5582E+03  3.0082E-01  1.0345E-01
  1.5603E+03  3.0064E-01  1.0354E-01
  1.5624E+03  3.0047E-01  1.0363E-01
  1.5646E+03  3.0029E-01  1.0371E-01
  1.5667E+03  3.0010E-01  1.0380E-01
  1.5688E+03  2.9991E-01  1.0388E-01
  1.5709E+03  2.9972E-01  1.0397E-01
  1.5730E+03  2.9953E-01  1.0405E-01
  1.5752E+03  2.9933E-01  1.0414E-01
  1.5773E+03  2.9914E-01  1.0422E-01
  1.5794E+03  2.9896E-01  1.0431E-01
  1.5815E+03  2.9878E-01  1.0439E-01
  1.5836E+03  2.9860E-01  1.0448E-01
  1.5858E+03  2.9843E-01  1.0456E-01
  1.5879E+03  2.9825E-01  1.0465E-01
  1.5900E+03  2.9808E-01  1.0473E-01
  1.5921E+03  2.9790E-01  1.0482E-01
  1.5942E+03  2.9771E-01  1.0490E-01
  1.5964E+03  2.9753E-01  1.0499E-01
  1.5985E+03  2.9733E-01  1.0507E-01
  1.6006E+03  2.9714E-01  1.0516E-01
  1.6027E+03  2.9695E-01  1.0524E-01
  1.6048E+03  2.9676E-01  1.0532E-01
  1.6070E+03  2.9658E-01  1.0541E-01
  1.6091E+03  2.9641E-01  1.0549E-01
  1.6112E+03  2.9624E-01  1.0558E-01
  1.6133E+03  2.9607E-01  1.0566E-01
  1.6154E+03  2.9590E-01  1.0574E-01
  1.6176E+03  2.9573E-01  1.0583E-01
  1.6197E+03  2.9555E-01  1.0591E-01
  1.6218E+03  2.9536E-01  1.0599E-01
  1.6239E+03  2.9517E-01  1.0608E-01
  1.6260E+03  2.9497E-01  1.0616E-01
  1.6282E+03  2.9478E-01  1.0624E-01
  1.6303E+03  2.9459E-01  1.0633E-01
  1.6324E+03  2.9440E-01  1.0641E-01
  1.6345E+03  2.9423E-01  1.0649E-01
  1.6366E+03  2.9406E-01  1.0658E-01
  1.6388E+03  2.9389E-01  1.0666E-01
  1.6409E+03  2.9373E-01  1.0674E-01
  1.6430E+03  2.9356E-01  1.0682E-01
  1.6451E+03  2.9339E-01  1.0691E-01
  1.6472E+03  2.9321E-01  1.0699E-01
  1.6494E+03  2.9302E-01  1.0707E-01
  1.6515E+03  2.9282E-01  1.0715E-01
  1.6536E+03  2.9263E-01  1.0723E-01
  1.6557E+03  2.9243E-01  1.0732E-01
  1.6578E+03  2.9224E-01  1.0740E-01
  1.6600E+03  2.9206E-01  1.0748E-01
  1.6621E+03  2.9189E-01  1.0756E-01
  1.6642E+03  2.9172E-01  1.0764E-01
  1.6663E+03  2.9156E-01  1.0772E-01
  1.6684E+03  2.9140E-01  1.0781E-01
  1.6706E+03  2.9124E-01  1.0789E-01
  1.6727E+03  2.9106E-01  1.0797E-01
  1.6748E+03  2.9088E-01  1.0805E-01
  1.6769E+03  2.9069E-01  1.0813E-01
  1.6790E+03  2.9049E-01  1.0821E-01
  1.6812E+03  2.9029E-01  1.0829E-01
  1.6833E+03  2.9009E-01  1.0837E-01
  1.6854E+03  2.8990E-01  1.0845E-01
  1.6875E+03  2.8973E-01  1.0854E-01
  1.6896E+03  2.8956E-01  1.0862E-01
  1.6918E+03  2.8940E-01  1.0870E-01
  1.6939E+03  2.8924E-01  1.0878E-01
  1.6960E+03  2.8908E-01  1.0886E-01
  1.6981E+03  2.8892E-01  1.0894E-01
  1.7002E+03  2.8874E-01  1.0902E-01
  1.7024E+03  2.8856E-01  1.0910E-01
  1.7045E+03  2.8836E-01  1.0918E-01
  1.7066E+03  2.8816E-01  1.0926E-01
  1.7087E+03  2.8796E-01  1.0934E-01
  1.7108E+03  2.8776E-01  1.0942E-01
  1.7130E+03  2.8758E-01  1.0950E-01
  1.7151E+03  2.8740E-01  1.0958E-01
  1.7172E+03  2.8723E-01  1.0966E-01
  1.7193E+03  2.8708E-01  1.0973E-01
  1.7214E+03  2.8692E-01  1.0981E-01
  1.7236E+03  2.8677E-01  1.0989E-01
  1.7257E+03  2.8660E-01  1.0997E-01
  1.7278E+03  2.8643E-01  1.1005E-01
  1.7299E+03  2.8624E-01  1.1013E-01
  1.7320E+03  2.8605E-01  1.1021E-01
  1.7342E+03  2.8585E-01  1.1029E-01
  1.7363E+03  2.8565E-01  1.1037E-01
  1.7384E+03  2.8545E-01  1.1045E-01
  1.7405E+03  2.8526E-01  1.1052E-01
  1.7426E+03  2.8509E-01  1.1060E-01
  1.7448E+03  2.8492E-01  1.1068E-01
  1.7469E+03  2.8476E-01  1.1076E-01
  1.7490E+03  2.8461E-01  1.1084E-01
  1.7511E+03  2.8446E-01  1.1091E-01
  1.7532E+03  2.8430E-01  1.1099E-01
  1.7554E+03  2.8413E-01  1.1107E-01
  1.7575E+03  2.8395E-01  1.1115E-01
  1.7596E+03  2.8375E-01  1.1123E-01
  1.7617E+03  2.8356E-01  1.1130E-01
  1.7638E+03  2.8336E-01  1.1138E-01
  1.7660E+03  2.8316E-01  1.1146E-01
  1.7681E+03  2.8297E-01  1.1154E-01
  1.7702E+03  2.8280E-01  1.1161E-01
  1.7723E+03  2.8263E-01  1.1169E-01
  1.7744E+03  2.8247E-01  1.1177E-01
  1.7766E+03  2.8232E-01  1.1184E-01
  1.7787E+03  2.8216E-01  1.1192E-01
  1.7808E+03  2.8200E-01  1.1200E-01
  1.7829E+03  2.8184E-01  1.1207E-01
  1.7850E+03  2.8166E-01  1.1215E-01
  1.7872E+03  2.8148E-01  1.1223E-01
  1.7893E+03  2.8129E-01  1.1230E-01
  1.7914E+03  2.8110E-01  1.1238E-01
  1.7935E+03  2.8091E-01  1.1246E-01
  1.7956E+03  2.8072E-01  1.1253E-01
  1.7978E+03  2.8054E-01  1.1261E-01
  1.7999E+03  2.8037E-01  1.1268E-01
  1.8020E+03  2.8021E-01  1.1276E-01
  1.8041E+03  2.8005E-01  1.1284E-01
  1.8062E+03  2.7989E-01  1.1291E-01
  1.8084E+03  2.7973E-01  1.1299E-01
  1.8105E+03  2.7956E-01  1.1306E-01
  1.8126E+03  2.7939E-01  1.1314E-01
  1.8147E+03  2.7922E-01  1.1321E-01
  1.8168E+03  2.7904E-01  1.1329E-01
  1.8190E+03  2.7886E-01  1.1337E-01
  1.8211E+03  2.7867E-01  1.1344E-01
  1.8232E+03  2.7849E-01  1.1352E-01
  1.8253E+03  2.7832E-01  1.1359E-01
  1.8274E+03  2.7814E-01  1.1367E-01
  1.8296E+03  2.7797E-01  1.1374E-01
  1.8317E+03  2.7780E-01  1.1381E-01
  1.8338E+03  2.7763E-01  1.1389E-01
  1.8359E+03  2.7747E-01  1.1396E-01
  1.8380E+03  2.7730E-01  1.1404E-01
  1.8402E+03  2.7714E-01  1.1411E-01
  1.8423E+03  2.7697E-01  1.1419E-01
  1.8444E+03  2.7680E-01  1.1426E-01
  1.8465E+03  2.7663E-01  1.1434E-01
  1.8486E+03  2.7645E-01  1.1441E-01
  1.8508E+03  2.7628E-01  1.1448E-01
  1.8529E+03  2.7610E-01  1.1456E-01
  1.8550E+03  2.7593E-01  1.1463E-01
  1.8571E+03  2.7575E-01  1.1471E-01
  1.8592E+03  2.7558E-01  1.1478E-01
  1.8614E+03  2.7541E-01  1.1485E-01
  1.8635E+03  2.7524E-01  1.1493E-01
  1.8656E+03  2.7507E-01  1.1500E-01
  1.8677E+03  2.7490E-01  1.1507E-01
  1.8698E+03  2.7473E-01  1.1515E-01
  1.8720E+03  2.7457E-01  1.1522E-01
  1.8741E+03  2.7440E-01  1.1529E-01
  1.8762E+03  2.7423E-01  1.1536E-01
  1.8783E+03  2.7407E-01  1.1544E-01
  1.8804E+03  2.7389E-01  1.1551E-01
  1.8826E+03  2.7372E-01  1.1558E-01
  1.8847E+03  2.7354E-01  1.1566E-01
  1.8868E+03  2.7337E-01  1.1573E-01
  1.8889E+03  2.7319E-01  1.1580E-01
  1.8910E+03  2.7302E-01  1.1587E-01
  1.8932E+03  2.7285E-01  1.1595E-01
  1.8953E+03  2.7268E-01  1.1602E-01
  1.8974E+03  2.7252E-01  1.1609E-01
  1.8995E+03  2.7236E-01  1.1616E-01
  1.9016E+03  2.7219E-01  1.1623E-01
  1.9038E+03  2.7203E-01  1.1631E-01
  1.9059E+03  2.7186E-01  1.1638E-01
  1.9080E+03  2.7169E-01  1.1645E-01
  1.9101E+03  2.7152E-01  1.1652E-01
  1.9122E+03  2.7134E-01  1.1659E-01
  1.9144E+03  2.7116E-01  1.1666E-01
  1.9165E+03  2.7099E-01  1.1673E-01
  1.9186E+03  2.7082E-01  1.1681E-01
  1.9207E+03  2.7065E-01  1.1688E-01
  1.9228E+03  2.7048E-01  1.1695E-01
  1.9250E+03  2.7032E-01  1.1702E-01
  1.9271E+03  2.7016E-01  1.1709E-01
  1.9292E+03  2.7000E-01  1.1716E-01
  1.9313E+03  2.6984E-01  1.1723E-01
  1.9334E+03  2.6967E-01  1.1730E-01
  1.9356E+03  2.6950E-01  1.1737E-01
  1.9377E+03  2.6932E-01  1.1744E-01
  1.9398E+03  2.6915E-01  1.1751E-01
  1.9419E+03  2.6897E-01  1.1758E-01
  1.9440E+03  2.6879E-01  1.1765E-01
  1.9462E+03  2.6862E-01  1.1772E-01
  1.9483E+03  2.6846E-01  1.1779E-01
  1.9504E+03  2.6830E-01  1.1786E-01
  1.9525E+03  2.6814E-01  1.1793E-01
  1.9546E+03  2.6798E-01  1.1800E-01
  1.9568E+03  2.6782E-01  1.1807E-01
  1.9589E+03  2.6765E-01  1.1814E-01
  1.9610E+03  2.6749E-01  1.1821E-01
  1.9631E+03  2.6731E-01  1.1828E-01
  1.9652E+03  2.6714E-01  1.1835E-01
  1.9674E+03  2.6696E-01  1.1842E-01
  1.9695E+03  2.6679E-01  1.1849E-01
  1.9716E+03  2.6661E-01  1.1856E-01
  1.9737E+03  2.6644E-01  1.1863E-01
  1.9758E+03  2.6628E-01  1.1870E-01
  1.9780E+03  2.6612E-01  1.1877E-01
  1.9801E+03  2.6597E-01  1.1884E-01
  1.9822E+03  2.6581E-01  1.1890E-01
  1.9843E+03  2.6565E-01  1.1897E-01
  1.9864E+03  2.6548E-01  1.1904E-01
  1.9886E+03  2.6532E-01  1.1911E-01
  1.9907E+03  2.6514E-01  1.1918E-01
  1.9928E+03  2.6496E-01  1.1925E-01
  1.9949E+03  2.6479E-01  1.1931E-01
  1.9970E+03  2.6461E-01  1.1938E-01
  1.9992E+03  2.6444E-01  1.1945E-01
  2.0013E+03  2.6427E-01  1.1952E-01
  2.0034E+03  2.6411E-01  1.1959E-01
  2.0055E+03  2.6396E-01  1.1965E-01
  2.0076E+03  2.6380E-01  1.1972E-01
  2.0098E+03  2.6365E-01  1.1979E-01
  2.0119E+03  2.6349E-01  1.1986E-01
  2.0140E+03  2.6333E-01  1.1992E-01
  2.0161E+03  2.6316E-01  1.1999E-01
  2.0182E+03  2.6298E-01  1.2006E-01
  2.0204E+03  2.6280E-01  1.2013E-01
  2.0225E+03  2.6262E-01  1.2019E-01
  2.0246E+03  2.6245E-01  1.2026E-01
  2.0267E+03  2.6228E-01  1.2033E-01
  2.0288E+03  2.6211E-01  1.2039E-01
  2.0310E+03  2.6196E-01  1.2046E-01
  2.0331E+03  2.6180E-01  1.2053E-01
  2.0352E+03  2.6165E-01  1.2059E-01
  2.0373E+03  2.6150E-01  1.2066E-01
  2.0394E+03  2.6134E-01  1.2073E-01
  2.0416E+03  2.6117E-01  1.2079E-01
  2.0437E+03  2.6100E-01  1.2086E-01
  2.0458E+03  2.6083E-01  1.2093E-01
  2.0479E+03  2.6065E-01  1.2099E-01
  2.0500E+03  2.6047E-01  1.2106E-01
  2.0522E+03  2.6029E-01  1.2112E-01
  2.0543E+03  2.6012E-01  1.2119E-01
  2.0564E+03  2.5996E-01  1.2125E-01
  2.0585E+03  2.5981E-01  1.2132E-01
  2.0606E+03  2.5965E-01  1.2139E-01
  2.0628E+03  2.5950E-01  1.2145E-01
  2.0649E+03  2.5935E-01  1.2152E-01
  2.0670E+03  2.5919E-01  1.2158E-01
  2.0691E+03  2.5903E-01  1.2165E-01
  2.0712E+03  2.5886E-01  1.2171E-01
  2.0734E+03  2.5868E-01  1.2178E-01
  2.0755E+03  2.5850E-01  1.2184E-01
  2.0776E+03  2.5832E-01  1.2191E-01
  2.0797E+03  2.5815E-01  1.2197E-01
  2.0818E+03  2.5798E-01  1.2204E-01
  2.0840E+03  2.5782E-01  1.2210E-01
  2.0861E+03  2.5766E-01  1.2217E-01
  2.0882E+03  2.5751E-01  1.2223E-01
  2.0903E+03  2.5736E-01  1.2229E-01
  2.0924E+03  2.5721E-01  1.2236E-01
  2.0946E+03  2.5705E-01  1.2242E-01
  2.0967E+03  2.5689E-01  1.2249E-01
  2.0988E+03  2.5672E-01  1.2255E-01
  2.1009E+03  2.5655E-01  1.2262E-01
  2.1030E+03  2.5637E-01  1.2268E-01
  2.1052E+03  2.5619E-01  1.2274E-01
  2.1073E+03  2.5602E-01  1.2281E-01
  2.1094E+03  2.5585E-01  1.2287E-01
  2.1115E+03  2.5569E-01  1.2293E-01
  2.1136E+03  2.5553E-01  1.2300E-01
  2.1158E+03  2.5538E-01  1.2306E-01
  2.1179E+03  2.5523E-01  1.2312E-01
  2.1200E+03  2.5508E-01  1.2319E-01
  2.1221E+03  2.5492E-01  1.2325E-01
  2.1242E+03  2.5476E-01  1.2331E-01
  2.1264E+03  2.5460E-01  1.2338E-01
  2.1285E+03  2.5443E-01  1.2344E-01
  2.1306E+03  2.5425E-01  1.2350E-01
  2.1327E+03  2.5408E-01  1.2356E-01
  2.1348E+03  2.5391E-01  1.2363E-01
  2.1370E+03  2.5374E-01  1.2369E-01
  2.1391E+03  2.5358E-01  1.2375E-01
  2.1412E+03  2.5342E-01  1.2381E-01
  2.1433E+03  2.5326E-01  1.2388E-01
  2.1454E+03  2.5311E-01  1.2394E-01
  2.1476E+03  2.5296E-01  1.2400E-01
  2.1497E+03  2.5280E-01  1.2406E-01
  2.1518E+03  2.5264E-01  1.2412E-01
  2.1539E+03  2.5248E-01  1.2419E-01
  2.1560E+03  2.5232E-01  1.2425E-01
  2.1582E+03  2.5215E-01  1.2431E-01
  2.1603E+03  2.5198E-01  1.2437E-01
  2.1624E+03  2.5181E-01  1.2443E-01
  2.1645E+03  2.5165E-01  1.2449E-01
  2.1666E+03  2.5148E-01  1.2455E-01
  2.1688E+03  2.5132E-01  1.2462E-01
  2.1709E+03  2.5116E-01  1.2468E-01
  2.1730E+03  2.5101E-01  1.2474E-01
  2.1751E+03  2.5085E-01  1.2480E-01
  2.1772E+03  2.5070E-01  1.2486E-01
  2.1794E+03  2.5054E-01  1.2492E-01
  2.1815E+03  2.5038E-01  1.2498E-01
  2.1836E+03  2.5022E-01  1.2504E-01
  2.1857E+03  2.5006E-01  1.2510E-01
  2.1878E+03  2.4989E-01  1.2516E-01
  2.1900E+03  2.4973E-01  1.2522E-01
  2.1921E+03  2.4957E-01  1.2528E-01
  2.1942E+03  2.4940E-01  1.2534E-01
  2.1963E+03  2.4924E-01  1.2540E-01
  2.1984E+03  2.4908E-01  1.2546E-01
  2.2006E+03  2.4892E-01  1.2552E-01
  2.2027E+03  2.4876E-01  1.2558E-01
  2.2048E+03  2.4860E-01  1.2564E-01
  2.2069E+03  2.4845E-01  1.2570E-01
  2.2090E+03  2.4829E-01  1.2576E-01
  2.2112E+03  2.4813E-01  1.2582E-01
  2.2133E+03  2.4797E-01  1.2588E-01
  2.2154E+03  2.4782E-01  1.2594E-01
  2.2175E+03  2.4766E-01  1.2600E-01
  2.2196E+03  2.4750E-01  1.2606E-01
  2.2218E+03  2.4733E-01  1.2612E-01
  2.2239E+03  2.4717E-01  1.2618E-01
  2.2260E+03  2.4701E-01  1.2624E-01
  2.2281E+03  2.4684E-01  1.2629E-01
  2.2302E+03  2.4668E-01  1.2635E-01
  2.2324E+03  2.4652E-01  1.2641E-01
  2.2345E+03  2.4637E-01  1.2647E-01
  2.2366E+03  2.4621E-01  1.2653E-01
  2.2387E+03  2.4605E-01  1.2659E-01
  2.2408E+03  2.4590E-01  1.2665E-01
  2.2430E+03  2.4574E-01  1.2670E-01
  2.2451E+03  2.4559E-01  1.2676E-01
  2.2472E+03  2.4543E-01  1.2682E-01
  2.2493E+03  2.4527E-01  1.2688E-01
  2.2514E+03  2.4510E-01  1.2694E-01
  2.2536E+03  2.4494E-01  1.2699E-01
  2.2557E+03  2.4478E-01  1.2705E-01
  2.2578E+03  2.4462E-01  1.2711E-01
  2.2599E+03  2.4446E-01  1.2717E-01
  2.2620E+03  2.4430E-01  1.2722E-01
  2.2642E+03  2.4414E-01  1.2728E-01
  2.2663E+03  2.4399E-01  1.2734E-01
  2.2684E+03  2.4384E-01  1.2740E-01
  2.2705E+03  2.4368E-01  1.2745E-01
  2.2726E+03  2.4353E-01  1.2751E-01
  2.2748E+03  2.4337E-01  1.2757E-01
  2.2769E+03  2.4321E-01  1.2762E-01
  2.2790E+03  2.4304E-01  1.2768E-01
  2.2811E+03  2.4288E-01  1.2774E-01
  2.2832E+03  2.4272E-01  1.2779E-01
  2.2854E+03  2.4256E-01  1.2785E-01
  2.2875E+03  2.4240E-01  1.2791E-01
  2.2896E+03  2.4224E-01  1.2796E-01
  2.2917E+03  2.4209E-01  1.2802E-01
  2.2938E+03  2.4194E-01  1.2808E-01
  2.2960E+03  2.4178E-01  1.2813E-01
  2.2981E+03  2.4163E-01  1.2819E-01
  2.3002E+03  2.4148E-01  1.2825E-01
  2.3023E+03  2.4132E-01  1.2830E-01
  2.3044E+03  2.4116E-01  1.2836E-01
  2.3066E+03  2.4099E-01  1.2841E-01
  2.3087E+03  2.4083E-01  1.2847E-01
  2.3108E+03  2.4067E-01  1.2852E-01
  2.3129E+03  2.4051E-01  1.2858E-01
  2.3150E+03  2.4035E-01  1.2863E-01
  2.3172E+03  2.4019E-01  1.2869E-01
  2.3193E+03  2.4004E-01  1.2875E-01
  2.3214E+03  2.3989E-01  1.2880E-01
  2.3235E+03  2.3974E-01  1.2886E-01
  2.3256E+03  2.3959E-01  1.2891E-01
  2.3278E+03  2.3943E-01  1.2897E-01
  2.3299E+03  2.3928E-01  1.2902E-01
  2.3320E+03  2.3911E-01  1.2908E-01
  2.3341E+03  2.3895E-01  1.2913E-01
  2.3362E+03  2.3879E-01  1.2918E-01
  2.3384E+03  2.3862E-01  1.2924E-01
  2.3405E+03  2.3847E-01  1.2929E-01
  2.3426E+03  2.3831E-01  1.2935E-01
  2.3447E+03  2.3816E-01  1.2940E-01
  2.3468E+03  2.3801E-01  1.2946E-01
  2.3490E+03  2.3786E-01  1.2951E-01
  2.3511E+03  2.3771E-01  1.2956E-01
  2.3532E+03  2.3756E-01  1.2962E-01
  2.3553E+03  2.3740E-01  1.2967E-01
  2.3574E+03  2.3724E-01  1.2973E-01
  2.3596E+03  2.3708E-01  1.2978E-01
  2.3617E+03  2.3692E-01  1.2983E-01
  2.3638E+03  2.3675E-01  1.2989E-01
  2.3659E+03  2.3659E-01  1.2994E-01
  2.3680E+03  2.3643E-01  1.2999E-01
  2.3702E+03  2.3628E-01  1.3005E-01
  2.3723E+03  2.3613E-01  1.3010E-01
  2.3744E+03  2.3598E-01  1.3015E-01
  2.3765E+03  2.3584E-01  1.3021E-01
  2.3786E+03  2.3569E-01  1.3026E-01
  2.3808E+03  2.3554E-01  1.3031E-01
  2.3829E+03  2.3538E-01  1.3036E-01
  2.3850E+03  2.3522E-01  1.3042E-01
  2.3871E+03  2.3506E-01  1.3047E-01
  2.3892E+03  2.3489E-01  1.3052E-01
  2.3914E+03  2.3473E-01  1.3057E-01
  2.3935E+03  2.3457E-01  1.3063E-01
  2.3956E+03  2.3441E-01  1.3068E-01
  2.3977E+03  2.3426E-01  1.3073E-01
  2.3998E+03  2.3411E-01  1.3078E-01
  2.4020E+03  2.3396E-01  1.3084E-01
  2.4041E+03  2.3382E-01  1.3089E-01
  2.4062E+03  2.3367E-01  1.3094E-01
  2.4083E+03  2.3352E-01  1.3099E-01
  2.4104E+03  2.3336E-01  1.3104E-01
  2.4126E+03  2.3320E-01  1.3109E-01
  2.4147E+03  2.3304E-01  1.3115E-01
  2.4168E+03  2.3287E-01  1.3120E-01
  2.4189E+03  2.3271E-01  1.3125E-01
  2.4210E+03  2.3255E-01  1.3130E-01
  2.4232E+03  2.3239E-01  1.3135E-01
  2.4253E+03  2.3224E-01  1.3140E-01
  2.4274E+03  2.3209E-01  1.3145E-01
  2.4295E+03  2.3195E-01  1.3150E-01
  2.4316E+03  2.3180E-01  1.3155E-01
  2.4338E+03  2.3165E-01  1.3161E-01
  2.4359E+03  2.3150E-01  1.3166E-01
  2.4380E+03  2.3134E-01  1.3171E-01
  2.4401E+03  2.3118E-01  1.3176E-01
  2.4422E+03  2.3102E-01  1.3181E-01
  2.4444E+03  2.3086E-01  1.3186E-01
  2.4465E+03  2.3069E-01  1.3191E-01
  2.4486E+03  2.3054E-01  1.3196E-01
  2.4507E+03  2.3038E-01  1.3201E-01
  2.4528E+03  2.3023E-01  1.3206E-01
  2.4550E+03  2.3008E-01  1.3211E-01
  2.4571E+03  2.2993E-01  1.3216E-01
  2.4592E+03  2.2978E-01  1.3221E-01
  2.4613E+03  2.2963E-01  1.3226E-01
  2.4634E+03  2.2948E-01  1.3231E-01
  2.4656E+03  2.2933E-01  1.3236E-01
  2.4677E+03  2.2917E-01  1.3241E-01
  2.4698E+03  2.2901E-01  1.3246E-01
  2.4719E+03  2.2885E-01  1.3250E-01
  2.4740E+03  2.2869E-01  1.3255E-01
  2.4762E+03  2.2853E-01  1.3260E-01
  2.4783E+03  2.2837E-01  1.3265E-01
  2.4804E+03  2.2822E-01  1.3270E-01
  2.4825E+03  2.2807E-01  1.3275E-01
  2.4846E+03  2.2792E-01  1.3280E-01
  2.4868E+03  2.2777E-01  1.3285E-01
  2.4889E+03  2.2762E-01  1.3290E-01
  2.4910E+03  2.2747E-01  1.3294E-01
  2.4931E+03  2.2732E-01  1.3299E-01
  2.4952E+03  2.2716E-01  1.3304E-01
  2.4974E+03  2.2700E-01  1.3309E-01
  2.4995E+03  2.2684E-01  1.3314E-01
  2.5016E+03  2.2669E-01  1.3319E-01
  2.5037E+03  2.2653E-01  1.3323E-01
  2.5058E+03  2.2637E-01  1.3328E-01
  2.5080E+03  2.2622E-01  1.3333E-01
  2.5101E+03  2.2607E-01  1.3338E-01
  2.5122E+03  2.2591E-01  1.3342E-01
  2.5143E+03  2.2576E-01  1.3347E-01
  2.5164E+03  2.2561E-01  1.3352E-01
  2.5186E+03  2.2546E-01  1.3357E-01
  2.5207E+03  2.2531E-01  1.3361E-01
  2.5228E+03  2.2516E-01  1.3366E-01
  2.5249E+03  2.2500E-01  1.3371E-01
  2.5270E+03  2.2485E-01  1.3376E-01
  2.5292E+03  2.2469E-01  1.3380E-01
  2.5313E+03  2.2454E-01  1.3385E-01
  2.5334E+03  2.2438E-01  1.3390E-01
  2.5355E+03  2.2423E-01  1.3394E-01
  2.5376E+03  2.2407E-01  1.3399E-01
  2.5398E+03  2.2392E-01  1.3404E-01
  2.5419E+03  2.2377E-01  1.3408E-01
  2.5440E+03  2.2362E-01  1.3413E-01
  2.5461E+03  2.2347E-01  1.3418E-01
  2.5482E+03  2.2331E-01  1.3422E-01
  2.5504E+03  2.2316E-01  1.3427E-01
  2.5525E+03  2.2301E-01  1.3431E-01
  2.5546E+03  2.2286E-01  1.3436E-01
  2.5567E+03  2.2271E-01  1.3441E-01
  2.5588E+03  2.2255E-01  1.3445E-01
  2.5610E+03  2.2240E-01  1.3450E-01
  2.5631E+03  2.2225E-01  1.3454E-01
  2.5652E+03  2.2209E-01  1.3459E-01
  2.5673E+03  2.2194E-01  1.3464E-01
  2.5694E+03  2.2178E-01  1.3468E-01
  2.5716E+03  2.2163E-01  1.3473E-01
  2.5737E+03  2.2148E-01  1.3477E-01
  2.5758E+03  2.2133E-01  1.3482E-01
  2.5779E+03  2.2118E-01  1.3486E-01
  2.5800E+03  2.2103E-01  1.3491E-01
  2.5822E+03  2.2088E-01  1.3495E-01
  2.5843E+03  2.2073E-01  1.3500E-01
  2.5864E+03  2.2058E-01  1.3504E-01
  2.5885E+03  2.2043E-01  1.3509E-01
  2.5906E+03  2.2027E-01  1.3513E-01
  2.5928E+03  2.2012E-01  1.3518E-01
  2.5949E+03  2.1996E-01  1.3522E-01
  2.5970E+03  2.1981E-01  1.3526E-01
  2.5991E+03  2.1966E-01  1.3531E-01
  2.6012E+03  2.1951E-01  1.3535E-01
  2.6034E+03  2.1936E-01  1.3540E-01
  2.6055E+03  2.1921E-01  1.3544E-01
  2.6076E+03  2.1906E-01  1.3548E-01
  2.6097E+03  2.1891E-01  1.3553E-01
  2.6118E+03  2.1876E-01  1.3557E-01
  2.6140E+03  2.1861E-01  1.3562E-01
  2.6161E+03  2.1846E-01  1.3566E-01
  2.6182E+03  2.1831E-01  1.3570E-01
  2.6203E+03  2.1815E-01  1.3575E-01
  2.6224E+03  2.1800E-01  1.3579E-01
  2.6246E+03  2.1785E-01  1.3583E-01
  2.6267E+03  2.1769E-01  1.3588E-01
  2.6288E+03  2.1754E-01  1.3592E-01
  2.6309E+03  2.1739E-01  1.3596E-01
  2.6330E+03  2.1725E-01  1.3601E-01
  2.6352E+03  2.1710E-01  1.3605E-01
  2.6373E+03  2.1695E-01  1.3609E-01
  2.6394E+03  2.1681E-01  1.3613E-01
  2.6415E+03  2.1666E-01  1.3618E-01
  2.6436E+03  2.1650E-01  1.3622E-01
  2.6458E+03  2.1635E-01  1.3626E-01
  2.6479E+03  2.1620E-01  1.3630E-01
  2.6500E+03  2.1604E-01  1.3635E-01
  2.6521E+03  2.1589E-01  1.3639E-01
  2.6542E+03  2.1574E-01  1.3643E-01
  2.6564E+03  2.1559E-01  1.3647E-01
  2.6585E+03  2.1544E-01  1.3651E-01
  2.6606E+03  2.1529E-01  1.3656E-01
  2.6627E+03  2.1515E-01  1.3660E-01
  2.6648E+03  2.1500E-01  1.3664E-01
  2.6670E+03  2.1485E-01  1.3668E-01
  2.6691E+03  2.1470E-01  1.3672E-01
  2.6712E+03  2.1455E-01  1.3677E-01
  2.6733E+03  2.1440E-01  1.3681E-01
  2.6754E+03  2.1424E-01  1.3685E-01
  2.6776E+03  2.1409E-01  1.3689E-01
  2.6797E+03  2.1394E-01  1.3693E-01
  2.6818E+03  2.1379E-01  1.3697E-01
  2.6839E+03  2.1364E-01  1.3701E-01
  2.6860E+03  2.1349E-01  1.3705E-01
  2.6882E+03  2.1335E-01  1.3709E-01
  2.6903E+03  2.1320E-01  1.3714E-01
  2.6924E+03  2.1306E-01  1.3718E-01
  2.6945E+03  2.1291E-01  1.3722E-01
  2.6966E+03  2.1276E-01  1.3726E-01
  2.6988E+03  2.1261E-01  1.3730E-01
  2.7009E+03  2.1245E-01  1.3734E-01
  2.7030E+03  2.1230E-01  1.3738E-01
  2.7051E+03  2.1214E-01  1.3742E-01
  2.7072E+03  2.1199E-01  1.3746E-01
  2.7094E+03  2.1184E-01  1.3750E-01
  2.7115E+03  2.1169E-01  1.3754E-01
  2.7136E+03  2.1155E-01  1.3758E-01
  2.7157E+03  2.1140E-01  1.3762E-01
  2.7178E+03  2.1126E-01  1.3766E-01
  2.7200E+03  2.1111E-01  1.3770E-01
  2.7221E+03  2.1097E-01  1.3774E-01
  2.7242E+03  2.1082E-01  1.3778E-01
  2.7263E+03  2.1066E-01  1.3782E-01
  2.7284E+03  2.1051E-01  1.3786E-01
  2.7306E+03  2.1036E-01  1.3789E-01
  2.7327E+03  2.1020E-01  1.3793E-01
  2.7348E+03  2.1005E-01  1.3797E-01
  2.7369E+03  2.0990E-01  1.3801E-01
  2.7390E+03  2.0976E-01  1.3805E-01
  2.7412E+03  2.0961E-01  1.3809E-01
  2.7433E+03  2.0947E-01  1.3813E-01
  2.7454E+03  2.0933E-01  1.3817E-01
  2.7475E+03  2.0918E-01  1.3821E-01
  2.7496E+03  2.0903E-01  1.3824E-01
  2.7518E+03  2.0888E-01  1.3828E-01
  2.7539E+03  2.0873E-01  1.3832E-01
  2.7560E+03  2.0858E-01  1.3836E-01
  2.7581E+03  2.0842E-01  1.3840E-01
  2.7602E+03  2.0827E-01  1.3844E-01
  2.7624E+03  2.0812E-01  1.3847E-01
  2.7645E+03  2.0797E-01  1.3851E-01
  2.7666E+03  2.0783E-01  1.3855E-01
  2.7687E+03  2.0769E-01  1.3859E-01
  2.7708E+03  2.0754E-01  1.3862E-01
  2.7730E+03  2.0740E-01  1.3866E-01
  2.7751E+03  2.0726E-01  1.3870E-01
  2.7772E+03  2.0711E-01  1.3874E-01
  2.7793E+03  2.0696E-01  1.3877E-01
  2.7814E+03  2.0681E-01  1.3881E-01
  2.7836E+03  2.0666E-01  1.3885E-01
  2.7857E+03  2.0650E-01  1.3889E-01
  2.7878E+03  2.0635E-01  1.3892E-01
  2.7899E+03  2.0620E-01  1.3896E-01
  2.7920E+03  2.0606E-01  1.3900E-01
  2.7942E+03  2.0591E-01  1.3903E-01
  2.7963E+03  2.0577E-01  1.3907E-01
  2.7984E+03  2.0563E-01  1.3911E-01
  2.8005E+03  2.0549E-01  1.3914E-01
  2.8026E+03  2.0534E-01  1.3918E-01
  2.8048E+03  2.0520E-01  1.3922E-01
  2.8069E+03  2.0505E-01  1.3925E-01
  2.8090E+03  2.0490E-01  1.3929E-01
  2.8111E+03  2.0475E-01  1.3933E-01
  2.8132E+03  2.0460E-01  1.3936E-01
  2.8154E+03  2.0445E-01  1.3940E-01
  2.8175E+03  2.0430E-01  1.3943E-01
  2.8196E+03  2.0415E-01  1.3947E-01
  2.8217E+03  2.0401E-01  1.3951E-01
  2.8238E+03  2.0387E-01  1.3954E-01
  2.8260E+03  2.0372E-01  1.3958E-01
  2.8281E+03  2.0358E-01  1.3961E-01
  2.8302E+03  2.0344E-01  1.3965E-01
  2.8323E+03  2.0329E-01  1.3968E-01
  2.8344E+03  2.0315E-01  1.3972E-01
  2.8366E+03  2.0300E-01  1.3975E-01
  2.8387E+03  2.0285E-01  1.3979E-01
  2.8408E+03  2.0270E-01  1.3982E-01
  2.8429E+03  2.0255E-01  1.3986E-01
  2.8450E+03  2.0241E-01  1.3989E-01
  2.8472E+03  2.0226E-01  1.3993E-01
  2.8493E+03  2.0212E-01  1.3996E-01
  2.8514E+03  2.0197E-01  1.4000E-01
  2.8535E+03  2.0183E-01  1.4003E-01
  2.8556E+03  2.0169E-01  1.4007E-01
  2.8578E+03  2.0154E-01  1.4010E-01
  2.8599E+03  2.0140E-01  1.4014E-01
  2.8620E+03  2.0125E-01  1.4017E-01
  2.8641E+03  2.0111E-01  1.4020E-01
  2.8662E+03  2.0096E-01  1.4024E-01
  2.8684E+03  2.0082E-01  1.4027E-01
  2.8705E+03  2.0067E-01  1.4031E-01
  2.8726E+03  2.0052E-01  1.4034E-01
  2.8747E+03  2.0038E-01  1.4037E-01
  2.8768E+03  2.0023E-01  1.4041E-01
  2.8790E+03  2.0009E-01  1.4044E-01
  2.8811E+03  1.9994E-01  1.4048E-01
  2.8832E+03  1.9980E-01  1.4051E-01
  2.8853E+03  1.9965E-01  1.4054E-01
  2.8874E+03  1.9951E-01  1.4058E-01
  2.8896E+03  1.9937E-01  1.4061E-01
  2.8917E+03  1.9922E-01  1.4064E-01
  2.8938E+03  1.9908E-01  1.4068E-01
  2.8959E+03  1.9893E-01  1.4071E-01
  2.8980E+03  1.9879E-01  1.4074E-01
  2.9002E+03  1.9864E-01  1.4077E-01
  2.9023E+03  1.9850E-01  1.4081E-01
  2.9044E+03  1.9835E-01  1.4084E-01
  2.9065E+03  1.9821E-01  1.4087E-01
  2.9086E+03  1.9806E-01  1.4090E-01
  2.9108E+03  1.9792E-01  1.4094E-01
  2.9129E+03  1.9777E-01  1.4097E-01
  2.9150E+03  1.9763E-01  1.4100E-01
  2.9171E+03  1.9749E-01  1.4103E-01
  2.9192E+03  1.9734E-01  1.4107E-01
  2.9214E+03  1.9720E-01  1.4110E-01
  2.9235E+03  1.9706E-01  1.4113E-01
  2.9256E+03  1.9691E-01  1.4116E-01
  2.9277E+03  1.9677E-01  1.4119E-01
  2.9298E+03  1.9662E-01  1.4123E-01
  2.9320E+03  1.9648E-01  1.4126E-01
  2.9341E+03  1.9633E-01  1.4129E-01
  2.9362E+03  1.9619E-01  1.4132E-01
  2.9383E+03  1.9604E-01  1.4135E-01
  2.9404E+03  1.9590E-01  1.4138E-01
  2.9426E+03  1.9575E-01  1.4142E-01
  2.9447E+03  1.9561E-01  1.4145E-01
  2.9468E+03  1.9547E-01  1.4148E-01
  2.9489E+03  1.9533E-01  1.4151E-01
  2.9510E+03  1.9519E-01  1.4154E-01
  2.9532E+03  1.9504E-01  1.4157E-01
  2.9553E+03  1.9490E-01  1.4160E-01
  2.9574E+03  1.9475E-01  1.4163E-01
  2.9595E+03  1.9461E-01  1.4166E-01
  2.9616E+03  1.9446E-01  1.4169E-01
  2.9638E+03  1.9432E-01  1.4172E-01
  2.9659E+03  1.9417E-01  1.4175E-01
  2.9680E+03  1.9403E-01  1.4178E-01
  2.9701E+03  1.9388E-01  1.4181E-01
  2.9722E+03  1.9374E-01  1.4184E-01
  2.9744E+03  1.9360E-01  1.4187E-01
  2.9765E+03  1.9346E-01  1.4190E-01
  2.9786E+03  1.9332E-01  1.4193E-01
  2.9807E+03  1.9318E-01  1.4196E-01
  2.9828E+03  1.9303E-01  1.4199E-01
  2.9850E+03  1.9289E-01  1.4202E-01
  2.9871E+03  1.9274E-01  1.4205E-01
  2.9892E+03  1.9260E-01  1.4208E-01
  2.9913E+03  1.9245E-01  1.4211E-01
  2.9934E+03  1.9231E-01  1.4214E-01
  2.9956E+03  1.9216E-01  1.4217E-01
  2.9977E+03  1.9202E-01  1.4220E-01
  2.9998E+03  1.9188E-01  1.4223E-01
  3.0000E+03  1.9187E-01  1.4223E-01
