# CREATED BY GENE DIAGNOSTICS TOOL on Wed Dec 16 19:19:07 2020
# diag: timetrace, run(s): 0024, time window: 0-3000(1437 steps), species: ions
# original data path: /marconi_scratch/userexternal/cmoreno0/GAM_HP_scan/scanfiles0003/
# normalization: L_ref=1.65m
#
#  t          Re[phi]     Im[phi]   
  0.0000E+00  9.9997E-01  0.0000E+00
  2.0900E+00  9.3506E-01  7.5383E-04
  4.1800E+00  8.3916E-01  1.3788E-03
  6.2700E+00  7.8557E-01  1.7768E-03
  8.3600E+00  7.4849E-01  2.1527E-03
  1.0450E+01  7.0675E-01  2.4760E-03
  1.2540E+01  6.6701E-01  2.6599E-03
  1.4630E+01  6.3653E-01  2.7317E-03
  1.6720E+01  6.1547E-01  2.7569E-03
  1.8810E+01  6.0219E-01  2.7887E-03
  2.0900E+01  5.9570E-01  2.8688E-03
  2.2990E+01  5.9505E-01  3.0243E-03
  2.5080E+01  5.9884E-01  3.2640E-03
  2.7170E+01  6.0537E-01  3.5806E-03
  2.9260E+01  6.1297E-01  3.9525E-03
  3.1350E+01  6.2011E-01  4.3596E-03
  3.3440E+01  6.2582E-01  4.7759E-03
  3.5530E+01  6.2944E-01  5.1795E-03
  3.7620E+01  6.3091E-01  5.5608E-03
  3.9710E+01  6.3042E-01  5.9086E-03
  4.1800E+01  6.2787E-01  6.2236E-03
  4.3890E+01  6.2460E-01  6.5104E-03
  4.5980E+01  6.2048E-01  6.7666E-03
  4.8070E+01  6.1580E-01  7.0054E-03
  5.0160E+01  6.1128E-01  7.2330E-03
  5.2250E+01  6.0707E-01  7.4536E-03
  5.4340E+01  6.0321E-01  7.6753E-03
  5.6430E+01  5.9986E-01  7.9031E-03
  5.8520E+01  5.9701E-01  8.1369E-03
  6.0610E+01  5.9459E-01  8.3825E-03
  6.2700E+01  5.9258E-01  8.6307E-03
  6.4790E+01  5.9087E-01  8.8932E-03
  6.6880E+01  5.8928E-01  9.1610E-03
  6.8970E+01  5.8798E-01  9.4274E-03
  7.1060E+01  5.8685E-01  9.7055E-03
  7.3150E+01  5.8570E-01  9.9867E-03
  7.5240E+01  5.8463E-01  1.0244E-02
  7.7330E+01  5.8361E-01  1.0514E-02
  7.9420E+01  5.8223E-01  1.0811E-02
  8.1510E+01  5.8054E-01  1.1088E-02
  8.3600E+01  5.7914E-01  1.1334E-02
  8.5690E+01  5.7812E-01  1.1584E-02
  8.7780E+01  5.7714E-01  1.1843E-02
  8.9870E+01  5.7598E-01  1.2095E-02
  9.1960E+01  5.7478E-01  1.2339E-02
  9.4050E+01  5.7363E-01  1.2579E-02
  9.6140E+01  5.7247E-01  1.2817E-02
  9.8230E+01  5.7128E-01  1.3052E-02
  1.0032E+02  5.7008E-01  1.3286E-02
  1.0241E+02  5.6885E-01  1.3519E-02
  1.0450E+02  5.6759E-01  1.3752E-02
  1.0659E+02  5.6629E-01  1.3984E-02
  1.0868E+02  5.6494E-01  1.4215E-02
  1.1077E+02  5.6359E-01  1.4444E-02
  1.1286E+02  5.6226E-01  1.4672E-02
  1.1495E+02  5.6095E-01  1.4901E-02
  1.1704E+02  5.5964E-01  1.5129E-02
  1.1913E+02  5.5833E-01  1.5358E-02
  1.2122E+02  5.5705E-01  1.5586E-02
  1.2331E+02  5.5582E-01  1.5814E-02
  1.2540E+02  5.5464E-01  1.6043E-02
  1.2749E+02  5.5351E-01  1.6270E-02
  1.2958E+02  5.5239E-01  1.6497E-02
  1.3167E+02  5.5126E-01  1.6723E-02
  1.3376E+02  5.5014E-01  1.6948E-02
  1.3585E+02  5.4907E-01  1.7174E-02
  1.3794E+02  5.4803E-01  1.7400E-02
  1.4003E+02  5.4703E-01  1.7624E-02
  1.4212E+02  5.4606E-01  1.7846E-02
  1.4421E+02  5.4508E-01  1.8067E-02
  1.4630E+02  5.4409E-01  1.8287E-02
  1.4839E+02  5.4310E-01  1.8508E-02
  1.5048E+02  5.4212E-01  1.8729E-02
  1.5257E+02  5.4117E-01  1.8949E-02
  1.5466E+02  5.4025E-01  1.9167E-02
  1.5675E+02  5.3938E-01  1.9383E-02
  1.5884E+02  5.3851E-01  1.9598E-02
  1.6093E+02  5.3763E-01  1.9813E-02
  1.6302E+02  5.3674E-01  2.0027E-02
  1.6511E+02  5.3584E-01  2.0243E-02
  1.6720E+02  5.3496E-01  2.0458E-02
  1.6929E+02  5.3410E-01  2.0670E-02
  1.7138E+02  5.3326E-01  2.0881E-02
  1.7347E+02  5.3244E-01  2.1090E-02
  1.7556E+02  5.3160E-01  2.1298E-02
  1.7765E+02  5.3075E-01  2.1506E-02
  1.7974E+02  5.2988E-01  2.1713E-02
  1.8183E+02  5.2901E-01  2.1921E-02
  1.8392E+02  5.2816E-01  2.2128E-02
  1.8601E+02  5.2734E-01  2.2334E-02
  1.8810E+02  5.2655E-01  2.2538E-02
  1.9019E+02  5.2577E-01  2.2742E-02
  1.9228E+02  5.2499E-01  2.2945E-02
  1.9437E+02  5.2421E-01  2.3147E-02
  1.9646E+02  5.2343E-01  2.3349E-02
  1.9855E+02  5.2265E-01  2.3551E-02
  2.0064E+02  5.2189E-01  2.3753E-02
  2.0273E+02  5.2114E-01  2.3955E-02
  2.0482E+02  5.2040E-01  2.4156E-02
  2.0691E+02  5.1968E-01  2.4357E-02
  2.0900E+02  5.1895E-01  2.4555E-02
  2.1109E+02  5.1822E-01  2.4753E-02
  2.1318E+02  5.1748E-01  2.4948E-02
  2.1527E+02  5.1674E-01  2.5143E-02
  2.1736E+02  5.1601E-01  2.5338E-02
  2.1945E+02  5.1529E-01  2.5534E-02
  2.2154E+02  5.1460E-01  2.5730E-02
  2.2363E+02  5.1393E-01  2.5927E-02
  2.2572E+02  5.1327E-01  2.6123E-02
  2.2781E+02  5.1261E-01  2.6319E-02
  2.2990E+02  5.1194E-01  2.6512E-02
  2.3199E+02  5.1126E-01  2.6703E-02
  2.3408E+02  5.1058E-01  2.6892E-02
  2.3617E+02  5.0988E-01  2.7079E-02
  2.3826E+02  5.0919E-01  2.7266E-02
  2.4035E+02  5.0850E-01  2.7453E-02
  2.4244E+02  5.0785E-01  2.7641E-02
  2.4453E+02  5.0723E-01  2.7831E-02
  2.4662E+02  5.0663E-01  2.8021E-02
  2.4871E+02  5.0604E-01  2.8212E-02
  2.5080E+02  5.0544E-01  2.8403E-02
  2.5289E+02  5.0484E-01  2.8591E-02
  2.5498E+02  5.0423E-01  2.8778E-02
  2.5707E+02  5.0362E-01  2.8962E-02
  2.5916E+02  5.0299E-01  2.9144E-02
  2.6125E+02  5.0234E-01  2.9325E-02
  2.6334E+02  5.0169E-01  2.9506E-02
  2.6543E+02  5.0105E-01  2.9688E-02
  2.6752E+02  5.0043E-01  2.9870E-02
  2.6961E+02  4.9984E-01  3.0053E-02
  2.7170E+02  4.9928E-01  3.0236E-02
  2.7379E+02  4.9874E-01  3.0419E-02
  2.7588E+02  4.9821E-01  3.0602E-02
  2.7797E+02  4.9769E-01  3.0783E-02
  2.8006E+02  4.9715E-01  3.0963E-02
  2.8215E+02  4.9660E-01  3.1142E-02
  2.8424E+02  4.9599E-01  3.1319E-02
  2.8633E+02  4.9534E-01  3.1496E-02
  2.8842E+02  4.9463E-01  3.1673E-02
  2.9051E+02  4.9389E-01  3.1849E-02
  2.9260E+02  4.9317E-01  3.2025E-02
  2.9469E+02  4.9251E-01  3.2201E-02
  2.9678E+02  4.9193E-01  3.2376E-02
  2.9887E+02  4.9144E-01  3.2552E-02
  3.0096E+02  4.9105E-01  3.2726E-02
  3.0305E+02  4.9073E-01  3.2901E-02
  3.0514E+02  4.9046E-01  3.3075E-02
  3.0723E+02  4.9018E-01  3.3249E-02
  3.0932E+02  4.8984E-01  3.3423E-02
  3.1141E+02  4.8938E-01  3.3597E-02
  3.1350E+02  4.8879E-01  3.3771E-02
  3.1559E+02  4.8808E-01  3.3945E-02
  3.1768E+02  4.8726E-01  3.4118E-02
  3.1977E+02  4.8640E-01  3.4291E-02
  3.2186E+02  4.8555E-01  3.4462E-02
  3.2395E+02  4.8476E-01  3.4633E-02
  3.2604E+02  4.8408E-01  3.4802E-02
  3.2813E+02  4.8353E-01  3.4971E-02
  3.3022E+02  4.8312E-01  3.5138E-02
  3.3231E+02  4.8283E-01  3.5305E-02
  3.3440E+02  4.8261E-01  3.5471E-02
  3.3649E+02  4.8240E-01  3.5637E-02
  3.3858E+02  4.8214E-01  3.5803E-02
  3.4067E+02  4.8179E-01  3.5969E-02
  3.4276E+02  4.8131E-01  3.6136E-02
  3.4485E+02  4.8073E-01  3.6302E-02
  3.4694E+02  4.8005E-01  3.6469E-02
  3.4903E+02  4.7934E-01  3.6636E-02
  3.5112E+02  4.7863E-01  3.6803E-02
  3.5321E+02  4.7796E-01  3.6971E-02
  3.5530E+02  4.7736E-01  3.7137E-02
  3.5739E+02  4.7686E-01  3.7304E-02
  3.5948E+02  4.7645E-01  3.7469E-02
  3.6157E+02  4.7613E-01  3.7633E-02
  3.6366E+02  4.7586E-01  3.7797E-02
  3.6575E+02  4.7560E-01  3.7959E-02
  3.6784E+02  4.7531E-01  3.8121E-02
  3.6993E+02  4.7494E-01  3.8282E-02
  3.7202E+02  4.7447E-01  3.8442E-02
  3.7411E+02  4.7391E-01  3.8602E-02
  3.7620E+02  4.7326E-01  3.8761E-02
  3.7829E+02  4.7255E-01  3.8920E-02
  3.8038E+02  4.7183E-01  3.9080E-02
  3.8247E+02  4.7114E-01  3.9240E-02
  3.8456E+02  4.7051E-01  3.9401E-02
  3.8665E+02  4.6997E-01  3.9562E-02
  3.8874E+02  4.6952E-01  3.9724E-02
  3.9083E+02  4.6918E-01  3.9887E-02
  3.9292E+02  4.6891E-01  4.0050E-02
  3.9501E+02  4.6870E-01  4.0212E-02
  3.9710E+02  4.6850E-01  4.0374E-02
  3.9919E+02  4.6827E-01  4.0534E-02
  4.0128E+02  4.6799E-01  4.0692E-02
  4.0337E+02  4.6764E-01  4.0850E-02
  4.0546E+02  4.6719E-01  4.1006E-02
  4.0755E+02  4.6666E-01  4.1160E-02
  4.0964E+02  4.6606E-01  4.1314E-02
  4.1173E+02  4.6541E-01  4.1467E-02
  4.1382E+02  4.6475E-01  4.1620E-02
  4.1591E+02  4.6410E-01  4.1773E-02
  4.1800E+02  4.6349E-01  4.1926E-02
  4.2009E+02  4.6294E-01  4.2080E-02
  4.2218E+02  4.6244E-01  4.2235E-02
  4.2427E+02  4.6201E-01  4.2391E-02
  4.2636E+02  4.6163E-01  4.2548E-02
  4.2845E+02  4.6129E-01  4.2706E-02
  4.3054E+02  4.6097E-01  4.2864E-02
  4.3263E+02  4.6067E-01  4.3021E-02
  4.3472E+02  4.6036E-01  4.3179E-02
  4.3681E+02  4.6004E-01  4.3335E-02
  4.3890E+02  4.5968E-01  4.3490E-02
  4.4099E+02  4.5930E-01  4.3643E-02
  4.4308E+02  4.5890E-01  4.3796E-02
  4.4517E+02  4.5847E-01  4.3948E-02
  4.4726E+02  4.5802E-01  4.4099E-02
  4.4935E+02  4.5756E-01  4.4249E-02
  4.5144E+02  4.5709E-01  4.4399E-02
  4.5353E+02  4.5662E-01  4.4548E-02
  4.5562E+02  4.5615E-01  4.4697E-02
  4.5771E+02  4.5570E-01  4.4846E-02
  4.5980E+02  4.5525E-01  4.4996E-02
  4.6189E+02  4.5481E-01  4.5146E-02
  4.6398E+02  4.5437E-01  4.5296E-02
  4.6607E+02  4.5394E-01  4.5447E-02
  4.6816E+02  4.5353E-01  4.5599E-02
  4.7025E+02  4.5313E-01  4.5751E-02
  4.7234E+02  4.5275E-01  4.5903E-02
  4.7443E+02  4.5238E-01  4.6055E-02
  4.7652E+02  4.5202E-01  4.6206E-02
  4.7861E+02  4.5165E-01  4.6356E-02
  4.8070E+02  4.5129E-01  4.6506E-02
  4.8279E+02  4.5094E-01  4.6655E-02
  4.8488E+02  4.5058E-01  4.6804E-02
  4.8697E+02  4.5021E-01  4.6952E-02
  4.8906E+02  4.4984E-01  4.7100E-02
  4.9115E+02  4.4946E-01  4.7247E-02
  4.9324E+02  4.4908E-01  4.7395E-02
  4.9533E+02  4.4869E-01  4.7541E-02
  4.9742E+02  4.4831E-01  4.7688E-02
  4.9951E+02  4.4791E-01  4.7834E-02
  5.0160E+02  4.4751E-01  4.7980E-02
  5.0369E+02  4.4710E-01  4.8127E-02
  5.0578E+02  4.4669E-01  4.8273E-02
  5.0787E+02  4.4629E-01  4.8420E-02
  5.0996E+02  4.4590E-01  4.8568E-02
  5.1205E+02  4.4552E-01  4.8715E-02
  5.1414E+02  4.4515E-01  4.8863E-02
  5.1623E+02  4.4480E-01  4.9010E-02
  5.1832E+02  4.4444E-01  4.9157E-02
  5.2041E+02  4.4409E-01  4.9304E-02
  5.2250E+02  4.4372E-01  4.9450E-02
  5.2459E+02  4.4335E-01  4.9595E-02
  5.2668E+02  4.4298E-01  4.9740E-02
  5.2877E+02  4.4261E-01  4.9885E-02
  5.3086E+02  4.4223E-01  5.0030E-02
  5.3295E+02  4.4186E-01  5.0174E-02
  5.3504E+02  4.4149E-01  5.0318E-02
  5.3713E+02  4.4112E-01  5.0462E-02
  5.3922E+02  4.4076E-01  5.0606E-02
  5.4131E+02  4.4039E-01  5.0750E-02
  5.4340E+02  4.4002E-01  5.0893E-02
  5.4549E+02  4.3965E-01  5.1036E-02
  5.4758E+02  4.3926E-01  5.1179E-02
  5.4967E+02  4.3887E-01  5.1323E-02
  5.5176E+02  4.3848E-01  5.1466E-02
  5.5385E+02  4.3809E-01  5.1609E-02
  5.5594E+02  4.3771E-01  5.1752E-02
  5.5803E+02  4.3734E-01  5.1896E-02
  5.6012E+02  4.3698E-01  5.2039E-02
  5.6221E+02  4.3663E-01  5.2182E-02
  5.6430E+02  4.3629E-01  5.2325E-02
  5.6639E+02  4.3594E-01  5.2467E-02
  5.6848E+02  4.3559E-01  5.2609E-02
  5.7057E+02  4.3523E-01  5.2751E-02
  5.7266E+02  4.3485E-01  5.2893E-02
  5.7475E+02  4.3447E-01  5.3034E-02
  5.7684E+02  4.3408E-01  5.3175E-02
  5.7893E+02  4.3369E-01  5.3316E-02
  5.8102E+02  4.3331E-01  5.3456E-02
  5.8311E+02  4.3294E-01  5.3597E-02
  5.8520E+02  4.3259E-01  5.3738E-02
  5.8729E+02  4.3225E-01  5.3878E-02
  5.8938E+02  4.3193E-01  5.4018E-02
  5.9147E+02  4.3161E-01  5.4159E-02
  5.9356E+02  4.3130E-01  5.4299E-02
  5.9565E+02  4.3097E-01  5.4439E-02
  5.9774E+02  4.3062E-01  5.4579E-02
  5.9983E+02  4.3025E-01  5.4719E-02
  6.0192E+02  4.2986E-01  5.4858E-02
  6.0401E+02  4.2946E-01  5.4998E-02
  6.0610E+02  4.2906E-01  5.5137E-02
  6.0819E+02  4.2867E-01  5.5276E-02
  6.1028E+02  4.2830E-01  5.5415E-02
  6.1237E+02  4.2796E-01  5.5554E-02
  6.1446E+02  4.2765E-01  5.5693E-02
  6.1655E+02  4.2736E-01  5.5832E-02
  6.1864E+02  4.2709E-01  5.5971E-02
  6.2073E+02  4.2683E-01  5.6109E-02
  6.2282E+02  4.2656E-01  5.6248E-02
  6.2491E+02  4.2626E-01  5.6386E-02
  6.2700E+02  4.2594E-01  5.6524E-02
  6.2909E+02  4.2558E-01  5.6662E-02
  6.3118E+02  4.2520E-01  5.6800E-02
  6.3327E+02  4.2481E-01  5.6938E-02
  6.3536E+02  4.2442E-01  5.7075E-02
  6.3745E+02  4.2404E-01  5.7212E-02
  6.3954E+02  4.2369E-01  5.7349E-02
  6.4163E+02  4.2337E-01  5.7486E-02
  6.4372E+02  4.2308E-01  5.7623E-02
  6.4581E+02  4.2283E-01  5.7760E-02
  6.4790E+02  4.2259E-01  5.7897E-02
  6.4999E+02  4.2236E-01  5.8034E-02
  6.5208E+02  4.2211E-01  5.8171E-02
  6.5417E+02  4.2183E-01  5.8308E-02
  6.5626E+02  4.2152E-01  5.8445E-02
  6.5835E+02  4.2117E-01  5.8581E-02
  6.6044E+02  4.2080E-01  5.8717E-02
  6.6253E+02  4.2042E-01  5.8853E-02
  6.6462E+02  4.2005E-01  5.8989E-02
  6.6671E+02  4.1969E-01  5.9125E-02
  6.6880E+02  4.1936E-01  5.9260E-02
  6.7089E+02  4.1908E-01  5.9396E-02
  6.7298E+02  4.1883E-01  5.9531E-02
  6.7507E+02  4.1862E-01  5.9667E-02
  6.7716E+02  4.1842E-01  5.9802E-02
  6.7925E+02  4.1822E-01  5.9938E-02
  6.8134E+02  4.1800E-01  6.0073E-02
  6.8343E+02  4.1774E-01  6.0208E-02
  6.8552E+02  4.1743E-01  6.0343E-02
  6.8761E+02  4.1708E-01  6.0478E-02
  6.8970E+02  4.1669E-01  6.0613E-02
  6.9179E+02  4.1628E-01  6.0747E-02
  6.9388E+02  4.1586E-01  6.0881E-02
  6.9597E+02  4.1546E-01  6.1015E-02
  6.9806E+02  4.1509E-01  6.1149E-02
  7.0015E+02  4.1477E-01  6.1283E-02
  7.0224E+02  4.1451E-01  6.1416E-02
  7.0433E+02  4.1430E-01  6.1550E-02
  7.0642E+02  4.1413E-01  6.1684E-02
  7.0851E+02  4.1398E-01  6.1818E-02
  7.1060E+02  4.1382E-01  6.1952E-02
  7.1269E+02  4.1364E-01  6.2086E-02
  7.1478E+02  4.1341E-01  6.2220E-02
  7.1687E+02  4.1312E-01  6.2353E-02
  7.1896E+02  4.1278E-01  6.2487E-02
  7.2105E+02  4.1239E-01  6.2620E-02
  7.2314E+02  4.1197E-01  6.2752E-02
  7.2523E+02  4.1154E-01  6.2885E-02
  7.2732E+02  4.1111E-01  6.3017E-02
  7.2941E+02  4.1072E-01  6.3149E-02
  7.3150E+02  4.1038E-01  6.3281E-02
  7.3359E+02  4.1008E-01  6.3413E-02
  7.3568E+02  4.0983E-01  6.3545E-02
  7.3777E+02  4.0962E-01  6.3677E-02
  7.3986E+02  4.0944E-01  6.3809E-02
  7.4195E+02  4.0925E-01  6.3941E-02
  7.4404E+02  4.0906E-01  6.4073E-02
  7.4613E+02  4.0883E-01  6.4205E-02
  7.4822E+02  4.0857E-01  6.4337E-02
  7.5031E+02  4.0827E-01  6.4469E-02
  7.5240E+02  4.0792E-01  6.4601E-02
  7.5449E+02  4.0755E-01  6.4732E-02
  7.5658E+02  4.0717E-01  6.4863E-02
  7.5867E+02  4.0680E-01  6.4994E-02
  7.6076E+02  4.0643E-01  6.5124E-02
  7.6285E+02  4.0610E-01  6.5255E-02
  7.6494E+02  4.0580E-01  6.5385E-02
  7.6703E+02  4.0553E-01  6.5515E-02
  7.6912E+02  4.0529E-01  6.5646E-02
  7.7121E+02  4.0507E-01  6.5776E-02
  7.7330E+02  4.0485E-01  6.5906E-02
  7.7539E+02  4.0462E-01  6.6037E-02
  7.7748E+02  4.0437E-01  6.6167E-02
  7.7957E+02  4.0410E-01  6.6297E-02
  7.8166E+02  4.0380E-01  6.6427E-02
  7.8375E+02  4.0347E-01  6.6557E-02
  7.8584E+02  4.0313E-01  6.6687E-02
  7.8793E+02  4.0279E-01  6.6816E-02
  7.9002E+02  4.0245E-01  6.6946E-02
  7.9211E+02  4.0212E-01  6.7075E-02
  7.9420E+02  4.0181E-01  6.7204E-02
  7.9629E+02  4.0152E-01  6.7333E-02
  7.9838E+02  4.0125E-01  6.7462E-02
  8.0047E+02  4.0101E-01  6.7591E-02
  8.0256E+02  4.0077E-01  6.7720E-02
  8.0465E+02  4.0054E-01  6.7848E-02
  8.0674E+02  4.0031E-01  6.7977E-02
  8.0883E+02  4.0007E-01  6.8106E-02
  8.1092E+02  3.9982E-01  6.8234E-02
  8.1301E+02  3.9955E-01  6.8362E-02
  8.1510E+02  3.9927E-01  6.8490E-02
  8.1719E+02  3.9897E-01  6.8619E-02
  8.1928E+02  3.9867E-01  6.8746E-02
  8.2137E+02  3.9836E-01  6.8874E-02
  8.2346E+02  3.9806E-01  6.9002E-02
  8.2555E+02  3.9777E-01  6.9130E-02
  8.2764E+02  3.9748E-01  6.9257E-02
  8.2973E+02  3.9721E-01  6.9385E-02
  8.3182E+02  3.9694E-01  6.9512E-02
  8.3391E+02  3.9668E-01  6.9639E-02
  8.3600E+02  3.9642E-01  6.9767E-02
  8.3809E+02  3.9617E-01  6.9894E-02
  8.4018E+02  3.9591E-01  7.0021E-02
  8.4227E+02  3.9566E-01  7.0148E-02
  8.4436E+02  3.9540E-01  7.0275E-02
  8.4645E+02  3.9515E-01  7.0401E-02
  8.4854E+02  3.9490E-01  7.0528E-02
  8.5063E+02  3.9464E-01  7.0654E-02
  8.5272E+02  3.9439E-01  7.0781E-02
  8.5481E+02  3.9414E-01  7.0907E-02
  8.5690E+02  3.9388E-01  7.1033E-02
  8.5899E+02  3.9362E-01  7.1159E-02
  8.6108E+02  3.9336E-01  7.1285E-02
  8.6317E+02  3.9310E-01  7.1411E-02
  8.6526E+02  3.9283E-01  7.1537E-02
  8.6735E+02  3.9256E-01  7.1662E-02
  8.6944E+02  3.9229E-01  7.1788E-02
  8.7153E+02  3.9202E-01  7.1913E-02
  8.7362E+02  3.9175E-01  7.2039E-02
  8.7571E+02  3.9149E-01  7.2164E-02
  8.7780E+02  3.9124E-01  7.2289E-02
  8.7989E+02  3.9099E-01  7.2414E-02
  8.8198E+02  3.9074E-01  7.2539E-02
  8.8407E+02  3.9049E-01  7.2664E-02
  8.8616E+02  3.9024E-01  7.2789E-02
  8.8825E+02  3.8999E-01  7.2914E-02
  8.9034E+02  3.8973E-01  7.3038E-02
  8.9243E+02  3.8948E-01  7.3163E-02
  8.9452E+02  3.8922E-01  7.3287E-02
  8.9661E+02  3.8896E-01  7.3411E-02
  8.9870E+02  3.8871E-01  7.3535E-02
  9.0079E+02  3.8846E-01  7.3659E-02
  9.0288E+02  3.8821E-01  7.3783E-02
  9.0497E+02  3.8797E-01  7.3907E-02
  9.0706E+02  3.8772E-01  7.4031E-02
  9.0915E+02  3.8748E-01  7.4154E-02
  9.1124E+02  3.8723E-01  7.4278E-02
  9.1333E+02  3.8698E-01  7.4402E-02
  9.1542E+02  3.8671E-01  7.4525E-02
  9.1751E+02  3.8645E-01  7.4648E-02
  9.1960E+02  3.8618E-01  7.4771E-02
  9.2169E+02  3.8591E-01  7.4894E-02
  9.2378E+02  3.8564E-01  7.5017E-02
  9.2587E+02  3.8538E-01  7.5140E-02
  9.2796E+02  3.8513E-01  7.5263E-02
  9.3005E+02  3.8489E-01  7.5385E-02
  9.3214E+02  3.8465E-01  7.5508E-02
  9.3423E+02  3.8442E-01  7.5630E-02
  9.3632E+02  3.8420E-01  7.5753E-02
  9.3841E+02  3.8397E-01  7.5875E-02
  9.4050E+02  3.8373E-01  7.5997E-02
  9.4259E+02  3.8348E-01  7.6119E-02
  9.4468E+02  3.8323E-01  7.6241E-02
  9.4677E+02  3.8297E-01  7.6363E-02
  9.4886E+02  3.8270E-01  7.6485E-02
  9.5095E+02  3.8242E-01  7.6606E-02
  9.5304E+02  3.8216E-01  7.6728E-02
  9.5513E+02  3.8190E-01  7.6849E-02
  9.5722E+02  3.8165E-01  7.6971E-02
  9.5931E+02  3.8141E-01  7.7092E-02
  9.6140E+02  3.8118E-01  7.7213E-02
  9.6349E+02  3.8095E-01  7.7334E-02
  9.6558E+02  3.8073E-01  7.7455E-02
  9.6767E+02  3.8051E-01  7.7576E-02
  9.6976E+02  3.8027E-01  7.7697E-02
  9.7185E+02  3.8003E-01  7.7817E-02
  9.7394E+02  3.7978E-01  7.7938E-02
  9.7603E+02  3.7951E-01  7.8058E-02
  9.7812E+02  3.7924E-01  7.8179E-02
  9.8021E+02  3.7897E-01  7.8299E-02
  9.8230E+02  3.7871E-01  7.8419E-02
  9.8439E+02  3.7846E-01  7.8539E-02
  9.8648E+02  3.7821E-01  7.8659E-02
  9.8857E+02  3.7799E-01  7.8778E-02
  9.9066E+02  3.7777E-01  7.8898E-02
  9.9275E+02  3.7755E-01  7.9018E-02
  9.9484E+02  3.7734E-01  7.9137E-02
  9.9693E+02  3.7712E-01  7.9257E-02
  9.9902E+02  3.7689E-01  7.9376E-02
  1.0011E+03  3.7665E-01  7.9495E-02
  1.0032E+03  3.7640E-01  7.9615E-02
  1.0053E+03  3.7613E-01  7.9734E-02
  1.0074E+03  3.7586E-01  7.9852E-02
  1.0095E+03  3.7559E-01  7.9971E-02
  1.0116E+03  3.7532E-01  8.0090E-02
  1.0136E+03  3.7507E-01  8.0208E-02
  1.0157E+03  3.7484E-01  8.0327E-02
  1.0178E+03  3.7462E-01  8.0445E-02
  1.0199E+03  3.7441E-01  8.0563E-02
  1.0220E+03  3.7421E-01  8.0682E-02
  1.0241E+03  3.7402E-01  8.0800E-02
  1.0262E+03  3.7381E-01  8.0918E-02
  1.0283E+03  3.7359E-01  8.1036E-02
  1.0304E+03  3.7335E-01  8.1154E-02
  1.0325E+03  3.7310E-01  8.1272E-02
  1.0345E+03  3.7283E-01  8.1389E-02
  1.0366E+03  3.7255E-01  8.1507E-02
  1.0387E+03  3.7227E-01  8.1624E-02
  1.0408E+03  3.7200E-01  8.1741E-02
  1.0429E+03  3.7175E-01  8.1858E-02
  1.0450E+03  3.7151E-01  8.1975E-02
  1.0471E+03  3.7130E-01  8.2092E-02
  1.0492E+03  3.7110E-01  8.2209E-02
  1.0513E+03  3.7092E-01  8.2326E-02
  1.0534E+03  3.7074E-01  8.2443E-02
  1.0554E+03  3.7056E-01  8.2559E-02
  1.0575E+03  3.7036E-01  8.2676E-02
  1.0596E+03  3.7015E-01  8.2792E-02
  1.0617E+03  3.6990E-01  8.2909E-02
  1.0638E+03  3.6964E-01  8.3025E-02
  1.0659E+03  3.6936E-01  8.3141E-02
  1.0680E+03  3.6907E-01  8.3257E-02
  1.0701E+03  3.6879E-01  8.3373E-02
  1.0722E+03  3.6851E-01  8.3488E-02
  1.0743E+03  3.6825E-01  8.3604E-02
  1.0763E+03  3.6802E-01  8.3719E-02
  1.0784E+03  3.6782E-01  8.3835E-02
  1.0805E+03  3.6763E-01  8.3950E-02
  1.0826E+03  3.6746E-01  8.4065E-02
  1.0847E+03  3.6730E-01  8.4181E-02
  1.0868E+03  3.6714E-01  8.4296E-02
  1.0889E+03  3.6695E-01  8.4411E-02
  1.0910E+03  3.6675E-01  8.4526E-02
  1.0931E+03  3.6652E-01  8.4641E-02
  1.0952E+03  3.6627E-01  8.4755E-02
  1.0972E+03  3.6599E-01  8.4870E-02
  1.0993E+03  3.6571E-01  8.4984E-02
  1.1014E+03  3.6542E-01  8.5099E-02
  1.1035E+03  3.6514E-01  8.5213E-02
  1.1056E+03  3.6488E-01  8.5327E-02
  1.1077E+03  3.6464E-01  8.5440E-02
  1.1098E+03  3.6443E-01  8.5554E-02
  1.1119E+03  3.6424E-01  8.5668E-02
  1.1140E+03  3.6406E-01  8.5782E-02
  1.1161E+03  3.6390E-01  8.5896E-02
  1.1181E+03  3.6373E-01  8.6009E-02
  1.1202E+03  3.6355E-01  8.6123E-02
  1.1223E+03  3.6336E-01  8.6237E-02
  1.1244E+03  3.6315E-01  8.6350E-02
  1.1265E+03  3.6291E-01  8.6463E-02
  1.1286E+03  3.6266E-01  8.6576E-02
  1.1307E+03  3.6240E-01  8.6689E-02
  1.1328E+03  3.6214E-01  8.6802E-02
  1.1349E+03  3.6187E-01  8.6915E-02
  1.1370E+03  3.6162E-01  8.7027E-02
  1.1390E+03  3.6138E-01  8.7140E-02
  1.1411E+03  3.6116E-01  8.7252E-02
  1.1432E+03  3.6096E-01  8.7364E-02
  1.1453E+03  3.6077E-01  8.7477E-02
  1.1474E+03  3.6058E-01  8.7589E-02
  1.1495E+03  3.6040E-01  8.7701E-02
  1.1516E+03  3.6021E-01  8.7813E-02
  1.1537E+03  3.6001E-01  8.7925E-02
  1.1558E+03  3.5980E-01  8.8037E-02
  1.1579E+03  3.5958E-01  8.8149E-02
  1.1599E+03  3.5935E-01  8.8260E-02
  1.1620E+03  3.5911E-01  8.8372E-02
  1.1641E+03  3.5887E-01  8.8483E-02
  1.1662E+03  3.5863E-01  8.8595E-02
  1.1683E+03  3.5840E-01  8.8706E-02
  1.1704E+03  3.5818E-01  8.8817E-02
  1.1725E+03  3.5796E-01  8.8928E-02
  1.1746E+03  3.5775E-01  8.9039E-02
  1.1767E+03  3.5755E-01  8.9149E-02
  1.1788E+03  3.5735E-01  8.9260E-02
  1.1808E+03  3.5715E-01  8.9371E-02
  1.1829E+03  3.5695E-01  8.9481E-02
  1.1850E+03  3.5674E-01  8.9592E-02
  1.1871E+03  3.5653E-01  8.9702E-02
  1.1892E+03  3.5631E-01  8.9813E-02
  1.1913E+03  3.5609E-01  8.9923E-02
  1.1934E+03  3.5587E-01  9.0033E-02
  1.1955E+03  3.5564E-01  9.0143E-02
  1.1976E+03  3.5542E-01  9.0253E-02
  1.1997E+03  3.5520E-01  9.0362E-02
  1.2017E+03  3.5498E-01  9.0472E-02
  1.2038E+03  3.5476E-01  9.0581E-02
  1.2059E+03  3.5455E-01  9.0691E-02
  1.2080E+03  3.5434E-01  9.0800E-02
  1.2101E+03  3.5413E-01  9.0910E-02
  1.2122E+03  3.5393E-01  9.1019E-02
  1.2143E+03  3.5372E-01  9.1128E-02
  1.2164E+03  3.5351E-01  9.1237E-02
  1.2185E+03  3.5330E-01  9.1346E-02
  1.2206E+03  3.5309E-01  9.1455E-02
  1.2226E+03  3.5288E-01  9.1563E-02
  1.2247E+03  3.5267E-01  9.1672E-02
  1.2268E+03  3.5246E-01  9.1780E-02
  1.2289E+03  3.5224E-01  9.1889E-02
  1.2310E+03  3.5203E-01  9.1997E-02
  1.2331E+03  3.5181E-01  9.2105E-02
  1.2352E+03  3.5159E-01  9.2213E-02
  1.2373E+03  3.5137E-01  9.2321E-02
  1.2394E+03  3.5116E-01  9.2429E-02
  1.2415E+03  3.5094E-01  9.2537E-02
  1.2435E+03  3.5073E-01  9.2645E-02
  1.2456E+03  3.5052E-01  9.2752E-02
  1.2477E+03  3.5031E-01  9.2860E-02
  1.2498E+03  3.5011E-01  9.2967E-02
  1.2519E+03  3.4990E-01  9.3075E-02
  1.2540E+03  3.4970E-01  9.3182E-02
  1.2561E+03  3.4949E-01  9.3289E-02
  1.2582E+03  3.4929E-01  9.3396E-02
  1.2603E+03  3.4907E-01  9.3503E-02
  1.2624E+03  3.4886E-01  9.3610E-02
  1.2644E+03  3.4864E-01  9.3717E-02
  1.2665E+03  3.4843E-01  9.3823E-02
  1.2686E+03  3.4821E-01  9.3930E-02
  1.2707E+03  3.4800E-01  9.4036E-02
  1.2728E+03  3.4778E-01  9.4142E-02
  1.2749E+03  3.4758E-01  9.4249E-02
  1.2770E+03  3.4737E-01  9.4355E-02
  1.2791E+03  3.4717E-01  9.4461E-02
  1.2812E+03  3.4697E-01  9.4567E-02
  1.2833E+03  3.4677E-01  9.4673E-02
  1.2853E+03  3.4656E-01  9.4778E-02
  1.2874E+03  3.4635E-01  9.4884E-02
  1.2895E+03  3.4614E-01  9.4989E-02
  1.2916E+03  3.4593E-01  9.5095E-02
  1.2937E+03  3.4571E-01  9.5200E-02
  1.2958E+03  3.4549E-01  9.5305E-02
  1.2979E+03  3.4528E-01  9.5411E-02
  1.3000E+03  3.4507E-01  9.5516E-02
  1.3021E+03  3.4486E-01  9.5621E-02
  1.3042E+03  3.4466E-01  9.5725E-02
  1.3062E+03  3.4446E-01  9.5830E-02
  1.3083E+03  3.4426E-01  9.5935E-02
  1.3104E+03  3.4407E-01  9.6039E-02
  1.3125E+03  3.4387E-01  9.6144E-02
  1.3146E+03  3.4367E-01  9.6248E-02
  1.3167E+03  3.4346E-01  9.6353E-02
  1.3188E+03  3.4325E-01  9.6457E-02
  1.3209E+03  3.4304E-01  9.6561E-02
  1.3230E+03  3.4282E-01  9.6665E-02
  1.3251E+03  3.4260E-01  9.6769E-02
  1.3271E+03  3.4238E-01  9.6872E-02
  1.3292E+03  3.4217E-01  9.6976E-02
  1.3313E+03  3.4197E-01  9.7080E-02
  1.3334E+03  3.4177E-01  9.7183E-02
  1.3355E+03  3.4157E-01  9.7287E-02
  1.3376E+03  3.4139E-01  9.7390E-02
  1.3397E+03  3.4120E-01  9.7493E-02
  1.3418E+03  3.4100E-01  9.7596E-02
  1.3439E+03  3.4081E-01  9.7699E-02
  1.3460E+03  3.4060E-01  9.7802E-02
  1.3480E+03  3.4040E-01  9.7905E-02
  1.3501E+03  3.4018E-01  9.8008E-02
  1.3522E+03  3.3996E-01  9.8110E-02
  1.3543E+03  3.3975E-01  9.8213E-02
  1.3564E+03  3.3953E-01  9.8315E-02
  1.3585E+03  3.3932E-01  9.8418E-02
  1.3606E+03  3.3912E-01  9.8520E-02
  1.3627E+03  3.3892E-01  9.8622E-02
  1.3648E+03  3.3874E-01  9.8724E-02
  1.3669E+03  3.3855E-01  9.8826E-02
  1.3689E+03  3.3837E-01  9.8928E-02
  1.3710E+03  3.3818E-01  9.9030E-02
  1.3731E+03  3.3799E-01  9.9132E-02
  1.3752E+03  3.3779E-01  9.9233E-02
  1.3773E+03  3.3759E-01  9.9335E-02
  1.3794E+03  3.3737E-01  9.9436E-02
  1.3815E+03  3.3715E-01  9.9537E-02
  1.3836E+03  3.3693E-01  9.9639E-02
  1.3857E+03  3.3672E-01  9.9740E-02
  1.3878E+03  3.3651E-01  9.9841E-02
  1.3898E+03  3.3631E-01  9.9941E-02
  1.3919E+03  3.3611E-01  1.0004E-01
  1.3940E+03  3.3593E-01  1.0014E-01
  1.3961E+03  3.3575E-01  1.0024E-01
  1.3982E+03  3.3558E-01  1.0034E-01
  1.4003E+03  3.3540E-01  1.0044E-01
  1.4024E+03  3.3522E-01  1.0055E-01
  1.4045E+03  3.3503E-01  1.0065E-01
  1.4066E+03  3.3483E-01  1.0075E-01
  1.4087E+03  3.3462E-01  1.0085E-01
  1.4107E+03  3.3440E-01  1.0095E-01
  1.4128E+03  3.3417E-01  1.0105E-01
  1.4149E+03  3.3395E-01  1.0115E-01
  1.4170E+03  3.3373E-01  1.0125E-01
  1.4191E+03  3.3353E-01  1.0134E-01
  1.4212E+03  3.3333E-01  1.0144E-01
  1.4233E+03  3.3315E-01  1.0154E-01
  1.4254E+03  3.3297E-01  1.0164E-01
  1.4275E+03  3.3280E-01  1.0174E-01
  1.4296E+03  3.3264E-01  1.0184E-01
  1.4316E+03  3.3247E-01  1.0194E-01
  1.4337E+03  3.3229E-01  1.0204E-01
  1.4358E+03  3.3210E-01  1.0214E-01
  1.4379E+03  3.3190E-01  1.0224E-01
  1.4400E+03  3.3168E-01  1.0234E-01
  1.4421E+03  3.3146E-01  1.0243E-01
  1.4442E+03  3.3124E-01  1.0253E-01
  1.4463E+03  3.3101E-01  1.0263E-01
  1.4484E+03  3.3079E-01  1.0273E-01
  1.4505E+03  3.3059E-01  1.0283E-01
  1.4525E+03  3.3039E-01  1.0293E-01
  1.4546E+03  3.3021E-01  1.0302E-01
  1.4567E+03  3.3004E-01  1.0312E-01
  1.4588E+03  3.2987E-01  1.0322E-01
  1.4609E+03  3.2971E-01  1.0332E-01
  1.4630E+03  3.2954E-01  1.0341E-01
  1.4651E+03  3.2936E-01  1.0351E-01
  1.4672E+03  3.2918E-01  1.0361E-01
  1.4693E+03  3.2898E-01  1.0371E-01
  1.4714E+03  3.2877E-01  1.0380E-01
  1.4735E+03  3.2855E-01  1.0390E-01
  1.4755E+03  3.2833E-01  1.0400E-01
  1.4776E+03  3.2810E-01  1.0410E-01
  1.4797E+03  3.2789E-01  1.0419E-01
  1.4818E+03  3.2768E-01  1.0429E-01
  1.4839E+03  3.2748E-01  1.0439E-01
  1.4860E+03  3.2730E-01  1.0448E-01
  1.4881E+03  3.2712E-01  1.0458E-01
  1.4902E+03  3.2695E-01  1.0468E-01
  1.4923E+03  3.2679E-01  1.0477E-01
  1.4944E+03  3.2661E-01  1.0487E-01
  1.4964E+03  3.2644E-01  1.0496E-01
  1.4985E+03  3.2625E-01  1.0506E-01
  1.5006E+03  3.2606E-01  1.0516E-01
  1.5027E+03  3.2586E-01  1.0525E-01
  1.5048E+03  3.2565E-01  1.0535E-01
  1.5069E+03  3.2543E-01  1.0544E-01
  1.5090E+03  3.2522E-01  1.0554E-01
  1.5111E+03  3.2501E-01  1.0563E-01
  1.5132E+03  3.2481E-01  1.0573E-01
  1.5153E+03  3.2461E-01  1.0583E-01
  1.5173E+03  3.2442E-01  1.0592E-01
  1.5194E+03  3.2424E-01  1.0602E-01
  1.5215E+03  3.2406E-01  1.0611E-01
  1.5236E+03  3.2389E-01  1.0621E-01
  1.5257E+03  3.2371E-01  1.0630E-01
  1.5278E+03  3.2353E-01  1.0640E-01
  1.5299E+03  3.2334E-01  1.0649E-01
  1.5320E+03  3.2315E-01  1.0658E-01
  1.5341E+03  3.2296E-01  1.0668E-01
  1.5362E+03  3.2276E-01  1.0677E-01
  1.5382E+03  3.2256E-01  1.0687E-01
  1.5403E+03  3.2236E-01  1.0696E-01
  1.5424E+03  3.2216E-01  1.0706E-01
  1.5445E+03  3.2196E-01  1.0715E-01
  1.5466E+03  3.2177E-01  1.0724E-01
  1.5487E+03  3.2158E-01  1.0734E-01
  1.5508E+03  3.2139E-01  1.0743E-01
  1.5529E+03  3.2120E-01  1.0752E-01
  1.5550E+03  3.2102E-01  1.0762E-01
  1.5571E+03  3.2084E-01  1.0771E-01
  1.5591E+03  3.2065E-01  1.0780E-01
  1.5612E+03  3.2047E-01  1.0790E-01
  1.5633E+03  3.2028E-01  1.0799E-01
  1.5654E+03  3.2009E-01  1.0808E-01
  1.5675E+03  3.1990E-01  1.0818E-01
  1.5696E+03  3.1971E-01  1.0827E-01
  1.5717E+03  3.1952E-01  1.0836E-01
  1.5738E+03  3.1932E-01  1.0846E-01
  1.5759E+03  3.1913E-01  1.0855E-01
  1.5780E+03  3.1894E-01  1.0864E-01
  1.5800E+03  3.1875E-01  1.0873E-01
  1.5821E+03  3.1856E-01  1.0883E-01
  1.5842E+03  3.1837E-01  1.0892E-01
  1.5863E+03  3.1819E-01  1.0901E-01
  1.5884E+03  3.1800E-01  1.0910E-01
  1.5905E+03  3.1782E-01  1.0919E-01
  1.5926E+03  3.1763E-01  1.0929E-01
  1.5947E+03  3.1745E-01  1.0938E-01
  1.5968E+03  3.1726E-01  1.0947E-01
  1.5989E+03  3.1708E-01  1.0956E-01
  1.6009E+03  3.1689E-01  1.0965E-01
  1.6030E+03  3.1670E-01  1.0974E-01
  1.6051E+03  3.1651E-01  1.0983E-01
  1.6072E+03  3.1632E-01  1.0993E-01
  1.6093E+03  3.1613E-01  1.1002E-01
  1.6114E+03  3.1594E-01  1.1011E-01
  1.6135E+03  3.1575E-01  1.1020E-01
  1.6156E+03  3.1556E-01  1.1029E-01
  1.6177E+03  3.1538E-01  1.1038E-01
  1.6198E+03  3.1519E-01  1.1047E-01
  1.6218E+03  3.1501E-01  1.1056E-01
  1.6239E+03  3.1483E-01  1.1065E-01
  1.6260E+03  3.1465E-01  1.1074E-01
  1.6281E+03  3.1446E-01  1.1083E-01
  1.6302E+03  3.1428E-01  1.1092E-01
  1.6323E+03  3.1409E-01  1.1101E-01
  1.6344E+03  3.1391E-01  1.1110E-01
  1.6365E+03  3.1372E-01  1.1119E-01
  1.6386E+03  3.1353E-01  1.1128E-01
  1.6407E+03  3.1334E-01  1.1137E-01
  1.6427E+03  3.1315E-01  1.1146E-01
  1.6448E+03  3.1296E-01  1.1155E-01
  1.6469E+03  3.1277E-01  1.1164E-01
  1.6490E+03  3.1259E-01  1.1173E-01
  1.6511E+03  3.1241E-01  1.1182E-01
  1.6532E+03  3.1223E-01  1.1191E-01
  1.6553E+03  3.1205E-01  1.1200E-01
  1.6574E+03  3.1187E-01  1.1209E-01
  1.6595E+03  3.1169E-01  1.1218E-01
  1.6616E+03  3.1150E-01  1.1226E-01
  1.6636E+03  3.1132E-01  1.1235E-01
  1.6657E+03  3.1113E-01  1.1244E-01
  1.6678E+03  3.1094E-01  1.1253E-01
  1.6699E+03  3.1075E-01  1.1262E-01
  1.6720E+03  3.1056E-01  1.1271E-01
  1.6741E+03  3.1037E-01  1.1280E-01
  1.6762E+03  3.1019E-01  1.1288E-01
  1.6783E+03  3.1001E-01  1.1297E-01
  1.6804E+03  3.0983E-01  1.1306E-01
  1.6825E+03  3.0965E-01  1.1315E-01
  1.6845E+03  3.0948E-01  1.1324E-01
  1.6866E+03  3.0930E-01  1.1332E-01
  1.6887E+03  3.0912E-01  1.1341E-01
  1.6908E+03  3.0894E-01  1.1350E-01
  1.6929E+03  3.0875E-01  1.1359E-01
  1.6950E+03  3.0856E-01  1.1367E-01
  1.6971E+03  3.0837E-01  1.1376E-01
  1.6992E+03  3.0818E-01  1.1385E-01
  1.7013E+03  3.0799E-01  1.1393E-01
  1.7034E+03  3.0780E-01  1.1402E-01
  1.7054E+03  3.0762E-01  1.1411E-01
  1.7075E+03  3.0744E-01  1.1420E-01
  1.7096E+03  3.0726E-01  1.1428E-01
  1.7117E+03  3.0709E-01  1.1437E-01
  1.7138E+03  3.0692E-01  1.1446E-01
  1.7159E+03  3.0674E-01  1.1454E-01
  1.7180E+03  3.0656E-01  1.1463E-01
  1.7201E+03  3.0638E-01  1.1471E-01
  1.7222E+03  3.0620E-01  1.1480E-01
  1.7243E+03  3.0601E-01  1.1489E-01
  1.7263E+03  3.0582E-01  1.1497E-01
  1.7284E+03  3.0563E-01  1.1506E-01
  1.7305E+03  3.0544E-01  1.1514E-01
  1.7326E+03  3.0525E-01  1.1523E-01
  1.7347E+03  3.0507E-01  1.1532E-01
  1.7368E+03  3.0489E-01  1.1540E-01
  1.7389E+03  3.0471E-01  1.1549E-01
  1.7410E+03  3.0454E-01  1.1557E-01
  1.7431E+03  3.0437E-01  1.1566E-01
  1.7452E+03  3.0420E-01  1.1574E-01
  1.7472E+03  3.0403E-01  1.1583E-01
  1.7493E+03  3.0385E-01  1.1591E-01
  1.7514E+03  3.0367E-01  1.1600E-01
  1.7535E+03  3.0348E-01  1.1608E-01
  1.7556E+03  3.0329E-01  1.1617E-01
  1.7577E+03  3.0310E-01  1.1625E-01
  1.7598E+03  3.0290E-01  1.1634E-01
  1.7619E+03  3.0271E-01  1.1642E-01
  1.7640E+03  3.0253E-01  1.1650E-01
  1.7661E+03  3.0235E-01  1.1659E-01
  1.7681E+03  3.0217E-01  1.1667E-01
  1.7702E+03  3.0200E-01  1.1676E-01
  1.7723E+03  3.0184E-01  1.1684E-01
  1.7744E+03  3.0167E-01  1.1692E-01
  1.7765E+03  3.0150E-01  1.1701E-01
  1.7786E+03  3.0133E-01  1.1709E-01
  1.7807E+03  3.0115E-01  1.1718E-01
  1.7828E+03  3.0097E-01  1.1726E-01
  1.7849E+03  3.0078E-01  1.1734E-01
  1.7870E+03  3.0058E-01  1.1743E-01
  1.7890E+03  3.0039E-01  1.1751E-01
  1.7911E+03  3.0020E-01  1.1759E-01
  1.7932E+03  3.0001E-01  1.1768E-01
  1.7953E+03  2.9982E-01  1.1776E-01
  1.7974E+03  2.9964E-01  1.1784E-01
  1.7995E+03  2.9947E-01  1.1792E-01
  1.8016E+03  2.9931E-01  1.1801E-01
  1.8037E+03  2.9914E-01  1.1809E-01
  1.8058E+03  2.9898E-01  1.1817E-01
  1.8079E+03  2.9881E-01  1.1825E-01
  1.8099E+03  2.9864E-01  1.1834E-01
  1.8120E+03  2.9846E-01  1.1842E-01
  1.8141E+03  2.9828E-01  1.1850E-01
  1.8162E+03  2.9809E-01  1.1858E-01
  1.8183E+03  2.9790E-01  1.1866E-01
  1.8204E+03  2.9770E-01  1.1875E-01
  1.8225E+03  2.9751E-01  1.1883E-01
  1.8246E+03  2.9732E-01  1.1891E-01
  1.8267E+03  2.9714E-01  1.1899E-01
  1.8288E+03  2.9696E-01  1.1907E-01
  1.8308E+03  2.9679E-01  1.1915E-01
  1.8329E+03  2.9662E-01  1.1924E-01
  1.8350E+03  2.9646E-01  1.1932E-01
  1.8371E+03  2.9630E-01  1.1940E-01
  1.8392E+03  2.9613E-01  1.1948E-01
  1.8413E+03  2.9596E-01  1.1956E-01
  1.8434E+03  2.9578E-01  1.1964E-01
  1.8455E+03  2.9560E-01  1.1972E-01
  1.8476E+03  2.9541E-01  1.1980E-01
  1.8497E+03  2.9523E-01  1.1988E-01
  1.8517E+03  2.9503E-01  1.1996E-01
  1.8538E+03  2.9485E-01  1.2004E-01
  1.8559E+03  2.9466E-01  1.2012E-01
  1.8580E+03  2.9448E-01  1.2020E-01
  1.8601E+03  2.9430E-01  1.2028E-01
  1.8622E+03  2.9413E-01  1.2036E-01
  1.8643E+03  2.9396E-01  1.2044E-01
  1.8664E+03  2.9379E-01  1.2052E-01
  1.8685E+03  2.9363E-01  1.2060E-01
  1.8706E+03  2.9346E-01  1.2068E-01
  1.8726E+03  2.9329E-01  1.2076E-01
  1.8747E+03  2.9312E-01  1.2084E-01
  1.8768E+03  2.9294E-01  1.2092E-01
  1.8789E+03  2.9276E-01  1.2100E-01
  1.8810E+03  2.9257E-01  1.2108E-01
  1.8831E+03  2.9239E-01  1.2116E-01
  1.8852E+03  2.9220E-01  1.2124E-01
  1.8873E+03  2.9202E-01  1.2132E-01
  1.8894E+03  2.9184E-01  1.2139E-01
  1.8915E+03  2.9166E-01  1.2147E-01
  1.8935E+03  2.9149E-01  1.2155E-01
  1.8956E+03  2.9132E-01  1.2163E-01
  1.8977E+03  2.9115E-01  1.2171E-01
  1.8998E+03  2.9098E-01  1.2179E-01
  1.9019E+03  2.9081E-01  1.2187E-01
  1.9040E+03  2.9064E-01  1.2194E-01
  1.9061E+03  2.9047E-01  1.2202E-01
  1.9082E+03  2.9029E-01  1.2210E-01
  1.9103E+03  2.9011E-01  1.2218E-01
  1.9124E+03  2.8994E-01  1.2226E-01
  1.9144E+03  2.8976E-01  1.2233E-01
  1.9165E+03  2.8958E-01  1.2241E-01
  1.9186E+03  2.8940E-01  1.2249E-01
  1.9207E+03  2.8922E-01  1.2257E-01
  1.9228E+03  2.8904E-01  1.2264E-01
  1.9249E+03  2.8887E-01  1.2272E-01
  1.9270E+03  2.8869E-01  1.2280E-01
  1.9291E+03  2.8852E-01  1.2287E-01
  1.9312E+03  2.8835E-01  1.2295E-01
  1.9333E+03  2.8818E-01  1.2303E-01
  1.9353E+03  2.8801E-01  1.2311E-01
  1.9374E+03  2.8784E-01  1.2318E-01
  1.9395E+03  2.8766E-01  1.2326E-01
  1.9416E+03  2.8749E-01  1.2333E-01
  1.9437E+03  2.8732E-01  1.2341E-01
  1.9458E+03  2.8714E-01  1.2349E-01
  1.9479E+03  2.8696E-01  1.2356E-01
  1.9500E+03  2.8679E-01  1.2364E-01
  1.9521E+03  2.8661E-01  1.2372E-01
  1.9542E+03  2.8643E-01  1.2379E-01
  1.9562E+03  2.8626E-01  1.2387E-01
  1.9583E+03  2.8608E-01  1.2394E-01
  1.9604E+03  2.8591E-01  1.2402E-01
  1.9625E+03  2.8574E-01  1.2409E-01
  1.9646E+03  2.8557E-01  1.2417E-01
  1.9667E+03  2.8540E-01  1.2425E-01
  1.9688E+03  2.8523E-01  1.2432E-01
  1.9709E+03  2.8506E-01  1.2440E-01
  1.9730E+03  2.8488E-01  1.2447E-01
  1.9751E+03  2.8471E-01  1.2455E-01
  1.9771E+03  2.8454E-01  1.2462E-01
  1.9792E+03  2.8436E-01  1.2470E-01
  1.9813E+03  2.8419E-01  1.2477E-01
  1.9834E+03  2.8401E-01  1.2485E-01
  1.9855E+03  2.8383E-01  1.2492E-01
  1.9876E+03  2.8366E-01  1.2499E-01
  1.9897E+03  2.8349E-01  1.2507E-01
  1.9918E+03  2.8331E-01  1.2514E-01
  1.9939E+03  2.8314E-01  1.2522E-01
  1.9960E+03  2.8297E-01  1.2529E-01
  1.9980E+03  2.8280E-01  1.2537E-01
  2.0001E+03  2.8263E-01  1.2544E-01
  2.0022E+03  2.8246E-01  1.2551E-01
  2.0043E+03  2.8229E-01  1.2559E-01
  2.0064E+03  2.8212E-01  1.2566E-01
  2.0085E+03  2.8195E-01  1.2573E-01
  2.0106E+03  2.8177E-01  1.2581E-01
  2.0127E+03  2.8160E-01  1.2588E-01
  2.0148E+03  2.8142E-01  1.2595E-01
  2.0169E+03  2.8125E-01  1.2603E-01
  2.0189E+03  2.8107E-01  1.2610E-01
  2.0210E+03  2.8090E-01  1.2617E-01
  2.0231E+03  2.8073E-01  1.2625E-01
  2.0252E+03  2.8056E-01  1.2632E-01
  2.0273E+03  2.8039E-01  1.2639E-01
  2.0294E+03  2.8023E-01  1.2647E-01
  2.0315E+03  2.8006E-01  1.2654E-01
  2.0336E+03  2.7989E-01  1.2661E-01
  2.0357E+03  2.7972E-01  1.2668E-01
  2.0378E+03  2.7955E-01  1.2676E-01
  2.0398E+03  2.7937E-01  1.2683E-01
  2.0419E+03  2.7920E-01  1.2690E-01
  2.0440E+03  2.7902E-01  1.2697E-01
  2.0461E+03  2.7885E-01  1.2704E-01
  2.0482E+03  2.7867E-01  1.2712E-01
  2.0503E+03  2.7850E-01  1.2719E-01
  2.0524E+03  2.7833E-01  1.2726E-01
  2.0545E+03  2.7816E-01  1.2733E-01
  2.0566E+03  2.7800E-01  1.2740E-01
  2.0587E+03  2.7783E-01  1.2747E-01
  2.0607E+03  2.7766E-01  1.2754E-01
  2.0628E+03  2.7750E-01  1.2762E-01
  2.0649E+03  2.7733E-01  1.2769E-01
  2.0670E+03  2.7715E-01  1.2776E-01
  2.0691E+03  2.7698E-01  1.2783E-01
  2.0712E+03  2.7681E-01  1.2790E-01
  2.0733E+03  2.7663E-01  1.2797E-01
  2.0754E+03  2.7646E-01  1.2804E-01
  2.0775E+03  2.7628E-01  1.2811E-01
  2.0796E+03  2.7611E-01  1.2818E-01
  2.0816E+03  2.7594E-01  1.2825E-01
  2.0837E+03  2.7577E-01  1.2832E-01
  2.0858E+03  2.7561E-01  1.2839E-01
  2.0879E+03  2.7544E-01  1.2846E-01
  2.0900E+03  2.7528E-01  1.2853E-01
  2.0921E+03  2.7511E-01  1.2860E-01
  2.0942E+03  2.7494E-01  1.2867E-01
  2.0963E+03  2.7477E-01  1.2874E-01
  2.0984E+03  2.7460E-01  1.2881E-01
  2.1005E+03  2.7443E-01  1.2888E-01
  2.1025E+03  2.7425E-01  1.2895E-01
  2.1046E+03  2.7407E-01  1.2902E-01
  2.1067E+03  2.7390E-01  1.2909E-01
  2.1088E+03  2.7373E-01  1.2916E-01
  2.1109E+03  2.7356E-01  1.2923E-01
  2.1130E+03  2.7339E-01  1.2930E-01
  2.1151E+03  2.7322E-01  1.2937E-01
  2.1172E+03  2.7306E-01  1.2944E-01
  2.1193E+03  2.7290E-01  1.2950E-01
  2.1214E+03  2.7273E-01  1.2957E-01
  2.1234E+03  2.7257E-01  1.2964E-01
  2.1255E+03  2.7240E-01  1.2971E-01
  2.1276E+03  2.7223E-01  1.2978E-01
  2.1297E+03  2.7205E-01  1.2985E-01
  2.1318E+03  2.7188E-01  1.2991E-01
  2.1339E+03  2.7170E-01  1.2998E-01
  2.1360E+03  2.7152E-01  1.3005E-01
  2.1381E+03  2.7135E-01  1.3012E-01
  2.1402E+03  2.7118E-01  1.3019E-01
  2.1423E+03  2.7101E-01  1.3025E-01
  2.1443E+03  2.7084E-01  1.3032E-01
  2.1464E+03  2.7068E-01  1.3039E-01
  2.1485E+03  2.7052E-01  1.3046E-01
  2.1506E+03  2.7036E-01  1.3052E-01
  2.1527E+03  2.7019E-01  1.3059E-01
  2.1548E+03  2.7003E-01  1.3066E-01
  2.1569E+03  2.6986E-01  1.3073E-01
  2.1590E+03  2.6969E-01  1.3079E-01
  2.1611E+03  2.6951E-01  1.3086E-01
  2.1632E+03  2.6933E-01  1.3093E-01
  2.1652E+03  2.6916E-01  1.3099E-01
  2.1673E+03  2.6898E-01  1.3106E-01
  2.1694E+03  2.6881E-01  1.3113E-01
  2.1715E+03  2.6864E-01  1.3119E-01
  2.1736E+03  2.6847E-01  1.3126E-01
  2.1757E+03  2.6831E-01  1.3133E-01
  2.1778E+03  2.6815E-01  1.3139E-01
  2.1799E+03  2.6799E-01  1.3146E-01
  2.1820E+03  2.6782E-01  1.3152E-01
  2.1841E+03  2.6766E-01  1.3159E-01
  2.1861E+03  2.6749E-01  1.3166E-01
  2.1882E+03  2.6733E-01  1.3172E-01
  2.1903E+03  2.6715E-01  1.3179E-01
  2.1924E+03  2.6698E-01  1.3185E-01
  2.1945E+03  2.6680E-01  1.3192E-01
  2.1966E+03  2.6663E-01  1.3198E-01
  2.1987E+03  2.6645E-01  1.3205E-01
  2.2008E+03  2.6628E-01  1.3211E-01
  2.2029E+03  2.6611E-01  1.3218E-01
  2.2050E+03  2.6595E-01  1.3224E-01
  2.2070E+03  2.6578E-01  1.3231E-01
  2.2091E+03  2.6562E-01  1.3237E-01
  2.2112E+03  2.6546E-01  1.3244E-01
  2.2133E+03  2.6530E-01  1.3250E-01
  2.2154E+03  2.6513E-01  1.3257E-01
  2.2175E+03  2.6497E-01  1.3263E-01
  2.2196E+03  2.6480E-01  1.3270E-01
  2.2217E+03  2.6463E-01  1.3276E-01
  2.2238E+03  2.6446E-01  1.3283E-01
  2.2259E+03  2.6429E-01  1.3289E-01
  2.2279E+03  2.6411E-01  1.3295E-01
  2.2300E+03  2.6394E-01  1.3302E-01
  2.2321E+03  2.6377E-01  1.3308E-01
  2.2342E+03  2.6360E-01  1.3315E-01
  2.2363E+03  2.6344E-01  1.3321E-01
  2.2384E+03  2.6327E-01  1.3327E-01
  2.2405E+03  2.6311E-01  1.3334E-01
  2.2426E+03  2.6295E-01  1.3340E-01
  2.2447E+03  2.6278E-01  1.3346E-01
  2.2468E+03  2.6262E-01  1.3353E-01
  2.2488E+03  2.6246E-01  1.3359E-01
  2.2509E+03  2.6229E-01  1.3365E-01
  2.2530E+03  2.6212E-01  1.3371E-01
  2.2551E+03  2.6195E-01  1.3378E-01
  2.2572E+03  2.6178E-01  1.3384E-01
  2.2593E+03  2.6161E-01  1.3390E-01
  2.2614E+03  2.6144E-01  1.3397E-01
  2.2635E+03  2.6127E-01  1.3403E-01
  2.2656E+03  2.6110E-01  1.3409E-01
  2.2676E+03  2.6094E-01  1.3415E-01
  2.2697E+03  2.6077E-01  1.3421E-01
  2.2718E+03  2.6061E-01  1.3428E-01
  2.2739E+03  2.6045E-01  1.3434E-01
  2.2760E+03  2.6028E-01  1.3440E-01
  2.2781E+03  2.6012E-01  1.3446E-01
  2.2802E+03  2.5996E-01  1.3452E-01
  2.2823E+03  2.5979E-01  1.3459E-01
  2.2844E+03  2.5962E-01  1.3465E-01
  2.2865E+03  2.5946E-01  1.3471E-01
  2.2885E+03  2.5929E-01  1.3477E-01
  2.2906E+03  2.5912E-01  1.3483E-01
  2.2927E+03  2.5895E-01  1.3489E-01
  2.2948E+03  2.5879E-01  1.3495E-01
  2.2969E+03  2.5862E-01  1.3501E-01
  2.2990E+03  2.5845E-01  1.3508E-01
  2.3011E+03  2.5829E-01  1.3514E-01
  2.3032E+03  2.5812E-01  1.3520E-01
  2.3053E+03  2.5796E-01  1.3526E-01
  2.3074E+03  2.5779E-01  1.3532E-01
  2.3094E+03  2.5763E-01  1.3538E-01
  2.3115E+03  2.5747E-01  1.3544E-01
  2.3136E+03  2.5730E-01  1.3550E-01
  2.3157E+03  2.5714E-01  1.3556E-01
  2.3178E+03  2.5697E-01  1.3562E-01
  2.3199E+03  2.5681E-01  1.3568E-01
  2.3220E+03  2.5664E-01  1.3574E-01
  2.3241E+03  2.5648E-01  1.3580E-01
  2.3262E+03  2.5631E-01  1.3586E-01
  2.3283E+03  2.5614E-01  1.3592E-01
  2.3303E+03  2.5598E-01  1.3598E-01
  2.3324E+03  2.5581E-01  1.3604E-01
  2.3345E+03  2.5564E-01  1.3610E-01
  2.3366E+03  2.5548E-01  1.3616E-01
  2.3387E+03  2.5532E-01  1.3622E-01
  2.3408E+03  2.5515E-01  1.3628E-01
  2.3429E+03  2.5499E-01  1.3633E-01
  2.3450E+03  2.5483E-01  1.3639E-01
  2.3471E+03  2.5466E-01  1.3645E-01
  2.3492E+03  2.5450E-01  1.3651E-01
  2.3512E+03  2.5434E-01  1.3657E-01
  2.3533E+03  2.5417E-01  1.3663E-01
  2.3554E+03  2.5400E-01  1.3669E-01
  2.3575E+03  2.5384E-01  1.3674E-01
  2.3596E+03  2.5367E-01  1.3680E-01
  2.3617E+03  2.5351E-01  1.3686E-01
  2.3638E+03  2.5334E-01  1.3692E-01
  2.3659E+03  2.5318E-01  1.3698E-01
  2.3680E+03  2.5301E-01  1.3704E-01
  2.3701E+03  2.5285E-01  1.3709E-01
  2.3721E+03  2.5269E-01  1.3715E-01
  2.3742E+03  2.5253E-01  1.3721E-01
  2.3763E+03  2.5236E-01  1.3727E-01
  2.3784E+03  2.5220E-01  1.3732E-01
  2.3805E+03  2.5204E-01  1.3738E-01
  2.3826E+03  2.5187E-01  1.3744E-01
  2.3847E+03  2.5171E-01  1.3750E-01
  2.3868E+03  2.5154E-01  1.3755E-01
  2.3889E+03  2.5138E-01  1.3761E-01
  2.3910E+03  2.5121E-01  1.3767E-01
  2.3930E+03  2.5104E-01  1.3772E-01
  2.3951E+03  2.5088E-01  1.3778E-01
  2.3972E+03  2.5072E-01  1.3784E-01
  2.3993E+03  2.5056E-01  1.3789E-01
  2.4014E+03  2.5039E-01  1.3795E-01
  2.4035E+03  2.5023E-01  1.3801E-01
  2.4056E+03  2.5007E-01  1.3806E-01
  2.4077E+03  2.4991E-01  1.3812E-01
  2.4098E+03  2.4975E-01  1.3817E-01
  2.4119E+03  2.4959E-01  1.3823E-01
  2.4139E+03  2.4942E-01  1.3829E-01
  2.4160E+03  2.4926E-01  1.3834E-01
  2.4181E+03  2.4909E-01  1.3840E-01
  2.4202E+03  2.4892E-01  1.3845E-01
  2.4223E+03  2.4876E-01  1.3851E-01
  2.4244E+03  2.4860E-01  1.3857E-01
  2.4265E+03  2.4843E-01  1.3862E-01
  2.4286E+03  2.4827E-01  1.3868E-01
  2.4307E+03  2.4811E-01  1.3873E-01
  2.4328E+03  2.4795E-01  1.3879E-01
  2.4348E+03  2.4779E-01  1.3884E-01
  2.4369E+03  2.4763E-01  1.3890E-01
  2.4390E+03  2.4747E-01  1.3895E-01
  2.4411E+03  2.4731E-01  1.3901E-01
  2.4432E+03  2.4715E-01  1.3906E-01
  2.4453E+03  2.4698E-01  1.3912E-01
  2.4474E+03  2.4682E-01  1.3917E-01
  2.4495E+03  2.4665E-01  1.3922E-01
  2.4516E+03  2.4649E-01  1.3928E-01
  2.4537E+03  2.4633E-01  1.3933E-01
  2.4557E+03  2.4616E-01  1.3939E-01
  2.4578E+03  2.4600E-01  1.3944E-01
  2.4599E+03  2.4584E-01  1.3949E-01
  2.4620E+03  2.4569E-01  1.3955E-01
  2.4641E+03  2.4553E-01  1.3960E-01
  2.4662E+03  2.4537E-01  1.3966E-01
  2.4683E+03  2.4521E-01  1.3971E-01
  2.4704E+03  2.4505E-01  1.3976E-01
  2.4725E+03  2.4489E-01  1.3982E-01
  2.4746E+03  2.4472E-01  1.3987E-01
  2.4766E+03  2.4456E-01  1.3992E-01
  2.4787E+03  2.4439E-01  1.3998E-01
  2.4808E+03  2.4423E-01  1.4003E-01
  2.4829E+03  2.4407E-01  1.4008E-01
  2.4850E+03  2.4390E-01  1.4014E-01
  2.4871E+03  2.4374E-01  1.4019E-01
  2.4892E+03  2.4359E-01  1.4024E-01
  2.4913E+03  2.4343E-01  1.4029E-01
  2.4934E+03  2.4327E-01  1.4035E-01
  2.4955E+03  2.4311E-01  1.4040E-01
  2.4975E+03  2.4296E-01  1.4045E-01
  2.4996E+03  2.4280E-01  1.4050E-01
  2.5017E+03  2.4264E-01  1.4056E-01
  2.5038E+03  2.4247E-01  1.4061E-01
  2.5059E+03  2.4231E-01  1.4066E-01
  2.5080E+03  2.4215E-01  1.4071E-01
  2.5101E+03  2.4198E-01  1.4076E-01
  2.5122E+03  2.4182E-01  1.4082E-01
  2.5143E+03  2.4166E-01  1.4087E-01
  2.5164E+03  2.4149E-01  1.4092E-01
  2.5184E+03  2.4134E-01  1.4097E-01
  2.5205E+03  2.4118E-01  1.4102E-01
  2.5226E+03  2.4102E-01  1.4107E-01
  2.5247E+03  2.4087E-01  1.4112E-01
  2.5268E+03  2.4071E-01  1.4117E-01
  2.5289E+03  2.4055E-01  1.4123E-01
  2.5310E+03  2.4039E-01  1.4128E-01
  2.5331E+03  2.4023E-01  1.4133E-01
  2.5352E+03  2.4007E-01  1.4138E-01
  2.5373E+03  2.3991E-01  1.4143E-01
  2.5393E+03  2.3974E-01  1.4148E-01
  2.5414E+03  2.3958E-01  1.4153E-01
  2.5435E+03  2.3942E-01  1.4158E-01
  2.5456E+03  2.3925E-01  1.4163E-01
  2.5477E+03  2.3909E-01  1.4168E-01
  2.5498E+03  2.3894E-01  1.4173E-01
  2.5519E+03  2.3878E-01  1.4178E-01
  2.5540E+03  2.3862E-01  1.4183E-01
  2.5561E+03  2.3847E-01  1.4188E-01
  2.5582E+03  2.3831E-01  1.4193E-01
  2.5602E+03  2.3815E-01  1.4198E-01
  2.5623E+03  2.3800E-01  1.4203E-01
  2.5644E+03  2.3784E-01  1.4208E-01
  2.5665E+03  2.3767E-01  1.4213E-01
  2.5686E+03  2.3751E-01  1.4218E-01
  2.5707E+03  2.3735E-01  1.4223E-01
  2.5728E+03  2.3719E-01  1.4228E-01
  2.5749E+03  2.3702E-01  1.4233E-01
  2.5770E+03  2.3686E-01  1.4238E-01
  2.5791E+03  2.3670E-01  1.4242E-01
  2.5811E+03  2.3655E-01  1.4247E-01
  2.5832E+03  2.3639E-01  1.4252E-01
  2.5853E+03  2.3623E-01  1.4257E-01
  2.5874E+03  2.3608E-01  1.4262E-01
  2.5895E+03  2.3592E-01  1.4267E-01
  2.5916E+03  2.3576E-01  1.4272E-01
  2.5937E+03  2.3560E-01  1.4276E-01
  2.5958E+03  2.3545E-01  1.4281E-01
  2.5979E+03  2.3529E-01  1.4286E-01
  2.6000E+03  2.3512E-01  1.4291E-01
  2.6020E+03  2.3496E-01  1.4296E-01
  2.6041E+03  2.3480E-01  1.4300E-01
  2.6062E+03  2.3464E-01  1.4305E-01
  2.6083E+03  2.3448E-01  1.4310E-01
  2.6104E+03  2.3432E-01  1.4315E-01
  2.6125E+03  2.3416E-01  1.4319E-01
  2.6146E+03  2.3401E-01  1.4324E-01
  2.6167E+03  2.3385E-01  1.4329E-01
  2.6188E+03  2.3369E-01  1.4334E-01
  2.6209E+03  2.3354E-01  1.4338E-01
  2.6229E+03  2.3338E-01  1.4343E-01
  2.6250E+03  2.3322E-01  1.4348E-01
  2.6271E+03  2.3306E-01  1.4352E-01
  2.6292E+03  2.3291E-01  1.4357E-01
  2.6313E+03  2.3275E-01  1.4362E-01
  2.6334E+03  2.3259E-01  1.4366E-01
  2.6355E+03  2.3243E-01  1.4371E-01
  2.6376E+03  2.3227E-01  1.4376E-01
  2.6397E+03  2.3211E-01  1.4380E-01
  2.6418E+03  2.3195E-01  1.4385E-01
  2.6438E+03  2.3179E-01  1.4390E-01
  2.6459E+03  2.3163E-01  1.4394E-01
  2.6480E+03  2.3148E-01  1.4399E-01
  2.6501E+03  2.3132E-01  1.4403E-01
  2.6522E+03  2.3116E-01  1.4408E-01
  2.6543E+03  2.3101E-01  1.4413E-01
  2.6564E+03  2.3085E-01  1.4417E-01
  2.6585E+03  2.3069E-01  1.4422E-01
  2.6606E+03  2.3054E-01  1.4426E-01
  2.6627E+03  2.3038E-01  1.4431E-01
  2.6647E+03  2.3022E-01  1.4435E-01
  2.6668E+03  2.3006E-01  1.4440E-01
  2.6689E+03  2.2990E-01  1.4444E-01
  2.6710E+03  2.2975E-01  1.4449E-01
  2.6731E+03  2.2959E-01  1.4453E-01
  2.6752E+03  2.2943E-01  1.4458E-01
  2.6773E+03  2.2927E-01  1.4462E-01
  2.6794E+03  2.2912E-01  1.4467E-01
  2.6815E+03  2.2896E-01  1.4471E-01
  2.6836E+03  2.2881E-01  1.4476E-01
  2.6856E+03  2.2865E-01  1.4480E-01
  2.6877E+03  2.2849E-01  1.4485E-01
  2.6898E+03  2.2834E-01  1.4489E-01
  2.6919E+03  2.2818E-01  1.4493E-01
  2.6940E+03  2.2803E-01  1.4498E-01
  2.6961E+03  2.2787E-01  1.4502E-01
  2.6982E+03  2.2771E-01  1.4507E-01
  2.7003E+03  2.2755E-01  1.4511E-01
  2.7024E+03  2.2740E-01  1.4515E-01
  2.7045E+03  2.2724E-01  1.4520E-01
  2.7065E+03  2.2708E-01  1.4524E-01
  2.7086E+03  2.2693E-01  1.4528E-01
  2.7107E+03  2.2677E-01  1.4533E-01
  2.7128E+03  2.2661E-01  1.4537E-01
  2.7149E+03  2.2646E-01  1.4541E-01
  2.7170E+03  2.2630E-01  1.4546E-01
  2.7191E+03  2.2615E-01  1.4550E-01
  2.7212E+03  2.2599E-01  1.4554E-01
  2.7233E+03  2.2584E-01  1.4559E-01
  2.7254E+03  2.2568E-01  1.4563E-01
  2.7274E+03  2.2553E-01  1.4567E-01
  2.7295E+03  2.2537E-01  1.4571E-01
  2.7316E+03  2.2521E-01  1.4576E-01
  2.7337E+03  2.2506E-01  1.4580E-01
  2.7358E+03  2.2490E-01  1.4584E-01
  2.7379E+03  2.2474E-01  1.4588E-01
  2.7400E+03  2.2459E-01  1.4592E-01
  2.7421E+03  2.2443E-01  1.4597E-01
  2.7442E+03  2.2428E-01  1.4601E-01
  2.7463E+03  2.2413E-01  1.4605E-01
  2.7483E+03  2.2397E-01  1.4609E-01
  2.7504E+03  2.2382E-01  1.4613E-01
  2.7525E+03  2.2366E-01  1.4618E-01
  2.7546E+03  2.2351E-01  1.4622E-01
  2.7567E+03  2.2335E-01  1.4626E-01
  2.7588E+03  2.2320E-01  1.4630E-01
  2.7609E+03  2.2304E-01  1.4634E-01
  2.7630E+03  2.2288E-01  1.4638E-01
  2.7651E+03  2.2273E-01  1.4642E-01
  2.7672E+03  2.2257E-01  1.4646E-01
  2.7692E+03  2.2242E-01  1.4651E-01
  2.7713E+03  2.2226E-01  1.4655E-01
  2.7734E+03  2.2211E-01  1.4659E-01
  2.7755E+03  2.2195E-01  1.4663E-01
  2.7776E+03  2.2180E-01  1.4667E-01
  2.7797E+03  2.2165E-01  1.4671E-01
  2.7818E+03  2.2149E-01  1.4675E-01
  2.7839E+03  2.2134E-01  1.4679E-01
  2.7860E+03  2.2119E-01  1.4683E-01
  2.7881E+03  2.2103E-01  1.4687E-01
  2.7901E+03  2.2088E-01  1.4691E-01
  2.7922E+03  2.2072E-01  1.4695E-01
  2.7943E+03  2.2056E-01  1.4699E-01
  2.7964E+03  2.2041E-01  1.4703E-01
  2.7985E+03  2.2025E-01  1.4707E-01
  2.8006E+03  2.2010E-01  1.4711E-01
  2.8027E+03  2.1994E-01  1.4715E-01
  2.8048E+03  2.1979E-01  1.4719E-01
  2.8069E+03  2.1964E-01  1.4723E-01
  2.8090E+03  2.1949E-01  1.4727E-01
  2.8110E+03  2.1933E-01  1.4731E-01
  2.8131E+03  2.1918E-01  1.4734E-01
  2.8152E+03  2.1903E-01  1.4738E-01
  2.8173E+03  2.1887E-01  1.4742E-01
  2.8194E+03  2.1872E-01  1.4746E-01
  2.8215E+03  2.1856E-01  1.4750E-01
  2.8236E+03  2.1840E-01  1.4754E-01
  2.8257E+03  2.1825E-01  1.4758E-01
  2.8278E+03  2.1809E-01  1.4762E-01
  2.8299E+03  2.1794E-01  1.4765E-01
  2.8319E+03  2.1779E-01  1.4769E-01
  2.8340E+03  2.1763E-01  1.4773E-01
  2.8361E+03  2.1748E-01  1.4777E-01
  2.8382E+03  2.1733E-01  1.4781E-01
  2.8403E+03  2.1718E-01  1.4785E-01
  2.8424E+03  2.1702E-01  1.4788E-01
  2.8445E+03  2.1687E-01  1.4792E-01
  2.8466E+03  2.1672E-01  1.4796E-01
  2.8487E+03  2.1656E-01  1.4800E-01
  2.8508E+03  2.1641E-01  1.4803E-01
  2.8528E+03  2.1625E-01  1.4807E-01
  2.8549E+03  2.1610E-01  1.4811E-01
  2.8570E+03  2.1594E-01  1.4815E-01
  2.8591E+03  2.1579E-01  1.4818E-01
  2.8612E+03  2.1563E-01  1.4822E-01
  2.8633E+03  2.1548E-01  1.4826E-01
  2.8654E+03  2.1533E-01  1.4829E-01
  2.8675E+03  2.1518E-01  1.4833E-01
  2.8696E+03  2.1503E-01  1.4837E-01
  2.8717E+03  2.1488E-01  1.4841E-01
  2.8737E+03  2.1472E-01  1.4844E-01
  2.8758E+03  2.1457E-01  1.4848E-01
  2.8779E+03  2.1442E-01  1.4851E-01
  2.8800E+03  2.1426E-01  1.4855E-01
  2.8821E+03  2.1411E-01  1.4859E-01
  2.8842E+03  2.1395E-01  1.4862E-01
  2.8863E+03  2.1380E-01  1.4866E-01
  2.8884E+03  2.1364E-01  1.4870E-01
  2.8905E+03  2.1349E-01  1.4873E-01
  2.8926E+03  2.1334E-01  1.4877E-01
  2.8946E+03  2.1319E-01  1.4880E-01
  2.8967E+03  2.1303E-01  1.4884E-01
  2.8988E+03  2.1288E-01  1.4887E-01
  2.9009E+03  2.1273E-01  1.4891E-01
  2.9030E+03  2.1258E-01  1.4895E-01
  2.9051E+03  2.1243E-01  1.4898E-01
  2.9072E+03  2.1228E-01  1.4902E-01
  2.9093E+03  2.1213E-01  1.4905E-01
  2.9114E+03  2.1197E-01  1.4909E-01
  2.9135E+03  2.1182E-01  1.4912E-01
  2.9155E+03  2.1167E-01  1.4916E-01
  2.9176E+03  2.1151E-01  1.4919E-01
  2.9197E+03  2.1136E-01  1.4923E-01
  2.9218E+03  2.1120E-01  1.4926E-01
  2.9239E+03  2.1105E-01  1.4929E-01
  2.9260E+03  2.1090E-01  1.4933E-01
  2.9281E+03  2.1075E-01  1.4936E-01
  2.9302E+03  2.1060E-01  1.4940E-01
  2.9323E+03  2.1045E-01  1.4943E-01
  2.9344E+03  2.1030E-01  1.4947E-01
  2.9364E+03  2.1015E-01  1.4950E-01
  2.9385E+03  2.1000E-01  1.4953E-01
  2.9406E+03  2.0985E-01  1.4957E-01
  2.9427E+03  2.0970E-01  1.4960E-01
  2.9448E+03  2.0954E-01  1.4964E-01
  2.9469E+03  2.0939E-01  1.4967E-01
  2.9490E+03  2.0924E-01  1.4970E-01
  2.9511E+03  2.0908E-01  1.4974E-01
  2.9532E+03  2.0893E-01  1.4977E-01
  2.9553E+03  2.0878E-01  1.4980E-01
  2.9573E+03  2.0863E-01  1.4984E-01
  2.9594E+03  2.0848E-01  1.4987E-01
  2.9615E+03  2.0833E-01  1.4990E-01
  2.9636E+03  2.0818E-01  1.4994E-01
  2.9657E+03  2.0803E-01  1.4997E-01
  2.9678E+03  2.0788E-01  1.5000E-01
  2.9699E+03  2.0773E-01  1.5003E-01
  2.9720E+03  2.0758E-01  1.5007E-01
  2.9741E+03  2.0743E-01  1.5010E-01
  2.9762E+03  2.0728E-01  1.5013E-01
  2.9782E+03  2.0713E-01  1.5016E-01
  2.9803E+03  2.0697E-01  1.5020E-01
  2.9824E+03  2.0682E-01  1.5023E-01
  2.9845E+03  2.0667E-01  1.5026E-01
  2.9866E+03  2.0652E-01  1.5029E-01
  2.9887E+03  2.0637E-01  1.5032E-01
  2.9908E+03  2.0622E-01  1.5036E-01
  2.9929E+03  2.0607E-01  1.5039E-01
  2.9950E+03  2.0592E-01  1.5042E-01
  2.9971E+03  2.0577E-01  1.5045E-01
  2.9991E+03  2.0562E-01  1.5048E-01
  3.0000E+03  2.0556E-01  1.5050E-01
