# CREATED BY GENE DIAGNOSTICS TOOL on Wed Dec 16 18:34:28 2020
# diag: gamdiag, run(s): 0007, time window: 0-3000(1341 steps), species: ions
# original data path: /marconi_scratch/userexternal/cmoreno0/GAM_HP_scan/scanfiles0000/
# normalization: L_ref=1.65m
#
# xind= 0, x/a= 0.5, q= 1.1358678
# Fit:    0.25931199,0.22912049,2.800966
# Analytic (Gao, Zhou/Yu): 0.25929117,0.17614475,2.591359
#  t          Re[phi]     Im[phi]   
  0.0000E+00  9.9995E-01  0.0000E+00
  2.2400E+00  9.3971E-01 -4.5623E-04
  4.4800E+00  8.5200E-01 -8.6062E-04
  6.7200E+00  8.0457E-01 -1.2193E-03
  8.9600E+00  7.5746E-01 -1.5314E-03
  1.1200E+01  7.0074E-01 -1.7893E-03
  1.3440E+01  6.5501E-01 -1.9984E-03
  1.5680E+01  6.2541E-01 -2.1701E-03
  1.7920E+01  6.0713E-01 -2.3209E-03
  2.0160E+01  5.9798E-01 -2.4685E-03
  2.2400E+01  5.9667E-01 -2.6257E-03
  2.4640E+01  6.0020E-01 -2.7978E-03
  2.6880E+01  6.0510E-01 -2.9845E-03
  2.9120E+01  6.0880E-01 -3.1815E-03
  3.1360E+01  6.0963E-01 -3.3829E-03
  3.3600E+01  6.0675E-01 -3.5816E-03
  3.5840E+01  6.0008E-01 -3.7724E-03
  3.8080E+01  5.9017E-01 -3.9519E-03
  4.0320E+01  5.7798E-01 -4.1182E-03
  4.2560E+01  5.6455E-01 -4.2731E-03
  4.4800E+01  5.5088E-01 -4.4176E-03
  4.7040E+01  5.3779E-01 -4.5548E-03
  4.9280E+01  5.2582E-01 -4.6868E-03
  5.1520E+01  5.1526E-01 -4.8157E-03
  5.3760E+01  5.0606E-01 -4.9423E-03
  5.6000E+01  4.9805E-01 -5.0674E-03
  5.8240E+01  4.9094E-01 -5.1910E-03
  6.0480E+01  4.8437E-01 -5.3125E-03
  6.2720E+01  4.7805E-01 -5.4311E-03
  6.4960E+01  4.7171E-01 -5.5464E-03
  6.7200E+01  4.6517E-01 -5.6565E-03
  6.9440E+01  4.5844E-01 -5.7617E-03
  7.1680E+01  4.5138E-01 -5.8616E-03
  7.3920E+01  4.4415E-01 -5.9551E-03
  7.6160E+01  4.3730E-01 -6.0463E-03
  7.8400E+01  4.2991E-01 -6.1319E-03
  8.0640E+01  4.2190E-01 -6.2097E-03
  8.2880E+01  4.1495E-01 -6.2858E-03
  8.5120E+01  4.0882E-01 -6.3606E-03
  8.7360E+01  4.0242E-01 -6.4307E-03
  8.9600E+01  3.9599E-01 -6.4973E-03
  9.1840E+01  3.9007E-01 -6.5622E-03
  9.4080E+01  3.8448E-01 -6.6247E-03
  9.6320E+01  3.7898E-01 -6.6843E-03
  9.8560E+01  3.7363E-01 -6.7414E-03
  1.0080E+02  3.6849E-01 -6.7963E-03
  1.0304E+02  3.6350E-01 -6.8488E-03
  1.0528E+02  3.5863E-01 -6.8989E-03
  1.0752E+02  3.5388E-01 -6.9468E-03
  1.0976E+02  3.4928E-01 -6.9926E-03
  1.1200E+02  3.4483E-01 -7.0364E-03
  1.1424E+02  3.4055E-01 -7.0785E-03
  1.1648E+02  3.3644E-01 -7.1191E-03
  1.1872E+02  3.3249E-01 -7.1583E-03
  1.2096E+02  3.2871E-01 -7.1964E-03
  1.2320E+02  3.2509E-01 -7.2333E-03
  1.2544E+02  3.2163E-01 -7.2691E-03
  1.2768E+02  3.1833E-01 -7.3040E-03
  1.2992E+02  3.1518E-01 -7.3381E-03
  1.3216E+02  3.1217E-01 -7.3713E-03
  1.3440E+02  3.0930E-01 -7.4037E-03
  1.3664E+02  3.0656E-01 -7.4355E-03
  1.3888E+02  3.0397E-01 -7.4667E-03
  1.4112E+02  3.0150E-01 -7.4974E-03
  1.4336E+02  2.9915E-01 -7.5277E-03
  1.4560E+02  2.9690E-01 -7.5576E-03
  1.4784E+02  2.9474E-01 -7.5872E-03
  1.5008E+02  2.9268E-01 -7.6166E-03
  1.5232E+02  2.9071E-01 -7.6456E-03
  1.5456E+02  2.8884E-01 -7.6744E-03
  1.5680E+02  2.8706E-01 -7.7030E-03
  1.5904E+02  2.8536E-01 -7.7315E-03
  1.6128E+02  2.8376E-01 -7.7600E-03
  1.6352E+02  2.8224E-01 -7.7885E-03
  1.6576E+02  2.8077E-01 -7.8169E-03
  1.6800E+02  2.7935E-01 -7.8454E-03
  1.7024E+02  2.7797E-01 -7.8739E-03
  1.7248E+02  2.7664E-01 -7.9023E-03
  1.7472E+02  2.7537E-01 -7.9307E-03
  1.7696E+02  2.7420E-01 -7.9591E-03
  1.7920E+02  2.7309E-01 -7.9876E-03
  1.8144E+02  2.7203E-01 -8.0163E-03
  1.8368E+02  2.7098E-01 -8.0451E-03
  1.8592E+02  2.6993E-01 -8.0741E-03
  1.8816E+02  2.6889E-01 -8.1031E-03
  1.9040E+02  2.6788E-01 -8.1322E-03
  1.9264E+02  2.6692E-01 -8.1614E-03
  1.9488E+02  2.6603E-01 -8.1907E-03
  1.9712E+02  2.6520E-01 -8.2201E-03
  1.9936E+02  2.6440E-01 -8.2496E-03
  2.0160E+02  2.6360E-01 -8.2794E-03
  2.0384E+02  2.6279E-01 -8.3093E-03
  2.0608E+02  2.6196E-01 -8.3393E-03
  2.0832E+02  2.6112E-01 -8.3693E-03
  2.1056E+02  2.6030E-01 -8.3994E-03
  2.1280E+02  2.5951E-01 -8.4295E-03
  2.1504E+02  2.5878E-01 -8.4596E-03
  2.1728E+02  2.5810E-01 -8.4900E-03
  2.1952E+02  2.5747E-01 -8.5204E-03
  2.2176E+02  2.5687E-01 -8.5511E-03
  2.2400E+02  2.5626E-01 -8.5819E-03
  2.2624E+02  2.5562E-01 -8.6128E-03
  2.2848E+02  2.5492E-01 -8.6437E-03
  2.3072E+02  2.5416E-01 -8.6744E-03
  2.3296E+02  2.5337E-01 -8.7051E-03
  2.3520E+02  2.5258E-01 -8.7356E-03
  2.3744E+02  2.5182E-01 -8.7661E-03
  2.3968E+02  2.5112E-01 -8.7966E-03
  2.4192E+02  2.5050E-01 -8.8272E-03
  2.4416E+02  2.4995E-01 -8.8579E-03
  2.4640E+02  2.4945E-01 -8.8887E-03
  2.4864E+02  2.4899E-01 -8.9196E-03
  2.5088E+02  2.4853E-01 -8.9505E-03
  2.5312E+02  2.4804E-01 -8.9814E-03
  2.5536E+02  2.4752E-01 -9.0123E-03
  2.5760E+02  2.4696E-01 -9.0431E-03
  2.5984E+02  2.4635E-01 -9.0739E-03
  2.6208E+02  2.4570E-01 -9.1045E-03
  2.6432E+02  2.4501E-01 -9.1351E-03
  2.6656E+02  2.4430E-01 -9.1656E-03
  2.6880E+02  2.4359E-01 -9.1958E-03
  2.7104E+02  2.4290E-01 -9.2259E-03
  2.7328E+02  2.4224E-01 -9.2559E-03
  2.7552E+02  2.4162E-01 -9.2857E-03
  2.7776E+02  2.4106E-01 -9.3153E-03
  2.8000E+02  2.4054E-01 -9.3449E-03
  2.8224E+02  2.4007E-01 -9.3745E-03
  2.8448E+02  2.3963E-01 -9.4041E-03
  2.8672E+02  2.3918E-01 -9.4336E-03
  2.8896E+02  2.3873E-01 -9.4632E-03
  2.9120E+02  2.3824E-01 -9.4927E-03
  2.9344E+02  2.3773E-01 -9.5222E-03
  2.9568E+02  2.3719E-01 -9.5515E-03
  2.9792E+02  2.3660E-01 -9.5806E-03
  3.0016E+02  2.3599E-01 -9.6096E-03
  3.0240E+02  2.3536E-01 -9.6383E-03
  3.0464E+02  2.3474E-01 -9.6668E-03
  3.0688E+02  2.3414E-01 -9.6951E-03
  3.0912E+02  2.3356E-01 -9.7233E-03
  3.1136E+02  2.3301E-01 -9.7513E-03
  3.1360E+02  2.3248E-01 -9.7792E-03
  3.1584E+02  2.3198E-01 -9.8070E-03
  3.1808E+02  2.3152E-01 -9.8348E-03
  3.2032E+02  2.3110E-01 -9.8624E-03
  3.2256E+02  2.3070E-01 -9.8901E-03
  3.2480E+02  2.3031E-01 -9.9176E-03
  3.2704E+02  2.2991E-01 -9.9451E-03
  3.2928E+02  2.2948E-01 -9.9725E-03
  3.3152E+02  2.2901E-01 -9.9997E-03
  3.3376E+02  2.2847E-01 -1.0027E-02
  3.3600E+02  2.2788E-01 -1.0054E-02
  3.3824E+02  2.2724E-01 -1.0080E-02
  3.4048E+02  2.2656E-01 -1.0107E-02
  3.4272E+02  2.2589E-01 -1.0133E-02
  3.4496E+02  2.2527E-01 -1.0159E-02
  3.4720E+02  2.2472E-01 -1.0184E-02
  3.4944E+02  2.2426E-01 -1.0210E-02
  3.5168E+02  2.2389E-01 -1.0236E-02
  3.5392E+02  2.2359E-01 -1.0261E-02
  3.5616E+02  2.2332E-01 -1.0287E-02
  3.5840E+02  2.2304E-01 -1.0313E-02
  3.6064E+02  2.2273E-01 -1.0338E-02
  3.6288E+02  2.2235E-01 -1.0364E-02
  3.6512E+02  2.2189E-01 -1.0389E-02
  3.6736E+02  2.2135E-01 -1.0414E-02
  3.6960E+02  2.2075E-01 -1.0439E-02
  3.7184E+02  2.2011E-01 -1.0463E-02
  3.7408E+02  2.1948E-01 -1.0488E-02
  3.7632E+02  2.1889E-01 -1.0512E-02
  3.7856E+02  2.1836E-01 -1.0536E-02
  3.8080E+02  2.1791E-01 -1.0560E-02
  3.8304E+02  2.1752E-01 -1.0584E-02
  3.8528E+02  2.1718E-01 -1.0608E-02
  3.8752E+02  2.1687E-01 -1.0632E-02
  3.8976E+02  2.1656E-01 -1.0655E-02
  3.9200E+02  2.1624E-01 -1.0679E-02
  3.9424E+02  2.1588E-01 -1.0703E-02
  3.9648E+02  2.1549E-01 -1.0726E-02
  3.9872E+02  2.1507E-01 -1.0750E-02
  4.0096E+02  2.1462E-01 -1.0773E-02
  4.0320E+02  2.1417E-01 -1.0796E-02
  4.0544E+02  2.1372E-01 -1.0819E-02
  4.0768E+02  2.1329E-01 -1.0842E-02
  4.0992E+02  2.1286E-01 -1.0865E-02
  4.1216E+02  2.1244E-01 -1.0888E-02
  4.1440E+02  2.1203E-01 -1.0911E-02
  4.1664E+02  2.1160E-01 -1.0933E-02
  4.1888E+02  2.1115E-01 -1.0956E-02
  4.2112E+02  2.1069E-01 -1.0978E-02
  4.2336E+02  2.1021E-01 -1.1000E-02
  4.2560E+02  2.0972E-01 -1.1022E-02
  4.2784E+02  2.0924E-01 -1.1044E-02
  4.3008E+02  2.0877E-01 -1.1065E-02
  4.3232E+02  2.0833E-01 -1.1087E-02
  4.3456E+02  2.0794E-01 -1.1108E-02
  4.3680E+02  2.0759E-01 -1.1129E-02
  4.3904E+02  2.0730E-01 -1.1151E-02
  4.4128E+02  2.0703E-01 -1.1172E-02
  4.4352E+02  2.0679E-01 -1.1194E-02
  4.4576E+02  2.0653E-01 -1.1215E-02
  4.4800E+02  2.0624E-01 -1.1237E-02
  4.5024E+02  2.0590E-01 -1.1258E-02
  4.5248E+02  2.0550E-01 -1.1280E-02
  4.5472E+02  2.0505E-01 -1.1301E-02
  4.5696E+02  2.0456E-01 -1.1322E-02
  4.5920E+02  2.0406E-01 -1.1342E-02
  4.6144E+02  2.0357E-01 -1.1363E-02
  4.6368E+02  2.0312E-01 -1.1383E-02
  4.6592E+02  2.0271E-01 -1.1403E-02
  4.6816E+02  2.0236E-01 -1.1423E-02
  4.7040E+02  2.0204E-01 -1.1443E-02
  4.7264E+02  2.0177E-01 -1.1463E-02
  4.7488E+02  2.0153E-01 -1.1484E-02
  4.7712E+02  2.0131E-01 -1.1504E-02
  4.7936E+02  2.0109E-01 -1.1524E-02
  4.8160E+02  2.0087E-01 -1.1545E-02
  4.8384E+02  2.0062E-01 -1.1565E-02
  4.8608E+02  2.0033E-01 -1.1586E-02
  4.8832E+02  1.9999E-01 -1.1606E-02
  4.9056E+02  1.9960E-01 -1.1626E-02
  4.9280E+02  1.9917E-01 -1.1646E-02
  4.9504E+02  1.9870E-01 -1.1665E-02
  4.9728E+02  1.9822E-01 -1.1685E-02
  4.9952E+02  1.9776E-01 -1.1704E-02
  5.0176E+02  1.9732E-01 -1.1723E-02
  5.0400E+02  1.9693E-01 -1.1742E-02
  5.0624E+02  1.9658E-01 -1.1761E-02
  5.0848E+02  1.9627E-01 -1.1780E-02
  5.1072E+02  1.9597E-01 -1.1799E-02
  5.1296E+02  1.9568E-01 -1.1818E-02
  5.1520E+02  1.9539E-01 -1.1837E-02
  5.1744E+02  1.9508E-01 -1.1855E-02
  5.1968E+02  1.9475E-01 -1.1874E-02
  5.2192E+02  1.9441E-01 -1.1893E-02
  5.2416E+02  1.9406E-01 -1.1912E-02
  5.2640E+02  1.9370E-01 -1.1930E-02
  5.2864E+02  1.9334E-01 -1.1948E-02
  5.3088E+02  1.9299E-01 -1.1967E-02
  5.3312E+02  1.9266E-01 -1.1985E-02
  5.3536E+02  1.9233E-01 -1.2003E-02
  5.3760E+02  1.9202E-01 -1.2021E-02
  5.3984E+02  1.9170E-01 -1.2039E-02
  5.4208E+02  1.9140E-01 -1.2057E-02
  5.4432E+02  1.9110E-01 -1.2075E-02
  5.4656E+02  1.9082E-01 -1.2093E-02
  5.4880E+02  1.9055E-01 -1.2110E-02
  5.5104E+02  1.9029E-01 -1.2128E-02
  5.5328E+02  1.9005E-01 -1.2146E-02
  5.5552E+02  1.8982E-01 -1.2164E-02
  5.5776E+02  1.8959E-01 -1.2181E-02
  5.6000E+02  1.8935E-01 -1.2199E-02
  5.6224E+02  1.8910E-01 -1.2217E-02
  5.6448E+02  1.8884E-01 -1.2234E-02
  5.6672E+02  1.8858E-01 -1.2252E-02
  5.6896E+02  1.8831E-01 -1.2270E-02
  5.7120E+02  1.8805E-01 -1.2287E-02
  5.7344E+02  1.8778E-01 -1.2304E-02
  5.7568E+02  1.8753E-01 -1.2322E-02
  5.7792E+02  1.8728E-01 -1.2339E-02
  5.8016E+02  1.8703E-01 -1.2356E-02
  5.8240E+02  1.8679E-01 -1.2374E-02
  5.8464E+02  1.8654E-01 -1.2391E-02
  5.8688E+02  1.8628E-01 -1.2408E-02
  5.8912E+02  1.8601E-01 -1.2425E-02
  5.9136E+02  1.8573E-01 -1.2442E-02
  5.9360E+02  1.8544E-01 -1.2459E-02
  5.9584E+02  1.8514E-01 -1.2476E-02
  5.9808E+02  1.8484E-01 -1.2493E-02
  6.0032E+02  1.8453E-01 -1.2510E-02
  6.0256E+02  1.8422E-01 -1.2526E-02
  6.0480E+02  1.8392E-01 -1.2543E-02
  6.0704E+02  1.8363E-01 -1.2560E-02
  6.0928E+02  1.8334E-01 -1.2576E-02
  6.1152E+02  1.8306E-01 -1.2592E-02
  6.1376E+02  1.8278E-01 -1.2609E-02
  6.1600E+02  1.8249E-01 -1.2625E-02
  6.1824E+02  1.8219E-01 -1.2641E-02
  6.2048E+02  1.8188E-01 -1.2657E-02
  6.2272E+02  1.8157E-01 -1.2673E-02
  6.2496E+02  1.8125E-01 -1.2689E-02
  6.2720E+02  1.8093E-01 -1.2705E-02
  6.2944E+02  1.8062E-01 -1.2721E-02
  6.3168E+02  1.8031E-01 -1.2736E-02
  6.3392E+02  1.8003E-01 -1.2752E-02
  6.3616E+02  1.7975E-01 -1.2767E-02
  6.3840E+02  1.7949E-01 -1.2783E-02
  6.4064E+02  1.7923E-01 -1.2798E-02
  6.4288E+02  1.7899E-01 -1.2814E-02
  6.4512E+02  1.7876E-01 -1.2829E-02
  6.4736E+02  1.7853E-01 -1.2845E-02
  6.4960E+02  1.7831E-01 -1.2860E-02
  6.5184E+02  1.7809E-01 -1.2875E-02
  6.5408E+02  1.7787E-01 -1.2890E-02
  6.5632E+02  1.7765E-01 -1.2906E-02
  6.5856E+02  1.7742E-01 -1.2921E-02
  6.6080E+02  1.7720E-01 -1.2936E-02
  6.6304E+02  1.7698E-01 -1.2951E-02
  6.6528E+02  1.7677E-01 -1.2966E-02
  6.6752E+02  1.7657E-01 -1.2981E-02
  6.6976E+02  1.7638E-01 -1.2996E-02
  6.7200E+02  1.7621E-01 -1.3011E-02
  6.7424E+02  1.7604E-01 -1.3026E-02
  6.7648E+02  1.7588E-01 -1.3042E-02
  6.7872E+02  1.7571E-01 -1.3057E-02
  6.8096E+02  1.7554E-01 -1.3072E-02
  6.8320E+02  1.7536E-01 -1.3087E-02
  6.8544E+02  1.7517E-01 -1.3102E-02
  6.8768E+02  1.7498E-01 -1.3117E-02
  6.8992E+02  1.7478E-01 -1.3132E-02
  6.9216E+02  1.7458E-01 -1.3147E-02
  6.9440E+02  1.7438E-01 -1.3162E-02
  6.9664E+02  1.7418E-01 -1.3176E-02
  6.9888E+02  1.7398E-01 -1.3191E-02
  7.0112E+02  1.7378E-01 -1.3206E-02
  7.0336E+02  1.7358E-01 -1.3221E-02
  7.0560E+02  1.7337E-01 -1.3236E-02
  7.0784E+02  1.7315E-01 -1.3250E-02
  7.1008E+02  1.7293E-01 -1.3265E-02
  7.1232E+02  1.7269E-01 -1.3279E-02
  7.1456E+02  1.7245E-01 -1.3294E-02
  7.1680E+02  1.7219E-01 -1.3308E-02
  7.1904E+02  1.7193E-01 -1.3323E-02
  7.2128E+02  1.7167E-01 -1.3337E-02
  7.2352E+02  1.7142E-01 -1.3351E-02
  7.2576E+02  1.7117E-01 -1.3365E-02
  7.2800E+02  1.7091E-01 -1.3380E-02
  7.3024E+02  1.7066E-01 -1.3393E-02
  7.3248E+02  1.7041E-01 -1.3407E-02
  7.3472E+02  1.7014E-01 -1.3421E-02
  7.3696E+02  1.6987E-01 -1.3435E-02
  7.3920E+02  1.6959E-01 -1.3449E-02
  7.4144E+02  1.6930E-01 -1.3462E-02
  7.4368E+02  1.6901E-01 -1.3476E-02
  7.4592E+02  1.6871E-01 -1.3489E-02
  7.4816E+02  1.6841E-01 -1.3503E-02
  7.5040E+02  1.6812E-01 -1.3516E-02
  7.5264E+02  1.6784E-01 -1.3529E-02
  7.5488E+02  1.6756E-01 -1.3542E-02
  7.5712E+02  1.6729E-01 -1.3555E-02
  7.5936E+02  1.6703E-01 -1.3568E-02
  7.6160E+02  1.6678E-01 -1.3581E-02
  7.6384E+02  1.6653E-01 -1.3594E-02
  7.6608E+02  1.6629E-01 -1.3607E-02
  7.6832E+02  1.6606E-01 -1.3619E-02
  7.7056E+02  1.6582E-01 -1.3632E-02
  7.7280E+02  1.6559E-01 -1.3645E-02
  7.7504E+02  1.6535E-01 -1.3657E-02
  7.7728E+02  1.6512E-01 -1.3670E-02
  7.7952E+02  1.6488E-01 -1.3683E-02
  7.8176E+02  1.6465E-01 -1.3695E-02
  7.8400E+02  1.6442E-01 -1.3708E-02
  7.8624E+02  1.6420E-01 -1.3720E-02
  7.8848E+02  1.6399E-01 -1.3732E-02
  7.9072E+02  1.6380E-01 -1.3745E-02
  7.9296E+02  1.6362E-01 -1.3757E-02
  7.9520E+02  1.6346E-01 -1.3769E-02
  7.9744E+02  1.6331E-01 -1.3781E-02
  7.9968E+02  1.6317E-01 -1.3794E-02
  8.0192E+02  1.6304E-01 -1.3806E-02
  8.0416E+02  1.6291E-01 -1.3819E-02
  8.0640E+02  1.6277E-01 -1.3831E-02
  8.0864E+02  1.6262E-01 -1.3843E-02
  8.1088E+02  1.6246E-01 -1.3856E-02
  8.1312E+02  1.6228E-01 -1.3868E-02
  8.1536E+02  1.6211E-01 -1.3880E-02
  8.1760E+02  1.6193E-01 -1.3893E-02
  8.1984E+02  1.6177E-01 -1.3905E-02
  8.2208E+02  1.6161E-01 -1.3917E-02
  8.2432E+02  1.6147E-01 -1.3929E-02
  8.2656E+02  1.6134E-01 -1.3942E-02
  8.2880E+02  1.6121E-01 -1.3954E-02
  8.3104E+02  1.6110E-01 -1.3966E-02
  8.3328E+02  1.6098E-01 -1.3978E-02
  8.3552E+02  1.6087E-01 -1.3991E-02
  8.3776E+02  1.6074E-01 -1.4003E-02
  8.4000E+02  1.6060E-01 -1.4015E-02
  8.4224E+02  1.6044E-01 -1.4028E-02
  8.4448E+02  1.6026E-01 -1.4040E-02
  8.4672E+02  1.6006E-01 -1.4052E-02
  8.4896E+02  1.5985E-01 -1.4064E-02
  8.5120E+02  1.5963E-01 -1.4076E-02
  8.5344E+02  1.5941E-01 -1.4088E-02
  8.5568E+02  1.5920E-01 -1.4100E-02
  8.5792E+02  1.5901E-01 -1.4112E-02
  8.6016E+02  1.5883E-01 -1.4124E-02
  8.6240E+02  1.5866E-01 -1.4136E-02
  8.6464E+02  1.5850E-01 -1.4148E-02
  8.6688E+02  1.5835E-01 -1.4160E-02
  8.6912E+02  1.5818E-01 -1.4171E-02
  8.7136E+02  1.5800E-01 -1.4183E-02
  8.7360E+02  1.5779E-01 -1.4195E-02
  8.7584E+02  1.5756E-01 -1.4207E-02
  8.7808E+02  1.5731E-01 -1.4218E-02
  8.8032E+02  1.5703E-01 -1.4230E-02
  8.8256E+02  1.5675E-01 -1.4241E-02
  8.8480E+02  1.5646E-01 -1.4252E-02
  8.8704E+02  1.5617E-01 -1.4263E-02
  8.8928E+02  1.5591E-01 -1.4274E-02
  8.9152E+02  1.5566E-01 -1.4285E-02
  8.9376E+02  1.5543E-01 -1.4296E-02
  8.9600E+02  1.5521E-01 -1.4307E-02
  8.9824E+02  1.5501E-01 -1.4318E-02
  9.0048E+02  1.5480E-01 -1.4328E-02
  9.0272E+02  1.5458E-01 -1.4339E-02
  9.0496E+02  1.5435E-01 -1.4350E-02
  9.0720E+02  1.5411E-01 -1.4361E-02
  9.0944E+02  1.5385E-01 -1.4371E-02
  9.1168E+02  1.5358E-01 -1.4382E-02
  9.1392E+02  1.5331E-01 -1.4392E-02
  9.1616E+02  1.5304E-01 -1.4402E-02
  9.1840E+02  1.5277E-01 -1.4412E-02
  9.2064E+02  1.5250E-01 -1.4422E-02
  9.2288E+02  1.5224E-01 -1.4432E-02
  9.2512E+02  1.5199E-01 -1.4442E-02
  9.2736E+02  1.5174E-01 -1.4452E-02
  9.2960E+02  1.5151E-01 -1.4462E-02
  9.3184E+02  1.5129E-01 -1.4472E-02
  9.3408E+02  1.5109E-01 -1.4482E-02
  9.3632E+02  1.5089E-01 -1.4491E-02
  9.3856E+02  1.5071E-01 -1.4501E-02
  9.4080E+02  1.5054E-01 -1.4511E-02
  9.4304E+02  1.5038E-01 -1.4521E-02
  9.4528E+02  1.5021E-01 -1.4530E-02
  9.4752E+02  1.5003E-01 -1.4540E-02
  9.4976E+02  1.4985E-01 -1.4550E-02
  9.5200E+02  1.4966E-01 -1.4559E-02
  9.5424E+02  1.4947E-01 -1.4569E-02
  9.5648E+02  1.4927E-01 -1.4578E-02
  9.5872E+02  1.4907E-01 -1.4588E-02
  9.6096E+02  1.4888E-01 -1.4597E-02
  9.6320E+02  1.4871E-01 -1.4607E-02
  9.6544E+02  1.4855E-01 -1.4616E-02
  9.6768E+02  1.4842E-01 -1.4626E-02
  9.6992E+02  1.4830E-01 -1.4635E-02
  9.7216E+02  1.4820E-01 -1.4645E-02
  9.7440E+02  1.4810E-01 -1.4654E-02
  9.7664E+02  1.4800E-01 -1.4664E-02
  9.7888E+02  1.4790E-01 -1.4673E-02
  9.8112E+02  1.4779E-01 -1.4683E-02
  9.8336E+02  1.4767E-01 -1.4693E-02
  9.8560E+02  1.4754E-01 -1.4702E-02
  9.8784E+02  1.4741E-01 -1.4712E-02
  9.9008E+02  1.4727E-01 -1.4722E-02
  9.9232E+02  1.4714E-01 -1.4731E-02
  9.9456E+02  1.4701E-01 -1.4741E-02
  9.9680E+02  1.4689E-01 -1.4750E-02
  9.9904E+02  1.4677E-01 -1.4760E-02
  1.0013E+03  1.4665E-01 -1.4770E-02
  1.0035E+03  1.4653E-01 -1.4779E-02
  1.0058E+03  1.4642E-01 -1.4789E-02
  1.0080E+03  1.4630E-01 -1.4798E-02
  1.0102E+03  1.4619E-01 -1.4808E-02
  1.0125E+03  1.4607E-01 -1.4818E-02
  1.0147E+03  1.4596E-01 -1.4827E-02
  1.0170E+03  1.4584E-01 -1.4837E-02
  1.0192E+03  1.4572E-01 -1.4847E-02
  1.0214E+03  1.4559E-01 -1.4856E-02
  1.0237E+03  1.4547E-01 -1.4866E-02
  1.0259E+03  1.4533E-01 -1.4875E-02
  1.0282E+03  1.4518E-01 -1.4885E-02
  1.0304E+03  1.4503E-01 -1.4894E-02
  1.0326E+03  1.4487E-01 -1.4904E-02
  1.0349E+03  1.4471E-01 -1.4913E-02
  1.0371E+03  1.4454E-01 -1.4923E-02
  1.0394E+03  1.4438E-01 -1.4932E-02
  1.0416E+03  1.4422E-01 -1.4941E-02
  1.0438E+03  1.4407E-01 -1.4951E-02
  1.0461E+03  1.4392E-01 -1.4960E-02
  1.0483E+03  1.4377E-01 -1.4969E-02
  1.0506E+03  1.4362E-01 -1.4979E-02
  1.0528E+03  1.4346E-01 -1.4988E-02
  1.0550E+03  1.4328E-01 -1.4997E-02
  1.0573E+03  1.4310E-01 -1.5006E-02
  1.0595E+03  1.4291E-01 -1.5015E-02
  1.0618E+03  1.4271E-01 -1.5024E-02
  1.0640E+03  1.4251E-01 -1.5033E-02
  1.0662E+03  1.4231E-01 -1.5042E-02
  1.0685E+03  1.4211E-01 -1.5051E-02
  1.0707E+03  1.4192E-01 -1.5059E-02
  1.0730E+03  1.4173E-01 -1.5068E-02
  1.0752E+03  1.4155E-01 -1.5077E-02
  1.0774E+03  1.4136E-01 -1.5085E-02
  1.0797E+03  1.4116E-01 -1.5094E-02
  1.0819E+03  1.4096E-01 -1.5103E-02
  1.0842E+03  1.4076E-01 -1.5111E-02
  1.0864E+03  1.4055E-01 -1.5119E-02
  1.0886E+03  1.4033E-01 -1.5128E-02
  1.0909E+03  1.4011E-01 -1.5136E-02
  1.0931E+03  1.3989E-01 -1.5144E-02
  1.0954E+03  1.3968E-01 -1.5152E-02
  1.0976E+03  1.3947E-01 -1.5160E-02
  1.0998E+03  1.3927E-01 -1.5168E-02
  1.1021E+03  1.3907E-01 -1.5176E-02
  1.1043E+03  1.3888E-01 -1.5184E-02
  1.1066E+03  1.3868E-01 -1.5192E-02
  1.1088E+03  1.3848E-01 -1.5200E-02
  1.1110E+03  1.3828E-01 -1.5208E-02
  1.1133E+03  1.3807E-01 -1.5215E-02
  1.1155E+03  1.3787E-01 -1.5223E-02
  1.1178E+03  1.3766E-01 -1.5231E-02
  1.1200E+03  1.3746E-01 -1.5238E-02
  1.1222E+03  1.3726E-01 -1.5246E-02
  1.1245E+03  1.3707E-01 -1.5253E-02
  1.1267E+03  1.3689E-01 -1.5261E-02
  1.1290E+03  1.3672E-01 -1.5268E-02
  1.1312E+03  1.3655E-01 -1.5275E-02
  1.1334E+03  1.3638E-01 -1.5283E-02
  1.1357E+03  1.3622E-01 -1.5290E-02
  1.1379E+03  1.3606E-01 -1.5297E-02
  1.1402E+03  1.3591E-01 -1.5305E-02
  1.1424E+03  1.3575E-01 -1.5312E-02
  1.1446E+03  1.3559E-01 -1.5319E-02
  1.1469E+03  1.3543E-01 -1.5327E-02
  1.1491E+03  1.3528E-01 -1.5334E-02
  1.1514E+03  1.3512E-01 -1.5341E-02
  1.1536E+03  1.3498E-01 -1.5348E-02
  1.1558E+03  1.3484E-01 -1.5355E-02
  1.1581E+03  1.3471E-01 -1.5363E-02
  1.1603E+03  1.3459E-01 -1.5370E-02
  1.1626E+03  1.3447E-01 -1.5377E-02
  1.1648E+03  1.3436E-01 -1.5384E-02
  1.1670E+03  1.3426E-01 -1.5391E-02
  1.1693E+03  1.3415E-01 -1.5399E-02
  1.1715E+03  1.3404E-01 -1.5406E-02
  1.1738E+03  1.3393E-01 -1.5413E-02
  1.1760E+03  1.3382E-01 -1.5420E-02
  1.1782E+03  1.3370E-01 -1.5428E-02
  1.1805E+03  1.3359E-01 -1.5435E-02
  1.1827E+03  1.3347E-01 -1.5442E-02
  1.1850E+03  1.3337E-01 -1.5450E-02
  1.1872E+03  1.3326E-01 -1.5457E-02
  1.1894E+03  1.3317E-01 -1.5464E-02
  1.1917E+03  1.3308E-01 -1.5472E-02
  1.1939E+03  1.3300E-01 -1.5479E-02
  1.1962E+03  1.3293E-01 -1.5486E-02
  1.1984E+03  1.3285E-01 -1.5494E-02
  1.2006E+03  1.3276E-01 -1.5501E-02
  1.2029E+03  1.3268E-01 -1.5509E-02
  1.2051E+03  1.3259E-01 -1.5516E-02
  1.2074E+03  1.3249E-01 -1.5524E-02
  1.2096E+03  1.3239E-01 -1.5531E-02
  1.2118E+03  1.3229E-01 -1.5538E-02
  1.2141E+03  1.3219E-01 -1.5546E-02
  1.2163E+03  1.3209E-01 -1.5553E-02
  1.2186E+03  1.3200E-01 -1.5561E-02
  1.2208E+03  1.3191E-01 -1.5568E-02
  1.2230E+03  1.3183E-01 -1.5576E-02
  1.2253E+03  1.3175E-01 -1.5583E-02
  1.2275E+03  1.3167E-01 -1.5591E-02
  1.2298E+03  1.3159E-01 -1.5598E-02
  1.2320E+03  1.3150E-01 -1.5606E-02
  1.2342E+03  1.3141E-01 -1.5613E-02
  1.2365E+03  1.3132E-01 -1.5621E-02
  1.2387E+03  1.3122E-01 -1.5629E-02
  1.2410E+03  1.3112E-01 -1.5636E-02
  1.2432E+03  1.3101E-01 -1.5644E-02
  1.2454E+03  1.3090E-01 -1.5651E-02
  1.2477E+03  1.3079E-01 -1.5659E-02
  1.2499E+03  1.3068E-01 -1.5666E-02
  1.2522E+03  1.3058E-01 -1.5674E-02
  1.2544E+03  1.3048E-01 -1.5681E-02
  1.2566E+03  1.3038E-01 -1.5688E-02
  1.2589E+03  1.3029E-01 -1.5696E-02
  1.2611E+03  1.3019E-01 -1.5703E-02
  1.2634E+03  1.3009E-01 -1.5711E-02
  1.2656E+03  1.2999E-01 -1.5718E-02
  1.2678E+03  1.2988E-01 -1.5726E-02
  1.2701E+03  1.2976E-01 -1.5733E-02
  1.2723E+03  1.2964E-01 -1.5740E-02
  1.2746E+03  1.2951E-01 -1.5748E-02
  1.2768E+03  1.2937E-01 -1.5755E-02
  1.2790E+03  1.2924E-01 -1.5762E-02
  1.2813E+03  1.2911E-01 -1.5770E-02
  1.2835E+03  1.2898E-01 -1.5777E-02
  1.2858E+03  1.2886E-01 -1.5784E-02
  1.2880E+03  1.2875E-01 -1.5791E-02
  1.2902E+03  1.2863E-01 -1.5798E-02
  1.2925E+03  1.2852E-01 -1.5805E-02
  1.2947E+03  1.2840E-01 -1.5812E-02
  1.2970E+03  1.2828E-01 -1.5820E-02
  1.2992E+03  1.2814E-01 -1.5827E-02
  1.3014E+03  1.2800E-01 -1.5834E-02
  1.3037E+03  1.2785E-01 -1.5841E-02
  1.3059E+03  1.2770E-01 -1.5847E-02
  1.3082E+03  1.2755E-01 -1.5854E-02
  1.3104E+03  1.2740E-01 -1.5861E-02
  1.3126E+03  1.2725E-01 -1.5868E-02
  1.3149E+03  1.2711E-01 -1.5875E-02
  1.3171E+03  1.2697E-01 -1.5881E-02
  1.3194E+03  1.2683E-01 -1.5888E-02
  1.3216E+03  1.2669E-01 -1.5895E-02
  1.3238E+03  1.2655E-01 -1.5901E-02
  1.3261E+03  1.2641E-01 -1.5908E-02
  1.3283E+03  1.2628E-01 -1.5914E-02
  1.3306E+03  1.2614E-01 -1.5921E-02
  1.3328E+03  1.2600E-01 -1.5927E-02
  1.3350E+03  1.2585E-01 -1.5934E-02
  1.3373E+03  1.2571E-01 -1.5940E-02
  1.3395E+03  1.2556E-01 -1.5947E-02
  1.3418E+03  1.2540E-01 -1.5953E-02
  1.3440E+03  1.2525E-01 -1.5959E-02
  1.3462E+03  1.2509E-01 -1.5966E-02
  1.3485E+03  1.2494E-01 -1.5972E-02
  1.3507E+03  1.2479E-01 -1.5978E-02
  1.3530E+03  1.2465E-01 -1.5984E-02
  1.3552E+03  1.2451E-01 -1.5990E-02
  1.3574E+03  1.2438E-01 -1.5996E-02
  1.3597E+03  1.2426E-01 -1.6002E-02
  1.3619E+03  1.2414E-01 -1.6008E-02
  1.3642E+03  1.2402E-01 -1.6014E-02
  1.3664E+03  1.2390E-01 -1.6021E-02
  1.3686E+03  1.2377E-01 -1.6027E-02
  1.3709E+03  1.2364E-01 -1.6033E-02
  1.3731E+03  1.2351E-01 -1.6039E-02
  1.3754E+03  1.2337E-01 -1.6044E-02
  1.3776E+03  1.2322E-01 -1.6050E-02
  1.3798E+03  1.2309E-01 -1.6056E-02
  1.3821E+03  1.2295E-01 -1.6062E-02
  1.3843E+03  1.2283E-01 -1.6068E-02
  1.3866E+03  1.2271E-01 -1.6074E-02
  1.3888E+03  1.2260E-01 -1.6080E-02
  1.3910E+03  1.2250E-01 -1.6085E-02
  1.3933E+03  1.2240E-01 -1.6091E-02
  1.3955E+03  1.2229E-01 -1.6097E-02
  1.3978E+03  1.2219E-01 -1.6103E-02
  1.4000E+03  1.2208E-01 -1.6109E-02
  1.4022E+03  1.2197E-01 -1.6115E-02
  1.4045E+03  1.2186E-01 -1.6120E-02
  1.4067E+03  1.2175E-01 -1.6126E-02
  1.4090E+03  1.2164E-01 -1.6132E-02
  1.4112E+03  1.2153E-01 -1.6138E-02
  1.4134E+03  1.2143E-01 -1.6144E-02
  1.4157E+03  1.2133E-01 -1.6149E-02
  1.4179E+03  1.2123E-01 -1.6155E-02
  1.4202E+03  1.2113E-01 -1.6161E-02
  1.4224E+03  1.2103E-01 -1.6167E-02
  1.4246E+03  1.2092E-01 -1.6172E-02
  1.4269E+03  1.2082E-01 -1.6178E-02
  1.4291E+03  1.2072E-01 -1.6184E-02
  1.4314E+03  1.2063E-01 -1.6190E-02
  1.4336E+03  1.2053E-01 -1.6195E-02
  1.4358E+03  1.2044E-01 -1.6201E-02
  1.4381E+03  1.2036E-01 -1.6207E-02
  1.4403E+03  1.2028E-01 -1.6213E-02
  1.4426E+03  1.2019E-01 -1.6219E-02
  1.4448E+03  1.2011E-01 -1.6224E-02
  1.4470E+03  1.2002E-01 -1.6230E-02
  1.4493E+03  1.1992E-01 -1.6236E-02
  1.4515E+03  1.1983E-01 -1.6242E-02
  1.4538E+03  1.1973E-01 -1.6247E-02
  1.4560E+03  1.1963E-01 -1.6253E-02
  1.4582E+03  1.1953E-01 -1.6259E-02
  1.4605E+03  1.1944E-01 -1.6265E-02
  1.4627E+03  1.1935E-01 -1.6270E-02
  1.4650E+03  1.1927E-01 -1.6276E-02
  1.4672E+03  1.1919E-01 -1.6282E-02
  1.4694E+03  1.1911E-01 -1.6288E-02
  1.4717E+03  1.1903E-01 -1.6293E-02
  1.4739E+03  1.1895E-01 -1.6299E-02
  1.4762E+03  1.1887E-01 -1.6305E-02
  1.4784E+03  1.1879E-01 -1.6311E-02
  1.4806E+03  1.1870E-01 -1.6317E-02
  1.4829E+03  1.1861E-01 -1.6322E-02
  1.4851E+03  1.1852E-01 -1.6328E-02
  1.4874E+03  1.1843E-01 -1.6334E-02
  1.4896E+03  1.1834E-01 -1.6340E-02
  1.4918E+03  1.1826E-01 -1.6345E-02
  1.4941E+03  1.1817E-01 -1.6351E-02
  1.4963E+03  1.1809E-01 -1.6357E-02
  1.4986E+03  1.1801E-01 -1.6363E-02
  1.5008E+03  1.1793E-01 -1.6369E-02
  1.5030E+03  1.1786E-01 -1.6374E-02
  1.5053E+03  1.1778E-01 -1.6380E-02
  1.5075E+03  1.1770E-01 -1.6386E-02
  1.5098E+03  1.1762E-01 -1.6392E-02
  1.5120E+03  1.1754E-01 -1.6397E-02
  1.5142E+03  1.1746E-01 -1.6403E-02
  1.5165E+03  1.1737E-01 -1.6409E-02
  1.5187E+03  1.1729E-01 -1.6415E-02
  1.5210E+03  1.1721E-01 -1.6420E-02
  1.5232E+03  1.1713E-01 -1.6426E-02
  1.5254E+03  1.1705E-01 -1.6432E-02
  1.5277E+03  1.1697E-01 -1.6438E-02
  1.5299E+03  1.1690E-01 -1.6443E-02
  1.5322E+03  1.1682E-01 -1.6449E-02
  1.5344E+03  1.1675E-01 -1.6455E-02
  1.5366E+03  1.1668E-01 -1.6461E-02
  1.5389E+03  1.1660E-01 -1.6466E-02
  1.5411E+03  1.1652E-01 -1.6472E-02
  1.5434E+03  1.1644E-01 -1.6478E-02
  1.5456E+03  1.1636E-01 -1.6484E-02
  1.5478E+03  1.1627E-01 -1.6489E-02
  1.5501E+03  1.1619E-01 -1.6495E-02
  1.5523E+03  1.1611E-01 -1.6501E-02
  1.5546E+03  1.1604E-01 -1.6506E-02
  1.5568E+03  1.1597E-01 -1.6512E-02
  1.5590E+03  1.1590E-01 -1.6518E-02
  1.5613E+03  1.1583E-01 -1.6523E-02
  1.5635E+03  1.1576E-01 -1.6529E-02
  1.5658E+03  1.1568E-01 -1.6535E-02
  1.5680E+03  1.1561E-01 -1.6540E-02
  1.5702E+03  1.1552E-01 -1.6546E-02
  1.5725E+03  1.1544E-01 -1.6552E-02
  1.5747E+03  1.1536E-01 -1.6557E-02
  1.5770E+03  1.1527E-01 -1.6563E-02
  1.5792E+03  1.1519E-01 -1.6569E-02
  1.5814E+03  1.1512E-01 -1.6574E-02
  1.5837E+03  1.1504E-01 -1.6580E-02
  1.5859E+03  1.1497E-01 -1.6586E-02
  1.5882E+03  1.1490E-01 -1.6591E-02
  1.5904E+03  1.1483E-01 -1.6597E-02
  1.5926E+03  1.1475E-01 -1.6602E-02
  1.5949E+03  1.1468E-01 -1.6608E-02
  1.5971E+03  1.1460E-01 -1.6614E-02
  1.5994E+03  1.1452E-01 -1.6619E-02
  1.6016E+03  1.1443E-01 -1.6625E-02
  1.6038E+03  1.1435E-01 -1.6630E-02
  1.6061E+03  1.1427E-01 -1.6636E-02
  1.6083E+03  1.1419E-01 -1.6641E-02
  1.6106E+03  1.1411E-01 -1.6647E-02
  1.6128E+03  1.1404E-01 -1.6652E-02
  1.6150E+03  1.1396E-01 -1.6658E-02
  1.6173E+03  1.1389E-01 -1.6663E-02
  1.6195E+03  1.1381E-01 -1.6669E-02
  1.6218E+03  1.1373E-01 -1.6674E-02
  1.6240E+03  1.1366E-01 -1.6680E-02
  1.6262E+03  1.1358E-01 -1.6685E-02
  1.6285E+03  1.1350E-01 -1.6691E-02
  1.6307E+03  1.1342E-01 -1.6696E-02
  1.6330E+03  1.1334E-01 -1.6702E-02
  1.6352E+03  1.1327E-01 -1.6707E-02
  1.6374E+03  1.1319E-01 -1.6713E-02
  1.6397E+03  1.1311E-01 -1.6718E-02
  1.6419E+03  1.1302E-01 -1.6724E-02
  1.6442E+03  1.1294E-01 -1.6729E-02
  1.6464E+03  1.1287E-01 -1.6734E-02
  1.6486E+03  1.1279E-01 -1.6740E-02
  1.6509E+03  1.1271E-01 -1.6745E-02
  1.6531E+03  1.1264E-01 -1.6751E-02
  1.6554E+03  1.1257E-01 -1.6756E-02
  1.6576E+03  1.1250E-01 -1.6761E-02
  1.6598E+03  1.1242E-01 -1.6767E-02
  1.6621E+03  1.1235E-01 -1.6772E-02
  1.6643E+03  1.1227E-01 -1.6777E-02
  1.6666E+03  1.1219E-01 -1.6783E-02
  1.6688E+03  1.1210E-01 -1.6788E-02
  1.6710E+03  1.1202E-01 -1.6793E-02
  1.6733E+03  1.1193E-01 -1.6799E-02
  1.6755E+03  1.1185E-01 -1.6804E-02
  1.6778E+03  1.1177E-01 -1.6809E-02
  1.6800E+03  1.1170E-01 -1.6815E-02
  1.6822E+03  1.1163E-01 -1.6820E-02
  1.6845E+03  1.1156E-01 -1.6825E-02
  1.6867E+03  1.1149E-01 -1.6830E-02
  1.6890E+03  1.1142E-01 -1.6836E-02
  1.6912E+03  1.1134E-01 -1.6841E-02
  1.6934E+03  1.1126E-01 -1.6846E-02
  1.6957E+03  1.1118E-01 -1.6851E-02
  1.6979E+03  1.1109E-01 -1.6857E-02
  1.7002E+03  1.1100E-01 -1.6862E-02
  1.7024E+03  1.1092E-01 -1.6867E-02
  1.7046E+03  1.1084E-01 -1.6872E-02
  1.7069E+03  1.1076E-01 -1.6877E-02
  1.7091E+03  1.1068E-01 -1.6883E-02
  1.7114E+03  1.1061E-01 -1.6888E-02
  1.7136E+03  1.1053E-01 -1.6893E-02
  1.7158E+03  1.1046E-01 -1.6898E-02
  1.7181E+03  1.1038E-01 -1.6903E-02
  1.7203E+03  1.1030E-01 -1.6908E-02
  1.7226E+03  1.1022E-01 -1.6913E-02
  1.7248E+03  1.1014E-01 -1.6918E-02
  1.7270E+03  1.1006E-01 -1.6924E-02
  1.7293E+03  1.0998E-01 -1.6929E-02
  1.7315E+03  1.0989E-01 -1.6934E-02
  1.7338E+03  1.0981E-01 -1.6939E-02
  1.7360E+03  1.0973E-01 -1.6944E-02
  1.7382E+03  1.0964E-01 -1.6949E-02
  1.7405E+03  1.0956E-01 -1.6954E-02
  1.7427E+03  1.0948E-01 -1.6959E-02
  1.7450E+03  1.0940E-01 -1.6964E-02
  1.7472E+03  1.0932E-01 -1.6969E-02
  1.7494E+03  1.0924E-01 -1.6974E-02
  1.7517E+03  1.0916E-01 -1.6979E-02
  1.7539E+03  1.0909E-01 -1.6984E-02
  1.7562E+03  1.0901E-01 -1.6989E-02
  1.7584E+03  1.0893E-01 -1.6994E-02
  1.7606E+03  1.0886E-01 -1.6999E-02
  1.7629E+03  1.0877E-01 -1.7003E-02
  1.7651E+03  1.0869E-01 -1.7008E-02
  1.7674E+03  1.0860E-01 -1.7013E-02
  1.7696E+03  1.0852E-01 -1.7018E-02
  1.7718E+03  1.0843E-01 -1.7023E-02
  1.7741E+03  1.0835E-01 -1.7028E-02
  1.7763E+03  1.0826E-01 -1.7033E-02
  1.7786E+03  1.0819E-01 -1.7038E-02
  1.7808E+03  1.0811E-01 -1.7042E-02
  1.7830E+03  1.0804E-01 -1.7047E-02
  1.7853E+03  1.0798E-01 -1.7052E-02
  1.7875E+03  1.0791E-01 -1.7057E-02
  1.7898E+03  1.0783E-01 -1.7062E-02
  1.7920E+03  1.0776E-01 -1.7066E-02
  1.7942E+03  1.0768E-01 -1.7071E-02
  1.7965E+03  1.0760E-01 -1.7076E-02
  1.7987E+03  1.0752E-01 -1.7081E-02
  1.8010E+03  1.0744E-01 -1.7086E-02
  1.8032E+03  1.0736E-01 -1.7090E-02
  1.8054E+03  1.0728E-01 -1.7095E-02
  1.8077E+03  1.0721E-01 -1.7100E-02
  1.8099E+03  1.0714E-01 -1.7105E-02
  1.8122E+03  1.0707E-01 -1.7109E-02
  1.8144E+03  1.0700E-01 -1.7114E-02
  1.8166E+03  1.0694E-01 -1.7119E-02
  1.8189E+03  1.0687E-01 -1.7124E-02
  1.8211E+03  1.0681E-01 -1.7128E-02
  1.8234E+03  1.0674E-01 -1.7133E-02
  1.8256E+03  1.0667E-01 -1.7138E-02
  1.8278E+03  1.0661E-01 -1.7142E-02
  1.8301E+03  1.0654E-01 -1.7147E-02
  1.8323E+03  1.0648E-01 -1.7152E-02
  1.8346E+03  1.0641E-01 -1.7157E-02
  1.8368E+03  1.0635E-01 -1.7161E-02
  1.8390E+03  1.0628E-01 -1.7166E-02
  1.8413E+03  1.0622E-01 -1.7171E-02
  1.8435E+03  1.0616E-01 -1.7176E-02
  1.8458E+03  1.0610E-01 -1.7180E-02
  1.8480E+03  1.0604E-01 -1.7185E-02
  1.8502E+03  1.0598E-01 -1.7190E-02
  1.8525E+03  1.0592E-01 -1.7194E-02
  1.8547E+03  1.0587E-01 -1.7199E-02
  1.8570E+03  1.0581E-01 -1.7204E-02
  1.8592E+03  1.0576E-01 -1.7209E-02
  1.8614E+03  1.0571E-01 -1.7213E-02
  1.8637E+03  1.0566E-01 -1.7218E-02
  1.8659E+03  1.0560E-01 -1.7223E-02
  1.8682E+03  1.0555E-01 -1.7228E-02
  1.8704E+03  1.0550E-01 -1.7232E-02
  1.8726E+03  1.0545E-01 -1.7237E-02
  1.8749E+03  1.0539E-01 -1.7242E-02
  1.8771E+03  1.0534E-01 -1.7247E-02
  1.8794E+03  1.0529E-01 -1.7252E-02
  1.8816E+03  1.0524E-01 -1.7256E-02
  1.8838E+03  1.0519E-01 -1.7261E-02
  1.8861E+03  1.0514E-01 -1.7266E-02
  1.8883E+03  1.0509E-01 -1.7271E-02
  1.8906E+03  1.0504E-01 -1.7275E-02
  1.8928E+03  1.0500E-01 -1.7280E-02
  1.8950E+03  1.0496E-01 -1.7285E-02
  1.8973E+03  1.0491E-01 -1.7290E-02
  1.8995E+03  1.0487E-01 -1.7295E-02
  1.9018E+03  1.0483E-01 -1.7300E-02
  1.9040E+03  1.0478E-01 -1.7304E-02
  1.9062E+03  1.0474E-01 -1.7309E-02
  1.9085E+03  1.0469E-01 -1.7314E-02
  1.9107E+03  1.0464E-01 -1.7319E-02
  1.9130E+03  1.0459E-01 -1.7324E-02
  1.9152E+03  1.0455E-01 -1.7329E-02
  1.9174E+03  1.0450E-01 -1.7333E-02
  1.9197E+03  1.0445E-01 -1.7338E-02
  1.9219E+03  1.0441E-01 -1.7343E-02
  1.9242E+03  1.0437E-01 -1.7348E-02
  1.9264E+03  1.0433E-01 -1.7353E-02
  1.9286E+03  1.0430E-01 -1.7358E-02
  1.9309E+03  1.0426E-01 -1.7363E-02
  1.9331E+03  1.0421E-01 -1.7368E-02
  1.9354E+03  1.0417E-01 -1.7373E-02
  1.9376E+03  1.0412E-01 -1.7377E-02
  1.9398E+03  1.0408E-01 -1.7382E-02
  1.9421E+03  1.0403E-01 -1.7387E-02
  1.9443E+03  1.0398E-01 -1.7392E-02
  1.9466E+03  1.0394E-01 -1.7397E-02
  1.9488E+03  1.0390E-01 -1.7402E-02
  1.9510E+03  1.0386E-01 -1.7407E-02
  1.9533E+03  1.0382E-01 -1.7412E-02
  1.9555E+03  1.0378E-01 -1.7417E-02
  1.9578E+03  1.0374E-01 -1.7422E-02
  1.9600E+03  1.0369E-01 -1.7427E-02
  1.9622E+03  1.0365E-01 -1.7432E-02
  1.9645E+03  1.0360E-01 -1.7436E-02
  1.9667E+03  1.0355E-01 -1.7441E-02
  1.9690E+03  1.0351E-01 -1.7446E-02
  1.9712E+03  1.0346E-01 -1.7451E-02
  1.9734E+03  1.0342E-01 -1.7456E-02
  1.9757E+03  1.0337E-01 -1.7461E-02
  1.9779E+03  1.0333E-01 -1.7466E-02
  1.9802E+03  1.0329E-01 -1.7471E-02
  1.9824E+03  1.0325E-01 -1.7476E-02
  1.9846E+03  1.0320E-01 -1.7481E-02
  1.9869E+03  1.0316E-01 -1.7486E-02
  1.9891E+03  1.0311E-01 -1.7491E-02
  1.9914E+03  1.0306E-01 -1.7496E-02
  1.9936E+03  1.0301E-01 -1.7501E-02
  1.9958E+03  1.0296E-01 -1.7506E-02
  1.9981E+03  1.0291E-01 -1.7510E-02
  2.0003E+03  1.0286E-01 -1.7515E-02
  2.0026E+03  1.0282E-01 -1.7520E-02
  2.0048E+03  1.0277E-01 -1.7525E-02
  2.0070E+03  1.0272E-01 -1.7530E-02
  2.0093E+03  1.0268E-01 -1.7535E-02
  2.0115E+03  1.0263E-01 -1.7540E-02
  2.0138E+03  1.0258E-01 -1.7545E-02
  2.0160E+03  1.0253E-01 -1.7550E-02
  2.0182E+03  1.0247E-01 -1.7555E-02
  2.0205E+03  1.0242E-01 -1.7560E-02
  2.0227E+03  1.0237E-01 -1.7564E-02
  2.0250E+03  1.0232E-01 -1.7569E-02
  2.0272E+03  1.0227E-01 -1.7574E-02
  2.0294E+03  1.0221E-01 -1.7579E-02
  2.0317E+03  1.0216E-01 -1.7584E-02
  2.0339E+03  1.0211E-01 -1.7589E-02
  2.0362E+03  1.0205E-01 -1.7594E-02
  2.0384E+03  1.0200E-01 -1.7598E-02
  2.0406E+03  1.0194E-01 -1.7603E-02
  2.0429E+03  1.0188E-01 -1.7608E-02
  2.0451E+03  1.0183E-01 -1.7613E-02
  2.0474E+03  1.0177E-01 -1.7618E-02
  2.0496E+03  1.0172E-01 -1.7622E-02
  2.0518E+03  1.0166E-01 -1.7627E-02
  2.0541E+03  1.0161E-01 -1.7632E-02
  2.0563E+03  1.0155E-01 -1.7637E-02
  2.0586E+03  1.0149E-01 -1.7642E-02
  2.0608E+03  1.0143E-01 -1.7646E-02
  2.0630E+03  1.0137E-01 -1.7651E-02
  2.0653E+03  1.0130E-01 -1.7656E-02
  2.0675E+03  1.0124E-01 -1.7660E-02
  2.0698E+03  1.0118E-01 -1.7665E-02
  2.0720E+03  1.0112E-01 -1.7670E-02
  2.0742E+03  1.0106E-01 -1.7675E-02
  2.0765E+03  1.0100E-01 -1.7679E-02
  2.0787E+03  1.0094E-01 -1.7684E-02
  2.0810E+03  1.0088E-01 -1.7688E-02
  2.0832E+03  1.0082E-01 -1.7693E-02
  2.0854E+03  1.0076E-01 -1.7698E-02
  2.0877E+03  1.0069E-01 -1.7702E-02
  2.0899E+03  1.0062E-01 -1.7707E-02
  2.0922E+03  1.0055E-01 -1.7712E-02
  2.0944E+03  1.0048E-01 -1.7716E-02
  2.0966E+03  1.0041E-01 -1.7721E-02
  2.0989E+03  1.0035E-01 -1.7725E-02
  2.1011E+03  1.0028E-01 -1.7730E-02
  2.1034E+03  1.0022E-01 -1.7734E-02
  2.1056E+03  1.0015E-01 -1.7739E-02
  2.1078E+03  1.0009E-01 -1.7743E-02
  2.1101E+03  1.0002E-01 -1.7748E-02
  2.1123E+03  9.9955E-02 -1.7752E-02
  2.1146E+03  9.9886E-02 -1.7757E-02
  2.1168E+03  9.9815E-02 -1.7761E-02
  2.1190E+03  9.9744E-02 -1.7765E-02
  2.1213E+03  9.9672E-02 -1.7770E-02
  2.1235E+03  9.9601E-02 -1.7774E-02
  2.1258E+03  9.9530E-02 -1.7779E-02
  2.1280E+03  9.9459E-02 -1.7783E-02
  2.1302E+03  9.9388E-02 -1.7787E-02
  2.1325E+03  9.9318E-02 -1.7792E-02
  2.1347E+03  9.9248E-02 -1.7796E-02
  2.1370E+03  9.9178E-02 -1.7800E-02
  2.1392E+03  9.9108E-02 -1.7805E-02
  2.1414E+03  9.9038E-02 -1.7809E-02
  2.1437E+03  9.8968E-02 -1.7813E-02
  2.1459E+03  9.8899E-02 -1.7817E-02
  2.1482E+03  9.8830E-02 -1.7822E-02
  2.1504E+03  9.8760E-02 -1.7826E-02
  2.1526E+03  9.8689E-02 -1.7830E-02
  2.1549E+03  9.8618E-02 -1.7834E-02
  2.1571E+03  9.8546E-02 -1.7838E-02
  2.1594E+03  9.8473E-02 -1.7843E-02
  2.1616E+03  9.8400E-02 -1.7847E-02
  2.1638E+03  9.8327E-02 -1.7851E-02
  2.1661E+03  9.8256E-02 -1.7855E-02
  2.1683E+03  9.8186E-02 -1.7859E-02
  2.1706E+03  9.8118E-02 -1.7863E-02
  2.1728E+03  9.8052E-02 -1.7867E-02
  2.1750E+03  9.7987E-02 -1.7871E-02
  2.1773E+03  9.7923E-02 -1.7875E-02
  2.1795E+03  9.7858E-02 -1.7879E-02
  2.1818E+03  9.7792E-02 -1.7884E-02
  2.1840E+03  9.7725E-02 -1.7888E-02
  2.1862E+03  9.7656E-02 -1.7892E-02
  2.1885E+03  9.7587E-02 -1.7896E-02
  2.1907E+03  9.7518E-02 -1.7900E-02
  2.1930E+03  9.7450E-02 -1.7904E-02
  2.1952E+03  9.7383E-02 -1.7908E-02
  2.1974E+03  9.7319E-02 -1.7912E-02
  2.1997E+03  9.7256E-02 -1.7916E-02
  2.2019E+03  9.7195E-02 -1.7920E-02
  2.2042E+03  9.7135E-02 -1.7924E-02
  2.2064E+03  9.7076E-02 -1.7928E-02
  2.2086E+03  9.7017E-02 -1.7932E-02
  2.2109E+03  9.6959E-02 -1.7936E-02
  2.2131E+03  9.6900E-02 -1.7940E-02
  2.2154E+03  9.6841E-02 -1.7943E-02
  2.2176E+03  9.6783E-02 -1.7947E-02
  2.2198E+03  9.6725E-02 -1.7951E-02
  2.2221E+03  9.6667E-02 -1.7955E-02
  2.2243E+03  9.6609E-02 -1.7959E-02
  2.2266E+03  9.6553E-02 -1.7963E-02
  2.2288E+03  9.6497E-02 -1.7967E-02
  2.2310E+03  9.6442E-02 -1.7971E-02
  2.2333E+03  9.6388E-02 -1.7975E-02
  2.2355E+03  9.6336E-02 -1.7979E-02
  2.2378E+03  9.6285E-02 -1.7983E-02
  2.2400E+03  9.6236E-02 -1.7987E-02
  2.2422E+03  9.6188E-02 -1.7991E-02
  2.2445E+03  9.6140E-02 -1.7995E-02
  2.2467E+03  9.6094E-02 -1.7999E-02
  2.2490E+03  9.6048E-02 -1.8003E-02
  2.2512E+03  9.6002E-02 -1.8007E-02
  2.2534E+03  9.5955E-02 -1.8010E-02
  2.2557E+03  9.5908E-02 -1.8014E-02
  2.2579E+03  9.5862E-02 -1.8018E-02
  2.2602E+03  9.5815E-02 -1.8022E-02
  2.2624E+03  9.5770E-02 -1.8026E-02
  2.2646E+03  9.5726E-02 -1.8030E-02
  2.2669E+03  9.5684E-02 -1.8034E-02
  2.2691E+03  9.5644E-02 -1.8038E-02
  2.2714E+03  9.5605E-02 -1.8042E-02
  2.2736E+03  9.5567E-02 -1.8046E-02
  2.2758E+03  9.5529E-02 -1.8050E-02
  2.2781E+03  9.5491E-02 -1.8054E-02
  2.2803E+03  9.5454E-02 -1.8058E-02
  2.2826E+03  9.5416E-02 -1.8062E-02
  2.2848E+03  9.5379E-02 -1.8066E-02
  2.2870E+03  9.5343E-02 -1.8070E-02
  2.2893E+03  9.5307E-02 -1.8074E-02
  2.2915E+03  9.5273E-02 -1.8078E-02
  2.2938E+03  9.5239E-02 -1.8082E-02
  2.2960E+03  9.5205E-02 -1.8086E-02
  2.2982E+03  9.5172E-02 -1.8090E-02
  2.3005E+03  9.5139E-02 -1.8094E-02
  2.3027E+03  9.5105E-02 -1.8098E-02
  2.3050E+03  9.5072E-02 -1.8103E-02
  2.3072E+03  9.5039E-02 -1.8107E-02
  2.3094E+03  9.5007E-02 -1.8111E-02
  2.3117E+03  9.4976E-02 -1.8115E-02
  2.3139E+03  9.4947E-02 -1.8119E-02
  2.3162E+03  9.4919E-02 -1.8123E-02
  2.3184E+03  9.4892E-02 -1.8127E-02
  2.3206E+03  9.4866E-02 -1.8131E-02
  2.3229E+03  9.4840E-02 -1.8135E-02
  2.3251E+03  9.4812E-02 -1.8140E-02
  2.3274E+03  9.4784E-02 -1.8144E-02
  2.3296E+03  9.4754E-02 -1.8148E-02
  2.3318E+03  9.4723E-02 -1.8152E-02
  2.3341E+03  9.4693E-02 -1.8156E-02
  2.3363E+03  9.4663E-02 -1.8160E-02
  2.3386E+03  9.4635E-02 -1.8165E-02
  2.3408E+03  9.4609E-02 -1.8169E-02
  2.3430E+03  9.4585E-02 -1.8173E-02
  2.3453E+03  9.4561E-02 -1.8177E-02
  2.3475E+03  9.4538E-02 -1.8181E-02
  2.3498E+03  9.4515E-02 -1.8186E-02
  2.3520E+03  9.4491E-02 -1.8190E-02
  2.3542E+03  9.4465E-02 -1.8194E-02
  2.3565E+03  9.4438E-02 -1.8198E-02
  2.3587E+03  9.4411E-02 -1.8203E-02
  2.3610E+03  9.4384E-02 -1.8207E-02
  2.3632E+03  9.4357E-02 -1.8211E-02
  2.3654E+03  9.4331E-02 -1.8215E-02
  2.3677E+03  9.4306E-02 -1.8220E-02
  2.3699E+03  9.4283E-02 -1.8224E-02
  2.3722E+03  9.4259E-02 -1.8228E-02
  2.3744E+03  9.4236E-02 -1.8232E-02
  2.3766E+03  9.4212E-02 -1.8237E-02
  2.3789E+03  9.4187E-02 -1.8241E-02
  2.3811E+03  9.4161E-02 -1.8245E-02
  2.3834E+03  9.4134E-02 -1.8250E-02
  2.3856E+03  9.4108E-02 -1.8254E-02
  2.3878E+03  9.4081E-02 -1.8258E-02
  2.3901E+03  9.4056E-02 -1.8263E-02
  2.3923E+03  9.4031E-02 -1.8267E-02
  2.3946E+03  9.4006E-02 -1.8271E-02
  2.3968E+03  9.3982E-02 -1.8276E-02
  2.3990E+03  9.3958E-02 -1.8280E-02
  2.4013E+03  9.3933E-02 -1.8284E-02
  2.4035E+03  9.3907E-02 -1.8289E-02
  2.4058E+03  9.3880E-02 -1.8293E-02
  2.4080E+03  9.3852E-02 -1.8297E-02
  2.4102E+03  9.3824E-02 -1.8302E-02
  2.4125E+03  9.3796E-02 -1.8306E-02
  2.4147E+03  9.3768E-02 -1.8310E-02
  2.4170E+03  9.3742E-02 -1.8315E-02
  2.4192E+03  9.3715E-02 -1.8319E-02
  2.4214E+03  9.3689E-02 -1.8324E-02
  2.4237E+03  9.3662E-02 -1.8328E-02
  2.4259E+03  9.3635E-02 -1.8332E-02
  2.4282E+03  9.3607E-02 -1.8337E-02
  2.4304E+03  9.3577E-02 -1.8341E-02
  2.4326E+03  9.3548E-02 -1.8345E-02
  2.4349E+03  9.3517E-02 -1.8350E-02
  2.4371E+03  9.3488E-02 -1.8354E-02
  2.4394E+03  9.3458E-02 -1.8359E-02
  2.4416E+03  9.3429E-02 -1.8363E-02
  2.4438E+03  9.3400E-02 -1.8367E-02
  2.4461E+03  9.3371E-02 -1.8372E-02
  2.4483E+03  9.3342E-02 -1.8376E-02
  2.4506E+03  9.3311E-02 -1.8380E-02
  2.4528E+03  9.3279E-02 -1.8385E-02
  2.4550E+03  9.3247E-02 -1.8389E-02
  2.4573E+03  9.3213E-02 -1.8393E-02
  2.4595E+03  9.3180E-02 -1.8398E-02
  2.4618E+03  9.3146E-02 -1.8402E-02
  2.4640E+03  9.3114E-02 -1.8407E-02
  2.4662E+03  9.3081E-02 -1.8411E-02
  2.4685E+03  9.3050E-02 -1.8415E-02
  2.4707E+03  9.3018E-02 -1.8420E-02
  2.4730E+03  9.2986E-02 -1.8424E-02
  2.4752E+03  9.2953E-02 -1.8428E-02
  2.4774E+03  9.2918E-02 -1.8433E-02
  2.4797E+03  9.2883E-02 -1.8437E-02
  2.4819E+03  9.2846E-02 -1.8441E-02
  2.4842E+03  9.2809E-02 -1.8446E-02
  2.4864E+03  9.2771E-02 -1.8450E-02
  2.4886E+03  9.2734E-02 -1.8454E-02
  2.4909E+03  9.2697E-02 -1.8459E-02
  2.4931E+03  9.2661E-02 -1.8463E-02
  2.4954E+03  9.2625E-02 -1.8467E-02
  2.4976E+03  9.2589E-02 -1.8472E-02
  2.4998E+03  9.2553E-02 -1.8476E-02
  2.5021E+03  9.2516E-02 -1.8480E-02
  2.5043E+03  9.2478E-02 -1.8484E-02
  2.5066E+03  9.2439E-02 -1.8489E-02
  2.5088E+03  9.2399E-02 -1.8493E-02
  2.5110E+03  9.2359E-02 -1.8497E-02
  2.5133E+03  9.2319E-02 -1.8502E-02
  2.5155E+03  9.2279E-02 -1.8506E-02
  2.5178E+03  9.2239E-02 -1.8510E-02
  2.5200E+03  9.2198E-02 -1.8514E-02
  2.5222E+03  9.2158E-02 -1.8518E-02
  2.5245E+03  9.2117E-02 -1.8523E-02
  2.5267E+03  9.2076E-02 -1.8527E-02
  2.5290E+03  9.2034E-02 -1.8531E-02
  2.5312E+03  9.1993E-02 -1.8535E-02
  2.5334E+03  9.1951E-02 -1.8540E-02
  2.5357E+03  9.1909E-02 -1.8544E-02
  2.5379E+03  9.1867E-02 -1.8548E-02
  2.5402E+03  9.1825E-02 -1.8552E-02
  2.5424E+03  9.1783E-02 -1.8556E-02
  2.5446E+03  9.1740E-02 -1.8560E-02
  2.5469E+03  9.1696E-02 -1.8565E-02
  2.5491E+03  9.1651E-02 -1.8569E-02
  2.5514E+03  9.1606E-02 -1.8573E-02
  2.5536E+03  9.1560E-02 -1.8577E-02
  2.5558E+03  9.1515E-02 -1.8581E-02
  2.5581E+03  9.1470E-02 -1.8585E-02
  2.5603E+03  9.1426E-02 -1.8589E-02
  2.5626E+03  9.1382E-02 -1.8594E-02
  2.5648E+03  9.1339E-02 -1.8598E-02
  2.5670E+03  9.1295E-02 -1.8602E-02
  2.5693E+03  9.1251E-02 -1.8606E-02
  2.5715E+03  9.1206E-02 -1.8610E-02
  2.5738E+03  9.1160E-02 -1.8614E-02
  2.5760E+03  9.1113E-02 -1.8618E-02
  2.5782E+03  9.1065E-02 -1.8622E-02
  2.5805E+03  9.1017E-02 -1.8626E-02
  2.5827E+03  9.0969E-02 -1.8630E-02
  2.5850E+03  9.0921E-02 -1.8634E-02
  2.5872E+03  9.0874E-02 -1.8638E-02
  2.5894E+03  9.0828E-02 -1.8642E-02
  2.5917E+03  9.0782E-02 -1.8646E-02
  2.5939E+03  9.0737E-02 -1.8650E-02
  2.5962E+03  9.0691E-02 -1.8654E-02
  2.5984E+03  9.0644E-02 -1.8658E-02
  2.6006E+03  9.0597E-02 -1.8662E-02
  2.6029E+03  9.0549E-02 -1.8666E-02
  2.6051E+03  9.0500E-02 -1.8670E-02
  2.6074E+03  9.0452E-02 -1.8674E-02
  2.6096E+03  9.0403E-02 -1.8678E-02
  2.6118E+03  9.0355E-02 -1.8682E-02
  2.6141E+03  9.0308E-02 -1.8686E-02
  2.6163E+03  9.0260E-02 -1.8690E-02
  2.6186E+03  9.0212E-02 -1.8693E-02
  2.6208E+03  9.0164E-02 -1.8697E-02
  2.6230E+03  9.0116E-02 -1.8701E-02
  2.6253E+03  9.0068E-02 -1.8705E-02
  2.6275E+03  9.0019E-02 -1.8709E-02
  2.6298E+03  8.9971E-02 -1.8713E-02
  2.6320E+03  8.9923E-02 -1.8717E-02
  2.6342E+03  8.9876E-02 -1.8720E-02
  2.6365E+03  8.9829E-02 -1.8724E-02
  2.6387E+03  8.9782E-02 -1.8728E-02
  2.6410E+03  8.9736E-02 -1.8732E-02
  2.6432E+03  8.9689E-02 -1.8736E-02
  2.6454E+03  8.9641E-02 -1.8740E-02
  2.6477E+03  8.9593E-02 -1.8743E-02
  2.6499E+03  8.9544E-02 -1.8747E-02
  2.6522E+03  8.9495E-02 -1.8751E-02
  2.6544E+03  8.9446E-02 -1.8755E-02
  2.6566E+03  8.9399E-02 -1.8758E-02
  2.6589E+03  8.9352E-02 -1.8762E-02
  2.6611E+03  8.9306E-02 -1.8766E-02
  2.6634E+03  8.9261E-02 -1.8770E-02
  2.6656E+03  8.9217E-02 -1.8773E-02
  2.6678E+03  8.9172E-02 -1.8777E-02
  2.6701E+03  8.9128E-02 -1.8781E-02
  2.6723E+03  8.9082E-02 -1.8785E-02
  2.6746E+03  8.9036E-02 -1.8788E-02
  2.6768E+03  8.8989E-02 -1.8792E-02
  2.6790E+03  8.8943E-02 -1.8796E-02
  2.6813E+03  8.8897E-02 -1.8800E-02
  2.6835E+03  8.8852E-02 -1.8803E-02
  2.6858E+03  8.8808E-02 -1.8807E-02
  2.6880E+03  8.8765E-02 -1.8811E-02
  2.6902E+03  8.8722E-02 -1.8814E-02
  2.6925E+03  8.8680E-02 -1.8818E-02
  2.6947E+03  8.8638E-02 -1.8822E-02
  2.6970E+03  8.8595E-02 -1.8825E-02
  2.6992E+03  8.8553E-02 -1.8829E-02
  2.7014E+03  8.8510E-02 -1.8833E-02
  2.7037E+03  8.8468E-02 -1.8836E-02
  2.7059E+03  8.8426E-02 -1.8840E-02
  2.7082E+03  8.8385E-02 -1.8844E-02
  2.7104E+03  8.8346E-02 -1.8847E-02
  2.7126E+03  8.8307E-02 -1.8851E-02
  2.7149E+03  8.8268E-02 -1.8855E-02
  2.7171E+03  8.8229E-02 -1.8858E-02
  2.7194E+03  8.8190E-02 -1.8862E-02
  2.7216E+03  8.8151E-02 -1.8866E-02
  2.7238E+03  8.8111E-02 -1.8869E-02
  2.7261E+03  8.8071E-02 -1.8873E-02
  2.7283E+03  8.8032E-02 -1.8877E-02
  2.7306E+03  8.7994E-02 -1.8880E-02
  2.7328E+03  8.7957E-02 -1.8884E-02
  2.7350E+03  8.7922E-02 -1.8887E-02
  2.7373E+03  8.7888E-02 -1.8891E-02
  2.7395E+03  8.7854E-02 -1.8895E-02
  2.7418E+03  8.7821E-02 -1.8898E-02
  2.7440E+03  8.7787E-02 -1.8902E-02
  2.7462E+03  8.7753E-02 -1.8906E-02
  2.7485E+03  8.7718E-02 -1.8909E-02
  2.7507E+03  8.7682E-02 -1.8913E-02
  2.7530E+03  8.7647E-02 -1.8917E-02
  2.7552E+03  8.7613E-02 -1.8920E-02
  2.7574E+03  8.7579E-02 -1.8924E-02
  2.7597E+03  8.7546E-02 -1.8928E-02
  2.7619E+03  8.7515E-02 -1.8931E-02
  2.7642E+03  8.7485E-02 -1.8935E-02
  2.7664E+03  8.7455E-02 -1.8939E-02
  2.7686E+03  8.7425E-02 -1.8942E-02
  2.7709E+03  8.7395E-02 -1.8946E-02
  2.7731E+03  8.7365E-02 -1.8950E-02
  2.7754E+03  8.7335E-02 -1.8953E-02
  2.7776E+03  8.7304E-02 -1.8957E-02
  2.7798E+03  8.7274E-02 -1.8961E-02
  2.7821E+03  8.7245E-02 -1.8964E-02
  2.7843E+03  8.7216E-02 -1.8968E-02
  2.7866E+03  8.7187E-02 -1.8972E-02
  2.7888E+03  8.7160E-02 -1.8975E-02
  2.7910E+03  8.7133E-02 -1.8979E-02
  2.7933E+03  8.7105E-02 -1.8983E-02
  2.7955E+03  8.7078E-02 -1.8986E-02
  2.7978E+03  8.7051E-02 -1.8990E-02
  2.8000E+03  8.7023E-02 -1.8994E-02
  2.8022E+03  8.6996E-02 -1.8997E-02
  2.8045E+03  8.6969E-02 -1.9001E-02
  2.8067E+03  8.6942E-02 -1.9005E-02
  2.8090E+03  8.6916E-02 -1.9008E-02
  2.8112E+03  8.6891E-02 -1.9012E-02
  2.8134E+03  8.6866E-02 -1.9016E-02
  2.8157E+03  8.6841E-02 -1.9020E-02
  2.8179E+03  8.6816E-02 -1.9023E-02
  2.8202E+03  8.6791E-02 -1.9027E-02
  2.8224E+03  8.6765E-02 -1.9031E-02
  2.8246E+03  8.6739E-02 -1.9034E-02
  2.8269E+03  8.6713E-02 -1.9038E-02
  2.8291E+03  8.6688E-02 -1.9042E-02
  2.8314E+03  8.6663E-02 -1.9046E-02
  2.8336E+03  8.6638E-02 -1.9049E-02
  2.8358E+03  8.6614E-02 -1.9053E-02
  2.8381E+03  8.6590E-02 -1.9057E-02
  2.8403E+03  8.6567E-02 -1.9061E-02
  2.8426E+03  8.6543E-02 -1.9064E-02
  2.8448E+03  8.6519E-02 -1.9068E-02
  2.8470E+03  8.6494E-02 -1.9072E-02
  2.8493E+03  8.6470E-02 -1.9076E-02
  2.8515E+03  8.6445E-02 -1.9079E-02
  2.8538E+03  8.6420E-02 -1.9083E-02
  2.8560E+03  8.6396E-02 -1.9087E-02
  2.8582E+03  8.6372E-02 -1.9091E-02
  2.8605E+03  8.6349E-02 -1.9094E-02
  2.8627E+03  8.6325E-02 -1.9098E-02
  2.8650E+03  8.6302E-02 -1.9102E-02
  2.8672E+03  8.6278E-02 -1.9106E-02
  2.8694E+03  8.6254E-02 -1.9109E-02
  2.8717E+03  8.6230E-02 -1.9113E-02
  2.8739E+03  8.6206E-02 -1.9117E-02
  2.8762E+03  8.6181E-02 -1.9121E-02
  2.8784E+03  8.6157E-02 -1.9125E-02
  2.8806E+03  8.6133E-02 -1.9128E-02
  2.8829E+03  8.6109E-02 -1.9132E-02
  2.8851E+03  8.6085E-02 -1.9136E-02
  2.8874E+03  8.6062E-02 -1.9140E-02
  2.8896E+03  8.6038E-02 -1.9144E-02
  2.8918E+03  8.6014E-02 -1.9147E-02
  2.8941E+03  8.5990E-02 -1.9151E-02
  2.8963E+03  8.5966E-02 -1.9155E-02
  2.8986E+03  8.5942E-02 -1.9159E-02
  2.9008E+03  8.5917E-02 -1.9162E-02
  2.9030E+03  8.5893E-02 -1.9166E-02
  2.9053E+03  8.5869E-02 -1.9170E-02
  2.9075E+03  8.5845E-02 -1.9174E-02
  2.9098E+03  8.5821E-02 -1.9178E-02
  2.9120E+03  8.5797E-02 -1.9181E-02
  2.9142E+03  8.5772E-02 -1.9185E-02
  2.9165E+03  8.5748E-02 -1.9189E-02
  2.9187E+03  8.5723E-02 -1.9193E-02
  2.9210E+03  8.5698E-02 -1.9197E-02
  2.9232E+03  8.5673E-02 -1.9200E-02
  2.9254E+03  8.5648E-02 -1.9204E-02
  2.9277E+03  8.5624E-02 -1.9208E-02
  2.9299E+03  8.5600E-02 -1.9212E-02
  2.9322E+03  8.5576E-02 -1.9216E-02
  2.9344E+03  8.5552E-02 -1.9219E-02
  2.9366E+03  8.5527E-02 -1.9223E-02
  2.9389E+03  8.5503E-02 -1.9227E-02
  2.9411E+03  8.5477E-02 -1.9231E-02
  2.9434E+03  8.5451E-02 -1.9235E-02
  2.9456E+03  8.5425E-02 -1.9238E-02
  2.9478E+03  8.5399E-02 -1.9242E-02
  2.9501E+03  8.5373E-02 -1.9246E-02
  2.9523E+03  8.5348E-02 -1.9250E-02
  2.9546E+03  8.5324E-02 -1.9253E-02
  2.9568E+03  8.5299E-02 -1.9257E-02
  2.9590E+03  8.5275E-02 -1.9261E-02
  2.9613E+03  8.5251E-02 -1.9265E-02
  2.9635E+03  8.5226E-02 -1.9269E-02
  2.9658E+03  8.5200E-02 -1.9272E-02
  2.9680E+03  8.5173E-02 -1.9276E-02
  2.9702E+03  8.5146E-02 -1.9280E-02
  2.9725E+03  8.5119E-02 -1.9284E-02
  2.9747E+03  8.5092E-02 -1.9287E-02
  2.9770E+03  8.5066E-02 -1.9291E-02
  2.9792E+03  8.5040E-02 -1.9295E-02
  2.9814E+03  8.5015E-02 -1.9299E-02
  2.9837E+03  8.4990E-02 -1.9303E-02
  2.9859E+03  8.4965E-02 -1.9306E-02
  2.9882E+03  8.4939E-02 -1.9310E-02
  2.9904E+03  8.4913E-02 -1.9314E-02
  2.9926E+03  8.4886E-02 -1.9318E-02
  2.9949E+03  8.4859E-02 -1.9321E-02
  2.9971E+03  8.4832E-02 -1.9325E-02
  2.9994E+03  8.4804E-02 -1.9329E-02
  3.0000E+03  8.4796E-02 -1.9330E-02
