# CREATED BY GENE DIAGNOSTICS TOOL on Wed Dec 16 18:38:16 2020
# diag: gamdiag, run(s): 0012, time window: 0-3000(1365 steps), species: ions
# original data path: /marconi_scratch/userexternal/cmoreno0/GAM_HP_scan/scanfiles0000/
# normalization: L_ref=1.65m
#
# xind= 0, x/a= 0.5, q= 1.1358678
# Fit:    0.37645507,1.3852059,-3.2683399
# Analytic (Gao, Zhou/Yu): 0.25929117,0.39690165,2.9035802
#  t          Re[phi]     Im[phi]   
  0.0000E+00  9.9997E-01  0.0000E+00
  2.2000E+00  9.4171E-01 -2.5930E-04
  4.4000E+00  8.5604E-01 -5.1075E-04
  6.6000E+00  8.0989E-01 -7.5285E-04
  8.8000E+00  7.6694E-01 -9.6139E-04
  1.1000E+01  7.1441E-01 -1.1304E-03
  1.3200E+01  6.7021E-01 -1.2676E-03
  1.5400E+01  6.4092E-01 -1.3763E-03
  1.7600E+01  6.2285E-01 -1.4664E-03
  1.9800E+01  6.1338E-01 -1.5546E-03
  2.2000E+01  6.1135E-01 -1.6534E-03
  2.4200E+01  6.1463E-01 -1.7677E-03
  2.6400E+01  6.2034E-01 -1.8958E-03
  2.8600E+01  6.2593E-01 -2.0334E-03
  3.0800E+01  6.2957E-01 -2.1753E-03
  3.3000E+01  6.3028E-01 -2.3157E-03
  3.5200E+01  6.2775E-01 -2.4508E-03
  3.7400E+01  6.2222E-01 -2.5774E-03
  3.9600E+01  6.1449E-01 -2.6952E-03
  4.1800E+01  6.0525E-01 -2.8060E-03
  4.4000E+01  5.9551E-01 -2.9114E-03
  4.6200E+01  5.8592E-01 -3.0146E-03
  4.8400E+01  5.7695E-01 -3.1175E-03
  5.0600E+01  5.6905E-01 -3.2219E-03
  5.2800E+01  5.6231E-01 -3.3279E-03
  5.5000E+01  5.5663E-01 -3.4358E-03
  5.7200E+01  5.5187E-01 -3.5453E-03
  5.9400E+01  5.4779E-01 -3.6559E-03
  6.1600E+01  5.4415E-01 -3.7662E-03
  6.3800E+01  5.4074E-01 -3.8763E-03
  6.6000E+01  5.3728E-01 -3.9841E-03
  6.8200E+01  5.3376E-01 -4.0887E-03
  7.0400E+01  5.3017E-01 -4.1918E-03
  7.2600E+01  5.2624E-01 -4.2903E-03
  7.4800E+01  5.2247E-01 -4.3869E-03
  7.7000E+01  5.1892E-01 -4.4854E-03
  7.9200E+01  5.1441E-01 -4.5770E-03
  8.1400E+01  5.0967E-01 -4.6640E-03
  8.3600E+01  5.0604E-01 -4.7548E-03
  8.5800E+01  5.0279E-01 -4.8453E-03
  8.8000E+01  4.9915E-01 -4.9318E-03
  9.0200E+01  4.9548E-01 -5.0170E-03
  9.2400E+01  4.9215E-01 -5.1024E-03
  9.4600E+01  4.8900E-01 -5.1867E-03
  9.6800E+01  4.8590E-01 -5.2694E-03
  9.9000E+01  4.8289E-01 -5.3511E-03
  1.0120E+02  4.8001E-01 -5.4320E-03
  1.0340E+02  4.7721E-01 -5.5119E-03
  1.0560E+02  4.7444E-01 -5.5905E-03
  1.0780E+02  4.7171E-01 -5.6679E-03
  1.1000E+02  4.6906E-01 -5.7444E-03
  1.1220E+02  4.6649E-01 -5.8203E-03
  1.1440E+02  4.6399E-01 -5.8954E-03
  1.1660E+02  4.6156E-01 -5.9698E-03
  1.1880E+02  4.5920E-01 -6.0438E-03
  1.2100E+02  4.5692E-01 -6.1172E-03
  1.2320E+02  4.5470E-01 -6.1903E-03
  1.2540E+02  4.5253E-01 -6.2629E-03
  1.2760E+02  4.5040E-01 -6.3351E-03
  1.2980E+02  4.4834E-01 -6.4067E-03
  1.3200E+02  4.4635E-01 -6.4780E-03
  1.3420E+02  4.4442E-01 -6.5488E-03
  1.3640E+02  4.4256E-01 -6.6191E-03
  1.3860E+02  4.4075E-01 -6.6891E-03
  1.4080E+02  4.3899E-01 -6.7587E-03
  1.4300E+02  4.3728E-01 -6.8281E-03
  1.4520E+02  4.3560E-01 -6.8971E-03
  1.4740E+02  4.3395E-01 -6.9658E-03
  1.4960E+02  4.3233E-01 -7.0341E-03
  1.5180E+02  4.3074E-01 -7.1020E-03
  1.5400E+02  4.2921E-01 -7.1695E-03
  1.5620E+02  4.2773E-01 -7.2367E-03
  1.5840E+02  4.2629E-01 -7.3034E-03
  1.6060E+02  4.2489E-01 -7.3699E-03
  1.6280E+02  4.2351E-01 -7.4362E-03
  1.6500E+02  4.2213E-01 -7.5021E-03
  1.6720E+02  4.2077E-01 -7.5676E-03
  1.6940E+02  4.1946E-01 -7.6329E-03
  1.7160E+02  4.1818E-01 -7.6979E-03
  1.7380E+02  4.1692E-01 -7.7625E-03
  1.7600E+02  4.1566E-01 -7.8267E-03
  1.7820E+02  4.1440E-01 -7.8907E-03
  1.8040E+02  4.1317E-01 -7.9543E-03
  1.8260E+02  4.1198E-01 -8.0177E-03
  1.8480E+02  4.1084E-01 -8.0809E-03
  1.8700E+02  4.0975E-01 -8.1438E-03
  1.8920E+02  4.0867E-01 -8.2065E-03
  1.9140E+02  4.0757E-01 -8.2689E-03
  1.9360E+02  4.0644E-01 -8.3310E-03
  1.9580E+02  4.0529E-01 -8.3929E-03
  1.9800E+02  4.0416E-01 -8.4544E-03
  2.0020E+02  4.0308E-01 -8.5157E-03
  2.0240E+02  4.0204E-01 -8.5766E-03
  2.0460E+02  4.0103E-01 -8.6374E-03
  2.0680E+02  4.0004E-01 -8.6978E-03
  2.0900E+02  3.9906E-01 -8.7580E-03
  2.1120E+02  3.9808E-01 -8.8180E-03
  2.1340E+02  3.9710E-01 -8.8778E-03
  2.1560E+02  3.9615E-01 -8.9373E-03
  2.1780E+02  3.9521E-01 -8.9966E-03
  2.2000E+02  3.9430E-01 -9.0557E-03
  2.2220E+02  3.9338E-01 -9.1146E-03
  2.2440E+02  3.9246E-01 -9.1733E-03
  2.2660E+02  3.9151E-01 -9.2316E-03
  2.2880E+02  3.9055E-01 -9.2897E-03
  2.3100E+02  3.8958E-01 -9.3474E-03
  2.3320E+02  3.8862E-01 -9.4049E-03
  2.3540E+02  3.8769E-01 -9.4621E-03
  2.3760E+02  3.8677E-01 -9.5190E-03
  2.3980E+02  3.8589E-01 -9.5759E-03
  2.4200E+02  3.8505E-01 -9.6325E-03
  2.4420E+02  3.8424E-01 -9.6891E-03
  2.4640E+02  3.8348E-01 -9.7454E-03
  2.4860E+02  3.8274E-01 -9.8016E-03
  2.5080E+02  3.8202E-01 -9.8575E-03
  2.5300E+02  3.8129E-01 -9.9132E-03
  2.5520E+02  3.8054E-01 -9.9686E-03
  2.5740E+02  3.7976E-01 -1.0024E-02
  2.5960E+02  3.7896E-01 -1.0079E-02
  2.6180E+02  3.7814E-01 -1.0133E-02
  2.6400E+02  3.7732E-01 -1.0188E-02
  2.6620E+02  3.7650E-01 -1.0242E-02
  2.6840E+02  3.7569E-01 -1.0296E-02
  2.7060E+02  3.7487E-01 -1.0351E-02
  2.7280E+02  3.7406E-01 -1.0404E-02
  2.7500E+02  3.7325E-01 -1.0458E-02
  2.7720E+02  3.7246E-01 -1.0511E-02
  2.7940E+02  3.7171E-01 -1.0565E-02
  2.8160E+02  3.7100E-01 -1.0617E-02
  2.8380E+02  3.7036E-01 -1.0670E-02
  2.8600E+02  3.6977E-01 -1.0722E-02
  2.8820E+02  3.6920E-01 -1.0775E-02
  2.9040E+02  3.6862E-01 -1.0827E-02
  2.9260E+02  3.6799E-01 -1.0879E-02
  2.9480E+02  3.6730E-01 -1.0931E-02
  2.9700E+02  3.6653E-01 -1.0983E-02
  2.9920E+02  3.6572E-01 -1.1035E-02
  3.0140E+02  3.6488E-01 -1.1086E-02
  3.0360E+02  3.6408E-01 -1.1137E-02
  3.0580E+02  3.6334E-01 -1.1188E-02
  3.0800E+02  3.6271E-01 -1.1239E-02
  3.1020E+02  3.6220E-01 -1.1290E-02
  3.1240E+02  3.6177E-01 -1.1340E-02
  3.1460E+02  3.6136E-01 -1.1390E-02
  3.1680E+02  3.6090E-01 -1.1441E-02
  3.1900E+02  3.6033E-01 -1.1491E-02
  3.2120E+02  3.5963E-01 -1.1541E-02
  3.2340E+02  3.5881E-01 -1.1591E-02
  3.2560E+02  3.5790E-01 -1.1640E-02
  3.2780E+02  3.5697E-01 -1.1689E-02
  3.3000E+02  3.5612E-01 -1.1738E-02
  3.3220E+02  3.5541E-01 -1.1787E-02
  3.3440E+02  3.5489E-01 -1.1836E-02
  3.3660E+02  3.5454E-01 -1.1884E-02
  3.3880E+02  3.5431E-01 -1.1933E-02
  3.4100E+02  3.5412E-01 -1.1981E-02
  3.4320E+02  3.5386E-01 -1.2030E-02
  3.4540E+02  3.5346E-01 -1.2079E-02
  3.4760E+02  3.5289E-01 -1.2127E-02
  3.4980E+02  3.5212E-01 -1.2175E-02
  3.5200E+02  3.5121E-01 -1.2223E-02
  3.5420E+02  3.5021E-01 -1.2271E-02
  3.5640E+02  3.4922E-01 -1.2318E-02
  3.5860E+02  3.4832E-01 -1.2364E-02
  3.6080E+02  3.4758E-01 -1.2411E-02
  3.6300E+02  3.4704E-01 -1.2457E-02
  3.6520E+02  3.4669E-01 -1.2504E-02
  3.6740E+02  3.4647E-01 -1.2550E-02
  3.6960E+02  3.4630E-01 -1.2597E-02
  3.7180E+02  3.4612E-01 -1.2644E-02
  3.7400E+02  3.4586E-01 -1.2690E-02
  3.7620E+02  3.4546E-01 -1.2737E-02
  3.7840E+02  3.4492E-01 -1.2783E-02
  3.8060E+02  3.4425E-01 -1.2829E-02
  3.8280E+02  3.4349E-01 -1.2875E-02
  3.8500E+02  3.4269E-01 -1.2920E-02
  3.8720E+02  3.4191E-01 -1.2966E-02
  3.8940E+02  3.4119E-01 -1.3011E-02
  3.9160E+02  3.4058E-01 -1.3055E-02
  3.9380E+02  3.4007E-01 -1.3100E-02
  3.9600E+02  3.3965E-01 -1.3145E-02
  3.9820E+02  3.3929E-01 -1.3190E-02
  4.0040E+02  3.3897E-01 -1.3235E-02
  4.0260E+02  3.3863E-01 -1.3280E-02
  4.0480E+02  3.3828E-01 -1.3324E-02
  4.0700E+02  3.3789E-01 -1.3369E-02
  4.0920E+02  3.3746E-01 -1.3413E-02
  4.1140E+02  3.3699E-01 -1.3457E-02
  4.1360E+02  3.3646E-01 -1.3501E-02
  4.1580E+02  3.3590E-01 -1.3545E-02
  4.1800E+02  3.3529E-01 -1.3588E-02
  4.2020E+02  3.3467E-01 -1.3632E-02
  4.2240E+02  3.3406E-01 -1.3675E-02
  4.2460E+02  3.3347E-01 -1.3718E-02
  4.2680E+02  3.3291E-01 -1.3761E-02
  4.2900E+02  3.3239E-01 -1.3804E-02
  4.3120E+02  3.3189E-01 -1.3847E-02
  4.3340E+02  3.3140E-01 -1.3890E-02
  4.3560E+02  3.3093E-01 -1.3933E-02
  4.3780E+02  3.3047E-01 -1.3975E-02
  4.4000E+02  3.3001E-01 -1.4018E-02
  4.4220E+02  3.2957E-01 -1.4060E-02
  4.4440E+02  3.2915E-01 -1.4102E-02
  4.4660E+02  3.2874E-01 -1.4144E-02
  4.4880E+02  3.2833E-01 -1.4186E-02
  4.5100E+02  3.2791E-01 -1.4228E-02
  4.5320E+02  3.2746E-01 -1.4269E-02
  4.5540E+02  3.2698E-01 -1.4311E-02
  4.5760E+02  3.2649E-01 -1.4352E-02
  4.5980E+02  3.2599E-01 -1.4394E-02
  4.6200E+02  3.2551E-01 -1.4435E-02
  4.6420E+02  3.2506E-01 -1.4476E-02
  4.6640E+02  3.2465E-01 -1.4517E-02
  4.6860E+02  3.2426E-01 -1.4558E-02
  4.7080E+02  3.2389E-01 -1.4599E-02
  4.7300E+02  3.2352E-01 -1.4640E-02
  4.7520E+02  3.2315E-01 -1.4681E-02
  4.7740E+02  3.2277E-01 -1.4721E-02
  4.7960E+02  3.2239E-01 -1.4762E-02
  4.8180E+02  3.2201E-01 -1.4802E-02
  4.8400E+02  3.2164E-01 -1.4843E-02
  4.8620E+02  3.2126E-01 -1.4883E-02
  4.8840E+02  3.2087E-01 -1.4923E-02
  4.9060E+02  3.2047E-01 -1.4963E-02
  4.9280E+02  3.2004E-01 -1.5003E-02
  4.9500E+02  3.1957E-01 -1.5042E-02
  4.9720E+02  3.1908E-01 -1.5082E-02
  4.9940E+02  3.1856E-01 -1.5122E-02
  5.0160E+02  3.1805E-01 -1.5161E-02
  5.0380E+02  3.1756E-01 -1.5200E-02
  5.0600E+02  3.1711E-01 -1.5239E-02
  5.0820E+02  3.1669E-01 -1.5278E-02
  5.1040E+02  3.1631E-01 -1.5317E-02
  5.1260E+02  3.1594E-01 -1.5356E-02
  5.1480E+02  3.1558E-01 -1.5395E-02
  5.1700E+02  3.1520E-01 -1.5434E-02
  5.1920E+02  3.1480E-01 -1.5473E-02
  5.2140E+02  3.1437E-01 -1.5511E-02
  5.2360E+02  3.1392E-01 -1.5549E-02
  5.2580E+02  3.1345E-01 -1.5588E-02
  5.2800E+02  3.1298E-01 -1.5626E-02
  5.3020E+02  3.1251E-01 -1.5664E-02
  5.3240E+02  3.1206E-01 -1.5702E-02
  5.3460E+02  3.1163E-01 -1.5739E-02
  5.3680E+02  3.1121E-01 -1.5777E-02
  5.3900E+02  3.1078E-01 -1.5815E-02
  5.4120E+02  3.1035E-01 -1.5852E-02
  5.4340E+02  3.0991E-01 -1.5890E-02
  5.4560E+02  3.0946E-01 -1.5927E-02
  5.4780E+02  3.0903E-01 -1.5964E-02
  5.5000E+02  3.0862E-01 -1.6001E-02
  5.5220E+02  3.0825E-01 -1.6039E-02
  5.5440E+02  3.0792E-01 -1.6076E-02
  5.5660E+02  3.0762E-01 -1.6113E-02
  5.5880E+02  3.0733E-01 -1.6149E-02
  5.6100E+02  3.0705E-01 -1.6186E-02
  5.6320E+02  3.0676E-01 -1.6223E-02
  5.6540E+02  3.0645E-01 -1.6260E-02
  5.6760E+02  3.0612E-01 -1.6297E-02
  5.6980E+02  3.0575E-01 -1.6333E-02
  5.7200E+02  3.0537E-01 -1.6370E-02
  5.7420E+02  3.0497E-01 -1.6406E-02
  5.7640E+02  3.0458E-01 -1.6443E-02
  5.7860E+02  3.0419E-01 -1.6479E-02
  5.8080E+02  3.0383E-01 -1.6515E-02
  5.8300E+02  3.0348E-01 -1.6551E-02
  5.8520E+02  3.0316E-01 -1.6587E-02
  5.8740E+02  3.0286E-01 -1.6623E-02
  5.8960E+02  3.0256E-01 -1.6659E-02
  5.9180E+02  3.0225E-01 -1.6694E-02
  5.9400E+02  3.0192E-01 -1.6730E-02
  5.9620E+02  3.0155E-01 -1.6766E-02
  5.9840E+02  3.0117E-01 -1.6802E-02
  6.0060E+02  3.0078E-01 -1.6837E-02
  6.0280E+02  3.0040E-01 -1.6872E-02
  6.0500E+02  3.0004E-01 -1.6908E-02
  6.0720E+02  2.9971E-01 -1.6943E-02
  6.0940E+02  2.9940E-01 -1.6978E-02
  6.1160E+02  2.9910E-01 -1.7013E-02
  6.1380E+02  2.9879E-01 -1.7048E-02
  6.1600E+02  2.9844E-01 -1.7083E-02
  6.1820E+02  2.9806E-01 -1.7118E-02
  6.2040E+02  2.9763E-01 -1.7153E-02
  6.2260E+02  2.9717E-01 -1.7187E-02
  6.2480E+02  2.9671E-01 -1.7222E-02
  6.2700E+02  2.9627E-01 -1.7256E-02
  6.2920E+02  2.9587E-01 -1.7290E-02
  6.3140E+02  2.9551E-01 -1.7324E-02
  6.3360E+02  2.9519E-01 -1.7358E-02
  6.3580E+02  2.9489E-01 -1.7392E-02
  6.3800E+02  2.9460E-01 -1.7426E-02
  6.4020E+02  2.9430E-01 -1.7460E-02
  6.4240E+02  2.9396E-01 -1.7494E-02
  6.4460E+02  2.9358E-01 -1.7528E-02
  6.4680E+02  2.9316E-01 -1.7562E-02
  6.4900E+02  2.9270E-01 -1.7595E-02
  6.5120E+02  2.9223E-01 -1.7629E-02
  6.5340E+02  2.9178E-01 -1.7662E-02
  6.5560E+02  2.9138E-01 -1.7695E-02
  6.5780E+02  2.9104E-01 -1.7729E-02
  6.6000E+02  2.9076E-01 -1.7762E-02
  6.6220E+02  2.9054E-01 -1.7795E-02
  6.6440E+02  2.9033E-01 -1.7828E-02
  6.6660E+02  2.9011E-01 -1.7861E-02
  6.6880E+02  2.8985E-01 -1.7894E-02
  6.7100E+02  2.8952E-01 -1.7927E-02
  6.7320E+02  2.8911E-01 -1.7960E-02
  6.7540E+02  2.8867E-01 -1.7993E-02
  6.7760E+02  2.8821E-01 -1.8026E-02
  6.7980E+02  2.8778E-01 -1.8058E-02
  6.8200E+02  2.8742E-01 -1.8090E-02
  6.8420E+02  2.8713E-01 -1.8123E-02
  6.8640E+02  2.8692E-01 -1.8155E-02
  6.8860E+02  2.8675E-01 -1.8188E-02
  6.9080E+02  2.8659E-01 -1.8220E-02
  6.9300E+02  2.8642E-01 -1.8252E-02
  6.9520E+02  2.8618E-01 -1.8285E-02
  6.9740E+02  2.8589E-01 -1.8317E-02
  6.9960E+02  2.8552E-01 -1.8350E-02
  7.0180E+02  2.8512E-01 -1.8382E-02
  7.0400E+02  2.8469E-01 -1.8414E-02
  7.0620E+02  2.8427E-01 -1.8446E-02
  7.0840E+02  2.8389E-01 -1.8477E-02
  7.1060E+02  2.8357E-01 -1.8509E-02
  7.1280E+02  2.8333E-01 -1.8541E-02
  7.1500E+02  2.8314E-01 -1.8573E-02
  7.1720E+02  2.8299E-01 -1.8604E-02
  7.1940E+02  2.8284E-01 -1.8636E-02
  7.2160E+02  2.8266E-01 -1.8668E-02
  7.2380E+02  2.8242E-01 -1.8700E-02
  7.2600E+02  2.8212E-01 -1.8731E-02
  7.2820E+02  2.8176E-01 -1.8763E-02
  7.3040E+02  2.8135E-01 -1.8794E-02
  7.3260E+02  2.8092E-01 -1.8826E-02
  7.3480E+02  2.8051E-01 -1.8857E-02
  7.3700E+02  2.8013E-01 -1.8888E-02
  7.3920E+02  2.7980E-01 -1.8919E-02
  7.4140E+02  2.7953E-01 -1.8950E-02
  7.4360E+02  2.7931E-01 -1.8981E-02
  7.4580E+02  2.7910E-01 -1.9012E-02
  7.4800E+02  2.7889E-01 -1.9043E-02
  7.5020E+02  2.7865E-01 -1.9074E-02
  7.5240E+02  2.7837E-01 -1.9104E-02
  7.5460E+02  2.7806E-01 -1.9135E-02
  7.5680E+02  2.7771E-01 -1.9166E-02
  7.5900E+02  2.7735E-01 -1.9196E-02
  7.6120E+02  2.7698E-01 -1.9227E-02
  7.6340E+02  2.7662E-01 -1.9257E-02
  7.6560E+02  2.7628E-01 -1.9287E-02
  7.6780E+02  2.7595E-01 -1.9317E-02
  7.7000E+02  2.7565E-01 -1.9348E-02
  7.7220E+02  2.7536E-01 -1.9378E-02
  7.7440E+02  2.7507E-01 -1.9408E-02
  7.7660E+02  2.7477E-01 -1.9438E-02
  7.7880E+02  2.7447E-01 -1.9468E-02
  7.8100E+02  2.7416E-01 -1.9498E-02
  7.8320E+02  2.7385E-01 -1.9527E-02
  7.8540E+02  2.7355E-01 -1.9557E-02
  7.8760E+02  2.7325E-01 -1.9587E-02
  7.8980E+02  2.7295E-01 -1.9616E-02
  7.9200E+02  2.7266E-01 -1.9646E-02
  7.9420E+02  2.7236E-01 -1.9675E-02
  7.9640E+02  2.7206E-01 -1.9705E-02
  7.9860E+02  2.7176E-01 -1.9734E-02
  8.0080E+02  2.7145E-01 -1.9763E-02
  8.0300E+02  2.7115E-01 -1.9792E-02
  8.0520E+02  2.7087E-01 -1.9821E-02
  8.0740E+02  2.7060E-01 -1.9851E-02
  8.0960E+02  2.7034E-01 -1.9880E-02
  8.1180E+02  2.7008E-01 -1.9909E-02
  8.1400E+02  2.6981E-01 -1.9938E-02
  8.1620E+02  2.6953E-01 -1.9967E-02
  8.1840E+02  2.6924E-01 -1.9995E-02
  8.2060E+02  2.6893E-01 -2.0024E-02
  8.2280E+02  2.6863E-01 -2.0053E-02
  8.2500E+02  2.6834E-01 -2.0082E-02
  8.2720E+02  2.6807E-01 -2.0110E-02
  8.2940E+02  2.6781E-01 -2.0139E-02
  8.3160E+02  2.6756E-01 -2.0167E-02
  8.3380E+02  2.6732E-01 -2.0196E-02
  8.3600E+02  2.6709E-01 -2.0224E-02
  8.3820E+02  2.6685E-01 -2.0253E-02
  8.4040E+02  2.6660E-01 -2.0281E-02
  8.4260E+02  2.6634E-01 -2.0309E-02
  8.4480E+02  2.6608E-01 -2.0338E-02
  8.4700E+02  2.6581E-01 -2.0366E-02
  8.4920E+02  2.6553E-01 -2.0394E-02
  8.5140E+02  2.6526E-01 -2.0422E-02
  8.5360E+02  2.6499E-01 -2.0450E-02
  8.5580E+02  2.6474E-01 -2.0478E-02
  8.5800E+02  2.6450E-01 -2.0507E-02
  8.6020E+02  2.6427E-01 -2.0534E-02
  8.6240E+02  2.6405E-01 -2.0562E-02
  8.6460E+02  2.6383E-01 -2.0590E-02
  8.6680E+02  2.6359E-01 -2.0618E-02
  8.6900E+02  2.6335E-01 -2.0646E-02
  8.7120E+02  2.6309E-01 -2.0674E-02
  8.7340E+02  2.6282E-01 -2.0702E-02
  8.7560E+02  2.6256E-01 -2.0730E-02
  8.7780E+02  2.6231E-01 -2.0757E-02
  8.8000E+02  2.6208E-01 -2.0785E-02
  8.8220E+02  2.6186E-01 -2.0812E-02
  8.8440E+02  2.6166E-01 -2.0840E-02
  8.8660E+02  2.6146E-01 -2.0868E-02
  8.8880E+02  2.6125E-01 -2.0895E-02
  8.9100E+02  2.6102E-01 -2.0923E-02
  8.9320E+02  2.6078E-01 -2.0950E-02
  8.9540E+02  2.6051E-01 -2.0977E-02
  8.9760E+02  2.6024E-01 -2.1005E-02
  8.9980E+02  2.5997E-01 -2.1032E-02
  9.0200E+02  2.5972E-01 -2.1059E-02
  9.0420E+02  2.5949E-01 -2.1087E-02
  9.0640E+02  2.5928E-01 -2.1114E-02
  9.0860E+02  2.5909E-01 -2.1141E-02
  9.1080E+02  2.5889E-01 -2.1168E-02
  9.1300E+02  2.5869E-01 -2.1195E-02
  9.1520E+02  2.5848E-01 -2.1222E-02
  9.1740E+02  2.5825E-01 -2.1249E-02
  9.1960E+02  2.5800E-01 -2.1276E-02
  9.2180E+02  2.5774E-01 -2.1303E-02
  9.2400E+02  2.5747E-01 -2.1330E-02
  9.2620E+02  2.5721E-01 -2.1357E-02
  9.2840E+02  2.5697E-01 -2.1383E-02
  9.3060E+02  2.5674E-01 -2.1410E-02
  9.3280E+02  2.5654E-01 -2.1437E-02
  9.3500E+02  2.5635E-01 -2.1463E-02
  9.3720E+02  2.5616E-01 -2.1490E-02
  9.3940E+02  2.5597E-01 -2.1517E-02
  9.4160E+02  2.5576E-01 -2.1543E-02
  9.4380E+02  2.5552E-01 -2.1570E-02
  9.4600E+02  2.5526E-01 -2.1596E-02
  9.4820E+02  2.5499E-01 -2.1623E-02
  9.5040E+02  2.5473E-01 -2.1649E-02
  9.5260E+02  2.5447E-01 -2.1675E-02
  9.5480E+02  2.5424E-01 -2.1702E-02
  9.5700E+02  2.5404E-01 -2.1728E-02
  9.5920E+02  2.5385E-01 -2.1754E-02
  9.6140E+02  2.5368E-01 -2.1780E-02
  9.6360E+02  2.5350E-01 -2.1806E-02
  9.6580E+02  2.5331E-01 -2.1832E-02
  9.6800E+02  2.5310E-01 -2.1858E-02
  9.7020E+02  2.5286E-01 -2.1885E-02
  9.7240E+02  2.5260E-01 -2.1911E-02
  9.7460E+02  2.5232E-01 -2.1936E-02
  9.7680E+02  2.5205E-01 -2.1962E-02
  9.7900E+02  2.5180E-01 -2.1988E-02
  9.8120E+02  2.5158E-01 -2.2014E-02
  9.8340E+02  2.5139E-01 -2.2039E-02
  9.8560E+02  2.5122E-01 -2.2065E-02
  9.8780E+02  2.5107E-01 -2.2091E-02
  9.9000E+02  2.5090E-01 -2.2116E-02
  9.9220E+02  2.5072E-01 -2.2142E-02
  9.9440E+02  2.5049E-01 -2.2168E-02
  9.9660E+02  2.5024E-01 -2.2193E-02
  9.9880E+02  2.4995E-01 -2.2219E-02
  1.0010E+03  2.4966E-01 -2.2244E-02
  1.0032E+03  2.4938E-01 -2.2270E-02
  1.0054E+03  2.4913E-01 -2.2295E-02
  1.0076E+03  2.4893E-01 -2.2320E-02
  1.0098E+03  2.4876E-01 -2.2345E-02
  1.0120E+03  2.4862E-01 -2.2370E-02
  1.0142E+03  2.4848E-01 -2.2396E-02
  1.0164E+03  2.4833E-01 -2.2421E-02
  1.0186E+03  2.4814E-01 -2.2446E-02
  1.0208E+03  2.4792E-01 -2.2471E-02
  1.0230E+03  2.4767E-01 -2.2496E-02
  1.0252E+03  2.4739E-01 -2.2521E-02
  1.0274E+03  2.4710E-01 -2.2546E-02
  1.0296E+03  2.4682E-01 -2.2571E-02
  1.0318E+03  2.4658E-01 -2.2596E-02
  1.0340E+03  2.4637E-01 -2.2621E-02
  1.0362E+03  2.4620E-01 -2.2645E-02
  1.0384E+03  2.4606E-01 -2.2670E-02
  1.0406E+03  2.4593E-01 -2.2695E-02
  1.0428E+03  2.4580E-01 -2.2720E-02
  1.0450E+03  2.4564E-01 -2.2744E-02
  1.0472E+03  2.4544E-01 -2.2769E-02
  1.0494E+03  2.4520E-01 -2.2794E-02
  1.0516E+03  2.4494E-01 -2.2818E-02
  1.0538E+03  2.4466E-01 -2.2843E-02
  1.0560E+03  2.4439E-01 -2.2867E-02
  1.0582E+03  2.4416E-01 -2.2892E-02
  1.0604E+03  2.4396E-01 -2.2916E-02
  1.0626E+03  2.4381E-01 -2.2940E-02
  1.0648E+03  2.4370E-01 -2.2965E-02
  1.0670E+03  2.4359E-01 -2.2989E-02
  1.0692E+03  2.4347E-01 -2.3014E-02
  1.0714E+03  2.4333E-01 -2.3038E-02
  1.0736E+03  2.4314E-01 -2.3062E-02
  1.0758E+03  2.4292E-01 -2.3087E-02
  1.0780E+03  2.4268E-01 -2.3111E-02
  1.0802E+03  2.4242E-01 -2.3135E-02
  1.0824E+03  2.4217E-01 -2.3159E-02
  1.0846E+03  2.4195E-01 -2.3183E-02
  1.0868E+03  2.4176E-01 -2.3207E-02
  1.0890E+03  2.4160E-01 -2.3231E-02
  1.0912E+03  2.4146E-01 -2.3255E-02
  1.0934E+03  2.4134E-01 -2.3279E-02
  1.0956E+03  2.4123E-01 -2.3304E-02
  1.0978E+03  2.4110E-01 -2.3328E-02
  1.1000E+03  2.4095E-01 -2.3352E-02
  1.1022E+03  2.4079E-01 -2.3376E-02
  1.1044E+03  2.4059E-01 -2.3400E-02
  1.1066E+03  2.4039E-01 -2.3424E-02
  1.1088E+03  2.4017E-01 -2.3447E-02
  1.1110E+03  2.3996E-01 -2.3471E-02
  1.1132E+03  2.3976E-01 -2.3495E-02
  1.1154E+03  2.3958E-01 -2.3519E-02
  1.1176E+03  2.3941E-01 -2.3542E-02
  1.1198E+03  2.3925E-01 -2.3566E-02
  1.1220E+03  2.3910E-01 -2.3590E-02
  1.1242E+03  2.3896E-01 -2.3614E-02
  1.1264E+03  2.3881E-01 -2.3637E-02
  1.1286E+03  2.3866E-01 -2.3661E-02
  1.1308E+03  2.3850E-01 -2.3685E-02
  1.1330E+03  2.3834E-01 -2.3708E-02
  1.1352E+03  2.3817E-01 -2.3732E-02
  1.1374E+03  2.3799E-01 -2.3755E-02
  1.1396E+03  2.3782E-01 -2.3779E-02
  1.1418E+03  2.3764E-01 -2.3802E-02
  1.1440E+03  2.3745E-01 -2.3826E-02
  1.1462E+03  2.3728E-01 -2.3849E-02
  1.1484E+03  2.3710E-01 -2.3873E-02
  1.1506E+03  2.3694E-01 -2.3896E-02
  1.1528E+03  2.3678E-01 -2.3919E-02
  1.1550E+03  2.3662E-01 -2.3943E-02
  1.1572E+03  2.3647E-01 -2.3966E-02
  1.1594E+03  2.3632E-01 -2.3990E-02
  1.1616E+03  2.3616E-01 -2.4013E-02
  1.1638E+03  2.3600E-01 -2.4036E-02
  1.1660E+03  2.3582E-01 -2.4059E-02
  1.1682E+03  2.3564E-01 -2.4083E-02
  1.1704E+03  2.3545E-01 -2.4106E-02
  1.1726E+03  2.3526E-01 -2.4129E-02
  1.1748E+03  2.3508E-01 -2.4152E-02
  1.1770E+03  2.3490E-01 -2.4175E-02
  1.1792E+03  2.3474E-01 -2.4198E-02
  1.1814E+03  2.3458E-01 -2.4221E-02
  1.1836E+03  2.3442E-01 -2.4244E-02
  1.1858E+03  2.3427E-01 -2.4267E-02
  1.1880E+03  2.3411E-01 -2.4290E-02
  1.1902E+03  2.3394E-01 -2.4313E-02
  1.1924E+03  2.3376E-01 -2.4336E-02
  1.1946E+03  2.3357E-01 -2.4359E-02
  1.1968E+03  2.3338E-01 -2.4382E-02
  1.1990E+03  2.3318E-01 -2.4404E-02
  1.2012E+03  2.3299E-01 -2.4427E-02
  1.2034E+03  2.3281E-01 -2.4450E-02
  1.2056E+03  2.3264E-01 -2.4472E-02
  1.2078E+03  2.3247E-01 -2.4495E-02
  1.2100E+03  2.3231E-01 -2.4518E-02
  1.2122E+03  2.3215E-01 -2.4540E-02
  1.2144E+03  2.3197E-01 -2.4563E-02
  1.2166E+03  2.3178E-01 -2.4585E-02
  1.2188E+03  2.3159E-01 -2.4608E-02
  1.2210E+03  2.3139E-01 -2.4630E-02
  1.2232E+03  2.3119E-01 -2.4653E-02
  1.2254E+03  2.3100E-01 -2.4675E-02
  1.2276E+03  2.3081E-01 -2.4698E-02
  1.2298E+03  2.3064E-01 -2.4720E-02
  1.2320E+03  2.3048E-01 -2.4742E-02
  1.2342E+03  2.3031E-01 -2.4764E-02
  1.2364E+03  2.3015E-01 -2.4787E-02
  1.2386E+03  2.2998E-01 -2.4809E-02
  1.2408E+03  2.2980E-01 -2.4831E-02
  1.2430E+03  2.2961E-01 -2.4853E-02
  1.2452E+03  2.2941E-01 -2.4875E-02
  1.2474E+03  2.2920E-01 -2.4897E-02
  1.2496E+03  2.2900E-01 -2.4919E-02
  1.2518E+03  2.2880E-01 -2.4941E-02
  1.2540E+03  2.2862E-01 -2.4963E-02
  1.2562E+03  2.2846E-01 -2.4985E-02
  1.2584E+03  2.2830E-01 -2.5007E-02
  1.2606E+03  2.2816E-01 -2.5029E-02
  1.2628E+03  2.2801E-01 -2.5051E-02
  1.2650E+03  2.2786E-01 -2.5073E-02
  1.2672E+03  2.2769E-01 -2.5095E-02
  1.2694E+03  2.2750E-01 -2.5116E-02
  1.2716E+03  2.2731E-01 -2.5138E-02
  1.2738E+03  2.2711E-01 -2.5160E-02
  1.2760E+03  2.2691E-01 -2.5181E-02
  1.2782E+03  2.2674E-01 -2.5203E-02
  1.2804E+03  2.2658E-01 -2.5225E-02
  1.2826E+03  2.2644E-01 -2.5246E-02
  1.2848E+03  2.2631E-01 -2.5268E-02
  1.2870E+03  2.2618E-01 -2.5289E-02
  1.2892E+03  2.2605E-01 -2.5311E-02
  1.2914E+03  2.2590E-01 -2.5332E-02
  1.2936E+03  2.2573E-01 -2.5354E-02
  1.2958E+03  2.2555E-01 -2.5375E-02
  1.2980E+03  2.2536E-01 -2.5397E-02
  1.3002E+03  2.2518E-01 -2.5418E-02
  1.3024E+03  2.2502E-01 -2.5440E-02
  1.3046E+03  2.2487E-01 -2.5461E-02
  1.3068E+03  2.2474E-01 -2.5482E-02
  1.3090E+03  2.2462E-01 -2.5504E-02
  1.3112E+03  2.2452E-01 -2.5525E-02
  1.3134E+03  2.2441E-01 -2.5546E-02
  1.3156E+03  2.2430E-01 -2.5567E-02
  1.3178E+03  2.2416E-01 -2.5589E-02
  1.3200E+03  2.2401E-01 -2.5610E-02
  1.3222E+03  2.2384E-01 -2.5631E-02
  1.3244E+03  2.2366E-01 -2.5653E-02
  1.3266E+03  2.2349E-01 -2.5674E-02
  1.3288E+03  2.2333E-01 -2.5695E-02
  1.3310E+03  2.2320E-01 -2.5716E-02
  1.3332E+03  2.2309E-01 -2.5737E-02
  1.3354E+03  2.2300E-01 -2.5758E-02
  1.3376E+03  2.2292E-01 -2.5779E-02
  1.3398E+03  2.2283E-01 -2.5800E-02
  1.3420E+03  2.2273E-01 -2.5822E-02
  1.3442E+03  2.2261E-01 -2.5843E-02
  1.3464E+03  2.2246E-01 -2.5864E-02
  1.3486E+03  2.2230E-01 -2.5885E-02
  1.3508E+03  2.2213E-01 -2.5906E-02
  1.3530E+03  2.2197E-01 -2.5927E-02
  1.3552E+03  2.2183E-01 -2.5948E-02
  1.3574E+03  2.2172E-01 -2.5969E-02
  1.3596E+03  2.2162E-01 -2.5990E-02
  1.3618E+03  2.2155E-01 -2.6011E-02
  1.3640E+03  2.2148E-01 -2.6032E-02
  1.3662E+03  2.2140E-01 -2.6053E-02
  1.3684E+03  2.2130E-01 -2.6074E-02
  1.3706E+03  2.2118E-01 -2.6095E-02
  1.3728E+03  2.2104E-01 -2.6116E-02
  1.3750E+03  2.2088E-01 -2.6136E-02
  1.3772E+03  2.2072E-01 -2.6157E-02
  1.3794E+03  2.2057E-01 -2.6178E-02
  1.3816E+03  2.2043E-01 -2.6199E-02
  1.3838E+03  2.2032E-01 -2.6220E-02
  1.3860E+03  2.2024E-01 -2.6241E-02
  1.3882E+03  2.2017E-01 -2.6261E-02
  1.3904E+03  2.2011E-01 -2.6282E-02
  1.3926E+03  2.2003E-01 -2.6303E-02
  1.3948E+03  2.1994E-01 -2.6324E-02
  1.3970E+03  2.1982E-01 -2.6345E-02
  1.3992E+03  2.1968E-01 -2.6365E-02
  1.4014E+03  2.1952E-01 -2.6386E-02
  1.4036E+03  2.1936E-01 -2.6407E-02
  1.4058E+03  2.1921E-01 -2.6428E-02
  1.4080E+03  2.1908E-01 -2.6448E-02
  1.4102E+03  2.1897E-01 -2.6469E-02
  1.4124E+03  2.1888E-01 -2.6489E-02
  1.4146E+03  2.1881E-01 -2.6510E-02
  1.4168E+03  2.1874E-01 -2.6531E-02
  1.4190E+03  2.1866E-01 -2.6551E-02
  1.4212E+03  2.1856E-01 -2.6572E-02
  1.4234E+03  2.1844E-01 -2.6593E-02
  1.4256E+03  2.1831E-01 -2.6613E-02
  1.4278E+03  2.1816E-01 -2.6634E-02
  1.4300E+03  2.1800E-01 -2.6655E-02
  1.4322E+03  2.1785E-01 -2.6675E-02
  1.4344E+03  2.1771E-01 -2.6696E-02
  1.4366E+03  2.1759E-01 -2.6716E-02
  1.4388E+03  2.1748E-01 -2.6736E-02
  1.4410E+03  2.1739E-01 -2.6757E-02
  1.4432E+03  2.1730E-01 -2.6777E-02
  1.4454E+03  2.1721E-01 -2.6798E-02
  1.4476E+03  2.1712E-01 -2.6818E-02
  1.4498E+03  2.1700E-01 -2.6839E-02
  1.4520E+03  2.1687E-01 -2.6859E-02
  1.4542E+03  2.1673E-01 -2.6880E-02
  1.4564E+03  2.1659E-01 -2.6900E-02
  1.4586E+03  2.1644E-01 -2.6920E-02
  1.4608E+03  2.1629E-01 -2.6940E-02
  1.4630E+03  2.1616E-01 -2.6961E-02
  1.4652E+03  2.1603E-01 -2.6981E-02
  1.4674E+03  2.1591E-01 -2.7001E-02
  1.4696E+03  2.1579E-01 -2.7021E-02
  1.4718E+03  2.1568E-01 -2.7042E-02
  1.4740E+03  2.1557E-01 -2.7062E-02
  1.4762E+03  2.1545E-01 -2.7082E-02
  1.4784E+03  2.1533E-01 -2.7102E-02
  1.4806E+03  2.1521E-01 -2.7122E-02
  1.4828E+03  2.1508E-01 -2.7142E-02
  1.4850E+03  2.1494E-01 -2.7163E-02
  1.4872E+03  2.1479E-01 -2.7183E-02
  1.4894E+03  2.1465E-01 -2.7203E-02
  1.4916E+03  2.1450E-01 -2.7223E-02
  1.4938E+03  2.1435E-01 -2.7243E-02
  1.4960E+03  2.1422E-01 -2.7263E-02
  1.4982E+03  2.1408E-01 -2.7282E-02
  1.5004E+03  2.1396E-01 -2.7302E-02
  1.5026E+03  2.1384E-01 -2.7322E-02
  1.5048E+03  2.1372E-01 -2.7342E-02
  1.5070E+03  2.1359E-01 -2.7362E-02
  1.5092E+03  2.1347E-01 -2.7382E-02
  1.5114E+03  2.1333E-01 -2.7402E-02
  1.5136E+03  2.1319E-01 -2.7422E-02
  1.5158E+03  2.1305E-01 -2.7441E-02
  1.5180E+03  2.1290E-01 -2.7461E-02
  1.5202E+03  2.1275E-01 -2.7481E-02
  1.5224E+03  2.1260E-01 -2.7500E-02
  1.5246E+03  2.1246E-01 -2.7520E-02
  1.5268E+03  2.1232E-01 -2.7540E-02
  1.5290E+03  2.1219E-01 -2.7559E-02
  1.5312E+03  2.1207E-01 -2.7579E-02
  1.5334E+03  2.1195E-01 -2.7599E-02
  1.5356E+03  2.1182E-01 -2.7618E-02
  1.5378E+03  2.1170E-01 -2.7638E-02
  1.5400E+03  2.1156E-01 -2.7657E-02
  1.5422E+03  2.1142E-01 -2.7677E-02
  1.5444E+03  2.1128E-01 -2.7696E-02
  1.5466E+03  2.1113E-01 -2.7716E-02
  1.5488E+03  2.1098E-01 -2.7735E-02
  1.5510E+03  2.1084E-01 -2.7754E-02
  1.5532E+03  2.1071E-01 -2.7774E-02
  1.5554E+03  2.1059E-01 -2.7793E-02
  1.5576E+03  2.1047E-01 -2.7812E-02
  1.5598E+03  2.1035E-01 -2.7832E-02
  1.5620E+03  2.1023E-01 -2.7851E-02
  1.5642E+03  2.1011E-01 -2.7870E-02
  1.5664E+03  2.0998E-01 -2.7890E-02
  1.5686E+03  2.0984E-01 -2.7909E-02
  1.5708E+03  2.0969E-01 -2.7928E-02
  1.5730E+03  2.0955E-01 -2.7947E-02
  1.5752E+03  2.0942E-01 -2.7967E-02
  1.5774E+03  2.0929E-01 -2.7986E-02
  1.5796E+03  2.0917E-01 -2.8005E-02
  1.5818E+03  2.0906E-01 -2.8024E-02
  1.5840E+03  2.0895E-01 -2.8043E-02
  1.5862E+03  2.0885E-01 -2.8062E-02
  1.5884E+03  2.0874E-01 -2.8081E-02
  1.5906E+03  2.0862E-01 -2.8100E-02
  1.5928E+03  2.0849E-01 -2.8119E-02
  1.5950E+03  2.0836E-01 -2.8138E-02
  1.5972E+03  2.0822E-01 -2.8157E-02
  1.5994E+03  2.0809E-01 -2.8176E-02
  1.6016E+03  2.0796E-01 -2.8195E-02
  1.6038E+03  2.0784E-01 -2.8214E-02
  1.6060E+03  2.0774E-01 -2.8233E-02
  1.6082E+03  2.0765E-01 -2.8252E-02
  1.6104E+03  2.0756E-01 -2.8271E-02
  1.6126E+03  2.0747E-01 -2.8290E-02
  1.6148E+03  2.0736E-01 -2.8309E-02
  1.6170E+03  2.0725E-01 -2.8328E-02
  1.6192E+03  2.0713E-01 -2.8346E-02
  1.6214E+03  2.0700E-01 -2.8365E-02
  1.6236E+03  2.0687E-01 -2.8384E-02
  1.6258E+03  2.0674E-01 -2.8403E-02
  1.6280E+03  2.0663E-01 -2.8422E-02
  1.6302E+03  2.0653E-01 -2.8440E-02
  1.6324E+03  2.0644E-01 -2.8459E-02
  1.6346E+03  2.0636E-01 -2.8478E-02
  1.6368E+03  2.0628E-01 -2.8497E-02
  1.6390E+03  2.0619E-01 -2.8515E-02
  1.6412E+03  2.0610E-01 -2.8534E-02
  1.6434E+03  2.0599E-01 -2.8553E-02
  1.6456E+03  2.0587E-01 -2.8572E-02
  1.6478E+03  2.0574E-01 -2.8590E-02
  1.6500E+03  2.0562E-01 -2.8609E-02
  1.6522E+03  2.0550E-01 -2.8627E-02
  1.6544E+03  2.0540E-01 -2.8646E-02
  1.6566E+03  2.0531E-01 -2.8665E-02
  1.6588E+03  2.0524E-01 -2.8683E-02
  1.6610E+03  2.0517E-01 -2.8702E-02
  1.6632E+03  2.0510E-01 -2.8721E-02
  1.6654E+03  2.0502E-01 -2.8739E-02
  1.6676E+03  2.0492E-01 -2.8758E-02
  1.6698E+03  2.0482E-01 -2.8776E-02
  1.6720E+03  2.0470E-01 -2.8795E-02
  1.6742E+03  2.0457E-01 -2.8813E-02
  1.6764E+03  2.0445E-01 -2.8832E-02
  1.6786E+03  2.0434E-01 -2.8850E-02
  1.6808E+03  2.0425E-01 -2.8869E-02
  1.6830E+03  2.0418E-01 -2.8887E-02
  1.6852E+03  2.0411E-01 -2.8906E-02
  1.6874E+03  2.0405E-01 -2.8924E-02
  1.6896E+03  2.0398E-01 -2.8943E-02
  1.6918E+03  2.0390E-01 -2.8961E-02
  1.6940E+03  2.0381E-01 -2.8980E-02
  1.6962E+03  2.0370E-01 -2.8998E-02
  1.6984E+03  2.0358E-01 -2.9017E-02
  1.7006E+03  2.0347E-01 -2.9035E-02
  1.7028E+03  2.0335E-01 -2.9054E-02
  1.7050E+03  2.0325E-01 -2.9072E-02
  1.7072E+03  2.0316E-01 -2.9090E-02
  1.7094E+03  2.0308E-01 -2.9109E-02
  1.7116E+03  2.0302E-01 -2.9127E-02
  1.7138E+03  2.0296E-01 -2.9145E-02
  1.7160E+03  2.0289E-01 -2.9164E-02
  1.7182E+03  2.0282E-01 -2.9182E-02
  1.7204E+03  2.0272E-01 -2.9200E-02
  1.7226E+03  2.0262E-01 -2.9219E-02
  1.7248E+03  2.0250E-01 -2.9237E-02
  1.7270E+03  2.0238E-01 -2.9255E-02
  1.7292E+03  2.0227E-01 -2.9274E-02
  1.7314E+03  2.0217E-01 -2.9292E-02
  1.7336E+03  2.0209E-01 -2.9310E-02
  1.7358E+03  2.0202E-01 -2.9328E-02
  1.7380E+03  2.0195E-01 -2.9346E-02
  1.7402E+03  2.0189E-01 -2.9365E-02
  1.7424E+03  2.0182E-01 -2.9383E-02
  1.7446E+03  2.0174E-01 -2.9401E-02
  1.7468E+03  2.0165E-01 -2.9419E-02
  1.7490E+03  2.0154E-01 -2.9438E-02
  1.7512E+03  2.0143E-01 -2.9456E-02
  1.7534E+03  2.0131E-01 -2.9474E-02
  1.7556E+03  2.0120E-01 -2.9492E-02
  1.7578E+03  2.0110E-01 -2.9510E-02
  1.7600E+03  2.0101E-01 -2.9528E-02
  1.7622E+03  2.0094E-01 -2.9546E-02
  1.7644E+03  2.0087E-01 -2.9564E-02
  1.7666E+03  2.0080E-01 -2.9583E-02
  1.7688E+03  2.0073E-01 -2.9601E-02
  1.7710E+03  2.0065E-01 -2.9619E-02
  1.7732E+03  2.0056E-01 -2.9637E-02
  1.7754E+03  2.0045E-01 -2.9655E-02
  1.7776E+03  2.0034E-01 -2.9673E-02
  1.7798E+03  2.0023E-01 -2.9691E-02
  1.7820E+03  2.0012E-01 -2.9709E-02
  1.7842E+03  2.0002E-01 -2.9727E-02
  1.7864E+03  1.9992E-01 -2.9745E-02
  1.7886E+03  1.9984E-01 -2.9763E-02
  1.7908E+03  1.9976E-01 -2.9781E-02
  1.7930E+03  1.9968E-01 -2.9799E-02
  1.7952E+03  1.9960E-01 -2.9817E-02
  1.7974E+03  1.9952E-01 -2.9835E-02
  1.7996E+03  1.9942E-01 -2.9852E-02
  1.8018E+03  1.9932E-01 -2.9870E-02
  1.8040E+03  1.9922E-01 -2.9888E-02
  1.8062E+03  1.9911E-01 -2.9906E-02
  1.8084E+03  1.9900E-01 -2.9924E-02
  1.8106E+03  1.9890E-01 -2.9942E-02
  1.8128E+03  1.9880E-01 -2.9960E-02
  1.8150E+03  1.9870E-01 -2.9977E-02
  1.8172E+03  1.9861E-01 -2.9995E-02
  1.8194E+03  1.9852E-01 -3.0013E-02
  1.8216E+03  1.9843E-01 -3.0031E-02
  1.8238E+03  1.9834E-01 -3.0048E-02
  1.8260E+03  1.9825E-01 -3.0066E-02
  1.8282E+03  1.9815E-01 -3.0084E-02
  1.8304E+03  1.9806E-01 -3.0102E-02
  1.8326E+03  1.9795E-01 -3.0119E-02
  1.8348E+03  1.9785E-01 -3.0137E-02
  1.8370E+03  1.9774E-01 -3.0155E-02
  1.8392E+03  1.9763E-01 -3.0172E-02
  1.8414E+03  1.9752E-01 -3.0190E-02
  1.8436E+03  1.9742E-01 -3.0207E-02
  1.8458E+03  1.9732E-01 -3.0225E-02
  1.8480E+03  1.9722E-01 -3.0243E-02
  1.8502E+03  1.9713E-01 -3.0260E-02
  1.8524E+03  1.9704E-01 -3.0278E-02
  1.8546E+03  1.9695E-01 -3.0295E-02
  1.8568E+03  1.9685E-01 -3.0313E-02
  1.8590E+03  1.9676E-01 -3.0330E-02
  1.8612E+03  1.9666E-01 -3.0348E-02
  1.8634E+03  1.9656E-01 -3.0365E-02
  1.8656E+03  1.9645E-01 -3.0383E-02
  1.8678E+03  1.9634E-01 -3.0400E-02
  1.8700E+03  1.9623E-01 -3.0418E-02
  1.8722E+03  1.9613E-01 -3.0435E-02
  1.8744E+03  1.9602E-01 -3.0452E-02
  1.8766E+03  1.9593E-01 -3.0470E-02
  1.8788E+03  1.9584E-01 -3.0487E-02
  1.8810E+03  1.9575E-01 -3.0505E-02
  1.8832E+03  1.9567E-01 -3.0522E-02
  1.8854E+03  1.9558E-01 -3.0539E-02
  1.8876E+03  1.9549E-01 -3.0557E-02
  1.8898E+03  1.9539E-01 -3.0574E-02
  1.8920E+03  1.9528E-01 -3.0591E-02
  1.8942E+03  1.9518E-01 -3.0609E-02
  1.8964E+03  1.9507E-01 -3.0626E-02
  1.8986E+03  1.9497E-01 -3.0643E-02
  1.9008E+03  1.9487E-01 -3.0660E-02
  1.9030E+03  1.9478E-01 -3.0677E-02
  1.9052E+03  1.9469E-01 -3.0695E-02
  1.9074E+03  1.9461E-01 -3.0712E-02
  1.9096E+03  1.9453E-01 -3.0729E-02
  1.9118E+03  1.9445E-01 -3.0746E-02
  1.9140E+03  1.9436E-01 -3.0763E-02
  1.9162E+03  1.9427E-01 -3.0781E-02
  1.9184E+03  1.9417E-01 -3.0798E-02
  1.9206E+03  1.9407E-01 -3.0815E-02
  1.9228E+03  1.9396E-01 -3.0832E-02
  1.9250E+03  1.9387E-01 -3.0849E-02
  1.9272E+03  1.9378E-01 -3.0866E-02
  1.9294E+03  1.9369E-01 -3.0883E-02
  1.9316E+03  1.9362E-01 -3.0900E-02
  1.9338E+03  1.9355E-01 -3.0917E-02
  1.9360E+03  1.9347E-01 -3.0934E-02
  1.9382E+03  1.9339E-01 -3.0951E-02
  1.9404E+03  1.9331E-01 -3.0968E-02
  1.9426E+03  1.9322E-01 -3.0985E-02
  1.9448E+03  1.9312E-01 -3.1002E-02
  1.9470E+03  1.9302E-01 -3.1019E-02
  1.9492E+03  1.9292E-01 -3.1036E-02
  1.9514E+03  1.9283E-01 -3.1053E-02
  1.9536E+03  1.9275E-01 -3.1070E-02
  1.9558E+03  1.9268E-01 -3.1087E-02
  1.9580E+03  1.9261E-01 -3.1104E-02
  1.9602E+03  1.9254E-01 -3.1121E-02
  1.9624E+03  1.9247E-01 -3.1138E-02
  1.9646E+03  1.9240E-01 -3.1155E-02
  1.9668E+03  1.9231E-01 -3.1172E-02
  1.9690E+03  1.9222E-01 -3.1189E-02
  1.9712E+03  1.9212E-01 -3.1206E-02
  1.9734E+03  1.9203E-01 -3.1222E-02
  1.9756E+03  1.9193E-01 -3.1239E-02
  1.9778E+03  1.9185E-01 -3.1256E-02
  1.9800E+03  1.9177E-01 -3.1273E-02
  1.9822E+03  1.9171E-01 -3.1290E-02
  1.9844E+03  1.9164E-01 -3.1307E-02
  1.9866E+03  1.9158E-01 -3.1323E-02
  1.9888E+03  1.9151E-01 -3.1340E-02
  1.9910E+03  1.9143E-01 -3.1357E-02
  1.9932E+03  1.9135E-01 -3.1374E-02
  1.9954E+03  1.9125E-01 -3.1391E-02
  1.9976E+03  1.9116E-01 -3.1407E-02
  1.9998E+03  1.9106E-01 -3.1424E-02
  2.0020E+03  1.9097E-01 -3.1441E-02
  2.0042E+03  1.9089E-01 -3.1457E-02
  2.0064E+03  1.9082E-01 -3.1474E-02
  2.0086E+03  1.9076E-01 -3.1491E-02
  2.0108E+03  1.9070E-01 -3.1508E-02
  2.0130E+03  1.9064E-01 -3.1524E-02
  2.0152E+03  1.9057E-01 -3.1541E-02
  2.0174E+03  1.9049E-01 -3.1558E-02
  2.0196E+03  1.9040E-01 -3.1574E-02
  2.0218E+03  1.9030E-01 -3.1591E-02
  2.0240E+03  1.9021E-01 -3.1608E-02
  2.0262E+03  1.9011E-01 -3.1624E-02
  2.0284E+03  1.9002E-01 -3.1641E-02
  2.0306E+03  1.8995E-01 -3.1657E-02
  2.0328E+03  1.8988E-01 -3.1674E-02
  2.0350E+03  1.8981E-01 -3.1690E-02
  2.0372E+03  1.8975E-01 -3.1707E-02
  2.0394E+03  1.8969E-01 -3.1724E-02
  2.0416E+03  1.8962E-01 -3.1740E-02
  2.0438E+03  1.8954E-01 -3.1757E-02
  2.0460E+03  1.8945E-01 -3.1773E-02
  2.0482E+03  1.8935E-01 -3.1790E-02
  2.0504E+03  1.8926E-01 -3.1806E-02
  2.0526E+03  1.8916E-01 -3.1823E-02
  2.0548E+03  1.8907E-01 -3.1839E-02
  2.0570E+03  1.8900E-01 -3.1856E-02
  2.0592E+03  1.8893E-01 -3.1872E-02
  2.0614E+03  1.8887E-01 -3.1889E-02
  2.0636E+03  1.8880E-01 -3.1905E-02
  2.0658E+03  1.8874E-01 -3.1921E-02
  2.0680E+03  1.8867E-01 -3.1938E-02
  2.0702E+03  1.8858E-01 -3.1954E-02
  2.0724E+03  1.8849E-01 -3.1971E-02
  2.0746E+03  1.8839E-01 -3.1987E-02
  2.0768E+03  1.8830E-01 -3.2003E-02
  2.0790E+03  1.8821E-01 -3.2020E-02
  2.0812E+03  1.8812E-01 -3.2036E-02
  2.0834E+03  1.8804E-01 -3.2052E-02
  2.0856E+03  1.8797E-01 -3.2069E-02
  2.0878E+03  1.8791E-01 -3.2085E-02
  2.0900E+03  1.8785E-01 -3.2101E-02
  2.0922E+03  1.8778E-01 -3.2118E-02
  2.0944E+03  1.8770E-01 -3.2134E-02
  2.0966E+03  1.8762E-01 -3.2150E-02
  2.0988E+03  1.8753E-01 -3.2166E-02
  2.1010E+03  1.8743E-01 -3.2183E-02
  2.1032E+03  1.8734E-01 -3.2199E-02
  2.1054E+03  1.8725E-01 -3.2215E-02
  2.1076E+03  1.8716E-01 -3.2231E-02
  2.1098E+03  1.8708E-01 -3.2247E-02
  2.1120E+03  1.8701E-01 -3.2264E-02
  2.1142E+03  1.8695E-01 -3.2280E-02
  2.1164E+03  1.8688E-01 -3.2296E-02
  2.1186E+03  1.8681E-01 -3.2312E-02
  2.1208E+03  1.8673E-01 -3.2328E-02
  2.1230E+03  1.8665E-01 -3.2344E-02
  2.1252E+03  1.8656E-01 -3.2361E-02
  2.1274E+03  1.8647E-01 -3.2377E-02
  2.1296E+03  1.8638E-01 -3.2393E-02
  2.1318E+03  1.8629E-01 -3.2409E-02
  2.1340E+03  1.8621E-01 -3.2425E-02
  2.1362E+03  1.8613E-01 -3.2441E-02
  2.1384E+03  1.8605E-01 -3.2457E-02
  2.1406E+03  1.8598E-01 -3.2473E-02
  2.1428E+03  1.8591E-01 -3.2489E-02
  2.1450E+03  1.8583E-01 -3.2505E-02
  2.1472E+03  1.8576E-01 -3.2521E-02
  2.1494E+03  1.8568E-01 -3.2537E-02
  2.1516E+03  1.8560E-01 -3.2553E-02
  2.1538E+03  1.8551E-01 -3.2569E-02
  2.1560E+03  1.8543E-01 -3.2585E-02
  2.1582E+03  1.8534E-01 -3.2601E-02
  2.1604E+03  1.8525E-01 -3.2617E-02
  2.1626E+03  1.8517E-01 -3.2633E-02
  2.1648E+03  1.8509E-01 -3.2649E-02
  2.1670E+03  1.8502E-01 -3.2665E-02
  2.1692E+03  1.8494E-01 -3.2681E-02
  2.1714E+03  1.8487E-01 -3.2696E-02
  2.1736E+03  1.8479E-01 -3.2712E-02
  2.1758E+03  1.8471E-01 -3.2728E-02
  2.1780E+03  1.8464E-01 -3.2744E-02
  2.1802E+03  1.8456E-01 -3.2760E-02
  2.1824E+03  1.8448E-01 -3.2776E-02
  2.1846E+03  1.8439E-01 -3.2792E-02
  2.1868E+03  1.8431E-01 -3.2807E-02
  2.1890E+03  1.8422E-01 -3.2823E-02
  2.1912E+03  1.8414E-01 -3.2839E-02
  2.1934E+03  1.8406E-01 -3.2855E-02
  2.1956E+03  1.8398E-01 -3.2871E-02
  2.1978E+03  1.8390E-01 -3.2886E-02
  2.2000E+03  1.8383E-01 -3.2902E-02
  2.2022E+03  1.8375E-01 -3.2918E-02
  2.2044E+03  1.8368E-01 -3.2933E-02
  2.2066E+03  1.8361E-01 -3.2949E-02
  2.2088E+03  1.8353E-01 -3.2965E-02
  2.2110E+03  1.8345E-01 -3.2981E-02
  2.2132E+03  1.8337E-01 -3.2996E-02
  2.2154E+03  1.8329E-01 -3.3012E-02
  2.2176E+03  1.8320E-01 -3.3028E-02
  2.2198E+03  1.8311E-01 -3.3043E-02
  2.2220E+03  1.8303E-01 -3.3059E-02
  2.2242E+03  1.8295E-01 -3.3075E-02
  2.2264E+03  1.8288E-01 -3.3090E-02
  2.2286E+03  1.8281E-01 -3.3106E-02
  2.2308E+03  1.8274E-01 -3.3121E-02
  2.2330E+03  1.8267E-01 -3.3137E-02
  2.2352E+03  1.8260E-01 -3.3153E-02
  2.2374E+03  1.8252E-01 -3.3168E-02
  2.2396E+03  1.8245E-01 -3.3184E-02
  2.2418E+03  1.8236E-01 -3.3199E-02
  2.2440E+03  1.8228E-01 -3.3215E-02
  2.2462E+03  1.8219E-01 -3.3230E-02
  2.2484E+03  1.8211E-01 -3.3246E-02
  2.2506E+03  1.8203E-01 -3.3261E-02
  2.2528E+03  1.8196E-01 -3.3277E-02
  2.2550E+03  1.8189E-01 -3.3292E-02
  2.2572E+03  1.8183E-01 -3.3308E-02
  2.2594E+03  1.8176E-01 -3.3323E-02
  2.2616E+03  1.8170E-01 -3.3339E-02
  2.2638E+03  1.8162E-01 -3.3354E-02
  2.2660E+03  1.8154E-01 -3.3370E-02
  2.2682E+03  1.8146E-01 -3.3385E-02
  2.2704E+03  1.8138E-01 -3.3400E-02
  2.2726E+03  1.8130E-01 -3.3416E-02
  2.2748E+03  1.8122E-01 -3.3431E-02
  2.2770E+03  1.8115E-01 -3.3447E-02
  2.2792E+03  1.8108E-01 -3.3462E-02
  2.2814E+03  1.8102E-01 -3.3477E-02
  2.2836E+03  1.8096E-01 -3.3493E-02
  2.2858E+03  1.8090E-01 -3.3508E-02
  2.2880E+03  1.8083E-01 -3.3524E-02
  2.2902E+03  1.8076E-01 -3.3539E-02
  2.2924E+03  1.8068E-01 -3.3554E-02
  2.2946E+03  1.8061E-01 -3.3570E-02
  2.2968E+03  1.8053E-01 -3.3585E-02
  2.2990E+03  1.8045E-01 -3.3600E-02
  2.3012E+03  1.8038E-01 -3.3615E-02
  2.3034E+03  1.8031E-01 -3.3631E-02
  2.3056E+03  1.8025E-01 -3.3646E-02
  2.3078E+03  1.8019E-01 -3.3661E-02
  2.3100E+03  1.8014E-01 -3.3677E-02
  2.3122E+03  1.8008E-01 -3.3692E-02
  2.3144E+03  1.8002E-01 -3.3707E-02
  2.3166E+03  1.7995E-01 -3.3722E-02
  2.3188E+03  1.7987E-01 -3.3738E-02
  2.3210E+03  1.7980E-01 -3.3753E-02
  2.3232E+03  1.7972E-01 -3.3768E-02
  2.3254E+03  1.7965E-01 -3.3783E-02
  2.3276E+03  1.7958E-01 -3.3799E-02
  2.3298E+03  1.7952E-01 -3.3814E-02
  2.3320E+03  1.7947E-01 -3.3829E-02
  2.3342E+03  1.7942E-01 -3.3844E-02
  2.3364E+03  1.7937E-01 -3.3859E-02
  2.3386E+03  1.7931E-01 -3.3875E-02
  2.3408E+03  1.7925E-01 -3.3890E-02
  2.3430E+03  1.7918E-01 -3.3905E-02
  2.3452E+03  1.7911E-01 -3.3920E-02
  2.3474E+03  1.7904E-01 -3.3935E-02
  2.3496E+03  1.7896E-01 -3.3950E-02
  2.3518E+03  1.7890E-01 -3.3965E-02
  2.3540E+03  1.7883E-01 -3.3981E-02
  2.3562E+03  1.7878E-01 -3.3996E-02
  2.3584E+03  1.7873E-01 -3.4011E-02
  2.3606E+03  1.7868E-01 -3.4026E-02
  2.3628E+03  1.7863E-01 -3.4041E-02
  2.3650E+03  1.7858E-01 -3.4056E-02
  2.3672E+03  1.7852E-01 -3.4071E-02
  2.3694E+03  1.7845E-01 -3.4086E-02
  2.3716E+03  1.7838E-01 -3.4101E-02
  2.3738E+03  1.7831E-01 -3.4117E-02
  2.3760E+03  1.7824E-01 -3.4132E-02
  2.3782E+03  1.7817E-01 -3.4147E-02
  2.3804E+03  1.7812E-01 -3.4162E-02
  2.3826E+03  1.7806E-01 -3.4177E-02
  2.3848E+03  1.7802E-01 -3.4192E-02
  2.3870E+03  1.7797E-01 -3.4207E-02
  2.3892E+03  1.7792E-01 -3.4222E-02
  2.3914E+03  1.7787E-01 -3.4237E-02
  2.3936E+03  1.7781E-01 -3.4252E-02
  2.3958E+03  1.7774E-01 -3.4267E-02
  2.3980E+03  1.7767E-01 -3.4282E-02
  2.4002E+03  1.7760E-01 -3.4297E-02
  2.4024E+03  1.7753E-01 -3.4312E-02
  2.4046E+03  1.7747E-01 -3.4327E-02
  2.4068E+03  1.7741E-01 -3.4342E-02
  2.4090E+03  1.7736E-01 -3.4357E-02
  2.4112E+03  1.7731E-01 -3.4372E-02
  2.4134E+03  1.7727E-01 -3.4387E-02
  2.4156E+03  1.7721E-01 -3.4402E-02
  2.4178E+03  1.7716E-01 -3.4417E-02
  2.4200E+03  1.7710E-01 -3.4432E-02
  2.4222E+03  1.7703E-01 -3.4447E-02
  2.4244E+03  1.7696E-01 -3.4461E-02
  2.4266E+03  1.7689E-01 -3.4476E-02
  2.4288E+03  1.7683E-01 -3.4491E-02
  2.4310E+03  1.7677E-01 -3.4506E-02
  2.4332E+03  1.7671E-01 -3.4521E-02
  2.4354E+03  1.7666E-01 -3.4536E-02
  2.4376E+03  1.7661E-01 -3.4551E-02
  2.4398E+03  1.7656E-01 -3.4566E-02
  2.4420E+03  1.7650E-01 -3.4580E-02
  2.4442E+03  1.7645E-01 -3.4595E-02
  2.4464E+03  1.7638E-01 -3.4610E-02
  2.4486E+03  1.7632E-01 -3.4625E-02
  2.4508E+03  1.7625E-01 -3.4640E-02
  2.4530E+03  1.7618E-01 -3.4655E-02
  2.4552E+03  1.7611E-01 -3.4670E-02
  2.4574E+03  1.7605E-01 -3.4684E-02
  2.4596E+03  1.7599E-01 -3.4699E-02
  2.4618E+03  1.7594E-01 -3.4714E-02
  2.4640E+03  1.7588E-01 -3.4729E-02
  2.4662E+03  1.7583E-01 -3.4743E-02
  2.4684E+03  1.7577E-01 -3.4758E-02
  2.4706E+03  1.7571E-01 -3.4773E-02
  2.4728E+03  1.7565E-01 -3.4788E-02
  2.4750E+03  1.7559E-01 -3.4802E-02
  2.4772E+03  1.7552E-01 -3.4817E-02
  2.4794E+03  1.7545E-01 -3.4832E-02
  2.4816E+03  1.7538E-01 -3.4847E-02
  2.4838E+03  1.7532E-01 -3.4861E-02
  2.4860E+03  1.7526E-01 -3.4876E-02
  2.4882E+03  1.7520E-01 -3.4891E-02
  2.4904E+03  1.7514E-01 -3.4905E-02
  2.4926E+03  1.7508E-01 -3.4920E-02
  2.4948E+03  1.7502E-01 -3.4935E-02
  2.4970E+03  1.7496E-01 -3.4949E-02
  2.4992E+03  1.7490E-01 -3.4964E-02
  2.5014E+03  1.7483E-01 -3.4979E-02
  2.5036E+03  1.7477E-01 -3.4993E-02
  2.5058E+03  1.7470E-01 -3.5008E-02
  2.5080E+03  1.7463E-01 -3.5022E-02
  2.5102E+03  1.7457E-01 -3.5037E-02
  2.5124E+03  1.7450E-01 -3.5052E-02
  2.5146E+03  1.7444E-01 -3.5066E-02
  2.5168E+03  1.7437E-01 -3.5081E-02
  2.5190E+03  1.7431E-01 -3.5095E-02
  2.5212E+03  1.7425E-01 -3.5110E-02
  2.5234E+03  1.7418E-01 -3.5124E-02
  2.5256E+03  1.7412E-01 -3.5139E-02
  2.5278E+03  1.7406E-01 -3.5154E-02
  2.5300E+03  1.7399E-01 -3.5168E-02
  2.5322E+03  1.7393E-01 -3.5183E-02
  2.5344E+03  1.7386E-01 -3.5197E-02
  2.5366E+03  1.7379E-01 -3.5212E-02
  2.5388E+03  1.7372E-01 -3.5226E-02
  2.5410E+03  1.7365E-01 -3.5240E-02
  2.5432E+03  1.7359E-01 -3.5255E-02
  2.5454E+03  1.7352E-01 -3.5269E-02
  2.5476E+03  1.7345E-01 -3.5284E-02
  2.5498E+03  1.7339E-01 -3.5298E-02
  2.5520E+03  1.7333E-01 -3.5313E-02
  2.5542E+03  1.7327E-01 -3.5327E-02
  2.5564E+03  1.7320E-01 -3.5341E-02
  2.5586E+03  1.7314E-01 -3.5356E-02
  2.5608E+03  1.7307E-01 -3.5370E-02
  2.5630E+03  1.7300E-01 -3.5385E-02
  2.5652E+03  1.7293E-01 -3.5399E-02
  2.5674E+03  1.7286E-01 -3.5413E-02
  2.5696E+03  1.7279E-01 -3.5428E-02
  2.5718E+03  1.7272E-01 -3.5442E-02
  2.5740E+03  1.7265E-01 -3.5456E-02
  2.5762E+03  1.7259E-01 -3.5471E-02
  2.5784E+03  1.7252E-01 -3.5485E-02
  2.5806E+03  1.7246E-01 -3.5499E-02
  2.5828E+03  1.7240E-01 -3.5513E-02
  2.5850E+03  1.7234E-01 -3.5528E-02
  2.5872E+03  1.7227E-01 -3.5542E-02
  2.5894E+03  1.7220E-01 -3.5556E-02
  2.5916E+03  1.7213E-01 -3.5570E-02
  2.5938E+03  1.7205E-01 -3.5585E-02
  2.5960E+03  1.7198E-01 -3.5599E-02
  2.5982E+03  1.7191E-01 -3.5613E-02
  2.6004E+03  1.7184E-01 -3.5627E-02
  2.6026E+03  1.7178E-01 -3.5641E-02
  2.6048E+03  1.7172E-01 -3.5656E-02
  2.6070E+03  1.7166E-01 -3.5670E-02
  2.6092E+03  1.7160E-01 -3.5684E-02
  2.6114E+03  1.7153E-01 -3.5698E-02
  2.6136E+03  1.7147E-01 -3.5712E-02
  2.6158E+03  1.7139E-01 -3.5726E-02
  2.6180E+03  1.7132E-01 -3.5741E-02
  2.6202E+03  1.7124E-01 -3.5755E-02
  2.6224E+03  1.7117E-01 -3.5769E-02
  2.6246E+03  1.7110E-01 -3.5783E-02
  2.6268E+03  1.7103E-01 -3.5797E-02
  2.6290E+03  1.7097E-01 -3.5811E-02
  2.6312E+03  1.7091E-01 -3.5825E-02
  2.6334E+03  1.7085E-01 -3.5839E-02
  2.6356E+03  1.7079E-01 -3.5853E-02
  2.6378E+03  1.7073E-01 -3.5867E-02
  2.6400E+03  1.7066E-01 -3.5881E-02
  2.6422E+03  1.7058E-01 -3.5895E-02
  2.6444E+03  1.7051E-01 -3.5909E-02
  2.6466E+03  1.7043E-01 -3.5923E-02
  2.6488E+03  1.7036E-01 -3.5937E-02
  2.6510E+03  1.7029E-01 -3.5951E-02
  2.6532E+03  1.7023E-01 -3.5965E-02
  2.6554E+03  1.7016E-01 -3.5979E-02
  2.6576E+03  1.7011E-01 -3.5993E-02
  2.6598E+03  1.7005E-01 -3.6007E-02
  2.6620E+03  1.6998E-01 -3.6021E-02
  2.6642E+03  1.6992E-01 -3.6035E-02
  2.6664E+03  1.6985E-01 -3.6049E-02
  2.6686E+03  1.6978E-01 -3.6063E-02
  2.6708E+03  1.6970E-01 -3.6077E-02
  2.6730E+03  1.6963E-01 -3.6090E-02
  2.6752E+03  1.6955E-01 -3.6104E-02
  2.6774E+03  1.6949E-01 -3.6118E-02
  2.6796E+03  1.6942E-01 -3.6132E-02
  2.6818E+03  1.6936E-01 -3.6146E-02
  2.6840E+03  1.6930E-01 -3.6160E-02
  2.6862E+03  1.6924E-01 -3.6173E-02
  2.6884E+03  1.6918E-01 -3.6187E-02
  2.6906E+03  1.6912E-01 -3.6201E-02
  2.6928E+03  1.6905E-01 -3.6215E-02
  2.6950E+03  1.6897E-01 -3.6229E-02
  2.6972E+03  1.6890E-01 -3.6242E-02
  2.6994E+03  1.6882E-01 -3.6256E-02
  2.7016E+03  1.6875E-01 -3.6270E-02
  2.7038E+03  1.6869E-01 -3.6284E-02
  2.7060E+03  1.6863E-01 -3.6297E-02
  2.7082E+03  1.6857E-01 -3.6311E-02
  2.7104E+03  1.6851E-01 -3.6325E-02
  2.7126E+03  1.6845E-01 -3.6339E-02
  2.7148E+03  1.6839E-01 -3.6352E-02
  2.7170E+03  1.6832E-01 -3.6366E-02
  2.7192E+03  1.6825E-01 -3.6380E-02
  2.7214E+03  1.6818E-01 -3.6393E-02
  2.7236E+03  1.6811E-01 -3.6407E-02
  2.7258E+03  1.6804E-01 -3.6421E-02
  2.7280E+03  1.6797E-01 -3.6434E-02
  2.7302E+03  1.6791E-01 -3.6448E-02
  2.7324E+03  1.6785E-01 -3.6462E-02
  2.7346E+03  1.6779E-01 -3.6475E-02
  2.7368E+03  1.6774E-01 -3.6489E-02
  2.7390E+03  1.6768E-01 -3.6502E-02
  2.7412E+03  1.6762E-01 -3.6516E-02
  2.7434E+03  1.6755E-01 -3.6530E-02
  2.7456E+03  1.6748E-01 -3.6543E-02
  2.7478E+03  1.6741E-01 -3.6557E-02
  2.7500E+03  1.6734E-01 -3.6570E-02
  2.7522E+03  1.6728E-01 -3.6584E-02
  2.7544E+03  1.6721E-01 -3.6597E-02
  2.7566E+03  1.6715E-01 -3.6611E-02
  2.7588E+03  1.6710E-01 -3.6624E-02
  2.7610E+03  1.6704E-01 -3.6638E-02
  2.7632E+03  1.6699E-01 -3.6651E-02
  2.7654E+03  1.6693E-01 -3.6665E-02
  2.7676E+03  1.6687E-01 -3.6678E-02
  2.7698E+03  1.6681E-01 -3.6692E-02
  2.7720E+03  1.6674E-01 -3.6705E-02
  2.7742E+03  1.6668E-01 -3.6719E-02
  2.7764E+03  1.6661E-01 -3.6732E-02
  2.7786E+03  1.6655E-01 -3.6746E-02
  2.7808E+03  1.6649E-01 -3.6759E-02
  2.7830E+03  1.6643E-01 -3.6773E-02
  2.7852E+03  1.6637E-01 -3.6786E-02
  2.7874E+03  1.6632E-01 -3.6799E-02
  2.7896E+03  1.6627E-01 -3.6813E-02
  2.7918E+03  1.6621E-01 -3.6826E-02
  2.7940E+03  1.6616E-01 -3.6840E-02
  2.7962E+03  1.6610E-01 -3.6853E-02
  2.7984E+03  1.6604E-01 -3.6867E-02
  2.8006E+03  1.6598E-01 -3.6880E-02
  2.8028E+03  1.6591E-01 -3.6893E-02
  2.8050E+03  1.6585E-01 -3.6907E-02
  2.8072E+03  1.6580E-01 -3.6920E-02
  2.8094E+03  1.6574E-01 -3.6933E-02
  2.8116E+03  1.6569E-01 -3.6947E-02
  2.8138E+03  1.6564E-01 -3.6960E-02
  2.8160E+03  1.6559E-01 -3.6973E-02
  2.8182E+03  1.6553E-01 -3.6987E-02
  2.8204E+03  1.6548E-01 -3.7000E-02
  2.8226E+03  1.6542E-01 -3.7013E-02
  2.8248E+03  1.6537E-01 -3.7027E-02
  2.8270E+03  1.6531E-01 -3.7040E-02
  2.8292E+03  1.6525E-01 -3.7053E-02
  2.8314E+03  1.6520E-01 -3.7067E-02
  2.8336E+03  1.6514E-01 -3.7080E-02
  2.8358E+03  1.6509E-01 -3.7093E-02
  2.8380E+03  1.6504E-01 -3.7106E-02
  2.8402E+03  1.6498E-01 -3.7120E-02
  2.8424E+03  1.6493E-01 -3.7133E-02
  2.8446E+03  1.6488E-01 -3.7146E-02
  2.8468E+03  1.6483E-01 -3.7159E-02
  2.8490E+03  1.6478E-01 -3.7173E-02
  2.8512E+03  1.6473E-01 -3.7186E-02
  2.8534E+03  1.6467E-01 -3.7199E-02
  2.8556E+03  1.6462E-01 -3.7212E-02
  2.8578E+03  1.6457E-01 -3.7226E-02
  2.8600E+03  1.6451E-01 -3.7239E-02
  2.8622E+03  1.6446E-01 -3.7252E-02
  2.8644E+03  1.6441E-01 -3.7265E-02
  2.8666E+03  1.6436E-01 -3.7278E-02
  2.8688E+03  1.6431E-01 -3.7292E-02
  2.8710E+03  1.6426E-01 -3.7305E-02
  2.8732E+03  1.6421E-01 -3.7318E-02
  2.8754E+03  1.6416E-01 -3.7331E-02
  2.8776E+03  1.6411E-01 -3.7344E-02
  2.8798E+03  1.6406E-01 -3.7357E-02
  2.8820E+03  1.6401E-01 -3.7371E-02
  2.8842E+03  1.6396E-01 -3.7384E-02
  2.8864E+03  1.6391E-01 -3.7397E-02
  2.8886E+03  1.6385E-01 -3.7410E-02
  2.8908E+03  1.6380E-01 -3.7423E-02
  2.8930E+03  1.6375E-01 -3.7436E-02
  2.8952E+03  1.6370E-01 -3.7449E-02
  2.8974E+03  1.6365E-01 -3.7463E-02
  2.8996E+03  1.6360E-01 -3.7476E-02
  2.9018E+03  1.6356E-01 -3.7489E-02
  2.9040E+03  1.6351E-01 -3.7502E-02
  2.9062E+03  1.6346E-01 -3.7515E-02
  2.9084E+03  1.6342E-01 -3.7528E-02
  2.9106E+03  1.6337E-01 -3.7541E-02
  2.9128E+03  1.6331E-01 -3.7554E-02
  2.9150E+03  1.6326E-01 -3.7567E-02
  2.9172E+03  1.6321E-01 -3.7580E-02
  2.9194E+03  1.6315E-01 -3.7593E-02
  2.9216E+03  1.6310E-01 -3.7606E-02
  2.9238E+03  1.6305E-01 -3.7619E-02
  2.9260E+03  1.6301E-01 -3.7632E-02
  2.9282E+03  1.6296E-01 -3.7646E-02
  2.9304E+03  1.6292E-01 -3.7659E-02
  2.9326E+03  1.6287E-01 -3.7672E-02
  2.9348E+03  1.6282E-01 -3.7685E-02
  2.9370E+03  1.6278E-01 -3.7698E-02
  2.9392E+03  1.6272E-01 -3.7711E-02
  2.9414E+03  1.6267E-01 -3.7724E-02
  2.9436E+03  1.6261E-01 -3.7737E-02
  2.9458E+03  1.6256E-01 -3.7750E-02
  2.9480E+03  1.6251E-01 -3.7763E-02
  2.9502E+03  1.6246E-01 -3.7776E-02
  2.9524E+03  1.6241E-01 -3.7788E-02
  2.9546E+03  1.6237E-01 -3.7801E-02
  2.9568E+03  1.6232E-01 -3.7814E-02
  2.9590E+03  1.6228E-01 -3.7827E-02
  2.9612E+03  1.6223E-01 -3.7840E-02
  2.9634E+03  1.6218E-01 -3.7853E-02
  2.9656E+03  1.6213E-01 -3.7866E-02
  2.9678E+03  1.6207E-01 -3.7879E-02
  2.9700E+03  1.6201E-01 -3.7892E-02
  2.9722E+03  1.6196E-01 -3.7905E-02
  2.9744E+03  1.6191E-01 -3.7918E-02
  2.9766E+03  1.6186E-01 -3.7931E-02
  2.9788E+03  1.6181E-01 -3.7944E-02
  2.9810E+03  1.6177E-01 -3.7956E-02
  2.9832E+03  1.6172E-01 -3.7969E-02
  2.9854E+03  1.6167E-01 -3.7982E-02
  2.9876E+03  1.6162E-01 -3.7995E-02
  2.9898E+03  1.6157E-01 -3.8008E-02
  2.9920E+03  1.6152E-01 -3.8021E-02
  2.9942E+03  1.6146E-01 -3.8034E-02
  2.9964E+03  1.6140E-01 -3.8047E-02
  2.9986E+03  1.6135E-01 -3.8059E-02
  3.0000E+03  1.6132E-01 -3.8067E-02
