# CREATED BY GENE DIAGNOSTICS TOOL on Wed Dec 16 18:35:01 2020
# diag: timetrace, run(s): 0008, time window: 0-3000(1347 steps), species: ions
# original data path: /marconi_scratch/userexternal/cmoreno0/GAM_HP_scan/scanfiles0000/
# normalization: L_ref=1.65m
#
#  t          Re[phi]     Im[phi]   
  0.0000E+00  9.9996E-01  0.0000E+00
  2.2300E+00  9.4031E-01 -3.9651E-04
  4.4600E+00  8.5310E-01 -7.5470E-04
  6.6900E+00  8.0589E-01 -1.0771E-03
  8.9200E+00  7.5967E-01 -1.3570E-03
  1.1150E+01  7.0376E-01 -1.5878E-03
  1.3380E+01  6.5824E-01 -1.7749E-03
  1.5610E+01  6.2867E-01 -1.9272E-03
  1.7840E+01  6.1041E-01 -2.0594E-03
  2.0070E+01  6.0116E-01 -2.1887E-03
  2.2300E+01  5.9967E-01 -2.3278E-03
  2.4530E+01  6.0316E-01 -2.4816E-03
  2.6760E+01  6.0828E-01 -2.6496E-03
  2.8990E+01  6.1241E-01 -2.8277E-03
  3.1220E+01  6.1386E-01 -3.0103E-03
  3.3450E+01  6.1176E-01 -3.1907E-03
  3.5680E+01  6.0600E-01 -3.3641E-03
  3.7910E+01  5.9705E-01 -3.5273E-03
  4.0140E+01  5.8584E-01 -3.6789E-03
  4.2370E+01  5.7334E-01 -3.8208E-03
  4.4600E+01  5.6057E-01 -3.9539E-03
  4.6830E+01  5.4830E-01 -4.0816E-03
  4.9060E+01  5.3707E-01 -4.2055E-03
  5.1290E+01  5.2720E-01 -4.3278E-03
  5.3520E+01  5.1868E-01 -4.4490E-03
  5.5750E+01  5.1134E-01 -4.5698E-03
  5.7980E+01  5.0491E-01 -4.6900E-03
  6.0210E+01  4.9908E-01 -4.8090E-03
  6.2440E+01  4.9354E-01 -4.9259E-03
  6.4670E+01  4.8804E-01 -5.0403E-03
  6.6900E+01  4.8238E-01 -5.1504E-03
  6.9130E+01  4.7655E-01 -5.2564E-03
  7.1360E+01  4.7046E-01 -5.3581E-03
  7.3590E+01  4.6412E-01 -5.4540E-03
  7.5820E+01  4.5816E-01 -5.5483E-03
  7.8050E+01  4.5186E-01 -5.6391E-03
  8.0280E+01  4.4474E-01 -5.7219E-03
  8.2510E+01  4.3842E-01 -5.8033E-03
  8.4740E+01  4.3311E-01 -5.8850E-03
  8.6970E+01  4.2762E-01 -5.9628E-03
  8.9200E+01  4.2197E-01 -6.0372E-03
  9.1430E+01  4.1672E-01 -6.1105E-03
  9.3660E+01  4.1184E-01 -6.1821E-03
  9.5890E+01  4.0707E-01 -6.2514E-03
  9.8120E+01  4.0240E-01 -6.3186E-03
  1.0035E+02  3.9790E-01 -6.3841E-03
  1.0258E+02  3.9356E-01 -6.4478E-03
  1.0481E+02  3.8932E-01 -6.5094E-03
  1.0704E+02  3.8517E-01 -6.5692E-03
  1.0927E+02  3.8114E-01 -6.6273E-03
  1.1150E+02  3.7724E-01 -6.6839E-03
  1.1373E+02  3.7347E-01 -6.7390E-03
  1.1596E+02  3.6985E-01 -6.7928E-03
  1.1819E+02  3.6636E-01 -6.8455E-03
  1.2042E+02  3.6300E-01 -6.8973E-03
  1.2265E+02  3.5978E-01 -6.9481E-03
  1.2488E+02  3.5669E-01 -6.9981E-03
  1.2711E+02  3.5373E-01 -7.0472E-03
  1.2934E+02  3.5090E-01 -7.0956E-03
  1.3157E+02  3.4819E-01 -7.1432E-03
  1.3380E+02  3.4558E-01 -7.1901E-03
  1.3603E+02  3.4307E-01 -7.2364E-03
  1.3826E+02  3.4069E-01 -7.2820E-03
  1.4049E+02  3.3842E-01 -7.3272E-03
  1.4272E+02  3.3625E-01 -7.3720E-03
  1.4495E+02  3.3415E-01 -7.4163E-03
  1.4718E+02  3.3212E-01 -7.4603E-03
  1.4941E+02  3.3016E-01 -7.5039E-03
  1.5164E+02  3.2828E-01 -7.5471E-03
  1.5387E+02  3.2649E-01 -7.5900E-03
  1.5610E+02  3.2477E-01 -7.6325E-03
  1.5833E+02  3.2310E-01 -7.6747E-03
  1.6056E+02  3.2152E-01 -7.7168E-03
  1.6279E+02  3.1999E-01 -7.7588E-03
  1.6502E+02  3.1852E-01 -7.8005E-03
  1.6725E+02  3.1708E-01 -7.8421E-03
  1.6948E+02  3.1568E-01 -7.8835E-03
  1.7171E+02  3.1431E-01 -7.9248E-03
  1.7394E+02  3.1298E-01 -7.9658E-03
  1.7617E+02  3.1170E-01 -8.0066E-03
  1.7840E+02  3.1049E-01 -8.0472E-03
  1.8063E+02  3.0934E-01 -8.0878E-03
  1.8286E+02  3.0822E-01 -8.1284E-03
  1.8509E+02  3.0710E-01 -8.1689E-03
  1.8732E+02  3.0596E-01 -8.2093E-03
  1.8955E+02  3.0482E-01 -8.2496E-03
  1.9178E+02  3.0372E-01 -8.2897E-03
  1.9401E+02  3.0267E-01 -8.3297E-03
  1.9624E+02  3.0168E-01 -8.3695E-03
  1.9847E+02  3.0073E-01 -8.4094E-03
  2.0070E+02  2.9981E-01 -8.4491E-03
  2.0293E+02  2.9887E-01 -8.4889E-03
  2.0516E+02  2.9791E-01 -8.5286E-03
  2.0739E+02  2.9694E-01 -8.5682E-03
  2.0962E+02  2.9598E-01 -8.6076E-03
  2.1185E+02  2.9504E-01 -8.6468E-03
  2.1408E+02  2.9415E-01 -8.6860E-03
  2.1631E+02  2.9332E-01 -8.7251E-03
  2.1854E+02  2.9254E-01 -8.7642E-03
  2.2077E+02  2.9179E-01 -8.8033E-03
  2.2300E+02  2.9104E-01 -8.8424E-03
  2.2523E+02  2.9027E-01 -8.8814E-03
  2.2746E+02  2.8945E-01 -8.9202E-03
  2.2969E+02  2.8860E-01 -8.9589E-03
  2.3192E+02  2.8770E-01 -8.9974E-03
  2.3415E+02  2.8679E-01 -9.0356E-03
  2.3638E+02  2.8590E-01 -9.0736E-03
  2.3861E+02  2.8505E-01 -9.1115E-03
  2.4084E+02  2.8428E-01 -9.1493E-03
  2.4307E+02  2.8356E-01 -9.1871E-03
  2.4530E+02  2.8290E-01 -9.2249E-03
  2.4753E+02  2.8228E-01 -9.2626E-03
  2.4976E+02  2.8168E-01 -9.3003E-03
  2.5199E+02  2.8108E-01 -9.3378E-03
  2.5422E+02  2.8047E-01 -9.3753E-03
  2.5645E+02  2.7982E-01 -9.4125E-03
  2.5868E+02  2.7914E-01 -9.4496E-03
  2.6091E+02  2.7843E-01 -9.4866E-03
  2.6314E+02  2.7767E-01 -9.5234E-03
  2.6537E+02  2.7687E-01 -9.5601E-03
  2.6760E+02  2.7605E-01 -9.5966E-03
  2.6983E+02  2.7521E-01 -9.6329E-03
  2.7206E+02  2.7442E-01 -9.6689E-03
  2.7429E+02  2.7368E-01 -9.7047E-03
  2.7652E+02  2.7302E-01 -9.7403E-03
  2.7875E+02  2.7243E-01 -9.7758E-03
  2.8098E+02  2.7190E-01 -9.8112E-03
  2.8321E+02  2.7140E-01 -9.8465E-03
  2.8544E+02  2.7092E-01 -9.8818E-03
  2.8767E+02  2.7041E-01 -9.9171E-03
  2.8990E+02  2.6985E-01 -9.9523E-03
  2.9213E+02  2.6923E-01 -9.9874E-03
  2.9436E+02  2.6857E-01 -1.0022E-02
  2.9659E+02  2.6789E-01 -1.0057E-02
  2.9882E+02  2.6720E-01 -1.0091E-02
  3.0105E+02  2.6652E-01 -1.0126E-02
  3.0328E+02  2.6586E-01 -1.0160E-02
  3.0551E+02  2.6523E-01 -1.0194E-02
  3.0774E+02  2.6464E-01 -1.0227E-02
  3.0997E+02  2.6407E-01 -1.0261E-02
  3.1220E+02  2.6351E-01 -1.0294E-02
  3.1443E+02  2.6293E-01 -1.0328E-02
  3.1666E+02  2.6235E-01 -1.0361E-02
  3.1889E+02  2.6176E-01 -1.0394E-02
  3.2112E+02  2.6118E-01 -1.0427E-02
  3.2335E+02  2.6064E-01 -1.0459E-02
  3.2558E+02  2.6013E-01 -1.0492E-02
  3.2781E+02  2.5966E-01 -1.0524E-02
  3.3004E+02  2.5920E-01 -1.0557E-02
  3.3227E+02  2.5872E-01 -1.0589E-02
  3.3450E+02  2.5822E-01 -1.0621E-02
  3.3673E+02  2.5769E-01 -1.0653E-02
  3.3896E+02  2.5710E-01 -1.0685E-02
  3.4119E+02  2.5647E-01 -1.0717E-02
  3.4342E+02  2.5580E-01 -1.0748E-02
  3.4565E+02  2.5513E-01 -1.0780E-02
  3.4788E+02  2.5449E-01 -1.0811E-02
  3.5011E+02  2.5392E-01 -1.0842E-02
  3.5234E+02  2.5343E-01 -1.0872E-02
  3.5457E+02  2.5302E-01 -1.0903E-02
  3.5680E+02  2.5266E-01 -1.0934E-02
  3.5903E+02  2.5233E-01 -1.0964E-02
  3.6126E+02  2.5200E-01 -1.0995E-02
  3.6349E+02  2.5164E-01 -1.1025E-02
  3.6572E+02  2.5123E-01 -1.1056E-02
  3.6795E+02  2.5074E-01 -1.1086E-02
  3.7018E+02  2.5016E-01 -1.1116E-02
  3.7241E+02  2.4951E-01 -1.1146E-02
  3.7464E+02  2.4881E-01 -1.1176E-02
  3.7687E+02  2.4810E-01 -1.1205E-02
  3.7910E+02  2.4742E-01 -1.1234E-02
  3.8133E+02  2.4680E-01 -1.1263E-02
  3.8356E+02  2.4628E-01 -1.1292E-02
  3.8579E+02  2.4585E-01 -1.1321E-02
  3.8802E+02  2.4551E-01 -1.1350E-02
  3.9025E+02  2.4521E-01 -1.1378E-02
  3.9248E+02  2.4494E-01 -1.1407E-02
  3.9471E+02  2.4465E-01 -1.1436E-02
  3.9694E+02  2.4432E-01 -1.1464E-02
  3.9917E+02  2.4393E-01 -1.1493E-02
  4.0140E+02  2.4347E-01 -1.1521E-02
  4.0363E+02  2.4296E-01 -1.1550E-02
  4.0586E+02  2.4242E-01 -1.1578E-02
  4.0809E+02  2.4187E-01 -1.1605E-02
  4.1032E+02  2.4135E-01 -1.1633E-02
  4.1255E+02  2.4086E-01 -1.1661E-02
  4.1478E+02  2.4041E-01 -1.1688E-02
  4.1701E+02  2.4001E-01 -1.1716E-02
  4.1924E+02  2.3964E-01 -1.1744E-02
  4.2147E+02  2.3929E-01 -1.1771E-02
  4.2370E+02  2.3894E-01 -1.1798E-02
  4.2593E+02  2.3856E-01 -1.1826E-02
  4.2816E+02  2.3815E-01 -1.1853E-02
  4.3039E+02  2.3770E-01 -1.1880E-02
  4.3262E+02  2.3721E-01 -1.1906E-02
  4.3485E+02  2.3670E-01 -1.1933E-02
  4.3708E+02  2.3616E-01 -1.1959E-02
  4.3931E+02  2.3565E-01 -1.1986E-02
  4.4154E+02  2.3517E-01 -1.2012E-02
  4.4377E+02  2.3475E-01 -1.2038E-02
  4.4600E+02  2.3438E-01 -1.2064E-02
  4.4823E+02  2.3405E-01 -1.2090E-02
  4.5046E+02  2.3374E-01 -1.2116E-02
  4.5269E+02  2.3342E-01 -1.2143E-02
  4.5492E+02  2.3309E-01 -1.2169E-02
  4.5715E+02  2.3272E-01 -1.2195E-02
  4.5938E+02  2.3230E-01 -1.2220E-02
  4.6161E+02  2.3184E-01 -1.2246E-02
  4.6384E+02  2.3136E-01 -1.2271E-02
  4.6607E+02  2.3085E-01 -1.2296E-02
  4.6830E+02  2.3035E-01 -1.2321E-02
  4.7053E+02  2.2986E-01 -1.2346E-02
  4.7276E+02  2.2939E-01 -1.2371E-02
  4.7499E+02  2.2896E-01 -1.2395E-02
  4.7722E+02  2.2857E-01 -1.2420E-02
  4.7945E+02  2.2823E-01 -1.2445E-02
  4.8168E+02  2.2795E-01 -1.2469E-02
  4.8391E+02  2.2772E-01 -1.2494E-02
  4.8614E+02  2.2752E-01 -1.2519E-02
  4.8837E+02  2.2732E-01 -1.2543E-02
  4.9060E+02  2.2710E-01 -1.2568E-02
  4.9283E+02  2.2684E-01 -1.2593E-02
  4.9506E+02  2.2653E-01 -1.2617E-02
  4.9729E+02  2.2617E-01 -1.2642E-02
  4.9952E+02  2.2577E-01 -1.2666E-02
  5.0175E+02  2.2534E-01 -1.2690E-02
  5.0398E+02  2.2490E-01 -1.2714E-02
  5.0621E+02  2.2447E-01 -1.2738E-02
  5.0844E+02  2.2407E-01 -1.2762E-02
  5.1067E+02  2.2368E-01 -1.2785E-02
  5.1290E+02  2.2332E-01 -1.2809E-02
  5.1513E+02  2.2297E-01 -1.2832E-02
  5.1736E+02  2.2263E-01 -1.2856E-02
  5.1959E+02  2.2229E-01 -1.2879E-02
  5.2182E+02  2.2197E-01 -1.2902E-02
  5.2405E+02  2.2165E-01 -1.2926E-02
  5.2628E+02  2.2133E-01 -1.2949E-02
  5.2851E+02  2.2102E-01 -1.2972E-02
  5.3074E+02  2.2069E-01 -1.2995E-02
  5.3297E+02  2.2035E-01 -1.3018E-02
  5.3520E+02  2.2000E-01 -1.3041E-02
  5.3743E+02  2.1962E-01 -1.3064E-02
  5.3966E+02  2.1923E-01 -1.3087E-02
  5.4189E+02  2.1882E-01 -1.3109E-02
  5.4412E+02  2.1841E-01 -1.3132E-02
  5.4635E+02  2.1799E-01 -1.3154E-02
  5.4858E+02  2.1758E-01 -1.3176E-02
  5.5081E+02  2.1720E-01 -1.3198E-02
  5.5304E+02  2.1686E-01 -1.3220E-02
  5.5527E+02  2.1654E-01 -1.3242E-02
  5.5750E+02  2.1625E-01 -1.3264E-02
  5.5973E+02  2.1596E-01 -1.3286E-02
  5.6196E+02  2.1567E-01 -1.3308E-02
  5.6419E+02  2.1537E-01 -1.3329E-02
  5.6642E+02  2.1506E-01 -1.3351E-02
  5.6865E+02  2.1475E-01 -1.3373E-02
  5.7088E+02  2.1444E-01 -1.3394E-02
  5.7311E+02  2.1414E-01 -1.3416E-02
  5.7534E+02  2.1387E-01 -1.3437E-02
  5.7757E+02  2.1362E-01 -1.3459E-02
  5.7980E+02  2.1339E-01 -1.3480E-02
  5.8203E+02  2.1315E-01 -1.3501E-02
  5.8426E+02  2.1290E-01 -1.3523E-02
  5.8649E+02  2.1264E-01 -1.3544E-02
  5.8872E+02  2.1237E-01 -1.3565E-02
  5.9095E+02  2.1209E-01 -1.3586E-02
  5.9318E+02  2.1181E-01 -1.3608E-02
  5.9541E+02  2.1154E-01 -1.3629E-02
  5.9764E+02  2.1127E-01 -1.3650E-02
  5.9987E+02  2.1102E-01 -1.3671E-02
  6.0210E+02  2.1077E-01 -1.3692E-02
  6.0433E+02  2.1052E-01 -1.3712E-02
  6.0656E+02  2.1027E-01 -1.3733E-02
  6.0879E+02  2.1002E-01 -1.3754E-02
  6.1102E+02  2.0977E-01 -1.3775E-02
  6.1325E+02  2.0951E-01 -1.3796E-02
  6.1548E+02  2.0925E-01 -1.3816E-02
  6.1771E+02  2.0898E-01 -1.3837E-02
  6.1994E+02  2.0869E-01 -1.3857E-02
  6.2217E+02  2.0838E-01 -1.3878E-02
  6.2440E+02  2.0807E-01 -1.3898E-02
  6.2663E+02  2.0774E-01 -1.3918E-02
  6.2886E+02  2.0741E-01 -1.3939E-02
  6.3109E+02  2.0708E-01 -1.3959E-02
  6.3332E+02  2.0675E-01 -1.3979E-02
  6.3555E+02  2.0643E-01 -1.3998E-02
  6.3778E+02  2.0612E-01 -1.4018E-02
  6.4001E+02  2.0581E-01 -1.4038E-02
  6.4224E+02  2.0550E-01 -1.4058E-02
  6.4447E+02  2.0518E-01 -1.4077E-02
  6.4670E+02  2.0486E-01 -1.4097E-02
  6.4893E+02  2.0454E-01 -1.4116E-02
  6.5116E+02  2.0422E-01 -1.4136E-02
  6.5339E+02  2.0390E-01 -1.4155E-02
  6.5562E+02  2.0357E-01 -1.4174E-02
  6.5785E+02  2.0324E-01 -1.4193E-02
  6.6008E+02  2.0291E-01 -1.4212E-02
  6.6231E+02  2.0257E-01 -1.4231E-02
  6.6454E+02  2.0223E-01 -1.4250E-02
  6.6677E+02  2.0191E-01 -1.4268E-02
  6.6900E+02  2.0160E-01 -1.4287E-02
  6.7123E+02  2.0131E-01 -1.4306E-02
  6.7346E+02  2.0104E-01 -1.4324E-02
  6.7569E+02  2.0079E-01 -1.4343E-02
  6.7792E+02  2.0055E-01 -1.4361E-02
  6.8015E+02  2.0030E-01 -1.4380E-02
  6.8238E+02  2.0005E-01 -1.4398E-02
  6.8461E+02  1.9978E-01 -1.4417E-02
  6.8684E+02  1.9951E-01 -1.4435E-02
  6.8907E+02  1.9924E-01 -1.4453E-02
  6.9130E+02  1.9898E-01 -1.4471E-02
  6.9353E+02  1.9873E-01 -1.4489E-02
  6.9576E+02  1.9850E-01 -1.4507E-02
  6.9799E+02  1.9828E-01 -1.4525E-02
  7.0022E+02  1.9808E-01 -1.4544E-02
  7.0245E+02  1.9788E-01 -1.4562E-02
  7.0468E+02  1.9770E-01 -1.4580E-02
  7.0691E+02  1.9751E-01 -1.4598E-02
  7.0914E+02  1.9733E-01 -1.4616E-02
  7.1137E+02  1.9715E-01 -1.4634E-02
  7.1360E+02  1.9696E-01 -1.4652E-02
  7.1583E+02  1.9676E-01 -1.4670E-02
  7.1806E+02  1.9655E-01 -1.4688E-02
  7.2029E+02  1.9632E-01 -1.4706E-02
  7.2252E+02  1.9610E-01 -1.4723E-02
  7.2475E+02  1.9587E-01 -1.4741E-02
  7.2698E+02  1.9564E-01 -1.4759E-02
  7.2921E+02  1.9543E-01 -1.4777E-02
  7.3144E+02  1.9523E-01 -1.4794E-02
  7.3367E+02  1.9504E-01 -1.4812E-02
  7.3590E+02  1.9486E-01 -1.4830E-02
  7.3813E+02  1.9468E-01 -1.4847E-02
  7.4036E+02  1.9448E-01 -1.4865E-02
  7.4259E+02  1.9427E-01 -1.4882E-02
  7.4482E+02  1.9404E-01 -1.4900E-02
  7.4705E+02  1.9379E-01 -1.4917E-02
  7.4928E+02  1.9353E-01 -1.4934E-02
  7.5151E+02  1.9326E-01 -1.4952E-02
  7.5374E+02  1.9298E-01 -1.4969E-02
  7.5597E+02  1.9270E-01 -1.4986E-02
  7.5820E+02  1.9242E-01 -1.5003E-02
  7.6043E+02  1.9215E-01 -1.5020E-02
  7.6266E+02  1.9189E-01 -1.5037E-02
  7.6489E+02  1.9164E-01 -1.5054E-02
  7.6712E+02  1.9139E-01 -1.5071E-02
  7.6935E+02  1.9114E-01 -1.5088E-02
  7.7158E+02  1.9088E-01 -1.5104E-02
  7.7381E+02  1.9061E-01 -1.5121E-02
  7.7604E+02  1.9033E-01 -1.5137E-02
  7.7827E+02  1.9004E-01 -1.5154E-02
  7.8050E+02  1.8974E-01 -1.5170E-02
  7.8273E+02  1.8943E-01 -1.5186E-02
  7.8496E+02  1.8911E-01 -1.5202E-02
  7.8719E+02  1.8880E-01 -1.5219E-02
  7.8942E+02  1.8849E-01 -1.5235E-02
  7.9165E+02  1.8818E-01 -1.5251E-02
  7.9388E+02  1.8788E-01 -1.5266E-02
  7.9611E+02  1.8759E-01 -1.5282E-02
  7.9834E+02  1.8731E-01 -1.5298E-02
  8.0057E+02  1.8704E-01 -1.5314E-02
  8.0280E+02  1.8677E-01 -1.5329E-02
  8.0503E+02  1.8651E-01 -1.5345E-02
  8.0726E+02  1.8625E-01 -1.5360E-02
  8.0949E+02  1.8598E-01 -1.5376E-02
  8.1172E+02  1.8571E-01 -1.5391E-02
  8.1395E+02  1.8543E-01 -1.5406E-02
  8.1618E+02  1.8516E-01 -1.5421E-02
  8.1841E+02  1.8489E-01 -1.5437E-02
  8.2064E+02  1.8464E-01 -1.5452E-02
  8.2287E+02  1.8440E-01 -1.5467E-02
  8.2510E+02  1.8417E-01 -1.5482E-02
  8.2733E+02  1.8395E-01 -1.5497E-02
  8.2956E+02  1.8373E-01 -1.5512E-02
  8.3179E+02  1.8350E-01 -1.5527E-02
  8.3402E+02  1.8327E-01 -1.5542E-02
  8.3625E+02  1.8304E-01 -1.5557E-02
  8.3848E+02  1.8282E-01 -1.5572E-02
  8.4071E+02  1.8262E-01 -1.5586E-02
  8.4294E+02  1.8243E-01 -1.5601E-02
  8.4517E+02  1.8227E-01 -1.5616E-02
  8.4740E+02  1.8211E-01 -1.5631E-02
  8.4963E+02  1.8196E-01 -1.5646E-02
  8.5186E+02  1.8180E-01 -1.5660E-02
  8.5409E+02  1.8163E-01 -1.5675E-02
  8.5632E+02  1.8145E-01 -1.5690E-02
  8.5855E+02  1.8127E-01 -1.5705E-02
  8.6078E+02  1.8108E-01 -1.5720E-02
  8.6301E+02  1.8088E-01 -1.5734E-02
  8.6524E+02  1.8069E-01 -1.5749E-02
  8.6747E+02  1.8050E-01 -1.5763E-02
  8.6970E+02  1.8032E-01 -1.5778E-02
  8.7193E+02  1.8014E-01 -1.5793E-02
  8.7416E+02  1.7998E-01 -1.5807E-02
  8.7639E+02  1.7983E-01 -1.5822E-02
  8.7862E+02  1.7969E-01 -1.5836E-02
  8.8085E+02  1.7956E-01 -1.5851E-02
  8.8308E+02  1.7942E-01 -1.5866E-02
  8.8531E+02  1.7928E-01 -1.5880E-02
  8.8754E+02  1.7913E-01 -1.5895E-02
  8.8977E+02  1.7895E-01 -1.5909E-02
  8.9200E+02  1.7875E-01 -1.5924E-02
  8.9423E+02  1.7854E-01 -1.5938E-02
  8.9646E+02  1.7831E-01 -1.5953E-02
  8.9869E+02  1.7809E-01 -1.5967E-02
  9.0092E+02  1.7786E-01 -1.5981E-02
  9.0315E+02  1.7765E-01 -1.5995E-02
  9.0538E+02  1.7745E-01 -1.6009E-02
  9.0761E+02  1.7726E-01 -1.6024E-02
  9.0984E+02  1.7708E-01 -1.6038E-02
  9.1207E+02  1.7690E-01 -1.6052E-02
  9.1430E+02  1.7672E-01 -1.6066E-02
  9.1653E+02  1.7654E-01 -1.6080E-02
  9.1876E+02  1.7636E-01 -1.6094E-02
  9.2099E+02  1.7617E-01 -1.6108E-02
  9.2322E+02  1.7597E-01 -1.6122E-02
  9.2545E+02  1.7575E-01 -1.6136E-02
  9.2768E+02  1.7551E-01 -1.6150E-02
  9.2991E+02  1.7526E-01 -1.6163E-02
  9.3214E+02  1.7499E-01 -1.6177E-02
  9.3437E+02  1.7472E-01 -1.6190E-02
  9.3660E+02  1.7444E-01 -1.6204E-02
  9.3883E+02  1.7418E-01 -1.6217E-02
  9.4106E+02  1.7393E-01 -1.6230E-02
  9.4329E+02  1.7369E-01 -1.6244E-02
  9.4552E+02  1.7346E-01 -1.6257E-02
  9.4775E+02  1.7324E-01 -1.6270E-02
  9.4998E+02  1.7302E-01 -1.6283E-02
  9.5221E+02  1.7281E-01 -1.6296E-02
  9.5444E+02  1.7259E-01 -1.6310E-02
  9.5667E+02  1.7237E-01 -1.6323E-02
  9.5890E+02  1.7215E-01 -1.6336E-02
  9.6113E+02  1.7191E-01 -1.6348E-02
  9.6336E+02  1.7166E-01 -1.6361E-02
  9.6559E+02  1.7140E-01 -1.6374E-02
  9.6782E+02  1.7113E-01 -1.6387E-02
  9.7005E+02  1.7085E-01 -1.6399E-02
  9.7228E+02  1.7058E-01 -1.6412E-02
  9.7451E+02  1.7032E-01 -1.6424E-02
  9.7674E+02  1.7008E-01 -1.6437E-02
  9.7897E+02  1.6984E-01 -1.6449E-02
  9.8120E+02  1.6962E-01 -1.6461E-02
  9.8343E+02  1.6941E-01 -1.6473E-02
  9.8566E+02  1.6921E-01 -1.6486E-02
  9.8789E+02  1.6902E-01 -1.6498E-02
  9.9012E+02  1.6882E-01 -1.6510E-02
  9.9235E+02  1.6863E-01 -1.6522E-02
  9.9458E+02  1.6844E-01 -1.6534E-02
  9.9681E+02  1.6824E-01 -1.6547E-02
  9.9904E+02  1.6804E-01 -1.6559E-02
  1.0013E+03  1.6784E-01 -1.6571E-02
  1.0035E+03  1.6764E-01 -1.6583E-02
  1.0057E+03  1.6745E-01 -1.6595E-02
  1.0080E+03  1.6726E-01 -1.6607E-02
  1.0102E+03  1.6707E-01 -1.6619E-02
  1.0124E+03  1.6690E-01 -1.6630E-02
  1.0146E+03  1.6673E-01 -1.6642E-02
  1.0169E+03  1.6656E-01 -1.6654E-02
  1.0191E+03  1.6639E-01 -1.6666E-02
  1.0213E+03  1.6622E-01 -1.6678E-02
  1.0236E+03  1.6606E-01 -1.6690E-02
  1.0258E+03  1.6590E-01 -1.6702E-02
  1.0280E+03  1.6576E-01 -1.6714E-02
  1.0303E+03  1.6562E-01 -1.6725E-02
  1.0325E+03  1.6548E-01 -1.6737E-02
  1.0347E+03  1.6535E-01 -1.6749E-02
  1.0369E+03  1.6522E-01 -1.6761E-02
  1.0392E+03  1.6509E-01 -1.6773E-02
  1.0414E+03  1.6495E-01 -1.6785E-02
  1.0436E+03  1.6480E-01 -1.6797E-02
  1.0459E+03  1.6466E-01 -1.6808E-02
  1.0481E+03  1.6451E-01 -1.6820E-02
  1.0503E+03  1.6437E-01 -1.6832E-02
  1.0526E+03  1.6423E-01 -1.6844E-02
  1.0548E+03  1.6409E-01 -1.6856E-02
  1.0570E+03  1.6395E-01 -1.6867E-02
  1.0592E+03  1.6381E-01 -1.6879E-02
  1.0615E+03  1.6368E-01 -1.6891E-02
  1.0637E+03  1.6355E-01 -1.6903E-02
  1.0659E+03  1.6342E-01 -1.6914E-02
  1.0682E+03  1.6329E-01 -1.6926E-02
  1.0704E+03  1.6317E-01 -1.6938E-02
  1.0726E+03  1.6304E-01 -1.6950E-02
  1.0749E+03  1.6291E-01 -1.6962E-02
  1.0771E+03  1.6278E-01 -1.6973E-02
  1.0793E+03  1.6264E-01 -1.6985E-02
  1.0815E+03  1.6249E-01 -1.6997E-02
  1.0838E+03  1.6235E-01 -1.7008E-02
  1.0860E+03  1.6220E-01 -1.7020E-02
  1.0882E+03  1.6206E-01 -1.7032E-02
  1.0905E+03  1.6193E-01 -1.7043E-02
  1.0927E+03  1.6179E-01 -1.7055E-02
  1.0949E+03  1.6166E-01 -1.7067E-02
  1.0972E+03  1.6151E-01 -1.7078E-02
  1.0994E+03  1.6137E-01 -1.7090E-02
  1.1016E+03  1.6121E-01 -1.7101E-02
  1.1038E+03  1.6105E-01 -1.7113E-02
  1.1061E+03  1.6089E-01 -1.7124E-02
  1.1083E+03  1.6073E-01 -1.7136E-02
  1.1105E+03  1.6058E-01 -1.7147E-02
  1.1128E+03  1.6043E-01 -1.7159E-02
  1.1150E+03  1.6029E-01 -1.7170E-02
  1.1172E+03  1.6014E-01 -1.7181E-02
  1.1195E+03  1.5999E-01 -1.7193E-02
  1.1217E+03  1.5983E-01 -1.7204E-02
  1.1239E+03  1.5967E-01 -1.7215E-02
  1.1261E+03  1.5951E-01 -1.7227E-02
  1.1284E+03  1.5934E-01 -1.7238E-02
  1.1306E+03  1.5916E-01 -1.7249E-02
  1.1328E+03  1.5898E-01 -1.7260E-02
  1.1351E+03  1.5879E-01 -1.7271E-02
  1.1373E+03  1.5861E-01 -1.7282E-02
  1.1395E+03  1.5843E-01 -1.7293E-02
  1.1418E+03  1.5825E-01 -1.7304E-02
  1.1440E+03  1.5808E-01 -1.7315E-02
  1.1462E+03  1.5792E-01 -1.7326E-02
  1.1484E+03  1.5775E-01 -1.7337E-02
  1.1507E+03  1.5759E-01 -1.7348E-02
  1.1529E+03  1.5742E-01 -1.7358E-02
  1.1551E+03  1.5724E-01 -1.7369E-02
  1.1574E+03  1.5706E-01 -1.7380E-02
  1.1596E+03  1.5686E-01 -1.7390E-02
  1.1618E+03  1.5667E-01 -1.7401E-02
  1.1641E+03  1.5647E-01 -1.7411E-02
  1.1663E+03  1.5628E-01 -1.7422E-02
  1.1685E+03  1.5609E-01 -1.7432E-02
  1.1707E+03  1.5591E-01 -1.7443E-02
  1.1730E+03  1.5573E-01 -1.7453E-02
  1.1752E+03  1.5556E-01 -1.7463E-02
  1.1774E+03  1.5539E-01 -1.7474E-02
  1.1797E+03  1.5522E-01 -1.7484E-02
  1.1819E+03  1.5506E-01 -1.7494E-02
  1.1841E+03  1.5489E-01 -1.7504E-02
  1.1864E+03  1.5472E-01 -1.7514E-02
  1.1886E+03  1.5455E-01 -1.7525E-02
  1.1908E+03  1.5437E-01 -1.7535E-02
  1.1930E+03  1.5419E-01 -1.7545E-02
  1.1953E+03  1.5402E-01 -1.7555E-02
  1.1975E+03  1.5384E-01 -1.7565E-02
  1.1997E+03  1.5367E-01 -1.7575E-02
  1.2020E+03  1.5350E-01 -1.7585E-02
  1.2042E+03  1.5334E-01 -1.7595E-02
  1.2064E+03  1.5319E-01 -1.7605E-02
  1.2087E+03  1.5304E-01 -1.7614E-02
  1.2109E+03  1.5289E-01 -1.7624E-02
  1.2131E+03  1.5274E-01 -1.7634E-02
  1.2153E+03  1.5259E-01 -1.7644E-02
  1.2176E+03  1.5245E-01 -1.7654E-02
  1.2198E+03  1.5230E-01 -1.7663E-02
  1.2220E+03  1.5215E-01 -1.7673E-02
  1.2243E+03  1.5201E-01 -1.7683E-02
  1.2265E+03  1.5185E-01 -1.7693E-02
  1.2287E+03  1.5170E-01 -1.7702E-02
  1.2310E+03  1.5155E-01 -1.7712E-02
  1.2332E+03  1.5140E-01 -1.7722E-02
  1.2354E+03  1.5126E-01 -1.7731E-02
  1.2376E+03  1.5112E-01 -1.7741E-02
  1.2399E+03  1.5098E-01 -1.7751E-02
  1.2421E+03  1.5086E-01 -1.7760E-02
  1.2443E+03  1.5073E-01 -1.7770E-02
  1.2466E+03  1.5060E-01 -1.7779E-02
  1.2488E+03  1.5048E-01 -1.7789E-02
  1.2510E+03  1.5035E-01 -1.7799E-02
  1.2533E+03  1.5022E-01 -1.7808E-02
  1.2555E+03  1.5009E-01 -1.7818E-02
  1.2577E+03  1.4996E-01 -1.7827E-02
  1.2599E+03  1.4982E-01 -1.7837E-02
  1.2622E+03  1.4969E-01 -1.7846E-02
  1.2644E+03  1.4956E-01 -1.7856E-02
  1.2666E+03  1.4942E-01 -1.7865E-02
  1.2689E+03  1.4929E-01 -1.7875E-02
  1.2711E+03  1.4916E-01 -1.7884E-02
  1.2733E+03  1.4904E-01 -1.7894E-02
  1.2756E+03  1.4892E-01 -1.7903E-02
  1.2778E+03  1.4881E-01 -1.7913E-02
  1.2800E+03  1.4871E-01 -1.7922E-02
  1.2822E+03  1.4860E-01 -1.7931E-02
  1.2845E+03  1.4849E-01 -1.7941E-02
  1.2867E+03  1.4837E-01 -1.7950E-02
  1.2889E+03  1.4824E-01 -1.7960E-02
  1.2912E+03  1.4812E-01 -1.7969E-02
  1.2934E+03  1.4799E-01 -1.7979E-02
  1.2956E+03  1.4786E-01 -1.7988E-02
  1.2979E+03  1.4774E-01 -1.7998E-02
  1.3001E+03  1.4762E-01 -1.8007E-02
  1.3023E+03  1.4751E-01 -1.8016E-02
  1.3045E+03  1.4740E-01 -1.8026E-02
  1.3068E+03  1.4729E-01 -1.8035E-02
  1.3090E+03  1.4718E-01 -1.8044E-02
  1.3112E+03  1.4707E-01 -1.8054E-02
  1.3135E+03  1.4696E-01 -1.8063E-02
  1.3157E+03  1.4686E-01 -1.8072E-02
  1.3179E+03  1.4675E-01 -1.8082E-02
  1.3202E+03  1.4665E-01 -1.8091E-02
  1.3224E+03  1.4654E-01 -1.8101E-02
  1.3246E+03  1.4643E-01 -1.8110E-02
  1.3268E+03  1.4631E-01 -1.8119E-02
  1.3291E+03  1.4619E-01 -1.8129E-02
  1.3313E+03  1.4607E-01 -1.8138E-02
  1.3335E+03  1.4596E-01 -1.8147E-02
  1.3358E+03  1.4584E-01 -1.8156E-02
  1.3380E+03  1.4573E-01 -1.8166E-02
  1.3402E+03  1.4563E-01 -1.8175E-02
  1.3425E+03  1.4553E-01 -1.8184E-02
  1.3447E+03  1.4543E-01 -1.8193E-02
  1.3469E+03  1.4533E-01 -1.8203E-02
  1.3491E+03  1.4523E-01 -1.8212E-02
  1.3514E+03  1.4513E-01 -1.8221E-02
  1.3536E+03  1.4503E-01 -1.8230E-02
  1.3558E+03  1.4493E-01 -1.8240E-02
  1.3581E+03  1.4483E-01 -1.8249E-02
  1.3603E+03  1.4472E-01 -1.8258E-02
  1.3625E+03  1.4461E-01 -1.8267E-02
  1.3648E+03  1.4449E-01 -1.8276E-02
  1.3670E+03  1.4437E-01 -1.8285E-02
  1.3692E+03  1.4425E-01 -1.8295E-02
  1.3714E+03  1.4414E-01 -1.8304E-02
  1.3737E+03  1.4403E-01 -1.8313E-02
  1.3759E+03  1.4392E-01 -1.8322E-02
  1.3781E+03  1.4382E-01 -1.8331E-02
  1.3804E+03  1.4373E-01 -1.8340E-02
  1.3826E+03  1.4364E-01 -1.8349E-02
  1.3848E+03  1.4355E-01 -1.8358E-02
  1.3871E+03  1.4345E-01 -1.8367E-02
  1.3893E+03  1.4335E-01 -1.8376E-02
  1.3915E+03  1.4325E-01 -1.8385E-02
  1.3937E+03  1.4314E-01 -1.8394E-02
  1.3960E+03  1.4302E-01 -1.8403E-02
  1.3982E+03  1.4290E-01 -1.8412E-02
  1.4004E+03  1.4278E-01 -1.8421E-02
  1.4027E+03  1.4266E-01 -1.8430E-02
  1.4049E+03  1.4254E-01 -1.8439E-02
  1.4071E+03  1.4243E-01 -1.8448E-02
  1.4094E+03  1.4233E-01 -1.8457E-02
  1.4116E+03  1.4223E-01 -1.8466E-02
  1.4138E+03  1.4214E-01 -1.8475E-02
  1.4160E+03  1.4204E-01 -1.8483E-02
  1.4183E+03  1.4194E-01 -1.8492E-02
  1.4205E+03  1.4184E-01 -1.8501E-02
  1.4227E+03  1.4174E-01 -1.8510E-02
  1.4250E+03  1.4163E-01 -1.8519E-02
  1.4272E+03  1.4152E-01 -1.8528E-02
  1.4294E+03  1.4141E-01 -1.8537E-02
  1.4317E+03  1.4130E-01 -1.8545E-02
  1.4339E+03  1.4119E-01 -1.8554E-02
  1.4361E+03  1.4108E-01 -1.8563E-02
  1.4383E+03  1.4097E-01 -1.8572E-02
  1.4406E+03  1.4087E-01 -1.8580E-02
  1.4428E+03  1.4076E-01 -1.8589E-02
  1.4450E+03  1.4065E-01 -1.8598E-02
  1.4473E+03  1.4055E-01 -1.8606E-02
  1.4495E+03  1.4044E-01 -1.8615E-02
  1.4517E+03  1.4034E-01 -1.8624E-02
  1.4540E+03  1.4023E-01 -1.8632E-02
  1.4562E+03  1.4012E-01 -1.8641E-02
  1.4584E+03  1.4002E-01 -1.8650E-02
  1.4606E+03  1.3992E-01 -1.8658E-02
  1.4629E+03  1.3982E-01 -1.8667E-02
  1.4651E+03  1.3972E-01 -1.8675E-02
  1.4673E+03  1.3962E-01 -1.8684E-02
  1.4696E+03  1.3952E-01 -1.8692E-02
  1.4718E+03  1.3942E-01 -1.8701E-02
  1.4740E+03  1.3931E-01 -1.8710E-02
  1.4763E+03  1.3920E-01 -1.8718E-02
  1.4785E+03  1.3908E-01 -1.8727E-02
  1.4807E+03  1.3896E-01 -1.8735E-02
  1.4829E+03  1.3885E-01 -1.8743E-02
  1.4852E+03  1.3874E-01 -1.8752E-02
  1.4874E+03  1.3863E-01 -1.8760E-02
  1.4896E+03  1.3853E-01 -1.8769E-02
  1.4919E+03  1.3843E-01 -1.8777E-02
  1.4941E+03  1.3834E-01 -1.8786E-02
  1.4963E+03  1.3824E-01 -1.8794E-02
  1.4986E+03  1.3814E-01 -1.8802E-02
  1.5008E+03  1.3804E-01 -1.8811E-02
  1.5030E+03  1.3793E-01 -1.8819E-02
  1.5052E+03  1.3782E-01 -1.8827E-02
  1.5075E+03  1.3771E-01 -1.8836E-02
  1.5097E+03  1.3760E-01 -1.8844E-02
  1.5119E+03  1.3748E-01 -1.8852E-02
  1.5142E+03  1.3737E-01 -1.8860E-02
  1.5164E+03  1.3725E-01 -1.8869E-02
  1.5186E+03  1.3714E-01 -1.8877E-02
  1.5209E+03  1.3704E-01 -1.8885E-02
  1.5231E+03  1.3694E-01 -1.8893E-02
  1.5253E+03  1.3684E-01 -1.8901E-02
  1.5275E+03  1.3675E-01 -1.8910E-02
  1.5298E+03  1.3665E-01 -1.8918E-02
  1.5320E+03  1.3655E-01 -1.8926E-02
  1.5342E+03  1.3644E-01 -1.8934E-02
  1.5365E+03  1.3632E-01 -1.8942E-02
  1.5387E+03  1.3621E-01 -1.8950E-02
  1.5409E+03  1.3610E-01 -1.8958E-02
  1.5432E+03  1.3598E-01 -1.8966E-02
  1.5454E+03  1.3588E-01 -1.8974E-02
  1.5476E+03  1.3578E-01 -1.8982E-02
  1.5498E+03  1.3568E-01 -1.8990E-02
  1.5521E+03  1.3558E-01 -1.8998E-02
  1.5543E+03  1.3548E-01 -1.9006E-02
  1.5565E+03  1.3538E-01 -1.9014E-02
  1.5588E+03  1.3529E-01 -1.9022E-02
  1.5610E+03  1.3518E-01 -1.9030E-02
  1.5632E+03  1.3508E-01 -1.9038E-02
  1.5655E+03  1.3498E-01 -1.9046E-02
  1.5677E+03  1.3488E-01 -1.9054E-02
  1.5699E+03  1.3477E-01 -1.9062E-02
  1.5721E+03  1.3467E-01 -1.9070E-02
  1.5744E+03  1.3457E-01 -1.9078E-02
  1.5766E+03  1.3447E-01 -1.9086E-02
  1.5788E+03  1.3437E-01 -1.9094E-02
  1.5811E+03  1.3428E-01 -1.9102E-02
  1.5833E+03  1.3419E-01 -1.9109E-02
  1.5855E+03  1.3411E-01 -1.9117E-02
  1.5878E+03  1.3402E-01 -1.9125E-02
  1.5900E+03  1.3393E-01 -1.9133E-02
  1.5922E+03  1.3384E-01 -1.9141E-02
  1.5944E+03  1.3375E-01 -1.9149E-02
  1.5967E+03  1.3366E-01 -1.9156E-02
  1.5989E+03  1.3356E-01 -1.9164E-02
  1.6011E+03  1.3347E-01 -1.9172E-02
  1.6034E+03  1.3338E-01 -1.9180E-02
  1.6056E+03  1.3329E-01 -1.9188E-02
  1.6078E+03  1.3321E-01 -1.9196E-02
  1.6101E+03  1.3312E-01 -1.9203E-02
  1.6123E+03  1.3304E-01 -1.9211E-02
  1.6145E+03  1.3296E-01 -1.9219E-02
  1.6167E+03  1.3289E-01 -1.9227E-02
  1.6190E+03  1.3281E-01 -1.9234E-02
  1.6212E+03  1.3274E-01 -1.9242E-02
  1.6234E+03  1.3266E-01 -1.9250E-02
  1.6257E+03  1.3258E-01 -1.9258E-02
  1.6279E+03  1.3250E-01 -1.9266E-02
  1.6301E+03  1.3242E-01 -1.9273E-02
  1.6324E+03  1.3234E-01 -1.9281E-02
  1.6346E+03  1.3226E-01 -1.9289E-02
  1.6368E+03  1.3219E-01 -1.9297E-02
  1.6390E+03  1.3211E-01 -1.9304E-02
  1.6413E+03  1.3204E-01 -1.9312E-02
  1.6435E+03  1.3197E-01 -1.9320E-02
  1.6457E+03  1.3190E-01 -1.9328E-02
  1.6480E+03  1.3183E-01 -1.9335E-02
  1.6502E+03  1.3177E-01 -1.9343E-02
  1.6524E+03  1.3170E-01 -1.9351E-02
  1.6547E+03  1.3163E-01 -1.9359E-02
  1.6569E+03  1.3156E-01 -1.9367E-02
  1.6591E+03  1.3149E-01 -1.9374E-02
  1.6613E+03  1.3142E-01 -1.9382E-02
  1.6636E+03  1.3135E-01 -1.9390E-02
  1.6658E+03  1.3128E-01 -1.9398E-02
  1.6680E+03  1.3121E-01 -1.9405E-02
  1.6703E+03  1.3114E-01 -1.9413E-02
  1.6725E+03  1.3107E-01 -1.9421E-02
  1.6747E+03  1.3101E-01 -1.9429E-02
  1.6770E+03  1.3095E-01 -1.9436E-02
  1.6792E+03  1.3089E-01 -1.9444E-02
  1.6814E+03  1.3082E-01 -1.9452E-02
  1.6836E+03  1.3076E-01 -1.9460E-02
  1.6859E+03  1.3069E-01 -1.9468E-02
  1.6881E+03  1.3063E-01 -1.9475E-02
  1.6903E+03  1.3056E-01 -1.9483E-02
  1.6926E+03  1.3049E-01 -1.9491E-02
  1.6948E+03  1.3042E-01 -1.9499E-02
  1.6970E+03  1.3035E-01 -1.9506E-02
  1.6993E+03  1.3029E-01 -1.9514E-02
  1.7015E+03  1.3022E-01 -1.9522E-02
  1.7037E+03  1.3016E-01 -1.9530E-02
  1.7059E+03  1.3009E-01 -1.9537E-02
  1.7082E+03  1.3003E-01 -1.9545E-02
  1.7104E+03  1.2997E-01 -1.9553E-02
  1.7126E+03  1.2990E-01 -1.9561E-02
  1.7149E+03  1.2984E-01 -1.9569E-02
  1.7171E+03  1.2978E-01 -1.9576E-02
  1.7193E+03  1.2971E-01 -1.9584E-02
  1.7216E+03  1.2964E-01 -1.9592E-02
  1.7238E+03  1.2957E-01 -1.9600E-02
  1.7260E+03  1.2950E-01 -1.9607E-02
  1.7282E+03  1.2944E-01 -1.9615E-02
  1.7305E+03  1.2937E-01 -1.9623E-02
  1.7327E+03  1.2930E-01 -1.9630E-02
  1.7349E+03  1.2924E-01 -1.9638E-02
  1.7372E+03  1.2917E-01 -1.9646E-02
  1.7394E+03  1.2910E-01 -1.9654E-02
  1.7416E+03  1.2904E-01 -1.9661E-02
  1.7439E+03  1.2897E-01 -1.9669E-02
  1.7461E+03  1.2890E-01 -1.9677E-02
  1.7483E+03  1.2883E-01 -1.9685E-02
  1.7505E+03  1.2876E-01 -1.9692E-02
  1.7528E+03  1.2869E-01 -1.9700E-02
  1.7550E+03  1.2862E-01 -1.9708E-02
  1.7572E+03  1.2856E-01 -1.9715E-02
  1.7595E+03  1.2848E-01 -1.9723E-02
  1.7617E+03  1.2841E-01 -1.9731E-02
  1.7639E+03  1.2834E-01 -1.9738E-02
  1.7662E+03  1.2826E-01 -1.9746E-02
  1.7684E+03  1.2818E-01 -1.9754E-02
  1.7706E+03  1.2811E-01 -1.9761E-02
  1.7728E+03  1.2803E-01 -1.9769E-02
  1.7751E+03  1.2796E-01 -1.9776E-02
  1.7773E+03  1.2789E-01 -1.9784E-02
  1.7795E+03  1.2781E-01 -1.9792E-02
  1.7818E+03  1.2774E-01 -1.9799E-02
  1.7840E+03  1.2767E-01 -1.9807E-02
  1.7862E+03  1.2760E-01 -1.9814E-02
  1.7885E+03  1.2752E-01 -1.9822E-02
  1.7907E+03  1.2744E-01 -1.9829E-02
  1.7929E+03  1.2736E-01 -1.9837E-02
  1.7951E+03  1.2728E-01 -1.9844E-02
  1.7974E+03  1.2720E-01 -1.9852E-02
  1.7996E+03  1.2711E-01 -1.9859E-02
  1.8018E+03  1.2702E-01 -1.9867E-02
  1.8041E+03  1.2694E-01 -1.9874E-02
  1.8063E+03  1.2685E-01 -1.9882E-02
  1.8085E+03  1.2677E-01 -1.9889E-02
  1.8108E+03  1.2669E-01 -1.9897E-02
  1.8130E+03  1.2662E-01 -1.9904E-02
  1.8152E+03  1.2654E-01 -1.9911E-02
  1.8174E+03  1.2647E-01 -1.9919E-02
  1.8197E+03  1.2638E-01 -1.9926E-02
  1.8219E+03  1.2630E-01 -1.9934E-02
  1.8241E+03  1.2621E-01 -1.9941E-02
  1.8264E+03  1.2612E-01 -1.9948E-02
  1.8286E+03  1.2602E-01 -1.9955E-02
  1.8308E+03  1.2593E-01 -1.9963E-02
  1.8331E+03  1.2583E-01 -1.9970E-02
  1.8353E+03  1.2574E-01 -1.9977E-02
  1.8375E+03  1.2565E-01 -1.9984E-02
  1.8397E+03  1.2557E-01 -1.9992E-02
  1.8420E+03  1.2548E-01 -1.9999E-02
  1.8442E+03  1.2540E-01 -2.0006E-02
  1.8464E+03  1.2531E-01 -2.0013E-02
  1.8487E+03  1.2523E-01 -2.0020E-02
  1.8509E+03  1.2514E-01 -2.0028E-02
  1.8531E+03  1.2505E-01 -2.0035E-02
  1.8554E+03  1.2495E-01 -2.0042E-02
  1.8576E+03  1.2486E-01 -2.0049E-02
  1.8598E+03  1.2476E-01 -2.0056E-02
  1.8620E+03  1.2466E-01 -2.0063E-02
  1.8643E+03  1.2457E-01 -2.0070E-02
  1.8665E+03  1.2448E-01 -2.0077E-02
  1.8687E+03  1.2439E-01 -2.0084E-02
  1.8710E+03  1.2430E-01 -2.0091E-02
  1.8732E+03  1.2421E-01 -2.0098E-02
  1.8754E+03  1.2412E-01 -2.0105E-02
  1.8777E+03  1.2403E-01 -2.0112E-02
  1.8799E+03  1.2394E-01 -2.0119E-02
  1.8821E+03  1.2384E-01 -2.0125E-02
  1.8843E+03  1.2375E-01 -2.0132E-02
  1.8866E+03  1.2366E-01 -2.0139E-02
  1.8888E+03  1.2356E-01 -2.0146E-02
  1.8910E+03  1.2347E-01 -2.0153E-02
  1.8933E+03  1.2338E-01 -2.0160E-02
  1.8955E+03  1.2329E-01 -2.0167E-02
  1.8977E+03  1.2321E-01 -2.0173E-02
  1.9000E+03  1.2312E-01 -2.0180E-02
  1.9022E+03  1.2304E-01 -2.0187E-02
  1.9044E+03  1.2295E-01 -2.0194E-02
  1.9066E+03  1.2286E-01 -2.0200E-02
  1.9089E+03  1.2277E-01 -2.0207E-02
  1.9111E+03  1.2268E-01 -2.0214E-02
  1.9133E+03  1.2259E-01 -2.0220E-02
  1.9156E+03  1.2250E-01 -2.0227E-02
  1.9178E+03  1.2241E-01 -2.0234E-02
  1.9200E+03  1.2233E-01 -2.0240E-02
  1.9223E+03  1.2225E-01 -2.0247E-02
  1.9245E+03  1.2217E-01 -2.0254E-02
  1.9267E+03  1.2210E-01 -2.0260E-02
  1.9289E+03  1.2202E-01 -2.0267E-02
  1.9312E+03  1.2195E-01 -2.0274E-02
  1.9334E+03  1.2187E-01 -2.0280E-02
  1.9356E+03  1.2179E-01 -2.0287E-02
  1.9379E+03  1.2171E-01 -2.0293E-02
  1.9401E+03  1.2163E-01 -2.0300E-02
  1.9423E+03  1.2155E-01 -2.0306E-02
  1.9446E+03  1.2147E-01 -2.0313E-02
  1.9468E+03  1.2140E-01 -2.0320E-02
  1.9490E+03  1.2132E-01 -2.0326E-02
  1.9512E+03  1.2125E-01 -2.0333E-02
  1.9535E+03  1.2118E-01 -2.0339E-02
  1.9557E+03  1.2111E-01 -2.0346E-02
  1.9579E+03  1.2105E-01 -2.0352E-02
  1.9602E+03  1.2098E-01 -2.0359E-02
  1.9624E+03  1.2092E-01 -2.0365E-02
  1.9646E+03  1.2086E-01 -2.0372E-02
  1.9669E+03  1.2080E-01 -2.0379E-02
  1.9691E+03  1.2073E-01 -2.0385E-02
  1.9713E+03  1.2067E-01 -2.0392E-02
  1.9735E+03  1.2060E-01 -2.0398E-02
  1.9758E+03  1.2053E-01 -2.0405E-02
  1.9780E+03  1.2047E-01 -2.0411E-02
  1.9802E+03  1.2041E-01 -2.0418E-02
  1.9825E+03  1.2035E-01 -2.0424E-02
  1.9847E+03  1.2029E-01 -2.0431E-02
  1.9869E+03  1.2024E-01 -2.0437E-02
  1.9892E+03  1.2019E-01 -2.0444E-02
  1.9914E+03  1.2013E-01 -2.0451E-02
  1.9936E+03  1.2008E-01 -2.0457E-02
  1.9958E+03  1.2003E-01 -2.0464E-02
  1.9981E+03  1.1998E-01 -2.0470E-02
  2.0003E+03  1.1992E-01 -2.0477E-02
  2.0025E+03  1.1987E-01 -2.0483E-02
  2.0048E+03  1.1982E-01 -2.0490E-02
  2.0070E+03  1.1977E-01 -2.0496E-02
  2.0092E+03  1.1971E-01 -2.0503E-02
  2.0115E+03  1.1966E-01 -2.0510E-02
  2.0137E+03  1.1961E-01 -2.0516E-02
  2.0159E+03  1.1957E-01 -2.0523E-02
  2.0181E+03  1.1952E-01 -2.0529E-02
  2.0204E+03  1.1948E-01 -2.0536E-02
  2.0226E+03  1.1943E-01 -2.0543E-02
  2.0248E+03  1.1939E-01 -2.0549E-02
  2.0271E+03  1.1935E-01 -2.0556E-02
  2.0293E+03  1.1930E-01 -2.0562E-02
  2.0315E+03  1.1925E-01 -2.0569E-02
  2.0338E+03  1.1921E-01 -2.0576E-02
  2.0360E+03  1.1916E-01 -2.0582E-02
  2.0382E+03  1.1912E-01 -2.0589E-02
  2.0404E+03  1.1908E-01 -2.0596E-02
  2.0427E+03  1.1904E-01 -2.0602E-02
  2.0449E+03  1.1899E-01 -2.0609E-02
  2.0471E+03  1.1895E-01 -2.0615E-02
  2.0494E+03  1.1891E-01 -2.0622E-02
  2.0516E+03  1.1887E-01 -2.0629E-02
  2.0538E+03  1.1884E-01 -2.0636E-02
  2.0561E+03  1.1880E-01 -2.0642E-02
  2.0583E+03  1.1876E-01 -2.0649E-02
  2.0605E+03  1.1872E-01 -2.0656E-02
  2.0627E+03  1.1867E-01 -2.0662E-02
  2.0650E+03  1.1863E-01 -2.0669E-02
  2.0672E+03  1.1859E-01 -2.0676E-02
  2.0694E+03  1.1855E-01 -2.0682E-02
  2.0717E+03  1.1851E-01 -2.0689E-02
  2.0739E+03  1.1847E-01 -2.0696E-02
  2.0761E+03  1.1843E-01 -2.0702E-02
  2.0784E+03  1.1839E-01 -2.0709E-02
  2.0806E+03  1.1836E-01 -2.0716E-02
  2.0828E+03  1.1832E-01 -2.0723E-02
  2.0850E+03  1.1828E-01 -2.0729E-02
  2.0873E+03  1.1824E-01 -2.0736E-02
  2.0895E+03  1.1820E-01 -2.0743E-02
  2.0917E+03  1.1816E-01 -2.0750E-02
  2.0940E+03  1.1812E-01 -2.0756E-02
  2.0962E+03  1.1808E-01 -2.0763E-02
  2.0984E+03  1.1804E-01 -2.0770E-02
  2.1007E+03  1.1799E-01 -2.0777E-02
  2.1029E+03  1.1795E-01 -2.0783E-02
  2.1051E+03  1.1791E-01 -2.0790E-02
  2.1073E+03  1.1788E-01 -2.0797E-02
  2.1096E+03  1.1784E-01 -2.0804E-02
  2.1118E+03  1.1780E-01 -2.0810E-02
  2.1140E+03  1.1776E-01 -2.0817E-02
  2.1163E+03  1.1772E-01 -2.0824E-02
  2.1185E+03  1.1768E-01 -2.0831E-02
  2.1207E+03  1.1763E-01 -2.0837E-02
  2.1230E+03  1.1759E-01 -2.0844E-02
  2.1252E+03  1.1754E-01 -2.0851E-02
  2.1274E+03  1.1750E-01 -2.0858E-02
  2.1296E+03  1.1746E-01 -2.0864E-02
  2.1319E+03  1.1741E-01 -2.0871E-02
  2.1341E+03  1.1737E-01 -2.0878E-02
  2.1363E+03  1.1733E-01 -2.0885E-02
  2.1386E+03  1.1729E-01 -2.0891E-02
  2.1408E+03  1.1724E-01 -2.0898E-02
  2.1430E+03  1.1720E-01 -2.0905E-02
  2.1453E+03  1.1715E-01 -2.0912E-02
  2.1475E+03  1.1711E-01 -2.0918E-02
  2.1497E+03  1.1706E-01 -2.0925E-02
  2.1519E+03  1.1701E-01 -2.0932E-02
  2.1542E+03  1.1696E-01 -2.0939E-02
  2.1564E+03  1.1692E-01 -2.0945E-02
  2.1586E+03  1.1687E-01 -2.0952E-02
  2.1609E+03  1.1682E-01 -2.0959E-02
  2.1631E+03  1.1677E-01 -2.0965E-02
  2.1653E+03  1.1673E-01 -2.0972E-02
  2.1676E+03  1.1668E-01 -2.0979E-02
  2.1698E+03  1.1663E-01 -2.0986E-02
  2.1720E+03  1.1658E-01 -2.0992E-02
  2.1742E+03  1.1653E-01 -2.0999E-02
  2.1765E+03  1.1648E-01 -2.1006E-02
  2.1787E+03  1.1643E-01 -2.1012E-02
  2.1809E+03  1.1637E-01 -2.1019E-02
  2.1832E+03  1.1632E-01 -2.1026E-02
  2.1854E+03  1.1627E-01 -2.1032E-02
  2.1876E+03  1.1622E-01 -2.1039E-02
  2.1899E+03  1.1617E-01 -2.1046E-02
  2.1921E+03  1.1612E-01 -2.1052E-02
  2.1943E+03  1.1606E-01 -2.1059E-02
  2.1965E+03  1.1601E-01 -2.1066E-02
  2.1988E+03  1.1595E-01 -2.1072E-02
  2.2010E+03  1.1590E-01 -2.1079E-02
  2.2032E+03  1.1584E-01 -2.1085E-02
  2.2055E+03  1.1578E-01 -2.1092E-02
  2.2077E+03  1.1572E-01 -2.1098E-02
  2.2099E+03  1.1567E-01 -2.1105E-02
  2.2122E+03  1.1561E-01 -2.1112E-02
  2.2144E+03  1.1556E-01 -2.1118E-02
  2.2166E+03  1.1550E-01 -2.1125E-02
  2.2188E+03  1.1545E-01 -2.1131E-02
  2.2211E+03  1.1539E-01 -2.1138E-02
  2.2233E+03  1.1533E-01 -2.1144E-02
  2.2255E+03  1.1528E-01 -2.1151E-02
  2.2278E+03  1.1522E-01 -2.1157E-02
  2.2300E+03  1.1515E-01 -2.1164E-02
  2.2322E+03  1.1509E-01 -2.1170E-02
  2.2345E+03  1.1503E-01 -2.1177E-02
  2.2367E+03  1.1496E-01 -2.1183E-02
  2.2389E+03  1.1490E-01 -2.1190E-02
  2.2411E+03  1.1484E-01 -2.1196E-02
  2.2434E+03  1.1478E-01 -2.1203E-02
  2.2456E+03  1.1473E-01 -2.1209E-02
  2.2478E+03  1.1467E-01 -2.1215E-02
  2.2501E+03  1.1461E-01 -2.1222E-02
  2.2523E+03  1.1455E-01 -2.1228E-02
  2.2545E+03  1.1449E-01 -2.1235E-02
  2.2568E+03  1.1442E-01 -2.1241E-02
  2.2590E+03  1.1436E-01 -2.1247E-02
  2.2612E+03  1.1429E-01 -2.1254E-02
  2.2634E+03  1.1422E-01 -2.1260E-02
  2.2657E+03  1.1416E-01 -2.1266E-02
  2.2679E+03  1.1409E-01 -2.1273E-02
  2.2701E+03  1.1403E-01 -2.1279E-02
  2.2724E+03  1.1397E-01 -2.1285E-02
  2.2746E+03  1.1391E-01 -2.1291E-02
  2.2768E+03  1.1385E-01 -2.1298E-02
  2.2791E+03  1.1379E-01 -2.1304E-02
  2.2813E+03  1.1372E-01 -2.1310E-02
  2.2835E+03  1.1366E-01 -2.1316E-02
  2.2857E+03  1.1360E-01 -2.1323E-02
  2.2880E+03  1.1353E-01 -2.1329E-02
  2.2902E+03  1.1346E-01 -2.1335E-02
  2.2924E+03  1.1340E-01 -2.1341E-02
  2.2947E+03  1.1333E-01 -2.1348E-02
  2.2969E+03  1.1326E-01 -2.1354E-02
  2.2991E+03  1.1320E-01 -2.1360E-02
  2.3014E+03  1.1313E-01 -2.1366E-02
  2.3036E+03  1.1307E-01 -2.1372E-02
  2.3058E+03  1.1301E-01 -2.1378E-02
  2.3080E+03  1.1295E-01 -2.1384E-02
  2.3103E+03  1.1289E-01 -2.1390E-02
  2.3125E+03  1.1282E-01 -2.1397E-02
  2.3147E+03  1.1276E-01 -2.1403E-02
  2.3170E+03  1.1269E-01 -2.1409E-02
  2.3192E+03  1.1263E-01 -2.1415E-02
  2.3214E+03  1.1256E-01 -2.1421E-02
  2.3237E+03  1.1250E-01 -2.1427E-02
  2.3259E+03  1.1244E-01 -2.1433E-02
  2.3281E+03  1.1237E-01 -2.1439E-02
  2.3303E+03  1.1231E-01 -2.1445E-02
  2.3326E+03  1.1225E-01 -2.1451E-02
  2.3348E+03  1.1219E-01 -2.1457E-02
  2.3370E+03  1.1213E-01 -2.1463E-02
  2.3393E+03  1.1207E-01 -2.1469E-02
  2.3415E+03  1.1201E-01 -2.1475E-02
  2.3437E+03  1.1195E-01 -2.1481E-02
  2.3460E+03  1.1189E-01 -2.1487E-02
  2.3482E+03  1.1183E-01 -2.1493E-02
  2.3504E+03  1.1177E-01 -2.1499E-02
  2.3526E+03  1.1170E-01 -2.1505E-02
  2.3549E+03  1.1165E-01 -2.1511E-02
  2.3571E+03  1.1159E-01 -2.1517E-02
  2.3593E+03  1.1153E-01 -2.1523E-02
  2.3616E+03  1.1148E-01 -2.1529E-02
  2.3638E+03  1.1142E-01 -2.1534E-02
  2.3660E+03  1.1136E-01 -2.1540E-02
  2.3683E+03  1.1131E-01 -2.1546E-02
  2.3705E+03  1.1125E-01 -2.1552E-02
  2.3727E+03  1.1120E-01 -2.1558E-02
  2.3749E+03  1.1114E-01 -2.1564E-02
  2.3772E+03  1.1109E-01 -2.1570E-02
  2.3794E+03  1.1103E-01 -2.1576E-02
  2.3816E+03  1.1098E-01 -2.1582E-02
  2.3839E+03  1.1093E-01 -2.1587E-02
  2.3861E+03  1.1087E-01 -2.1593E-02
  2.3883E+03  1.1082E-01 -2.1599E-02
  2.3906E+03  1.1077E-01 -2.1605E-02
  2.3928E+03  1.1072E-01 -2.1611E-02
  2.3950E+03  1.1067E-01 -2.1617E-02
  2.3972E+03  1.1062E-01 -2.1623E-02
  2.3995E+03  1.1058E-01 -2.1628E-02
  2.4017E+03  1.1053E-01 -2.1634E-02
  2.4039E+03  1.1048E-01 -2.1640E-02
  2.4062E+03  1.1043E-01 -2.1646E-02
  2.4084E+03  1.1038E-01 -2.1652E-02
  2.4106E+03  1.1033E-01 -2.1658E-02
  2.4129E+03  1.1028E-01 -2.1664E-02
  2.4151E+03  1.1024E-01 -2.1669E-02
  2.4173E+03  1.1019E-01 -2.1675E-02
  2.4195E+03  1.1015E-01 -2.1681E-02
  2.4218E+03  1.1010E-01 -2.1687E-02
  2.4240E+03  1.1006E-01 -2.1693E-02
  2.4262E+03  1.1002E-01 -2.1699E-02
  2.4285E+03  1.0998E-01 -2.1704E-02
  2.4307E+03  1.0993E-01 -2.1710E-02
  2.4329E+03  1.0989E-01 -2.1716E-02
  2.4352E+03  1.0985E-01 -2.1722E-02
  2.4374E+03  1.0981E-01 -2.1728E-02
  2.4396E+03  1.0977E-01 -2.1734E-02
  2.4418E+03  1.0972E-01 -2.1740E-02
  2.4441E+03  1.0968E-01 -2.1745E-02
  2.4463E+03  1.0964E-01 -2.1751E-02
  2.4485E+03  1.0960E-01 -2.1757E-02
  2.4508E+03  1.0956E-01 -2.1763E-02
  2.4530E+03  1.0952E-01 -2.1769E-02
  2.4552E+03  1.0948E-01 -2.1775E-02
  2.4575E+03  1.0945E-01 -2.1780E-02
  2.4597E+03  1.0941E-01 -2.1786E-02
  2.4619E+03  1.0937E-01 -2.1792E-02
  2.4641E+03  1.0933E-01 -2.1798E-02
  2.4664E+03  1.0929E-01 -2.1804E-02
  2.4686E+03  1.0926E-01 -2.1810E-02
  2.4708E+03  1.0922E-01 -2.1816E-02
  2.4731E+03  1.0918E-01 -2.1821E-02
  2.4753E+03  1.0914E-01 -2.1827E-02
  2.4775E+03  1.0911E-01 -2.1833E-02
  2.4798E+03  1.0907E-01 -2.1839E-02
  2.4820E+03  1.0903E-01 -2.1845E-02
  2.4842E+03  1.0900E-01 -2.1851E-02
  2.4864E+03  1.0896E-01 -2.1857E-02
  2.4887E+03  1.0893E-01 -2.1863E-02
  2.4909E+03  1.0889E-01 -2.1868E-02
  2.4931E+03  1.0886E-01 -2.1874E-02
  2.4954E+03  1.0882E-01 -2.1880E-02
  2.4976E+03  1.0878E-01 -2.1886E-02
  2.4998E+03  1.0875E-01 -2.1892E-02
  2.5021E+03  1.0871E-01 -2.1898E-02
  2.5043E+03  1.0867E-01 -2.1904E-02
  2.5065E+03  1.0864E-01 -2.1909E-02
  2.5087E+03  1.0861E-01 -2.1915E-02
  2.5110E+03  1.0857E-01 -2.1921E-02
  2.5132E+03  1.0854E-01 -2.1927E-02
  2.5154E+03  1.0851E-01 -2.1933E-02
  2.5177E+03  1.0847E-01 -2.1939E-02
  2.5199E+03  1.0844E-01 -2.1945E-02
  2.5221E+03  1.0840E-01 -2.1951E-02
  2.5244E+03  1.0836E-01 -2.1957E-02
  2.5266E+03  1.0833E-01 -2.1962E-02
  2.5288E+03  1.0829E-01 -2.1968E-02
  2.5310E+03  1.0826E-01 -2.1974E-02
  2.5333E+03  1.0822E-01 -2.1980E-02
  2.5355E+03  1.0819E-01 -2.1986E-02
  2.5377E+03  1.0815E-01 -2.1992E-02
  2.5400E+03  1.0812E-01 -2.1998E-02
  2.5422E+03  1.0809E-01 -2.2004E-02
  2.5444E+03  1.0805E-01 -2.2010E-02
  2.5467E+03  1.0802E-01 -2.2015E-02
  2.5489E+03  1.0798E-01 -2.2021E-02
  2.5511E+03  1.0795E-01 -2.2027E-02
  2.5533E+03  1.0791E-01 -2.2033E-02
  2.5556E+03  1.0788E-01 -2.2039E-02
  2.5578E+03  1.0784E-01 -2.2045E-02
  2.5600E+03  1.0780E-01 -2.2051E-02
  2.5623E+03  1.0777E-01 -2.2057E-02
  2.5645E+03  1.0774E-01 -2.2062E-02
  2.5667E+03  1.0770E-01 -2.2068E-02
  2.5690E+03  1.0767E-01 -2.2074E-02
  2.5712E+03  1.0764E-01 -2.2080E-02
  2.5734E+03  1.0760E-01 -2.2086E-02
  2.5756E+03  1.0757E-01 -2.2092E-02
  2.5779E+03  1.0753E-01 -2.2098E-02
  2.5801E+03  1.0749E-01 -2.2104E-02
  2.5823E+03  1.0746E-01 -2.2109E-02
  2.5846E+03  1.0742E-01 -2.2115E-02
  2.5868E+03  1.0739E-01 -2.2121E-02
  2.5890E+03  1.0735E-01 -2.2127E-02
  2.5913E+03  1.0732E-01 -2.2133E-02
  2.5935E+03  1.0728E-01 -2.2139E-02
  2.5957E+03  1.0725E-01 -2.2145E-02
  2.5979E+03  1.0721E-01 -2.2151E-02
  2.6002E+03  1.0718E-01 -2.2156E-02
  2.6024E+03  1.0714E-01 -2.2162E-02
  2.6046E+03  1.0711E-01 -2.2168E-02
  2.6069E+03  1.0707E-01 -2.2174E-02
  2.6091E+03  1.0703E-01 -2.2180E-02
  2.6113E+03  1.0699E-01 -2.2186E-02
  2.6136E+03  1.0696E-01 -2.2192E-02
  2.6158E+03  1.0692E-01 -2.2197E-02
  2.6180E+03  1.0688E-01 -2.2203E-02
  2.6202E+03  1.0685E-01 -2.2209E-02
  2.6225E+03  1.0681E-01 -2.2215E-02
  2.6247E+03  1.0678E-01 -2.2221E-02
  2.6269E+03  1.0674E-01 -2.2227E-02
  2.6292E+03  1.0671E-01 -2.2232E-02
  2.6314E+03  1.0667E-01 -2.2238E-02
  2.6336E+03  1.0663E-01 -2.2244E-02
  2.6359E+03  1.0659E-01 -2.2250E-02
  2.6381E+03  1.0655E-01 -2.2256E-02
  2.6403E+03  1.0652E-01 -2.2262E-02
  2.6425E+03  1.0648E-01 -2.2267E-02
  2.6448E+03  1.0644E-01 -2.2273E-02
  2.6470E+03  1.0640E-01 -2.2279E-02
  2.6492E+03  1.0637E-01 -2.2285E-02
  2.6515E+03  1.0633E-01 -2.2291E-02
  2.6537E+03  1.0630E-01 -2.2296E-02
  2.6559E+03  1.0626E-01 -2.2302E-02
  2.6582E+03  1.0622E-01 -2.2308E-02
  2.6604E+03  1.0618E-01 -2.2314E-02
  2.6626E+03  1.0614E-01 -2.2320E-02
  2.6648E+03  1.0610E-01 -2.2325E-02
  2.6671E+03  1.0606E-01 -2.2331E-02
  2.6693E+03  1.0602E-01 -2.2337E-02
  2.6715E+03  1.0598E-01 -2.2343E-02
  2.6738E+03  1.0594E-01 -2.2348E-02
  2.6760E+03  1.0591E-01 -2.2354E-02
  2.6782E+03  1.0587E-01 -2.2360E-02
  2.6805E+03  1.0583E-01 -2.2366E-02
  2.6827E+03  1.0579E-01 -2.2371E-02
  2.6849E+03  1.0576E-01 -2.2377E-02
  2.6871E+03  1.0572E-01 -2.2383E-02
  2.6894E+03  1.0568E-01 -2.2389E-02
  2.6916E+03  1.0564E-01 -2.2394E-02
  2.6938E+03  1.0559E-01 -2.2400E-02
  2.6961E+03  1.0555E-01 -2.2406E-02
  2.6983E+03  1.0551E-01 -2.2412E-02
  2.7005E+03  1.0547E-01 -2.2417E-02
  2.7028E+03  1.0543E-01 -2.2423E-02
  2.7050E+03  1.0539E-01 -2.2429E-02
  2.7072E+03  1.0535E-01 -2.2434E-02
  2.7094E+03  1.0531E-01 -2.2440E-02
  2.7117E+03  1.0527E-01 -2.2446E-02
  2.7139E+03  1.0523E-01 -2.2452E-02
  2.7161E+03  1.0519E-01 -2.2457E-02
  2.7184E+03  1.0515E-01 -2.2463E-02
  2.7206E+03  1.0511E-01 -2.2469E-02
  2.7228E+03  1.0506E-01 -2.2474E-02
  2.7251E+03  1.0502E-01 -2.2480E-02
  2.7273E+03  1.0498E-01 -2.2486E-02
  2.7295E+03  1.0493E-01 -2.2491E-02
  2.7317E+03  1.0489E-01 -2.2497E-02
  2.7340E+03  1.0485E-01 -2.2503E-02
  2.7362E+03  1.0481E-01 -2.2508E-02
  2.7384E+03  1.0476E-01 -2.2514E-02
  2.7407E+03  1.0472E-01 -2.2519E-02
  2.7429E+03  1.0468E-01 -2.2525E-02
  2.7451E+03  1.0464E-01 -2.2531E-02
  2.7474E+03  1.0460E-01 -2.2536E-02
  2.7496E+03  1.0455E-01 -2.2542E-02
  2.7518E+03  1.0451E-01 -2.2547E-02
  2.7540E+03  1.0446E-01 -2.2553E-02
  2.7563E+03  1.0442E-01 -2.2559E-02
  2.7585E+03  1.0438E-01 -2.2564E-02
  2.7607E+03  1.0433E-01 -2.2570E-02
  2.7630E+03  1.0429E-01 -2.2575E-02
  2.7652E+03  1.0424E-01 -2.2581E-02
  2.7674E+03  1.0420E-01 -2.2586E-02
  2.7697E+03  1.0415E-01 -2.2592E-02
  2.7719E+03  1.0411E-01 -2.2598E-02
  2.7741E+03  1.0407E-01 -2.2603E-02
  2.7763E+03  1.0402E-01 -2.2609E-02
  2.7786E+03  1.0398E-01 -2.2614E-02
  2.7808E+03  1.0394E-01 -2.2620E-02
  2.7830E+03  1.0389E-01 -2.2625E-02
  2.7853E+03  1.0385E-01 -2.2631E-02
  2.7875E+03  1.0380E-01 -2.2636E-02
  2.7897E+03  1.0376E-01 -2.2642E-02
  2.7920E+03  1.0371E-01 -2.2647E-02
  2.7942E+03  1.0367E-01 -2.2653E-02
  2.7964E+03  1.0362E-01 -2.2658E-02
  2.7986E+03  1.0358E-01 -2.2664E-02
  2.8009E+03  1.0353E-01 -2.2669E-02
  2.8031E+03  1.0349E-01 -2.2674E-02
  2.8053E+03  1.0345E-01 -2.2680E-02
  2.8076E+03  1.0340E-01 -2.2685E-02
  2.8098E+03  1.0336E-01 -2.2691E-02
  2.8120E+03  1.0331E-01 -2.2696E-02
  2.8143E+03  1.0327E-01 -2.2702E-02
  2.8165E+03  1.0323E-01 -2.2707E-02
  2.8187E+03  1.0318E-01 -2.2713E-02
  2.8209E+03  1.0314E-01 -2.2718E-02
  2.8232E+03  1.0309E-01 -2.2723E-02
  2.8254E+03  1.0305E-01 -2.2729E-02
  2.8276E+03  1.0301E-01 -2.2734E-02
  2.8299E+03  1.0297E-01 -2.2740E-02
  2.8321E+03  1.0292E-01 -2.2745E-02
  2.8343E+03  1.0288E-01 -2.2750E-02
  2.8366E+03  1.0284E-01 -2.2756E-02
  2.8388E+03  1.0280E-01 -2.2761E-02
  2.8410E+03  1.0276E-01 -2.2766E-02
  2.8432E+03  1.0271E-01 -2.2772E-02
  2.8455E+03  1.0267E-01 -2.2777E-02
  2.8477E+03  1.0263E-01 -2.2783E-02
  2.8499E+03  1.0259E-01 -2.2788E-02
  2.8522E+03  1.0255E-01 -2.2793E-02
  2.8544E+03  1.0251E-01 -2.2799E-02
  2.8566E+03  1.0247E-01 -2.2804E-02
  2.8589E+03  1.0243E-01 -2.2809E-02
  2.8611E+03  1.0239E-01 -2.2815E-02
  2.8633E+03  1.0235E-01 -2.2820E-02
  2.8655E+03  1.0231E-01 -2.2825E-02
  2.8678E+03  1.0227E-01 -2.2831E-02
  2.8700E+03  1.0223E-01 -2.2836E-02
  2.8722E+03  1.0219E-01 -2.2841E-02
  2.8745E+03  1.0216E-01 -2.2847E-02
  2.8767E+03  1.0212E-01 -2.2852E-02
  2.8789E+03  1.0208E-01 -2.2857E-02
  2.8812E+03  1.0204E-01 -2.2862E-02
  2.8834E+03  1.0201E-01 -2.2868E-02
  2.8856E+03  1.0197E-01 -2.2873E-02
  2.8878E+03  1.0194E-01 -2.2878E-02
  2.8901E+03  1.0190E-01 -2.2884E-02
  2.8923E+03  1.0187E-01 -2.2889E-02
  2.8945E+03  1.0183E-01 -2.2894E-02
  2.8968E+03  1.0180E-01 -2.2900E-02
  2.8990E+03  1.0176E-01 -2.2905E-02
  2.9012E+03  1.0173E-01 -2.2910E-02
  2.9035E+03  1.0169E-01 -2.2915E-02
  2.9057E+03  1.0166E-01 -2.2921E-02
  2.9079E+03  1.0162E-01 -2.2926E-02
  2.9101E+03  1.0159E-01 -2.2931E-02
  2.9124E+03  1.0156E-01 -2.2937E-02
  2.9146E+03  1.0153E-01 -2.2942E-02
  2.9168E+03  1.0149E-01 -2.2947E-02
  2.9191E+03  1.0146E-01 -2.2953E-02
  2.9213E+03  1.0143E-01 -2.2958E-02
  2.9235E+03  1.0140E-01 -2.2963E-02
  2.9258E+03  1.0137E-01 -2.2968E-02
  2.9280E+03  1.0134E-01 -2.2974E-02
  2.9302E+03  1.0130E-01 -2.2979E-02
  2.9324E+03  1.0127E-01 -2.2984E-02
  2.9347E+03  1.0124E-01 -2.2990E-02
  2.9369E+03  1.0121E-01 -2.2995E-02
  2.9391E+03  1.0118E-01 -2.3000E-02
  2.9414E+03  1.0115E-01 -2.3005E-02
  2.9436E+03  1.0112E-01 -2.3011E-02
  2.9458E+03  1.0110E-01 -2.3016E-02
  2.9481E+03  1.0107E-01 -2.3021E-02
  2.9503E+03  1.0104E-01 -2.3027E-02
  2.9525E+03  1.0101E-01 -2.3032E-02
  2.9547E+03  1.0098E-01 -2.3037E-02
  2.9570E+03  1.0095E-01 -2.3043E-02
  2.9592E+03  1.0092E-01 -2.3048E-02
  2.9614E+03  1.0089E-01 -2.3053E-02
  2.9637E+03  1.0086E-01 -2.3058E-02
  2.9659E+03  1.0083E-01 -2.3064E-02
  2.9681E+03  1.0081E-01 -2.3069E-02
  2.9704E+03  1.0078E-01 -2.3074E-02
  2.9726E+03  1.0075E-01 -2.3080E-02
  2.9748E+03  1.0073E-01 -2.3085E-02
  2.9770E+03  1.0070E-01 -2.3090E-02
  2.9793E+03  1.0067E-01 -2.3096E-02
  2.9815E+03  1.0064E-01 -2.3101E-02
  2.9837E+03  1.0061E-01 -2.3106E-02
  2.9860E+03  1.0059E-01 -2.3112E-02
  2.9882E+03  1.0056E-01 -2.3117E-02
  2.9904E+03  1.0053E-01 -2.3122E-02
  2.9927E+03  1.0050E-01 -2.3127E-02
  2.9949E+03  1.0047E-01 -2.3133E-02
  2.9971E+03  1.0044E-01 -2.3138E-02
  2.9993E+03  1.0042E-01 -2.3143E-02
  3.0000E+03  1.0041E-01 -2.3145E-02
