# CREATED BY GENE DIAGNOSTICS TOOL on Wed Dec 16 18:56:54 2020
# diag: gamdiag, run(s): 0017, time window: 0-3000(2544 steps), species: ions
# original data path: /marconi_scratch/userexternal/cmoreno0/GAM_HP_scan/scanfiles0001/
# normalization: L_ref=1.65m
#
# xind= 0, x/a= 0.5, q= 1.1358678
# Fit:    0.4928595,3255.1795,-1325.0234
# Analytic (Gao, Zhou/Yu): 0.25929117,0.43071539,3.3800828
#  t          Re[phi]     Im[phi]   
  0.0000E+00  9.9997E-01  0.0000E+00
  1.1800E+00  9.8041E-01 -1.0042E-03
  2.3600E+00  9.3590E-01 -1.8064E-03
  3.5400E+00  8.8999E-01 -2.4661E-03
  4.7200E+00  8.5570E-01 -3.0925E-03
  5.9000E+00  8.3226E-01 -3.7211E-03
  7.0800E+00  8.1282E-01 -4.3489E-03
  8.2600E+00  7.9218E-01 -4.9605E-03
  9.4400E+00  7.6928E-01 -5.5360E-03
  1.0620E+01  7.4570E-01 -6.0582E-03
  1.1800E+01  7.2346E-01 -6.5190E-03
  1.2980E+01  7.0383E-01 -6.9208E-03
  1.4160E+01  6.8721E-01 -7.2709E-03
  1.5340E+01  6.7352E-01 -7.5835E-03
  1.6520E+01  6.6252E-01 -7.8767E-03
  1.7700E+01  6.5401E-01 -8.1628E-03
  1.8880E+01  6.4779E-01 -8.4511E-03
  2.0060E+01  6.4366E-01 -8.7524E-03
  2.1240E+01  6.4140E-01 -9.0756E-03
  2.2420E+01  6.4070E-01 -9.4252E-03
  2.3600E+01  6.4122E-01 -9.8023E-03
  2.4780E+01  6.4264E-01 -1.0204E-02
  2.5960E+01  6.4462E-01 -1.0629E-02
  2.7140E+01  6.4682E-01 -1.1071E-02
  2.8320E+01  6.4900E-01 -1.1522E-02
  2.9500E+01  6.5090E-01 -1.1980E-02
  3.0680E+01  6.5236E-01 -1.2438E-02
  3.1860E+01  6.5323E-01 -1.2888E-02
  3.3040E+01  6.5350E-01 -1.3329E-02
  3.4220E+01  6.5310E-01 -1.3762E-02
  3.5400E+01  6.5210E-01 -1.4185E-02
  3.6580E+01  6.5056E-01 -1.4593E-02
  3.7760E+01  6.4848E-01 -1.4987E-02
  3.8940E+01  6.4598E-01 -1.5370E-02
  4.0120E+01  6.4322E-01 -1.5747E-02
  4.1300E+01  6.4021E-01 -1.6117E-02
  4.2480E+01  6.3695E-01 -1.6475E-02
  4.3660E+01  6.3358E-01 -1.6821E-02
  4.4840E+01  6.3028E-01 -1.7165E-02
  4.6020E+01  6.2705E-01 -1.7512E-02
  4.7200E+01  6.2384E-01 -1.7854E-02
  4.8380E+01  6.2065E-01 -1.8189E-02
  4.9560E+01  6.1755E-01 -1.8523E-02
  5.0740E+01  6.1461E-01 -1.8858E-02
  5.1920E+01  6.1189E-01 -1.9195E-02
  5.3100E+01  6.0936E-01 -1.9535E-02
  5.4280E+01  6.0700E-01 -1.9877E-02
  5.5460E+01  6.0479E-01 -2.0224E-02
  5.6640E+01  6.0269E-01 -2.0570E-02
  5.7820E+01  6.0072E-01 -2.0918E-02
  5.9000E+01  5.9893E-01 -2.1270E-02
  6.0180E+01  5.9727E-01 -2.1624E-02
  6.1360E+01  5.9560E-01 -2.1973E-02
  6.2540E+01  5.9393E-01 -2.2318E-02
  6.3720E+01  5.9239E-01 -2.2665E-02
  6.4900E+01  5.9101E-01 -2.3014E-02
  6.6080E+01  5.8970E-01 -2.3362E-02
  6.7260E+01  5.8833E-01 -2.3700E-02
  6.8440E+01  5.8694E-01 -2.4029E-02
  6.9620E+01  5.8570E-01 -2.4360E-02
  7.0800E+01  5.8466E-01 -2.4702E-02
  7.1980E+01  5.8364E-01 -2.5047E-02
  7.3160E+01  5.8236E-01 -2.5379E-02
  7.4340E+01  5.8074E-01 -2.5690E-02
  7.5520E+01  5.7900E-01 -2.5991E-02
  7.6700E+01  5.7745E-01 -2.6295E-02
  7.7880E+01  5.7622E-01 -2.6609E-02
  7.9060E+01  5.7523E-01 -2.6928E-02
  8.0240E+01  5.7428E-01 -2.7244E-02
  8.1420E+01  5.7323E-01 -2.7554E-02
  8.2600E+01  5.7206E-01 -2.7857E-02
  8.3780E+01  5.7083E-01 -2.8157E-02
  8.4960E+01  5.6962E-01 -2.8455E-02
  8.6140E+01  5.6846E-01 -2.8753E-02
  8.7320E+01  5.6736E-01 -2.9052E-02
  8.8500E+01  5.6630E-01 -2.9351E-02
  8.9680E+01  5.6524E-01 -2.9648E-02
  9.0860E+01  5.6419E-01 -2.9944E-02
  9.2040E+01  5.6314E-01 -3.0238E-02
  9.3220E+01  5.6208E-01 -3.0529E-02
  9.4400E+01  5.6103E-01 -3.0817E-02
  9.5580E+01  5.5998E-01 -3.1104E-02
  9.6760E+01  5.5895E-01 -3.1390E-02
  9.7940E+01  5.5792E-01 -3.1675E-02
  9.9120E+01  5.5689E-01 -3.1959E-02
  1.0030E+02  5.5586E-01 -3.2243E-02
  1.0148E+02  5.5484E-01 -3.2525E-02
  1.0266E+02  5.5384E-01 -3.2807E-02
  1.0384E+02  5.5286E-01 -3.3088E-02
  1.0502E+02  5.5190E-01 -3.3369E-02
  1.0620E+02  5.5094E-01 -3.3649E-02
  1.0738E+02  5.4999E-01 -3.3928E-02
  1.0856E+02  5.4905E-01 -3.4206E-02
  1.0974E+02  5.4810E-01 -3.4484E-02
  1.1092E+02  5.4717E-01 -3.4761E-02
  1.1210E+02  5.4625E-01 -3.5037E-02
  1.1328E+02  5.4533E-01 -3.5312E-02
  1.1446E+02  5.4442E-01 -3.5586E-02
  1.1564E+02  5.4351E-01 -3.5860E-02
  1.1682E+02  5.4260E-01 -3.6133E-02
  1.1800E+02  5.4169E-01 -3.6405E-02
  1.1918E+02  5.4079E-01 -3.6678E-02
  1.2036E+02  5.3991E-01 -3.6950E-02
  1.2154E+02  5.3905E-01 -3.7221E-02
  1.2272E+02  5.3820E-01 -3.7491E-02
  1.2390E+02  5.3736E-01 -3.7761E-02
  1.2508E+02  5.3652E-01 -3.8031E-02
  1.2626E+02  5.3567E-01 -3.8300E-02
  1.2744E+02  5.3480E-01 -3.8569E-02
  1.2862E+02  5.3392E-01 -3.8836E-02
  1.2980E+02  5.3304E-01 -3.9103E-02
  1.3098E+02  5.3217E-01 -3.9369E-02
  1.3216E+02  5.3131E-01 -3.9634E-02
  1.3334E+02  5.3048E-01 -3.9898E-02
  1.3452E+02  5.2966E-01 -4.0162E-02
  1.3570E+02  5.2886E-01 -4.0424E-02
  1.3688E+02  5.2807E-01 -4.0686E-02
  1.3806E+02  5.2728E-01 -4.0948E-02
  1.3924E+02  5.2651E-01 -4.1208E-02
  1.4042E+02  5.2573E-01 -4.1468E-02
  1.4160E+02  5.2495E-01 -4.1727E-02
  1.4278E+02  5.2417E-01 -4.1985E-02
  1.4396E+02  5.2340E-01 -4.2243E-02
  1.4514E+02  5.2262E-01 -4.2500E-02
  1.4632E+02  5.2184E-01 -4.2755E-02
  1.4750E+02  5.2106E-01 -4.3010E-02
  1.4868E+02  5.2028E-01 -4.3263E-02
  1.4986E+02  5.1953E-01 -4.3516E-02
  1.5104E+02  5.1879E-01 -4.3768E-02
  1.5222E+02  5.1808E-01 -4.4020E-02
  1.5340E+02  5.1738E-01 -4.4270E-02
  1.5458E+02  5.1670E-01 -4.4520E-02
  1.5576E+02  5.1603E-01 -4.4768E-02
  1.5694E+02  5.1536E-01 -4.5015E-02
  1.5812E+02  5.1469E-01 -4.5262E-02
  1.5930E+02  5.1403E-01 -4.5509E-02
  1.6048E+02  5.1336E-01 -4.5754E-02
  1.6166E+02  5.1268E-01 -4.5999E-02
  1.6284E+02  5.1200E-01 -4.6243E-02
  1.6402E+02  5.1132E-01 -4.6487E-02
  1.6520E+02  5.1064E-01 -4.6729E-02
  1.6638E+02  5.0997E-01 -4.6971E-02
  1.6756E+02  5.0932E-01 -4.7212E-02
  1.6874E+02  5.0867E-01 -4.7452E-02
  1.6992E+02  5.0804E-01 -4.7691E-02
  1.7110E+02  5.0742E-01 -4.7930E-02
  1.7228E+02  5.0680E-01 -4.8167E-02
  1.7346E+02  5.0619E-01 -4.8404E-02
  1.7464E+02  5.0558E-01 -4.8640E-02
  1.7582E+02  5.0496E-01 -4.8875E-02
  1.7700E+02  5.0434E-01 -4.9110E-02
  1.7818E+02  5.0372E-01 -4.9344E-02
  1.7936E+02  5.0310E-01 -4.9577E-02
  1.8054E+02  5.0247E-01 -4.9809E-02
  1.8172E+02  5.0186E-01 -5.0041E-02
  1.8290E+02  5.0126E-01 -5.0273E-02
  1.8408E+02  5.0068E-01 -5.0503E-02
  1.8526E+02  5.0011E-01 -5.0734E-02
  1.8644E+02  4.9956E-01 -5.0963E-02
  1.8762E+02  4.9901E-01 -5.1192E-02
  1.8880E+02  4.9847E-01 -5.1421E-02
  1.8998E+02  4.9793E-01 -5.1648E-02
  1.9116E+02  4.9739E-01 -5.1875E-02
  1.9234E+02  4.9683E-01 -5.2102E-02
  1.9352E+02  4.9626E-01 -5.2327E-02
  1.9470E+02  4.9567E-01 -5.2552E-02
  1.9588E+02  4.9508E-01 -5.2777E-02
  1.9706E+02  4.9447E-01 -5.3000E-02
  1.9824E+02  4.9387E-01 -5.3223E-02
  1.9942E+02  4.9327E-01 -5.3446E-02
  2.0060E+02  4.9270E-01 -5.3668E-02
  2.0178E+02  4.9215E-01 -5.3889E-02
  2.0296E+02  4.9163E-01 -5.4110E-02
  2.0414E+02  4.9115E-01 -5.4330E-02
  2.0532E+02  4.9069E-01 -5.4550E-02
  2.0650E+02  4.9026E-01 -5.4769E-02
  2.0768E+02  4.8984E-01 -5.4988E-02
  2.0886E+02  4.8944E-01 -5.5206E-02
  2.1004E+02  4.8903E-01 -5.5424E-02
  2.1122E+02  4.8861E-01 -5.5642E-02
  2.1240E+02  4.8816E-01 -5.5859E-02
  2.1358E+02  4.8769E-01 -5.6075E-02
  2.1476E+02  4.8717E-01 -5.6291E-02
  2.1594E+02  4.8662E-01 -5.6506E-02
  2.1712E+02  4.8605E-01 -5.6720E-02
  2.1830E+02  4.8545E-01 -5.6934E-02
  2.1948E+02  4.8485E-01 -5.7147E-02
  2.2066E+02  4.8425E-01 -5.7359E-02
  2.2184E+02  4.8367E-01 -5.7570E-02
  2.2302E+02  4.8312E-01 -5.7781E-02
  2.2420E+02  4.8259E-01 -5.7991E-02
  2.2538E+02  4.8211E-01 -5.8200E-02
  2.2656E+02  4.8167E-01 -5.8409E-02
  2.2774E+02  4.8127E-01 -5.8617E-02
  2.2892E+02  4.8091E-01 -5.8825E-02
  2.3010E+02  4.8058E-01 -5.9033E-02
  2.3128E+02  4.8026E-01 -5.9241E-02
  2.3246E+02  4.7994E-01 -5.9448E-02
  2.3364E+02  4.7959E-01 -5.9654E-02
  2.3482E+02  4.7921E-01 -5.9861E-02
  2.3600E+02  4.7880E-01 -6.0067E-02
  2.3718E+02  4.7834E-01 -6.0273E-02
  2.3836E+02  4.7784E-01 -6.0478E-02
  2.3954E+02  4.7731E-01 -6.0683E-02
  2.4072E+02  4.7675E-01 -6.0887E-02
  2.4190E+02  4.7618E-01 -6.1091E-02
  2.4308E+02  4.7560E-01 -6.1294E-02
  2.4426E+02  4.7505E-01 -6.1496E-02
  2.4544E+02  4.7452E-01 -6.1697E-02
  2.4662E+02  4.7404E-01 -6.1898E-02
  2.4780E+02  4.7362E-01 -6.2098E-02
  2.4898E+02  4.7326E-01 -6.2297E-02
  2.5016E+02  4.7295E-01 -6.2497E-02
  2.5134E+02  4.7268E-01 -6.2695E-02
  2.5252E+02  4.7243E-01 -6.2894E-02
  2.5370E+02  4.7219E-01 -6.3092E-02
  2.5488E+02  4.7192E-01 -6.3291E-02
  2.5606E+02  4.7161E-01 -6.3489E-02
  2.5724E+02  4.7124E-01 -6.3687E-02
  2.5842E+02  4.7082E-01 -6.3884E-02
  2.5960E+02  4.7033E-01 -6.4081E-02
  2.6078E+02  4.6978E-01 -6.4278E-02
  2.6196E+02  4.6918E-01 -6.4474E-02
  2.6314E+02  4.6854E-01 -6.4669E-02
  2.6432E+02  4.6789E-01 -6.4864E-02
  2.6550E+02  4.6726E-01 -6.5058E-02
  2.6668E+02  4.6667E-01 -6.5250E-02
  2.6786E+02  4.6614E-01 -6.5443E-02
  2.6904E+02  4.6570E-01 -6.5634E-02
  2.7022E+02  4.6536E-01 -6.5825E-02
  2.7140E+02  4.6512E-01 -6.6016E-02
  2.7258E+02  4.6497E-01 -6.6206E-02
  2.7376E+02  4.6489E-01 -6.6396E-02
  2.7494E+02  4.6486E-01 -6.6586E-02
  2.7612E+02  4.6485E-01 -6.6777E-02
  2.7730E+02  4.6481E-01 -6.6967E-02
  2.7848E+02  4.6473E-01 -6.7158E-02
  2.7966E+02  4.6455E-01 -6.7349E-02
  2.8084E+02  4.6427E-01 -6.7540E-02
  2.8202E+02  4.6386E-01 -6.7731E-02
  2.8320E+02  4.6332E-01 -6.7922E-02
  2.8438E+02  4.6267E-01 -6.8112E-02
  2.8556E+02  4.6192E-01 -6.8301E-02
  2.8674E+02  4.6110E-01 -6.8489E-02
  2.8792E+02  4.6024E-01 -6.8676E-02
  2.8910E+02  4.5938E-01 -6.8862E-02
  2.9028E+02  4.5857E-01 -6.9046E-02
  2.9146E+02  4.5783E-01 -6.9229E-02
  2.9264E+02  4.5721E-01 -6.9412E-02
  2.9382E+02  4.5673E-01 -6.9593E-02
  2.9500E+02  4.5639E-01 -6.9773E-02
  2.9618E+02  4.5619E-01 -6.9954E-02
  2.9736E+02  4.5612E-01 -7.0134E-02
  2.9854E+02  4.5615E-01 -7.0314E-02
  2.9972E+02  4.5624E-01 -7.0494E-02
  3.0090E+02  4.5635E-01 -7.0675E-02
  3.0208E+02  4.5643E-01 -7.0857E-02
  3.0326E+02  4.5645E-01 -7.1039E-02
  3.0444E+02  4.5636E-01 -7.1222E-02
  3.0562E+02  4.5613E-01 -7.1404E-02
  3.0680E+02  4.5577E-01 -7.1587E-02
  3.0798E+02  4.5525E-01 -7.1770E-02
  3.0916E+02  4.5460E-01 -7.1952E-02
  3.1034E+02  4.5384E-01 -7.2133E-02
  3.1152E+02  4.5300E-01 -7.2313E-02
  3.1270E+02  4.5213E-01 -7.2492E-02
  3.1388E+02  4.5127E-01 -7.2670E-02
  3.1506E+02  4.5046E-01 -7.2847E-02
  3.1624E+02  4.4974E-01 -7.3022E-02
  3.1742E+02  4.4915E-01 -7.3196E-02
  3.1860E+02  4.4870E-01 -7.3369E-02
  3.1978E+02  4.4840E-01 -7.3542E-02
  3.2096E+02  4.4826E-01 -7.3714E-02
  3.2214E+02  4.4824E-01 -7.3886E-02
  3.2332E+02  4.4833E-01 -7.4059E-02
  3.2450E+02  4.4848E-01 -7.4232E-02
  3.2568E+02  4.4867E-01 -7.4406E-02
  3.2686E+02  4.4884E-01 -7.4580E-02
  3.2804E+02  4.4896E-01 -7.4755E-02
  3.2922E+02  4.4898E-01 -7.4931E-02
  3.3040E+02  4.4889E-01 -7.5107E-02
  3.3158E+02  4.4866E-01 -7.5283E-02
  3.3276E+02  4.4828E-01 -7.5459E-02
  3.3394E+02  4.4775E-01 -7.5635E-02
  3.3512E+02  4.4708E-01 -7.5810E-02
  3.3630E+02  4.4630E-01 -7.5985E-02
  3.3748E+02  4.4544E-01 -7.6158E-02
  3.3866E+02  4.4453E-01 -7.6330E-02
  3.3984E+02  4.4361E-01 -7.6500E-02
  3.4102E+02  4.4271E-01 -7.6669E-02
  3.4220E+02  4.4188E-01 -7.6837E-02
  3.4338E+02  4.4114E-01 -7.7003E-02
  3.4456E+02  4.4051E-01 -7.7169E-02
  3.4574E+02  4.4001E-01 -7.7333E-02
  3.4692E+02  4.3964E-01 -7.7498E-02
  3.4810E+02  4.3941E-01 -7.7662E-02
  3.4928E+02  4.3929E-01 -7.7826E-02
  3.5046E+02  4.3927E-01 -7.7990E-02
  3.5164E+02  4.3933E-01 -7.8155E-02
  3.5282E+02  4.3942E-01 -7.8321E-02
  3.5400E+02  4.3952E-01 -7.8487E-02
  3.5518E+02  4.3961E-01 -7.8653E-02
  3.5636E+02  4.3965E-01 -7.8821E-02
  3.5754E+02  4.3962E-01 -7.8988E-02
  3.5872E+02  4.3951E-01 -7.9156E-02
  3.5990E+02  4.3930E-01 -7.9324E-02
  3.6108E+02  4.3898E-01 -7.9492E-02
  3.6226E+02  4.3857E-01 -7.9659E-02
  3.6344E+02  4.3807E-01 -7.9825E-02
  3.6462E+02  4.3749E-01 -7.9991E-02
  3.6580E+02  4.3686E-01 -8.0156E-02
  3.6698E+02  4.3619E-01 -8.0320E-02
  3.6816E+02  4.3551E-01 -8.0483E-02
  3.6934E+02  4.3483E-01 -8.0645E-02
  3.7052E+02  4.3417E-01 -8.0806E-02
  3.7170E+02  4.3354E-01 -8.0966E-02
  3.7288E+02  4.3296E-01 -8.1125E-02
  3.7406E+02  4.3244E-01 -8.1284E-02
  3.7524E+02  4.3198E-01 -8.1442E-02
  3.7642E+02  4.3157E-01 -8.1601E-02
  3.7760E+02  4.3121E-01 -8.1759E-02
  3.7878E+02  4.3090E-01 -8.1917E-02
  3.7996E+02  4.3062E-01 -8.2075E-02
  3.8114E+02  4.3037E-01 -8.2233E-02
  3.8232E+02  4.3013E-01 -8.2392E-02
  3.8350E+02  4.2990E-01 -8.2550E-02
  3.8468E+02  4.2967E-01 -8.2708E-02
  3.8586E+02  4.2943E-01 -8.2867E-02
  3.8704E+02  4.2917E-01 -8.3025E-02
  3.8822E+02  4.2890E-01 -8.3183E-02
  3.8940E+02  4.2861E-01 -8.3341E-02
  3.9058E+02  4.2831E-01 -8.3499E-02
  3.9176E+02  4.2799E-01 -8.3656E-02
  3.9294E+02  4.2765E-01 -8.3813E-02
  3.9412E+02  4.2729E-01 -8.3970E-02
  3.9530E+02  4.2692E-01 -8.4125E-02
  3.9648E+02  4.2655E-01 -8.4281E-02
  3.9766E+02  4.2616E-01 -8.4436E-02
  3.9884E+02  4.2576E-01 -8.4590E-02
  4.0002E+02  4.2536E-01 -8.4744E-02
  4.0120E+02  4.2495E-01 -8.4898E-02
  4.0238E+02  4.2455E-01 -8.5051E-02
  4.0356E+02  4.2416E-01 -8.5205E-02
  4.0474E+02  4.2377E-01 -8.5357E-02
  4.0592E+02  4.2339E-01 -8.5510E-02
  4.0710E+02  4.2303E-01 -8.5662E-02
  4.0828E+02  4.2268E-01 -8.5814E-02
  4.0946E+02  4.2235E-01 -8.5967E-02
  4.1064E+02  4.2204E-01 -8.6118E-02
  4.1182E+02  4.2174E-01 -8.6270E-02
  4.1300E+02  4.2145E-01 -8.6422E-02
  4.1418E+02  4.2117E-01 -8.6573E-02
  4.1536E+02  4.2088E-01 -8.6725E-02
  4.1654E+02  4.2060E-01 -8.6876E-02
  4.1772E+02  4.2031E-01 -8.7027E-02
  4.1890E+02  4.2001E-01 -8.7178E-02
  4.2008E+02  4.1969E-01 -8.7329E-02
  4.2126E+02  4.1937E-01 -8.7479E-02
  4.2244E+02  4.1903E-01 -8.7629E-02
  4.2362E+02  4.1869E-01 -8.7779E-02
  4.2480E+02  4.1834E-01 -8.7928E-02
  4.2598E+02  4.1800E-01 -8.8077E-02
  4.2716E+02  4.1765E-01 -8.8226E-02
  4.2834E+02  4.1732E-01 -8.8375E-02
  4.2952E+02  4.1699E-01 -8.8523E-02
  4.3070E+02  4.1668E-01 -8.8671E-02
  4.3188E+02  4.1637E-01 -8.8819E-02
  4.3306E+02  4.1608E-01 -8.8966E-02
  4.3424E+02  4.1578E-01 -8.9114E-02
  4.3542E+02  4.1548E-01 -8.9261E-02
  4.3660E+02  4.1518E-01 -8.9408E-02
  4.3778E+02  4.1487E-01 -8.9555E-02
  4.3896E+02  4.1456E-01 -8.9702E-02
  4.4014E+02  4.1423E-01 -8.9848E-02
  4.4132E+02  4.1389E-01 -8.9994E-02
  4.4250E+02  4.1355E-01 -9.0140E-02
  4.4368E+02  4.1321E-01 -9.0286E-02
  4.4486E+02  4.1286E-01 -9.0432E-02
  4.4604E+02  4.1252E-01 -9.0577E-02
  4.4722E+02  4.1219E-01 -9.0722E-02
  4.4840E+02  4.1187E-01 -9.0867E-02
  4.4958E+02  4.1156E-01 -9.1012E-02
  4.5076E+02  4.1126E-01 -9.1156E-02
  4.5194E+02  4.1097E-01 -9.1300E-02
  4.5312E+02  4.1068E-01 -9.1444E-02
  4.5430E+02  4.1039E-01 -9.1588E-02
  4.5548E+02  4.1009E-01 -9.1732E-02
  4.5666E+02  4.0979E-01 -9.1875E-02
  4.5784E+02  4.0947E-01 -9.2018E-02
  4.5902E+02  4.0913E-01 -9.2161E-02
  4.6020E+02  4.0878E-01 -9.2304E-02
  4.6138E+02  4.0842E-01 -9.2447E-02
  4.6256E+02  4.0805E-01 -9.2589E-02
  4.6374E+02  4.0767E-01 -9.2731E-02
  4.6492E+02  4.0730E-01 -9.2873E-02
  4.6610E+02  4.0693E-01 -9.3015E-02
  4.6728E+02  4.0657E-01 -9.3156E-02
  4.6846E+02  4.0623E-01 -9.3297E-02
  4.6964E+02  4.0590E-01 -9.3438E-02
  4.7082E+02  4.0559E-01 -9.3579E-02
  4.7200E+02  4.0528E-01 -9.3719E-02
  4.7318E+02  4.0499E-01 -9.3859E-02
  4.7436E+02  4.0471E-01 -9.3999E-02
  4.7554E+02  4.0442E-01 -9.4139E-02
  4.7672E+02  4.0412E-01 -9.4279E-02
  4.7790E+02  4.0381E-01 -9.4419E-02
  4.7908E+02  4.0349E-01 -9.4558E-02
  4.8026E+02  4.0315E-01 -9.4697E-02
  4.8144E+02  4.0278E-01 -9.4836E-02
  4.8262E+02  4.0241E-01 -9.4975E-02
  4.8380E+02  4.0202E-01 -9.5114E-02
  4.8498E+02  4.0164E-01 -9.5252E-02
  4.8616E+02  4.0125E-01 -9.5390E-02
  4.8734E+02  4.0087E-01 -9.5528E-02
  4.8852E+02  4.0050E-01 -9.5665E-02
  4.8970E+02  4.0015E-01 -9.5802E-02
  4.9088E+02  3.9983E-01 -9.5939E-02
  4.9206E+02  3.9953E-01 -9.6076E-02
  4.9324E+02  3.9924E-01 -9.6213E-02
  4.9442E+02  3.9897E-01 -9.6349E-02
  4.9560E+02  3.9871E-01 -9.6485E-02
  4.9678E+02  3.9845E-01 -9.6621E-02
  4.9796E+02  3.9818E-01 -9.6757E-02
  4.9914E+02  3.9789E-01 -9.6893E-02
  5.0032E+02  3.9759E-01 -9.7029E-02
  5.0150E+02  3.9726E-01 -9.7165E-02
  5.0268E+02  3.9690E-01 -9.7301E-02
  5.0386E+02  3.9653E-01 -9.7436E-02
  5.0504E+02  3.9615E-01 -9.7571E-02
  5.0622E+02  3.9575E-01 -9.7706E-02
  5.0740E+02  3.9536E-01 -9.7840E-02
  5.0858E+02  3.9498E-01 -9.7975E-02
  5.0976E+02  3.9461E-01 -9.8109E-02
  5.1094E+02  3.9428E-01 -9.8242E-02
  5.1212E+02  3.9397E-01 -9.8376E-02
  5.1330E+02  3.9370E-01 -9.8509E-02
  5.1448E+02  3.9345E-01 -9.8642E-02
  5.1566E+02  3.9323E-01 -9.8775E-02
  5.1684E+02  3.9302E-01 -9.8908E-02
  5.1802E+02  3.9281E-01 -9.9041E-02
  5.1920E+02  3.9260E-01 -9.9174E-02
  5.2038E+02  3.9237E-01 -9.9307E-02
  5.2156E+02  3.9211E-01 -9.9440E-02
  5.2274E+02  3.9182E-01 -9.9572E-02
  5.2392E+02  3.9150E-01 -9.9705E-02
  5.2510E+02  3.9114E-01 -9.9837E-02
  5.2628E+02  3.9076E-01 -9.9970E-02
  5.2746E+02  3.9037E-01 -1.0010E-01
  5.2864E+02  3.8997E-01 -1.0023E-01
  5.2982E+02  3.8958E-01 -1.0036E-01
  5.3100E+02  3.8921E-01 -1.0050E-01
  5.3218E+02  3.8887E-01 -1.0063E-01
  5.3336E+02  3.8857E-01 -1.0076E-01
  5.3454E+02  3.8831E-01 -1.0089E-01
  5.3572E+02  3.8810E-01 -1.0102E-01
  5.3690E+02  3.8792E-01 -1.0115E-01
  5.3808E+02  3.8777E-01 -1.0128E-01
  5.3926E+02  3.8763E-01 -1.0141E-01
  5.4044E+02  3.8749E-01 -1.0154E-01
  5.4162E+02  3.8733E-01 -1.0167E-01
  5.4280E+02  3.8715E-01 -1.0180E-01
  5.4398E+02  3.8693E-01 -1.0193E-01
  5.4516E+02  3.8666E-01 -1.0206E-01
  5.4634E+02  3.8634E-01 -1.0219E-01
  5.4752E+02  3.8598E-01 -1.0232E-01
  5.4870E+02  3.8559E-01 -1.0245E-01
  5.4988E+02  3.8518E-01 -1.0258E-01
  5.5106E+02  3.8476E-01 -1.0271E-01
  5.5224E+02  3.8435E-01 -1.0284E-01
  5.5342E+02  3.8398E-01 -1.0296E-01
  5.5460E+02  3.8364E-01 -1.0309E-01
  5.5578E+02  3.8335E-01 -1.0322E-01
  5.5696E+02  3.8311E-01 -1.0335E-01
  5.5814E+02  3.8293E-01 -1.0347E-01
  5.5932E+02  3.8279E-01 -1.0360E-01
  5.6050E+02  3.8268E-01 -1.0373E-01
  5.6168E+02  3.8260E-01 -1.0386E-01
  5.6286E+02  3.8251E-01 -1.0398E-01
  5.6404E+02  3.8241E-01 -1.0411E-01
  5.6522E+02  3.8227E-01 -1.0424E-01
  5.6640E+02  3.8209E-01 -1.0437E-01
  5.6758E+02  3.8185E-01 -1.0450E-01
  5.6876E+02  3.8155E-01 -1.0462E-01
  5.6994E+02  3.8121E-01 -1.0475E-01
  5.7112E+02  3.8081E-01 -1.0488E-01
  5.7230E+02  3.8038E-01 -1.0501E-01
  5.7348E+02  3.7993E-01 -1.0513E-01
  5.7466E+02  3.7948E-01 -1.0526E-01
  5.7584E+02  3.7905E-01 -1.0539E-01
  5.7702E+02  3.7865E-01 -1.0551E-01
  5.7820E+02  3.7830E-01 -1.0564E-01
  5.7938E+02  3.7800E-01 -1.0576E-01
  5.8056E+02  3.7776E-01 -1.0589E-01
  5.8174E+02  3.7757E-01 -1.0601E-01
  5.8292E+02  3.7744E-01 -1.0614E-01
  5.8410E+02  3.7735E-01 -1.0626E-01
  5.8528E+02  3.7727E-01 -1.0639E-01
  5.8646E+02  3.7721E-01 -1.0651E-01
  5.8764E+02  3.7713E-01 -1.0664E-01
  5.8882E+02  3.7703E-01 -1.0676E-01
  5.9000E+02  3.7688E-01 -1.0689E-01
  5.9118E+02  3.7668E-01 -1.0701E-01
  5.9236E+02  3.7642E-01 -1.0714E-01
  5.9354E+02  3.7611E-01 -1.0726E-01
  5.9472E+02  3.7573E-01 -1.0739E-01
  5.9590E+02  3.7531E-01 -1.0752E-01
  5.9708E+02  3.7486E-01 -1.0764E-01
  5.9826E+02  3.7439E-01 -1.0776E-01
  5.9944E+02  3.7392E-01 -1.0789E-01
  6.0062E+02  3.7347E-01 -1.0801E-01
  6.0180E+02  3.7306E-01 -1.0813E-01
  6.0298E+02  3.7269E-01 -1.0826E-01
  6.0416E+02  3.7239E-01 -1.0838E-01
  6.0534E+02  3.7215E-01 -1.0850E-01
  6.0652E+02  3.7196E-01 -1.0862E-01
  6.0770E+02  3.7184E-01 -1.0874E-01
  6.0888E+02  3.7176E-01 -1.0887E-01
  6.1006E+02  3.7170E-01 -1.0899E-01
  6.1124E+02  3.7166E-01 -1.0911E-01
  6.1242E+02  3.7161E-01 -1.0923E-01
  6.1360E+02  3.7153E-01 -1.0936E-01
  6.1478E+02  3.7140E-01 -1.0948E-01
  6.1596E+02  3.7123E-01 -1.0960E-01
  6.1714E+02  3.7099E-01 -1.0973E-01
  6.1832E+02  3.7069E-01 -1.0985E-01
  6.1950E+02  3.7034E-01 -1.0997E-01
  6.2068E+02  3.6994E-01 -1.1010E-01
  6.2186E+02  3.6950E-01 -1.1022E-01
  6.2304E+02  3.6905E-01 -1.1034E-01
  6.2422E+02  3.6860E-01 -1.1046E-01
  6.2540E+02  3.6816E-01 -1.1058E-01
  6.2658E+02  3.6776E-01 -1.1071E-01
  6.2776E+02  3.6741E-01 -1.1083E-01
  6.2894E+02  3.6711E-01 -1.1095E-01
  6.3012E+02  3.6686E-01 -1.1107E-01
  6.3130E+02  3.6667E-01 -1.1118E-01
  6.3248E+02  3.6652E-01 -1.1130E-01
  6.3366E+02  3.6640E-01 -1.1142E-01
  6.3484E+02  3.6630E-01 -1.1154E-01
  6.3602E+02  3.6621E-01 -1.1166E-01
  6.3720E+02  3.6611E-01 -1.1178E-01
  6.3838E+02  3.6598E-01 -1.1190E-01
  6.3956E+02  3.6582E-01 -1.1202E-01
  6.4074E+02  3.6562E-01 -1.1215E-01
  6.4192E+02  3.6538E-01 -1.1227E-01
  6.4310E+02  3.6511E-01 -1.1239E-01
  6.4428E+02  3.6480E-01 -1.1251E-01
  6.4546E+02  3.6446E-01 -1.1263E-01
  6.4664E+02  3.6412E-01 -1.1275E-01
  6.4782E+02  3.6378E-01 -1.1287E-01
  6.4900E+02  3.6344E-01 -1.1299E-01
  6.5018E+02  3.6312E-01 -1.1311E-01
  6.5136E+02  3.6284E-01 -1.1323E-01
  6.5254E+02  3.6258E-01 -1.1334E-01
  6.5372E+02  3.6235E-01 -1.1346E-01
  6.5490E+02  3.6215E-01 -1.1358E-01
  6.5608E+02  3.6197E-01 -1.1370E-01
  6.5726E+02  3.6180E-01 -1.1382E-01
  6.5844E+02  3.6165E-01 -1.1393E-01
  6.5962E+02  3.6148E-01 -1.1405E-01
  6.6080E+02  3.6131E-01 -1.1417E-01
  6.6198E+02  3.6111E-01 -1.1429E-01
  6.6316E+02  3.6090E-01 -1.1441E-01
  6.6434E+02  3.6065E-01 -1.1453E-01
  6.6552E+02  3.6038E-01 -1.1464E-01
  6.6670E+02  3.6008E-01 -1.1476E-01
  6.6788E+02  3.5976E-01 -1.1488E-01
  6.6906E+02  3.5943E-01 -1.1500E-01
  6.7024E+02  3.5909E-01 -1.1512E-01
  6.7142E+02  3.5875E-01 -1.1523E-01
  6.7260E+02  3.5842E-01 -1.1535E-01
  6.7378E+02  3.5810E-01 -1.1547E-01
  6.7496E+02  3.5781E-01 -1.1558E-01
  6.7614E+02  3.5754E-01 -1.1570E-01
  6.7732E+02  3.5730E-01 -1.1582E-01
  6.7850E+02  3.5708E-01 -1.1593E-01
  6.7968E+02  3.5688E-01 -1.1605E-01
  6.8086E+02  3.5671E-01 -1.1616E-01
  6.8204E+02  3.5654E-01 -1.1628E-01
  6.8322E+02  3.5639E-01 -1.1640E-01
  6.8440E+02  3.5624E-01 -1.1651E-01
  6.8558E+02  3.5609E-01 -1.1663E-01
  6.8676E+02  3.5593E-01 -1.1675E-01
  6.8794E+02  3.5575E-01 -1.1686E-01
  6.8912E+02  3.5556E-01 -1.1698E-01
  6.9030E+02  3.5535E-01 -1.1709E-01
  6.9148E+02  3.5511E-01 -1.1721E-01
  6.9266E+02  3.5485E-01 -1.1733E-01
  6.9384E+02  3.5457E-01 -1.1744E-01
  6.9502E+02  3.5427E-01 -1.1756E-01
  6.9620E+02  3.5396E-01 -1.1767E-01
  6.9738E+02  3.5363E-01 -1.1779E-01
  6.9856E+02  3.5329E-01 -1.1790E-01
  6.9974E+02  3.5294E-01 -1.1802E-01
  7.0092E+02  3.5260E-01 -1.1813E-01
  7.0210E+02  3.5226E-01 -1.1825E-01
  7.0328E+02  3.5193E-01 -1.1836E-01
  7.0446E+02  3.5162E-01 -1.1848E-01
  7.0564E+02  3.5132E-01 -1.1859E-01
  7.0682E+02  3.5105E-01 -1.1870E-01
  7.0800E+02  3.5080E-01 -1.1882E-01
  7.0918E+02  3.5057E-01 -1.1893E-01
  7.1036E+02  3.5037E-01 -1.1904E-01
  7.1154E+02  3.5019E-01 -1.1916E-01
  7.1272E+02  3.5002E-01 -1.1927E-01
  7.1390E+02  3.4986E-01 -1.1938E-01
  7.1508E+02  3.4970E-01 -1.1950E-01
  7.1626E+02  3.4955E-01 -1.1961E-01
  7.1744E+02  3.4938E-01 -1.1972E-01
  7.1862E+02  3.4919E-01 -1.1984E-01
  7.1980E+02  3.4899E-01 -1.1995E-01
  7.2098E+02  3.4876E-01 -1.2006E-01
  7.2216E+02  3.4851E-01 -1.2018E-01
  7.2334E+02  3.4823E-01 -1.2029E-01
  7.2452E+02  3.4793E-01 -1.2040E-01
  7.2570E+02  3.4761E-01 -1.2052E-01
  7.2688E+02  3.4728E-01 -1.2063E-01
  7.2806E+02  3.4695E-01 -1.2074E-01
  7.2924E+02  3.4662E-01 -1.2085E-01
  7.3042E+02  3.4631E-01 -1.2096E-01
  7.3160E+02  3.4601E-01 -1.2108E-01
  7.3278E+02  3.4573E-01 -1.2119E-01
  7.3396E+02  3.4548E-01 -1.2130E-01
  7.3514E+02  3.4525E-01 -1.2141E-01
  7.3632E+02  3.4504E-01 -1.2152E-01
  7.3750E+02  3.4485E-01 -1.2163E-01
  7.3868E+02  3.4466E-01 -1.2174E-01
  7.3986E+02  3.4448E-01 -1.2185E-01
  7.4104E+02  3.4430E-01 -1.2197E-01
  7.4222E+02  3.4411E-01 -1.2208E-01
  7.4340E+02  3.4391E-01 -1.2219E-01
  7.4458E+02  3.4369E-01 -1.2230E-01
  7.4576E+02  3.4345E-01 -1.2241E-01
  7.4694E+02  3.4320E-01 -1.2252E-01
  7.4812E+02  3.4295E-01 -1.2263E-01
  7.4930E+02  3.4269E-01 -1.2274E-01
  7.5048E+02  3.4242E-01 -1.2285E-01
  7.5166E+02  3.4217E-01 -1.2296E-01
  7.5284E+02  3.4193E-01 -1.2307E-01
  7.5402E+02  3.4170E-01 -1.2318E-01
  7.5520E+02  3.4148E-01 -1.2329E-01
  7.5638E+02  3.4128E-01 -1.2340E-01
  7.5756E+02  3.4109E-01 -1.2351E-01
  7.5874E+02  3.4091E-01 -1.2362E-01
  7.5992E+02  3.4073E-01 -1.2373E-01
  7.6110E+02  3.4055E-01 -1.2384E-01
  7.6228E+02  3.4035E-01 -1.2395E-01
  7.6346E+02  3.4015E-01 -1.2406E-01
  7.6464E+02  3.3993E-01 -1.2417E-01
  7.6582E+02  3.3969E-01 -1.2428E-01
  7.6700E+02  3.3944E-01 -1.2439E-01
  7.6818E+02  3.3918E-01 -1.2450E-01
  7.6936E+02  3.3892E-01 -1.2461E-01
  7.7054E+02  3.3866E-01 -1.2472E-01
  7.7172E+02  3.3841E-01 -1.2483E-01
  7.7290E+02  3.3817E-01 -1.2494E-01
  7.7408E+02  3.3795E-01 -1.2504E-01
  7.7526E+02  3.3775E-01 -1.2515E-01
  7.7644E+02  3.3757E-01 -1.2526E-01
  7.7762E+02  3.3740E-01 -1.2537E-01
  7.7880E+02  3.3725E-01 -1.2548E-01
  7.7998E+02  3.3711E-01 -1.2559E-01
  7.8116E+02  3.3697E-01 -1.2569E-01
  7.8234E+02  3.3682E-01 -1.2580E-01
  7.8352E+02  3.3666E-01 -1.2591E-01
  7.8470E+02  3.3648E-01 -1.2602E-01
  7.8588E+02  3.3628E-01 -1.2613E-01
  7.8706E+02  3.3605E-01 -1.2624E-01
  7.8824E+02  3.3581E-01 -1.2634E-01
  7.8942E+02  3.3555E-01 -1.2645E-01
  7.9060E+02  3.3529E-01 -1.2656E-01
  7.9178E+02  3.3502E-01 -1.2667E-01
  7.9296E+02  3.3475E-01 -1.2677E-01
  7.9414E+02  3.3449E-01 -1.2688E-01
  7.9532E+02  3.3425E-01 -1.2699E-01
  7.9650E+02  3.3403E-01 -1.2710E-01
  7.9768E+02  3.3383E-01 -1.2720E-01
  7.9886E+02  3.3366E-01 -1.2731E-01
  8.0004E+02  3.3349E-01 -1.2742E-01
  8.0122E+02  3.3335E-01 -1.2752E-01
  8.0240E+02  3.3320E-01 -1.2763E-01
  8.0358E+02  3.3306E-01 -1.2774E-01
  8.0476E+02  3.3291E-01 -1.2784E-01
  8.0594E+02  3.3274E-01 -1.2795E-01
  8.0712E+02  3.3256E-01 -1.2806E-01
  8.0830E+02  3.3235E-01 -1.2816E-01
  8.0948E+02  3.3213E-01 -1.2827E-01
  8.1066E+02  3.3188E-01 -1.2838E-01
  8.1184E+02  3.3161E-01 -1.2848E-01
  8.1302E+02  3.3133E-01 -1.2859E-01
  8.1420E+02  3.3105E-01 -1.2869E-01
  8.1538E+02  3.3077E-01 -1.2880E-01
  8.1656E+02  3.3050E-01 -1.2891E-01
  8.1774E+02  3.3025E-01 -1.2901E-01
  8.1892E+02  3.3001E-01 -1.2912E-01
  8.2010E+02  3.2980E-01 -1.2922E-01
  8.2128E+02  3.2960E-01 -1.2933E-01
  8.2246E+02  3.2943E-01 -1.2943E-01
  8.2364E+02  3.2927E-01 -1.2954E-01
  8.2482E+02  3.2913E-01 -1.2964E-01
  8.2600E+02  3.2898E-01 -1.2975E-01
  8.2718E+02  3.2883E-01 -1.2985E-01
  8.2836E+02  3.2866E-01 -1.2996E-01
  8.2954E+02  3.2848E-01 -1.3006E-01
  8.3072E+02  3.2827E-01 -1.3016E-01
  8.3190E+02  3.2803E-01 -1.3027E-01
  8.3308E+02  3.2778E-01 -1.3037E-01
  8.3426E+02  3.2750E-01 -1.3048E-01
  8.3544E+02  3.2720E-01 -1.3058E-01
  8.3662E+02  3.2689E-01 -1.3069E-01
  8.3780E+02  3.2658E-01 -1.3079E-01
  8.3898E+02  3.2628E-01 -1.3090E-01
  8.4016E+02  3.2599E-01 -1.3100E-01
  8.4134E+02  3.2572E-01 -1.3110E-01
  8.4252E+02  3.2548E-01 -1.3120E-01
  8.4370E+02  3.2527E-01 -1.3131E-01
  8.4488E+02  3.2508E-01 -1.3141E-01
  8.4606E+02  3.2492E-01 -1.3151E-01
  8.4724E+02  3.2477E-01 -1.3162E-01
  8.4842E+02  3.2463E-01 -1.3172E-01
  8.4960E+02  3.2449E-01 -1.3182E-01
  8.5078E+02  3.2435E-01 -1.3192E-01
  8.5196E+02  3.2418E-01 -1.3203E-01
  8.5314E+02  3.2399E-01 -1.3213E-01
  8.5432E+02  3.2377E-01 -1.3223E-01
  8.5550E+02  3.2351E-01 -1.3233E-01
  8.5668E+02  3.2323E-01 -1.3244E-01
  8.5786E+02  3.2292E-01 -1.3254E-01
  8.5904E+02  3.2260E-01 -1.3264E-01
  8.6022E+02  3.2226E-01 -1.3274E-01
  8.6140E+02  3.2193E-01 -1.3285E-01
  8.6258E+02  3.2161E-01 -1.3295E-01
  8.6376E+02  3.2131E-01 -1.3305E-01
  8.6494E+02  3.2104E-01 -1.3315E-01
  8.6612E+02  3.2080E-01 -1.3325E-01
  8.6730E+02  3.2059E-01 -1.3335E-01
  8.6848E+02  3.2042E-01 -1.3345E-01
  8.6966E+02  3.2027E-01 -1.3355E-01
  8.7084E+02  3.2014E-01 -1.3365E-01
  8.7202E+02  3.2002E-01 -1.3375E-01
  8.7320E+02  3.1990E-01 -1.3385E-01
  8.7438E+02  3.1976E-01 -1.3395E-01
  8.7556E+02  3.1961E-01 -1.3405E-01
  8.7674E+02  3.1942E-01 -1.3415E-01
  8.7792E+02  3.1920E-01 -1.3425E-01
  8.7910E+02  3.1895E-01 -1.3435E-01
  8.8028E+02  3.1867E-01 -1.3445E-01
  8.8146E+02  3.1835E-01 -1.3455E-01
  8.8264E+02  3.1802E-01 -1.3465E-01
  8.8382E+02  3.1768E-01 -1.3475E-01
  8.8500E+02  3.1734E-01 -1.3485E-01
  8.8618E+02  3.1702E-01 -1.3495E-01
  8.8736E+02  3.1672E-01 -1.3505E-01
  8.8854E+02  3.1645E-01 -1.3515E-01
  8.8972E+02  3.1621E-01 -1.3525E-01
  8.9090E+02  3.1601E-01 -1.3535E-01
  8.9208E+02  3.1585E-01 -1.3544E-01
  8.9326E+02  3.1572E-01 -1.3554E-01
  8.9444E+02  3.1561E-01 -1.3564E-01
  8.9562E+02  3.1551E-01 -1.3574E-01
  8.9680E+02  3.1541E-01 -1.3584E-01
  8.9798E+02  3.1530E-01 -1.3594E-01
  8.9916E+02  3.1516E-01 -1.3603E-01
  9.0034E+02  3.1501E-01 -1.3613E-01
  9.0152E+02  3.1481E-01 -1.3623E-01
  9.0270E+02  3.1458E-01 -1.3633E-01
  9.0388E+02  3.1432E-01 -1.3643E-01
  9.0506E+02  3.1403E-01 -1.3653E-01
  9.0624E+02  3.1372E-01 -1.3662E-01
  9.0742E+02  3.1340E-01 -1.3672E-01
  9.0860E+02  3.1307E-01 -1.3682E-01
  9.0978E+02  3.1276E-01 -1.3692E-01
  9.1096E+02  3.1247E-01 -1.3701E-01
  9.1214E+02  3.1221E-01 -1.3711E-01
  9.1332E+02  3.1198E-01 -1.3721E-01
  9.1450E+02  3.1179E-01 -1.3730E-01
  9.1568E+02  3.1163E-01 -1.3740E-01
  9.1686E+02  3.1150E-01 -1.3749E-01
  9.1804E+02  3.1140E-01 -1.3759E-01
  9.1922E+02  3.1130E-01 -1.3769E-01
  9.2040E+02  3.1121E-01 -1.3778E-01
  9.2158E+02  3.1112E-01 -1.3788E-01
  9.2276E+02  3.1101E-01 -1.3797E-01
  9.2394E+02  3.1087E-01 -1.3807E-01
  9.2512E+02  3.1070E-01 -1.3817E-01
  9.2630E+02  3.1051E-01 -1.3826E-01
  9.2748E+02  3.1028E-01 -1.3836E-01
  9.2866E+02  3.1003E-01 -1.3846E-01
  9.2984E+02  3.0976E-01 -1.3855E-01
  9.3102E+02  3.0948E-01 -1.3865E-01
  9.3220E+02  3.0920E-01 -1.3874E-01
  9.3338E+02  3.0892E-01 -1.3884E-01
  9.3456E+02  3.0866E-01 -1.3893E-01
  9.3574E+02  3.0842E-01 -1.3903E-01
  9.3692E+02  3.0821E-01 -1.3912E-01
  9.3810E+02  3.0802E-01 -1.3922E-01
  9.3928E+02  3.0786E-01 -1.3931E-01
  9.4046E+02  3.0771E-01 -1.3941E-01
  9.4164E+02  3.0759E-01 -1.3950E-01
  9.4282E+02  3.0747E-01 -1.3959E-01
  9.4400E+02  3.0736E-01 -1.3969E-01
  9.4518E+02  3.0725E-01 -1.3978E-01
  9.4636E+02  3.0712E-01 -1.3988E-01
  9.4754E+02  3.0699E-01 -1.3997E-01
  9.4872E+02  3.0683E-01 -1.4007E-01
  9.4990E+02  3.0666E-01 -1.4016E-01
  9.5108E+02  3.0647E-01 -1.4026E-01
  9.5226E+02  3.0627E-01 -1.4035E-01
  9.5344E+02  3.0606E-01 -1.4044E-01
  9.5462E+02  3.0583E-01 -1.4054E-01
  9.5580E+02  3.0560E-01 -1.4063E-01
  9.5698E+02  3.0537E-01 -1.4073E-01
  9.5816E+02  3.0515E-01 -1.4082E-01
  9.5934E+02  3.0493E-01 -1.4091E-01
  9.6052E+02  3.0472E-01 -1.4101E-01
  9.6170E+02  3.0452E-01 -1.4110E-01
  9.6288E+02  3.0433E-01 -1.4119E-01
  9.6406E+02  3.0414E-01 -1.4128E-01
  9.6524E+02  3.0397E-01 -1.4138E-01
  9.6642E+02  3.0380E-01 -1.4147E-01
  9.6760E+02  3.0363E-01 -1.4156E-01
  9.6878E+02  3.0348E-01 -1.4165E-01
  9.6996E+02  3.0332E-01 -1.4175E-01
  9.7114E+02  3.0317E-01 -1.4184E-01
  9.7232E+02  3.0301E-01 -1.4193E-01
  9.7350E+02  3.0286E-01 -1.4202E-01
  9.7468E+02  3.0270E-01 -1.4211E-01
  9.7586E+02  3.0254E-01 -1.4221E-01
  9.7704E+02  3.0238E-01 -1.4230E-01
  9.7822E+02  3.0221E-01 -1.4239E-01
  9.7940E+02  3.0203E-01 -1.4248E-01
  9.8058E+02  3.0185E-01 -1.4258E-01
  9.8176E+02  3.0166E-01 -1.4267E-01
  9.8294E+02  3.0145E-01 -1.4276E-01
  9.8412E+02  3.0124E-01 -1.4285E-01
  9.8530E+02  3.0103E-01 -1.4294E-01
  9.8648E+02  3.0081E-01 -1.4303E-01
  9.8766E+02  3.0059E-01 -1.4312E-01
  9.8884E+02  3.0037E-01 -1.4321E-01
  9.9002E+02  3.0016E-01 -1.4331E-01
  9.9120E+02  2.9995E-01 -1.4340E-01
  9.9238E+02  2.9975E-01 -1.4349E-01
  9.9356E+02  2.9955E-01 -1.4358E-01
  9.9474E+02  2.9937E-01 -1.4367E-01
  9.9592E+02  2.9920E-01 -1.4376E-01
  9.9710E+02  2.9903E-01 -1.4385E-01
  9.9828E+02  2.9887E-01 -1.4394E-01
  9.9946E+02  2.9870E-01 -1.4403E-01
  1.0006E+03  2.9853E-01 -1.4412E-01
  1.0018E+03  2.9836E-01 -1.4421E-01
  1.0030E+03  2.9818E-01 -1.4430E-01
  1.0042E+03  2.9799E-01 -1.4439E-01
  1.0054E+03  2.9779E-01 -1.4448E-01
  1.0065E+03  2.9758E-01 -1.4457E-01
  1.0077E+03  2.9736E-01 -1.4465E-01
  1.0089E+03  2.9713E-01 -1.4474E-01
  1.0101E+03  2.9691E-01 -1.4483E-01
  1.0113E+03  2.9668E-01 -1.4492E-01
  1.0124E+03  2.9647E-01 -1.4501E-01
  1.0136E+03  2.9626E-01 -1.4510E-01
  1.0148E+03  2.9606E-01 -1.4519E-01
  1.0160E+03  2.9587E-01 -1.4528E-01
  1.0172E+03  2.9569E-01 -1.4536E-01
  1.0183E+03  2.9552E-01 -1.4545E-01
  1.0195E+03  2.9535E-01 -1.4554E-01
  1.0207E+03  2.9518E-01 -1.4563E-01
  1.0219E+03  2.9501E-01 -1.4572E-01
  1.0231E+03  2.9484E-01 -1.4580E-01
  1.0242E+03  2.9465E-01 -1.4589E-01
  1.0254E+03  2.9445E-01 -1.4598E-01
  1.0266E+03  2.9424E-01 -1.4607E-01
  1.0278E+03  2.9401E-01 -1.4615E-01
  1.0290E+03  2.9377E-01 -1.4624E-01
  1.0301E+03  2.9352E-01 -1.4633E-01
  1.0313E+03  2.9326E-01 -1.4642E-01
  1.0325E+03  2.9300E-01 -1.4650E-01
  1.0337E+03  2.9274E-01 -1.4659E-01
  1.0349E+03  2.9249E-01 -1.4668E-01
  1.0360E+03  2.9225E-01 -1.4676E-01
  1.0372E+03  2.9202E-01 -1.4685E-01
  1.0384E+03  2.9181E-01 -1.4693E-01
  1.0396E+03  2.9162E-01 -1.4702E-01
  1.0408E+03  2.9144E-01 -1.4710E-01
  1.0419E+03  2.9127E-01 -1.4719E-01
  1.0431E+03  2.9111E-01 -1.4728E-01
  1.0443E+03  2.9095E-01 -1.4736E-01
  1.0455E+03  2.9079E-01 -1.4745E-01
  1.0467E+03  2.9063E-01 -1.4753E-01
  1.0478E+03  2.9045E-01 -1.4762E-01
  1.0490E+03  2.9026E-01 -1.4770E-01
  1.0502E+03  2.9005E-01 -1.4779E-01
  1.0514E+03  2.8982E-01 -1.4787E-01
  1.0526E+03  2.8958E-01 -1.4796E-01
  1.0537E+03  2.8933E-01 -1.4804E-01
  1.0549E+03  2.8906E-01 -1.4813E-01
  1.0561E+03  2.8879E-01 -1.4821E-01
  1.0573E+03  2.8853E-01 -1.4829E-01
  1.0585E+03  2.8827E-01 -1.4838E-01
  1.0596E+03  2.8801E-01 -1.4846E-01
  1.0608E+03  2.8777E-01 -1.4855E-01
  1.0620E+03  2.8755E-01 -1.4863E-01
  1.0632E+03  2.8734E-01 -1.4871E-01
  1.0644E+03  2.8714E-01 -1.4879E-01
  1.0655E+03  2.8695E-01 -1.4888E-01
  1.0667E+03  2.8677E-01 -1.4896E-01
  1.0679E+03  2.8660E-01 -1.4904E-01
  1.0691E+03  2.8642E-01 -1.4913E-01
  1.0703E+03  2.8623E-01 -1.4921E-01
  1.0714E+03  2.8603E-01 -1.4929E-01
  1.0726E+03  2.8583E-01 -1.4937E-01
  1.0738E+03  2.8561E-01 -1.4946E-01
  1.0750E+03  2.8537E-01 -1.4954E-01
  1.0762E+03  2.8513E-01 -1.4962E-01
  1.0773E+03  2.8489E-01 -1.4970E-01
  1.0785E+03  2.8464E-01 -1.4978E-01
  1.0797E+03  2.8439E-01 -1.4987E-01
  1.0809E+03  2.8415E-01 -1.4995E-01
  1.0821E+03  2.8392E-01 -1.5003E-01
  1.0832E+03  2.8370E-01 -1.5011E-01
  1.0844E+03  2.8349E-01 -1.5019E-01
  1.0856E+03  2.8329E-01 -1.5027E-01
  1.0868E+03  2.8311E-01 -1.5035E-01
  1.0880E+03  2.8293E-01 -1.5043E-01
  1.0891E+03  2.8275E-01 -1.5051E-01
  1.0903E+03  2.8257E-01 -1.5059E-01
  1.0915E+03  2.8239E-01 -1.5067E-01
  1.0927E+03  2.8219E-01 -1.5075E-01
  1.0939E+03  2.8199E-01 -1.5083E-01
  1.0950E+03  2.8178E-01 -1.5091E-01
  1.0962E+03  2.8155E-01 -1.5099E-01
  1.0974E+03  2.8131E-01 -1.5107E-01
  1.0986E+03  2.8107E-01 -1.5115E-01
  1.0998E+03  2.8082E-01 -1.5123E-01
  1.1009E+03  2.8057E-01 -1.5131E-01
  1.1021E+03  2.8032E-01 -1.5139E-01
  1.1033E+03  2.8009E-01 -1.5147E-01
  1.1045E+03  2.7986E-01 -1.5155E-01
  1.1057E+03  2.7965E-01 -1.5163E-01
  1.1068E+03  2.7946E-01 -1.5171E-01
  1.1080E+03  2.7928E-01 -1.5179E-01
  1.1092E+03  2.7912E-01 -1.5186E-01
  1.1104E+03  2.7896E-01 -1.5194E-01
  1.1116E+03  2.7881E-01 -1.5202E-01
  1.1127E+03  2.7866E-01 -1.5210E-01
  1.1139E+03  2.7850E-01 -1.5218E-01
  1.1151E+03  2.7834E-01 -1.5225E-01
  1.1163E+03  2.7816E-01 -1.5233E-01
  1.1175E+03  2.7796E-01 -1.5241E-01
  1.1186E+03  2.7775E-01 -1.5249E-01
  1.1198E+03  2.7752E-01 -1.5257E-01
  1.1210E+03  2.7728E-01 -1.5264E-01
  1.1222E+03  2.7704E-01 -1.5272E-01
  1.1234E+03  2.7679E-01 -1.5280E-01
  1.1245E+03  2.7654E-01 -1.5287E-01
  1.1257E+03  2.7630E-01 -1.5295E-01
  1.1269E+03  2.7607E-01 -1.5303E-01
  1.1281E+03  2.7586E-01 -1.5310E-01
  1.1293E+03  2.7566E-01 -1.5318E-01
  1.1304E+03  2.7549E-01 -1.5326E-01
  1.1316E+03  2.7533E-01 -1.5333E-01
  1.1328E+03  2.7519E-01 -1.5341E-01
  1.1340E+03  2.7506E-01 -1.5348E-01
  1.1352E+03  2.7493E-01 -1.5356E-01
  1.1363E+03  2.7480E-01 -1.5364E-01
  1.1375E+03  2.7466E-01 -1.5371E-01
  1.1387E+03  2.7451E-01 -1.5379E-01
  1.1399E+03  2.7434E-01 -1.5386E-01
  1.1411E+03  2.7415E-01 -1.5394E-01
  1.1422E+03  2.7395E-01 -1.5401E-01
  1.1434E+03  2.7372E-01 -1.5409E-01
  1.1446E+03  2.7348E-01 -1.5416E-01
  1.1458E+03  2.7323E-01 -1.5424E-01
  1.1470E+03  2.7298E-01 -1.5431E-01
  1.1481E+03  2.7273E-01 -1.5439E-01
  1.1493E+03  2.7250E-01 -1.5446E-01
  1.1505E+03  2.7228E-01 -1.5454E-01
  1.1517E+03  2.7208E-01 -1.5461E-01
  1.1529E+03  2.7191E-01 -1.5469E-01
  1.1540E+03  2.7175E-01 -1.5476E-01
  1.1552E+03  2.7162E-01 -1.5483E-01
  1.1564E+03  2.7150E-01 -1.5491E-01
  1.1576E+03  2.7139E-01 -1.5498E-01
  1.1588E+03  2.7128E-01 -1.5505E-01
  1.1599E+03  2.7117E-01 -1.5513E-01
  1.1611E+03  2.7104E-01 -1.5520E-01
  1.1623E+03  2.7090E-01 -1.5528E-01
  1.1635E+03  2.7073E-01 -1.5535E-01
  1.1647E+03  2.7054E-01 -1.5542E-01
  1.1658E+03  2.7032E-01 -1.5550E-01
  1.1670E+03  2.7009E-01 -1.5557E-01
  1.1682E+03  2.6985E-01 -1.5564E-01
  1.1694E+03  2.6960E-01 -1.5572E-01
  1.1706E+03  2.6935E-01 -1.5579E-01
  1.1717E+03  2.6911E-01 -1.5586E-01
  1.1729E+03  2.6888E-01 -1.5593E-01
  1.1741E+03  2.6868E-01 -1.5601E-01
  1.1753E+03  2.6850E-01 -1.5608E-01
  1.1765E+03  2.6834E-01 -1.5615E-01
  1.1776E+03  2.6821E-01 -1.5622E-01
  1.1788E+03  2.6809E-01 -1.5629E-01
  1.1800E+03  2.6799E-01 -1.5636E-01
  1.1812E+03  2.6789E-01 -1.5644E-01
  1.1824E+03  2.6779E-01 -1.5651E-01
  1.1835E+03  2.6767E-01 -1.5658E-01
  1.1847E+03  2.6754E-01 -1.5665E-01
  1.1859E+03  2.6739E-01 -1.5672E-01
  1.1871E+03  2.6722E-01 -1.5679E-01
  1.1883E+03  2.6703E-01 -1.5687E-01
  1.1894E+03  2.6682E-01 -1.5694E-01
  1.1906E+03  2.6659E-01 -1.5701E-01
  1.1918E+03  2.6635E-01 -1.5708E-01
  1.1930E+03  2.6611E-01 -1.5715E-01
  1.1942E+03  2.6587E-01 -1.5722E-01
  1.1953E+03  2.6565E-01 -1.5729E-01
  1.1965E+03  2.6544E-01 -1.5736E-01
  1.1977E+03  2.6525E-01 -1.5743E-01
  1.1989E+03  2.6508E-01 -1.5750E-01
  1.2001E+03  2.6493E-01 -1.5757E-01
  1.2012E+03  2.6479E-01 -1.5764E-01
  1.2024E+03  2.6467E-01 -1.5771E-01
  1.2036E+03  2.6456E-01 -1.5778E-01
  1.2048E+03  2.6445E-01 -1.5785E-01
  1.2060E+03  2.6434E-01 -1.5792E-01
  1.2071E+03  2.6422E-01 -1.5799E-01
  1.2083E+03  2.6408E-01 -1.5806E-01
  1.2095E+03  2.6393E-01 -1.5813E-01
  1.2107E+03  2.6376E-01 -1.5820E-01
  1.2119E+03  2.6358E-01 -1.5827E-01
  1.2130E+03  2.6337E-01 -1.5834E-01
  1.2142E+03  2.6316E-01 -1.5841E-01
  1.2154E+03  2.6294E-01 -1.5847E-01
  1.2166E+03  2.6272E-01 -1.5854E-01
  1.2178E+03  2.6250E-01 -1.5861E-01
  1.2189E+03  2.6229E-01 -1.5868E-01
  1.2201E+03  2.6209E-01 -1.5875E-01
  1.2213E+03  2.6190E-01 -1.5882E-01
  1.2225E+03  2.6173E-01 -1.5888E-01
  1.2237E+03  2.6157E-01 -1.5895E-01
  1.2248E+03  2.6142E-01 -1.5902E-01
  1.2260E+03  2.6128E-01 -1.5909E-01
  1.2272E+03  2.6114E-01 -1.5915E-01
  1.2284E+03  2.6101E-01 -1.5922E-01
  1.2296E+03  2.6088E-01 -1.5929E-01
  1.2307E+03  2.6074E-01 -1.5936E-01
  1.2319E+03  2.6060E-01 -1.5942E-01
  1.2331E+03  2.6045E-01 -1.5949E-01
  1.2343E+03  2.6029E-01 -1.5956E-01
  1.2355E+03  2.6011E-01 -1.5963E-01
  1.2366E+03  2.5993E-01 -1.5969E-01
  1.2378E+03  2.5974E-01 -1.5976E-01
  1.2390E+03  2.5954E-01 -1.5983E-01
  1.2402E+03  2.5934E-01 -1.5989E-01
  1.2414E+03  2.5913E-01 -1.5996E-01
  1.2425E+03  2.5893E-01 -1.6003E-01
  1.2437E+03  2.5873E-01 -1.6009E-01
  1.2449E+03  2.5853E-01 -1.6016E-01
  1.2461E+03  2.5834E-01 -1.6023E-01
  1.2473E+03  2.5816E-01 -1.6029E-01
  1.2484E+03  2.5798E-01 -1.6036E-01
  1.2496E+03  2.5781E-01 -1.6042E-01
  1.2508E+03  2.5765E-01 -1.6049E-01
  1.2520E+03  2.5749E-01 -1.6055E-01
  1.2532E+03  2.5734E-01 -1.6062E-01
  1.2543E+03  2.5718E-01 -1.6068E-01
  1.2555E+03  2.5703E-01 -1.6075E-01
  1.2567E+03  2.5687E-01 -1.6081E-01
  1.2579E+03  2.5671E-01 -1.6088E-01
  1.2591E+03  2.5655E-01 -1.6094E-01
  1.2602E+03  2.5638E-01 -1.6101E-01
  1.2614E+03  2.5620E-01 -1.6107E-01
  1.2626E+03  2.5602E-01 -1.6114E-01
  1.2638E+03  2.5583E-01 -1.6120E-01
  1.2650E+03  2.5564E-01 -1.6127E-01
  1.2661E+03  2.5544E-01 -1.6133E-01
  1.2673E+03  2.5524E-01 -1.6139E-01
  1.2685E+03  2.5503E-01 -1.6146E-01
  1.2697E+03  2.5483E-01 -1.6152E-01
  1.2709E+03  2.5462E-01 -1.6159E-01
  1.2720E+03  2.5442E-01 -1.6165E-01
  1.2732E+03  2.5422E-01 -1.6171E-01
  1.2744E+03  2.5403E-01 -1.6178E-01
  1.2756E+03  2.5385E-01 -1.6184E-01
  1.2768E+03  2.5367E-01 -1.6190E-01
  1.2779E+03  2.5350E-01 -1.6196E-01
  1.2791E+03  2.5334E-01 -1.6203E-01
  1.2803E+03  2.5317E-01 -1.6209E-01
  1.2815E+03  2.5302E-01 -1.6215E-01
  1.2827E+03  2.5286E-01 -1.6221E-01
  1.2838E+03  2.5270E-01 -1.6228E-01
  1.2850E+03  2.5253E-01 -1.6234E-01
  1.2862E+03  2.5236E-01 -1.6240E-01
  1.2874E+03  2.5218E-01 -1.6246E-01
  1.2886E+03  2.5199E-01 -1.6253E-01
  1.2897E+03  2.5179E-01 -1.6259E-01
  1.2909E+03  2.5158E-01 -1.6265E-01
  1.2921E+03  2.5137E-01 -1.6271E-01
  1.2933E+03  2.5115E-01 -1.6277E-01
  1.2945E+03  2.5093E-01 -1.6283E-01
  1.2956E+03  2.5071E-01 -1.6290E-01
  1.2968E+03  2.5049E-01 -1.6296E-01
  1.2980E+03  2.5028E-01 -1.6302E-01
  1.2992E+03  2.5009E-01 -1.6308E-01
  1.3004E+03  2.4990E-01 -1.6314E-01
  1.3015E+03  2.4972E-01 -1.6320E-01
  1.3027E+03  2.4955E-01 -1.6326E-01
  1.3039E+03  2.4939E-01 -1.6332E-01
  1.3051E+03  2.4923E-01 -1.6338E-01
  1.3063E+03  2.4907E-01 -1.6344E-01
  1.3074E+03  2.4892E-01 -1.6350E-01
  1.3086E+03  2.4876E-01 -1.6356E-01
  1.3098E+03  2.4859E-01 -1.6362E-01
  1.3110E+03  2.4842E-01 -1.6368E-01
  1.3122E+03  2.4823E-01 -1.6374E-01
  1.3133E+03  2.4803E-01 -1.6380E-01
  1.3145E+03  2.4783E-01 -1.6386E-01
  1.3157E+03  2.4761E-01 -1.6392E-01
  1.3169E+03  2.4739E-01 -1.6398E-01
  1.3181E+03  2.4717E-01 -1.6403E-01
  1.3192E+03  2.4694E-01 -1.6409E-01
  1.3204E+03  2.4672E-01 -1.6415E-01
  1.3216E+03  2.4651E-01 -1.6421E-01
  1.3228E+03  2.4630E-01 -1.6427E-01
  1.3240E+03  2.4611E-01 -1.6433E-01
  1.3251E+03  2.4592E-01 -1.6438E-01
  1.3263E+03  2.4575E-01 -1.6444E-01
  1.3275E+03  2.4558E-01 -1.6450E-01
  1.3287E+03  2.4542E-01 -1.6456E-01
  1.3299E+03  2.4526E-01 -1.6461E-01
  1.3310E+03  2.4510E-01 -1.6467E-01
  1.3322E+03  2.4493E-01 -1.6473E-01
  1.3334E+03  2.4476E-01 -1.6479E-01
  1.3346E+03  2.4459E-01 -1.6484E-01
  1.3358E+03  2.4440E-01 -1.6490E-01
  1.3369E+03  2.4421E-01 -1.6496E-01
  1.3381E+03  2.4400E-01 -1.6502E-01
  1.3393E+03  2.4379E-01 -1.6507E-01
  1.3405E+03  2.4358E-01 -1.6513E-01
  1.3417E+03  2.4337E-01 -1.6519E-01
  1.3428E+03  2.4315E-01 -1.6524E-01
  1.3440E+03  2.4294E-01 -1.6530E-01
  1.3452E+03  2.4274E-01 -1.6535E-01
  1.3464E+03  2.4254E-01 -1.6541E-01
  1.3476E+03  2.4235E-01 -1.6547E-01
  1.3487E+03  2.4217E-01 -1.6552E-01
  1.3499E+03  2.4200E-01 -1.6558E-01
  1.3511E+03  2.4183E-01 -1.6563E-01
  1.3523E+03  2.4166E-01 -1.6569E-01
  1.3535E+03  2.4150E-01 -1.6574E-01
  1.3546E+03  2.4133E-01 -1.6580E-01
  1.3558E+03  2.4116E-01 -1.6585E-01
  1.3570E+03  2.4098E-01 -1.6591E-01
  1.3582E+03  2.4079E-01 -1.6596E-01
  1.3594E+03  2.4060E-01 -1.6602E-01
  1.3605E+03  2.4039E-01 -1.6607E-01
  1.3617E+03  2.4018E-01 -1.6613E-01
  1.3629E+03  2.3996E-01 -1.6618E-01
  1.3641E+03  2.3974E-01 -1.6623E-01
  1.3653E+03  2.3952E-01 -1.6629E-01
  1.3664E+03  2.3931E-01 -1.6634E-01
  1.3676E+03  2.3910E-01 -1.6640E-01
  1.3688E+03  2.3890E-01 -1.6645E-01
  1.3700E+03  2.3871E-01 -1.6650E-01
  1.3712E+03  2.3853E-01 -1.6656E-01
  1.3723E+03  2.3836E-01 -1.6661E-01
  1.3735E+03  2.3820E-01 -1.6666E-01
  1.3747E+03  2.3805E-01 -1.6672E-01
  1.3759E+03  2.3789E-01 -1.6677E-01
  1.3771E+03  2.3774E-01 -1.6682E-01
  1.3782E+03  2.3758E-01 -1.6687E-01
  1.3794E+03  2.3741E-01 -1.6693E-01
  1.3806E+03  2.3723E-01 -1.6698E-01
  1.3818E+03  2.3704E-01 -1.6703E-01
  1.3830E+03  2.3683E-01 -1.6708E-01
  1.3841E+03  2.3662E-01 -1.6714E-01
  1.3853E+03  2.3639E-01 -1.6719E-01
  1.3865E+03  2.3616E-01 -1.6724E-01
  1.3877E+03  2.3593E-01 -1.6729E-01
  1.3889E+03  2.3571E-01 -1.6734E-01
  1.3900E+03  2.3549E-01 -1.6740E-01
  1.3912E+03  2.3528E-01 -1.6745E-01
  1.3924E+03  2.3508E-01 -1.6750E-01
  1.3936E+03  2.3490E-01 -1.6755E-01
  1.3948E+03  2.3473E-01 -1.6760E-01
  1.3959E+03  2.3457E-01 -1.6765E-01
  1.3971E+03  2.3442E-01 -1.6770E-01
  1.3983E+03  2.3427E-01 -1.6775E-01
  1.3995E+03  2.3413E-01 -1.6780E-01
  1.4007E+03  2.3397E-01 -1.6785E-01
  1.4018E+03  2.3381E-01 -1.6790E-01
  1.4030E+03  2.3364E-01 -1.6795E-01
  1.4042E+03  2.3345E-01 -1.6800E-01
  1.4054E+03  2.3325E-01 -1.6805E-01
  1.4066E+03  2.3304E-01 -1.6810E-01
  1.4077E+03  2.3282E-01 -1.6815E-01
  1.4089E+03  2.3260E-01 -1.6820E-01
  1.4101E+03  2.3237E-01 -1.6825E-01
  1.4113E+03  2.3215E-01 -1.6830E-01
  1.4125E+03  2.3193E-01 -1.6835E-01
  1.4136E+03  2.3173E-01 -1.6840E-01
  1.4148E+03  2.3153E-01 -1.6845E-01
  1.4160E+03  2.3136E-01 -1.6850E-01
  1.4172E+03  2.3119E-01 -1.6855E-01
  1.4184E+03  2.3104E-01 -1.6860E-01
  1.4195E+03  2.3089E-01 -1.6864E-01
  1.4207E+03  2.3075E-01 -1.6869E-01
  1.4219E+03  2.3060E-01 -1.6874E-01
  1.4231E+03  2.3045E-01 -1.6879E-01
  1.4243E+03  2.3029E-01 -1.6884E-01
  1.4254E+03  2.3012E-01 -1.6889E-01
  1.4266E+03  2.2994E-01 -1.6893E-01
  1.4278E+03  2.2974E-01 -1.6898E-01
  1.4290E+03  2.2953E-01 -1.6903E-01
  1.4302E+03  2.2931E-01 -1.6908E-01
  1.4313E+03  2.2909E-01 -1.6913E-01
  1.4325E+03  2.2887E-01 -1.6917E-01
  1.4337E+03  2.2865E-01 -1.6922E-01
  1.4349E+03  2.2843E-01 -1.6927E-01
  1.4361E+03  2.2823E-01 -1.6931E-01
  1.4372E+03  2.2805E-01 -1.6936E-01
  1.4384E+03  2.2788E-01 -1.6941E-01
  1.4396E+03  2.2772E-01 -1.6945E-01
  1.4408E+03  2.2757E-01 -1.6950E-01
  1.4420E+03  2.2743E-01 -1.6955E-01
  1.4431E+03  2.2730E-01 -1.6959E-01
  1.4443E+03  2.2716E-01 -1.6964E-01
  1.4455E+03  2.2702E-01 -1.6969E-01
  1.4467E+03  2.2687E-01 -1.6973E-01
  1.4479E+03  2.2671E-01 -1.6978E-01
  1.4490E+03  2.2654E-01 -1.6982E-01
  1.4502E+03  2.2635E-01 -1.6987E-01
  1.4514E+03  2.2615E-01 -1.6992E-01
  1.4526E+03  2.2594E-01 -1.6996E-01
  1.4538E+03  2.2572E-01 -1.7001E-01
  1.4549E+03  2.2550E-01 -1.7005E-01
  1.4561E+03  2.2528E-01 -1.7010E-01
  1.4573E+03  2.2507E-01 -1.7014E-01
  1.4585E+03  2.2487E-01 -1.7019E-01
  1.4597E+03  2.2468E-01 -1.7023E-01
  1.4608E+03  2.2451E-01 -1.7028E-01
  1.4620E+03  2.2434E-01 -1.7032E-01
  1.4632E+03  2.2420E-01 -1.7037E-01
  1.4644E+03  2.2406E-01 -1.7041E-01
  1.4656E+03  2.2393E-01 -1.7045E-01
  1.4667E+03  2.2380E-01 -1.7050E-01
  1.4679E+03  2.2366E-01 -1.7054E-01
  1.4691E+03  2.2353E-01 -1.7059E-01
  1.4703E+03  2.2338E-01 -1.7063E-01
  1.4715E+03  2.2322E-01 -1.7067E-01
  1.4726E+03  2.2304E-01 -1.7072E-01
  1.4738E+03  2.2286E-01 -1.7076E-01
  1.4750E+03  2.2266E-01 -1.7081E-01
  1.4762E+03  2.2246E-01 -1.7085E-01
  1.4774E+03  2.2225E-01 -1.7089E-01
  1.4785E+03  2.2203E-01 -1.7094E-01
  1.4797E+03  2.2183E-01 -1.7098E-01
  1.4809E+03  2.2163E-01 -1.7102E-01
  1.4821E+03  2.2143E-01 -1.7107E-01
  1.4833E+03  2.2125E-01 -1.7111E-01
  1.4844E+03  2.2109E-01 -1.7115E-01
  1.4856E+03  2.2093E-01 -1.7119E-01
  1.4868E+03  2.2078E-01 -1.7123E-01
  1.4880E+03  2.2064E-01 -1.7128E-01
  1.4892E+03  2.2051E-01 -1.7132E-01
  1.4903E+03  2.2037E-01 -1.7136E-01
  1.4915E+03  2.2024E-01 -1.7140E-01
  1.4927E+03  2.2009E-01 -1.7145E-01
  1.4939E+03  2.1994E-01 -1.7149E-01
  1.4951E+03  2.1978E-01 -1.7153E-01
  1.4962E+03  2.1961E-01 -1.7157E-01
  1.4974E+03  2.1943E-01 -1.7161E-01
  1.4986E+03  2.1924E-01 -1.7165E-01
  1.4998E+03  2.1905E-01 -1.7170E-01
  1.5010E+03  2.1885E-01 -1.7174E-01
  1.5021E+03  2.1865E-01 -1.7178E-01
  1.5033E+03  2.1846E-01 -1.7182E-01
  1.5045E+03  2.1827E-01 -1.7186E-01
  1.5057E+03  2.1808E-01 -1.7190E-01
  1.5069E+03  2.1790E-01 -1.7194E-01
  1.5080E+03  2.1774E-01 -1.7198E-01
  1.5092E+03  2.1757E-01 -1.7202E-01
  1.5104E+03  2.1742E-01 -1.7206E-01
  1.5116E+03  2.1727E-01 -1.7210E-01
  1.5128E+03  2.1712E-01 -1.7214E-01
  1.5139E+03  2.1698E-01 -1.7218E-01
  1.5151E+03  2.1683E-01 -1.7222E-01
  1.5163E+03  2.1668E-01 -1.7226E-01
  1.5175E+03  2.1653E-01 -1.7230E-01
  1.5187E+03  2.1637E-01 -1.7234E-01
  1.5198E+03  2.1621E-01 -1.7238E-01
  1.5210E+03  2.1603E-01 -1.7242E-01
  1.5222E+03  2.1586E-01 -1.7246E-01
  1.5234E+03  2.1568E-01 -1.7250E-01
  1.5246E+03  2.1549E-01 -1.7254E-01
  1.5257E+03  2.1531E-01 -1.7258E-01
  1.5269E+03  2.1512E-01 -1.7262E-01
  1.5281E+03  2.1493E-01 -1.7266E-01
  1.5293E+03  2.1475E-01 -1.7270E-01
  1.5305E+03  2.1457E-01 -1.7274E-01
  1.5316E+03  2.1439E-01 -1.7277E-01
  1.5328E+03  2.1422E-01 -1.7281E-01
  1.5340E+03  2.1405E-01 -1.7285E-01
  1.5352E+03  2.1389E-01 -1.7289E-01
  1.5364E+03  2.1373E-01 -1.7293E-01
  1.5375E+03  2.1358E-01 -1.7297E-01
  1.5387E+03  2.1343E-01 -1.7300E-01
  1.5399E+03  2.1328E-01 -1.7304E-01
  1.5411E+03  2.1312E-01 -1.7308E-01
  1.5423E+03  2.1297E-01 -1.7312E-01
  1.5434E+03  2.1281E-01 -1.7315E-01
  1.5446E+03  2.1265E-01 -1.7319E-01
  1.5458E+03  2.1249E-01 -1.7323E-01
  1.5470E+03  2.1232E-01 -1.7327E-01
  1.5482E+03  2.1214E-01 -1.7330E-01
  1.5493E+03  2.1197E-01 -1.7334E-01
  1.5505E+03  2.1178E-01 -1.7338E-01
  1.5517E+03  2.1160E-01 -1.7342E-01
  1.5529E+03  2.1142E-01 -1.7345E-01
  1.5541E+03  2.1124E-01 -1.7349E-01
  1.5552E+03  2.1105E-01 -1.7353E-01
  1.5564E+03  2.1088E-01 -1.7356E-01
  1.5576E+03  2.1070E-01 -1.7360E-01
  1.5588E+03  2.1053E-01 -1.7363E-01
  1.5600E+03  2.1037E-01 -1.7367E-01
  1.5611E+03  2.1020E-01 -1.7371E-01
  1.5623E+03  2.1005E-01 -1.7374E-01
  1.5635E+03  2.0989E-01 -1.7378E-01
  1.5647E+03  2.0974E-01 -1.7381E-01
  1.5659E+03  2.0959E-01 -1.7385E-01
  1.5670E+03  2.0944E-01 -1.7388E-01
  1.5682E+03  2.0929E-01 -1.7392E-01
  1.5694E+03  2.0913E-01 -1.7396E-01
  1.5706E+03  2.0897E-01 -1.7399E-01
  1.5718E+03  2.0881E-01 -1.7403E-01
  1.5729E+03  2.0864E-01 -1.7406E-01
  1.5741E+03  2.0847E-01 -1.7410E-01
  1.5753E+03  2.0829E-01 -1.7413E-01
  1.5765E+03  2.0811E-01 -1.7417E-01
  1.5777E+03  2.0793E-01 -1.7420E-01
  1.5788E+03  2.0775E-01 -1.7424E-01
  1.5800E+03  2.0757E-01 -1.7427E-01
  1.5812E+03  2.0739E-01 -1.7430E-01
  1.5824E+03  2.0722E-01 -1.7434E-01
  1.5836E+03  2.0704E-01 -1.7437E-01
  1.5847E+03  2.0688E-01 -1.7441E-01
  1.5859E+03  2.0672E-01 -1.7444E-01
  1.5871E+03  2.0656E-01 -1.7447E-01
  1.5883E+03  2.0641E-01 -1.7451E-01
  1.5895E+03  2.0626E-01 -1.7454E-01
  1.5906E+03  2.0611E-01 -1.7458E-01
  1.5918E+03  2.0597E-01 -1.7461E-01
  1.5930E+03  2.0582E-01 -1.7464E-01
  1.5942E+03  2.0567E-01 -1.7468E-01
  1.5954E+03  2.0552E-01 -1.7471E-01
  1.5965E+03  2.0536E-01 -1.7474E-01
  1.5977E+03  2.0520E-01 -1.7477E-01
  1.5989E+03  2.0503E-01 -1.7481E-01
  1.6001E+03  2.0486E-01 -1.7484E-01
  1.6013E+03  2.0468E-01 -1.7487E-01
  1.6024E+03  2.0449E-01 -1.7491E-01
  1.6036E+03  2.0431E-01 -1.7494E-01
  1.6048E+03  2.0412E-01 -1.7497E-01
  1.6060E+03  2.0394E-01 -1.7500E-01
  1.6072E+03  2.0377E-01 -1.7504E-01
  1.6083E+03  2.0360E-01 -1.7507E-01
  1.6095E+03  2.0343E-01 -1.7510E-01
  1.6107E+03  2.0327E-01 -1.7513E-01
  1.6119E+03  2.0312E-01 -1.7516E-01
  1.6131E+03  2.0298E-01 -1.7519E-01
  1.6142E+03  2.0284E-01 -1.7523E-01
  1.6154E+03  2.0270E-01 -1.7526E-01
  1.6166E+03  2.0256E-01 -1.7529E-01
  1.6178E+03  2.0242E-01 -1.7532E-01
  1.6190E+03  2.0227E-01 -1.7535E-01
  1.6201E+03  2.0212E-01 -1.7538E-01
  1.6213E+03  2.0196E-01 -1.7541E-01
  1.6225E+03  2.0179E-01 -1.7545E-01
  1.6237E+03  2.0161E-01 -1.7548E-01
  1.6249E+03  2.0143E-01 -1.7551E-01
  1.6260E+03  2.0124E-01 -1.7554E-01
  1.6272E+03  2.0105E-01 -1.7557E-01
  1.6284E+03  2.0086E-01 -1.7560E-01
  1.6296E+03  2.0068E-01 -1.7563E-01
  1.6308E+03  2.0050E-01 -1.7566E-01
  1.6319E+03  2.0033E-01 -1.7569E-01
  1.6331E+03  2.0017E-01 -1.7572E-01
  1.6343E+03  2.0001E-01 -1.7575E-01
  1.6355E+03  1.9987E-01 -1.7578E-01
  1.6367E+03  1.9973E-01 -1.7581E-01
  1.6378E+03  1.9959E-01 -1.7584E-01
  1.6390E+03  1.9946E-01 -1.7587E-01
  1.6402E+03  1.9932E-01 -1.7590E-01
  1.6414E+03  1.9918E-01 -1.7593E-01
  1.6426E+03  1.9903E-01 -1.7596E-01
  1.6437E+03  1.9887E-01 -1.7599E-01
  1.6449E+03  1.9871E-01 -1.7601E-01
  1.6461E+03  1.9853E-01 -1.7604E-01
  1.6473E+03  1.9835E-01 -1.7607E-01
  1.6485E+03  1.9816E-01 -1.7610E-01
  1.6496E+03  1.9797E-01 -1.7613E-01
  1.6508E+03  1.9778E-01 -1.7616E-01
  1.6520E+03  1.9759E-01 -1.7619E-01
  1.6532E+03  1.9740E-01 -1.7622E-01
  1.6544E+03  1.9723E-01 -1.7624E-01
  1.6555E+03  1.9706E-01 -1.7627E-01
  1.6567E+03  1.9690E-01 -1.7630E-01
  1.6579E+03  1.9675E-01 -1.7633E-01
  1.6591E+03  1.9660E-01 -1.7636E-01
  1.6603E+03  1.9647E-01 -1.7638E-01
  1.6614E+03  1.9633E-01 -1.7641E-01
  1.6626E+03  1.9619E-01 -1.7644E-01
  1.6638E+03  1.9605E-01 -1.7647E-01
  1.6650E+03  1.9590E-01 -1.7649E-01
  1.6662E+03  1.9575E-01 -1.7652E-01
  1.6673E+03  1.9559E-01 -1.7655E-01
  1.6685E+03  1.9541E-01 -1.7658E-01
  1.6697E+03  1.9523E-01 -1.7660E-01
  1.6709E+03  1.9504E-01 -1.7663E-01
  1.6721E+03  1.9485E-01 -1.7666E-01
  1.6732E+03  1.9466E-01 -1.7668E-01
  1.6744E+03  1.9447E-01 -1.7671E-01
  1.6756E+03  1.9428E-01 -1.7674E-01
  1.6768E+03  1.9411E-01 -1.7676E-01
  1.6780E+03  1.9394E-01 -1.7679E-01
  1.6791E+03  1.9377E-01 -1.7682E-01
  1.6803E+03  1.9362E-01 -1.7684E-01
  1.6815E+03  1.9348E-01 -1.7687E-01
  1.6827E+03  1.9334E-01 -1.7689E-01
  1.6839E+03  1.9320E-01 -1.7692E-01
  1.6850E+03  1.9306E-01 -1.7694E-01
  1.6862E+03  1.9291E-01 -1.7697E-01
  1.6874E+03  1.9277E-01 -1.7700E-01
  1.6886E+03  1.9261E-01 -1.7702E-01
  1.6898E+03  1.9244E-01 -1.7705E-01
  1.6909E+03  1.9227E-01 -1.7707E-01
  1.6921E+03  1.9208E-01 -1.7710E-01
  1.6933E+03  1.9189E-01 -1.7712E-01
  1.6945E+03  1.9170E-01 -1.7715E-01
  1.6957E+03  1.9151E-01 -1.7717E-01
  1.6968E+03  1.9132E-01 -1.7720E-01
  1.6980E+03  1.9113E-01 -1.7722E-01
  1.6992E+03  1.9095E-01 -1.7725E-01
  1.7004E+03  1.9079E-01 -1.7727E-01
  1.7016E+03  1.9063E-01 -1.7729E-01
  1.7027E+03  1.9048E-01 -1.7732E-01
  1.7039E+03  1.9033E-01 -1.7734E-01
  1.7051E+03  1.9020E-01 -1.7737E-01
  1.7063E+03  1.9006E-01 -1.7739E-01
  1.7075E+03  1.8992E-01 -1.7741E-01
  1.7086E+03  1.8978E-01 -1.7744E-01
  1.7098E+03  1.8964E-01 -1.7746E-01
  1.7110E+03  1.8948E-01 -1.7748E-01
  1.7122E+03  1.8931E-01 -1.7751E-01
  1.7134E+03  1.8914E-01 -1.7753E-01
  1.7145E+03  1.8895E-01 -1.7756E-01
  1.7157E+03  1.8876E-01 -1.7758E-01
  1.7169E+03  1.8857E-01 -1.7760E-01
  1.7181E+03  1.8837E-01 -1.7762E-01
  1.7193E+03  1.8818E-01 -1.7765E-01
  1.7204E+03  1.8800E-01 -1.7767E-01
  1.7216E+03  1.8782E-01 -1.7769E-01
  1.7228E+03  1.8765E-01 -1.7772E-01
  1.7240E+03  1.8749E-01 -1.7774E-01
  1.7252E+03  1.8734E-01 -1.7776E-01
  1.7263E+03  1.8719E-01 -1.7778E-01
  1.7275E+03  1.8705E-01 -1.7780E-01
  1.7287E+03  1.8692E-01 -1.7783E-01
  1.7299E+03  1.8678E-01 -1.7785E-01
  1.7311E+03  1.8664E-01 -1.7787E-01
  1.7322E+03  1.8650E-01 -1.7789E-01
  1.7334E+03  1.8635E-01 -1.7791E-01
  1.7346E+03  1.8619E-01 -1.7793E-01
  1.7358E+03  1.8602E-01 -1.7796E-01
  1.7370E+03  1.8584E-01 -1.7798E-01
  1.7381E+03  1.8566E-01 -1.7800E-01
  1.7393E+03  1.8547E-01 -1.7802E-01
  1.7405E+03  1.8528E-01 -1.7804E-01
  1.7417E+03  1.8509E-01 -1.7806E-01
  1.7429E+03  1.8491E-01 -1.7808E-01
  1.7440E+03  1.8473E-01 -1.7810E-01
  1.7452E+03  1.8456E-01 -1.7813E-01
  1.7464E+03  1.8440E-01 -1.7815E-01
  1.7476E+03  1.8424E-01 -1.7817E-01
  1.7488E+03  1.8409E-01 -1.7819E-01
  1.7499E+03  1.8395E-01 -1.7821E-01
  1.7511E+03  1.8381E-01 -1.7823E-01
  1.7523E+03  1.8367E-01 -1.7825E-01
  1.7535E+03  1.8353E-01 -1.7827E-01
  1.7547E+03  1.8339E-01 -1.7829E-01
  1.7558E+03  1.8324E-01 -1.7831E-01
  1.7570E+03  1.8309E-01 -1.7833E-01
  1.7582E+03  1.8292E-01 -1.7835E-01
  1.7594E+03  1.8276E-01 -1.7837E-01
  1.7606E+03  1.8258E-01 -1.7839E-01
  1.7617E+03  1.8240E-01 -1.7840E-01
  1.7629E+03  1.8222E-01 -1.7842E-01
  1.7641E+03  1.8204E-01 -1.7844E-01
  1.7653E+03  1.8186E-01 -1.7846E-01
  1.7665E+03  1.8168E-01 -1.7848E-01
  1.7676E+03  1.8151E-01 -1.7850E-01
  1.7688E+03  1.8135E-01 -1.7852E-01
  1.7700E+03  1.8119E-01 -1.7854E-01
  1.7712E+03  1.8103E-01 -1.7856E-01
  1.7724E+03  1.8089E-01 -1.7857E-01
  1.7735E+03  1.8074E-01 -1.7859E-01
  1.7747E+03  1.8060E-01 -1.7861E-01
  1.7759E+03  1.8046E-01 -1.7863E-01
  1.7771E+03  1.8032E-01 -1.7865E-01
  1.7783E+03  1.8018E-01 -1.7867E-01
  1.7794E+03  1.8003E-01 -1.7868E-01
  1.7806E+03  1.7988E-01 -1.7870E-01
  1.7818E+03  1.7972E-01 -1.7872E-01
  1.7830E+03  1.7955E-01 -1.7874E-01
  1.7842E+03  1.7938E-01 -1.7875E-01
  1.7853E+03  1.7921E-01 -1.7877E-01
  1.7865E+03  1.7903E-01 -1.7879E-01
  1.7877E+03  1.7886E-01 -1.7881E-01
  1.7889E+03  1.7868E-01 -1.7882E-01
  1.7901E+03  1.7851E-01 -1.7884E-01
  1.7912E+03  1.7834E-01 -1.7886E-01
  1.7924E+03  1.7817E-01 -1.7888E-01
  1.7936E+03  1.7802E-01 -1.7889E-01
  1.7948E+03  1.7786E-01 -1.7891E-01
  1.7960E+03  1.7771E-01 -1.7893E-01
  1.7971E+03  1.7757E-01 -1.7894E-01
  1.7983E+03  1.7743E-01 -1.7896E-01
  1.7995E+03  1.7728E-01 -1.7897E-01
  1.8007E+03  1.7714E-01 -1.7899E-01
  1.8019E+03  1.7700E-01 -1.7901E-01
  1.8030E+03  1.7685E-01 -1.7902E-01
  1.8042E+03  1.7670E-01 -1.7904E-01
  1.8054E+03  1.7654E-01 -1.7906E-01
  1.8066E+03  1.7638E-01 -1.7907E-01
  1.8078E+03  1.7622E-01 -1.7909E-01
  1.8089E+03  1.7605E-01 -1.7910E-01
  1.8101E+03  1.7588E-01 -1.7912E-01
  1.8113E+03  1.7571E-01 -1.7913E-01
  1.8125E+03  1.7554E-01 -1.7915E-01
  1.8137E+03  1.7537E-01 -1.7916E-01
  1.8148E+03  1.7520E-01 -1.7918E-01
  1.8160E+03  1.7504E-01 -1.7919E-01
  1.8172E+03  1.7488E-01 -1.7921E-01
  1.8184E+03  1.7472E-01 -1.7922E-01
  1.8196E+03  1.7457E-01 -1.7924E-01
  1.8207E+03  1.7441E-01 -1.7925E-01
  1.8219E+03  1.7427E-01 -1.7927E-01
  1.8231E+03  1.7412E-01 -1.7928E-01
  1.8243E+03  1.7397E-01 -1.7930E-01
  1.8255E+03  1.7382E-01 -1.7931E-01
  1.8266E+03  1.7367E-01 -1.7933E-01
  1.8278E+03  1.7352E-01 -1.7934E-01
  1.8290E+03  1.7337E-01 -1.7935E-01
  1.8302E+03  1.7321E-01 -1.7937E-01
  1.8314E+03  1.7305E-01 -1.7938E-01
  1.8325E+03  1.7289E-01 -1.7940E-01
  1.8337E+03  1.7273E-01 -1.7941E-01
  1.8349E+03  1.7256E-01 -1.7942E-01
  1.8361E+03  1.7240E-01 -1.7944E-01
  1.8373E+03  1.7223E-01 -1.7945E-01
  1.8384E+03  1.7207E-01 -1.7946E-01
  1.8396E+03  1.7190E-01 -1.7948E-01
  1.8408E+03  1.7174E-01 -1.7949E-01
  1.8420E+03  1.7157E-01 -1.7950E-01
  1.8432E+03  1.7141E-01 -1.7952E-01
  1.8443E+03  1.7125E-01 -1.7953E-01
  1.8455E+03  1.7110E-01 -1.7954E-01
  1.8467E+03  1.7094E-01 -1.7955E-01
  1.8479E+03  1.7079E-01 -1.7957E-01
  1.8491E+03  1.7064E-01 -1.7958E-01
  1.8502E+03  1.7049E-01 -1.7959E-01
  1.8514E+03  1.7034E-01 -1.7960E-01
  1.8526E+03  1.7019E-01 -1.7962E-01
  1.8538E+03  1.7003E-01 -1.7963E-01
  1.8550E+03  1.6988E-01 -1.7964E-01
  1.8561E+03  1.6973E-01 -1.7965E-01
  1.8573E+03  1.6957E-01 -1.7966E-01
  1.8585E+03  1.6941E-01 -1.7968E-01
  1.8597E+03  1.6925E-01 -1.7969E-01
  1.8609E+03  1.6909E-01 -1.7970E-01
  1.8620E+03  1.6892E-01 -1.7971E-01
  1.8632E+03  1.6875E-01 -1.7972E-01
  1.8644E+03  1.6859E-01 -1.7973E-01
  1.8656E+03  1.6842E-01 -1.7974E-01
  1.8668E+03  1.6825E-01 -1.7975E-01
  1.8679E+03  1.6809E-01 -1.7977E-01
  1.8691E+03  1.6792E-01 -1.7978E-01
  1.8703E+03  1.6776E-01 -1.7979E-01
  1.8715E+03  1.6761E-01 -1.7980E-01
  1.8727E+03  1.6745E-01 -1.7981E-01
  1.8738E+03  1.6730E-01 -1.7982E-01
  1.8750E+03  1.6715E-01 -1.7983E-01
  1.8762E+03  1.6701E-01 -1.7984E-01
  1.8774E+03  1.6686E-01 -1.7985E-01
  1.8786E+03  1.6672E-01 -1.7986E-01
  1.8797E+03  1.6657E-01 -1.7987E-01
  1.8809E+03  1.6642E-01 -1.7988E-01
  1.8821E+03  1.6627E-01 -1.7989E-01
  1.8833E+03  1.6611E-01 -1.7990E-01
  1.8845E+03  1.6595E-01 -1.7991E-01
  1.8856E+03  1.6578E-01 -1.7992E-01
  1.8868E+03  1.6561E-01 -1.7993E-01
  1.8880E+03  1.6544E-01 -1.7994E-01
  1.8892E+03  1.6527E-01 -1.7995E-01
  1.8904E+03  1.6510E-01 -1.7996E-01
  1.8915E+03  1.6493E-01 -1.7997E-01
  1.8927E+03  1.6476E-01 -1.7998E-01
  1.8939E+03  1.6460E-01 -1.7998E-01
  1.8951E+03  1.6444E-01 -1.7999E-01
  1.8963E+03  1.6429E-01 -1.8000E-01
  1.8974E+03  1.6414E-01 -1.8001E-01
  1.8986E+03  1.6400E-01 -1.8002E-01
  1.8998E+03  1.6386E-01 -1.8003E-01
  1.9010E+03  1.6372E-01 -1.8004E-01
  1.9022E+03  1.6359E-01 -1.8004E-01
  1.9033E+03  1.6344E-01 -1.8005E-01
  1.9045E+03  1.6330E-01 -1.8006E-01
  1.9057E+03  1.6315E-01 -1.8007E-01
  1.9069E+03  1.6300E-01 -1.8008E-01
  1.9081E+03  1.6283E-01 -1.8008E-01
  1.9092E+03  1.6267E-01 -1.8009E-01
  1.9104E+03  1.6250E-01 -1.8010E-01
  1.9116E+03  1.6232E-01 -1.8011E-01
  1.9128E+03  1.6215E-01 -1.8012E-01
  1.9140E+03  1.6197E-01 -1.8012E-01
  1.9151E+03  1.6180E-01 -1.8013E-01
  1.9163E+03  1.6164E-01 -1.8014E-01
  1.9175E+03  1.6148E-01 -1.8014E-01
  1.9187E+03  1.6133E-01 -1.8015E-01
  1.9199E+03  1.6118E-01 -1.8016E-01
  1.9210E+03  1.6104E-01 -1.8017E-01
  1.9222E+03  1.6090E-01 -1.8017E-01
  1.9234E+03  1.6077E-01 -1.8018E-01
  1.9246E+03  1.6064E-01 -1.8019E-01
  1.9258E+03  1.6050E-01 -1.8019E-01
  1.9269E+03  1.6036E-01 -1.8020E-01
  1.9281E+03  1.6022E-01 -1.8020E-01
  1.9293E+03  1.6007E-01 -1.8021E-01
  1.9305E+03  1.5991E-01 -1.8022E-01
  1.9317E+03  1.5975E-01 -1.8022E-01
  1.9328E+03  1.5958E-01 -1.8023E-01
  1.9340E+03  1.5941E-01 -1.8024E-01
  1.9352E+03  1.5923E-01 -1.8024E-01
  1.9364E+03  1.5906E-01 -1.8025E-01
  1.9376E+03  1.5889E-01 -1.8025E-01
  1.9387E+03  1.5872E-01 -1.8026E-01
  1.9399E+03  1.5856E-01 -1.8026E-01
  1.9411E+03  1.5841E-01 -1.8027E-01
  1.9423E+03  1.5826E-01 -1.8027E-01
  1.9435E+03  1.5812E-01 -1.8028E-01
  1.9446E+03  1.5799E-01 -1.8028E-01
  1.9458E+03  1.5786E-01 -1.8029E-01
  1.9470E+03  1.5773E-01 -1.8029E-01
  1.9482E+03  1.5759E-01 -1.8030E-01
  1.9494E+03  1.5746E-01 -1.8030E-01
  1.9505E+03  1.5732E-01 -1.8031E-01
  1.9517E+03  1.5717E-01 -1.8031E-01
  1.9529E+03  1.5702E-01 -1.8032E-01
  1.9541E+03  1.5686E-01 -1.8032E-01
  1.9553E+03  1.5669E-01 -1.8033E-01
  1.9564E+03  1.5652E-01 -1.8033E-01
  1.9576E+03  1.5635E-01 -1.8034E-01
  1.9588E+03  1.5618E-01 -1.8034E-01
  1.9600E+03  1.5601E-01 -1.8034E-01
  1.9612E+03  1.5585E-01 -1.8035E-01
  1.9623E+03  1.5569E-01 -1.8035E-01
  1.9635E+03  1.5553E-01 -1.8036E-01
  1.9647E+03  1.5539E-01 -1.8036E-01
  1.9659E+03  1.5525E-01 -1.8036E-01
  1.9671E+03  1.5511E-01 -1.8037E-01
  1.9682E+03  1.5498E-01 -1.8037E-01
  1.9694E+03  1.5485E-01 -1.8037E-01
  1.9706E+03  1.5472E-01 -1.8038E-01
  1.9718E+03  1.5459E-01 -1.8038E-01
  1.9730E+03  1.5445E-01 -1.8038E-01
  1.9741E+03  1.5430E-01 -1.8038E-01
  1.9753E+03  1.5415E-01 -1.8039E-01
  1.9765E+03  1.5400E-01 -1.8039E-01
  1.9777E+03  1.5383E-01 -1.8039E-01
  1.9789E+03  1.5367E-01 -1.8040E-01
  1.9800E+03  1.5350E-01 -1.8040E-01
  1.9812E+03  1.5333E-01 -1.8040E-01
  1.9824E+03  1.5316E-01 -1.8040E-01
  1.9836E+03  1.5300E-01 -1.8041E-01
  1.9848E+03  1.5284E-01 -1.8041E-01
  1.9859E+03  1.5269E-01 -1.8041E-01
  1.9871E+03  1.5254E-01 -1.8041E-01
  1.9883E+03  1.5240E-01 -1.8041E-01
  1.9895E+03  1.5226E-01 -1.8042E-01
  1.9907E+03  1.5213E-01 -1.8042E-01
  1.9918E+03  1.5200E-01 -1.8042E-01
  1.9930E+03  1.5187E-01 -1.8042E-01
  1.9942E+03  1.5173E-01 -1.8042E-01
  1.9954E+03  1.5160E-01 -1.8042E-01
  1.9966E+03  1.5146E-01 -1.8042E-01
  1.9977E+03  1.5131E-01 -1.8043E-01
  1.9989E+03  1.5116E-01 -1.8043E-01
  2.0001E+03  1.5100E-01 -1.8043E-01
  2.0013E+03  1.5084E-01 -1.8043E-01
  2.0025E+03  1.5067E-01 -1.8043E-01
  2.0036E+03  1.5051E-01 -1.8043E-01
  2.0048E+03  1.5034E-01 -1.8043E-01
  2.0060E+03  1.5018E-01 -1.8043E-01
  2.0072E+03  1.5002E-01 -1.8043E-01
  2.0084E+03  1.4986E-01 -1.8043E-01
  2.0095E+03  1.4972E-01 -1.8043E-01
  2.0107E+03  1.4957E-01 -1.8043E-01
  2.0119E+03  1.4943E-01 -1.8043E-01
  2.0131E+03  1.4930E-01 -1.8043E-01
  2.0143E+03  1.4917E-01 -1.8043E-01
  2.0154E+03  1.4904E-01 -1.8043E-01
  2.0166E+03  1.4890E-01 -1.8043E-01
  2.0178E+03  1.4877E-01 -1.8043E-01
  2.0190E+03  1.4863E-01 -1.8043E-01
  2.0202E+03  1.4848E-01 -1.8043E-01
  2.0213E+03  1.4833E-01 -1.8043E-01
  2.0225E+03  1.4818E-01 -1.8043E-01
  2.0237E+03  1.4802E-01 -1.8043E-01
  2.0249E+03  1.4786E-01 -1.8043E-01
  2.0261E+03  1.4769E-01 -1.8043E-01
  2.0272E+03  1.4753E-01 -1.8043E-01
  2.0284E+03  1.4737E-01 -1.8043E-01
  2.0296E+03  1.4721E-01 -1.8043E-01
  2.0308E+03  1.4705E-01 -1.8043E-01
  2.0320E+03  1.4690E-01 -1.8043E-01
  2.0331E+03  1.4676E-01 -1.8042E-01
  2.0343E+03  1.4662E-01 -1.8042E-01
  2.0355E+03  1.4648E-01 -1.8042E-01
  2.0367E+03  1.4635E-01 -1.8042E-01
  2.0379E+03  1.4622E-01 -1.8042E-01
  2.0390E+03  1.4608E-01 -1.8042E-01
  2.0402E+03  1.4595E-01 -1.8042E-01
  2.0414E+03  1.4581E-01 -1.8041E-01
  2.0426E+03  1.4567E-01 -1.8041E-01
  2.0438E+03  1.4552E-01 -1.8041E-01
  2.0449E+03  1.4537E-01 -1.8041E-01
  2.0461E+03  1.4521E-01 -1.8041E-01
  2.0473E+03  1.4505E-01 -1.8040E-01
  2.0485E+03  1.4489E-01 -1.8040E-01
  2.0497E+03  1.4473E-01 -1.8040E-01
  2.0508E+03  1.4457E-01 -1.8040E-01
  2.0520E+03  1.4441E-01 -1.8039E-01
  2.0532E+03  1.4425E-01 -1.8039E-01
  2.0544E+03  1.4410E-01 -1.8039E-01
  2.0556E+03  1.4395E-01 -1.8039E-01
  2.0567E+03  1.4381E-01 -1.8038E-01
  2.0579E+03  1.4367E-01 -1.8038E-01
  2.0591E+03  1.4353E-01 -1.8038E-01
  2.0603E+03  1.4340E-01 -1.8037E-01
  2.0615E+03  1.4326E-01 -1.8037E-01
  2.0626E+03  1.4313E-01 -1.8037E-01
  2.0638E+03  1.4299E-01 -1.8036E-01
  2.0650E+03  1.4285E-01 -1.8036E-01
  2.0662E+03  1.4271E-01 -1.8036E-01
  2.0674E+03  1.4256E-01 -1.8035E-01
  2.0685E+03  1.4241E-01 -1.8035E-01
  2.0697E+03  1.4225E-01 -1.8034E-01
  2.0709E+03  1.4210E-01 -1.8034E-01
  2.0721E+03  1.4194E-01 -1.8034E-01
  2.0733E+03  1.4178E-01 -1.8033E-01
  2.0744E+03  1.4162E-01 -1.8033E-01
  2.0756E+03  1.4146E-01 -1.8032E-01
  2.0768E+03  1.4131E-01 -1.8032E-01
  2.0780E+03  1.4116E-01 -1.8031E-01
  2.0792E+03  1.4101E-01 -1.8031E-01
  2.0803E+03  1.4087E-01 -1.8031E-01
  2.0815E+03  1.4073E-01 -1.8030E-01
  2.0827E+03  1.4059E-01 -1.8030E-01
  2.0839E+03  1.4045E-01 -1.8029E-01
  2.0851E+03  1.4031E-01 -1.8029E-01
  2.0862E+03  1.4018E-01 -1.8028E-01
  2.0874E+03  1.4004E-01 -1.8028E-01
  2.0886E+03  1.3989E-01 -1.8027E-01
  2.0898E+03  1.3975E-01 -1.8027E-01
  2.0910E+03  1.3960E-01 -1.8026E-01
  2.0921E+03  1.3945E-01 -1.8025E-01
  2.0933E+03  1.3930E-01 -1.8025E-01
  2.0945E+03  1.3915E-01 -1.8024E-01
  2.0957E+03  1.3899E-01 -1.8024E-01
  2.0969E+03  1.3884E-01 -1.8023E-01
  2.0980E+03  1.3869E-01 -1.8023E-01
  2.0992E+03  1.3853E-01 -1.8022E-01
  2.1004E+03  1.3838E-01 -1.8021E-01
  2.1016E+03  1.3823E-01 -1.8021E-01
  2.1028E+03  1.3809E-01 -1.8020E-01
  2.1039E+03  1.3794E-01 -1.8020E-01
  2.1051E+03  1.3780E-01 -1.8019E-01
  2.1063E+03  1.3766E-01 -1.8018E-01
  2.1075E+03  1.3752E-01 -1.8018E-01
  2.1087E+03  1.3738E-01 -1.8017E-01
  2.1098E+03  1.3724E-01 -1.8016E-01
  2.1110E+03  1.3710E-01 -1.8016E-01
  2.1122E+03  1.3695E-01 -1.8015E-01
  2.1134E+03  1.3681E-01 -1.8014E-01
  2.1146E+03  1.3667E-01 -1.8014E-01
  2.1157E+03  1.3652E-01 -1.8013E-01
  2.1169E+03  1.3637E-01 -1.8012E-01
  2.1181E+03  1.3622E-01 -1.8011E-01
  2.1193E+03  1.3608E-01 -1.8011E-01
  2.1205E+03  1.3593E-01 -1.8010E-01
  2.1216E+03  1.3578E-01 -1.8009E-01
  2.1228E+03  1.3563E-01 -1.8008E-01
  2.1240E+03  1.3548E-01 -1.8008E-01
  2.1252E+03  1.3534E-01 -1.8007E-01
  2.1264E+03  1.3519E-01 -1.8006E-01
  2.1275E+03  1.3504E-01 -1.8005E-01
  2.1287E+03  1.3490E-01 -1.8004E-01
  2.1299E+03  1.3475E-01 -1.8004E-01
  2.1311E+03  1.3461E-01 -1.8003E-01
  2.1323E+03  1.3447E-01 -1.8002E-01
  2.1334E+03  1.3432E-01 -1.8001E-01
  2.1346E+03  1.3418E-01 -1.8000E-01
  2.1358E+03  1.3404E-01 -1.8000E-01
  2.1370E+03  1.3390E-01 -1.7999E-01
  2.1382E+03  1.3376E-01 -1.7998E-01
  2.1393E+03  1.3362E-01 -1.7997E-01
  2.1405E+03  1.3348E-01 -1.7996E-01
  2.1417E+03  1.3334E-01 -1.7995E-01
  2.1429E+03  1.3320E-01 -1.7994E-01
  2.1441E+03  1.3306E-01 -1.7993E-01
  2.1452E+03  1.3292E-01 -1.7992E-01
  2.1464E+03  1.3277E-01 -1.7992E-01
  2.1476E+03  1.3263E-01 -1.7991E-01
  2.1488E+03  1.3248E-01 -1.7990E-01
  2.1500E+03  1.3233E-01 -1.7989E-01
  2.1511E+03  1.3218E-01 -1.7988E-01
  2.1523E+03  1.3203E-01 -1.7987E-01
  2.1535E+03  1.3188E-01 -1.7986E-01
  2.1547E+03  1.3174E-01 -1.7985E-01
  2.1559E+03  1.3159E-01 -1.7984E-01
  2.1570E+03  1.3145E-01 -1.7983E-01
  2.1582E+03  1.3131E-01 -1.7982E-01
  2.1594E+03  1.3117E-01 -1.7981E-01
  2.1606E+03  1.3104E-01 -1.7980E-01
  2.1618E+03  1.3091E-01 -1.7979E-01
  2.1629E+03  1.3078E-01 -1.7978E-01
  2.1641E+03  1.3064E-01 -1.7977E-01
  2.1653E+03  1.3051E-01 -1.7976E-01
  2.1665E+03  1.3037E-01 -1.7975E-01
  2.1677E+03  1.3024E-01 -1.7974E-01
  2.1688E+03  1.3010E-01 -1.7973E-01
  2.1700E+03  1.2995E-01 -1.7972E-01
  2.1712E+03  1.2980E-01 -1.7970E-01
  2.1724E+03  1.2965E-01 -1.7969E-01
  2.1736E+03  1.2950E-01 -1.7968E-01
  2.1747E+03  1.2935E-01 -1.7967E-01
  2.1759E+03  1.2920E-01 -1.7966E-01
  2.1771E+03  1.2905E-01 -1.7965E-01
  2.1783E+03  1.2890E-01 -1.7964E-01
  2.1795E+03  1.2876E-01 -1.7963E-01
  2.1806E+03  1.2862E-01 -1.7961E-01
  2.1818E+03  1.2849E-01 -1.7960E-01
  2.1830E+03  1.2835E-01 -1.7959E-01
  2.1842E+03  1.2823E-01 -1.7958E-01
  2.1854E+03  1.2810E-01 -1.7957E-01
  2.1865E+03  1.2797E-01 -1.7956E-01
  2.1877E+03  1.2784E-01 -1.7954E-01
  2.1889E+03  1.2771E-01 -1.7953E-01
  2.1901E+03  1.2758E-01 -1.7952E-01
  2.1913E+03  1.2745E-01 -1.7951E-01
  2.1924E+03  1.2730E-01 -1.7950E-01
  2.1936E+03  1.2716E-01 -1.7948E-01
  2.1948E+03  1.2701E-01 -1.7947E-01
  2.1960E+03  1.2686E-01 -1.7946E-01
  2.1972E+03  1.2671E-01 -1.7945E-01
  2.1983E+03  1.2655E-01 -1.7943E-01
  2.1995E+03  1.2640E-01 -1.7942E-01
  2.2007E+03  1.2625E-01 -1.7941E-01
  2.2019E+03  1.2611E-01 -1.7940E-01
  2.2031E+03  1.2597E-01 -1.7938E-01
  2.2042E+03  1.2583E-01 -1.7937E-01
  2.2054E+03  1.2570E-01 -1.7936E-01
  2.2066E+03  1.2557E-01 -1.7934E-01
  2.2078E+03  1.2545E-01 -1.7933E-01
  2.2090E+03  1.2532E-01 -1.7932E-01
  2.2101E+03  1.2520E-01 -1.7930E-01
  2.2113E+03  1.2507E-01 -1.7929E-01
  2.2125E+03  1.2494E-01 -1.7928E-01
  2.2137E+03  1.2481E-01 -1.7926E-01
  2.2149E+03  1.2467E-01 -1.7925E-01
  2.2160E+03  1.2453E-01 -1.7923E-01
  2.2172E+03  1.2439E-01 -1.7922E-01
  2.2184E+03  1.2424E-01 -1.7921E-01
  2.2196E+03  1.2408E-01 -1.7919E-01
  2.2208E+03  1.2393E-01 -1.7918E-01
  2.2219E+03  1.2378E-01 -1.7917E-01
  2.2231E+03  1.2363E-01 -1.7915E-01
  2.2243E+03  1.2348E-01 -1.7914E-01
  2.2255E+03  1.2334E-01 -1.7912E-01
  2.2267E+03  1.2320E-01 -1.7911E-01
  2.2278E+03  1.2307E-01 -1.7909E-01
  2.2290E+03  1.2294E-01 -1.7908E-01
  2.2302E+03  1.2281E-01 -1.7906E-01
  2.2314E+03  1.2269E-01 -1.7905E-01
  2.2326E+03  1.2257E-01 -1.7903E-01
  2.2337E+03  1.2244E-01 -1.7902E-01
  2.2349E+03  1.2232E-01 -1.7900E-01
  2.2361E+03  1.2219E-01 -1.7899E-01
  2.2373E+03  1.2205E-01 -1.7897E-01
  2.2385E+03  1.2192E-01 -1.7896E-01
  2.2396E+03  1.2177E-01 -1.7894E-01
  2.2408E+03  1.2163E-01 -1.7893E-01
  2.2420E+03  1.2148E-01 -1.7891E-01
  2.2432E+03  1.2133E-01 -1.7890E-01
  2.2444E+03  1.2117E-01 -1.7888E-01
  2.2455E+03  1.2102E-01 -1.7887E-01
  2.2467E+03  1.2088E-01 -1.7885E-01
  2.2479E+03  1.2073E-01 -1.7884E-01
  2.2491E+03  1.2060E-01 -1.7882E-01
  2.2503E+03  1.2046E-01 -1.7880E-01
  2.2514E+03  1.2033E-01 -1.7879E-01
  2.2526E+03  1.2020E-01 -1.7877E-01
  2.2538E+03  1.2008E-01 -1.7875E-01
  2.2550E+03  1.1996E-01 -1.7874E-01
  2.2562E+03  1.1984E-01 -1.7872E-01
  2.2573E+03  1.1971E-01 -1.7871E-01
  2.2585E+03  1.1958E-01 -1.7869E-01
  2.2597E+03  1.1945E-01 -1.7867E-01
  2.2609E+03  1.1932E-01 -1.7866E-01
  2.2621E+03  1.1918E-01 -1.7864E-01
  2.2632E+03  1.1903E-01 -1.7862E-01
  2.2644E+03  1.1889E-01 -1.7861E-01
  2.2656E+03  1.1874E-01 -1.7859E-01
  2.2668E+03  1.1859E-01 -1.7857E-01
  2.2680E+03  1.1844E-01 -1.7856E-01
  2.2691E+03  1.1829E-01 -1.7854E-01
  2.2703E+03  1.1815E-01 -1.7852E-01
  2.2715E+03  1.1801E-01 -1.7850E-01
  2.2727E+03  1.1788E-01 -1.7849E-01
  2.2739E+03  1.1774E-01 -1.7847E-01
  2.2750E+03  1.1762E-01 -1.7845E-01
  2.2762E+03  1.1749E-01 -1.7843E-01
  2.2774E+03  1.1737E-01 -1.7842E-01
  2.2786E+03  1.1725E-01 -1.7840E-01
  2.2798E+03  1.1712E-01 -1.7838E-01
  2.2809E+03  1.1700E-01 -1.7836E-01
  2.2821E+03  1.1687E-01 -1.7834E-01
  2.2833E+03  1.1673E-01 -1.7833E-01
  2.2845E+03  1.1660E-01 -1.7831E-01
  2.2857E+03  1.1646E-01 -1.7829E-01
  2.2868E+03  1.1631E-01 -1.7827E-01
  2.2880E+03  1.1617E-01 -1.7825E-01
  2.2892E+03  1.1602E-01 -1.7824E-01
  2.2904E+03  1.1587E-01 -1.7822E-01
  2.2916E+03  1.1573E-01 -1.7820E-01
  2.2927E+03  1.1558E-01 -1.7818E-01
  2.2939E+03  1.1544E-01 -1.7816E-01
  2.2951E+03  1.1531E-01 -1.7814E-01
  2.2963E+03  1.1518E-01 -1.7812E-01
  2.2975E+03  1.1505E-01 -1.7810E-01
  2.2986E+03  1.1492E-01 -1.7809E-01
  2.2998E+03  1.1480E-01 -1.7807E-01
  2.3010E+03  1.1468E-01 -1.7805E-01
  2.3022E+03  1.1455E-01 -1.7803E-01
  2.3034E+03  1.1443E-01 -1.7801E-01
  2.3045E+03  1.1430E-01 -1.7799E-01
  2.3057E+03  1.1417E-01 -1.7797E-01
  2.3069E+03  1.1403E-01 -1.7795E-01
  2.3081E+03  1.1390E-01 -1.7793E-01
  2.3093E+03  1.1376E-01 -1.7791E-01
  2.3104E+03  1.1361E-01 -1.7789E-01
  2.3116E+03  1.1347E-01 -1.7787E-01
  2.3128E+03  1.1332E-01 -1.7785E-01
  2.3140E+03  1.1318E-01 -1.7783E-01
  2.3152E+03  1.1304E-01 -1.7781E-01
  2.3163E+03  1.1290E-01 -1.7779E-01
  2.3175E+03  1.1276E-01 -1.7777E-01
  2.3187E+03  1.1263E-01 -1.7775E-01
  2.3199E+03  1.1250E-01 -1.7773E-01
  2.3211E+03  1.1237E-01 -1.7771E-01
  2.3222E+03  1.1225E-01 -1.7769E-01
  2.3234E+03  1.1212E-01 -1.7767E-01
  2.3246E+03  1.1200E-01 -1.7765E-01
  2.3258E+03  1.1187E-01 -1.7763E-01
  2.3270E+03  1.1175E-01 -1.7761E-01
  2.3281E+03  1.1162E-01 -1.7759E-01
  2.3293E+03  1.1149E-01 -1.7757E-01
  2.3305E+03  1.1135E-01 -1.7755E-01
  2.3317E+03  1.1121E-01 -1.7752E-01
  2.3329E+03  1.1107E-01 -1.7750E-01
  2.3340E+03  1.1093E-01 -1.7748E-01
  2.3352E+03  1.1079E-01 -1.7746E-01
  2.3364E+03  1.1064E-01 -1.7744E-01
  2.3376E+03  1.1050E-01 -1.7742E-01
  2.3388E+03  1.1036E-01 -1.7740E-01
  2.3399E+03  1.1023E-01 -1.7738E-01
  2.3411E+03  1.1009E-01 -1.7735E-01
  2.3423E+03  1.0996E-01 -1.7733E-01
  2.3435E+03  1.0984E-01 -1.7731E-01
  2.3447E+03  1.0971E-01 -1.7729E-01
  2.3458E+03  1.0959E-01 -1.7727E-01
  2.3470E+03  1.0946E-01 -1.7725E-01
  2.3482E+03  1.0934E-01 -1.7722E-01
  2.3494E+03  1.0921E-01 -1.7720E-01
  2.3506E+03  1.0908E-01 -1.7718E-01
  2.3517E+03  1.0895E-01 -1.7716E-01
  2.3529E+03  1.0882E-01 -1.7713E-01
  2.3541E+03  1.0868E-01 -1.7711E-01
  2.3553E+03  1.0854E-01 -1.7709E-01
  2.3565E+03  1.0841E-01 -1.7707E-01
  2.3576E+03  1.0827E-01 -1.7704E-01
  2.3588E+03  1.0813E-01 -1.7702E-01
  2.3600E+03  1.0799E-01 -1.7700E-01
  2.3612E+03  1.0785E-01 -1.7698E-01
  2.3624E+03  1.0771E-01 -1.7695E-01
  2.3635E+03  1.0758E-01 -1.7693E-01
  2.3647E+03  1.0745E-01 -1.7691E-01
  2.3659E+03  1.0732E-01 -1.7688E-01
  2.3671E+03  1.0720E-01 -1.7686E-01
  2.3683E+03  1.0707E-01 -1.7684E-01
  2.3694E+03  1.0694E-01 -1.7681E-01
  2.3706E+03  1.0682E-01 -1.7679E-01
  2.3718E+03  1.0669E-01 -1.7677E-01
  2.3730E+03  1.0656E-01 -1.7674E-01
  2.3742E+03  1.0643E-01 -1.7672E-01
  2.3753E+03  1.0630E-01 -1.7670E-01
  2.3765E+03  1.0617E-01 -1.7667E-01
  2.3777E+03  1.0604E-01 -1.7665E-01
  2.3789E+03  1.0590E-01 -1.7663E-01
  2.3801E+03  1.0577E-01 -1.7660E-01
  2.3812E+03  1.0563E-01 -1.7658E-01
  2.3824E+03  1.0550E-01 -1.7655E-01
  2.3836E+03  1.0536E-01 -1.7653E-01
  2.3848E+03  1.0523E-01 -1.7651E-01
  2.3860E+03  1.0510E-01 -1.7648E-01
  2.3871E+03  1.0497E-01 -1.7646E-01
  2.3883E+03  1.0484E-01 -1.7643E-01
  2.3895E+03  1.0471E-01 -1.7641E-01
  2.3907E+03  1.0458E-01 -1.7638E-01
  2.3919E+03  1.0445E-01 -1.7636E-01
  2.3930E+03  1.0432E-01 -1.7633E-01
  2.3942E+03  1.0420E-01 -1.7631E-01
  2.3954E+03  1.0407E-01 -1.7628E-01
  2.3966E+03  1.0394E-01 -1.7626E-01
  2.3978E+03  1.0381E-01 -1.7624E-01
  2.3989E+03  1.0368E-01 -1.7621E-01
  2.4001E+03  1.0355E-01 -1.7619E-01
  2.4013E+03  1.0342E-01 -1.7616E-01
  2.4025E+03  1.0329E-01 -1.7613E-01
  2.4037E+03  1.0316E-01 -1.7611E-01
  2.4048E+03  1.0303E-01 -1.7608E-01
  2.4060E+03  1.0290E-01 -1.7606E-01
  2.4072E+03  1.0277E-01 -1.7603E-01
  2.4084E+03  1.0264E-01 -1.7601E-01
  2.4096E+03  1.0251E-01 -1.7598E-01
  2.4107E+03  1.0238E-01 -1.7596E-01
  2.4119E+03  1.0225E-01 -1.7593E-01
  2.4131E+03  1.0212E-01 -1.7590E-01
  2.4143E+03  1.0199E-01 -1.7588E-01
  2.4155E+03  1.0186E-01 -1.7585E-01
  2.4166E+03  1.0173E-01 -1.7583E-01
  2.4178E+03  1.0160E-01 -1.7580E-01
  2.4190E+03  1.0147E-01 -1.7577E-01
  2.4202E+03  1.0135E-01 -1.7575E-01
  2.4214E+03  1.0122E-01 -1.7572E-01
  2.4225E+03  1.0109E-01 -1.7570E-01
  2.4237E+03  1.0097E-01 -1.7567E-01
  2.4249E+03  1.0085E-01 -1.7564E-01
  2.4261E+03  1.0072E-01 -1.7562E-01
  2.4273E+03  1.0060E-01 -1.7559E-01
  2.4284E+03  1.0047E-01 -1.7556E-01
  2.4296E+03  1.0034E-01 -1.7554E-01
  2.4308E+03  1.0022E-01 -1.7551E-01
  2.4320E+03  1.0009E-01 -1.7548E-01
  2.4332E+03  9.9956E-02 -1.7546E-01
  2.4343E+03  9.9825E-02 -1.7543E-01
  2.4355E+03  9.9693E-02 -1.7540E-01
  2.4367E+03  9.9561E-02 -1.7537E-01
  2.4379E+03  9.9430E-02 -1.7535E-01
  2.4391E+03  9.9299E-02 -1.7532E-01
  2.4402E+03  9.9169E-02 -1.7529E-01
  2.4414E+03  9.9040E-02 -1.7526E-01
  2.4426E+03  9.8914E-02 -1.7524E-01
  2.4438E+03  9.8789E-02 -1.7521E-01
  2.4450E+03  9.8666E-02 -1.7518E-01
  2.4461E+03  9.8545E-02 -1.7515E-01
  2.4473E+03  9.8424E-02 -1.7513E-01
  2.4485E+03  9.8304E-02 -1.7510E-01
  2.4497E+03  9.8184E-02 -1.7507E-01
  2.4509E+03  9.8064E-02 -1.7504E-01
  2.4520E+03  9.7941E-02 -1.7501E-01
  2.4532E+03  9.7817E-02 -1.7499E-01
  2.4544E+03  9.7691E-02 -1.7496E-01
  2.4556E+03  9.7563E-02 -1.7493E-01
  2.4568E+03  9.7433E-02 -1.7490E-01
  2.4579E+03  9.7301E-02 -1.7487E-01
  2.4591E+03  9.7168E-02 -1.7484E-01
  2.4603E+03  9.7035E-02 -1.7482E-01
  2.4615E+03  9.6903E-02 -1.7479E-01
  2.4627E+03  9.6772E-02 -1.7476E-01
  2.4638E+03  9.6642E-02 -1.7473E-01
  2.4650E+03  9.6515E-02 -1.7470E-01
  2.4662E+03  9.6391E-02 -1.7467E-01
  2.4674E+03  9.6269E-02 -1.7464E-01
  2.4686E+03  9.6150E-02 -1.7461E-01
  2.4697E+03  9.6032E-02 -1.7459E-01
  2.4709E+03  9.5916E-02 -1.7456E-01
  2.4721E+03  9.5800E-02 -1.7453E-01
  2.4733E+03  9.5683E-02 -1.7450E-01
  2.4745E+03  9.5565E-02 -1.7447E-01
  2.4756E+03  9.5444E-02 -1.7444E-01
  2.4768E+03  9.5321E-02 -1.7441E-01
  2.4780E+03  9.5196E-02 -1.7438E-01
  2.4792E+03  9.5067E-02 -1.7435E-01
  2.4804E+03  9.4937E-02 -1.7432E-01
  2.4815E+03  9.4804E-02 -1.7429E-01
  2.4827E+03  9.4671E-02 -1.7426E-01
  2.4839E+03  9.4538E-02 -1.7423E-01
  2.4851E+03  9.4406E-02 -1.7420E-01
  2.4863E+03  9.4275E-02 -1.7417E-01
  2.4874E+03  9.4148E-02 -1.7414E-01
  2.4886E+03  9.4023E-02 -1.7411E-01
  2.4898E+03  9.3901E-02 -1.7408E-01
  2.4910E+03  9.3782E-02 -1.7405E-01
  2.4922E+03  9.3666E-02 -1.7402E-01
  2.4933E+03  9.3551E-02 -1.7399E-01
  2.4945E+03  9.3437E-02 -1.7396E-01
  2.4957E+03  9.3323E-02 -1.7393E-01
  2.4969E+03  9.3208E-02 -1.7390E-01
  2.4981E+03  9.3091E-02 -1.7387E-01
  2.4992E+03  9.2971E-02 -1.7384E-01
  2.5004E+03  9.2848E-02 -1.7381E-01
  2.5016E+03  9.2722E-02 -1.7378E-01
  2.5028E+03  9.2594E-02 -1.7375E-01
  2.5040E+03  9.2463E-02 -1.7372E-01
  2.5051E+03  9.2331E-02 -1.7369E-01
  2.5063E+03  9.2198E-02 -1.7366E-01
  2.5075E+03  9.2066E-02 -1.7362E-01
  2.5087E+03  9.1935E-02 -1.7359E-01
  2.5099E+03  9.1806E-02 -1.7356E-01
  2.5110E+03  9.1680E-02 -1.7353E-01
  2.5122E+03  9.1558E-02 -1.7350E-01
  2.5134E+03  9.1438E-02 -1.7347E-01
  2.5146E+03  9.1321E-02 -1.7344E-01
  2.5158E+03  9.1207E-02 -1.7340E-01
  2.5169E+03  9.1094E-02 -1.7337E-01
  2.5181E+03  9.0981E-02 -1.7334E-01
  2.5193E+03  9.0868E-02 -1.7331E-01
  2.5205E+03  9.0753E-02 -1.7328E-01
  2.5217E+03  9.0636E-02 -1.7325E-01
  2.5228E+03  9.0516E-02 -1.7321E-01
  2.5240E+03  9.0393E-02 -1.7318E-01
  2.5252E+03  9.0268E-02 -1.7315E-01
  2.5264E+03  9.0139E-02 -1.7312E-01
  2.5276E+03  9.0009E-02 -1.7309E-01
  2.5287E+03  8.9877E-02 -1.7305E-01
  2.5299E+03  8.9746E-02 -1.7302E-01
  2.5311E+03  8.9615E-02 -1.7299E-01
  2.5323E+03  8.9486E-02 -1.7296E-01
  2.5335E+03  8.9359E-02 -1.7292E-01
  2.5346E+03  8.9235E-02 -1.7289E-01
  2.5358E+03  8.9115E-02 -1.7286E-01
  2.5370E+03  8.8997E-02 -1.7283E-01
  2.5382E+03  8.8882E-02 -1.7279E-01
  2.5394E+03  8.8769E-02 -1.7276E-01
  2.5405E+03  8.8658E-02 -1.7273E-01
  2.5417E+03  8.8546E-02 -1.7270E-01
  2.5429E+03  8.8433E-02 -1.7266E-01
  2.5441E+03  8.8318E-02 -1.7263E-01
  2.5453E+03  8.8201E-02 -1.7260E-01
  2.5464E+03  8.8081E-02 -1.7256E-01
  2.5476E+03  8.7958E-02 -1.7253E-01
  2.5488E+03  8.7832E-02 -1.7250E-01
  2.5500E+03  8.7704E-02 -1.7246E-01
  2.5512E+03  8.7574E-02 -1.7243E-01
  2.5523E+03  8.7444E-02 -1.7240E-01
  2.5535E+03  8.7314E-02 -1.7236E-01
  2.5547E+03  8.7185E-02 -1.7233E-01
  2.5559E+03  8.7059E-02 -1.7230E-01
  2.5571E+03  8.6935E-02 -1.7226E-01
  2.5582E+03  8.6814E-02 -1.7223E-01
  2.5594E+03  8.6696E-02 -1.7220E-01
  2.5606E+03  8.6581E-02 -1.7216E-01
  2.5618E+03  8.6468E-02 -1.7213E-01
  2.5630E+03  8.6357E-02 -1.7209E-01
  2.5641E+03  8.6246E-02 -1.7206E-01
  2.5653E+03  8.6135E-02 -1.7203E-01
  2.5665E+03  8.6022E-02 -1.7199E-01
  2.5677E+03  8.5906E-02 -1.7196E-01
  2.5689E+03  8.5789E-02 -1.7192E-01
  2.5700E+03  8.5668E-02 -1.7189E-01
  2.5712E+03  8.5544E-02 -1.7185E-01
  2.5724E+03  8.5419E-02 -1.7182E-01
  2.5736E+03  8.5291E-02 -1.7179E-01
  2.5748E+03  8.5163E-02 -1.7175E-01
  2.5759E+03  8.5034E-02 -1.7172E-01
  2.5771E+03  8.4907E-02 -1.7168E-01
  2.5783E+03  8.4781E-02 -1.7165E-01
  2.5795E+03  8.4658E-02 -1.7161E-01
  2.5807E+03  8.4538E-02 -1.7158E-01
  2.5818E+03  8.4421E-02 -1.7154E-01
  2.5830E+03  8.4306E-02 -1.7151E-01
  2.5842E+03  8.4193E-02 -1.7147E-01
  2.5854E+03  8.4082E-02 -1.7144E-01
  2.5866E+03  8.3971E-02 -1.7140E-01
  2.5877E+03  8.3860E-02 -1.7137E-01
  2.5889E+03  8.3748E-02 -1.7133E-01
  2.5901E+03  8.3634E-02 -1.7130E-01
  2.5913E+03  8.3518E-02 -1.7126E-01
  2.5925E+03  8.3399E-02 -1.7123E-01
  2.5936E+03  8.3278E-02 -1.7119E-01
  2.5948E+03  8.3155E-02 -1.7115E-01
  2.5960E+03  8.3030E-02 -1.7112E-01
  2.5972E+03  8.2904E-02 -1.7108E-01
  2.5984E+03  8.2778E-02 -1.7105E-01
  2.5995E+03  8.2653E-02 -1.7101E-01
  2.6007E+03  8.2529E-02 -1.7098E-01
  2.6019E+03  8.2407E-02 -1.7094E-01
  2.6031E+03  8.2288E-02 -1.7090E-01
  2.6043E+03  8.2171E-02 -1.7087E-01
  2.6054E+03  8.2056E-02 -1.7083E-01
  2.6066E+03  8.1943E-02 -1.7080E-01
  2.6078E+03  8.1832E-02 -1.7076E-01
  2.6090E+03  8.1721E-02 -1.7072E-01
  2.6102E+03  8.1610E-02 -1.7069E-01
  2.6113E+03  8.1498E-02 -1.7065E-01
  2.6125E+03  8.1385E-02 -1.7061E-01
  2.6137E+03  8.1271E-02 -1.7058E-01
  2.6149E+03  8.1154E-02 -1.7054E-01
  2.6161E+03  8.1035E-02 -1.7050E-01
  2.6172E+03  8.0914E-02 -1.7047E-01
  2.6184E+03  8.0792E-02 -1.7043E-01
  2.6196E+03  8.0669E-02 -1.7039E-01
  2.6208E+03  8.0546E-02 -1.7036E-01
  2.6220E+03  8.0423E-02 -1.7032E-01
  2.6231E+03  8.0301E-02 -1.7028E-01
  2.6243E+03  8.0181E-02 -1.7025E-01
  2.6255E+03  8.0062E-02 -1.7021E-01
  2.6267E+03  7.9946E-02 -1.7017E-01
  2.6279E+03  7.9831E-02 -1.7013E-01
  2.6290E+03  7.9718E-02 -1.7010E-01
  2.6302E+03  7.9606E-02 -1.7006E-01
  2.6314E+03  7.9494E-02 -1.7002E-01
  2.6326E+03  7.9383E-02 -1.6998E-01
  2.6338E+03  7.9271E-02 -1.6995E-01
  2.6349E+03  7.9159E-02 -1.6991E-01
  2.6361E+03  7.9045E-02 -1.6987E-01
  2.6373E+03  7.8929E-02 -1.6983E-01
  2.6385E+03  7.8813E-02 -1.6980E-01
  2.6397E+03  7.8694E-02 -1.6976E-01
  2.6408E+03  7.8575E-02 -1.6972E-01
  2.6420E+03  7.8455E-02 -1.6968E-01
  2.6432E+03  7.8335E-02 -1.6965E-01
  2.6444E+03  7.8214E-02 -1.6961E-01
  2.6456E+03  7.8095E-02 -1.6957E-01
  2.6467E+03  7.7976E-02 -1.6953E-01
  2.6479E+03  7.7859E-02 -1.6949E-01
  2.6491E+03  7.7743E-02 -1.6945E-01
  2.6503E+03  7.7628E-02 -1.6942E-01
  2.6515E+03  7.7514E-02 -1.6938E-01
  2.6526E+03  7.7401E-02 -1.6934E-01
  2.6538E+03  7.7289E-02 -1.6930E-01
  2.6550E+03  7.7177E-02 -1.6926E-01
  2.6562E+03  7.7065E-02 -1.6922E-01
  2.6574E+03  7.6952E-02 -1.6918E-01
  2.6585E+03  7.6839E-02 -1.6915E-01
  2.6597E+03  7.6725E-02 -1.6911E-01
  2.6609E+03  7.6610E-02 -1.6907E-01
  2.6621E+03  7.6494E-02 -1.6903E-01
  2.6633E+03  7.6378E-02 -1.6899E-01
  2.6644E+03  7.6261E-02 -1.6895E-01
  2.6656E+03  7.6144E-02 -1.6891E-01
  2.6668E+03  7.6027E-02 -1.6887E-01
  2.6680E+03  7.5910E-02 -1.6883E-01
  2.6692E+03  7.5793E-02 -1.6880E-01
  2.6703E+03  7.5677E-02 -1.6876E-01
  2.6715E+03  7.5562E-02 -1.6872E-01
  2.6727E+03  7.5447E-02 -1.6868E-01
  2.6739E+03  7.5333E-02 -1.6864E-01
  2.6751E+03  7.5219E-02 -1.6860E-01
  2.6762E+03  7.5106E-02 -1.6856E-01
  2.6774E+03  7.4993E-02 -1.6852E-01
  2.6786E+03  7.4879E-02 -1.6848E-01
  2.6798E+03  7.4766E-02 -1.6844E-01
  2.6810E+03  7.4653E-02 -1.6840E-01
  2.6821E+03  7.4540E-02 -1.6836E-01
  2.6833E+03  7.4426E-02 -1.6832E-01
  2.6845E+03  7.4313E-02 -1.6828E-01
  2.6857E+03  7.4200E-02 -1.6824E-01
  2.6869E+03  7.4086E-02 -1.6820E-01
  2.6880E+03  7.3973E-02 -1.6816E-01
  2.6892E+03  7.3859E-02 -1.6812E-01
  2.6904E+03  7.3746E-02 -1.6808E-01
  2.6916E+03  7.3632E-02 -1.6804E-01
  2.6928E+03  7.3518E-02 -1.6800E-01
  2.6939E+03  7.3404E-02 -1.6796E-01
  2.6951E+03  7.3290E-02 -1.6792E-01
  2.6963E+03  7.3176E-02 -1.6788E-01
  2.6975E+03  7.3061E-02 -1.6784E-01
  2.6987E+03  7.2947E-02 -1.6780E-01
  2.6998E+03  7.2832E-02 -1.6776E-01
  2.7010E+03  7.2718E-02 -1.6772E-01
  2.7022E+03  7.2604E-02 -1.6768E-01
  2.7034E+03  7.2491E-02 -1.6763E-01
  2.7046E+03  7.2378E-02 -1.6759E-01
  2.7057E+03  7.2266E-02 -1.6755E-01
  2.7069E+03  7.2155E-02 -1.6751E-01
  2.7081E+03  7.2044E-02 -1.6747E-01
  2.7093E+03  7.1934E-02 -1.6743E-01
  2.7105E+03  7.1824E-02 -1.6739E-01
  2.7116E+03  7.1714E-02 -1.6735E-01
  2.7128E+03  7.1604E-02 -1.6731E-01
  2.7140E+03  7.1493E-02 -1.6726E-01
  2.7152E+03  7.1382E-02 -1.6722E-01
  2.7164E+03  7.1270E-02 -1.6718E-01
  2.7175E+03  7.1157E-02 -1.6714E-01
  2.7187E+03  7.1043E-02 -1.6710E-01
  2.7199E+03  7.0929E-02 -1.6706E-01
  2.7211E+03  7.0814E-02 -1.6702E-01
  2.7223E+03  7.0699E-02 -1.6697E-01
  2.7234E+03  7.0584E-02 -1.6693E-01
  2.7246E+03  7.0470E-02 -1.6689E-01
  2.7258E+03  7.0357E-02 -1.6685E-01
  2.7270E+03  7.0244E-02 -1.6681E-01
  2.7282E+03  7.0133E-02 -1.6676E-01
  2.7293E+03  7.0023E-02 -1.6672E-01
  2.7305E+03  6.9915E-02 -1.6668E-01
  2.7317E+03  6.9807E-02 -1.6664E-01
  2.7329E+03  6.9700E-02 -1.6660E-01
  2.7341E+03  6.9593E-02 -1.6655E-01
  2.7352E+03  6.9486E-02 -1.6651E-01
  2.7364E+03  6.9378E-02 -1.6647E-01
  2.7376E+03  6.9270E-02 -1.6643E-01
  2.7388E+03  6.9160E-02 -1.6638E-01
  2.7400E+03  6.9050E-02 -1.6634E-01
  2.7411E+03  6.8937E-02 -1.6630E-01
  2.7423E+03  6.8824E-02 -1.6626E-01
  2.7435E+03  6.8710E-02 -1.6621E-01
  2.7447E+03  6.8595E-02 -1.6617E-01
  2.7459E+03  6.8480E-02 -1.6613E-01
  2.7470E+03  6.8366E-02 -1.6609E-01
  2.7482E+03  6.8252E-02 -1.6604E-01
  2.7494E+03  6.8140E-02 -1.6600E-01
  2.7506E+03  6.8029E-02 -1.6596E-01
  2.7518E+03  6.7920E-02 -1.6592E-01
  2.7529E+03  6.7812E-02 -1.6587E-01
  2.7541E+03  6.7706E-02 -1.6583E-01
  2.7553E+03  6.7601E-02 -1.6579E-01
  2.7565E+03  6.7497E-02 -1.6574E-01
  2.7577E+03  6.7393E-02 -1.6570E-01
  2.7588E+03  6.7288E-02 -1.6566E-01
  2.7600E+03  6.7183E-02 -1.6561E-01
  2.7612E+03  6.7077E-02 -1.6557E-01
  2.7624E+03  6.6969E-02 -1.6553E-01
  2.7636E+03  6.6859E-02 -1.6548E-01
  2.7647E+03  6.6748E-02 -1.6544E-01
  2.7659E+03  6.6635E-02 -1.6540E-01
  2.7671E+03  6.6521E-02 -1.6535E-01
  2.7683E+03  6.6407E-02 -1.6531E-01
  2.7695E+03  6.6292E-02 -1.6526E-01
  2.7706E+03  6.6179E-02 -1.6522E-01
  2.7718E+03  6.6066E-02 -1.6518E-01
  2.7730E+03  6.5955E-02 -1.6513E-01
  2.7742E+03  6.5845E-02 -1.6509E-01
  2.7754E+03  6.5738E-02 -1.6504E-01
  2.7765E+03  6.5633E-02 -1.6500E-01
  2.7777E+03  6.5529E-02 -1.6496E-01
  2.7789E+03  6.5427E-02 -1.6491E-01
  2.7801E+03  6.5326E-02 -1.6487E-01
  2.7813E+03  6.5224E-02 -1.6482E-01
  2.7824E+03  6.5122E-02 -1.6478E-01
  2.7836E+03  6.5019E-02 -1.6474E-01
  2.7848E+03  6.4914E-02 -1.6469E-01
  2.7860E+03  6.4807E-02 -1.6465E-01
  2.7872E+03  6.4698E-02 -1.6460E-01
  2.7883E+03  6.4587E-02 -1.6456E-01
  2.7895E+03  6.4475E-02 -1.6451E-01
  2.7907E+03  6.4361E-02 -1.6447E-01
  2.7919E+03  6.4247E-02 -1.6442E-01
  2.7931E+03  6.4134E-02 -1.6438E-01
  2.7942E+03  6.4021E-02 -1.6433E-01
  2.7954E+03  6.3910E-02 -1.6429E-01
  2.7966E+03  6.3800E-02 -1.6424E-01
  2.7978E+03  6.3693E-02 -1.6420E-01
  2.7990E+03  6.3589E-02 -1.6415E-01
  2.8001E+03  6.3486E-02 -1.6411E-01
  2.8013E+03  6.3385E-02 -1.6406E-01
  2.8025E+03  6.3285E-02 -1.6402E-01
  2.8037E+03  6.3185E-02 -1.6397E-01
  2.8049E+03  6.3086E-02 -1.6393E-01
  2.8060E+03  6.2985E-02 -1.6388E-01
  2.8072E+03  6.2883E-02 -1.6384E-01
  2.8084E+03  6.2779E-02 -1.6379E-01
  2.8096E+03  6.2672E-02 -1.6375E-01
  2.8108E+03  6.2564E-02 -1.6370E-01
  2.8119E+03  6.2453E-02 -1.6366E-01
  2.8131E+03  6.2341E-02 -1.6361E-01
  2.8143E+03  6.2229E-02 -1.6356E-01
  2.8155E+03  6.2116E-02 -1.6352E-01
  2.8167E+03  6.2004E-02 -1.6347E-01
  2.8178E+03  6.1893E-02 -1.6343E-01
  2.8190E+03  6.1784E-02 -1.6338E-01
  2.8202E+03  6.1677E-02 -1.6334E-01
  2.8214E+03  6.1573E-02 -1.6329E-01
  2.8226E+03  6.1470E-02 -1.6324E-01
  2.8237E+03  6.1370E-02 -1.6320E-01
  2.8249E+03  6.1271E-02 -1.6315E-01
  2.8261E+03  6.1173E-02 -1.6311E-01
  2.8273E+03  6.1075E-02 -1.6306E-01
  2.8285E+03  6.0976E-02 -1.6301E-01
  2.8296E+03  6.0876E-02 -1.6297E-01
  2.8308E+03  6.0774E-02 -1.6292E-01
  2.8320E+03  6.0670E-02 -1.6287E-01
  2.8332E+03  6.0564E-02 -1.6283E-01
  2.8344E+03  6.0455E-02 -1.6278E-01
  2.8355E+03  6.0346E-02 -1.6274E-01
  2.8367E+03  6.0235E-02 -1.6269E-01
  2.8379E+03  6.0124E-02 -1.6264E-01
  2.8391E+03  6.0013E-02 -1.6260E-01
  2.8403E+03  5.9903E-02 -1.6255E-01
  2.8414E+03  5.9794E-02 -1.6250E-01
  2.8426E+03  5.9688E-02 -1.6246E-01
  2.8438E+03  5.9584E-02 -1.6241E-01
  2.8450E+03  5.9482E-02 -1.6236E-01
  2.8462E+03  5.9382E-02 -1.6231E-01
  2.8473E+03  5.9284E-02 -1.6227E-01
  2.8485E+03  5.9186E-02 -1.6222E-01
  2.8497E+03  5.9089E-02 -1.6217E-01
  2.8509E+03  5.8991E-02 -1.6213E-01
  2.8521E+03  5.8893E-02 -1.6208E-01
  2.8532E+03  5.8793E-02 -1.6203E-01
  2.8544E+03  5.8691E-02 -1.6198E-01
  2.8556E+03  5.8587E-02 -1.6194E-01
  2.8568E+03  5.8481E-02 -1.6189E-01
  2.8580E+03  5.8373E-02 -1.6184E-01
  2.8591E+03  5.8264E-02 -1.6180E-01
  2.8603E+03  5.8155E-02 -1.6175E-01
  2.8615E+03  5.8046E-02 -1.6170E-01
  2.8627E+03  5.7937E-02 -1.6165E-01
  2.8639E+03  5.7830E-02 -1.6161E-01
  2.8650E+03  5.7725E-02 -1.6156E-01
  2.8662E+03  5.7621E-02 -1.6151E-01
  2.8674E+03  5.7520E-02 -1.6146E-01
  2.8686E+03  5.7420E-02 -1.6141E-01
  2.8698E+03  5.7322E-02 -1.6137E-01
  2.8709E+03  5.7225E-02 -1.6132E-01
  2.8721E+03  5.7128E-02 -1.6127E-01
  2.8733E+03  5.7031E-02 -1.6122E-01
  2.8745E+03  5.6933E-02 -1.6117E-01
  2.8757E+03  5.6834E-02 -1.6113E-01
  2.8768E+03  5.6734E-02 -1.6108E-01
  2.8780E+03  5.6631E-02 -1.6103E-01
  2.8792E+03  5.6527E-02 -1.6098E-01
  2.8804E+03  5.6422E-02 -1.6093E-01
  2.8816E+03  5.6315E-02 -1.6089E-01
  2.8827E+03  5.6208E-02 -1.6084E-01
  2.8839E+03  5.6101E-02 -1.6079E-01
  2.8851E+03  5.5995E-02 -1.6074E-01
  2.8863E+03  5.5889E-02 -1.6069E-01
  2.8875E+03  5.5785E-02 -1.6064E-01
  2.8886E+03  5.5682E-02 -1.6059E-01
  2.8898E+03  5.5581E-02 -1.6055E-01
  2.8910E+03  5.5482E-02 -1.6050E-01
  2.8922E+03  5.5384E-02 -1.6045E-01
  2.8934E+03  5.5287E-02 -1.6040E-01
  2.8945E+03  5.5190E-02 -1.6035E-01
  2.8957E+03  5.5093E-02 -1.6030E-01
  2.8969E+03  5.4996E-02 -1.6025E-01
  2.8981E+03  5.4897E-02 -1.6020E-01
  2.8993E+03  5.4798E-02 -1.6016E-01
  2.9004E+03  5.4697E-02 -1.6011E-01
  2.9016E+03  5.4595E-02 -1.6006E-01
  2.9028E+03  5.4492E-02 -1.6001E-01
  2.9040E+03  5.4388E-02 -1.5996E-01
  2.9052E+03  5.4283E-02 -1.5991E-01
  2.9063E+03  5.4179E-02 -1.5986E-01
  2.9075E+03  5.4074E-02 -1.5981E-01
  2.9087E+03  5.3971E-02 -1.5976E-01
  2.9099E+03  5.3868E-02 -1.5971E-01
  2.9111E+03  5.3767E-02 -1.5966E-01
  2.9122E+03  5.3666E-02 -1.5961E-01
  2.9134E+03  5.3567E-02 -1.5956E-01
  2.9146E+03  5.3469E-02 -1.5951E-01
  2.9158E+03  5.3372E-02 -1.5947E-01
  2.9170E+03  5.3275E-02 -1.5942E-01
  2.9181E+03  5.3178E-02 -1.5937E-01
  2.9193E+03  5.3080E-02 -1.5932E-01
  2.9205E+03  5.2983E-02 -1.5927E-01
  2.9217E+03  5.2884E-02 -1.5922E-01
  2.9229E+03  5.2785E-02 -1.5917E-01
  2.9240E+03  5.2685E-02 -1.5912E-01
  2.9252E+03  5.2584E-02 -1.5907E-01
  2.9264E+03  5.2483E-02 -1.5902E-01
  2.9276E+03  5.2381E-02 -1.5897E-01
  2.9288E+03  5.2279E-02 -1.5892E-01
  2.9299E+03  5.2178E-02 -1.5887E-01
  2.9311E+03  5.2076E-02 -1.5882E-01
  2.9323E+03  5.1975E-02 -1.5877E-01
  2.9335E+03  5.1875E-02 -1.5872E-01
  2.9347E+03  5.1776E-02 -1.5867E-01
  2.9358E+03  5.1677E-02 -1.5862E-01
  2.9370E+03  5.1579E-02 -1.5857E-01
  2.9382E+03  5.1482E-02 -1.5851E-01
  2.9394E+03  5.1384E-02 -1.5846E-01
  2.9406E+03  5.1287E-02 -1.5841E-01
  2.9417E+03  5.1190E-02 -1.5836E-01
  2.9429E+03  5.1093E-02 -1.5831E-01
  2.9441E+03  5.0996E-02 -1.5826E-01
  2.9453E+03  5.0898E-02 -1.5821E-01
  2.9465E+03  5.0800E-02 -1.5816E-01
  2.9476E+03  5.0702E-02 -1.5811E-01
  2.9488E+03  5.0603E-02 -1.5806E-01
  2.9500E+03  5.0504E-02 -1.5801E-01
  2.9512E+03  5.0405E-02 -1.5796E-01
  2.9524E+03  5.0306E-02 -1.5791E-01
  2.9535E+03  5.0207E-02 -1.5786E-01
  2.9547E+03  5.0108E-02 -1.5780E-01
  2.9559E+03  5.0009E-02 -1.5775E-01
  2.9571E+03  4.9911E-02 -1.5770E-01
  2.9583E+03  4.9813E-02 -1.5765E-01
  2.9594E+03  4.9716E-02 -1.5760E-01
  2.9606E+03  4.9618E-02 -1.5755E-01
  2.9618E+03  4.9521E-02 -1.5750E-01
  2.9630E+03  4.9424E-02 -1.5745E-01
  2.9642E+03  4.9328E-02 -1.5739E-01
  2.9653E+03  4.9231E-02 -1.5734E-01
  2.9665E+03  4.9134E-02 -1.5729E-01
  2.9677E+03  4.9038E-02 -1.5724E-01
  2.9689E+03  4.8941E-02 -1.5719E-01
  2.9701E+03  4.8845E-02 -1.5714E-01
  2.9712E+03  4.8749E-02 -1.5709E-01
  2.9724E+03  4.8652E-02 -1.5703E-01
  2.9736E+03  4.8556E-02 -1.5698E-01
  2.9748E+03  4.8459E-02 -1.5693E-01
  2.9760E+03  4.8363E-02 -1.5688E-01
  2.9771E+03  4.8266E-02 -1.5683E-01
  2.9783E+03  4.8170E-02 -1.5678E-01
  2.9795E+03  4.8073E-02 -1.5672E-01
  2.9807E+03  4.7976E-02 -1.5667E-01
  2.9819E+03  4.7879E-02 -1.5662E-01
  2.9830E+03  4.7783E-02 -1.5657E-01
  2.9842E+03  4.7686E-02 -1.5652E-01
  2.9854E+03  4.7589E-02 -1.5646E-01
  2.9866E+03  4.7492E-02 -1.5641E-01
  2.9878E+03  4.7396E-02 -1.5636E-01
  2.9889E+03  4.7300E-02 -1.5631E-01
  2.9901E+03  4.7204E-02 -1.5625E-01
  2.9913E+03  4.7109E-02 -1.5620E-01
  2.9925E+03  4.7014E-02 -1.5615E-01
  2.9937E+03  4.6920E-02 -1.5610E-01
  2.9948E+03  4.6825E-02 -1.5605E-01
  2.9960E+03  4.6732E-02 -1.5599E-01
  2.9972E+03  4.6638E-02 -1.5594E-01
  2.9984E+03  4.6544E-02 -1.5589E-01
  2.9996E+03  4.6450E-02 -1.5584E-01
  3.0000E+03  4.6415E-02 -1.5582E-01
