# CREATED BY GENE DIAGNOSTICS TOOL on Wed Dec 16 18:49:40 2020
# diag: timetrace, run(s): 0011, time window: 0-3000(2523 steps), species: ions
# original data path: /marconi_scratch/userexternal/cmoreno0/GAM_HP_scan/scanfiles0001/
# normalization: L_ref=1.65m
#
#  t          Re[phi]     Im[phi]   
  0.0000E+00  9.9998E-01  0.0000E+00
  1.1900E+00  9.8102E-01 -1.3569E-03
  2.3800E+00  9.3744E-01 -2.5158E-03
  3.5700E+00  8.9180E-01 -3.5019E-03
  4.7600E+00  8.5705E-01 -4.4153E-03
  5.9500E+00  8.3251E-01 -5.3038E-03
  7.1400E+00  8.1118E-01 -6.1733E-03
  8.3300E+00  7.8795E-01 -7.0092E-03
  9.5200E+00  7.6222E-01 -7.7909E-03
  1.0710E+01  7.3613E-01 -8.5024E-03
  1.1900E+01  7.1205E-01 -9.1391E-03
  1.3090E+01  6.9126E-01 -9.7071E-03
  1.4280E+01  6.7394E-01 -1.0217E-02
  1.5470E+01  6.5977E-01 -1.0683E-02
  1.6660E+01  6.4839E-01 -1.1123E-02
  1.7850E+01  6.3954E-01 -1.1548E-02
  1.9040E+01  6.3302E-01 -1.1970E-02
  2.0230E+01  6.2864E-01 -1.2400E-02
  2.1420E+01  6.2610E-01 -1.2847E-02
  2.2610E+01  6.2506E-01 -1.3315E-02
  2.3800E+01  6.2513E-01 -1.3806E-02
  2.4990E+01  6.2594E-01 -1.4317E-02
  2.6180E+01  6.2713E-01 -1.4848E-02
  2.7370E+01  6.2838E-01 -1.5391E-02
  2.8560E+01  6.2947E-01 -1.5942E-02
  2.9750E+01  6.3016E-01 -1.6499E-02
  3.0940E+01  6.3031E-01 -1.7055E-02
  3.2130E+01  6.2982E-01 -1.7604E-02
  3.3320E+01  6.2869E-01 -1.8148E-02
  3.4510E+01  6.2684E-01 -1.8682E-02
  3.5700E+01  6.2436E-01 -1.9203E-02
  3.6890E+01  6.2129E-01 -1.9711E-02
  3.8080E+01  6.1767E-01 -2.0203E-02
  3.9270E+01  6.1362E-01 -2.0682E-02
  4.0460E+01  6.0924E-01 -2.1149E-02
  4.1650E+01  6.0461E-01 -2.1604E-02
  4.2840E+01  5.9978E-01 -2.2045E-02
  4.4030E+01  5.9490E-01 -2.2474E-02
  4.5220E+01  5.9007E-01 -2.2897E-02
  4.6410E+01  5.8530E-01 -2.3314E-02
  4.7600E+01  5.8064E-01 -2.3721E-02
  4.8790E+01  5.7615E-01 -2.4122E-02
  4.9980E+01  5.7189E-01 -2.4520E-02
  5.1170E+01  5.6788E-01 -2.4916E-02
  5.2360E+01  5.6411E-01 -2.5312E-02
  5.3550E+01  5.6057E-01 -2.5705E-02
  5.4740E+01  5.5728E-01 -2.6099E-02
  5.5930E+01  5.5420E-01 -2.6492E-02
  5.7120E+01  5.5131E-01 -2.6883E-02
  5.8310E+01  5.4862E-01 -2.7274E-02
  5.9500E+01  5.4611E-01 -2.7664E-02
  6.0690E+01  5.4373E-01 -2.8052E-02
  6.1880E+01  5.4140E-01 -2.8436E-02
  6.3070E+01  5.3916E-01 -2.8817E-02
  6.4260E+01  5.3707E-01 -2.9197E-02
  6.5450E+01  5.3507E-01 -2.9574E-02
  6.6640E+01  5.3307E-01 -2.9946E-02
  6.7830E+01  5.3102E-01 -3.0308E-02
  6.9020E+01  5.2904E-01 -3.0665E-02
  7.0210E+01  5.2724E-01 -3.1024E-02
  7.1400E+01  5.2556E-01 -3.1387E-02
  7.2590E+01  5.2371E-01 -3.1742E-02
  7.3780E+01  5.2151E-01 -3.2082E-02
  7.4970E+01  5.1909E-01 -3.2408E-02
  7.6160E+01  5.1675E-01 -3.2730E-02
  7.7350E+01  5.1471E-01 -3.3056E-02
  7.8540E+01  5.1295E-01 -3.3385E-02
  7.9730E+01  5.1126E-01 -3.3712E-02
  8.0920E+01  5.0946E-01 -3.4032E-02
  8.2110E+01  5.0752E-01 -3.4345E-02
  8.3300E+01  5.0550E-01 -3.4652E-02
  8.4490E+01  5.0350E-01 -3.4957E-02
  8.5680E+01  5.0157E-01 -3.5261E-02
  8.6870E+01  4.9971E-01 -3.5563E-02
  8.8060E+01  4.9791E-01 -3.5864E-02
  8.9250E+01  4.9612E-01 -3.6162E-02
  9.0440E+01  4.9433E-01 -3.6458E-02
  9.1630E+01  4.9253E-01 -3.6751E-02
  9.2820E+01  4.9074E-01 -3.7040E-02
  9.4010E+01  4.8898E-01 -3.7326E-02
  9.5200E+01  4.8724E-01 -3.7609E-02
  9.6390E+01  4.8555E-01 -3.7892E-02
  9.7580E+01  4.8389E-01 -3.8172E-02
  9.8770E+01  4.8225E-01 -3.8451E-02
  9.9960E+01  4.8063E-01 -3.8728E-02
  1.0115E+02  4.7904E-01 -3.9004E-02
  1.0234E+02  4.7746E-01 -3.9277E-02
  1.0353E+02  4.7591E-01 -3.9548E-02
  1.0472E+02  4.7438E-01 -3.9817E-02
  1.0591E+02  4.7288E-01 -4.0085E-02
  1.0710E+02  4.7140E-01 -4.0351E-02
  1.0829E+02  4.6993E-01 -4.0614E-02
  1.0948E+02  4.6847E-01 -4.0876E-02
  1.1067E+02  4.6703E-01 -4.1137E-02
  1.1186E+02  4.6560E-01 -4.1395E-02
  1.1305E+02  4.6418E-01 -4.1651E-02
  1.1424E+02  4.6279E-01 -4.1906E-02
  1.1543E+02  4.6142E-01 -4.2160E-02
  1.1662E+02  4.6008E-01 -4.2412E-02
  1.1781E+02  4.5876E-01 -4.2663E-02
  1.1900E+02  4.5748E-01 -4.2913E-02
  1.2019E+02  4.5622E-01 -4.3161E-02
  1.2138E+02  4.5498E-01 -4.3408E-02
  1.2257E+02  4.5375E-01 -4.3654E-02
  1.2376E+02  4.5252E-01 -4.3899E-02
  1.2495E+02  4.5131E-01 -4.4143E-02
  1.2614E+02  4.5010E-01 -4.4386E-02
  1.2733E+02  4.4890E-01 -4.4628E-02
  1.2852E+02  4.4771E-01 -4.4868E-02
  1.2971E+02  4.4654E-01 -4.5107E-02
  1.3090E+02  4.4540E-01 -4.5344E-02
  1.3209E+02  4.4427E-01 -4.5581E-02
  1.3328E+02  4.4317E-01 -4.5816E-02
  1.3447E+02  4.4208E-01 -4.6049E-02
  1.3566E+02  4.4101E-01 -4.6282E-02
  1.3685E+02  4.3997E-01 -4.6513E-02
  1.3804E+02  4.3893E-01 -4.6744E-02
  1.3923E+02  4.3792E-01 -4.6973E-02
  1.4042E+02  4.3691E-01 -4.7202E-02
  1.4161E+02  4.3591E-01 -4.7429E-02
  1.4280E+02  4.3492E-01 -4.7655E-02
  1.4399E+02  4.3393E-01 -4.7881E-02
  1.4518E+02  4.3294E-01 -4.8106E-02
  1.4637E+02  4.3195E-01 -4.8329E-02
  1.4756E+02  4.3096E-01 -4.8551E-02
  1.4875E+02  4.2999E-01 -4.8772E-02
  1.4994E+02  4.2904E-01 -4.8991E-02
  1.5113E+02  4.2812E-01 -4.9210E-02
  1.5232E+02  4.2722E-01 -4.9428E-02
  1.5351E+02  4.2635E-01 -4.9644E-02
  1.5470E+02  4.2548E-01 -4.9860E-02
  1.5589E+02  4.2463E-01 -5.0074E-02
  1.5708E+02  4.2378E-01 -5.0287E-02
  1.5827E+02  4.2292E-01 -5.0499E-02
  1.5946E+02  4.2205E-01 -5.0711E-02
  1.6065E+02  4.2117E-01 -5.0922E-02
  1.6184E+02  4.2028E-01 -5.1131E-02
  1.6303E+02  4.1940E-01 -5.1340E-02
  1.6422E+02  4.1853E-01 -5.1548E-02
  1.6541E+02  4.1768E-01 -5.1755E-02
  1.6660E+02  4.1686E-01 -5.1961E-02
  1.6779E+02  4.1608E-01 -5.2166E-02
  1.6898E+02  4.1532E-01 -5.2370E-02
  1.7017E+02  4.1456E-01 -5.2574E-02
  1.7136E+02  4.1381E-01 -5.2777E-02
  1.7255E+02  4.1305E-01 -5.2978E-02
  1.7374E+02  4.1227E-01 -5.3179E-02
  1.7493E+02  4.1146E-01 -5.3379E-02
  1.7612E+02  4.1064E-01 -5.3577E-02
  1.7731E+02  4.0982E-01 -5.3775E-02
  1.7850E+02  4.0899E-01 -5.3972E-02
  1.7969E+02  4.0819E-01 -5.4168E-02
  1.8088E+02  4.0741E-01 -5.4364E-02
  1.8207E+02  4.0668E-01 -5.4558E-02
  1.8326E+02  4.0597E-01 -5.4752E-02
  1.8445E+02  4.0530E-01 -5.4945E-02
  1.8564E+02  4.0465E-01 -5.5138E-02
  1.8683E+02  4.0400E-01 -5.5329E-02
  1.8802E+02  4.0334E-01 -5.5521E-02
  1.8921E+02  4.0267E-01 -5.5711E-02
  1.9040E+02  4.0197E-01 -5.5901E-02
  1.9159E+02  4.0125E-01 -5.6090E-02
  1.9278E+02  4.0051E-01 -5.6278E-02
  1.9397E+02  3.9977E-01 -5.6466E-02
  1.9516E+02  3.9902E-01 -5.6652E-02
  1.9635E+02  3.9827E-01 -5.6838E-02
  1.9754E+02  3.9755E-01 -5.7023E-02
  1.9873E+02  3.9684E-01 -5.7207E-02
  1.9992E+02  3.9617E-01 -5.7390E-02
  2.0111E+02  3.9551E-01 -5.7572E-02
  2.0230E+02  3.9488E-01 -5.7753E-02
  2.0349E+02  3.9427E-01 -5.7934E-02
  2.0468E+02  3.9368E-01 -5.8114E-02
  2.0587E+02  3.9309E-01 -5.8294E-02
  2.0706E+02  3.9251E-01 -5.8473E-02
  2.0825E+02  3.9193E-01 -5.8651E-02
  2.0944E+02  3.9135E-01 -5.8829E-02
  2.1063E+02  3.9076E-01 -5.9007E-02
  2.1182E+02  3.9016E-01 -5.9183E-02
  2.1301E+02  3.8956E-01 -5.9360E-02
  2.1420E+02  3.8894E-01 -5.9535E-02
  2.1539E+02  3.8830E-01 -5.9710E-02
  2.1658E+02  3.8766E-01 -5.9884E-02
  2.1777E+02  3.8702E-01 -6.0057E-02
  2.1896E+02  3.8637E-01 -6.0229E-02
  2.2015E+02  3.8574E-01 -6.0401E-02
  2.2134E+02  3.8512E-01 -6.0572E-02
  2.2253E+02  3.8453E-01 -6.0742E-02
  2.2372E+02  3.8396E-01 -6.0911E-02
  2.2491E+02  3.8342E-01 -6.1079E-02
  2.2610E+02  3.8290E-01 -6.1247E-02
  2.2729E+02  3.8240E-01 -6.1414E-02
  2.2848E+02  3.8192E-01 -6.1581E-02
  2.2967E+02  3.8144E-01 -6.1748E-02
  2.3086E+02  3.8096E-01 -6.1914E-02
  2.3205E+02  3.8047E-01 -6.2079E-02
  2.3324E+02  3.7996E-01 -6.2244E-02
  2.3443E+02  3.7943E-01 -6.2409E-02
  2.3562E+02  3.7887E-01 -6.2573E-02
  2.3681E+02  3.7831E-01 -6.2737E-02
  2.3800E+02  3.7773E-01 -6.2900E-02
  2.3919E+02  3.7717E-01 -6.3062E-02
  2.4038E+02  3.7662E-01 -6.3223E-02
  2.4157E+02  3.7610E-01 -6.3384E-02
  2.4276E+02  3.7562E-01 -6.3545E-02
  2.4395E+02  3.7518E-01 -6.3705E-02
  2.4514E+02  3.7477E-01 -6.3864E-02
  2.4633E+02  3.7438E-01 -6.4023E-02
  2.4752E+02  3.7401E-01 -6.4182E-02
  2.4871E+02  3.7365E-01 -6.4341E-02
  2.4990E+02  3.7326E-01 -6.4499E-02
  2.5109E+02  3.7286E-01 -6.4657E-02
  2.5228E+02  3.7242E-01 -6.4814E-02
  2.5347E+02  3.7193E-01 -6.4971E-02
  2.5466E+02  3.7141E-01 -6.5128E-02
  2.5585E+02  3.7085E-01 -6.5283E-02
  2.5704E+02  3.7026E-01 -6.5438E-02
  2.5823E+02  3.6965E-01 -6.5592E-02
  2.5942E+02  3.6905E-01 -6.5745E-02
  2.6061E+02  3.6848E-01 -6.5898E-02
  2.6180E+02  3.6794E-01 -6.6049E-02
  2.6299E+02  3.6746E-01 -6.6200E-02
  2.6418E+02  3.6705E-01 -6.6350E-02
  2.6537E+02  3.6671E-01 -6.6500E-02
  2.6656E+02  3.6643E-01 -6.6650E-02
  2.6775E+02  3.6620E-01 -6.6800E-02
  2.6894E+02  3.6601E-01 -6.6949E-02
  2.7013E+02  3.6583E-01 -6.7099E-02
  2.7132E+02  3.6564E-01 -6.7249E-02
  2.7251E+02  3.6543E-01 -6.7399E-02
  2.7370E+02  3.6517E-01 -6.7550E-02
  2.7489E+02  3.6486E-01 -6.7700E-02
  2.7608E+02  3.6448E-01 -6.7850E-02
  2.7727E+02  3.6403E-01 -6.8000E-02
  2.7846E+02  3.6352E-01 -6.8149E-02
  2.7965E+02  3.6296E-01 -6.8297E-02
  2.8084E+02  3.6235E-01 -6.8445E-02
  2.8203E+02  3.6172E-01 -6.8591E-02
  2.8322E+02  3.6107E-01 -6.8736E-02
  2.8441E+02  3.6044E-01 -6.8881E-02
  2.8560E+02  3.5984E-01 -6.9024E-02
  2.8679E+02  3.5929E-01 -6.9166E-02
  2.8798E+02  3.5880E-01 -6.9307E-02
  2.8917E+02  3.5838E-01 -6.9448E-02
  2.9036E+02  3.5803E-01 -6.9588E-02
  2.9155E+02  3.5775E-01 -6.9728E-02
  2.9274E+02  3.5751E-01 -6.9868E-02
  2.9393E+02  3.5732E-01 -7.0008E-02
  2.9512E+02  3.5716E-01 -7.0149E-02
  2.9631E+02  3.5700E-01 -7.0289E-02
  2.9750E+02  3.5683E-01 -7.0430E-02
  2.9869E+02  3.5665E-01 -7.0571E-02
  2.9988E+02  3.5643E-01 -7.0712E-02
  3.0107E+02  3.5618E-01 -7.0853E-02
  3.0226E+02  3.5588E-01 -7.0993E-02
  3.0345E+02  3.5554E-01 -7.1134E-02
  3.0464E+02  3.5515E-01 -7.1274E-02
  3.0583E+02  3.5473E-01 -7.1413E-02
  3.0702E+02  3.5428E-01 -7.1552E-02
  3.0821E+02  3.5380E-01 -7.1690E-02
  3.0940E+02  3.5331E-01 -7.1827E-02
  3.1059E+02  3.5282E-01 -7.1963E-02
  3.1178E+02  3.5234E-01 -7.2099E-02
  3.1297E+02  3.5188E-01 -7.2234E-02
  3.1416E+02  3.5145E-01 -7.2368E-02
  3.1535E+02  3.5104E-01 -7.2502E-02
  3.1654E+02  3.5066E-01 -7.2636E-02
  3.1773E+02  3.5030E-01 -7.2769E-02
  3.1892E+02  3.4995E-01 -7.2902E-02
  3.2011E+02  3.4961E-01 -7.3035E-02
  3.2130E+02  3.4927E-01 -7.3168E-02
  3.2249E+02  3.4893E-01 -7.3301E-02
  3.2368E+02  3.4859E-01 -7.3433E-02
  3.2487E+02  3.4824E-01 -7.3565E-02
  3.2606E+02  3.4790E-01 -7.3697E-02
  3.2725E+02  3.4756E-01 -7.3829E-02
  3.2844E+02  3.4723E-01 -7.3960E-02
  3.2963E+02  3.4690E-01 -7.4091E-02
  3.3082E+02  3.4658E-01 -7.4221E-02
  3.3201E+02  3.4625E-01 -7.4351E-02
  3.3320E+02  3.4592E-01 -7.4481E-02
  3.3439E+02  3.4559E-01 -7.4610E-02
  3.3558E+02  3.4524E-01 -7.4738E-02
  3.3677E+02  3.4488E-01 -7.4866E-02
  3.3796E+02  3.4451E-01 -7.4994E-02
  3.3915E+02  3.4414E-01 -7.5121E-02
  3.4034E+02  3.4377E-01 -7.5248E-02
  3.4153E+02  3.4339E-01 -7.5374E-02
  3.4272E+02  3.4303E-01 -7.5500E-02
  3.4391E+02  3.4267E-01 -7.5626E-02
  3.4510E+02  3.4231E-01 -7.5752E-02
  3.4629E+02  3.4196E-01 -7.5877E-02
  3.4748E+02  3.4161E-01 -7.6002E-02
  3.4867E+02  3.4125E-01 -7.6127E-02
  3.4986E+02  3.4090E-01 -7.6251E-02
  3.5105E+02  3.4055E-01 -7.6375E-02
  3.5224E+02  3.4021E-01 -7.6499E-02
  3.5343E+02  3.3987E-01 -7.6623E-02
  3.5462E+02  3.3955E-01 -7.6746E-02
  3.5581E+02  3.3925E-01 -7.6869E-02
  3.5700E+02  3.3895E-01 -7.6991E-02
  3.5819E+02  3.3867E-01 -7.7114E-02
  3.5938E+02  3.3839E-01 -7.7236E-02
  3.6057E+02  3.3811E-01 -7.7358E-02
  3.6176E+02  3.3782E-01 -7.7479E-02
  3.6295E+02  3.3752E-01 -7.7600E-02
  3.6414E+02  3.3720E-01 -7.7721E-02
  3.6533E+02  3.3687E-01 -7.7842E-02
  3.6652E+02  3.3652E-01 -7.7962E-02
  3.6771E+02  3.3617E-01 -7.8082E-02
  3.6890E+02  3.3582E-01 -7.8201E-02
  3.7009E+02  3.3545E-01 -7.8320E-02
  3.7128E+02  3.3508E-01 -7.8439E-02
  3.7247E+02  3.3471E-01 -7.8557E-02
  3.7366E+02  3.3433E-01 -7.8675E-02
  3.7485E+02  3.3393E-01 -7.8792E-02
  3.7604E+02  3.3352E-01 -7.8909E-02
  3.7723E+02  3.3309E-01 -7.9025E-02
  3.7842E+02  3.3264E-01 -7.9141E-02
  3.7961E+02  3.3219E-01 -7.9257E-02
  3.8080E+02  3.3173E-01 -7.9371E-02
  3.8199E+02  3.3127E-01 -7.9486E-02
  3.8318E+02  3.3083E-01 -7.9600E-02
  3.8437E+02  3.3040E-01 -7.9713E-02
  3.8556E+02  3.3000E-01 -7.9826E-02
  3.8675E+02  3.2963E-01 -7.9939E-02
  3.8794E+02  3.2928E-01 -8.0051E-02
  3.8913E+02  3.2896E-01 -8.0163E-02
  3.9032E+02  3.2866E-01 -8.0275E-02
  3.9151E+02  3.2836E-01 -8.0386E-02
  3.9270E+02  3.2806E-01 -8.0498E-02
  3.9389E+02  3.2775E-01 -8.0609E-02
  3.9508E+02  3.2743E-01 -8.0720E-02
  3.9627E+02  3.2710E-01 -8.0830E-02
  3.9746E+02  3.2676E-01 -8.0941E-02
  3.9865E+02  3.2641E-01 -8.1051E-02
  3.9984E+02  3.2606E-01 -8.1160E-02
  4.0103E+02  3.2571E-01 -8.1269E-02
  4.0222E+02  3.2537E-01 -8.1378E-02
  4.0341E+02  3.2504E-01 -8.1487E-02
  4.0460E+02  3.2472E-01 -8.1595E-02
  4.0579E+02  3.2440E-01 -8.1703E-02
  4.0698E+02  3.2409E-01 -8.1810E-02
  4.0817E+02  3.2377E-01 -8.1917E-02
  4.0936E+02  3.2344E-01 -8.2024E-02
  4.1055E+02  3.2310E-01 -8.2130E-02
  4.1174E+02  3.2275E-01 -8.2236E-02
  4.1293E+02  3.2239E-01 -8.2342E-02
  4.1412E+02  3.2201E-01 -8.2447E-02
  4.1531E+02  3.2164E-01 -8.2553E-02
  4.1650E+02  3.2126E-01 -8.2657E-02
  4.1769E+02  3.2089E-01 -8.2762E-02
  4.1888E+02  3.2053E-01 -8.2866E-02
  4.2007E+02  3.2018E-01 -8.2970E-02
  4.2126E+02  3.1985E-01 -8.3073E-02
  4.2245E+02  3.1953E-01 -8.3176E-02
  4.2364E+02  3.1924E-01 -8.3279E-02
  4.2483E+02  3.1895E-01 -8.3382E-02
  4.2602E+02  3.1867E-01 -8.3485E-02
  4.2721E+02  3.1839E-01 -8.3587E-02
  4.2840E+02  3.1810E-01 -8.3689E-02
  4.2959E+02  3.1780E-01 -8.3791E-02
  4.3078E+02  3.1749E-01 -8.3893E-02
  4.3197E+02  3.1717E-01 -8.3994E-02
  4.3316E+02  3.1683E-01 -8.4095E-02
  4.3435E+02  3.1648E-01 -8.4196E-02
  4.3554E+02  3.1613E-01 -8.4296E-02
  4.3673E+02  3.1578E-01 -8.4396E-02
  4.3792E+02  3.1542E-01 -8.4496E-02
  4.3911E+02  3.1508E-01 -8.4595E-02
  4.4030E+02  3.1474E-01 -8.4694E-02
  4.4149E+02  3.1441E-01 -8.4793E-02
  4.4268E+02  3.1407E-01 -8.4891E-02
  4.4387E+02  3.1374E-01 -8.4989E-02
  4.4506E+02  3.1341E-01 -8.5086E-02
  4.4625E+02  3.1306E-01 -8.5183E-02
  4.4744E+02  3.1270E-01 -8.5280E-02
  4.4863E+02  3.1233E-01 -8.5377E-02
  4.4982E+02  3.1195E-01 -8.5473E-02
  4.5101E+02  3.1156E-01 -8.5569E-02
  4.5220E+02  3.1117E-01 -8.5665E-02
  4.5339E+02  3.1076E-01 -8.5760E-02
  4.5458E+02  3.1036E-01 -8.5855E-02
  4.5577E+02  3.0996E-01 -8.5950E-02
  4.5696E+02  3.0957E-01 -8.6044E-02
  4.5815E+02  3.0919E-01 -8.6138E-02
  4.5934E+02  3.0883E-01 -8.6231E-02
  4.6053E+02  3.0847E-01 -8.6324E-02
  4.6172E+02  3.0813E-01 -8.6417E-02
  4.6291E+02  3.0779E-01 -8.6510E-02
  4.6410E+02  3.0745E-01 -8.6602E-02
  4.6529E+02  3.0711E-01 -8.6694E-02
  4.6648E+02  3.0676E-01 -8.6786E-02
  4.6767E+02  3.0640E-01 -8.6877E-02
  4.6886E+02  3.0602E-01 -8.6968E-02
  4.7005E+02  3.0563E-01 -8.7059E-02
  4.7124E+02  3.0522E-01 -8.7149E-02
  4.7243E+02  3.0481E-01 -8.7239E-02
  4.7362E+02  3.0440E-01 -8.7329E-02
  4.7481E+02  3.0399E-01 -8.7418E-02
  4.7600E+02  3.0360E-01 -8.7506E-02
  4.7719E+02  3.0323E-01 -8.7595E-02
  4.7838E+02  3.0287E-01 -8.7682E-02
  4.7957E+02  3.0253E-01 -8.7770E-02
  4.8076E+02  3.0221E-01 -8.7857E-02
  4.8195E+02  3.0190E-01 -8.7944E-02
  4.8314E+02  3.0159E-01 -8.8031E-02
  4.8433E+02  3.0127E-01 -8.8118E-02
  4.8552E+02  3.0096E-01 -8.8204E-02
  4.8671E+02  3.0063E-01 -8.8291E-02
  4.8790E+02  3.0029E-01 -8.8377E-02
  4.8909E+02  2.9995E-01 -8.8463E-02
  4.9028E+02  2.9960E-01 -8.8548E-02
  4.9147E+02  2.9924E-01 -8.8634E-02
  4.9266E+02  2.9889E-01 -8.8719E-02
  4.9385E+02  2.9854E-01 -8.8803E-02
  4.9504E+02  2.9819E-01 -8.8888E-02
  4.9623E+02  2.9785E-01 -8.8972E-02
  4.9742E+02  2.9752E-01 -8.9056E-02
  4.9861E+02  2.9721E-01 -8.9139E-02
  4.9980E+02  2.9691E-01 -8.9223E-02
  5.0099E+02  2.9663E-01 -8.9306E-02
  5.0218E+02  2.9635E-01 -8.9389E-02
  5.0337E+02  2.9609E-01 -8.9472E-02
  5.0456E+02  2.9584E-01 -8.9554E-02
  5.0575E+02  2.9558E-01 -8.9637E-02
  5.0694E+02  2.9531E-01 -8.9719E-02
  5.0813E+02  2.9503E-01 -8.9802E-02
  5.0932E+02  2.9473E-01 -8.9884E-02
  5.1051E+02  2.9442E-01 -8.9966E-02
  5.1170E+02  2.9410E-01 -9.0048E-02
  5.1289E+02  2.9376E-01 -9.0129E-02
  5.1408E+02  2.9343E-01 -9.0210E-02
  5.1527E+02  2.9310E-01 -9.0291E-02
  5.1646E+02  2.9278E-01 -9.0372E-02
  5.1765E+02  2.9247E-01 -9.0452E-02
  5.1884E+02  2.9218E-01 -9.0532E-02
  5.2003E+02  2.9191E-01 -9.0612E-02
  5.2122E+02  2.9165E-01 -9.0692E-02
  5.2241E+02  2.9139E-01 -9.0771E-02
  5.2360E+02  2.9114E-01 -9.0850E-02
  5.2479E+02  2.9090E-01 -9.0930E-02
  5.2598E+02  2.9065E-01 -9.1009E-02
  5.2717E+02  2.9039E-01 -9.1088E-02
  5.2836E+02  2.9012E-01 -9.1167E-02
  5.2955E+02  2.8985E-01 -9.1246E-02
  5.3074E+02  2.8957E-01 -9.1325E-02
  5.3193E+02  2.8927E-01 -9.1403E-02
  5.3312E+02  2.8897E-01 -9.1482E-02
  5.3431E+02  2.8867E-01 -9.1560E-02
  5.3550E+02  2.8836E-01 -9.1638E-02
  5.3669E+02  2.8804E-01 -9.1715E-02
  5.3788E+02  2.8772E-01 -9.1793E-02
  5.3907E+02  2.8740E-01 -9.1870E-02
  5.4026E+02  2.8708E-01 -9.1947E-02
  5.4145E+02  2.8678E-01 -9.2023E-02
  5.4264E+02  2.8648E-01 -9.2099E-02
  5.4383E+02  2.8620E-01 -9.2175E-02
  5.4502E+02  2.8594E-01 -9.2251E-02
  5.4621E+02  2.8569E-01 -9.2327E-02
  5.4740E+02  2.8545E-01 -9.2403E-02
  5.4859E+02  2.8521E-01 -9.2479E-02
  5.4978E+02  2.8497E-01 -9.2554E-02
  5.5097E+02  2.8471E-01 -9.2630E-02
  5.5216E+02  2.8444E-01 -9.2705E-02
  5.5335E+02  2.8414E-01 -9.2781E-02
  5.5454E+02  2.8381E-01 -9.2856E-02
  5.5573E+02  2.8346E-01 -9.2931E-02
  5.5692E+02  2.8310E-01 -9.3005E-02
  5.5811E+02  2.8273E-01 -9.3080E-02
  5.5930E+02  2.8235E-01 -9.3154E-02
  5.6049E+02  2.8198E-01 -9.3227E-02
  5.6168E+02  2.8163E-01 -9.3300E-02
  5.6287E+02  2.8130E-01 -9.3373E-02
  5.6406E+02  2.8099E-01 -9.3445E-02
  5.6525E+02  2.8069E-01 -9.3518E-02
  5.6644E+02  2.8042E-01 -9.3590E-02
  5.6763E+02  2.8015E-01 -9.3662E-02
  5.6882E+02  2.7988E-01 -9.3733E-02
  5.7001E+02  2.7962E-01 -9.3805E-02
  5.7120E+02  2.7934E-01 -9.3876E-02
  5.7239E+02  2.7905E-01 -9.3948E-02
  5.7358E+02  2.7875E-01 -9.4019E-02
  5.7477E+02  2.7844E-01 -9.4090E-02
  5.7596E+02  2.7811E-01 -9.4162E-02
  5.7715E+02  2.7777E-01 -9.4232E-02
  5.7834E+02  2.7743E-01 -9.4303E-02
  5.7953E+02  2.7707E-01 -9.4373E-02
  5.8072E+02  2.7672E-01 -9.4443E-02
  5.8191E+02  2.7638E-01 -9.4513E-02
  5.8310E+02  2.7604E-01 -9.4582E-02
  5.8429E+02  2.7571E-01 -9.4651E-02
  5.8548E+02  2.7539E-01 -9.4720E-02
  5.8667E+02  2.7508E-01 -9.4788E-02
  5.8786E+02  2.7479E-01 -9.4857E-02
  5.8905E+02  2.7450E-01 -9.4925E-02
  5.9024E+02  2.7422E-01 -9.4993E-02
  5.9143E+02  2.7395E-01 -9.5060E-02
  5.9262E+02  2.7367E-01 -9.5128E-02
  5.9381E+02  2.7340E-01 -9.5196E-02
  5.9500E+02  2.7312E-01 -9.5263E-02
  5.9619E+02  2.7283E-01 -9.5331E-02
  5.9738E+02  2.7254E-01 -9.5398E-02
  5.9857E+02  2.7224E-01 -9.5465E-02
  5.9976E+02  2.7193E-01 -9.5532E-02
  6.0095E+02  2.7162E-01 -9.5599E-02
  6.0214E+02  2.7131E-01 -9.5665E-02
  6.0333E+02  2.7099E-01 -9.5732E-02
  6.0452E+02  2.7068E-01 -9.5798E-02
  6.0571E+02  2.7036E-01 -9.5864E-02
  6.0690E+02  2.7005E-01 -9.5929E-02
  6.0809E+02  2.6973E-01 -9.5995E-02
  6.0928E+02  2.6942E-01 -9.6060E-02
  6.1047E+02  2.6912E-01 -9.6125E-02
  6.1166E+02  2.6882E-01 -9.6189E-02
  6.1285E+02  2.6853E-01 -9.6254E-02
  6.1404E+02  2.6824E-01 -9.6318E-02
  6.1523E+02  2.6797E-01 -9.6382E-02
  6.1642E+02  2.6770E-01 -9.6446E-02
  6.1761E+02  2.6745E-01 -9.6510E-02
  6.1880E+02  2.6719E-01 -9.6574E-02
  6.1999E+02  2.6695E-01 -9.6637E-02
  6.2118E+02  2.6671E-01 -9.6701E-02
  6.2237E+02  2.6647E-01 -9.6765E-02
  6.2356E+02  2.6623E-01 -9.6828E-02
  6.2475E+02  2.6598E-01 -9.6892E-02
  6.2594E+02  2.6574E-01 -9.6955E-02
  6.2713E+02  2.6548E-01 -9.7019E-02
  6.2832E+02  2.6522E-01 -9.7082E-02
  6.2951E+02  2.6495E-01 -9.7145E-02
  6.3070E+02  2.6468E-01 -9.7208E-02
  6.3189E+02  2.6440E-01 -9.7271E-02
  6.3308E+02  2.6411E-01 -9.7333E-02
  6.3427E+02  2.6384E-01 -9.7396E-02
  6.3546E+02  2.6357E-01 -9.7458E-02
  6.3665E+02  2.6331E-01 -9.7520E-02
  6.3784E+02  2.6306E-01 -9.7582E-02
  6.3903E+02  2.6283E-01 -9.7644E-02
  6.4022E+02  2.6261E-01 -9.7706E-02
  6.4141E+02  2.6239E-01 -9.7767E-02
  6.4260E+02  2.6218E-01 -9.7829E-02
  6.4379E+02  2.6197E-01 -9.7890E-02
  6.4498E+02  2.6176E-01 -9.7952E-02
  6.4617E+02  2.6154E-01 -9.8014E-02
  6.4736E+02  2.6131E-01 -9.8075E-02
  6.4855E+02  2.6107E-01 -9.8136E-02
  6.4974E+02  2.6083E-01 -9.8198E-02
  6.5093E+02  2.6059E-01 -9.8259E-02
  6.5212E+02  2.6034E-01 -9.8320E-02
  6.5331E+02  2.6010E-01 -9.8381E-02
  6.5450E+02  2.5987E-01 -9.8442E-02
  6.5569E+02  2.5965E-01 -9.8503E-02
  6.5688E+02  2.5943E-01 -9.8564E-02
  6.5807E+02  2.5922E-01 -9.8624E-02
  6.5926E+02  2.5901E-01 -9.8685E-02
  6.6045E+02  2.5881E-01 -9.8745E-02
  6.6164E+02  2.5861E-01 -9.8806E-02
  6.6283E+02  2.5842E-01 -9.8866E-02
  6.6402E+02  2.5822E-01 -9.8927E-02
  6.6521E+02  2.5802E-01 -9.8987E-02
  6.6640E+02  2.5782E-01 -9.9047E-02
  6.6759E+02  2.5761E-01 -9.9108E-02
  6.6878E+02  2.5740E-01 -9.9168E-02
  6.6997E+02  2.5719E-01 -9.9228E-02
  6.7116E+02  2.5698E-01 -9.9289E-02
  6.7235E+02  2.5677E-01 -9.9349E-02
  6.7354E+02  2.5656E-01 -9.9409E-02
  6.7473E+02  2.5636E-01 -9.9469E-02
  6.7592E+02  2.5616E-01 -9.9529E-02
  6.7711E+02  2.5597E-01 -9.9589E-02
  6.7830E+02  2.5578E-01 -9.9648E-02
  6.7949E+02  2.5559E-01 -9.9708E-02
  6.8068E+02  2.5539E-01 -9.9768E-02
  6.8187E+02  2.5519E-01 -9.9828E-02
  6.8306E+02  2.5499E-01 -9.9887E-02
  6.8425E+02  2.5477E-01 -9.9947E-02
  6.8544E+02  2.5454E-01 -1.0001E-01
  6.8663E+02  2.5430E-01 -1.0007E-01
  6.8782E+02  2.5406E-01 -1.0012E-01
  6.8901E+02  2.5382E-01 -1.0018E-01
  6.9020E+02  2.5359E-01 -1.0024E-01
  6.9139E+02  2.5336E-01 -1.0030E-01
  6.9258E+02  2.5315E-01 -1.0036E-01
  6.9377E+02  2.5295E-01 -1.0042E-01
  6.9496E+02  2.5276E-01 -1.0048E-01
  6.9615E+02  2.5259E-01 -1.0054E-01
  6.9734E+02  2.5242E-01 -1.0060E-01
  6.9853E+02  2.5224E-01 -1.0065E-01
  6.9972E+02  2.5207E-01 -1.0071E-01
  7.0091E+02  2.5189E-01 -1.0077E-01
  7.0210E+02  2.5170E-01 -1.0083E-01
  7.0329E+02  2.5150E-01 -1.0089E-01
  7.0448E+02  2.5129E-01 -1.0095E-01
  7.0567E+02  2.5107E-01 -1.0101E-01
  7.0686E+02  2.5085E-01 -1.0107E-01
  7.0805E+02  2.5062E-01 -1.0112E-01
  7.0924E+02  2.5040E-01 -1.0118E-01
  7.1043E+02  2.5017E-01 -1.0124E-01
  7.1162E+02  2.4995E-01 -1.0130E-01
  7.1281E+02  2.4973E-01 -1.0136E-01
  7.1400E+02  2.4951E-01 -1.0141E-01
  7.1519E+02  2.4929E-01 -1.0147E-01
  7.1638E+02  2.4907E-01 -1.0153E-01
  7.1757E+02  2.4886E-01 -1.0159E-01
  7.1876E+02  2.4864E-01 -1.0164E-01
  7.1995E+02  2.4842E-01 -1.0170E-01
  7.2114E+02  2.4820E-01 -1.0176E-01
  7.2233E+02  2.4798E-01 -1.0181E-01
  7.2352E+02  2.4775E-01 -1.0187E-01
  7.2471E+02  2.4753E-01 -1.0193E-01
  7.2590E+02  2.4730E-01 -1.0199E-01
  7.2709E+02  2.4707E-01 -1.0204E-01
  7.2828E+02  2.4683E-01 -1.0210E-01
  7.2947E+02  2.4659E-01 -1.0216E-01
  7.3066E+02  2.4636E-01 -1.0221E-01
  7.3185E+02  2.4612E-01 -1.0227E-01
  7.3304E+02  2.4589E-01 -1.0232E-01
  7.3423E+02  2.4567E-01 -1.0238E-01
  7.3542E+02  2.4545E-01 -1.0244E-01
  7.3661E+02  2.4523E-01 -1.0249E-01
  7.3780E+02  2.4502E-01 -1.0255E-01
  7.3899E+02  2.4481E-01 -1.0260E-01
  7.4018E+02  2.4459E-01 -1.0266E-01
  7.4137E+02  2.4437E-01 -1.0272E-01
  7.4256E+02  2.4414E-01 -1.0277E-01
  7.4375E+02  2.4390E-01 -1.0283E-01
  7.4494E+02  2.4365E-01 -1.0288E-01
  7.4613E+02  2.4340E-01 -1.0294E-01
  7.4732E+02  2.4313E-01 -1.0299E-01
  7.4851E+02  2.4287E-01 -1.0305E-01
  7.4970E+02  2.4261E-01 -1.0310E-01
  7.5089E+02  2.4234E-01 -1.0316E-01
  7.5208E+02  2.4209E-01 -1.0321E-01
  7.5327E+02  2.4183E-01 -1.0326E-01
  7.5446E+02  2.4158E-01 -1.0332E-01
  7.5565E+02  2.4134E-01 -1.0337E-01
  7.5684E+02  2.4110E-01 -1.0343E-01
  7.5803E+02  2.4086E-01 -1.0348E-01
  7.5922E+02  2.4062E-01 -1.0353E-01
  7.6041E+02  2.4039E-01 -1.0359E-01
  7.6160E+02  2.4016E-01 -1.0364E-01
  7.6279E+02  2.3993E-01 -1.0369E-01
  7.6398E+02  2.3970E-01 -1.0375E-01
  7.6517E+02  2.3947E-01 -1.0380E-01
  7.6636E+02  2.3923E-01 -1.0385E-01
  7.6755E+02  2.3900E-01 -1.0391E-01
  7.6874E+02  2.3875E-01 -1.0396E-01
  7.6993E+02  2.3851E-01 -1.0401E-01
  7.7112E+02  2.3826E-01 -1.0407E-01
  7.7231E+02  2.3801E-01 -1.0412E-01
  7.7350E+02  2.3777E-01 -1.0417E-01
  7.7469E+02  2.3753E-01 -1.0422E-01
  7.7588E+02  2.3729E-01 -1.0428E-01
  7.7707E+02  2.3705E-01 -1.0433E-01
  7.7826E+02  2.3683E-01 -1.0438E-01
  7.7945E+02  2.3661E-01 -1.0443E-01
  7.8064E+02  2.3639E-01 -1.0448E-01
  7.8183E+02  2.3618E-01 -1.0453E-01
  7.8302E+02  2.3597E-01 -1.0459E-01
  7.8421E+02  2.3575E-01 -1.0464E-01
  7.8540E+02  2.3554E-01 -1.0469E-01
  7.8659E+02  2.3532E-01 -1.0474E-01
  7.8778E+02  2.3509E-01 -1.0479E-01
  7.8897E+02  2.3486E-01 -1.0484E-01
  7.9016E+02  2.3462E-01 -1.0489E-01
  7.9135E+02  2.3437E-01 -1.0495E-01
  7.9254E+02  2.3413E-01 -1.0500E-01
  7.9373E+02  2.3388E-01 -1.0505E-01
  7.9492E+02  2.3364E-01 -1.0510E-01
  7.9611E+02  2.3341E-01 -1.0515E-01
  7.9730E+02  2.3320E-01 -1.0520E-01
  7.9849E+02  2.3299E-01 -1.0525E-01
  7.9968E+02  2.3280E-01 -1.0530E-01
  8.0087E+02  2.3262E-01 -1.0535E-01
  8.0206E+02  2.3245E-01 -1.0540E-01
  8.0325E+02  2.3227E-01 -1.0545E-01
  8.0444E+02  2.3209E-01 -1.0550E-01
  8.0563E+02  2.3191E-01 -1.0555E-01
  8.0682E+02  2.3171E-01 -1.0560E-01
  8.0801E+02  2.3151E-01 -1.0565E-01
  8.0920E+02  2.3129E-01 -1.0570E-01
  8.1039E+02  2.3107E-01 -1.0575E-01
  8.1158E+02  2.3084E-01 -1.0580E-01
  8.1277E+02  2.3061E-01 -1.0585E-01
  8.1396E+02  2.3038E-01 -1.0590E-01
  8.1515E+02  2.3016E-01 -1.0595E-01
  8.1634E+02  2.2995E-01 -1.0600E-01
  8.1753E+02  2.2975E-01 -1.0605E-01
  8.1872E+02  2.2957E-01 -1.0610E-01
  8.1991E+02  2.2939E-01 -1.0615E-01
  8.2110E+02  2.2922E-01 -1.0620E-01
  8.2229E+02  2.2906E-01 -1.0625E-01
  8.2348E+02  2.2890E-01 -1.0630E-01
  8.2467E+02  2.2874E-01 -1.0635E-01
  8.2586E+02  2.2857E-01 -1.0640E-01
  8.2705E+02  2.2839E-01 -1.0645E-01
  8.2824E+02  2.2821E-01 -1.0650E-01
  8.2943E+02  2.2802E-01 -1.0655E-01
  8.3062E+02  2.2782E-01 -1.0660E-01
  8.3181E+02  2.2761E-01 -1.0665E-01
  8.3300E+02  2.2741E-01 -1.0670E-01
  8.3419E+02  2.2720E-01 -1.0674E-01
  8.3538E+02  2.2700E-01 -1.0679E-01
  8.3657E+02  2.2680E-01 -1.0684E-01
  8.3776E+02  2.2662E-01 -1.0689E-01
  8.3895E+02  2.2644E-01 -1.0694E-01
  8.4014E+02  2.2627E-01 -1.0699E-01
  8.4133E+02  2.2611E-01 -1.0704E-01
  8.4252E+02  2.2595E-01 -1.0709E-01
  8.4371E+02  2.2580E-01 -1.0714E-01
  8.4490E+02  2.2564E-01 -1.0719E-01
  8.4609E+02  2.2548E-01 -1.0723E-01
  8.4728E+02  2.2533E-01 -1.0728E-01
  8.4847E+02  2.2516E-01 -1.0733E-01
  8.4966E+02  2.2499E-01 -1.0738E-01
  8.5085E+02  2.2482E-01 -1.0743E-01
  8.5204E+02  2.2465E-01 -1.0748E-01
  8.5323E+02  2.2448E-01 -1.0753E-01
  8.5442E+02  2.2430E-01 -1.0758E-01
  8.5561E+02  2.2413E-01 -1.0763E-01
  8.5680E+02  2.2396E-01 -1.0768E-01
  8.5799E+02  2.2379E-01 -1.0772E-01
  8.5918E+02  2.2361E-01 -1.0777E-01
  8.6037E+02  2.2344E-01 -1.0782E-01
  8.6156E+02  2.2326E-01 -1.0787E-01
  8.6275E+02  2.2308E-01 -1.0792E-01
  8.6394E+02  2.2290E-01 -1.0797E-01
  8.6513E+02  2.2272E-01 -1.0802E-01
  8.6632E+02  2.2255E-01 -1.0807E-01
  8.6751E+02  2.2238E-01 -1.0811E-01
  8.6870E+02  2.2221E-01 -1.0816E-01
  8.6989E+02  2.2205E-01 -1.0821E-01
  8.7108E+02  2.2190E-01 -1.0826E-01
  8.7227E+02  2.2175E-01 -1.0831E-01
  8.7346E+02  2.2160E-01 -1.0836E-01
  8.7465E+02  2.2145E-01 -1.0840E-01
  8.7584E+02  2.2129E-01 -1.0845E-01
  8.7703E+02  2.2113E-01 -1.0850E-01
  8.7822E+02  2.2096E-01 -1.0855E-01
  8.7941E+02  2.2079E-01 -1.0860E-01
  8.8060E+02  2.2060E-01 -1.0865E-01
  8.8179E+02  2.2041E-01 -1.0869E-01
  8.8298E+02  2.2022E-01 -1.0874E-01
  8.8417E+02  2.2002E-01 -1.0879E-01
  8.8536E+02  2.1983E-01 -1.0884E-01
  8.8655E+02  2.1963E-01 -1.0889E-01
  8.8774E+02  2.1944E-01 -1.0893E-01
  8.8893E+02  2.1925E-01 -1.0898E-01
  8.9012E+02  2.1906E-01 -1.0903E-01
  8.9131E+02  2.1889E-01 -1.0908E-01
  8.9250E+02  2.1871E-01 -1.0913E-01
  8.9369E+02  2.1855E-01 -1.0917E-01
  8.9488E+02  2.1838E-01 -1.0922E-01
  8.9607E+02  2.1822E-01 -1.0927E-01
  8.9726E+02  2.1805E-01 -1.0932E-01
  8.9845E+02  2.1789E-01 -1.0936E-01
  8.9964E+02  2.1771E-01 -1.0941E-01
  9.0083E+02  2.1753E-01 -1.0946E-01
  9.0202E+02  2.1735E-01 -1.0951E-01
  9.0321E+02  2.1715E-01 -1.0955E-01
  9.0440E+02  2.1695E-01 -1.0960E-01
  9.0559E+02  2.1675E-01 -1.0965E-01
  9.0678E+02  2.1654E-01 -1.0969E-01
  9.0797E+02  2.1634E-01 -1.0974E-01
  9.0916E+02  2.1614E-01 -1.0979E-01
  9.1035E+02  2.1595E-01 -1.0983E-01
  9.1154E+02  2.1576E-01 -1.0988E-01
  9.1273E+02  2.1558E-01 -1.0993E-01
  9.1392E+02  2.1540E-01 -1.0997E-01
  9.1511E+02  2.1522E-01 -1.1002E-01
  9.1630E+02  2.1504E-01 -1.1007E-01
  9.1749E+02  2.1485E-01 -1.1011E-01
  9.1868E+02  2.1466E-01 -1.1016E-01
  9.1987E+02  2.1447E-01 -1.1021E-01
  9.2106E+02  2.1427E-01 -1.1025E-01
  9.2225E+02  2.1407E-01 -1.1030E-01
  9.2344E+02  2.1387E-01 -1.1034E-01
  9.2463E+02  2.1367E-01 -1.1039E-01
  9.2582E+02  2.1347E-01 -1.1044E-01
  9.2701E+02  2.1328E-01 -1.1048E-01
  9.2820E+02  2.1309E-01 -1.1053E-01
  9.2939E+02  2.1290E-01 -1.1057E-01
  9.3058E+02  2.1272E-01 -1.1062E-01
  9.3177E+02  2.1254E-01 -1.1066E-01
  9.3296E+02  2.1236E-01 -1.1071E-01
  9.3415E+02  2.1217E-01 -1.1075E-01
  9.3534E+02  2.1199E-01 -1.1080E-01
  9.3653E+02  2.1180E-01 -1.1084E-01
  9.3772E+02  2.1161E-01 -1.1089E-01
  9.3891E+02  2.1142E-01 -1.1094E-01
  9.4010E+02  2.1123E-01 -1.1098E-01
  9.4129E+02  2.1104E-01 -1.1103E-01
  9.4248E+02  2.1085E-01 -1.1107E-01
  9.4367E+02  2.1067E-01 -1.1111E-01
  9.4486E+02  2.1048E-01 -1.1116E-01
  9.4605E+02  2.1030E-01 -1.1120E-01
  9.4724E+02  2.1012E-01 -1.1125E-01
  9.4843E+02  2.0995E-01 -1.1129E-01
  9.4962E+02  2.0978E-01 -1.1134E-01
  9.5081E+02  2.0961E-01 -1.1138E-01
  9.5200E+02  2.0944E-01 -1.1143E-01
  9.5319E+02  2.0927E-01 -1.1147E-01
  9.5438E+02  2.0910E-01 -1.1152E-01
  9.5557E+02  2.0893E-01 -1.1156E-01
  9.5676E+02  2.0876E-01 -1.1160E-01
  9.5795E+02  2.0858E-01 -1.1165E-01
  9.5914E+02  2.0841E-01 -1.1169E-01
  9.6033E+02  2.0824E-01 -1.1174E-01
  9.6152E+02  2.0807E-01 -1.1178E-01
  9.6271E+02  2.0789E-01 -1.1183E-01
  9.6390E+02  2.0772E-01 -1.1187E-01
  9.6509E+02  2.0755E-01 -1.1191E-01
  9.6628E+02  2.0739E-01 -1.1196E-01
  9.6747E+02  2.0722E-01 -1.1200E-01
  9.6866E+02  2.0705E-01 -1.1204E-01
  9.6985E+02  2.0689E-01 -1.1209E-01
  9.7104E+02  2.0673E-01 -1.1213E-01
  9.7223E+02  2.0657E-01 -1.1218E-01
  9.7342E+02  2.0642E-01 -1.1222E-01
  9.7461E+02  2.0627E-01 -1.1226E-01
  9.7580E+02  2.0612E-01 -1.1231E-01
  9.7699E+02  2.0597E-01 -1.1235E-01
  9.7818E+02  2.0583E-01 -1.1239E-01
  9.7937E+02  2.0568E-01 -1.1244E-01
  9.8056E+02  2.0554E-01 -1.1248E-01
  9.8175E+02  2.0539E-01 -1.1253E-01
  9.8294E+02  2.0524E-01 -1.1257E-01
  9.8413E+02  2.0508E-01 -1.1261E-01
  9.8532E+02  2.0493E-01 -1.1266E-01
  9.8651E+02  2.0477E-01 -1.1270E-01
  9.8770E+02  2.0462E-01 -1.1274E-01
  9.8889E+02  2.0446E-01 -1.1279E-01
  9.9008E+02  2.0431E-01 -1.1283E-01
  9.9127E+02  2.0415E-01 -1.1287E-01
  9.9246E+02  2.0400E-01 -1.1292E-01
  9.9365E+02  2.0386E-01 -1.1296E-01
  9.9484E+02  2.0371E-01 -1.1300E-01
  9.9603E+02  2.0357E-01 -1.1305E-01
  9.9722E+02  2.0343E-01 -1.1309E-01
  9.9841E+02  2.0329E-01 -1.1313E-01
  9.9960E+02  2.0315E-01 -1.1318E-01
  1.0008E+03  2.0301E-01 -1.1322E-01
  1.0020E+03  2.0287E-01 -1.1326E-01
  1.0032E+03  2.0273E-01 -1.1331E-01
  1.0044E+03  2.0258E-01 -1.1335E-01
  1.0056E+03  2.0243E-01 -1.1339E-01
  1.0067E+03  2.0229E-01 -1.1343E-01
  1.0079E+03  2.0213E-01 -1.1348E-01
  1.0091E+03  2.0199E-01 -1.1352E-01
  1.0103E+03  2.0184E-01 -1.1356E-01
  1.0115E+03  2.0169E-01 -1.1361E-01
  1.0127E+03  2.0155E-01 -1.1365E-01
  1.0139E+03  2.0142E-01 -1.1369E-01
  1.0151E+03  2.0128E-01 -1.1374E-01
  1.0163E+03  2.0115E-01 -1.1378E-01
  1.0175E+03  2.0103E-01 -1.1382E-01
  1.0186E+03  2.0090E-01 -1.1386E-01
  1.0198E+03  2.0076E-01 -1.1391E-01
  1.0210E+03  2.0063E-01 -1.1395E-01
  1.0222E+03  2.0048E-01 -1.1399E-01
  1.0234E+03  2.0033E-01 -1.1404E-01
  1.0246E+03  2.0017E-01 -1.1408E-01
  1.0258E+03  2.0001E-01 -1.1412E-01
  1.0270E+03  1.9985E-01 -1.1416E-01
  1.0282E+03  1.9968E-01 -1.1421E-01
  1.0294E+03  1.9952E-01 -1.1425E-01
  1.0305E+03  1.9936E-01 -1.1429E-01
  1.0317E+03  1.9921E-01 -1.1433E-01
  1.0329E+03  1.9907E-01 -1.1438E-01
  1.0341E+03  1.9893E-01 -1.1442E-01
  1.0353E+03  1.9880E-01 -1.1446E-01
  1.0365E+03  1.9867E-01 -1.1450E-01
  1.0377E+03  1.9854E-01 -1.1455E-01
  1.0389E+03  1.9840E-01 -1.1459E-01
  1.0401E+03  1.9826E-01 -1.1463E-01
  1.0413E+03  1.9812E-01 -1.1467E-01
  1.0424E+03  1.9796E-01 -1.1471E-01
  1.0436E+03  1.9780E-01 -1.1476E-01
  1.0448E+03  1.9764E-01 -1.1480E-01
  1.0460E+03  1.9747E-01 -1.1484E-01
  1.0472E+03  1.9730E-01 -1.1488E-01
  1.0484E+03  1.9714E-01 -1.1492E-01
  1.0496E+03  1.9697E-01 -1.1497E-01
  1.0508E+03  1.9681E-01 -1.1501E-01
  1.0520E+03  1.9665E-01 -1.1505E-01
  1.0532E+03  1.9649E-01 -1.1509E-01
  1.0543E+03  1.9634E-01 -1.1513E-01
  1.0555E+03  1.9620E-01 -1.1517E-01
  1.0567E+03  1.9605E-01 -1.1522E-01
  1.0579E+03  1.9590E-01 -1.1526E-01
  1.0591E+03  1.9575E-01 -1.1530E-01
  1.0603E+03  1.9560E-01 -1.1534E-01
  1.0615E+03  1.9544E-01 -1.1538E-01
  1.0627E+03  1.9527E-01 -1.1542E-01
  1.0639E+03  1.9510E-01 -1.1546E-01
  1.0651E+03  1.9492E-01 -1.1550E-01
  1.0662E+03  1.9474E-01 -1.1554E-01
  1.0674E+03  1.9456E-01 -1.1559E-01
  1.0686E+03  1.9438E-01 -1.1563E-01
  1.0698E+03  1.9420E-01 -1.1567E-01
  1.0710E+03  1.9403E-01 -1.1571E-01
  1.0722E+03  1.9386E-01 -1.1575E-01
  1.0734E+03  1.9371E-01 -1.1579E-01
  1.0746E+03  1.9355E-01 -1.1583E-01
  1.0758E+03  1.9340E-01 -1.1587E-01
  1.0770E+03  1.9324E-01 -1.1591E-01
  1.0781E+03  1.9308E-01 -1.1595E-01
  1.0793E+03  1.9292E-01 -1.1599E-01
  1.0805E+03  1.9275E-01 -1.1603E-01
  1.0817E+03  1.9257E-01 -1.1607E-01
  1.0829E+03  1.9240E-01 -1.1611E-01
  1.0841E+03  1.9221E-01 -1.1615E-01
  1.0853E+03  1.9203E-01 -1.1619E-01
  1.0865E+03  1.9185E-01 -1.1623E-01
  1.0877E+03  1.9166E-01 -1.1627E-01
  1.0889E+03  1.9148E-01 -1.1631E-01
  1.0900E+03  1.9130E-01 -1.1634E-01
  1.0912E+03  1.9112E-01 -1.1638E-01
  1.0924E+03  1.9094E-01 -1.1642E-01
  1.0936E+03  1.9077E-01 -1.1646E-01
  1.0948E+03  1.9059E-01 -1.1650E-01
  1.0960E+03  1.9041E-01 -1.1654E-01
  1.0972E+03  1.9023E-01 -1.1658E-01
  1.0984E+03  1.9005E-01 -1.1662E-01
  1.0996E+03  1.8987E-01 -1.1665E-01
  1.1008E+03  1.8970E-01 -1.1669E-01
  1.1019E+03  1.8952E-01 -1.1673E-01
  1.1031E+03  1.8934E-01 -1.1677E-01
  1.1043E+03  1.8916E-01 -1.1681E-01
  1.1055E+03  1.8899E-01 -1.1685E-01
  1.1067E+03  1.8881E-01 -1.1688E-01
  1.1079E+03  1.8863E-01 -1.1692E-01
  1.1091E+03  1.8846E-01 -1.1696E-01
  1.1103E+03  1.8828E-01 -1.1700E-01
  1.1115E+03  1.8810E-01 -1.1703E-01
  1.1127E+03  1.8792E-01 -1.1707E-01
  1.1138E+03  1.8773E-01 -1.1711E-01
  1.1150E+03  1.8755E-01 -1.1715E-01
  1.1162E+03  1.8736E-01 -1.1718E-01
  1.1174E+03  1.8717E-01 -1.1722E-01
  1.1186E+03  1.8698E-01 -1.1726E-01
  1.1198E+03  1.8680E-01 -1.1729E-01
  1.1210E+03  1.8661E-01 -1.1733E-01
  1.1222E+03  1.8643E-01 -1.1737E-01
  1.1234E+03  1.8626E-01 -1.1740E-01
  1.1246E+03  1.8608E-01 -1.1744E-01
  1.1257E+03  1.8591E-01 -1.1748E-01
  1.1269E+03  1.8574E-01 -1.1751E-01
  1.1281E+03  1.8557E-01 -1.1755E-01
  1.1293E+03  1.8541E-01 -1.1759E-01
  1.1305E+03  1.8523E-01 -1.1762E-01
  1.1317E+03  1.8506E-01 -1.1766E-01
  1.1329E+03  1.8489E-01 -1.1769E-01
  1.1341E+03  1.8471E-01 -1.1773E-01
  1.1353E+03  1.8453E-01 -1.1777E-01
  1.1365E+03  1.8435E-01 -1.1780E-01
  1.1376E+03  1.8417E-01 -1.1784E-01
  1.1388E+03  1.8398E-01 -1.1787E-01
  1.1400E+03  1.8381E-01 -1.1791E-01
  1.1412E+03  1.8363E-01 -1.1794E-01
  1.1424E+03  1.8346E-01 -1.1798E-01
  1.1436E+03  1.8329E-01 -1.1801E-01
  1.1448E+03  1.8313E-01 -1.1805E-01
  1.1460E+03  1.8297E-01 -1.1808E-01
  1.1472E+03  1.8281E-01 -1.1812E-01
  1.1484E+03  1.8266E-01 -1.1815E-01
  1.1495E+03  1.8251E-01 -1.1819E-01
  1.1507E+03  1.8235E-01 -1.1822E-01
  1.1519E+03  1.8220E-01 -1.1826E-01
  1.1531E+03  1.8204E-01 -1.1829E-01
  1.1543E+03  1.8188E-01 -1.1833E-01
  1.1555E+03  1.8172E-01 -1.1836E-01
  1.1567E+03  1.8156E-01 -1.1840E-01
  1.1579E+03  1.8140E-01 -1.1843E-01
  1.1591E+03  1.8124E-01 -1.1846E-01
  1.1603E+03  1.8108E-01 -1.1850E-01
  1.1614E+03  1.8092E-01 -1.1853E-01
  1.1626E+03  1.8077E-01 -1.1857E-01
  1.1638E+03  1.8062E-01 -1.1860E-01
  1.1650E+03  1.8047E-01 -1.1863E-01
  1.1662E+03  1.8033E-01 -1.1867E-01
  1.1674E+03  1.8018E-01 -1.1870E-01
  1.1686E+03  1.8004E-01 -1.1874E-01
  1.1698E+03  1.7990E-01 -1.1877E-01
  1.1710E+03  1.7976E-01 -1.1880E-01
  1.1722E+03  1.7962E-01 -1.1884E-01
  1.1733E+03  1.7948E-01 -1.1887E-01
  1.1745E+03  1.7934E-01 -1.1891E-01
  1.1757E+03  1.7921E-01 -1.1894E-01
  1.1769E+03  1.7907E-01 -1.1897E-01
  1.1781E+03  1.7893E-01 -1.1901E-01
  1.1793E+03  1.7880E-01 -1.1904E-01
  1.1805E+03  1.7867E-01 -1.1907E-01
  1.1817E+03  1.7854E-01 -1.1911E-01
  1.1829E+03  1.7841E-01 -1.1914E-01
  1.1841E+03  1.7828E-01 -1.1917E-01
  1.1852E+03  1.7815E-01 -1.1921E-01
  1.1864E+03  1.7802E-01 -1.1924E-01
  1.1876E+03  1.7789E-01 -1.1927E-01
  1.1888E+03  1.7776E-01 -1.1931E-01
  1.1900E+03  1.7763E-01 -1.1934E-01
  1.1912E+03  1.7751E-01 -1.1938E-01
  1.1924E+03  1.7738E-01 -1.1941E-01
  1.1936E+03  1.7726E-01 -1.1944E-01
  1.1948E+03  1.7714E-01 -1.1947E-01
  1.1960E+03  1.7702E-01 -1.1951E-01
  1.1971E+03  1.7691E-01 -1.1954E-01
  1.1983E+03  1.7679E-01 -1.1957E-01
  1.1995E+03  1.7667E-01 -1.1961E-01
  1.2007E+03  1.7655E-01 -1.1964E-01
  1.2019E+03  1.7643E-01 -1.1967E-01
  1.2031E+03  1.7631E-01 -1.1971E-01
  1.2043E+03  1.7619E-01 -1.1974E-01
  1.2055E+03  1.7607E-01 -1.1977E-01
  1.2067E+03  1.7595E-01 -1.1981E-01
  1.2079E+03  1.7583E-01 -1.1984E-01
  1.2090E+03  1.7572E-01 -1.1987E-01
  1.2102E+03  1.7561E-01 -1.1991E-01
  1.2114E+03  1.7549E-01 -1.1994E-01
  1.2126E+03  1.7538E-01 -1.1997E-01
  1.2138E+03  1.7527E-01 -1.2000E-01
  1.2150E+03  1.7516E-01 -1.2004E-01
  1.2162E+03  1.7505E-01 -1.2007E-01
  1.2174E+03  1.7494E-01 -1.2010E-01
  1.2186E+03  1.7483E-01 -1.2014E-01
  1.2198E+03  1.7472E-01 -1.2017E-01
  1.2209E+03  1.7460E-01 -1.2020E-01
  1.2221E+03  1.7448E-01 -1.2024E-01
  1.2233E+03  1.7437E-01 -1.2027E-01
  1.2245E+03  1.7425E-01 -1.2030E-01
  1.2257E+03  1.7413E-01 -1.2033E-01
  1.2269E+03  1.7401E-01 -1.2037E-01
  1.2281E+03  1.7390E-01 -1.2040E-01
  1.2293E+03  1.7378E-01 -1.2043E-01
  1.2305E+03  1.7367E-01 -1.2046E-01
  1.2317E+03  1.7356E-01 -1.2050E-01
  1.2328E+03  1.7345E-01 -1.2053E-01
  1.2340E+03  1.7334E-01 -1.2056E-01
  1.2352E+03  1.7323E-01 -1.2060E-01
  1.2364E+03  1.7312E-01 -1.2063E-01
  1.2376E+03  1.7301E-01 -1.2066E-01
  1.2388E+03  1.7289E-01 -1.2069E-01
  1.2400E+03  1.7277E-01 -1.2073E-01
  1.2412E+03  1.7264E-01 -1.2076E-01
  1.2424E+03  1.7251E-01 -1.2079E-01
  1.2436E+03  1.7238E-01 -1.2082E-01
  1.2447E+03  1.7225E-01 -1.2085E-01
  1.2459E+03  1.7212E-01 -1.2089E-01
  1.2471E+03  1.7200E-01 -1.2092E-01
  1.2483E+03  1.7188E-01 -1.2095E-01
  1.2495E+03  1.7176E-01 -1.2098E-01
  1.2507E+03  1.7165E-01 -1.2101E-01
  1.2519E+03  1.7153E-01 -1.2105E-01
  1.2531E+03  1.7142E-01 -1.2108E-01
  1.2543E+03  1.7130E-01 -1.2111E-01
  1.2555E+03  1.7118E-01 -1.2114E-01
  1.2566E+03  1.7105E-01 -1.2117E-01
  1.2578E+03  1.7092E-01 -1.2121E-01
  1.2590E+03  1.7079E-01 -1.2124E-01
  1.2602E+03  1.7065E-01 -1.2127E-01
  1.2614E+03  1.7051E-01 -1.2130E-01
  1.2626E+03  1.7037E-01 -1.2133E-01
  1.2638E+03  1.7023E-01 -1.2136E-01
  1.2650E+03  1.7009E-01 -1.2140E-01
  1.2662E+03  1.6996E-01 -1.2143E-01
  1.2674E+03  1.6982E-01 -1.2146E-01
  1.2685E+03  1.6969E-01 -1.2149E-01
  1.2697E+03  1.6957E-01 -1.2152E-01
  1.2709E+03  1.6944E-01 -1.2155E-01
  1.2721E+03  1.6931E-01 -1.2158E-01
  1.2733E+03  1.6918E-01 -1.2161E-01
  1.2745E+03  1.6904E-01 -1.2164E-01
  1.2757E+03  1.6890E-01 -1.2167E-01
  1.2769E+03  1.6876E-01 -1.2171E-01
  1.2781E+03  1.6861E-01 -1.2174E-01
  1.2792E+03  1.6846E-01 -1.2177E-01
  1.2804E+03  1.6831E-01 -1.2180E-01
  1.2816E+03  1.6816E-01 -1.2183E-01
  1.2828E+03  1.6800E-01 -1.2186E-01
  1.2840E+03  1.6785E-01 -1.2189E-01
  1.2852E+03  1.6770E-01 -1.2192E-01
  1.2864E+03  1.6755E-01 -1.2195E-01
  1.2876E+03  1.6741E-01 -1.2198E-01
  1.2888E+03  1.6727E-01 -1.2201E-01
  1.2900E+03  1.6713E-01 -1.2204E-01
  1.2911E+03  1.6699E-01 -1.2207E-01
  1.2923E+03  1.6685E-01 -1.2210E-01
  1.2935E+03  1.6671E-01 -1.2213E-01
  1.2947E+03  1.6656E-01 -1.2215E-01
  1.2959E+03  1.6641E-01 -1.2218E-01
  1.2971E+03  1.6625E-01 -1.2221E-01
  1.2983E+03  1.6609E-01 -1.2224E-01
  1.2995E+03  1.6593E-01 -1.2227E-01
  1.3007E+03  1.6577E-01 -1.2230E-01
  1.3019E+03  1.6560E-01 -1.2233E-01
  1.3030E+03  1.6544E-01 -1.2236E-01
  1.3042E+03  1.6528E-01 -1.2239E-01
  1.3054E+03  1.6512E-01 -1.2241E-01
  1.3066E+03  1.6496E-01 -1.2244E-01
  1.3078E+03  1.6481E-01 -1.2247E-01
  1.3090E+03  1.6466E-01 -1.2250E-01
  1.3102E+03  1.6451E-01 -1.2253E-01
  1.3114E+03  1.6435E-01 -1.2256E-01
  1.3126E+03  1.6420E-01 -1.2258E-01
  1.3138E+03  1.6404E-01 -1.2261E-01
  1.3149E+03  1.6388E-01 -1.2264E-01
  1.3161E+03  1.6372E-01 -1.2267E-01
  1.3173E+03  1.6355E-01 -1.2269E-01
  1.3185E+03  1.6339E-01 -1.2272E-01
  1.3197E+03  1.6322E-01 -1.2275E-01
  1.3209E+03  1.6305E-01 -1.2278E-01
  1.3221E+03  1.6289E-01 -1.2280E-01
  1.3233E+03  1.6272E-01 -1.2283E-01
  1.3245E+03  1.6256E-01 -1.2286E-01
  1.3257E+03  1.6240E-01 -1.2288E-01
  1.3268E+03  1.6224E-01 -1.2291E-01
  1.3280E+03  1.6208E-01 -1.2294E-01
  1.3292E+03  1.6192E-01 -1.2296E-01
  1.3304E+03  1.6175E-01 -1.2299E-01
  1.3316E+03  1.6159E-01 -1.2301E-01
  1.3328E+03  1.6143E-01 -1.2304E-01
  1.3340E+03  1.6126E-01 -1.2307E-01
  1.3352E+03  1.6109E-01 -1.2309E-01
  1.3364E+03  1.6093E-01 -1.2312E-01
  1.3376E+03  1.6076E-01 -1.2314E-01
  1.3387E+03  1.6059E-01 -1.2317E-01
  1.3399E+03  1.6043E-01 -1.2319E-01
  1.3411E+03  1.6026E-01 -1.2322E-01
  1.3423E+03  1.6010E-01 -1.2324E-01
  1.3435E+03  1.5993E-01 -1.2327E-01
  1.3447E+03  1.5977E-01 -1.2329E-01
  1.3459E+03  1.5960E-01 -1.2332E-01
  1.3471E+03  1.5944E-01 -1.2334E-01
  1.3483E+03  1.5927E-01 -1.2337E-01
  1.3495E+03  1.5910E-01 -1.2339E-01
  1.3506E+03  1.5894E-01 -1.2342E-01
  1.3518E+03  1.5877E-01 -1.2344E-01
  1.3530E+03  1.5860E-01 -1.2347E-01
  1.3542E+03  1.5844E-01 -1.2349E-01
  1.3554E+03  1.5828E-01 -1.2351E-01
  1.3566E+03  1.5811E-01 -1.2354E-01
  1.3578E+03  1.5795E-01 -1.2356E-01
  1.3590E+03  1.5779E-01 -1.2359E-01
  1.3602E+03  1.5763E-01 -1.2361E-01
  1.3614E+03  1.5747E-01 -1.2363E-01
  1.3625E+03  1.5731E-01 -1.2366E-01
  1.3637E+03  1.5715E-01 -1.2368E-01
  1.3649E+03  1.5699E-01 -1.2370E-01
  1.3661E+03  1.5683E-01 -1.2373E-01
  1.3673E+03  1.5666E-01 -1.2375E-01
  1.3685E+03  1.5650E-01 -1.2377E-01
  1.3697E+03  1.5634E-01 -1.2380E-01
  1.3709E+03  1.5617E-01 -1.2382E-01
  1.3721E+03  1.5601E-01 -1.2384E-01
  1.3733E+03  1.5585E-01 -1.2386E-01
  1.3744E+03  1.5569E-01 -1.2389E-01
  1.3756E+03  1.5553E-01 -1.2391E-01
  1.3768E+03  1.5538E-01 -1.2393E-01
  1.3780E+03  1.5523E-01 -1.2395E-01
  1.3792E+03  1.5508E-01 -1.2397E-01
  1.3804E+03  1.5493E-01 -1.2400E-01
  1.3816E+03  1.5478E-01 -1.2402E-01
  1.3828E+03  1.5463E-01 -1.2404E-01
  1.3840E+03  1.5448E-01 -1.2406E-01
  1.3852E+03  1.5433E-01 -1.2408E-01
  1.3863E+03  1.5418E-01 -1.2411E-01
  1.3875E+03  1.5403E-01 -1.2413E-01
  1.3887E+03  1.5387E-01 -1.2415E-01
  1.3899E+03  1.5372E-01 -1.2417E-01
  1.3911E+03  1.5357E-01 -1.2419E-01
  1.3923E+03  1.5342E-01 -1.2421E-01
  1.3935E+03  1.5327E-01 -1.2423E-01
  1.3947E+03  1.5312E-01 -1.2425E-01
  1.3959E+03  1.5298E-01 -1.2428E-01
  1.3971E+03  1.5284E-01 -1.2430E-01
  1.3982E+03  1.5270E-01 -1.2432E-01
  1.3994E+03  1.5256E-01 -1.2434E-01
  1.4006E+03  1.5242E-01 -1.2436E-01
  1.4018E+03  1.5228E-01 -1.2438E-01
  1.4030E+03  1.5214E-01 -1.2440E-01
  1.4042E+03  1.5201E-01 -1.2442E-01
  1.4054E+03  1.5187E-01 -1.2444E-01
  1.4066E+03  1.5173E-01 -1.2446E-01
  1.4078E+03  1.5159E-01 -1.2448E-01
  1.4090E+03  1.5146E-01 -1.2450E-01
  1.4101E+03  1.5132E-01 -1.2452E-01
  1.4113E+03  1.5119E-01 -1.2454E-01
  1.4125E+03  1.5106E-01 -1.2456E-01
  1.4137E+03  1.5093E-01 -1.2458E-01
  1.4149E+03  1.5080E-01 -1.2460E-01
  1.4161E+03  1.5067E-01 -1.2462E-01
  1.4173E+03  1.5054E-01 -1.2464E-01
  1.4185E+03  1.5042E-01 -1.2466E-01
  1.4197E+03  1.5029E-01 -1.2468E-01
  1.4209E+03  1.5016E-01 -1.2470E-01
  1.4220E+03  1.5003E-01 -1.2472E-01
  1.4232E+03  1.4991E-01 -1.2474E-01
  1.4244E+03  1.4979E-01 -1.2476E-01
  1.4256E+03  1.4966E-01 -1.2478E-01
  1.4268E+03  1.4954E-01 -1.2480E-01
  1.4280E+03  1.4943E-01 -1.2482E-01
  1.4292E+03  1.4931E-01 -1.2484E-01
  1.4304E+03  1.4919E-01 -1.2486E-01
  1.4316E+03  1.4908E-01 -1.2488E-01
  1.4328E+03  1.4896E-01 -1.2490E-01
  1.4339E+03  1.4884E-01 -1.2492E-01
  1.4351E+03  1.4873E-01 -1.2493E-01
  1.4363E+03  1.4861E-01 -1.2495E-01
  1.4375E+03  1.4849E-01 -1.2497E-01
  1.4387E+03  1.4838E-01 -1.2499E-01
  1.4399E+03  1.4826E-01 -1.2501E-01
  1.4411E+03  1.4814E-01 -1.2503E-01
  1.4423E+03  1.4803E-01 -1.2505E-01
  1.4435E+03  1.4792E-01 -1.2507E-01
  1.4447E+03  1.4781E-01 -1.2509E-01
  1.4458E+03  1.4770E-01 -1.2511E-01
  1.4470E+03  1.4759E-01 -1.2513E-01
  1.4482E+03  1.4749E-01 -1.2514E-01
  1.4494E+03  1.4739E-01 -1.2516E-01
  1.4506E+03  1.4729E-01 -1.2518E-01
  1.4518E+03  1.4719E-01 -1.2520E-01
  1.4530E+03  1.4708E-01 -1.2522E-01
  1.4542E+03  1.4698E-01 -1.2524E-01
  1.4554E+03  1.4687E-01 -1.2526E-01
  1.4566E+03  1.4676E-01 -1.2528E-01
  1.4577E+03  1.4666E-01 -1.2529E-01
  1.4589E+03  1.4655E-01 -1.2531E-01
  1.4601E+03  1.4644E-01 -1.2533E-01
  1.4613E+03  1.4633E-01 -1.2535E-01
  1.4625E+03  1.4622E-01 -1.2537E-01
  1.4637E+03  1.4612E-01 -1.2539E-01
  1.4649E+03  1.4602E-01 -1.2541E-01
  1.4661E+03  1.4592E-01 -1.2542E-01
  1.4673E+03  1.4583E-01 -1.2544E-01
  1.4685E+03  1.4574E-01 -1.2546E-01
  1.4696E+03  1.4564E-01 -1.2548E-01
  1.4708E+03  1.4555E-01 -1.2550E-01
  1.4720E+03  1.4545E-01 -1.2552E-01
  1.4732E+03  1.4535E-01 -1.2553E-01
  1.4744E+03  1.4525E-01 -1.2555E-01
  1.4756E+03  1.4515E-01 -1.2557E-01
  1.4768E+03  1.4504E-01 -1.2559E-01
  1.4780E+03  1.4494E-01 -1.2561E-01
  1.4792E+03  1.4483E-01 -1.2563E-01
  1.4804E+03  1.4473E-01 -1.2564E-01
  1.4815E+03  1.4463E-01 -1.2566E-01
  1.4827E+03  1.4453E-01 -1.2568E-01
  1.4839E+03  1.4443E-01 -1.2570E-01
  1.4851E+03  1.4434E-01 -1.2572E-01
  1.4863E+03  1.4425E-01 -1.2573E-01
  1.4875E+03  1.4416E-01 -1.2575E-01
  1.4887E+03  1.4406E-01 -1.2577E-01
  1.4899E+03  1.4397E-01 -1.2579E-01
  1.4911E+03  1.4387E-01 -1.2581E-01
  1.4923E+03  1.4377E-01 -1.2582E-01
  1.4934E+03  1.4367E-01 -1.2584E-01
  1.4946E+03  1.4357E-01 -1.2586E-01
  1.4958E+03  1.4346E-01 -1.2588E-01
  1.4970E+03  1.4336E-01 -1.2589E-01
  1.4982E+03  1.4325E-01 -1.2591E-01
  1.4994E+03  1.4315E-01 -1.2593E-01
  1.5006E+03  1.4305E-01 -1.2595E-01
  1.5018E+03  1.4295E-01 -1.2596E-01
  1.5030E+03  1.4285E-01 -1.2598E-01
  1.5042E+03  1.4276E-01 -1.2600E-01
  1.5053E+03  1.4266E-01 -1.2602E-01
  1.5065E+03  1.4257E-01 -1.2603E-01
  1.5077E+03  1.4247E-01 -1.2605E-01
  1.5089E+03  1.4238E-01 -1.2607E-01
  1.5101E+03  1.4228E-01 -1.2609E-01
  1.5113E+03  1.4217E-01 -1.2610E-01
  1.5125E+03  1.4207E-01 -1.2612E-01
  1.5137E+03  1.4196E-01 -1.2614E-01
  1.5149E+03  1.4185E-01 -1.2616E-01
  1.5161E+03  1.4174E-01 -1.2617E-01
  1.5172E+03  1.4164E-01 -1.2619E-01
  1.5184E+03  1.4153E-01 -1.2621E-01
  1.5196E+03  1.4142E-01 -1.2622E-01
  1.5208E+03  1.4132E-01 -1.2624E-01
  1.5220E+03  1.4122E-01 -1.2626E-01
  1.5232E+03  1.4112E-01 -1.2628E-01
  1.5244E+03  1.4102E-01 -1.2629E-01
  1.5256E+03  1.4092E-01 -1.2631E-01
  1.5268E+03  1.4082E-01 -1.2633E-01
  1.5280E+03  1.4071E-01 -1.2634E-01
  1.5291E+03  1.4061E-01 -1.2636E-01
  1.5303E+03  1.4050E-01 -1.2638E-01
  1.5315E+03  1.4039E-01 -1.2639E-01
  1.5327E+03  1.4028E-01 -1.2641E-01
  1.5339E+03  1.4016E-01 -1.2642E-01
  1.5351E+03  1.4005E-01 -1.2644E-01
  1.5363E+03  1.3994E-01 -1.2646E-01
  1.5375E+03  1.3982E-01 -1.2647E-01
  1.5387E+03  1.3971E-01 -1.2649E-01
  1.5399E+03  1.3960E-01 -1.2651E-01
  1.5410E+03  1.3949E-01 -1.2652E-01
  1.5422E+03  1.3938E-01 -1.2654E-01
  1.5434E+03  1.3928E-01 -1.2655E-01
  1.5446E+03  1.3917E-01 -1.2657E-01
  1.5458E+03  1.3906E-01 -1.2659E-01
  1.5470E+03  1.3895E-01 -1.2660E-01
  1.5482E+03  1.3884E-01 -1.2662E-01
  1.5494E+03  1.3872E-01 -1.2663E-01
  1.5506E+03  1.3861E-01 -1.2665E-01
  1.5518E+03  1.3849E-01 -1.2666E-01
  1.5529E+03  1.3837E-01 -1.2668E-01
  1.5541E+03  1.3825E-01 -1.2670E-01
  1.5553E+03  1.3813E-01 -1.2671E-01
  1.5565E+03  1.3801E-01 -1.2673E-01
  1.5577E+03  1.3790E-01 -1.2674E-01
  1.5589E+03  1.3778E-01 -1.2676E-01
  1.5601E+03  1.3766E-01 -1.2677E-01
  1.5613E+03  1.3755E-01 -1.2679E-01
  1.5625E+03  1.3743E-01 -1.2680E-01
  1.5637E+03  1.3731E-01 -1.2682E-01
  1.5648E+03  1.3719E-01 -1.2683E-01
  1.5660E+03  1.3707E-01 -1.2685E-01
  1.5672E+03  1.3695E-01 -1.2686E-01
  1.5684E+03  1.3683E-01 -1.2688E-01
  1.5696E+03  1.3671E-01 -1.2689E-01
  1.5708E+03  1.3659E-01 -1.2690E-01
  1.5720E+03  1.3647E-01 -1.2692E-01
  1.5732E+03  1.3635E-01 -1.2693E-01
  1.5744E+03  1.3622E-01 -1.2695E-01
  1.5756E+03  1.3610E-01 -1.2696E-01
  1.5767E+03  1.3598E-01 -1.2698E-01
  1.5779E+03  1.3586E-01 -1.2699E-01
  1.5791E+03  1.3573E-01 -1.2700E-01
  1.5803E+03  1.3561E-01 -1.2702E-01
  1.5815E+03  1.3548E-01 -1.2703E-01
  1.5827E+03  1.3536E-01 -1.2704E-01
  1.5839E+03  1.3523E-01 -1.2706E-01
  1.5851E+03  1.3510E-01 -1.2707E-01
  1.5863E+03  1.3497E-01 -1.2709E-01
  1.5875E+03  1.3484E-01 -1.2710E-01
  1.5886E+03  1.3472E-01 -1.2711E-01
  1.5898E+03  1.3459E-01 -1.2713E-01
  1.5910E+03  1.3446E-01 -1.2714E-01
  1.5922E+03  1.3434E-01 -1.2715E-01
  1.5934E+03  1.3421E-01 -1.2716E-01
  1.5946E+03  1.3408E-01 -1.2718E-01
  1.5958E+03  1.3395E-01 -1.2719E-01
  1.5970E+03  1.3382E-01 -1.2720E-01
  1.5982E+03  1.3369E-01 -1.2722E-01
  1.5994E+03  1.3356E-01 -1.2723E-01
  1.6005E+03  1.3343E-01 -1.2724E-01
  1.6017E+03  1.3330E-01 -1.2725E-01
  1.6029E+03  1.3316E-01 -1.2727E-01
  1.6041E+03  1.3303E-01 -1.2728E-01
  1.6053E+03  1.3289E-01 -1.2729E-01
  1.6065E+03  1.3275E-01 -1.2730E-01
  1.6077E+03  1.3262E-01 -1.2731E-01
  1.6089E+03  1.3249E-01 -1.2733E-01
  1.6101E+03  1.3235E-01 -1.2734E-01
  1.6113E+03  1.3222E-01 -1.2735E-01
  1.6124E+03  1.3209E-01 -1.2736E-01
  1.6136E+03  1.3195E-01 -1.2737E-01
  1.6148E+03  1.3182E-01 -1.2738E-01
  1.6160E+03  1.3168E-01 -1.2739E-01
  1.6172E+03  1.3155E-01 -1.2741E-01
  1.6184E+03  1.3141E-01 -1.2742E-01
  1.6196E+03  1.3127E-01 -1.2743E-01
  1.6208E+03  1.3113E-01 -1.2744E-01
  1.6220E+03  1.3099E-01 -1.2745E-01
  1.6232E+03  1.3084E-01 -1.2746E-01
  1.6243E+03  1.3070E-01 -1.2747E-01
  1.6255E+03  1.3056E-01 -1.2748E-01
  1.6267E+03  1.3042E-01 -1.2749E-01
  1.6279E+03  1.3028E-01 -1.2750E-01
  1.6291E+03  1.3014E-01 -1.2751E-01
  1.6303E+03  1.3000E-01 -1.2752E-01
  1.6315E+03  1.2987E-01 -1.2753E-01
  1.6327E+03  1.2973E-01 -1.2754E-01
  1.6339E+03  1.2959E-01 -1.2755E-01
  1.6351E+03  1.2945E-01 -1.2756E-01
  1.6362E+03  1.2930E-01 -1.2757E-01
  1.6374E+03  1.2916E-01 -1.2758E-01
  1.6386E+03  1.2901E-01 -1.2759E-01
  1.6398E+03  1.2887E-01 -1.2760E-01
  1.6410E+03  1.2872E-01 -1.2761E-01
  1.6422E+03  1.2858E-01 -1.2762E-01
  1.6434E+03  1.2843E-01 -1.2763E-01
  1.6446E+03  1.2829E-01 -1.2764E-01
  1.6458E+03  1.2814E-01 -1.2765E-01
  1.6470E+03  1.2800E-01 -1.2765E-01
  1.6481E+03  1.2786E-01 -1.2766E-01
  1.6493E+03  1.2772E-01 -1.2767E-01
  1.6505E+03  1.2757E-01 -1.2768E-01
  1.6517E+03  1.2743E-01 -1.2769E-01
  1.6529E+03  1.2728E-01 -1.2770E-01
  1.6541E+03  1.2714E-01 -1.2770E-01
  1.6553E+03  1.2699E-01 -1.2771E-01
  1.6565E+03  1.2684E-01 -1.2772E-01
  1.6577E+03  1.2670E-01 -1.2773E-01
  1.6589E+03  1.2655E-01 -1.2774E-01
  1.6600E+03  1.2641E-01 -1.2774E-01
  1.6612E+03  1.2626E-01 -1.2775E-01
  1.6624E+03  1.2612E-01 -1.2776E-01
  1.6636E+03  1.2598E-01 -1.2777E-01
  1.6648E+03  1.2583E-01 -1.2777E-01
  1.6660E+03  1.2569E-01 -1.2778E-01
  1.6672E+03  1.2555E-01 -1.2779E-01
  1.6684E+03  1.2541E-01 -1.2780E-01
  1.6696E+03  1.2527E-01 -1.2780E-01
  1.6708E+03  1.2512E-01 -1.2781E-01
  1.6719E+03  1.2497E-01 -1.2782E-01
  1.6731E+03  1.2483E-01 -1.2782E-01
  1.6743E+03  1.2468E-01 -1.2783E-01
  1.6755E+03  1.2454E-01 -1.2784E-01
  1.6767E+03  1.2439E-01 -1.2784E-01
  1.6779E+03  1.2425E-01 -1.2785E-01
  1.6791E+03  1.2411E-01 -1.2785E-01
  1.6803E+03  1.2397E-01 -1.2786E-01
  1.6815E+03  1.2383E-01 -1.2787E-01
  1.6827E+03  1.2369E-01 -1.2787E-01
  1.6838E+03  1.2355E-01 -1.2788E-01
  1.6850E+03  1.2342E-01 -1.2788E-01
  1.6862E+03  1.2328E-01 -1.2789E-01
  1.6874E+03  1.2314E-01 -1.2790E-01
  1.6886E+03  1.2300E-01 -1.2790E-01
  1.6898E+03  1.2286E-01 -1.2791E-01
  1.6910E+03  1.2272E-01 -1.2791E-01
  1.6922E+03  1.2258E-01 -1.2792E-01
  1.6934E+03  1.2244E-01 -1.2792E-01
  1.6946E+03  1.2230E-01 -1.2793E-01
  1.6957E+03  1.2216E-01 -1.2793E-01
  1.6969E+03  1.2202E-01 -1.2794E-01
  1.6981E+03  1.2189E-01 -1.2794E-01
  1.6993E+03  1.2175E-01 -1.2795E-01
  1.7005E+03  1.2162E-01 -1.2795E-01
  1.7017E+03  1.2149E-01 -1.2796E-01
  1.7029E+03  1.2137E-01 -1.2796E-01
  1.7041E+03  1.2124E-01 -1.2797E-01
  1.7053E+03  1.2111E-01 -1.2797E-01
  1.7065E+03  1.2098E-01 -1.2797E-01
  1.7076E+03  1.2085E-01 -1.2798E-01
  1.7088E+03  1.2071E-01 -1.2798E-01
  1.7100E+03  1.2058E-01 -1.2799E-01
  1.7112E+03  1.2045E-01 -1.2799E-01
  1.7124E+03  1.2031E-01 -1.2800E-01
  1.7136E+03  1.2018E-01 -1.2800E-01
  1.7148E+03  1.2005E-01 -1.2800E-01
  1.7160E+03  1.1992E-01 -1.2801E-01
  1.7172E+03  1.1979E-01 -1.2801E-01
  1.7184E+03  1.1966E-01 -1.2801E-01
  1.7195E+03  1.1954E-01 -1.2802E-01
  1.7207E+03  1.1942E-01 -1.2802E-01
  1.7219E+03  1.1930E-01 -1.2803E-01
  1.7231E+03  1.1918E-01 -1.2803E-01
  1.7243E+03  1.1906E-01 -1.2803E-01
  1.7255E+03  1.1894E-01 -1.2804E-01
  1.7267E+03  1.1881E-01 -1.2804E-01
  1.7279E+03  1.1869E-01 -1.2804E-01
  1.7291E+03  1.1856E-01 -1.2805E-01
  1.7303E+03  1.1844E-01 -1.2805E-01
  1.7314E+03  1.1831E-01 -1.2805E-01
  1.7326E+03  1.1819E-01 -1.2805E-01
  1.7338E+03  1.1806E-01 -1.2806E-01
  1.7350E+03  1.1794E-01 -1.2806E-01
  1.7362E+03  1.1782E-01 -1.2806E-01
  1.7374E+03  1.1771E-01 -1.2807E-01
  1.7386E+03  1.1759E-01 -1.2807E-01
  1.7398E+03  1.1748E-01 -1.2807E-01
  1.7410E+03  1.1736E-01 -1.2807E-01
  1.7422E+03  1.1725E-01 -1.2808E-01
  1.7433E+03  1.1713E-01 -1.2808E-01
  1.7445E+03  1.1702E-01 -1.2808E-01
  1.7457E+03  1.1690E-01 -1.2808E-01
  1.7469E+03  1.1678E-01 -1.2809E-01
  1.7481E+03  1.1666E-01 -1.2809E-01
  1.7493E+03  1.1655E-01 -1.2809E-01
  1.7505E+03  1.1643E-01 -1.2809E-01
  1.7517E+03  1.1631E-01 -1.2809E-01
  1.7529E+03  1.1620E-01 -1.2810E-01
  1.7541E+03  1.1608E-01 -1.2810E-01
  1.7552E+03  1.1597E-01 -1.2810E-01
  1.7564E+03  1.1586E-01 -1.2810E-01
  1.7576E+03  1.1575E-01 -1.2810E-01
  1.7588E+03  1.1564E-01 -1.2811E-01
  1.7600E+03  1.1553E-01 -1.2811E-01
  1.7612E+03  1.1542E-01 -1.2811E-01
  1.7624E+03  1.1531E-01 -1.2811E-01
  1.7636E+03  1.1520E-01 -1.2811E-01
  1.7648E+03  1.1509E-01 -1.2811E-01
  1.7660E+03  1.1498E-01 -1.2812E-01
  1.7671E+03  1.1487E-01 -1.2812E-01
  1.7683E+03  1.1476E-01 -1.2812E-01
  1.7695E+03  1.1465E-01 -1.2812E-01
  1.7707E+03  1.1454E-01 -1.2812E-01
  1.7719E+03  1.1443E-01 -1.2812E-01
  1.7731E+03  1.1432E-01 -1.2812E-01
  1.7743E+03  1.1421E-01 -1.2813E-01
  1.7755E+03  1.1411E-01 -1.2813E-01
  1.7767E+03  1.1400E-01 -1.2813E-01
  1.7779E+03  1.1390E-01 -1.2813E-01
  1.7790E+03  1.1379E-01 -1.2813E-01
  1.7802E+03  1.1369E-01 -1.2813E-01
  1.7814E+03  1.1358E-01 -1.2813E-01
  1.7826E+03  1.1347E-01 -1.2813E-01
  1.7838E+03  1.1337E-01 -1.2813E-01
  1.7850E+03  1.1326E-01 -1.2813E-01
  1.7862E+03  1.1315E-01 -1.2814E-01
  1.7874E+03  1.1305E-01 -1.2814E-01
  1.7886E+03  1.1294E-01 -1.2814E-01
  1.7898E+03  1.1284E-01 -1.2814E-01
  1.7909E+03  1.1274E-01 -1.2814E-01
  1.7921E+03  1.1263E-01 -1.2814E-01
  1.7933E+03  1.1253E-01 -1.2814E-01
  1.7945E+03  1.1243E-01 -1.2814E-01
  1.7957E+03  1.1232E-01 -1.2814E-01
  1.7969E+03  1.1222E-01 -1.2814E-01
  1.7981E+03  1.1212E-01 -1.2814E-01
  1.7993E+03  1.1202E-01 -1.2814E-01
  1.8005E+03  1.1191E-01 -1.2814E-01
  1.8017E+03  1.1181E-01 -1.2814E-01
  1.8028E+03  1.1171E-01 -1.2814E-01
  1.8040E+03  1.1161E-01 -1.2814E-01
  1.8052E+03  1.1151E-01 -1.2814E-01
  1.8064E+03  1.1141E-01 -1.2814E-01
  1.8076E+03  1.1131E-01 -1.2814E-01
  1.8088E+03  1.1121E-01 -1.2814E-01
  1.8100E+03  1.1111E-01 -1.2814E-01
  1.8112E+03  1.1101E-01 -1.2814E-01
  1.8124E+03  1.1091E-01 -1.2814E-01
  1.8136E+03  1.1081E-01 -1.2814E-01
  1.8147E+03  1.1071E-01 -1.2814E-01
  1.8159E+03  1.1061E-01 -1.2814E-01
  1.8171E+03  1.1051E-01 -1.2814E-01
  1.8183E+03  1.1041E-01 -1.2814E-01
  1.8195E+03  1.1031E-01 -1.2814E-01
  1.8207E+03  1.1021E-01 -1.2814E-01
  1.8219E+03  1.1011E-01 -1.2814E-01
  1.8231E+03  1.1001E-01 -1.2814E-01
  1.8243E+03  1.0991E-01 -1.2814E-01
  1.8255E+03  1.0982E-01 -1.2814E-01
  1.8266E+03  1.0972E-01 -1.2814E-01
  1.8278E+03  1.0963E-01 -1.2814E-01
  1.8290E+03  1.0953E-01 -1.2814E-01
  1.8302E+03  1.0944E-01 -1.2814E-01
  1.8314E+03  1.0934E-01 -1.2814E-01
  1.8326E+03  1.0924E-01 -1.2814E-01
  1.8338E+03  1.0915E-01 -1.2814E-01
  1.8350E+03  1.0905E-01 -1.2814E-01
  1.8362E+03  1.0895E-01 -1.2814E-01
  1.8374E+03  1.0885E-01 -1.2814E-01
  1.8385E+03  1.0875E-01 -1.2814E-01
  1.8397E+03  1.0866E-01 -1.2814E-01
  1.8409E+03  1.0856E-01 -1.2813E-01
  1.8421E+03  1.0847E-01 -1.2813E-01
  1.8433E+03  1.0837E-01 -1.2813E-01
  1.8445E+03  1.0828E-01 -1.2813E-01
  1.8457E+03  1.0819E-01 -1.2813E-01
  1.8469E+03  1.0810E-01 -1.2813E-01
  1.8481E+03  1.0800E-01 -1.2813E-01
  1.8493E+03  1.0791E-01 -1.2813E-01
  1.8504E+03  1.0782E-01 -1.2813E-01
  1.8516E+03  1.0772E-01 -1.2813E-01
  1.8528E+03  1.0763E-01 -1.2812E-01
  1.8540E+03  1.0753E-01 -1.2812E-01
  1.8552E+03  1.0744E-01 -1.2812E-01
  1.8564E+03  1.0734E-01 -1.2812E-01
  1.8576E+03  1.0725E-01 -1.2812E-01
  1.8588E+03  1.0715E-01 -1.2812E-01
  1.8600E+03  1.0706E-01 -1.2812E-01
  1.8612E+03  1.0697E-01 -1.2812E-01
  1.8623E+03  1.0688E-01 -1.2811E-01
  1.8635E+03  1.0679E-01 -1.2811E-01
  1.8647E+03  1.0670E-01 -1.2811E-01
  1.8659E+03  1.0661E-01 -1.2811E-01
  1.8671E+03  1.0652E-01 -1.2811E-01
  1.8683E+03  1.0643E-01 -1.2811E-01
  1.8695E+03  1.0634E-01 -1.2810E-01
  1.8707E+03  1.0624E-01 -1.2810E-01
  1.8719E+03  1.0615E-01 -1.2810E-01
  1.8731E+03  1.0606E-01 -1.2810E-01
  1.8742E+03  1.0596E-01 -1.2810E-01
  1.8754E+03  1.0587E-01 -1.2810E-01
  1.8766E+03  1.0578E-01 -1.2809E-01
  1.8778E+03  1.0569E-01 -1.2809E-01
  1.8790E+03  1.0560E-01 -1.2809E-01
  1.8802E+03  1.0551E-01 -1.2809E-01
  1.8814E+03  1.0542E-01 -1.2809E-01
  1.8826E+03  1.0533E-01 -1.2809E-01
  1.8838E+03  1.0524E-01 -1.2808E-01
  1.8850E+03  1.0515E-01 -1.2808E-01
  1.8861E+03  1.0506E-01 -1.2808E-01
  1.8873E+03  1.0497E-01 -1.2808E-01
  1.8885E+03  1.0488E-01 -1.2808E-01
  1.8897E+03  1.0479E-01 -1.2807E-01
  1.8909E+03  1.0470E-01 -1.2807E-01
  1.8921E+03  1.0460E-01 -1.2807E-01
  1.8933E+03  1.0451E-01 -1.2807E-01
  1.8945E+03  1.0442E-01 -1.2806E-01
  1.8957E+03  1.0433E-01 -1.2806E-01
  1.8969E+03  1.0424E-01 -1.2806E-01
  1.8980E+03  1.0415E-01 -1.2806E-01
  1.8992E+03  1.0407E-01 -1.2806E-01
  1.9004E+03  1.0398E-01 -1.2805E-01
  1.9016E+03  1.0389E-01 -1.2805E-01
  1.9028E+03  1.0380E-01 -1.2805E-01
  1.9040E+03  1.0371E-01 -1.2805E-01
  1.9052E+03  1.0362E-01 -1.2804E-01
  1.9064E+03  1.0353E-01 -1.2804E-01
  1.9076E+03  1.0344E-01 -1.2804E-01
  1.9088E+03  1.0334E-01 -1.2804E-01
  1.9099E+03  1.0325E-01 -1.2803E-01
  1.9111E+03  1.0316E-01 -1.2803E-01
  1.9123E+03  1.0307E-01 -1.2803E-01
  1.9135E+03  1.0297E-01 -1.2802E-01
  1.9147E+03  1.0288E-01 -1.2802E-01
  1.9159E+03  1.0279E-01 -1.2802E-01
  1.9171E+03  1.0271E-01 -1.2802E-01
  1.9183E+03  1.0262E-01 -1.2801E-01
  1.9195E+03  1.0253E-01 -1.2801E-01
  1.9207E+03  1.0244E-01 -1.2801E-01
  1.9218E+03  1.0235E-01 -1.2800E-01
  1.9230E+03  1.0226E-01 -1.2800E-01
  1.9242E+03  1.0216E-01 -1.2800E-01
  1.9254E+03  1.0207E-01 -1.2799E-01
  1.9266E+03  1.0197E-01 -1.2799E-01
  1.9278E+03  1.0188E-01 -1.2799E-01
  1.9290E+03  1.0178E-01 -1.2798E-01
  1.9302E+03  1.0169E-01 -1.2798E-01
  1.9314E+03  1.0159E-01 -1.2798E-01
  1.9326E+03  1.0150E-01 -1.2797E-01
  1.9337E+03  1.0140E-01 -1.2797E-01
  1.9349E+03  1.0131E-01 -1.2797E-01
  1.9361E+03  1.0122E-01 -1.2796E-01
  1.9373E+03  1.0113E-01 -1.2796E-01
  1.9385E+03  1.0104E-01 -1.2796E-01
  1.9397E+03  1.0095E-01 -1.2795E-01
  1.9409E+03  1.0085E-01 -1.2795E-01
  1.9421E+03  1.0076E-01 -1.2795E-01
  1.9433E+03  1.0066E-01 -1.2794E-01
  1.9445E+03  1.0056E-01 -1.2794E-01
  1.9456E+03  1.0046E-01 -1.2793E-01
  1.9468E+03  1.0036E-01 -1.2793E-01
  1.9480E+03  1.0026E-01 -1.2793E-01
  1.9492E+03  1.0016E-01 -1.2792E-01
  1.9504E+03  1.0006E-01 -1.2792E-01
  1.9516E+03  9.9966E-02 -1.2791E-01
  1.9528E+03  9.9869E-02 -1.2791E-01
  1.9540E+03  9.9774E-02 -1.2791E-01
  1.9552E+03  9.9678E-02 -1.2790E-01
  1.9564E+03  9.9582E-02 -1.2790E-01
  1.9575E+03  9.9486E-02 -1.2789E-01
  1.9587E+03  9.9388E-02 -1.2789E-01
  1.9599E+03  9.9289E-02 -1.2788E-01
  1.9611E+03  9.9188E-02 -1.2788E-01
  1.9623E+03  9.9086E-02 -1.2787E-01
  1.9635E+03  9.8983E-02 -1.2787E-01
  1.9647E+03  9.8880E-02 -1.2786E-01
  1.9659E+03  9.8776E-02 -1.2786E-01
  1.9671E+03  9.8673E-02 -1.2786E-01
  1.9683E+03  9.8570E-02 -1.2785E-01
  1.9694E+03  9.8467E-02 -1.2785E-01
  1.9706E+03  9.8365E-02 -1.2784E-01
  1.9718E+03  9.8264E-02 -1.2784E-01
  1.9730E+03  9.8164E-02 -1.2783E-01
  1.9742E+03  9.8063E-02 -1.2783E-01
  1.9754E+03  9.7962E-02 -1.2782E-01
  1.9766E+03  9.7860E-02 -1.2782E-01
  1.9778E+03  9.7758E-02 -1.2781E-01
  1.9790E+03  9.7654E-02 -1.2780E-01
  1.9802E+03  9.7550E-02 -1.2780E-01
  1.9813E+03  9.7444E-02 -1.2779E-01
  1.9825E+03  9.7338E-02 -1.2779E-01
  1.9837E+03  9.7232E-02 -1.2778E-01
  1.9849E+03  9.7125E-02 -1.2778E-01
  1.9861E+03  9.7018E-02 -1.2777E-01
  1.9873E+03  9.6912E-02 -1.2777E-01
  1.9885E+03  9.6806E-02 -1.2776E-01
  1.9897E+03  9.6701E-02 -1.2775E-01
  1.9909E+03  9.6596E-02 -1.2775E-01
  1.9921E+03  9.6492E-02 -1.2774E-01
  1.9932E+03  9.6387E-02 -1.2774E-01
  1.9944E+03  9.6282E-02 -1.2773E-01
  1.9956E+03  9.6176E-02 -1.2772E-01
  1.9968E+03  9.6069E-02 -1.2772E-01
  1.9980E+03  9.5962E-02 -1.2771E-01
  1.9992E+03  9.5855E-02 -1.2770E-01
  2.0004E+03  9.5747E-02 -1.2770E-01
  2.0016E+03  9.5639E-02 -1.2769E-01
  2.0028E+03  9.5531E-02 -1.2768E-01
  2.0040E+03  9.5423E-02 -1.2768E-01
  2.0051E+03  9.5315E-02 -1.2767E-01
  2.0063E+03  9.5208E-02 -1.2767E-01
  2.0075E+03  9.5101E-02 -1.2766E-01
  2.0087E+03  9.4994E-02 -1.2765E-01
  2.0099E+03  9.4887E-02 -1.2764E-01
  2.0111E+03  9.4780E-02 -1.2764E-01
  2.0123E+03  9.4673E-02 -1.2763E-01
  2.0135E+03  9.4565E-02 -1.2762E-01
  2.0147E+03  9.4457E-02 -1.2762E-01
  2.0159E+03  9.4349E-02 -1.2761E-01
  2.0170E+03  9.4240E-02 -1.2760E-01
  2.0182E+03  9.4132E-02 -1.2759E-01
  2.0194E+03  9.4023E-02 -1.2759E-01
  2.0206E+03  9.3915E-02 -1.2758E-01
  2.0218E+03  9.3807E-02 -1.2757E-01
  2.0230E+03  9.3699E-02 -1.2756E-01
  2.0242E+03  9.3592E-02 -1.2756E-01
  2.0254E+03  9.3485E-02 -1.2755E-01
  2.0266E+03  9.3379E-02 -1.2754E-01
  2.0278E+03  9.3272E-02 -1.2753E-01
  2.0289E+03  9.3165E-02 -1.2753E-01
  2.0301E+03  9.3057E-02 -1.2752E-01
  2.0313E+03  9.2950E-02 -1.2751E-01
  2.0325E+03  9.2841E-02 -1.2750E-01
  2.0337E+03  9.2733E-02 -1.2749E-01
  2.0349E+03  9.2625E-02 -1.2749E-01
  2.0361E+03  9.2517E-02 -1.2748E-01
  2.0373E+03  9.2409E-02 -1.2747E-01
  2.0385E+03  9.2302E-02 -1.2746E-01
  2.0397E+03  9.2195E-02 -1.2745E-01
  2.0408E+03  9.2089E-02 -1.2744E-01
  2.0420E+03  9.1984E-02 -1.2744E-01
  2.0432E+03  9.1879E-02 -1.2743E-01
  2.0444E+03  9.1774E-02 -1.2742E-01
  2.0456E+03  9.1668E-02 -1.2741E-01
  2.0468E+03  9.1562E-02 -1.2740E-01
  2.0480E+03  9.1456E-02 -1.2739E-01
  2.0492E+03  9.1349E-02 -1.2738E-01
  2.0504E+03  9.1242E-02 -1.2737E-01
  2.0516E+03  9.1134E-02 -1.2737E-01
  2.0527E+03  9.1027E-02 -1.2736E-01
  2.0539E+03  9.0920E-02 -1.2735E-01
  2.0551E+03  9.0814E-02 -1.2734E-01
  2.0563E+03  9.0708E-02 -1.2733E-01
  2.0575E+03  9.0604E-02 -1.2732E-01
  2.0587E+03  9.0500E-02 -1.2731E-01
  2.0599E+03  9.0396E-02 -1.2730E-01
  2.0611E+03  9.0293E-02 -1.2729E-01
  2.0623E+03  9.0190E-02 -1.2728E-01
  2.0635E+03  9.0087E-02 -1.2727E-01
  2.0646E+03  8.9983E-02 -1.2726E-01
  2.0658E+03  8.9879E-02 -1.2725E-01
  2.0670E+03  8.9774E-02 -1.2724E-01
  2.0682E+03  8.9669E-02 -1.2724E-01
  2.0694E+03  8.9563E-02 -1.2723E-01
  2.0706E+03  8.9457E-02 -1.2722E-01
  2.0718E+03  8.9351E-02 -1.2721E-01
  2.0730E+03  8.9246E-02 -1.2720E-01
  2.0742E+03  8.9142E-02 -1.2719E-01
  2.0754E+03  8.9038E-02 -1.2718E-01
  2.0765E+03  8.8936E-02 -1.2717E-01
  2.0777E+03  8.8834E-02 -1.2716E-01
  2.0789E+03  8.8733E-02 -1.2715E-01
  2.0801E+03  8.8632E-02 -1.2714E-01
  2.0813E+03  8.8530E-02 -1.2713E-01
  2.0825E+03  8.8429E-02 -1.2712E-01
  2.0837E+03  8.8327E-02 -1.2710E-01
  2.0849E+03  8.8224E-02 -1.2709E-01
  2.0861E+03  8.8120E-02 -1.2708E-01
  2.0873E+03  8.8016E-02 -1.2707E-01
  2.0884E+03  8.7911E-02 -1.2706E-01
  2.0896E+03  8.7806E-02 -1.2705E-01
  2.0908E+03  8.7702E-02 -1.2704E-01
  2.0920E+03  8.7598E-02 -1.2703E-01
  2.0932E+03  8.7495E-02 -1.2702E-01
  2.0944E+03  8.7393E-02 -1.2701E-01
  2.0956E+03  8.7292E-02 -1.2700E-01
  2.0968E+03  8.7191E-02 -1.2699E-01
  2.0980E+03  8.7091E-02 -1.2698E-01
  2.0992E+03  8.6991E-02 -1.2697E-01
  2.1003E+03  8.6891E-02 -1.2695E-01
  2.1015E+03  8.6790E-02 -1.2694E-01
  2.1027E+03  8.6688E-02 -1.2693E-01
  2.1039E+03  8.6585E-02 -1.2692E-01
  2.1051E+03  8.6482E-02 -1.2691E-01
  2.1063E+03  8.6377E-02 -1.2690E-01
  2.1075E+03  8.6273E-02 -1.2689E-01
  2.1087E+03  8.6169E-02 -1.2688E-01
  2.1099E+03  8.6065E-02 -1.2686E-01
  2.1111E+03  8.5963E-02 -1.2685E-01
  2.1122E+03  8.5861E-02 -1.2684E-01
  2.1134E+03  8.5759E-02 -1.2683E-01
  2.1146E+03  8.5659E-02 -1.2682E-01
  2.1158E+03  8.5559E-02 -1.2681E-01
  2.1170E+03  8.5458E-02 -1.2680E-01
  2.1182E+03  8.5358E-02 -1.2678E-01
  2.1194E+03  8.5257E-02 -1.2677E-01
  2.1206E+03  8.5155E-02 -1.2676E-01
  2.1218E+03  8.5052E-02 -1.2675E-01
  2.1230E+03  8.4948E-02 -1.2674E-01
  2.1241E+03  8.4844E-02 -1.2672E-01
  2.1253E+03  8.4740E-02 -1.2671E-01
  2.1265E+03  8.4636E-02 -1.2670E-01
  2.1277E+03  8.4532E-02 -1.2669E-01
  2.1289E+03  8.4429E-02 -1.2668E-01
  2.1301E+03  8.4327E-02 -1.2666E-01
  2.1313E+03  8.4225E-02 -1.2665E-01
  2.1325E+03  8.4123E-02 -1.2664E-01
  2.1337E+03  8.4023E-02 -1.2663E-01
  2.1349E+03  8.3922E-02 -1.2661E-01
  2.1360E+03  8.3821E-02 -1.2660E-01
  2.1372E+03  8.3719E-02 -1.2659E-01
  2.1384E+03  8.3617E-02 -1.2658E-01
  2.1396E+03  8.3515E-02 -1.2656E-01
  2.1408E+03  8.3411E-02 -1.2655E-01
  2.1420E+03  8.3307E-02 -1.2654E-01
  2.1432E+03  8.3202E-02 -1.2652E-01
  2.1444E+03  8.3098E-02 -1.2651E-01
  2.1456E+03  8.2993E-02 -1.2650E-01
  2.1468E+03  8.2890E-02 -1.2649E-01
  2.1479E+03  8.2787E-02 -1.2647E-01
  2.1491E+03  8.2685E-02 -1.2646E-01
  2.1503E+03  8.2583E-02 -1.2645E-01
  2.1515E+03  8.2482E-02 -1.2643E-01
  2.1527E+03  8.2381E-02 -1.2642E-01
  2.1539E+03  8.2280E-02 -1.2641E-01
  2.1551E+03  8.2179E-02 -1.2639E-01
  2.1563E+03  8.2077E-02 -1.2638E-01
  2.1575E+03  8.1974E-02 -1.2637E-01
  2.1587E+03  8.1871E-02 -1.2635E-01
  2.1598E+03  8.1767E-02 -1.2634E-01
  2.1610E+03  8.1663E-02 -1.2633E-01
  2.1622E+03  8.1558E-02 -1.2631E-01
  2.1634E+03  8.1454E-02 -1.2630E-01
  2.1646E+03  8.1351E-02 -1.2629E-01
  2.1658E+03  8.1248E-02 -1.2627E-01
  2.1670E+03  8.1146E-02 -1.2626E-01
  2.1682E+03  8.1045E-02 -1.2624E-01
  2.1694E+03  8.0945E-02 -1.2623E-01
  2.1706E+03  8.0845E-02 -1.2622E-01
  2.1717E+03  8.0745E-02 -1.2620E-01
  2.1729E+03  8.0644E-02 -1.2619E-01
  2.1741E+03  8.0544E-02 -1.2617E-01
  2.1753E+03  8.0442E-02 -1.2616E-01
  2.1765E+03  8.0340E-02 -1.2615E-01
  2.1777E+03  8.0238E-02 -1.2613E-01
  2.1789E+03  8.0135E-02 -1.2612E-01
  2.1801E+03  8.0031E-02 -1.2610E-01
  2.1813E+03  7.9928E-02 -1.2609E-01
  2.1825E+03  7.9826E-02 -1.2607E-01
  2.1836E+03  7.9724E-02 -1.2606E-01
  2.1848E+03  7.9623E-02 -1.2604E-01
  2.1860E+03  7.9524E-02 -1.2603E-01
  2.1872E+03  7.9424E-02 -1.2602E-01
  2.1884E+03  7.9326E-02 -1.2600E-01
  2.1896E+03  7.9228E-02 -1.2599E-01
  2.1908E+03  7.9129E-02 -1.2597E-01
  2.1920E+03  7.9031E-02 -1.2596E-01
  2.1932E+03  7.8932E-02 -1.2594E-01
  2.1944E+03  7.8832E-02 -1.2593E-01
  2.1955E+03  7.8732E-02 -1.2591E-01
  2.1967E+03  7.8632E-02 -1.2590E-01
  2.1979E+03  7.8531E-02 -1.2588E-01
  2.1991E+03  7.8431E-02 -1.2587E-01
  2.2003E+03  7.8331E-02 -1.2585E-01
  2.2015E+03  7.8231E-02 -1.2584E-01
  2.2027E+03  7.8133E-02 -1.2582E-01
  2.2039E+03  7.8035E-02 -1.2581E-01
  2.2051E+03  7.7937E-02 -1.2579E-01
  2.2063E+03  7.7841E-02 -1.2577E-01
  2.2074E+03  7.7744E-02 -1.2576E-01
  2.2086E+03  7.7648E-02 -1.2574E-01
  2.2098E+03  7.7552E-02 -1.2573E-01
  2.2110E+03  7.7456E-02 -1.2571E-01
  2.2122E+03  7.7359E-02 -1.2570E-01
  2.2134E+03  7.7262E-02 -1.2568E-01
  2.2146E+03  7.7165E-02 -1.2567E-01
  2.2158E+03  7.7068E-02 -1.2565E-01
  2.2170E+03  7.6971E-02 -1.2563E-01
  2.2182E+03  7.6874E-02 -1.2562E-01
  2.2193E+03  7.6777E-02 -1.2560E-01
  2.2205E+03  7.6681E-02 -1.2559E-01
  2.2217E+03  7.6586E-02 -1.2557E-01
  2.2229E+03  7.6491E-02 -1.2555E-01
  2.2241E+03  7.6397E-02 -1.2554E-01
  2.2253E+03  7.6303E-02 -1.2552E-01
  2.2265E+03  7.6209E-02 -1.2551E-01
  2.2277E+03  7.6115E-02 -1.2549E-01
  2.2289E+03  7.6021E-02 -1.2547E-01
  2.2301E+03  7.5927E-02 -1.2546E-01
  2.2312E+03  7.5833E-02 -1.2544E-01
  2.2324E+03  7.5739E-02 -1.2543E-01
  2.2336E+03  7.5645E-02 -1.2541E-01
  2.2348E+03  7.5551E-02 -1.2539E-01
  2.2360E+03  7.5458E-02 -1.2538E-01
  2.2372E+03  7.5364E-02 -1.2536E-01
  2.2384E+03  7.5272E-02 -1.2534E-01
  2.2396E+03  7.5179E-02 -1.2533E-01
  2.2408E+03  7.5087E-02 -1.2531E-01
  2.2420E+03  7.4996E-02 -1.2529E-01
  2.2431E+03  7.4904E-02 -1.2528E-01
  2.2443E+03  7.4813E-02 -1.2526E-01
  2.2455E+03  7.4721E-02 -1.2524E-01
  2.2467E+03  7.4630E-02 -1.2523E-01
  2.2479E+03  7.4538E-02 -1.2521E-01
  2.2491E+03  7.4446E-02 -1.2519E-01
  2.2503E+03  7.4354E-02 -1.2518E-01
  2.2515E+03  7.4263E-02 -1.2516E-01
  2.2527E+03  7.4172E-02 -1.2514E-01
  2.2539E+03  7.4081E-02 -1.2513E-01
  2.2550E+03  7.3990E-02 -1.2511E-01
  2.2562E+03  7.3901E-02 -1.2509E-01
  2.2574E+03  7.3812E-02 -1.2508E-01
  2.2586E+03  7.3723E-02 -1.2506E-01
  2.2598E+03  7.3634E-02 -1.2504E-01
  2.2610E+03  7.3546E-02 -1.2502E-01
  2.2622E+03  7.3457E-02 -1.2501E-01
  2.2634E+03  7.3368E-02 -1.2499E-01
  2.2646E+03  7.3278E-02 -1.2497E-01
  2.2658E+03  7.3188E-02 -1.2496E-01
  2.2669E+03  7.3099E-02 -1.2494E-01
  2.2681E+03  7.3009E-02 -1.2492E-01
  2.2693E+03  7.2919E-02 -1.2490E-01
  2.2705E+03  7.2830E-02 -1.2489E-01
  2.2717E+03  7.2741E-02 -1.2487E-01
  2.2729E+03  7.2653E-02 -1.2485E-01
  2.2741E+03  7.2566E-02 -1.2483E-01
  2.2753E+03  7.2480E-02 -1.2482E-01
  2.2765E+03  7.2393E-02 -1.2480E-01
  2.2777E+03  7.2307E-02 -1.2478E-01
  2.2788E+03  7.2221E-02 -1.2476E-01
  2.2800E+03  7.2135E-02 -1.2475E-01
  2.2812E+03  7.2048E-02 -1.2473E-01
  2.2824E+03  7.1961E-02 -1.2471E-01
  2.2836E+03  7.1873E-02 -1.2469E-01
  2.2848E+03  7.1785E-02 -1.2467E-01
  2.2860E+03  7.1697E-02 -1.2466E-01
  2.2872E+03  7.1609E-02 -1.2464E-01
  2.2884E+03  7.1522E-02 -1.2462E-01
  2.2896E+03  7.1435E-02 -1.2460E-01
  2.2907E+03  7.1349E-02 -1.2459E-01
  2.2919E+03  7.1263E-02 -1.2457E-01
  2.2931E+03  7.1178E-02 -1.2455E-01
  2.2943E+03  7.1094E-02 -1.2453E-01
  2.2955E+03  7.1010E-02 -1.2451E-01
  2.2967E+03  7.0926E-02 -1.2449E-01
  2.2979E+03  7.0841E-02 -1.2448E-01
  2.2991E+03  7.0756E-02 -1.2446E-01
  2.3003E+03  7.0671E-02 -1.2444E-01
  2.3015E+03  7.0585E-02 -1.2442E-01
  2.3026E+03  7.0499E-02 -1.2440E-01
  2.3038E+03  7.0412E-02 -1.2439E-01
  2.3050E+03  7.0326E-02 -1.2437E-01
  2.3062E+03  7.0239E-02 -1.2435E-01
  2.3074E+03  7.0154E-02 -1.2433E-01
  2.3086E+03  7.0068E-02 -1.2431E-01
  2.3098E+03  6.9984E-02 -1.2429E-01
  2.3110E+03  6.9900E-02 -1.2428E-01
  2.3122E+03  6.9817E-02 -1.2426E-01
  2.3134E+03  6.9734E-02 -1.2424E-01
  2.3145E+03  6.9651E-02 -1.2422E-01
  2.3157E+03  6.9568E-02 -1.2420E-01
  2.3169E+03  6.9484E-02 -1.2418E-01
  2.3181E+03  6.9400E-02 -1.2416E-01
  2.3193E+03  6.9316E-02 -1.2414E-01
  2.3205E+03  6.9230E-02 -1.2413E-01
  2.3217E+03  6.9145E-02 -1.2411E-01
  2.3229E+03  6.9059E-02 -1.2409E-01
  2.3241E+03  6.8973E-02 -1.2407E-01
  2.3253E+03  6.8887E-02 -1.2405E-01
  2.3264E+03  6.8802E-02 -1.2403E-01
  2.3276E+03  6.8717E-02 -1.2401E-01
  2.3288E+03  6.8634E-02 -1.2399E-01
  2.3300E+03  6.8551E-02 -1.2398E-01
  2.3312E+03  6.8468E-02 -1.2396E-01
  2.3324E+03  6.8385E-02 -1.2394E-01
  2.3336E+03  6.8302E-02 -1.2392E-01
  2.3348E+03  6.8219E-02 -1.2390E-01
  2.3360E+03  6.8135E-02 -1.2388E-01
  2.3372E+03  6.8051E-02 -1.2386E-01
  2.3383E+03  6.7966E-02 -1.2384E-01
  2.3395E+03  6.7880E-02 -1.2382E-01
  2.3407E+03  6.7794E-02 -1.2380E-01
  2.3419E+03  6.7708E-02 -1.2378E-01
  2.3431E+03  6.7622E-02 -1.2376E-01
  2.3443E+03  6.7537E-02 -1.2374E-01
  2.3455E+03  6.7451E-02 -1.2373E-01
  2.3467E+03  6.7367E-02 -1.2371E-01
  2.3479E+03  6.7283E-02 -1.2369E-01
  2.3491E+03  6.7200E-02 -1.2367E-01
  2.3502E+03  6.7116E-02 -1.2365E-01
  2.3514E+03  6.7033E-02 -1.2363E-01
  2.3526E+03  6.6949E-02 -1.2361E-01
  2.3538E+03  6.6865E-02 -1.2359E-01
  2.3550E+03  6.6780E-02 -1.2357E-01
  2.3562E+03  6.6694E-02 -1.2355E-01
  2.3574E+03  6.6608E-02 -1.2353E-01
  2.3586E+03  6.6521E-02 -1.2351E-01
  2.3598E+03  6.6434E-02 -1.2349E-01
  2.3610E+03  6.6348E-02 -1.2347E-01
  2.3621E+03  6.6261E-02 -1.2345E-01
  2.3633E+03  6.6175E-02 -1.2343E-01
  2.3645E+03  6.6090E-02 -1.2341E-01
  2.3657E+03  6.6005E-02 -1.2339E-01
  2.3669E+03  6.5920E-02 -1.2337E-01
  2.3681E+03  6.5835E-02 -1.2335E-01
  2.3693E+03  6.5751E-02 -1.2333E-01
  2.3705E+03  6.5666E-02 -1.2331E-01
  2.3717E+03  6.5581E-02 -1.2329E-01
  2.3729E+03  6.5495E-02 -1.2327E-01
  2.3740E+03  6.5409E-02 -1.2325E-01
  2.3752E+03  6.5322E-02 -1.2323E-01
  2.3764E+03  6.5234E-02 -1.2321E-01
  2.3776E+03  6.5147E-02 -1.2319E-01
  2.3788E+03  6.5059E-02 -1.2317E-01
  2.3800E+03  6.4972E-02 -1.2315E-01
  2.3812E+03  6.4885E-02 -1.2313E-01
  2.3824E+03  6.4799E-02 -1.2311E-01
  2.3836E+03  6.4713E-02 -1.2309E-01
  2.3848E+03  6.4627E-02 -1.2306E-01
  2.3859E+03  6.4542E-02 -1.2304E-01
  2.3871E+03  6.4456E-02 -1.2302E-01
  2.3883E+03  6.4371E-02 -1.2300E-01
  2.3895E+03  6.4285E-02 -1.2298E-01
  2.3907E+03  6.4199E-02 -1.2296E-01
  2.3919E+03  6.4112E-02 -1.2294E-01
  2.3931E+03  6.4025E-02 -1.2292E-01
  2.3943E+03  6.3937E-02 -1.2290E-01
  2.3955E+03  6.3849E-02 -1.2288E-01
  2.3967E+03  6.3761E-02 -1.2286E-01
  2.3978E+03  6.3674E-02 -1.2284E-01
  2.3990E+03  6.3586E-02 -1.2281E-01
  2.4002E+03  6.3500E-02 -1.2279E-01
  2.4014E+03  6.3414E-02 -1.2277E-01
  2.4026E+03  6.3328E-02 -1.2275E-01
  2.4038E+03  6.3242E-02 -1.2273E-01
  2.4050E+03  6.3157E-02 -1.2271E-01
  2.4062E+03  6.3072E-02 -1.2269E-01
  2.4074E+03  6.2986E-02 -1.2267E-01
  2.4086E+03  6.2900E-02 -1.2264E-01
  2.4097E+03  6.2814E-02 -1.2262E-01
  2.4109E+03  6.2727E-02 -1.2260E-01
  2.4121E+03  6.2640E-02 -1.2258E-01
  2.4133E+03  6.2552E-02 -1.2256E-01
  2.4145E+03  6.2465E-02 -1.2254E-01
  2.4157E+03  6.2378E-02 -1.2252E-01
  2.4169E+03  6.2291E-02 -1.2249E-01
  2.4181E+03  6.2205E-02 -1.2247E-01
  2.4193E+03  6.2120E-02 -1.2245E-01
  2.4205E+03  6.2035E-02 -1.2243E-01
  2.4216E+03  6.1950E-02 -1.2241E-01
  2.4228E+03  6.1865E-02 -1.2239E-01
  2.4240E+03  6.1781E-02 -1.2236E-01
  2.4252E+03  6.1696E-02 -1.2234E-01
  2.4264E+03  6.1612E-02 -1.2232E-01
  2.4276E+03  6.1526E-02 -1.2230E-01
  2.4288E+03  6.1441E-02 -1.2228E-01
  2.4300E+03  6.1355E-02 -1.2225E-01
  2.4312E+03  6.1269E-02 -1.2223E-01
  2.4324E+03  6.1184E-02 -1.2221E-01
  2.4335E+03  6.1098E-02 -1.2219E-01
  2.4347E+03  6.1013E-02 -1.2217E-01
  2.4359E+03  6.0928E-02 -1.2214E-01
  2.4371E+03  6.0844E-02 -1.2212E-01
  2.4383E+03  6.0761E-02 -1.2210E-01
  2.4395E+03  6.0677E-02 -1.2208E-01
  2.4407E+03  6.0594E-02 -1.2205E-01
  2.4419E+03  6.0511E-02 -1.2203E-01
  2.4431E+03  6.0428E-02 -1.2201E-01
  2.4443E+03  6.0345E-02 -1.2199E-01
  2.4454E+03  6.0262E-02 -1.2196E-01
  2.4466E+03  6.0178E-02 -1.2194E-01
  2.4478E+03  6.0095E-02 -1.2192E-01
  2.4490E+03  6.0011E-02 -1.2190E-01
  2.4502E+03  5.9928E-02 -1.2187E-01
  2.4514E+03  5.9844E-02 -1.2185E-01
  2.4526E+03  5.9761E-02 -1.2183E-01
  2.4538E+03  5.9679E-02 -1.2181E-01
  2.4550E+03  5.9597E-02 -1.2178E-01
  2.4562E+03  5.9515E-02 -1.2176E-01
  2.4573E+03  5.9434E-02 -1.2174E-01
  2.4585E+03  5.9352E-02 -1.2172E-01
  2.4597E+03  5.9271E-02 -1.2169E-01
  2.4609E+03  5.9190E-02 -1.2167E-01
  2.4621E+03  5.9109E-02 -1.2165E-01
  2.4633E+03  5.9027E-02 -1.2162E-01
  2.4645E+03  5.8946E-02 -1.2160E-01
  2.4657E+03  5.8864E-02 -1.2158E-01
  2.4669E+03  5.8783E-02 -1.2155E-01
  2.4681E+03  5.8701E-02 -1.2153E-01
  2.4692E+03  5.8620E-02 -1.2151E-01
  2.4704E+03  5.8540E-02 -1.2149E-01
  2.4716E+03  5.8460E-02 -1.2146E-01
  2.4728E+03  5.8380E-02 -1.2144E-01
  2.4740E+03  5.8300E-02 -1.2142E-01
  2.4752E+03  5.8221E-02 -1.2139E-01
  2.4764E+03  5.8142E-02 -1.2137E-01
  2.4776E+03  5.8063E-02 -1.2135E-01
  2.4788E+03  5.7984E-02 -1.2132E-01
  2.4800E+03  5.7904E-02 -1.2130E-01
  2.4811E+03  5.7824E-02 -1.2128E-01
  2.4823E+03  5.7744E-02 -1.2125E-01
  2.4835E+03  5.7664E-02 -1.2123E-01
  2.4847E+03  5.7585E-02 -1.2121E-01
  2.4859E+03  5.7505E-02 -1.2118E-01
  2.4871E+03  5.7426E-02 -1.2116E-01
  2.4883E+03  5.7347E-02 -1.2113E-01
  2.4895E+03  5.7269E-02 -1.2111E-01
  2.4907E+03  5.7191E-02 -1.2109E-01
  2.4919E+03  5.7114E-02 -1.2106E-01
  2.4930E+03  5.7036E-02 -1.2104E-01
  2.4942E+03  5.6959E-02 -1.2102E-01
  2.4954E+03  5.6882E-02 -1.2099E-01
  2.4966E+03  5.6804E-02 -1.2097E-01
  2.4978E+03  5.6726E-02 -1.2094E-01
  2.4990E+03  5.6648E-02 -1.2092E-01
  2.5002E+03  5.6569E-02 -1.2090E-01
  2.5014E+03  5.6490E-02 -1.2087E-01
  2.5026E+03  5.6411E-02 -1.2085E-01
  2.5038E+03  5.6333E-02 -1.2083E-01
  2.5049E+03  5.6255E-02 -1.2080E-01
  2.5061E+03  5.6177E-02 -1.2078E-01
  2.5073E+03  5.6100E-02 -1.2075E-01
  2.5085E+03  5.6023E-02 -1.2073E-01
  2.5097E+03  5.5947E-02 -1.2071E-01
  2.5109E+03  5.5871E-02 -1.2068E-01
  2.5121E+03  5.5795E-02 -1.2066E-01
  2.5133E+03  5.5719E-02 -1.2063E-01
  2.5145E+03  5.5643E-02 -1.2061E-01
  2.5157E+03  5.5566E-02 -1.2058E-01
  2.5169E+03  5.5488E-02 -1.2056E-01
  2.5180E+03  5.5410E-02 -1.2054E-01
  2.5192E+03  5.5332E-02 -1.2051E-01
  2.5204E+03  5.5254E-02 -1.2049E-01
  2.5216E+03  5.5176E-02 -1.2046E-01
  2.5228E+03  5.5098E-02 -1.2044E-01
  2.5240E+03  5.5021E-02 -1.2041E-01
  2.5252E+03  5.4944E-02 -1.2039E-01
  2.5264E+03  5.4868E-02 -1.2037E-01
  2.5276E+03  5.4792E-02 -1.2034E-01
  2.5288E+03  5.4716E-02 -1.2032E-01
  2.5299E+03  5.4641E-02 -1.2029E-01
  2.5311E+03  5.4565E-02 -1.2027E-01
  2.5323E+03  5.4489E-02 -1.2024E-01
  2.5335E+03  5.4413E-02 -1.2022E-01
  2.5347E+03  5.4336E-02 -1.2019E-01
  2.5359E+03  5.4259E-02 -1.2017E-01
  2.5371E+03  5.4181E-02 -1.2014E-01
  2.5383E+03  5.4103E-02 -1.2012E-01
  2.5395E+03  5.4025E-02 -1.2009E-01
  2.5407E+03  5.3947E-02 -1.2007E-01
  2.5418E+03  5.3869E-02 -1.2004E-01
  2.5430E+03  5.3792E-02 -1.2002E-01
  2.5442E+03  5.3716E-02 -1.1999E-01
  2.5454E+03  5.3640E-02 -1.1997E-01
  2.5466E+03  5.3564E-02 -1.1994E-01
  2.5478E+03  5.3488E-02 -1.1992E-01
  2.5490E+03  5.3413E-02 -1.1989E-01
  2.5502E+03  5.3337E-02 -1.1987E-01
  2.5514E+03  5.3260E-02 -1.1984E-01
  2.5526E+03  5.3183E-02 -1.1982E-01
  2.5537E+03  5.3106E-02 -1.1979E-01
  2.5549E+03  5.3028E-02 -1.1977E-01
  2.5561E+03  5.2950E-02 -1.1974E-01
  2.5573E+03  5.2872E-02 -1.1972E-01
  2.5585E+03  5.2794E-02 -1.1969E-01
  2.5597E+03  5.2716E-02 -1.1967E-01
  2.5609E+03  5.2638E-02 -1.1964E-01
  2.5621E+03  5.2561E-02 -1.1962E-01
  2.5633E+03  5.2484E-02 -1.1959E-01
  2.5645E+03  5.2408E-02 -1.1957E-01
  2.5656E+03  5.2332E-02 -1.1954E-01
  2.5668E+03  5.2256E-02 -1.1952E-01
  2.5680E+03  5.2180E-02 -1.1949E-01
  2.5692E+03  5.2103E-02 -1.1946E-01
  2.5704E+03  5.2026E-02 -1.1944E-01
  2.5716E+03  5.1948E-02 -1.1941E-01
  2.5728E+03  5.1870E-02 -1.1939E-01
  2.5740E+03  5.1792E-02 -1.1936E-01
  2.5752E+03  5.1713E-02 -1.1934E-01
  2.5764E+03  5.1635E-02 -1.1931E-01
  2.5775E+03  5.1557E-02 -1.1928E-01
  2.5787E+03  5.1479E-02 -1.1926E-01
  2.5799E+03  5.1401E-02 -1.1923E-01
  2.5811E+03  5.1324E-02 -1.1921E-01
  2.5823E+03  5.1247E-02 -1.1918E-01
  2.5835E+03  5.1170E-02 -1.1916E-01
  2.5847E+03  5.1094E-02 -1.1913E-01
  2.5859E+03  5.1017E-02 -1.1910E-01
  2.5871E+03  5.0940E-02 -1.1908E-01
  2.5883E+03  5.0863E-02 -1.1905E-01
  2.5894E+03  5.0785E-02 -1.1903E-01
  2.5906E+03  5.0707E-02 -1.1900E-01
  2.5918E+03  5.0629E-02 -1.1897E-01
  2.5930E+03  5.0550E-02 -1.1895E-01
  2.5942E+03  5.0471E-02 -1.1892E-01
  2.5954E+03  5.0393E-02 -1.1889E-01
  2.5966E+03  5.0315E-02 -1.1887E-01
  2.5978E+03  5.0237E-02 -1.1884E-01
  2.5990E+03  5.0160E-02 -1.1882E-01
  2.6002E+03  5.0082E-02 -1.1879E-01
  2.6013E+03  5.0005E-02 -1.1876E-01
  2.6025E+03  4.9929E-02 -1.1874E-01
  2.6037E+03  4.9852E-02 -1.1871E-01
  2.6049E+03  4.9775E-02 -1.1868E-01
  2.6061E+03  4.9697E-02 -1.1866E-01
  2.6073E+03  4.9619E-02 -1.1863E-01
  2.6085E+03  4.9541E-02 -1.1860E-01
  2.6097E+03  4.9463E-02 -1.1858E-01
  2.6109E+03  4.9385E-02 -1.1855E-01
  2.6121E+03  4.9306E-02 -1.1852E-01
  2.6132E+03  4.9228E-02 -1.1850E-01
  2.6144E+03  4.9149E-02 -1.1847E-01
  2.6156E+03  4.9072E-02 -1.1844E-01
  2.6168E+03  4.8994E-02 -1.1842E-01
  2.6180E+03  4.8917E-02 -1.1839E-01
  2.6192E+03  4.8840E-02 -1.1836E-01
  2.6204E+03  4.8763E-02 -1.1834E-01
  2.6216E+03  4.8686E-02 -1.1831E-01
  2.6228E+03  4.8609E-02 -1.1828E-01
  2.6240E+03  4.8532E-02 -1.1825E-01
  2.6251E+03  4.8454E-02 -1.1823E-01
  2.6263E+03  4.8377E-02 -1.1820E-01
  2.6275E+03  4.8298E-02 -1.1817E-01
  2.6287E+03  4.8220E-02 -1.1815E-01
  2.6299E+03  4.8142E-02 -1.1812E-01
  2.6311E+03  4.8064E-02 -1.1809E-01
  2.6323E+03  4.7986E-02 -1.1806E-01
  2.6335E+03  4.7908E-02 -1.1804E-01
  2.6347E+03  4.7831E-02 -1.1801E-01
  2.6359E+03  4.7754E-02 -1.1798E-01
  2.6370E+03  4.7678E-02 -1.1796E-01
  2.6382E+03  4.7601E-02 -1.1793E-01
  2.6394E+03  4.7524E-02 -1.1790E-01
  2.6406E+03  4.7448E-02 -1.1787E-01
  2.6418E+03  4.7371E-02 -1.1785E-01
  2.6430E+03  4.7294E-02 -1.1782E-01
  2.6442E+03  4.7216E-02 -1.1779E-01
  2.6454E+03  4.7139E-02 -1.1776E-01
  2.6466E+03  4.7061E-02 -1.1774E-01
  2.6478E+03  4.6983E-02 -1.1771E-01
  2.6489E+03  4.6905E-02 -1.1768E-01
  2.6501E+03  4.6828E-02 -1.1765E-01
  2.6513E+03  4.6751E-02 -1.1762E-01
  2.6525E+03  4.6674E-02 -1.1760E-01
  2.6537E+03  4.6598E-02 -1.1757E-01
  2.6549E+03  4.6522E-02 -1.1754E-01
  2.6561E+03  4.6446E-02 -1.1751E-01
  2.6573E+03  4.6370E-02 -1.1748E-01
  2.6585E+03  4.6294E-02 -1.1746E-01
  2.6597E+03  4.6218E-02 -1.1743E-01
  2.6608E+03  4.6141E-02 -1.1740E-01
  2.6620E+03  4.6064E-02 -1.1737E-01
  2.6632E+03  4.5987E-02 -1.1734E-01
  2.6644E+03  4.5910E-02 -1.1732E-01
  2.6656E+03  4.5833E-02 -1.1729E-01
  2.6668E+03  4.5757E-02 -1.1726E-01
  2.6680E+03  4.5680E-02 -1.1723E-01
  2.6692E+03  4.5604E-02 -1.1720E-01
  2.6704E+03  4.5528E-02 -1.1718E-01
  2.6716E+03  4.5452E-02 -1.1715E-01
  2.6727E+03  4.5377E-02 -1.1712E-01
  2.6739E+03  4.5302E-02 -1.1709E-01
  2.6751E+03  4.5226E-02 -1.1706E-01
  2.6763E+03  4.5151E-02 -1.1703E-01
  2.6775E+03  4.5076E-02 -1.1701E-01
  2.6787E+03  4.5000E-02 -1.1698E-01
  2.6799E+03  4.4924E-02 -1.1695E-01
  2.6811E+03  4.4848E-02 -1.1692E-01
  2.6823E+03  4.4772E-02 -1.1689E-01
  2.6835E+03  4.4696E-02 -1.1686E-01
  2.6846E+03  4.4621E-02 -1.1683E-01
  2.6858E+03  4.4545E-02 -1.1681E-01
  2.6870E+03  4.4470E-02 -1.1678E-01
  2.6882E+03  4.4395E-02 -1.1675E-01
  2.6894E+03  4.4321E-02 -1.1672E-01
  2.6906E+03  4.4247E-02 -1.1669E-01
  2.6918E+03  4.4172E-02 -1.1666E-01
  2.6930E+03  4.4098E-02 -1.1663E-01
  2.6942E+03  4.4024E-02 -1.1660E-01
  2.6954E+03  4.3950E-02 -1.1657E-01
  2.6965E+03  4.3875E-02 -1.1655E-01
  2.6977E+03  4.3800E-02 -1.1652E-01
  2.6989E+03  4.3725E-02 -1.1649E-01
  2.7001E+03  4.3651E-02 -1.1646E-01
  2.7013E+03  4.3576E-02 -1.1643E-01
  2.7025E+03  4.3501E-02 -1.1640E-01
  2.7037E+03  4.3427E-02 -1.1637E-01
  2.7049E+03  4.3353E-02 -1.1634E-01
  2.7061E+03  4.3280E-02 -1.1631E-01
  2.7073E+03  4.3207E-02 -1.1628E-01
  2.7084E+03  4.3134E-02 -1.1625E-01
  2.7096E+03  4.3061E-02 -1.1623E-01
  2.7108E+03  4.2988E-02 -1.1620E-01
  2.7120E+03  4.2916E-02 -1.1617E-01
  2.7132E+03  4.2842E-02 -1.1614E-01
  2.7144E+03  4.2769E-02 -1.1611E-01
  2.7156E+03  4.2696E-02 -1.1608E-01
  2.7168E+03  4.2622E-02 -1.1605E-01
  2.7180E+03  4.2548E-02 -1.1602E-01
  2.7192E+03  4.2475E-02 -1.1599E-01
  2.7203E+03  4.2402E-02 -1.1596E-01
  2.7215E+03  4.2329E-02 -1.1593E-01
  2.7227E+03  4.2257E-02 -1.1590E-01
  2.7239E+03  4.2185E-02 -1.1587E-01
  2.7251E+03  4.2113E-02 -1.1584E-01
  2.7263E+03  4.2042E-02 -1.1581E-01
  2.7275E+03  4.1971E-02 -1.1578E-01
  2.7287E+03  4.1899E-02 -1.1575E-01
  2.7299E+03  4.1828E-02 -1.1572E-01
  2.7311E+03  4.1756E-02 -1.1569E-01
  2.7322E+03  4.1685E-02 -1.1566E-01
  2.7334E+03  4.1612E-02 -1.1563E-01
  2.7346E+03  4.1540E-02 -1.1560E-01
  2.7358E+03  4.1468E-02 -1.1557E-01
  2.7370E+03  4.1396E-02 -1.1554E-01
  2.7382E+03  4.1324E-02 -1.1552E-01
  2.7394E+03  4.1252E-02 -1.1549E-01
  2.7406E+03  4.1181E-02 -1.1546E-01
  2.7418E+03  4.1111E-02 -1.1543E-01
  2.7430E+03  4.1041E-02 -1.1540E-01
  2.7441E+03  4.0971E-02 -1.1537E-01
  2.7453E+03  4.0901E-02 -1.1534E-01
  2.7465E+03  4.0832E-02 -1.1530E-01
  2.7477E+03  4.0762E-02 -1.1527E-01
  2.7489E+03  4.0692E-02 -1.1524E-01
  2.7501E+03  4.0622E-02 -1.1521E-01
  2.7513E+03  4.0551E-02 -1.1518E-01
  2.7525E+03  4.0480E-02 -1.1515E-01
  2.7537E+03  4.0409E-02 -1.1512E-01
  2.7549E+03  4.0339E-02 -1.1509E-01
  2.7560E+03  4.0268E-02 -1.1506E-01
  2.7572E+03  4.0198E-02 -1.1503E-01
  2.7584E+03  4.0128E-02 -1.1500E-01
  2.7596E+03  4.0059E-02 -1.1497E-01
  2.7608E+03  3.9990E-02 -1.1494E-01
  2.7620E+03  3.9921E-02 -1.1491E-01
  2.7632E+03  3.9853E-02 -1.1488E-01
  2.7644E+03  3.9785E-02 -1.1485E-01
  2.7656E+03  3.9717E-02 -1.1482E-01
  2.7668E+03  3.9648E-02 -1.1479E-01
  2.7679E+03  3.9579E-02 -1.1476E-01
  2.7691E+03  3.9510E-02 -1.1473E-01
  2.7703E+03  3.9441E-02 -1.1470E-01
  2.7715E+03  3.9372E-02 -1.1467E-01
  2.7727E+03  3.9302E-02 -1.1464E-01
  2.7739E+03  3.9233E-02 -1.1461E-01
  2.7751E+03  3.9164E-02 -1.1458E-01
  2.7763E+03  3.9095E-02 -1.1454E-01
  2.7775E+03  3.9027E-02 -1.1451E-01
  2.7787E+03  3.8959E-02 -1.1448E-01
  2.7798E+03  3.8891E-02 -1.1445E-01
  2.7810E+03  3.8824E-02 -1.1442E-01
  2.7822E+03  3.8757E-02 -1.1439E-01
  2.7834E+03  3.8690E-02 -1.1436E-01
  2.7846E+03  3.8623E-02 -1.1433E-01
  2.7858E+03  3.8556E-02 -1.1430E-01
  2.7870E+03  3.8488E-02 -1.1427E-01
  2.7882E+03  3.8420E-02 -1.1424E-01
  2.7894E+03  3.8352E-02 -1.1421E-01
  2.7906E+03  3.8283E-02 -1.1417E-01
  2.7917E+03  3.8215E-02 -1.1414E-01
  2.7929E+03  3.8147E-02 -1.1411E-01
  2.7941E+03  3.8079E-02 -1.1408E-01
  2.7953E+03  3.8011E-02 -1.1405E-01
  2.7965E+03  3.7944E-02 -1.1402E-01
  2.7977E+03  3.7878E-02 -1.1399E-01
  2.7989E+03  3.7811E-02 -1.1396E-01
  2.8001E+03  3.7745E-02 -1.1393E-01
  2.8013E+03  3.7678E-02 -1.1389E-01
  2.8025E+03  3.7612E-02 -1.1386E-01
  2.8036E+03  3.7545E-02 -1.1383E-01
  2.8048E+03  3.7478E-02 -1.1380E-01
  2.8060E+03  3.7411E-02 -1.1377E-01
  2.8072E+03  3.7344E-02 -1.1374E-01
  2.8084E+03  3.7276E-02 -1.1371E-01
  2.8096E+03  3.7208E-02 -1.1368E-01
  2.8108E+03  3.7141E-02 -1.1364E-01
  2.8120E+03  3.7073E-02 -1.1361E-01
  2.8132E+03  3.7006E-02 -1.1358E-01
  2.8144E+03  3.6940E-02 -1.1355E-01
  2.8155E+03  3.6873E-02 -1.1352E-01
  2.8167E+03  3.6807E-02 -1.1349E-01
  2.8179E+03  3.6741E-02 -1.1346E-01
  2.8191E+03  3.6675E-02 -1.1342E-01
  2.8203E+03  3.6609E-02 -1.1339E-01
  2.8215E+03  3.6542E-02 -1.1336E-01
  2.8227E+03  3.6475E-02 -1.1333E-01
  2.8239E+03  3.6408E-02 -1.1330E-01
  2.8251E+03  3.6341E-02 -1.1327E-01
  2.8263E+03  3.6274E-02 -1.1323E-01
  2.8274E+03  3.6206E-02 -1.1320E-01
  2.8286E+03  3.6139E-02 -1.1317E-01
  2.8298E+03  3.6072E-02 -1.1314E-01
  2.8310E+03  3.6005E-02 -1.1311E-01
  2.8322E+03  3.5938E-02 -1.1308E-01
  2.8334E+03  3.5871E-02 -1.1304E-01
  2.8346E+03  3.5805E-02 -1.1301E-01
  2.8358E+03  3.5738E-02 -1.1298E-01
  2.8370E+03  3.5672E-02 -1.1295E-01
  2.8382E+03  3.5605E-02 -1.1292E-01
  2.8393E+03  3.5539E-02 -1.1288E-01
  2.8405E+03  3.5472E-02 -1.1285E-01
  2.8417E+03  3.5404E-02 -1.1282E-01
  2.8429E+03  3.5337E-02 -1.1279E-01
  2.8441E+03  3.5269E-02 -1.1276E-01
  2.8453E+03  3.5202E-02 -1.1272E-01
  2.8465E+03  3.5134E-02 -1.1269E-01
  2.8477E+03  3.5066E-02 -1.1266E-01
  2.8489E+03  3.4999E-02 -1.1263E-01
  2.8501E+03  3.4931E-02 -1.1260E-01
  2.8512E+03  3.4864E-02 -1.1256E-01
  2.8524E+03  3.4797E-02 -1.1253E-01
  2.8536E+03  3.4730E-02 -1.1250E-01
  2.8548E+03  3.4664E-02 -1.1247E-01
  2.8560E+03  3.4596E-02 -1.1243E-01
  2.8572E+03  3.4529E-02 -1.1240E-01
  2.8584E+03  3.4461E-02 -1.1237E-01
  2.8596E+03  3.4394E-02 -1.1234E-01
  2.8608E+03  3.4326E-02 -1.1231E-01
  2.8620E+03  3.4257E-02 -1.1227E-01
  2.8631E+03  3.4189E-02 -1.1224E-01
  2.8643E+03  3.4121E-02 -1.1221E-01
  2.8655E+03  3.4053E-02 -1.1218E-01
  2.8667E+03  3.3985E-02 -1.1214E-01
  2.8679E+03  3.3917E-02 -1.1211E-01
  2.8691E+03  3.3849E-02 -1.1208E-01
  2.8703E+03  3.3782E-02 -1.1205E-01
  2.8715E+03  3.3714E-02 -1.1201E-01
  2.8727E+03  3.3647E-02 -1.1198E-01
  2.8739E+03  3.3579E-02 -1.1195E-01
  2.8750E+03  3.3511E-02 -1.1191E-01
  2.8762E+03  3.3443E-02 -1.1188E-01
  2.8774E+03  3.3375E-02 -1.1185E-01
  2.8786E+03  3.3306E-02 -1.1182E-01
  2.8798E+03  3.3237E-02 -1.1178E-01
  2.8810E+03  3.3169E-02 -1.1175E-01
  2.8822E+03  3.3100E-02 -1.1172E-01
  2.8834E+03  3.3031E-02 -1.1168E-01
  2.8846E+03  3.2963E-02 -1.1165E-01
  2.8858E+03  3.2895E-02 -1.1162E-01
  2.8869E+03  3.2827E-02 -1.1159E-01
  2.8881E+03  3.2759E-02 -1.1155E-01
  2.8893E+03  3.2691E-02 -1.1152E-01
  2.8905E+03  3.2624E-02 -1.1149E-01
  2.8917E+03  3.2556E-02 -1.1145E-01
  2.8929E+03  3.2487E-02 -1.1142E-01
  2.8941E+03  3.2419E-02 -1.1139E-01
  2.8953E+03  3.2351E-02 -1.1135E-01
  2.8965E+03  3.2282E-02 -1.1132E-01
  2.8977E+03  3.2213E-02 -1.1129E-01
  2.8988E+03  3.2144E-02 -1.1125E-01
  2.9000E+03  3.2076E-02 -1.1122E-01
  2.9012E+03  3.2007E-02 -1.1119E-01
  2.9024E+03  3.1939E-02 -1.1115E-01
  2.9036E+03  3.1871E-02 -1.1112E-01
  2.9048E+03  3.1803E-02 -1.1109E-01
  2.9060E+03  3.1735E-02 -1.1105E-01
  2.9072E+03  3.1668E-02 -1.1102E-01
  2.9084E+03  3.1600E-02 -1.1099E-01
  2.9096E+03  3.1533E-02 -1.1095E-01
  2.9107E+03  3.1465E-02 -1.1092E-01
  2.9119E+03  3.1397E-02 -1.1089E-01
  2.9131E+03  3.1329E-02 -1.1085E-01
  2.9143E+03  3.1260E-02 -1.1082E-01
  2.9155E+03  3.1192E-02 -1.1079E-01
  2.9167E+03  3.1124E-02 -1.1075E-01
  2.9179E+03  3.1056E-02 -1.1072E-01
  2.9191E+03  3.0988E-02 -1.1068E-01
  2.9203E+03  3.0920E-02 -1.1065E-01
  2.9215E+03  3.0853E-02 -1.1062E-01
  2.9226E+03  3.0785E-02 -1.1058E-01
  2.9238E+03  3.0718E-02 -1.1055E-01
  2.9250E+03  3.0652E-02 -1.1051E-01
  2.9262E+03  3.0585E-02 -1.1048E-01
  2.9274E+03  3.0518E-02 -1.1045E-01
  2.9286E+03  3.0451E-02 -1.1041E-01
  2.9298E+03  3.0384E-02 -1.1038E-01
  2.9310E+03  3.0316E-02 -1.1035E-01
  2.9322E+03  3.0249E-02 -1.1031E-01
  2.9334E+03  3.0181E-02 -1.1028E-01
  2.9345E+03  3.0114E-02 -1.1024E-01
  2.9357E+03  3.0046E-02 -1.1021E-01
  2.9369E+03  2.9979E-02 -1.1017E-01
  2.9381E+03  2.9913E-02 -1.1014E-01
  2.9393E+03  2.9846E-02 -1.1011E-01
  2.9405E+03  2.9780E-02 -1.1007E-01
  2.9417E+03  2.9714E-02 -1.1004E-01
  2.9429E+03  2.9648E-02 -1.1000E-01
  2.9441E+03  2.9583E-02 -1.0997E-01
  2.9453E+03  2.9517E-02 -1.0993E-01
  2.9464E+03  2.9451E-02 -1.0990E-01
  2.9476E+03  2.9385E-02 -1.0987E-01
  2.9488E+03  2.9319E-02 -1.0983E-01
  2.9500E+03  2.9252E-02 -1.0980E-01
  2.9512E+03  2.9186E-02 -1.0976E-01
  2.9524E+03  2.9119E-02 -1.0973E-01
  2.9536E+03  2.9053E-02 -1.0969E-01
  2.9548E+03  2.8987E-02 -1.0966E-01
  2.9560E+03  2.8921E-02 -1.0962E-01
  2.9572E+03  2.8856E-02 -1.0959E-01
  2.9583E+03  2.8791E-02 -1.0956E-01
  2.9595E+03  2.8726E-02 -1.0952E-01
  2.9607E+03  2.8662E-02 -1.0949E-01
  2.9619E+03  2.8597E-02 -1.0945E-01
  2.9631E+03  2.8533E-02 -1.0942E-01
  2.9643E+03  2.8468E-02 -1.0938E-01
  2.9655E+03  2.8403E-02 -1.0935E-01
  2.9667E+03  2.8338E-02 -1.0931E-01
  2.9679E+03  2.8273E-02 -1.0928E-01
  2.9691E+03  2.8207E-02 -1.0924E-01
  2.9702E+03  2.8142E-02 -1.0921E-01
  2.9714E+03  2.8077E-02 -1.0917E-01
  2.9726E+03  2.8012E-02 -1.0914E-01
  2.9738E+03  2.7947E-02 -1.0910E-01
  2.9750E+03  2.7883E-02 -1.0907E-01
  2.9762E+03  2.7819E-02 -1.0903E-01
  2.9774E+03  2.7756E-02 -1.0900E-01
  2.9786E+03  2.7692E-02 -1.0896E-01
  2.9798E+03  2.7629E-02 -1.0893E-01
  2.9810E+03  2.7565E-02 -1.0889E-01
  2.9821E+03  2.7502E-02 -1.0886E-01
  2.9833E+03  2.7438E-02 -1.0882E-01
  2.9845E+03  2.7374E-02 -1.0879E-01
  2.9857E+03  2.7310E-02 -1.0875E-01
  2.9869E+03  2.7246E-02 -1.0872E-01
  2.9881E+03  2.7182E-02 -1.0868E-01
  2.9893E+03  2.7118E-02 -1.0865E-01
  2.9905E+03  2.7054E-02 -1.0861E-01
  2.9917E+03  2.6990E-02 -1.0858E-01
  2.9929E+03  2.6927E-02 -1.0854E-01
  2.9940E+03  2.6864E-02 -1.0851E-01
  2.9952E+03  2.6801E-02 -1.0847E-01
  2.9964E+03  2.6739E-02 -1.0844E-01
  2.9976E+03  2.6676E-02 -1.0840E-01
  2.9988E+03  2.6614E-02 -1.0837E-01
  3.0000E+03  2.6552E-02 -1.0833E-01
  3.0000E+03  2.6551E-02 -1.0833E-01
