# CREATED BY GENE DIAGNOSTICS TOOL on Wed Dec 16 18:46:48 2020
# diag: timetrace, run(s): 0008, time window: 0-3000(2502 steps), species: ions
# original data path: /marconi_scratch/userexternal/cmoreno0/GAM_HP_scan/scanfiles0001/
# normalization: L_ref=1.65m
#
#  t          Re[phi]     Im[phi]   
  0.0000E+00  9.9996E-01  0.0000E+00
  1.2000E+00  9.8056E-01 -1.7575E-03
  2.4000E+00  9.3599E-01 -3.3085E-03
  3.6000E+00  8.8948E-01 -4.6543E-03
  4.8000E+00  8.5417E-01 -5.8890E-03
  6.0000E+00  8.2906E-01 -7.0686E-03
  7.2000E+00  8.0679E-01 -8.2052E-03
  8.4000E+00  7.8225E-01 -9.2855E-03
  9.6000E+00  7.5514E-01 -1.0289E-02
  1.0800E+01  7.2790E-01 -1.1201E-02
  1.2000E+01  7.0302E-01 -1.2021E-02
  1.3200E+01  6.8171E-01 -1.2760E-02
  1.4400E+01  6.6400E-01 -1.3432E-02
  1.5600E+01  6.4948E-01 -1.4054E-02
  1.6800E+01  6.3776E-01 -1.4642E-02
  1.8000E+01  6.2860E-01 -1.5209E-02
  1.9200E+01  6.2182E-01 -1.5769E-02
  2.0400E+01  6.1721E-01 -1.6334E-02
  2.1600E+01  6.1445E-01 -1.6912E-02
  2.2800E+01  6.1314E-01 -1.7509E-02
  2.4000E+01  6.1288E-01 -1.8125E-02
  2.5200E+01  6.1329E-01 -1.8761E-02
  2.6400E+01  6.1403E-01 -1.9416E-02
  2.7600E+01  6.1476E-01 -2.0083E-02
  2.8800E+01  6.1526E-01 -2.0757E-02
  3.0000E+01  6.1531E-01 -2.1438E-02
  3.1200E+01  6.1473E-01 -2.2116E-02
  3.2400E+01  6.1346E-01 -2.2789E-02
  3.3600E+01  6.1145E-01 -2.3454E-02
  3.4800E+01  6.0864E-01 -2.4107E-02
  3.6000E+01  6.0512E-01 -2.4743E-02
  3.7200E+01  6.0092E-01 -2.5362E-02
  3.8400E+01  5.9612E-01 -2.5962E-02
  3.9600E+01  5.9083E-01 -2.6544E-02
  4.0800E+01  5.8518E-01 -2.7107E-02
  4.2000E+01  5.7923E-01 -2.7652E-02
  4.3200E+01  5.7311E-01 -2.8177E-02
  4.4400E+01  5.6697E-01 -2.8686E-02
  4.5600E+01  5.6087E-01 -2.9183E-02
  4.6800E+01  5.5485E-01 -2.9666E-02
  4.8000E+01  5.4902E-01 -3.0135E-02
  4.9200E+01  5.4345E-01 -3.0593E-02
  5.0400E+01  5.3819E-01 -3.1045E-02
  5.1600E+01  5.3321E-01 -3.1491E-02
  5.2800E+01  5.2851E-01 -3.1931E-02
  5.4000E+01  5.2411E-01 -3.2365E-02
  5.5200E+01  5.2002E-01 -3.2796E-02
  5.6400E+01  5.1619E-01 -3.3222E-02
  5.7600E+01  5.1260E-01 -3.3645E-02
  5.8800E+01  5.0923E-01 -3.4064E-02
  6.0000E+01  5.0605E-01 -3.4480E-02
  6.1200E+01  5.0299E-01 -3.4891E-02
  6.2400E+01  5.0002E-01 -3.5296E-02
  6.3600E+01  4.9716E-01 -3.5697E-02
  6.4800E+01  4.9441E-01 -3.6093E-02
  6.6000E+01  4.9171E-01 -3.6485E-02
  6.7200E+01  4.8895E-01 -3.6867E-02
  6.8400E+01  4.8617E-01 -3.7240E-02
  6.9600E+01  4.8350E-01 -3.7608E-02
  7.0800E+01  4.8098E-01 -3.7976E-02
  7.2000E+01  4.7842E-01 -3.8340E-02
  7.3200E+01  4.7554E-01 -3.8690E-02
  7.4400E+01  4.7232E-01 -3.9025E-02
  7.5600E+01  4.6905E-01 -3.9350E-02
  7.6800E+01  4.6602E-01 -3.9671E-02
  7.8000E+01  4.6330E-01 -3.9993E-02
  7.9200E+01  4.6073E-01 -4.0311E-02
  8.0400E+01  4.5810E-01 -4.0623E-02
  8.1600E+01  4.5531E-01 -4.0926E-02
  8.2800E+01  4.5242E-01 -4.1221E-02
  8.4000E+01  4.4955E-01 -4.1511E-02
  8.5200E+01  4.4677E-01 -4.1798E-02
  8.6400E+01  4.4409E-01 -4.2081E-02
  8.7600E+01  4.4150E-01 -4.2360E-02
  8.8800E+01  4.3894E-01 -4.2636E-02
  9.0000E+01  4.3641E-01 -4.2908E-02
  9.1200E+01  4.3390E-01 -4.3175E-02
  9.2400E+01  4.3141E-01 -4.3437E-02
  9.3600E+01  4.2897E-01 -4.3694E-02
  9.4800E+01  4.2660E-01 -4.3948E-02
  9.6000E+01  4.2429E-01 -4.4199E-02
  9.7200E+01  4.2204E-01 -4.4447E-02
  9.8400E+01  4.1984E-01 -4.4692E-02
  9.9600E+01  4.1768E-01 -4.4934E-02
  1.0080E+02  4.1555E-01 -4.5172E-02
  1.0200E+02  4.1345E-01 -4.5406E-02
  1.0320E+02  4.1137E-01 -4.5638E-02
  1.0440E+02  4.0934E-01 -4.5866E-02
  1.0560E+02  4.0734E-01 -4.6091E-02
  1.0680E+02  4.0537E-01 -4.6313E-02
  1.0800E+02  4.0343E-01 -4.6532E-02
  1.0920E+02  4.0152E-01 -4.6747E-02
  1.1040E+02  3.9964E-01 -4.6960E-02
  1.1160E+02  3.9777E-01 -4.7171E-02
  1.1280E+02  3.9594E-01 -4.7378E-02
  1.1400E+02  3.9413E-01 -4.7583E-02
  1.1520E+02  3.9236E-01 -4.7786E-02
  1.1640E+02  3.9063E-01 -4.7987E-02
  1.1760E+02  3.8893E-01 -4.8185E-02
  1.1880E+02  3.8727E-01 -4.8382E-02
  1.2000E+02  3.8563E-01 -4.8577E-02
  1.2120E+02  3.8402E-01 -4.8769E-02
  1.2240E+02  3.8243E-01 -4.8960E-02
  1.2360E+02  3.8087E-01 -4.9150E-02
  1.2480E+02  3.7933E-01 -4.9337E-02
  1.2600E+02  3.7782E-01 -4.9524E-02
  1.2720E+02  3.7634E-01 -4.9708E-02
  1.2840E+02  3.7489E-01 -4.9891E-02
  1.2960E+02  3.7347E-01 -5.0072E-02
  1.3080E+02  3.7208E-01 -5.0252E-02
  1.3200E+02  3.7071E-01 -5.0429E-02
  1.3320E+02  3.6937E-01 -5.0606E-02
  1.3440E+02  3.6806E-01 -5.0781E-02
  1.3560E+02  3.6677E-01 -5.0954E-02
  1.3680E+02  3.6551E-01 -5.1126E-02
  1.3800E+02  3.6428E-01 -5.1297E-02
  1.3920E+02  3.6307E-01 -5.1466E-02
  1.4040E+02  3.6189E-01 -5.1635E-02
  1.4160E+02  3.6072E-01 -5.1802E-02
  1.4280E+02  3.5957E-01 -5.1968E-02
  1.4400E+02  3.5843E-01 -5.2133E-02
  1.4520E+02  3.5731E-01 -5.2297E-02
  1.4640E+02  3.5619E-01 -5.2460E-02
  1.4760E+02  3.5509E-01 -5.2621E-02
  1.4880E+02  3.5401E-01 -5.2781E-02
  1.5000E+02  3.5296E-01 -5.2940E-02
  1.5120E+02  3.5195E-01 -5.3098E-02
  1.5240E+02  3.5096E-01 -5.3255E-02
  1.5360E+02  3.4998E-01 -5.3411E-02
  1.5480E+02  3.4901E-01 -5.3566E-02
  1.5600E+02  3.4804E-01 -5.3720E-02
  1.5720E+02  3.4707E-01 -5.3873E-02
  1.5840E+02  3.4609E-01 -5.4026E-02
  1.5960E+02  3.4512E-01 -5.4177E-02
  1.6080E+02  3.4416E-01 -5.4328E-02
  1.6200E+02  3.4321E-01 -5.4478E-02
  1.6320E+02  3.4228E-01 -5.4626E-02
  1.6440E+02  3.4138E-01 -5.4774E-02
  1.6560E+02  3.4050E-01 -5.4922E-02
  1.6680E+02  3.3964E-01 -5.5068E-02
  1.6800E+02  3.3879E-01 -5.5214E-02
  1.6920E+02  3.3794E-01 -5.5360E-02
  1.7040E+02  3.3710E-01 -5.5504E-02
  1.7160E+02  3.3625E-01 -5.5648E-02
  1.7280E+02  3.3540E-01 -5.5790E-02
  1.7400E+02  3.3454E-01 -5.5933E-02
  1.7520E+02  3.3369E-01 -5.6074E-02
  1.7640E+02  3.3285E-01 -5.6214E-02
  1.7760E+02  3.3202E-01 -5.6354E-02
  1.7880E+02  3.3121E-01 -5.6493E-02
  1.8000E+02  3.3041E-01 -5.6631E-02
  1.8120E+02  3.2962E-01 -5.6769E-02
  1.8240E+02  3.2885E-01 -5.6905E-02
  1.8360E+02  3.2807E-01 -5.7042E-02
  1.8480E+02  3.2730E-01 -5.7177E-02
  1.8600E+02  3.2652E-01 -5.7312E-02
  1.8720E+02  3.2574E-01 -5.7446E-02
  1.8840E+02  3.2497E-01 -5.7580E-02
  1.8960E+02  3.2419E-01 -5.7713E-02
  1.9080E+02  3.2342E-01 -5.7845E-02
  1.9200E+02  3.2266E-01 -5.7977E-02
  1.9320E+02  3.2190E-01 -5.8108E-02
  1.9440E+02  3.2116E-01 -5.8238E-02
  1.9560E+02  3.2043E-01 -5.8367E-02
  1.9680E+02  3.1971E-01 -5.8496E-02
  1.9800E+02  3.1899E-01 -5.8625E-02
  1.9920E+02  3.1828E-01 -5.8752E-02
  2.0040E+02  3.1758E-01 -5.8879E-02
  2.0160E+02  3.1687E-01 -5.9005E-02
  2.0280E+02  3.1617E-01 -5.9131E-02
  2.0400E+02  3.1548E-01 -5.9256E-02
  2.0520E+02  3.1479E-01 -5.9380E-02
  2.0640E+02  3.1410E-01 -5.9504E-02
  2.0760E+02  3.1341E-01 -5.9627E-02
  2.0880E+02  3.1273E-01 -5.9750E-02
  2.1000E+02  3.1205E-01 -5.9871E-02
  2.1120E+02  3.1137E-01 -5.9993E-02
  2.1240E+02  3.1070E-01 -6.0113E-02
  2.1360E+02  3.1004E-01 -6.0234E-02
  2.1480E+02  3.0939E-01 -6.0353E-02
  2.1600E+02  3.0875E-01 -6.0472E-02
  2.1720E+02  3.0813E-01 -6.0591E-02
  2.1840E+02  3.0753E-01 -6.0709E-02
  2.1960E+02  3.0694E-01 -6.0826E-02
  2.2080E+02  3.0637E-01 -6.0943E-02
  2.2200E+02  3.0580E-01 -6.1060E-02
  2.2320E+02  3.0524E-01 -6.1176E-02
  2.2440E+02  3.0467E-01 -6.1292E-02
  2.2560E+02  3.0410E-01 -6.1407E-02
  2.2680E+02  3.0351E-01 -6.1522E-02
  2.2800E+02  3.0291E-01 -6.1636E-02
  2.2920E+02  3.0230E-01 -6.1749E-02
  2.3040E+02  3.0168E-01 -6.1862E-02
  2.3160E+02  3.0105E-01 -6.1974E-02
  2.3280E+02  3.0043E-01 -6.2086E-02
  2.3400E+02  2.9981E-01 -6.2197E-02
  2.3520E+02  2.9921E-01 -6.2307E-02
  2.3640E+02  2.9863E-01 -6.2417E-02
  2.3760E+02  2.9809E-01 -6.2526E-02
  2.3880E+02  2.9758E-01 -6.2635E-02
  2.4000E+02  2.9710E-01 -6.2744E-02
  2.4120E+02  2.9665E-01 -6.2852E-02
  2.4240E+02  2.9622E-01 -6.2961E-02
  2.4360E+02  2.9579E-01 -6.3069E-02
  2.4480E+02  2.9536E-01 -6.3177E-02
  2.4600E+02  2.9491E-01 -6.3285E-02
  2.4720E+02  2.9445E-01 -6.3393E-02
  2.4840E+02  2.9396E-01 -6.3501E-02
  2.4960E+02  2.9345E-01 -6.3608E-02
  2.5080E+02  2.9291E-01 -6.3714E-02
  2.5200E+02  2.9236E-01 -6.3820E-02
  2.5320E+02  2.9179E-01 -6.3926E-02
  2.5440E+02  2.9122E-01 -6.4030E-02
  2.5560E+02  2.9067E-01 -6.4134E-02
  2.5680E+02  2.9014E-01 -6.4237E-02
  2.5800E+02  2.8964E-01 -6.4340E-02
  2.5920E+02  2.8919E-01 -6.4441E-02
  2.6040E+02  2.8879E-01 -6.4543E-02
  2.6160E+02  2.8843E-01 -6.4644E-02
  2.6280E+02  2.8812E-01 -6.4745E-02
  2.6400E+02  2.8784E-01 -6.4847E-02
  2.6520E+02  2.8758E-01 -6.4948E-02
  2.6640E+02  2.8734E-01 -6.5050E-02
  2.6760E+02  2.8708E-01 -6.5152E-02
  2.6880E+02  2.8681E-01 -6.5254E-02
  2.7000E+02  2.8652E-01 -6.5357E-02
  2.7120E+02  2.8619E-01 -6.5460E-02
  2.7240E+02  2.8582E-01 -6.5562E-02
  2.7360E+02  2.8541E-01 -6.5665E-02
  2.7480E+02  2.8496E-01 -6.5767E-02
  2.7600E+02  2.8447E-01 -6.5869E-02
  2.7720E+02  2.8396E-01 -6.5970E-02
  2.7840E+02  2.8342E-01 -6.6070E-02
  2.7960E+02  2.8288E-01 -6.6169E-02
  2.8080E+02  2.8235E-01 -6.6267E-02
  2.8200E+02  2.8183E-01 -6.6365E-02
  2.8320E+02  2.8135E-01 -6.6462E-02
  2.8440E+02  2.8090E-01 -6.6558E-02
  2.8560E+02  2.8049E-01 -6.6653E-02
  2.8680E+02  2.8012E-01 -6.6748E-02
  2.8800E+02  2.7980E-01 -6.6843E-02
  2.8920E+02  2.7951E-01 -6.6938E-02
  2.9040E+02  2.7926E-01 -6.7034E-02
  2.9160E+02  2.7903E-01 -6.7129E-02
  2.9280E+02  2.7882E-01 -6.7224E-02
  2.9400E+02  2.7863E-01 -6.7320E-02
  2.9520E+02  2.7844E-01 -6.7417E-02
  2.9640E+02  2.7825E-01 -6.7513E-02
  2.9760E+02  2.7805E-01 -6.7610E-02
  2.9880E+02  2.7784E-01 -6.7707E-02
  3.0000E+02  2.7760E-01 -6.7804E-02
  3.0120E+02  2.7733E-01 -6.7901E-02
  3.0240E+02  2.7704E-01 -6.7998E-02
  3.0360E+02  2.7672E-01 -6.8094E-02
  3.0480E+02  2.7638E-01 -6.8190E-02
  3.0600E+02  2.7602E-01 -6.8286E-02
  3.0720E+02  2.7565E-01 -6.8381E-02
  3.0840E+02  2.7527E-01 -6.8475E-02
  3.0960E+02  2.7487E-01 -6.8569E-02
  3.1080E+02  2.7448E-01 -6.8663E-02
  3.1200E+02  2.7407E-01 -6.8756E-02
  3.1320E+02  2.7367E-01 -6.8848E-02
  3.1440E+02  2.7328E-01 -6.8940E-02
  3.1560E+02  2.7290E-01 -6.9032E-02
  3.1680E+02  2.7253E-01 -6.9123E-02
  3.1800E+02  2.7219E-01 -6.9215E-02
  3.1920E+02  2.7188E-01 -6.9306E-02
  3.2040E+02  2.7159E-01 -6.9397E-02
  3.2160E+02  2.7134E-01 -6.9488E-02
  3.2280E+02  2.7111E-01 -6.9579E-02
  3.2400E+02  2.7091E-01 -6.9670E-02
  3.2520E+02  2.7073E-01 -6.9762E-02
  3.2640E+02  2.7056E-01 -6.9853E-02
  3.2760E+02  2.7040E-01 -6.9945E-02
  3.2880E+02  2.7023E-01 -7.0036E-02
  3.3000E+02  2.7006E-01 -7.0128E-02
  3.3120E+02  2.6989E-01 -7.0220E-02
  3.3240E+02  2.6969E-01 -7.0311E-02
  3.3360E+02  2.6949E-01 -7.0403E-02
  3.3480E+02  2.6926E-01 -7.0494E-02
  3.3600E+02  2.6901E-01 -7.0586E-02
  3.3720E+02  2.6873E-01 -7.0676E-02
  3.3840E+02  2.6842E-01 -7.0767E-02
  3.3960E+02  2.6809E-01 -7.0857E-02
  3.4080E+02  2.6773E-01 -7.0947E-02
  3.4200E+02  2.6735E-01 -7.1036E-02
  3.4320E+02  2.6695E-01 -7.1125E-02
  3.4440E+02  2.6655E-01 -7.1213E-02
  3.4560E+02  2.6616E-01 -7.1301E-02
  3.4680E+02  2.6578E-01 -7.1388E-02
  3.4800E+02  2.6542E-01 -7.1475E-02
  3.4920E+02  2.6508E-01 -7.1561E-02
  3.5040E+02  2.6477E-01 -7.1647E-02
  3.5160E+02  2.6449E-01 -7.1734E-02
  3.5280E+02  2.6424E-01 -7.1820E-02
  3.5400E+02  2.6400E-01 -7.1906E-02
  3.5520E+02  2.6378E-01 -7.1992E-02
  3.5640E+02  2.6358E-01 -7.2078E-02
  3.5760E+02  2.6338E-01 -7.2164E-02
  3.5880E+02  2.6320E-01 -7.2250E-02
  3.6000E+02  2.6302E-01 -7.2336E-02
  3.6120E+02  2.6284E-01 -7.2422E-02
  3.6240E+02  2.6266E-01 -7.2509E-02
  3.6360E+02  2.6248E-01 -7.2595E-02
  3.6480E+02  2.6228E-01 -7.2681E-02
  3.6600E+02  2.6207E-01 -7.2767E-02
  3.6720E+02  2.6183E-01 -7.2853E-02
  3.6840E+02  2.6157E-01 -7.2938E-02
  3.6960E+02  2.6128E-01 -7.3023E-02
  3.7080E+02  2.6097E-01 -7.3108E-02
  3.7200E+02  2.6064E-01 -7.3192E-02
  3.7320E+02  2.6028E-01 -7.3276E-02
  3.7440E+02  2.5991E-01 -7.3359E-02
  3.7560E+02  2.5953E-01 -7.3442E-02
  3.7680E+02  2.5915E-01 -7.3524E-02
  3.7800E+02  2.5877E-01 -7.3606E-02
  3.7920E+02  2.5839E-01 -7.3687E-02
  3.8040E+02  2.5803E-01 -7.3768E-02
  3.8160E+02  2.5768E-01 -7.3848E-02
  3.8280E+02  2.5735E-01 -7.3928E-02
  3.8400E+02  2.5704E-01 -7.4007E-02
  3.8520E+02  2.5675E-01 -7.4087E-02
  3.8640E+02  2.5648E-01 -7.4166E-02
  3.8760E+02  2.5622E-01 -7.4245E-02
  3.8880E+02  2.5598E-01 -7.4324E-02
  3.9000E+02  2.5576E-01 -7.4403E-02
  3.9120E+02  2.5555E-01 -7.4482E-02
  3.9240E+02  2.5535E-01 -7.4561E-02
  3.9360E+02  2.5517E-01 -7.4640E-02
  3.9480E+02  2.5498E-01 -7.4719E-02
  3.9600E+02  2.5480E-01 -7.4798E-02
  3.9720E+02  2.5462E-01 -7.4877E-02
  3.9840E+02  2.5442E-01 -7.4956E-02
  3.9960E+02  2.5422E-01 -7.5035E-02
  4.0080E+02  2.5400E-01 -7.5113E-02
  4.0200E+02  2.5377E-01 -7.5191E-02
  4.0320E+02  2.5352E-01 -7.5269E-02
  4.0440E+02  2.5326E-01 -7.5347E-02
  4.0560E+02  2.5298E-01 -7.5425E-02
  4.0680E+02  2.5270E-01 -7.5502E-02
  4.0800E+02  2.5240E-01 -7.5579E-02
  4.0920E+02  2.5210E-01 -7.5655E-02
  4.1040E+02  2.5178E-01 -7.5731E-02
  4.1160E+02  2.5146E-01 -7.5807E-02
  4.1280E+02  2.5114E-01 -7.5882E-02
  4.1400E+02  2.5082E-01 -7.5957E-02
  4.1520E+02  2.5050E-01 -7.6031E-02
  4.1640E+02  2.5018E-01 -7.6106E-02
  4.1760E+02  2.4987E-01 -7.6179E-02
  4.1880E+02  2.4956E-01 -7.6253E-02
  4.2000E+02  2.4924E-01 -7.6326E-02
  4.2120E+02  2.4893E-01 -7.6399E-02
  4.2240E+02  2.4861E-01 -7.6471E-02
  4.2360E+02  2.4830E-01 -7.6543E-02
  4.2480E+02  2.4799E-01 -7.6615E-02
  4.2600E+02  2.4767E-01 -7.6686E-02
  4.2720E+02  2.4737E-01 -7.6757E-02
  4.2840E+02  2.4707E-01 -7.6828E-02
  4.2960E+02  2.4677E-01 -7.6898E-02
  4.3080E+02  2.4647E-01 -7.6968E-02
  4.3200E+02  2.4618E-01 -7.7038E-02
  4.3320E+02  2.4589E-01 -7.7108E-02
  4.3440E+02  2.4559E-01 -7.7177E-02
  4.3560E+02  2.4530E-01 -7.7246E-02
  4.3680E+02  2.4500E-01 -7.7314E-02
  4.3800E+02  2.4470E-01 -7.7383E-02
  4.3920E+02  2.4439E-01 -7.7451E-02
  4.4040E+02  2.4409E-01 -7.7518E-02
  4.4160E+02  2.4377E-01 -7.7586E-02
  4.4280E+02  2.4345E-01 -7.7653E-02
  4.4400E+02  2.4313E-01 -7.7720E-02
  4.4520E+02  2.4280E-01 -7.7786E-02
  4.4640E+02  2.4246E-01 -7.7852E-02
  4.4760E+02  2.4212E-01 -7.7918E-02
  4.4880E+02  2.4178E-01 -7.7983E-02
  4.5000E+02  2.4144E-01 -7.8048E-02
  4.5120E+02  2.4110E-01 -7.8112E-02
  4.5240E+02  2.4077E-01 -7.8176E-02
  4.5360E+02  2.4044E-01 -7.8240E-02
  4.5480E+02  2.4011E-01 -7.8303E-02
  4.5600E+02  2.3979E-01 -7.8366E-02
  4.5720E+02  2.3947E-01 -7.8428E-02
  4.5840E+02  2.3916E-01 -7.8490E-02
  4.5960E+02  2.3885E-01 -7.8552E-02
  4.6080E+02  2.3854E-01 -7.8614E-02
  4.6200E+02  2.3824E-01 -7.8675E-02
  4.6320E+02  2.3795E-01 -7.8736E-02
  4.6440E+02  2.3767E-01 -7.8796E-02
  4.6560E+02  2.3739E-01 -7.8856E-02
  4.6680E+02  2.3712E-01 -7.8916E-02
  4.6800E+02  2.3686E-01 -7.8976E-02
  4.6920E+02  2.3660E-01 -7.9036E-02
  4.7040E+02  2.3634E-01 -7.9095E-02
  4.7160E+02  2.3608E-01 -7.9154E-02
  4.7280E+02  2.3582E-01 -7.9213E-02
  4.7400E+02  2.3555E-01 -7.9272E-02
  4.7520E+02  2.3529E-01 -7.9331E-02
  4.7640E+02  2.3502E-01 -7.9389E-02
  4.7760E+02  2.3476E-01 -7.9448E-02
  4.7880E+02  2.3449E-01 -7.9506E-02
  4.8000E+02  2.3423E-01 -7.9564E-02
  4.8120E+02  2.3396E-01 -7.9621E-02
  4.8240E+02  2.3370E-01 -7.9679E-02
  4.8360E+02  2.3344E-01 -7.9736E-02
  4.8480E+02  2.3318E-01 -7.9793E-02
  4.8600E+02  2.3291E-01 -7.9850E-02
  4.8720E+02  2.3265E-01 -7.9907E-02
  4.8840E+02  2.3238E-01 -7.9964E-02
  4.8960E+02  2.3211E-01 -8.0020E-02
  4.9080E+02  2.3184E-01 -8.0076E-02
  4.9200E+02  2.3157E-01 -8.0132E-02
  4.9320E+02  2.3130E-01 -8.0187E-02
  4.9440E+02  2.3102E-01 -8.0242E-02
  4.9560E+02  2.3073E-01 -8.0297E-02
  4.9680E+02  2.3043E-01 -8.0352E-02
  4.9800E+02  2.3012E-01 -8.0406E-02
  4.9920E+02  2.2981E-01 -8.0460E-02
  5.0040E+02  2.2948E-01 -8.0514E-02
  5.0160E+02  2.2916E-01 -8.0567E-02
  5.0280E+02  2.2883E-01 -8.0620E-02
  5.0400E+02  2.2852E-01 -8.0672E-02
  5.0520E+02  2.2820E-01 -8.0724E-02
  5.0640E+02  2.2790E-01 -8.0776E-02
  5.0760E+02  2.2760E-01 -8.0827E-02
  5.0880E+02  2.2731E-01 -8.0878E-02
  5.1000E+02  2.2701E-01 -8.0929E-02
  5.1120E+02  2.2671E-01 -8.0980E-02
  5.1240E+02  2.2642E-01 -8.1030E-02
  5.1360E+02  2.2611E-01 -8.1080E-02
  5.1480E+02  2.2580E-01 -8.1130E-02
  5.1600E+02  2.2549E-01 -8.1179E-02
  5.1720E+02  2.2517E-01 -8.1228E-02
  5.1840E+02  2.2485E-01 -8.1277E-02
  5.1960E+02  2.2451E-01 -8.1326E-02
  5.2080E+02  2.2418E-01 -8.1374E-02
  5.2200E+02  2.2383E-01 -8.1422E-02
  5.2320E+02  2.2348E-01 -8.1470E-02
  5.2440E+02  2.2312E-01 -8.1517E-02
  5.2560E+02  2.2277E-01 -8.1563E-02
  5.2680E+02  2.2242E-01 -8.1610E-02
  5.2800E+02  2.2207E-01 -8.1655E-02
  5.2920E+02  2.2172E-01 -8.1701E-02
  5.3040E+02  2.2139E-01 -8.1746E-02
  5.3160E+02  2.2105E-01 -8.1791E-02
  5.3280E+02  2.2072E-01 -8.1835E-02
  5.3400E+02  2.2040E-01 -8.1879E-02
  5.3520E+02  2.2008E-01 -8.1923E-02
  5.3640E+02  2.1976E-01 -8.1966E-02
  5.3760E+02  2.1944E-01 -8.2009E-02
  5.3880E+02  2.1912E-01 -8.2052E-02
  5.4000E+02  2.1880E-01 -8.2094E-02
  5.4120E+02  2.1847E-01 -8.2137E-02
  5.4240E+02  2.1813E-01 -8.2178E-02
  5.4360E+02  2.1779E-01 -8.2220E-02
  5.4480E+02  2.1745E-01 -8.2261E-02
  5.4600E+02  2.1712E-01 -8.2302E-02
  5.4720E+02  2.1678E-01 -8.2342E-02
  5.4840E+02  2.1646E-01 -8.2383E-02
  5.4960E+02  2.1614E-01 -8.2422E-02
  5.5080E+02  2.1584E-01 -8.2462E-02
  5.5200E+02  2.1554E-01 -8.2501E-02
  5.5320E+02  2.1525E-01 -8.2540E-02
  5.5440E+02  2.1497E-01 -8.2579E-02
  5.5560E+02  2.1469E-01 -8.2618E-02
  5.5680E+02  2.1442E-01 -8.2656E-02
  5.5800E+02  2.1416E-01 -8.2695E-02
  5.5920E+02  2.1390E-01 -8.2733E-02
  5.6040E+02  2.1364E-01 -8.2771E-02
  5.6160E+02  2.1339E-01 -8.2809E-02
  5.6280E+02  2.1313E-01 -8.2847E-02
  5.6400E+02  2.1287E-01 -8.2885E-02
  5.6520E+02  2.1261E-01 -8.2922E-02
  5.6640E+02  2.1234E-01 -8.2960E-02
  5.6760E+02  2.1208E-01 -8.2997E-02
  5.6880E+02  2.1181E-01 -8.3034E-02
  5.7000E+02  2.1154E-01 -8.3071E-02
  5.7120E+02  2.1127E-01 -8.3107E-02
  5.7240E+02  2.1100E-01 -8.3144E-02
  5.7360E+02  2.1075E-01 -8.3180E-02
  5.7480E+02  2.1050E-01 -8.3216E-02
  5.7600E+02  2.1026E-01 -8.3252E-02
  5.7720E+02  2.1002E-01 -8.3288E-02
  5.7840E+02  2.0980E-01 -8.3323E-02
  5.7960E+02  2.0958E-01 -8.3359E-02
  5.8080E+02  2.0937E-01 -8.3394E-02
  5.8200E+02  2.0916E-01 -8.3430E-02
  5.8320E+02  2.0895E-01 -8.3465E-02
  5.8440E+02  2.0875E-01 -8.3501E-02
  5.8560E+02  2.0854E-01 -8.3536E-02
  5.8680E+02  2.0832E-01 -8.3572E-02
  5.8800E+02  2.0810E-01 -8.3607E-02
  5.8920E+02  2.0787E-01 -8.3642E-02
  5.9040E+02  2.0763E-01 -8.3677E-02
  5.9160E+02  2.0738E-01 -8.3712E-02
  5.9280E+02  2.0713E-01 -8.3747E-02
  5.9400E+02  2.0686E-01 -8.3781E-02
  5.9520E+02  2.0660E-01 -8.3816E-02
  5.9640E+02  2.0633E-01 -8.3850E-02
  5.9760E+02  2.0607E-01 -8.3884E-02
  5.9880E+02  2.0580E-01 -8.3917E-02
  6.0000E+02  2.0554E-01 -8.3951E-02
  6.0120E+02  2.0529E-01 -8.3984E-02
  6.0240E+02  2.0505E-01 -8.4017E-02
  6.0360E+02  2.0481E-01 -8.4050E-02
  6.0480E+02  2.0458E-01 -8.4083E-02
  6.0600E+02  2.0435E-01 -8.4116E-02
  6.0720E+02  2.0413E-01 -8.4149E-02
  6.0840E+02  2.0391E-01 -8.4181E-02
  6.0960E+02  2.0369E-01 -8.4214E-02
  6.1080E+02  2.0346E-01 -8.4246E-02
  6.1200E+02  2.0324E-01 -8.4279E-02
  6.1320E+02  2.0301E-01 -8.4311E-02
  6.1440E+02  2.0277E-01 -8.4343E-02
  6.1560E+02  2.0252E-01 -8.4375E-02
  6.1680E+02  2.0226E-01 -8.4407E-02
  6.1800E+02  2.0199E-01 -8.4439E-02
  6.1920E+02  2.0171E-01 -8.4470E-02
  6.2040E+02  2.0142E-01 -8.4502E-02
  6.2160E+02  2.0112E-01 -8.4532E-02
  6.2280E+02  2.0082E-01 -8.4563E-02
  6.2400E+02  2.0051E-01 -8.4593E-02
  6.2520E+02  2.0021E-01 -8.4623E-02
  6.2640E+02  1.9991E-01 -8.4653E-02
  6.2760E+02  1.9961E-01 -8.4682E-02
  6.2880E+02  1.9932E-01 -8.4711E-02
  6.3000E+02  1.9903E-01 -8.4740E-02
  6.3120E+02  1.9875E-01 -8.4768E-02
  6.3240E+02  1.9847E-01 -8.4797E-02
  6.3360E+02  1.9819E-01 -8.4825E-02
  6.3480E+02  1.9793E-01 -8.4853E-02
  6.3600E+02  1.9766E-01 -8.4881E-02
  6.3720E+02  1.9740E-01 -8.4909E-02
  6.3840E+02  1.9715E-01 -8.4936E-02
  6.3960E+02  1.9689E-01 -8.4964E-02
  6.4080E+02  1.9662E-01 -8.4991E-02
  6.4200E+02  1.9635E-01 -8.5018E-02
  6.4320E+02  1.9607E-01 -8.5045E-02
  6.4440E+02  1.9578E-01 -8.5072E-02
  6.4560E+02  1.9549E-01 -8.5098E-02
  6.4680E+02  1.9519E-01 -8.5124E-02
  6.4800E+02  1.9489E-01 -8.5150E-02
  6.4920E+02  1.9458E-01 -8.5175E-02
  6.5040E+02  1.9428E-01 -8.5201E-02
  6.5160E+02  1.9397E-01 -8.5226E-02
  6.5280E+02  1.9367E-01 -8.5250E-02
  6.5400E+02  1.9336E-01 -8.5275E-02
  6.5520E+02  1.9305E-01 -8.5299E-02
  6.5640E+02  1.9275E-01 -8.5322E-02
  6.5760E+02  1.9246E-01 -8.5346E-02
  6.5880E+02  1.9217E-01 -8.5369E-02
  6.6000E+02  1.9189E-01 -8.5392E-02
  6.6120E+02  1.9161E-01 -8.5415E-02
  6.6240E+02  1.9135E-01 -8.5438E-02
  6.6360E+02  1.9110E-01 -8.5461E-02
  6.6480E+02  1.9085E-01 -8.5483E-02
  6.6600E+02  1.9060E-01 -8.5506E-02
  6.6720E+02  1.9036E-01 -8.5528E-02
  6.6840E+02  1.9012E-01 -8.5550E-02
  6.6960E+02  1.8989E-01 -8.5573E-02
  6.7080E+02  1.8965E-01 -8.5595E-02
  6.7200E+02  1.8941E-01 -8.5617E-02
  6.7320E+02  1.8918E-01 -8.5638E-02
  6.7440E+02  1.8894E-01 -8.5660E-02
  6.7560E+02  1.8870E-01 -8.5682E-02
  6.7680E+02  1.8846E-01 -8.5703E-02
  6.7800E+02  1.8822E-01 -8.5725E-02
  6.7920E+02  1.8797E-01 -8.5746E-02
  6.8040E+02  1.8772E-01 -8.5767E-02
  6.8160E+02  1.8747E-01 -8.5788E-02
  6.8280E+02  1.8722E-01 -8.5808E-02
  6.8400E+02  1.8697E-01 -8.5829E-02
  6.8520E+02  1.8673E-01 -8.5849E-02
  6.8640E+02  1.8649E-01 -8.5869E-02
  6.8760E+02  1.8625E-01 -8.5890E-02
  6.8880E+02  1.8602E-01 -8.5910E-02
  6.9000E+02  1.8580E-01 -8.5930E-02
  6.9120E+02  1.8559E-01 -8.5949E-02
  6.9240E+02  1.8539E-01 -8.5969E-02
  6.9360E+02  1.8520E-01 -8.5989E-02
  6.9480E+02  1.8501E-01 -8.6009E-02
  6.9600E+02  1.8484E-01 -8.6029E-02
  6.9720E+02  1.8467E-01 -8.6049E-02
  6.9840E+02  1.8450E-01 -8.6069E-02
  6.9960E+02  1.8434E-01 -8.6089E-02
  7.0080E+02  1.8417E-01 -8.6110E-02
  7.0200E+02  1.8401E-01 -8.6130E-02
  7.0320E+02  1.8384E-01 -8.6150E-02
  7.0440E+02  1.8367E-01 -8.6170E-02
  7.0560E+02  1.8350E-01 -8.6191E-02
  7.0680E+02  1.8332E-01 -8.6211E-02
  7.0800E+02  1.8314E-01 -8.6231E-02
  7.0920E+02  1.8295E-01 -8.6251E-02
  7.1040E+02  1.8277E-01 -8.6272E-02
  7.1160E+02  1.8257E-01 -8.6292E-02
  7.1280E+02  1.8238E-01 -8.6312E-02
  7.1400E+02  1.8218E-01 -8.6332E-02
  7.1520E+02  1.8199E-01 -8.6352E-02
  7.1640E+02  1.8181E-01 -8.6371E-02
  7.1760E+02  1.8162E-01 -8.6391E-02
  7.1880E+02  1.8144E-01 -8.6411E-02
  7.2000E+02  1.8127E-01 -8.6431E-02
  7.2120E+02  1.8110E-01 -8.6451E-02
  7.2240E+02  1.8093E-01 -8.6470E-02
  7.2360E+02  1.8077E-01 -8.6490E-02
  7.2480E+02  1.8061E-01 -8.6510E-02
  7.2600E+02  1.8045E-01 -8.6530E-02
  7.2720E+02  1.8029E-01 -8.6550E-02
  7.2840E+02  1.8013E-01 -8.6570E-02
  7.2960E+02  1.7998E-01 -8.6590E-02
  7.3080E+02  1.7982E-01 -8.6610E-02
  7.3200E+02  1.7967E-01 -8.6631E-02
  7.3320E+02  1.7952E-01 -8.6651E-02
  7.3440E+02  1.7938E-01 -8.6671E-02
  7.3560E+02  1.7923E-01 -8.6691E-02
  7.3680E+02  1.7909E-01 -8.6712E-02
  7.3800E+02  1.7894E-01 -8.6732E-02
  7.3920E+02  1.7879E-01 -8.6753E-02
  7.4040E+02  1.7864E-01 -8.6773E-02
  7.4160E+02  1.7849E-01 -8.6793E-02
  7.4280E+02  1.7833E-01 -8.6814E-02
  7.4400E+02  1.7817E-01 -8.6834E-02
  7.4520E+02  1.7800E-01 -8.6854E-02
  7.4640E+02  1.7783E-01 -8.6875E-02
  7.4760E+02  1.7765E-01 -8.6895E-02
  7.4880E+02  1.7747E-01 -8.6915E-02
  7.5000E+02  1.7729E-01 -8.6935E-02
  7.5120E+02  1.7710E-01 -8.6955E-02
  7.5240E+02  1.7692E-01 -8.6975E-02
  7.5360E+02  1.7674E-01 -8.6995E-02
  7.5480E+02  1.7656E-01 -8.7015E-02
  7.5600E+02  1.7638E-01 -8.7035E-02
  7.5720E+02  1.7620E-01 -8.7055E-02
  7.5840E+02  1.7603E-01 -8.7074E-02
  7.5960E+02  1.7586E-01 -8.7094E-02
  7.6080E+02  1.7570E-01 -8.7114E-02
  7.6200E+02  1.7554E-01 -8.7134E-02
  7.6320E+02  1.7537E-01 -8.7154E-02
  7.6440E+02  1.7521E-01 -8.7173E-02
  7.6560E+02  1.7504E-01 -8.7193E-02
  7.6680E+02  1.7487E-01 -8.7213E-02
  7.6800E+02  1.7469E-01 -8.7232E-02
  7.6920E+02  1.7452E-01 -8.7252E-02
  7.7040E+02  1.7434E-01 -8.7272E-02
  7.7160E+02  1.7416E-01 -8.7291E-02
  7.7280E+02  1.7398E-01 -8.7310E-02
  7.7400E+02  1.7379E-01 -8.7330E-02
  7.7520E+02  1.7360E-01 -8.7349E-02
  7.7640E+02  1.7340E-01 -8.7368E-02
  7.7760E+02  1.7320E-01 -8.7387E-02
  7.7880E+02  1.7300E-01 -8.7406E-02
  7.8000E+02  1.7280E-01 -8.7424E-02
  7.8120E+02  1.7259E-01 -8.7443E-02
  7.8240E+02  1.7239E-01 -8.7462E-02
  7.8360E+02  1.7219E-01 -8.7480E-02
  7.8480E+02  1.7199E-01 -8.7498E-02
  7.8600E+02  1.7179E-01 -8.7516E-02
  7.8720E+02  1.7158E-01 -8.7534E-02
  7.8840E+02  1.7137E-01 -8.7552E-02
  7.8960E+02  1.7117E-01 -8.7570E-02
  7.9080E+02  1.7096E-01 -8.7588E-02
  7.9200E+02  1.7075E-01 -8.7605E-02
  7.9320E+02  1.7055E-01 -8.7623E-02
  7.9440E+02  1.7034E-01 -8.7640E-02
  7.9560E+02  1.7014E-01 -8.7657E-02
  7.9680E+02  1.6993E-01 -8.7674E-02
  7.9800E+02  1.6972E-01 -8.7691E-02
  7.9920E+02  1.6952E-01 -8.7708E-02
  8.0040E+02  1.6931E-01 -8.7725E-02
  8.0160E+02  1.6910E-01 -8.7742E-02
  8.0280E+02  1.6889E-01 -8.7758E-02
  8.0400E+02  1.6868E-01 -8.7775E-02
  8.0520E+02  1.6848E-01 -8.7791E-02
  8.0640E+02  1.6828E-01 -8.7807E-02
  8.0760E+02  1.6808E-01 -8.7823E-02
  8.0880E+02  1.6788E-01 -8.7839E-02
  8.1000E+02  1.6767E-01 -8.7855E-02
  8.1120E+02  1.6747E-01 -8.7871E-02
  8.1240E+02  1.6727E-01 -8.7886E-02
  8.1360E+02  1.6706E-01 -8.7902E-02
  8.1480E+02  1.6685E-01 -8.7917E-02
  8.1600E+02  1.6664E-01 -8.7933E-02
  8.1720E+02  1.6644E-01 -8.7948E-02
  8.1840E+02  1.6623E-01 -8.7963E-02
  8.1960E+02  1.6603E-01 -8.7978E-02
  8.2080E+02  1.6582E-01 -8.7993E-02
  8.2200E+02  1.6561E-01 -8.8007E-02
  8.2320E+02  1.6541E-01 -8.8022E-02
  8.2440E+02  1.6520E-01 -8.8036E-02
  8.2560E+02  1.6500E-01 -8.8051E-02
  8.2680E+02  1.6479E-01 -8.8065E-02
  8.2800E+02  1.6459E-01 -8.8079E-02
  8.2920E+02  1.6439E-01 -8.8093E-02
  8.3040E+02  1.6419E-01 -8.8107E-02
  8.3160E+02  1.6400E-01 -8.8121E-02
  8.3280E+02  1.6380E-01 -8.8135E-02
  8.3400E+02  1.6360E-01 -8.8149E-02
  8.3520E+02  1.6341E-01 -8.8163E-02
  8.3640E+02  1.6321E-01 -8.8176E-02
  8.3760E+02  1.6302E-01 -8.8190E-02
  8.3880E+02  1.6282E-01 -8.8203E-02
  8.4000E+02  1.6263E-01 -8.8217E-02
  8.4120E+02  1.6243E-01 -8.8230E-02
  8.4240E+02  1.6224E-01 -8.8243E-02
  8.4360E+02  1.6204E-01 -8.8256E-02
  8.4480E+02  1.6185E-01 -8.8269E-02
  8.4600E+02  1.6165E-01 -8.8282E-02
  8.4720E+02  1.6146E-01 -8.8295E-02
  8.4840E+02  1.6127E-01 -8.8307E-02
  8.4960E+02  1.6108E-01 -8.8320E-02
  8.5080E+02  1.6089E-01 -8.8332E-02
  8.5200E+02  1.6070E-01 -8.8345E-02
  8.5320E+02  1.6051E-01 -8.8357E-02
  8.5440E+02  1.6032E-01 -8.8370E-02
  8.5560E+02  1.6014E-01 -8.8382E-02
  8.5680E+02  1.5995E-01 -8.8394E-02
  8.5800E+02  1.5977E-01 -8.8406E-02
  8.5920E+02  1.5960E-01 -8.8418E-02
  8.6040E+02  1.5942E-01 -8.8430E-02
  8.6160E+02  1.5925E-01 -8.8442E-02
  8.6280E+02  1.5908E-01 -8.8455E-02
  8.6400E+02  1.5891E-01 -8.8467E-02
  8.6520E+02  1.5874E-01 -8.8479E-02
  8.6640E+02  1.5857E-01 -8.8491E-02
  8.6760E+02  1.5840E-01 -8.8503E-02
  8.6880E+02  1.5823E-01 -8.8515E-02
  8.7000E+02  1.5806E-01 -8.8527E-02
  8.7120E+02  1.5789E-01 -8.8539E-02
  8.7240E+02  1.5772E-01 -8.8551E-02
  8.7360E+02  1.5755E-01 -8.8562E-02
  8.7480E+02  1.5738E-01 -8.8574E-02
  8.7600E+02  1.5721E-01 -8.8586E-02
  8.7720E+02  1.5704E-01 -8.8598E-02
  8.7840E+02  1.5687E-01 -8.8609E-02
  8.7960E+02  1.5671E-01 -8.8621E-02
  8.8080E+02  1.5655E-01 -8.8632E-02
  8.8200E+02  1.5639E-01 -8.8644E-02
  8.8320E+02  1.5623E-01 -8.8655E-02
  8.8440E+02  1.5608E-01 -8.8667E-02
  8.8560E+02  1.5593E-01 -8.8678E-02
  8.8680E+02  1.5578E-01 -8.8690E-02
  8.8800E+02  1.5564E-01 -8.8702E-02
  8.8920E+02  1.5550E-01 -8.8713E-02
  8.9040E+02  1.5536E-01 -8.8725E-02
  8.9160E+02  1.5523E-01 -8.8736E-02
  8.9280E+02  1.5509E-01 -8.8748E-02
  8.9400E+02  1.5496E-01 -8.8760E-02
  8.9520E+02  1.5483E-01 -8.8772E-02
  8.9640E+02  1.5470E-01 -8.8784E-02
  8.9760E+02  1.5456E-01 -8.8795E-02
  8.9880E+02  1.5443E-01 -8.8807E-02
  9.0000E+02  1.5430E-01 -8.8819E-02
  9.0120E+02  1.5416E-01 -8.8831E-02
  9.0240E+02  1.5403E-01 -8.8843E-02
  9.0360E+02  1.5390E-01 -8.8856E-02
  9.0480E+02  1.5378E-01 -8.8868E-02
  9.0600E+02  1.5365E-01 -8.8880E-02
  9.0720E+02  1.5352E-01 -8.8892E-02
  9.0840E+02  1.5340E-01 -8.8905E-02
  9.0960E+02  1.5327E-01 -8.8917E-02
  9.1080E+02  1.5315E-01 -8.8929E-02
  9.1200E+02  1.5303E-01 -8.8942E-02
  9.1320E+02  1.5290E-01 -8.8954E-02
  9.1440E+02  1.5279E-01 -8.8967E-02
  9.1560E+02  1.5267E-01 -8.8979E-02
  9.1680E+02  1.5255E-01 -8.8992E-02
  9.1800E+02  1.5244E-01 -8.9005E-02
  9.1920E+02  1.5232E-01 -8.9017E-02
  9.2040E+02  1.5220E-01 -8.9030E-02
  9.2160E+02  1.5209E-01 -8.9043E-02
  9.2280E+02  1.5197E-01 -8.9056E-02
  9.2400E+02  1.5185E-01 -8.9069E-02
  9.2520E+02  1.5174E-01 -8.9082E-02
  9.2640E+02  1.5162E-01 -8.9095E-02
  9.2760E+02  1.5151E-01 -8.9108E-02
  9.2880E+02  1.5140E-01 -8.9121E-02
  9.3000E+02  1.5129E-01 -8.9134E-02
  9.3120E+02  1.5117E-01 -8.9147E-02
  9.3240E+02  1.5106E-01 -8.9160E-02
  9.3360E+02  1.5094E-01 -8.9173E-02
  9.3480E+02  1.5083E-01 -8.9187E-02
  9.3600E+02  1.5071E-01 -8.9200E-02
  9.3720E+02  1.5060E-01 -8.9213E-02
  9.3840E+02  1.5049E-01 -8.9227E-02
  9.3960E+02  1.5038E-01 -8.9240E-02
  9.4080E+02  1.5027E-01 -8.9254E-02
  9.4200E+02  1.5016E-01 -8.9268E-02
  9.4320E+02  1.5005E-01 -8.9281E-02
  9.4440E+02  1.4994E-01 -8.9295E-02
  9.4560E+02  1.4983E-01 -8.9309E-02
  9.4680E+02  1.4972E-01 -8.9323E-02
  9.4800E+02  1.4962E-01 -8.9337E-02
  9.4920E+02  1.4951E-01 -8.9351E-02
  9.5040E+02  1.4941E-01 -8.9365E-02
  9.5160E+02  1.4930E-01 -8.9379E-02
  9.5280E+02  1.4919E-01 -8.9393E-02
  9.5400E+02  1.4908E-01 -8.9407E-02
  9.5520E+02  1.4897E-01 -8.9421E-02
  9.5640E+02  1.4885E-01 -8.9435E-02
  9.5760E+02  1.4873E-01 -8.9450E-02
  9.5880E+02  1.4861E-01 -8.9464E-02
  9.6000E+02  1.4849E-01 -8.9478E-02
  9.6120E+02  1.4836E-01 -8.9492E-02
  9.6240E+02  1.4824E-01 -8.9506E-02
  9.6360E+02  1.4812E-01 -8.9520E-02
  9.6480E+02  1.4800E-01 -8.9534E-02
  9.6600E+02  1.4788E-01 -8.9548E-02
  9.6720E+02  1.4776E-01 -8.9563E-02
  9.6840E+02  1.4764E-01 -8.9577E-02
  9.6960E+02  1.4753E-01 -8.9591E-02
  9.7080E+02  1.4741E-01 -8.9605E-02
  9.7200E+02  1.4730E-01 -8.9619E-02
  9.7320E+02  1.4719E-01 -8.9634E-02
  9.7440E+02  1.4709E-01 -8.9648E-02
  9.7560E+02  1.4698E-01 -8.9662E-02
  9.7680E+02  1.4687E-01 -8.9677E-02
  9.7800E+02  1.4676E-01 -8.9691E-02
  9.7920E+02  1.4665E-01 -8.9706E-02
  9.8040E+02  1.4654E-01 -8.9720E-02
  9.8160E+02  1.4643E-01 -8.9735E-02
  9.8280E+02  1.4631E-01 -8.9749E-02
  9.8400E+02  1.4619E-01 -8.9764E-02
  9.8520E+02  1.4607E-01 -8.9778E-02
  9.8640E+02  1.4595E-01 -8.9793E-02
  9.8760E+02  1.4582E-01 -8.9807E-02
  9.8880E+02  1.4570E-01 -8.9822E-02
  9.9000E+02  1.4557E-01 -8.9836E-02
  9.9120E+02  1.4543E-01 -8.9851E-02
  9.9240E+02  1.4530E-01 -8.9865E-02
  9.9360E+02  1.4517E-01 -8.9879E-02
  9.9480E+02  1.4503E-01 -8.9894E-02
  9.9600E+02  1.4490E-01 -8.9908E-02
  9.9720E+02  1.4476E-01 -8.9922E-02
  9.9840E+02  1.4462E-01 -8.9936E-02
  9.9960E+02  1.4449E-01 -8.9950E-02
  1.0008E+03  1.4435E-01 -8.9964E-02
  1.0020E+03  1.4421E-01 -8.9978E-02
  1.0032E+03  1.4408E-01 -8.9992E-02
  1.0044E+03  1.4395E-01 -9.0006E-02
  1.0056E+03  1.4382E-01 -9.0020E-02
  1.0068E+03  1.4368E-01 -9.0034E-02
  1.0080E+03  1.4355E-01 -9.0048E-02
  1.0092E+03  1.4342E-01 -9.0061E-02
  1.0104E+03  1.4328E-01 -9.0075E-02
  1.0116E+03  1.4314E-01 -9.0089E-02
  1.0128E+03  1.4300E-01 -9.0102E-02
  1.0140E+03  1.4286E-01 -9.0116E-02
  1.0152E+03  1.4272E-01 -9.0130E-02
  1.0164E+03  1.4257E-01 -9.0143E-02
  1.0176E+03  1.4242E-01 -9.0157E-02
  1.0188E+03  1.4227E-01 -9.0170E-02
  1.0200E+03  1.4212E-01 -9.0183E-02
  1.0212E+03  1.4196E-01 -9.0196E-02
  1.0224E+03  1.4181E-01 -9.0210E-02
  1.0236E+03  1.4165E-01 -9.0223E-02
  1.0248E+03  1.4149E-01 -9.0235E-02
  1.0260E+03  1.4133E-01 -9.0248E-02
  1.0272E+03  1.4117E-01 -9.0261E-02
  1.0284E+03  1.4101E-01 -9.0274E-02
  1.0296E+03  1.4085E-01 -9.0286E-02
  1.0308E+03  1.4069E-01 -9.0299E-02
  1.0320E+03  1.4053E-01 -9.0311E-02
  1.0332E+03  1.4037E-01 -9.0323E-02
  1.0344E+03  1.4022E-01 -9.0335E-02
  1.0356E+03  1.4006E-01 -9.0348E-02
  1.0368E+03  1.3990E-01 -9.0360E-02
  1.0380E+03  1.3974E-01 -9.0371E-02
  1.0392E+03  1.3959E-01 -9.0383E-02
  1.0404E+03  1.3943E-01 -9.0395E-02
  1.0416E+03  1.3927E-01 -9.0407E-02
  1.0428E+03  1.3911E-01 -9.0418E-02
  1.0440E+03  1.3894E-01 -9.0430E-02
  1.0452E+03  1.3878E-01 -9.0441E-02
  1.0464E+03  1.3862E-01 -9.0453E-02
  1.0476E+03  1.3846E-01 -9.0464E-02
  1.0488E+03  1.3830E-01 -9.0475E-02
  1.0500E+03  1.3814E-01 -9.0486E-02
  1.0512E+03  1.3797E-01 -9.0497E-02
  1.0524E+03  1.3781E-01 -9.0508E-02
  1.0536E+03  1.3765E-01 -9.0519E-02
  1.0548E+03  1.3748E-01 -9.0529E-02
  1.0560E+03  1.3732E-01 -9.0540E-02
  1.0572E+03  1.3715E-01 -9.0550E-02
  1.0584E+03  1.3699E-01 -9.0561E-02
  1.0596E+03  1.3683E-01 -9.0571E-02
  1.0608E+03  1.3667E-01 -9.0582E-02
  1.0620E+03  1.3651E-01 -9.0592E-02
  1.0632E+03  1.3634E-01 -9.0602E-02
  1.0644E+03  1.3618E-01 -9.0612E-02
  1.0656E+03  1.3602E-01 -9.0622E-02
  1.0668E+03  1.3586E-01 -9.0632E-02
  1.0680E+03  1.3570E-01 -9.0641E-02
  1.0692E+03  1.3554E-01 -9.0651E-02
  1.0704E+03  1.3539E-01 -9.0661E-02
  1.0716E+03  1.3524E-01 -9.0670E-02
  1.0728E+03  1.3509E-01 -9.0680E-02
  1.0740E+03  1.3494E-01 -9.0689E-02
  1.0752E+03  1.3479E-01 -9.0699E-02
  1.0764E+03  1.3464E-01 -9.0708E-02
  1.0776E+03  1.3449E-01 -9.0717E-02
  1.0788E+03  1.3434E-01 -9.0727E-02
  1.0800E+03  1.3420E-01 -9.0736E-02
  1.0812E+03  1.3405E-01 -9.0745E-02
  1.0824E+03  1.3390E-01 -9.0754E-02
  1.0836E+03  1.3376E-01 -9.0763E-02
  1.0848E+03  1.3361E-01 -9.0772E-02
  1.0860E+03  1.3346E-01 -9.0781E-02
  1.0872E+03  1.3331E-01 -9.0790E-02
  1.0884E+03  1.3317E-01 -9.0799E-02
  1.0896E+03  1.3302E-01 -9.0808E-02
  1.0908E+03  1.3287E-01 -9.0817E-02
  1.0920E+03  1.3273E-01 -9.0826E-02
  1.0932E+03  1.3258E-01 -9.0834E-02
  1.0944E+03  1.3245E-01 -9.0843E-02
  1.0956E+03  1.3231E-01 -9.0852E-02
  1.0968E+03  1.3217E-01 -9.0860E-02
  1.0980E+03  1.3204E-01 -9.0869E-02
  1.0992E+03  1.3191E-01 -9.0878E-02
  1.1004E+03  1.3178E-01 -9.0886E-02
  1.1016E+03  1.3165E-01 -9.0895E-02
  1.1028E+03  1.3153E-01 -9.0903E-02
  1.1040E+03  1.3140E-01 -9.0912E-02
  1.1052E+03  1.3127E-01 -9.0921E-02
  1.1064E+03  1.3115E-01 -9.0929E-02
  1.1076E+03  1.3102E-01 -9.0938E-02
  1.1088E+03  1.3090E-01 -9.0947E-02
  1.1100E+03  1.3077E-01 -9.0955E-02
  1.1112E+03  1.3064E-01 -9.0964E-02
  1.1124E+03  1.3052E-01 -9.0972E-02
  1.1136E+03  1.3039E-01 -9.0981E-02
  1.1148E+03  1.3027E-01 -9.0989E-02
  1.1160E+03  1.3014E-01 -9.0998E-02
  1.1172E+03  1.3002E-01 -9.1007E-02
  1.1184E+03  1.2990E-01 -9.1015E-02
  1.1196E+03  1.2978E-01 -9.1024E-02
  1.1208E+03  1.2966E-01 -9.1032E-02
  1.1220E+03  1.2954E-01 -9.1041E-02
  1.1232E+03  1.2943E-01 -9.1049E-02
  1.1244E+03  1.2931E-01 -9.1058E-02
  1.1256E+03  1.2920E-01 -9.1067E-02
  1.1268E+03  1.2908E-01 -9.1075E-02
  1.1280E+03  1.2897E-01 -9.1084E-02
  1.1292E+03  1.2885E-01 -9.1093E-02
  1.1304E+03  1.2874E-01 -9.1101E-02
  1.1316E+03  1.2863E-01 -9.1110E-02
  1.1328E+03  1.2851E-01 -9.1119E-02
  1.1340E+03  1.2840E-01 -9.1128E-02
  1.1352E+03  1.2829E-01 -9.1136E-02
  1.1364E+03  1.2818E-01 -9.1145E-02
  1.1376E+03  1.2807E-01 -9.1154E-02
  1.1388E+03  1.2796E-01 -9.1163E-02
  1.1400E+03  1.2785E-01 -9.1171E-02
  1.1412E+03  1.2774E-01 -9.1180E-02
  1.1424E+03  1.2764E-01 -9.1189E-02
  1.1436E+03  1.2753E-01 -9.1198E-02
  1.1448E+03  1.2742E-01 -9.1207E-02
  1.1460E+03  1.2732E-01 -9.1216E-02
  1.1472E+03  1.2722E-01 -9.1225E-02
  1.1484E+03  1.2712E-01 -9.1234E-02
  1.1496E+03  1.2701E-01 -9.1243E-02
  1.1508E+03  1.2691E-01 -9.1252E-02
  1.1520E+03  1.2681E-01 -9.1261E-02
  1.1532E+03  1.2671E-01 -9.1270E-02
  1.1544E+03  1.2661E-01 -9.1279E-02
  1.1556E+03  1.2650E-01 -9.1288E-02
  1.1568E+03  1.2640E-01 -9.1298E-02
  1.1580E+03  1.2630E-01 -9.1307E-02
  1.1592E+03  1.2620E-01 -9.1316E-02
  1.1604E+03  1.2610E-01 -9.1325E-02
  1.1616E+03  1.2600E-01 -9.1335E-02
  1.1628E+03  1.2590E-01 -9.1344E-02
  1.1640E+03  1.2580E-01 -9.1353E-02
  1.1652E+03  1.2570E-01 -9.1363E-02
  1.1664E+03  1.2560E-01 -9.1372E-02
  1.1676E+03  1.2550E-01 -9.1381E-02
  1.1688E+03  1.2540E-01 -9.1391E-02
  1.1700E+03  1.2531E-01 -9.1400E-02
  1.1712E+03  1.2521E-01 -9.1410E-02
  1.1724E+03  1.2512E-01 -9.1419E-02
  1.1736E+03  1.2502E-01 -9.1429E-02
  1.1748E+03  1.2493E-01 -9.1438E-02
  1.1760E+03  1.2483E-01 -9.1448E-02
  1.1772E+03  1.2474E-01 -9.1458E-02
  1.1784E+03  1.2464E-01 -9.1467E-02
  1.1796E+03  1.2455E-01 -9.1477E-02
  1.1808E+03  1.2445E-01 -9.1487E-02
  1.1820E+03  1.2436E-01 -9.1496E-02
  1.1832E+03  1.2426E-01 -9.1506E-02
  1.1844E+03  1.2417E-01 -9.1516E-02
  1.1856E+03  1.2407E-01 -9.1526E-02
  1.1868E+03  1.2397E-01 -9.1535E-02
  1.1880E+03  1.2387E-01 -9.1545E-02
  1.1892E+03  1.2378E-01 -9.1555E-02
  1.1904E+03  1.2368E-01 -9.1565E-02
  1.1916E+03  1.2358E-01 -9.1575E-02
  1.1928E+03  1.2348E-01 -9.1585E-02
  1.1940E+03  1.2339E-01 -9.1594E-02
  1.1952E+03  1.2329E-01 -9.1604E-02
  1.1964E+03  1.2319E-01 -9.1614E-02
  1.1976E+03  1.2309E-01 -9.1624E-02
  1.1988E+03  1.2299E-01 -9.1634E-02
  1.2000E+03  1.2289E-01 -9.1644E-02
  1.2012E+03  1.2279E-01 -9.1654E-02
  1.2024E+03  1.2269E-01 -9.1664E-02
  1.2036E+03  1.2259E-01 -9.1673E-02
  1.2048E+03  1.2249E-01 -9.1683E-02
  1.2060E+03  1.2239E-01 -9.1693E-02
  1.2072E+03  1.2229E-01 -9.1703E-02
  1.2084E+03  1.2219E-01 -9.1713E-02
  1.2096E+03  1.2208E-01 -9.1723E-02
  1.2108E+03  1.2198E-01 -9.1733E-02
  1.2120E+03  1.2187E-01 -9.1742E-02
  1.2132E+03  1.2176E-01 -9.1752E-02
  1.2144E+03  1.2166E-01 -9.1762E-02
  1.2156E+03  1.2155E-01 -9.1772E-02
  1.2168E+03  1.2144E-01 -9.1782E-02
  1.2180E+03  1.2133E-01 -9.1791E-02
  1.2192E+03  1.2123E-01 -9.1801E-02
  1.2204E+03  1.2111E-01 -9.1811E-02
  1.2216E+03  1.2100E-01 -9.1820E-02
  1.2228E+03  1.2089E-01 -9.1830E-02
  1.2240E+03  1.2078E-01 -9.1839E-02
  1.2252E+03  1.2067E-01 -9.1849E-02
  1.2264E+03  1.2055E-01 -9.1858E-02
  1.2276E+03  1.2044E-01 -9.1868E-02
  1.2288E+03  1.2033E-01 -9.1877E-02
  1.2300E+03  1.2021E-01 -9.1887E-02
  1.2312E+03  1.2010E-01 -9.1896E-02
  1.2324E+03  1.1998E-01 -9.1905E-02
  1.2336E+03  1.1987E-01 -9.1915E-02
  1.2348E+03  1.1975E-01 -9.1924E-02
  1.2360E+03  1.1963E-01 -9.1933E-02
  1.2372E+03  1.1951E-01 -9.1942E-02
  1.2384E+03  1.1939E-01 -9.1951E-02
  1.2396E+03  1.1927E-01 -9.1960E-02
  1.2408E+03  1.1915E-01 -9.1969E-02
  1.2420E+03  1.1903E-01 -9.1978E-02
  1.2432E+03  1.1890E-01 -9.1987E-02
  1.2444E+03  1.1878E-01 -9.1995E-02
  1.2456E+03  1.1865E-01 -9.2004E-02
  1.2468E+03  1.1853E-01 -9.2013E-02
  1.2480E+03  1.1840E-01 -9.2021E-02
  1.2492E+03  1.1828E-01 -9.2030E-02
  1.2504E+03  1.1815E-01 -9.2038E-02
  1.2516E+03  1.1802E-01 -9.2046E-02
  1.2528E+03  1.1790E-01 -9.2055E-02
  1.2540E+03  1.1777E-01 -9.2063E-02
  1.2552E+03  1.1764E-01 -9.2071E-02
  1.2564E+03  1.1752E-01 -9.2079E-02
  1.2576E+03  1.1739E-01 -9.2087E-02
  1.2588E+03  1.1726E-01 -9.2095E-02
  1.2600E+03  1.1714E-01 -9.2103E-02
  1.2612E+03  1.1701E-01 -9.2111E-02
  1.2624E+03  1.1688E-01 -9.2119E-02
  1.2636E+03  1.1675E-01 -9.2127E-02
  1.2648E+03  1.1662E-01 -9.2134E-02
  1.2660E+03  1.1649E-01 -9.2142E-02
  1.2672E+03  1.1636E-01 -9.2149E-02
  1.2684E+03  1.1623E-01 -9.2157E-02
  1.2696E+03  1.1610E-01 -9.2164E-02
  1.2708E+03  1.1597E-01 -9.2171E-02
  1.2720E+03  1.1583E-01 -9.2178E-02
  1.2732E+03  1.1570E-01 -9.2185E-02
  1.2744E+03  1.1557E-01 -9.2192E-02
  1.2756E+03  1.1543E-01 -9.2199E-02
  1.2768E+03  1.1530E-01 -9.2206E-02
  1.2780E+03  1.1517E-01 -9.2213E-02
  1.2792E+03  1.1504E-01 -9.2220E-02
  1.2804E+03  1.1491E-01 -9.2226E-02
  1.2816E+03  1.1478E-01 -9.2233E-02
  1.2828E+03  1.1466E-01 -9.2239E-02
  1.2840E+03  1.1453E-01 -9.2246E-02
  1.2852E+03  1.1441E-01 -9.2252E-02
  1.2864E+03  1.1428E-01 -9.2259E-02
  1.2876E+03  1.1415E-01 -9.2265E-02
  1.2888E+03  1.1403E-01 -9.2271E-02
  1.2900E+03  1.1391E-01 -9.2277E-02
  1.2912E+03  1.1378E-01 -9.2283E-02
  1.2924E+03  1.1366E-01 -9.2290E-02
  1.2936E+03  1.1354E-01 -9.2296E-02
  1.2948E+03  1.1341E-01 -9.2302E-02
  1.2960E+03  1.1329E-01 -9.2308E-02
  1.2972E+03  1.1316E-01 -9.2314E-02
  1.2984E+03  1.1304E-01 -9.2319E-02
  1.2996E+03  1.1291E-01 -9.2325E-02
  1.3008E+03  1.1279E-01 -9.2331E-02
  1.3020E+03  1.1267E-01 -9.2336E-02
  1.3032E+03  1.1255E-01 -9.2342E-02
  1.3044E+03  1.1243E-01 -9.2348E-02
  1.3056E+03  1.1231E-01 -9.2353E-02
  1.3068E+03  1.1220E-01 -9.2359E-02
  1.3080E+03  1.1208E-01 -9.2364E-02
  1.3092E+03  1.1197E-01 -9.2370E-02
  1.3104E+03  1.1185E-01 -9.2375E-02
  1.3116E+03  1.1174E-01 -9.2380E-02
  1.3128E+03  1.1163E-01 -9.2386E-02
  1.3140E+03  1.1152E-01 -9.2391E-02
  1.3152E+03  1.1142E-01 -9.2396E-02
  1.3164E+03  1.1131E-01 -9.2402E-02
  1.3176E+03  1.1121E-01 -9.2407E-02
  1.3188E+03  1.1110E-01 -9.2412E-02
  1.3200E+03  1.1100E-01 -9.2417E-02
  1.3212E+03  1.1090E-01 -9.2423E-02
  1.3224E+03  1.1080E-01 -9.2428E-02
  1.3236E+03  1.1070E-01 -9.2433E-02
  1.3248E+03  1.1060E-01 -9.2439E-02
  1.3260E+03  1.1050E-01 -9.2444E-02
  1.3272E+03  1.1041E-01 -9.2449E-02
  1.3284E+03  1.1031E-01 -9.2455E-02
  1.3296E+03  1.1022E-01 -9.2460E-02
  1.3308E+03  1.1012E-01 -9.2465E-02
  1.3320E+03  1.1003E-01 -9.2470E-02
  1.3332E+03  1.0993E-01 -9.2476E-02
  1.3344E+03  1.0984E-01 -9.2481E-02
  1.3356E+03  1.0975E-01 -9.2487E-02
  1.3368E+03  1.0966E-01 -9.2492E-02
  1.3380E+03  1.0957E-01 -9.2497E-02
  1.3392E+03  1.0948E-01 -9.2503E-02
  1.3404E+03  1.0940E-01 -9.2508E-02
  1.3416E+03  1.0931E-01 -9.2513E-02
  1.3428E+03  1.0922E-01 -9.2519E-02
  1.3440E+03  1.0914E-01 -9.2524E-02
  1.3452E+03  1.0905E-01 -9.2530E-02
  1.3464E+03  1.0897E-01 -9.2535E-02
  1.3476E+03  1.0889E-01 -9.2541E-02
  1.3488E+03  1.0881E-01 -9.2546E-02
  1.3500E+03  1.0873E-01 -9.2552E-02
  1.3512E+03  1.0866E-01 -9.2558E-02
  1.3524E+03  1.0858E-01 -9.2563E-02
  1.3536E+03  1.0851E-01 -9.2569E-02
  1.3548E+03  1.0843E-01 -9.2575E-02
  1.3560E+03  1.0836E-01 -9.2581E-02
  1.3572E+03  1.0828E-01 -9.2586E-02
  1.3584E+03  1.0821E-01 -9.2592E-02
  1.3596E+03  1.0814E-01 -9.2598E-02
  1.3608E+03  1.0807E-01 -9.2604E-02
  1.3620E+03  1.0800E-01 -9.2610E-02
  1.3632E+03  1.0792E-01 -9.2616E-02
  1.3644E+03  1.0785E-01 -9.2622E-02
  1.3656E+03  1.0778E-01 -9.2628E-02
  1.3668E+03  1.0771E-01 -9.2634E-02
  1.3680E+03  1.0764E-01 -9.2641E-02
  1.3692E+03  1.0757E-01 -9.2647E-02
  1.3704E+03  1.0750E-01 -9.2653E-02
  1.3716E+03  1.0743E-01 -9.2659E-02
  1.3728E+03  1.0736E-01 -9.2666E-02
  1.3740E+03  1.0729E-01 -9.2672E-02
  1.3752E+03  1.0722E-01 -9.2679E-02
  1.3764E+03  1.0715E-01 -9.2685E-02
  1.3776E+03  1.0709E-01 -9.2692E-02
  1.3788E+03  1.0702E-01 -9.2698E-02
  1.3800E+03  1.0695E-01 -9.2705E-02
  1.3812E+03  1.0689E-01 -9.2711E-02
  1.3824E+03  1.0682E-01 -9.2718E-02
  1.3836E+03  1.0676E-01 -9.2724E-02
  1.3848E+03  1.0669E-01 -9.2731E-02
  1.3860E+03  1.0662E-01 -9.2738E-02
  1.3872E+03  1.0656E-01 -9.2745E-02
  1.3884E+03  1.0649E-01 -9.2751E-02
  1.3896E+03  1.0642E-01 -9.2758E-02
  1.3908E+03  1.0636E-01 -9.2765E-02
  1.3920E+03  1.0629E-01 -9.2772E-02
  1.3932E+03  1.0622E-01 -9.2779E-02
  1.3944E+03  1.0616E-01 -9.2786E-02
  1.3956E+03  1.0609E-01 -9.2793E-02
  1.3968E+03  1.0602E-01 -9.2800E-02
  1.3980E+03  1.0595E-01 -9.2807E-02
  1.3992E+03  1.0589E-01 -9.2814E-02
  1.4004E+03  1.0582E-01 -9.2821E-02
  1.4016E+03  1.0575E-01 -9.2828E-02
  1.4028E+03  1.0569E-01 -9.2835E-02
  1.4040E+03  1.0562E-01 -9.2842E-02
  1.4052E+03  1.0555E-01 -9.2849E-02
  1.4064E+03  1.0549E-01 -9.2857E-02
  1.4076E+03  1.0542E-01 -9.2864E-02
  1.4088E+03  1.0535E-01 -9.2871E-02
  1.4100E+03  1.0528E-01 -9.2878E-02
  1.4112E+03  1.0521E-01 -9.2885E-02
  1.4124E+03  1.0514E-01 -9.2893E-02
  1.4136E+03  1.0506E-01 -9.2900E-02
  1.4148E+03  1.0499E-01 -9.2907E-02
  1.4160E+03  1.0492E-01 -9.2914E-02
  1.4172E+03  1.0484E-01 -9.2922E-02
  1.4184E+03  1.0477E-01 -9.2929E-02
  1.4196E+03  1.0469E-01 -9.2936E-02
  1.4208E+03  1.0462E-01 -9.2943E-02
  1.4220E+03  1.0454E-01 -9.2951E-02
  1.4232E+03  1.0446E-01 -9.2958E-02
  1.4244E+03  1.0438E-01 -9.2965E-02
  1.4256E+03  1.0430E-01 -9.2972E-02
  1.4268E+03  1.0423E-01 -9.2979E-02
  1.4280E+03  1.0415E-01 -9.2986E-02
  1.4292E+03  1.0407E-01 -9.2993E-02
  1.4304E+03  1.0399E-01 -9.3000E-02
  1.4316E+03  1.0390E-01 -9.3008E-02
  1.4328E+03  1.0382E-01 -9.3015E-02
  1.4340E+03  1.0374E-01 -9.3022E-02
  1.4352E+03  1.0366E-01 -9.3029E-02
  1.4364E+03  1.0358E-01 -9.3036E-02
  1.4376E+03  1.0349E-01 -9.3043E-02
  1.4388E+03  1.0341E-01 -9.3049E-02
  1.4400E+03  1.0332E-01 -9.3056E-02
  1.4412E+03  1.0324E-01 -9.3063E-02
  1.4424E+03  1.0315E-01 -9.3070E-02
  1.4436E+03  1.0306E-01 -9.3077E-02
  1.4448E+03  1.0297E-01 -9.3084E-02
  1.4460E+03  1.0289E-01 -9.3090E-02
  1.4472E+03  1.0280E-01 -9.3097E-02
  1.4484E+03  1.0271E-01 -9.3104E-02
  1.4496E+03  1.0261E-01 -9.3110E-02
  1.4508E+03  1.0252E-01 -9.3117E-02
  1.4520E+03  1.0243E-01 -9.3123E-02
  1.4532E+03  1.0233E-01 -9.3130E-02
  1.4544E+03  1.0224E-01 -9.3136E-02
  1.4556E+03  1.0214E-01 -9.3142E-02
  1.4568E+03  1.0204E-01 -9.3149E-02
  1.4580E+03  1.0194E-01 -9.3155E-02
  1.4592E+03  1.0185E-01 -9.3161E-02
  1.4604E+03  1.0175E-01 -9.3167E-02
  1.4616E+03  1.0165E-01 -9.3173E-02
  1.4628E+03  1.0155E-01 -9.3179E-02
  1.4640E+03  1.0145E-01 -9.3185E-02
  1.4652E+03  1.0135E-01 -9.3191E-02
  1.4664E+03  1.0124E-01 -9.3196E-02
  1.4676E+03  1.0114E-01 -9.3202E-02
  1.4688E+03  1.0104E-01 -9.3208E-02
  1.4700E+03  1.0093E-01 -9.3213E-02
  1.4712E+03  1.0083E-01 -9.3219E-02
  1.4724E+03  1.0073E-01 -9.3224E-02
  1.4736E+03  1.0062E-01 -9.3229E-02
  1.4748E+03  1.0052E-01 -9.3234E-02
  1.4760E+03  1.0041E-01 -9.3240E-02
  1.4772E+03  1.0030E-01 -9.3245E-02
  1.4784E+03  1.0020E-01 -9.3250E-02
  1.4796E+03  1.0009E-01 -9.3255E-02
  1.4808E+03  9.9980E-02 -9.3260E-02
  1.4820E+03  9.9871E-02 -9.3264E-02
  1.4832E+03  9.9763E-02 -9.3269E-02
  1.4844E+03  9.9653E-02 -9.3274E-02
  1.4856E+03  9.9542E-02 -9.3278E-02
  1.4868E+03  9.9431E-02 -9.3283E-02
  1.4880E+03  9.9318E-02 -9.3287E-02
  1.4892E+03  9.9205E-02 -9.3291E-02
  1.4904E+03  9.9092E-02 -9.3295E-02
  1.4916E+03  9.8978E-02 -9.3300E-02
  1.4928E+03  9.8864E-02 -9.3304E-02
  1.4940E+03  9.8749E-02 -9.3307E-02
  1.4952E+03  9.8633E-02 -9.3311E-02
  1.4964E+03  9.8517E-02 -9.3315E-02
  1.4976E+03  9.8400E-02 -9.3319E-02
  1.4988E+03  9.8282E-02 -9.3322E-02
  1.5000E+03  9.8165E-02 -9.3326E-02
  1.5012E+03  9.8047E-02 -9.3329E-02
  1.5024E+03  9.7929E-02 -9.3332E-02
  1.5036E+03  9.7811E-02 -9.3335E-02
  1.5048E+03  9.7694E-02 -9.3338E-02
  1.5060E+03  9.7576E-02 -9.3341E-02
  1.5072E+03  9.7458E-02 -9.3344E-02
  1.5084E+03  9.7340E-02 -9.3347E-02
  1.5096E+03  9.7221E-02 -9.3350E-02
  1.5108E+03  9.7102E-02 -9.3352E-02
  1.5120E+03  9.6983E-02 -9.3355E-02
  1.5132E+03  9.6864E-02 -9.3357E-02
  1.5144E+03  9.6744E-02 -9.3360E-02
  1.5156E+03  9.6625E-02 -9.3362E-02
  1.5168E+03  9.6506E-02 -9.3364E-02
  1.5180E+03  9.6386E-02 -9.3366E-02
  1.5192E+03  9.6265E-02 -9.3368E-02
  1.5204E+03  9.6144E-02 -9.3370E-02
  1.5216E+03  9.6023E-02 -9.3372E-02
  1.5228E+03  9.5901E-02 -9.3374E-02
  1.5240E+03  9.5779E-02 -9.3375E-02
  1.5252E+03  9.5657E-02 -9.3377E-02
  1.5264E+03  9.5535E-02 -9.3378E-02
  1.5276E+03  9.5413E-02 -9.3379E-02
  1.5288E+03  9.5290E-02 -9.3381E-02
  1.5300E+03  9.5168E-02 -9.3382E-02
  1.5312E+03  9.5045E-02 -9.3383E-02
  1.5324E+03  9.4922E-02 -9.3384E-02
  1.5336E+03  9.4800E-02 -9.3384E-02
  1.5348E+03  9.4678E-02 -9.3385E-02
  1.5360E+03  9.4556E-02 -9.3386E-02
  1.5372E+03  9.4434E-02 -9.3386E-02
  1.5384E+03  9.4312E-02 -9.3387E-02
  1.5396E+03  9.4191E-02 -9.3387E-02
  1.5408E+03  9.4069E-02 -9.3388E-02
  1.5420E+03  9.3948E-02 -9.3388E-02
  1.5432E+03  9.3827E-02 -9.3388E-02
  1.5444E+03  9.3707E-02 -9.3388E-02
  1.5456E+03  9.3587E-02 -9.3388E-02
  1.5468E+03  9.3468E-02 -9.3388E-02
  1.5480E+03  9.3348E-02 -9.3388E-02
  1.5492E+03  9.3229E-02 -9.3387E-02
  1.5504E+03  9.3109E-02 -9.3387E-02
  1.5516E+03  9.2990E-02 -9.3387E-02
  1.5528E+03  9.2870E-02 -9.3386E-02
  1.5540E+03  9.2751E-02 -9.3385E-02
  1.5552E+03  9.2632E-02 -9.3385E-02
  1.5564E+03  9.2513E-02 -9.3384E-02
  1.5576E+03  9.2396E-02 -9.3383E-02
  1.5588E+03  9.2279E-02 -9.3382E-02
  1.5600E+03  9.2162E-02 -9.3381E-02
  1.5612E+03  9.2046E-02 -9.3380E-02
  1.5624E+03  9.1930E-02 -9.3379E-02
  1.5636E+03  9.1814E-02 -9.3378E-02
  1.5648E+03  9.1699E-02 -9.3377E-02
  1.5660E+03  9.1585E-02 -9.3375E-02
  1.5672E+03  9.1472E-02 -9.3374E-02
  1.5684E+03  9.1361E-02 -9.3372E-02
  1.5696E+03  9.1250E-02 -9.3371E-02
  1.5708E+03  9.1140E-02 -9.3369E-02
  1.5720E+03  9.1030E-02 -9.3368E-02
  1.5732E+03  9.0920E-02 -9.3366E-02
  1.5744E+03  9.0811E-02 -9.3364E-02
  1.5756E+03  9.0702E-02 -9.3363E-02
  1.5768E+03  9.0593E-02 -9.3361E-02
  1.5780E+03  9.0486E-02 -9.3359E-02
  1.5792E+03  9.0379E-02 -9.3357E-02
  1.5804E+03  9.0274E-02 -9.3355E-02
  1.5816E+03  9.0169E-02 -9.3353E-02
  1.5828E+03  9.0065E-02 -9.3351E-02
  1.5840E+03  8.9962E-02 -9.3349E-02
  1.5852E+03  8.9859E-02 -9.3347E-02
  1.5864E+03  8.9757E-02 -9.3344E-02
  1.5876E+03  8.9656E-02 -9.3342E-02
  1.5888E+03  8.9556E-02 -9.3340E-02
  1.5900E+03  8.9458E-02 -9.3338E-02
  1.5912E+03  8.9361E-02 -9.3335E-02
  1.5924E+03  8.9265E-02 -9.3333E-02
  1.5936E+03  8.9170E-02 -9.3331E-02
  1.5948E+03  8.9077E-02 -9.3328E-02
  1.5960E+03  8.8983E-02 -9.3326E-02
  1.5972E+03  8.8891E-02 -9.3323E-02
  1.5984E+03  8.8799E-02 -9.3321E-02
  1.5996E+03  8.8708E-02 -9.3319E-02
  1.6008E+03  8.8618E-02 -9.3316E-02
  1.6020E+03  8.8529E-02 -9.3314E-02
  1.6032E+03  8.8441E-02 -9.3311E-02
  1.6044E+03  8.8355E-02 -9.3309E-02
  1.6056E+03  8.8269E-02 -9.3306E-02
  1.6068E+03  8.8184E-02 -9.3304E-02
  1.6080E+03  8.8099E-02 -9.3301E-02
  1.6092E+03  8.8016E-02 -9.3299E-02
  1.6104E+03  8.7933E-02 -9.3296E-02
  1.6116E+03  8.7852E-02 -9.3293E-02
  1.6128E+03  8.7772E-02 -9.3291E-02
  1.6140E+03  8.7693E-02 -9.3288E-02
  1.6152E+03  8.7615E-02 -9.3286E-02
  1.6164E+03  8.7538E-02 -9.3283E-02
  1.6176E+03  8.7463E-02 -9.3281E-02
  1.6188E+03  8.7387E-02 -9.3278E-02
  1.6200E+03  8.7313E-02 -9.3276E-02
  1.6212E+03  8.7240E-02 -9.3274E-02
  1.6224E+03  8.7167E-02 -9.3271E-02
  1.6236E+03  8.7096E-02 -9.3269E-02
  1.6248E+03  8.7026E-02 -9.3266E-02
  1.6260E+03  8.6957E-02 -9.3264E-02
  1.6272E+03  8.6889E-02 -9.3262E-02
  1.6284E+03  8.6822E-02 -9.3259E-02
  1.6296E+03  8.6755E-02 -9.3257E-02
  1.6308E+03  8.6689E-02 -9.3255E-02
  1.6320E+03  8.6624E-02 -9.3252E-02
  1.6332E+03  8.6560E-02 -9.3250E-02
  1.6344E+03  8.6496E-02 -9.3248E-02
  1.6356E+03  8.6434E-02 -9.3246E-02
  1.6368E+03  8.6373E-02 -9.3244E-02
  1.6380E+03  8.6312E-02 -9.3242E-02
  1.6392E+03  8.6252E-02 -9.3240E-02
  1.6404E+03  8.6192E-02 -9.3238E-02
  1.6416E+03  8.6133E-02 -9.3236E-02
  1.6428E+03  8.6075E-02 -9.3234E-02
  1.6440E+03  8.6017E-02 -9.3232E-02
  1.6452E+03  8.5960E-02 -9.3230E-02
  1.6464E+03  8.5904E-02 -9.3228E-02
  1.6476E+03  8.5848E-02 -9.3226E-02
  1.6488E+03  8.5793E-02 -9.3225E-02
  1.6500E+03  8.5739E-02 -9.3223E-02
  1.6512E+03  8.5686E-02 -9.3221E-02
  1.6524E+03  8.5632E-02 -9.3220E-02
  1.6536E+03  8.5580E-02 -9.3218E-02
  1.6548E+03  8.5528E-02 -9.3216E-02
  1.6560E+03  8.5476E-02 -9.3215E-02
  1.6572E+03  8.5426E-02 -9.3213E-02
  1.6584E+03  8.5375E-02 -9.3212E-02
  1.6596E+03  8.5326E-02 -9.3211E-02
  1.6608E+03  8.5277E-02 -9.3209E-02
  1.6620E+03  8.5227E-02 -9.3208E-02
  1.6632E+03  8.5179E-02 -9.3207E-02
  1.6644E+03  8.5130E-02 -9.3205E-02
  1.6656E+03  8.5081E-02 -9.3204E-02
  1.6668E+03  8.5033E-02 -9.3203E-02
  1.6680E+03  8.4986E-02 -9.3202E-02
  1.6692E+03  8.4938E-02 -9.3201E-02
  1.6704E+03  8.4891E-02 -9.3200E-02
  1.6716E+03  8.4844E-02 -9.3199E-02
  1.6728E+03  8.4796E-02 -9.3198E-02
  1.6740E+03  8.4749E-02 -9.3197E-02
  1.6752E+03  8.4702E-02 -9.3196E-02
  1.6764E+03  8.4655E-02 -9.3195E-02
  1.6776E+03  8.4608E-02 -9.3195E-02
  1.6788E+03  8.4561E-02 -9.3194E-02
  1.6800E+03  8.4515E-02 -9.3193E-02
  1.6812E+03  8.4468E-02 -9.3193E-02
  1.6824E+03  8.4422E-02 -9.3192E-02
  1.6836E+03  8.4375E-02 -9.3191E-02
  1.6848E+03  8.4328E-02 -9.3191E-02
  1.6860E+03  8.4281E-02 -9.3190E-02
  1.6872E+03  8.4234E-02 -9.3190E-02
  1.6884E+03  8.4187E-02 -9.3189E-02
  1.6896E+03  8.4140E-02 -9.3189E-02
  1.6908E+03  8.4093E-02 -9.3188E-02
  1.6920E+03  8.4046E-02 -9.3188E-02
  1.6932E+03  8.3999E-02 -9.3188E-02
  1.6944E+03  8.3951E-02 -9.3187E-02
  1.6956E+03  8.3902E-02 -9.3187E-02
  1.6968E+03  8.3853E-02 -9.3187E-02
  1.6980E+03  8.3803E-02 -9.3186E-02
  1.6992E+03  8.3753E-02 -9.3186E-02
  1.7004E+03  8.3703E-02 -9.3186E-02
  1.7016E+03  8.3653E-02 -9.3186E-02
  1.7028E+03  8.3602E-02 -9.3185E-02
  1.7040E+03  8.3551E-02 -9.3185E-02
  1.7052E+03  8.3500E-02 -9.3185E-02
  1.7064E+03  8.3447E-02 -9.3185E-02
  1.7076E+03  8.3394E-02 -9.3185E-02
  1.7088E+03  8.3341E-02 -9.3185E-02
  1.7100E+03  8.3287E-02 -9.3184E-02
  1.7112E+03  8.3233E-02 -9.3184E-02
  1.7124E+03  8.3179E-02 -9.3184E-02
  1.7136E+03  8.3125E-02 -9.3184E-02
  1.7148E+03  8.3070E-02 -9.3184E-02
  1.7160E+03  8.3015E-02 -9.3184E-02
  1.7172E+03  8.2959E-02 -9.3183E-02
  1.7184E+03  8.2902E-02 -9.3183E-02
  1.7196E+03  8.2844E-02 -9.3183E-02
  1.7208E+03  8.2785E-02 -9.3183E-02
  1.7220E+03  8.2726E-02 -9.3183E-02
  1.7232E+03  8.2667E-02 -9.3183E-02
  1.7244E+03  8.2607E-02 -9.3182E-02
  1.7256E+03  8.2546E-02 -9.3182E-02
  1.7268E+03  8.2485E-02 -9.3182E-02
  1.7280E+03  8.2422E-02 -9.3182E-02
  1.7292E+03  8.2359E-02 -9.3181E-02
  1.7304E+03  8.2295E-02 -9.3181E-02
  1.7316E+03  8.2230E-02 -9.3181E-02
  1.7328E+03  8.2164E-02 -9.3180E-02
  1.7340E+03  8.2098E-02 -9.3180E-02
  1.7352E+03  8.2032E-02 -9.3179E-02
  1.7364E+03  8.1965E-02 -9.3179E-02
  1.7376E+03  8.1898E-02 -9.3179E-02
  1.7388E+03  8.1830E-02 -9.3178E-02
  1.7400E+03  8.1762E-02 -9.3177E-02
  1.7412E+03  8.1692E-02 -9.3177E-02
  1.7424E+03  8.1622E-02 -9.3176E-02
  1.7436E+03  8.1551E-02 -9.3176E-02
  1.7448E+03  8.1479E-02 -9.3175E-02
  1.7460E+03  8.1407E-02 -9.3174E-02
  1.7472E+03  8.1335E-02 -9.3173E-02
  1.7484E+03  8.1262E-02 -9.3172E-02
  1.7496E+03  8.1188E-02 -9.3172E-02
  1.7508E+03  8.1114E-02 -9.3171E-02
  1.7520E+03  8.1038E-02 -9.3170E-02
  1.7532E+03  8.0961E-02 -9.3169E-02
  1.7544E+03  8.0884E-02 -9.3168E-02
  1.7556E+03  8.0806E-02 -9.3166E-02
  1.7568E+03  8.0728E-02 -9.3165E-02
  1.7580E+03  8.0649E-02 -9.3164E-02
  1.7592E+03  8.0569E-02 -9.3163E-02
  1.7604E+03  8.0489E-02 -9.3161E-02
  1.7616E+03  8.0408E-02 -9.3160E-02
  1.7628E+03  8.0326E-02 -9.3158E-02
  1.7640E+03  8.0243E-02 -9.3157E-02
  1.7652E+03  8.0159E-02 -9.3155E-02
  1.7664E+03  8.0074E-02 -9.3153E-02
  1.7676E+03  7.9990E-02 -9.3152E-02
  1.7688E+03  7.9904E-02 -9.3150E-02
  1.7700E+03  7.9819E-02 -9.3148E-02
  1.7712E+03  7.9732E-02 -9.3146E-02
  1.7724E+03  7.9645E-02 -9.3144E-02
  1.7736E+03  7.9558E-02 -9.3142E-02
  1.7748E+03  7.9470E-02 -9.3140E-02
  1.7760E+03  7.9381E-02 -9.3137E-02
  1.7772E+03  7.9292E-02 -9.3135E-02
  1.7784E+03  7.9202E-02 -9.3133E-02
  1.7796E+03  7.9112E-02 -9.3130E-02
  1.7808E+03  7.9022E-02 -9.3128E-02
  1.7820E+03  7.8932E-02 -9.3125E-02
  1.7832E+03  7.8840E-02 -9.3122E-02
  1.7844E+03  7.8748E-02 -9.3119E-02
  1.7856E+03  7.8656E-02 -9.3117E-02
  1.7868E+03  7.8562E-02 -9.3114E-02
  1.7880E+03  7.8468E-02 -9.3111E-02
  1.7892E+03  7.8374E-02 -9.3107E-02
  1.7904E+03  7.8279E-02 -9.3104E-02
  1.7916E+03  7.8184E-02 -9.3101E-02
  1.7928E+03  7.8088E-02 -9.3098E-02
  1.7940E+03  7.7991E-02 -9.3094E-02
  1.7952E+03  7.7894E-02 -9.3091E-02
  1.7964E+03  7.7796E-02 -9.3087E-02
  1.7976E+03  7.7698E-02 -9.3083E-02
  1.7988E+03  7.7599E-02 -9.3080E-02
  1.8000E+03  7.7500E-02 -9.3076E-02
  1.8012E+03  7.7401E-02 -9.3072E-02
  1.8024E+03  7.7302E-02 -9.3068E-02
  1.8036E+03  7.7202E-02 -9.3063E-02
  1.8048E+03  7.7101E-02 -9.3059E-02
  1.8060E+03  7.7000E-02 -9.3055E-02
  1.8072E+03  7.6898E-02 -9.3050E-02
  1.8084E+03  7.6796E-02 -9.3046E-02
  1.8096E+03  7.6694E-02 -9.3041E-02
  1.8108E+03  7.6592E-02 -9.3036E-02
  1.8120E+03  7.6489E-02 -9.3032E-02
  1.8132E+03  7.6386E-02 -9.3027E-02
  1.8144E+03  7.6283E-02 -9.3022E-02
  1.8156E+03  7.6180E-02 -9.3017E-02
  1.8168E+03  7.6077E-02 -9.3011E-02
  1.8180E+03  7.5973E-02 -9.3006E-02
  1.8192E+03  7.5869E-02 -9.3001E-02
  1.8204E+03  7.5764E-02 -9.2995E-02
  1.8216E+03  7.5660E-02 -9.2990E-02
  1.8228E+03  7.5556E-02 -9.2984E-02
  1.8240E+03  7.5451E-02 -9.2978E-02
  1.8252E+03  7.5347E-02 -9.2973E-02
  1.8264E+03  7.5242E-02 -9.2967E-02
  1.8276E+03  7.5136E-02 -9.2961E-02
  1.8288E+03  7.5030E-02 -9.2955E-02
  1.8300E+03  7.4924E-02 -9.2948E-02
  1.8312E+03  7.4817E-02 -9.2942E-02
  1.8324E+03  7.4709E-02 -9.2936E-02
  1.8336E+03  7.4602E-02 -9.2929E-02
  1.8348E+03  7.4495E-02 -9.2923E-02
  1.8360E+03  7.4387E-02 -9.2916E-02
  1.8372E+03  7.4279E-02 -9.2909E-02
  1.8384E+03  7.4171E-02 -9.2903E-02
  1.8396E+03  7.4062E-02 -9.2896E-02
  1.8408E+03  7.3954E-02 -9.2889E-02
  1.8420E+03  7.3845E-02 -9.2881E-02
  1.8432E+03  7.3736E-02 -9.2874E-02
  1.8444E+03  7.3627E-02 -9.2867E-02
  1.8456E+03  7.3519E-02 -9.2859E-02
  1.8468E+03  7.3411E-02 -9.2852E-02
  1.8480E+03  7.3303E-02 -9.2844E-02
  1.8492E+03  7.3195E-02 -9.2837E-02
  1.8504E+03  7.3087E-02 -9.2829E-02
  1.8516E+03  7.2979E-02 -9.2821E-02
  1.8528E+03  7.2870E-02 -9.2813E-02
  1.8540E+03  7.2762E-02 -9.2805E-02
  1.8552E+03  7.2654E-02 -9.2797E-02
  1.8564E+03  7.2546E-02 -9.2789E-02
  1.8576E+03  7.2438E-02 -9.2780E-02
  1.8588E+03  7.2331E-02 -9.2772E-02
  1.8600E+03  7.2223E-02 -9.2764E-02
  1.8612E+03  7.2116E-02 -9.2755E-02
  1.8624E+03  7.2008E-02 -9.2746E-02
  1.8636E+03  7.1900E-02 -9.2738E-02
  1.8648E+03  7.1791E-02 -9.2729E-02
  1.8660E+03  7.1683E-02 -9.2720E-02
  1.8672E+03  7.1576E-02 -9.2711E-02
  1.8684E+03  7.1469E-02 -9.2702E-02
  1.8696E+03  7.1362E-02 -9.2693E-02
  1.8708E+03  7.1255E-02 -9.2684E-02
  1.8720E+03  7.1148E-02 -9.2674E-02
  1.8732E+03  7.1041E-02 -9.2665E-02
  1.8744E+03  7.0935E-02 -9.2655E-02
  1.8756E+03  7.0828E-02 -9.2646E-02
  1.8768E+03  7.0721E-02 -9.2636E-02
  1.8780E+03  7.0615E-02 -9.2627E-02
  1.8792E+03  7.0510E-02 -9.2617E-02
  1.8804E+03  7.0404E-02 -9.2607E-02
  1.8816E+03  7.0300E-02 -9.2597E-02
  1.8828E+03  7.0195E-02 -9.2587E-02
  1.8840E+03  7.0091E-02 -9.2577E-02
  1.8852E+03  6.9987E-02 -9.2567E-02
  1.8864E+03  6.9883E-02 -9.2557E-02
  1.8876E+03  6.9779E-02 -9.2546E-02
  1.8888E+03  6.9676E-02 -9.2536E-02
  1.8900E+03  6.9574E-02 -9.2526E-02
  1.8912E+03  6.9472E-02 -9.2515E-02
  1.8924E+03  6.9371E-02 -9.2505E-02
  1.8936E+03  6.9270E-02 -9.2494E-02
  1.8948E+03  6.9169E-02 -9.2484E-02
  1.8960E+03  6.9069E-02 -9.2473E-02
  1.8972E+03  6.8969E-02 -9.2462E-02
  1.8984E+03  6.8870E-02 -9.2451E-02
  1.8996E+03  6.8771E-02 -9.2440E-02
  1.9008E+03  6.8673E-02 -9.2429E-02
  1.9020E+03  6.8576E-02 -9.2418E-02
  1.9032E+03  6.8479E-02 -9.2407E-02
  1.9044E+03  6.8382E-02 -9.2396E-02
  1.9056E+03  6.8286E-02 -9.2385E-02
  1.9068E+03  6.8191E-02 -9.2374E-02
  1.9080E+03  6.8095E-02 -9.2363E-02
  1.9092E+03  6.8000E-02 -9.2351E-02
  1.9104E+03  6.7906E-02 -9.2340E-02
  1.9116E+03  6.7812E-02 -9.2329E-02
  1.9128E+03  6.7719E-02 -9.2317E-02
  1.9140E+03  6.7627E-02 -9.2306E-02
  1.9152E+03  6.7535E-02 -9.2294E-02
  1.9164E+03  6.7444E-02 -9.2283E-02
  1.9176E+03  6.7353E-02 -9.2271E-02
  1.9188E+03  6.7263E-02 -9.2259E-02
  1.9200E+03  6.7173E-02 -9.2248E-02
  1.9212E+03  6.7084E-02 -9.2236E-02
  1.9224E+03  6.6996E-02 -9.2224E-02
  1.9236E+03  6.6909E-02 -9.2213E-02
  1.9248E+03  6.6822E-02 -9.2201E-02
  1.9260E+03  6.6736E-02 -9.2189E-02
  1.9272E+03  6.6651E-02 -9.2177E-02
  1.9284E+03  6.6567E-02 -9.2165E-02
  1.9296E+03  6.6483E-02 -9.2153E-02
  1.9308E+03  6.6400E-02 -9.2141E-02
  1.9320E+03  6.6317E-02 -9.2129E-02
  1.9332E+03  6.6236E-02 -9.2117E-02
  1.9344E+03  6.6155E-02 -9.2106E-02
  1.9356E+03  6.6075E-02 -9.2094E-02
  1.9368E+03  6.5996E-02 -9.2081E-02
  1.9380E+03  6.5917E-02 -9.2069E-02
  1.9392E+03  6.5839E-02 -9.2057E-02
  1.9404E+03  6.5761E-02 -9.2045E-02
  1.9416E+03  6.5685E-02 -9.2033E-02
  1.9428E+03  6.5608E-02 -9.2021E-02
  1.9440E+03  6.5533E-02 -9.2009E-02
  1.9452E+03  6.5459E-02 -9.1997E-02
  1.9464E+03  6.5385E-02 -9.1985E-02
  1.9476E+03  6.5312E-02 -9.1973E-02
  1.9488E+03  6.5239E-02 -9.1961E-02
  1.9500E+03  6.5167E-02 -9.1949E-02
  1.9512E+03  6.5096E-02 -9.1937E-02
  1.9524E+03  6.5025E-02 -9.1924E-02
  1.9536E+03  6.4955E-02 -9.1912E-02
  1.9548E+03  6.4886E-02 -9.1900E-02
  1.9560E+03  6.4817E-02 -9.1888E-02
  1.9572E+03  6.4750E-02 -9.1876E-02
  1.9584E+03  6.4683E-02 -9.1864E-02
  1.9596E+03  6.4617E-02 -9.1852E-02
  1.9608E+03  6.4551E-02 -9.1840E-02
  1.9620E+03  6.4486E-02 -9.1828E-02
  1.9632E+03  6.4421E-02 -9.1815E-02
  1.9644E+03  6.4358E-02 -9.1803E-02
  1.9656E+03  6.4295E-02 -9.1791E-02
  1.9668E+03  6.4233E-02 -9.1779E-02
  1.9680E+03  6.4172E-02 -9.1767E-02
  1.9692E+03  6.4112E-02 -9.1755E-02
  1.9704E+03  6.4052E-02 -9.1743E-02
  1.9716E+03  6.3993E-02 -9.1731E-02
  1.9728E+03  6.3934E-02 -9.1719E-02
  1.9740E+03  6.3876E-02 -9.1707E-02
  1.9752E+03  6.3818E-02 -9.1696E-02
  1.9764E+03  6.3761E-02 -9.1684E-02
  1.9776E+03  6.3705E-02 -9.1672E-02
  1.9788E+03  6.3650E-02 -9.1660E-02
  1.9800E+03  6.3595E-02 -9.1648E-02
  1.9812E+03  6.3541E-02 -9.1636E-02
  1.9824E+03  6.3487E-02 -9.1625E-02
  1.9836E+03  6.3433E-02 -9.1613E-02
  1.9848E+03  6.3380E-02 -9.1601E-02
  1.9860E+03  6.3327E-02 -9.1589E-02
  1.9872E+03  6.3275E-02 -9.1578E-02
  1.9884E+03  6.3223E-02 -9.1566E-02
  1.9896E+03  6.3172E-02 -9.1554E-02
  1.9908E+03  6.3123E-02 -9.1543E-02
  1.9920E+03  6.3073E-02 -9.1531E-02
  1.9932E+03  6.3024E-02 -9.1520E-02
  1.9944E+03  6.2976E-02 -9.1508E-02
  1.9956E+03  6.2928E-02 -9.1497E-02
  1.9968E+03  6.2880E-02 -9.1485E-02
  1.9980E+03  6.2832E-02 -9.1474E-02
  1.9992E+03  6.2785E-02 -9.1462E-02
  2.0004E+03  6.2739E-02 -9.1451E-02
  2.0016E+03  6.2693E-02 -9.1440E-02
  2.0028E+03  6.2648E-02 -9.1428E-02
  2.0040E+03  6.2603E-02 -9.1417E-02
  2.0052E+03  6.2559E-02 -9.1406E-02
  2.0064E+03  6.2514E-02 -9.1395E-02
  2.0076E+03  6.2470E-02 -9.1384E-02
  2.0088E+03  6.2426E-02 -9.1373E-02
  2.0100E+03  6.2382E-02 -9.1361E-02
  2.0112E+03  6.2339E-02 -9.1350E-02
  2.0124E+03  6.2297E-02 -9.1339E-02
  2.0136E+03  6.2254E-02 -9.1328E-02
  2.0148E+03  6.2213E-02 -9.1317E-02
  2.0160E+03  6.2171E-02 -9.1306E-02
  2.0172E+03  6.2130E-02 -9.1296E-02
  2.0184E+03  6.2088E-02 -9.1285E-02
  2.0196E+03  6.2047E-02 -9.1274E-02
  2.0208E+03  6.2006E-02 -9.1263E-02
  2.0220E+03  6.1965E-02 -9.1252E-02
  2.0232E+03  6.1925E-02 -9.1242E-02
  2.0244E+03  6.1885E-02 -9.1231E-02
  2.0256E+03  6.1845E-02 -9.1220E-02
  2.0268E+03  6.1806E-02 -9.1210E-02
  2.0280E+03  6.1766E-02 -9.1199E-02
  2.0292E+03  6.1727E-02 -9.1189E-02
  2.0304E+03  6.1687E-02 -9.1178E-02
  2.0316E+03  6.1648E-02 -9.1168E-02
  2.0328E+03  6.1609E-02 -9.1157E-02
  2.0340E+03  6.1570E-02 -9.1147E-02
  2.0352E+03  6.1531E-02 -9.1136E-02
  2.0364E+03  6.1492E-02 -9.1126E-02
  2.0376E+03  6.1454E-02 -9.1116E-02
  2.0388E+03  6.1415E-02 -9.1105E-02
  2.0400E+03  6.1376E-02 -9.1095E-02
  2.0412E+03  6.1337E-02 -9.1085E-02
  2.0424E+03  6.1298E-02 -9.1075E-02
  2.0436E+03  6.1260E-02 -9.1064E-02
  2.0448E+03  6.1221E-02 -9.1054E-02
  2.0460E+03  6.1182E-02 -9.1044E-02
  2.0472E+03  6.1144E-02 -9.1034E-02
  2.0484E+03  6.1105E-02 -9.1024E-02
  2.0496E+03  6.1066E-02 -9.1014E-02
  2.0508E+03  6.1027E-02 -9.1004E-02
  2.0520E+03  6.0988E-02 -9.0994E-02
  2.0532E+03  6.0949E-02 -9.0984E-02
  2.0544E+03  6.0910E-02 -9.0974E-02
  2.0556E+03  6.0871E-02 -9.0964E-02
  2.0568E+03  6.0832E-02 -9.0954E-02
  2.0580E+03  6.0793E-02 -9.0944E-02
  2.0592E+03  6.0754E-02 -9.0934E-02
  2.0604E+03  6.0714E-02 -9.0924E-02
  2.0616E+03  6.0675E-02 -9.0914E-02
  2.0628E+03  6.0634E-02 -9.0904E-02
  2.0640E+03  6.0594E-02 -9.0895E-02
  2.0652E+03  6.0554E-02 -9.0885E-02
  2.0664E+03  6.0514E-02 -9.0875E-02
  2.0676E+03  6.0473E-02 -9.0865E-02
  2.0688E+03  6.0432E-02 -9.0856E-02
  2.0700E+03  6.0392E-02 -9.0846E-02
  2.0712E+03  6.0350E-02 -9.0836E-02
  2.0724E+03  6.0309E-02 -9.0826E-02
  2.0736E+03  6.0267E-02 -9.0817E-02
  2.0748E+03  6.0225E-02 -9.0807E-02
  2.0760E+03  6.0182E-02 -9.0797E-02
  2.0772E+03  6.0140E-02 -9.0788E-02
  2.0784E+03  6.0098E-02 -9.0778E-02
  2.0796E+03  6.0055E-02 -9.0768E-02
  2.0808E+03  6.0012E-02 -9.0759E-02
  2.0820E+03  5.9969E-02 -9.0749E-02
  2.0832E+03  5.9926E-02 -9.0739E-02
  2.0844E+03  5.9882E-02 -9.0730E-02
  2.0856E+03  5.9837E-02 -9.0720E-02
  2.0868E+03  5.9793E-02 -9.0710E-02
  2.0880E+03  5.9748E-02 -9.0701E-02
  2.0892E+03  5.9703E-02 -9.0691E-02
  2.0904E+03  5.9658E-02 -9.0681E-02
  2.0916E+03  5.9613E-02 -9.0672E-02
  2.0928E+03  5.9568E-02 -9.0662E-02
  2.0940E+03  5.9522E-02 -9.0652E-02
  2.0952E+03  5.9475E-02 -9.0643E-02
  2.0964E+03  5.9428E-02 -9.0633E-02
  2.0976E+03  5.9381E-02 -9.0623E-02
  2.0988E+03  5.9334E-02 -9.0614E-02
  2.1000E+03  5.9286E-02 -9.0604E-02
  2.1012E+03  5.9239E-02 -9.0594E-02
  2.1024E+03  5.9191E-02 -9.0585E-02
  2.1036E+03  5.9143E-02 -9.0575E-02
  2.1048E+03  5.9094E-02 -9.0565E-02
  2.1060E+03  5.9045E-02 -9.0555E-02
  2.1072E+03  5.8995E-02 -9.0546E-02
  2.1084E+03  5.8945E-02 -9.0536E-02
  2.1096E+03  5.8895E-02 -9.0526E-02
  2.1108E+03  5.8845E-02 -9.0516E-02
  2.1120E+03  5.8794E-02 -9.0507E-02
  2.1132E+03  5.8744E-02 -9.0497E-02
  2.1144E+03  5.8693E-02 -9.0487E-02
  2.1156E+03  5.8641E-02 -9.0477E-02
  2.1168E+03  5.8589E-02 -9.0467E-02
  2.1180E+03  5.8536E-02 -9.0457E-02
  2.1192E+03  5.8484E-02 -9.0447E-02
  2.1204E+03  5.8431E-02 -9.0438E-02
  2.1216E+03  5.8377E-02 -9.0428E-02
  2.1228E+03  5.8324E-02 -9.0418E-02
  2.1240E+03  5.8271E-02 -9.0408E-02
  2.1252E+03  5.8217E-02 -9.0398E-02
  2.1264E+03  5.8163E-02 -9.0388E-02
  2.1276E+03  5.8108E-02 -9.0377E-02
  2.1288E+03  5.8053E-02 -9.0367E-02
  2.1300E+03  5.7998E-02 -9.0357E-02
  2.1312E+03  5.7942E-02 -9.0347E-02
  2.1324E+03  5.7887E-02 -9.0337E-02
  2.1336E+03  5.7831E-02 -9.0327E-02
  2.1348E+03  5.7775E-02 -9.0317E-02
  2.1360E+03  5.7718E-02 -9.0306E-02
  2.1372E+03  5.7662E-02 -9.0296E-02
  2.1384E+03  5.7605E-02 -9.0286E-02
  2.1396E+03  5.7547E-02 -9.0275E-02
  2.1408E+03  5.7489E-02 -9.0265E-02
  2.1420E+03  5.7431E-02 -9.0255E-02
  2.1432E+03  5.7372E-02 -9.0244E-02
  2.1444E+03  5.7313E-02 -9.0234E-02
  2.1456E+03  5.7255E-02 -9.0223E-02
  2.1468E+03  5.7196E-02 -9.0213E-02
  2.1480E+03  5.7136E-02 -9.0202E-02
  2.1492E+03  5.7077E-02 -9.0192E-02
  2.1504E+03  5.7017E-02 -9.0181E-02
  2.1516E+03  5.6956E-02 -9.0170E-02
  2.1528E+03  5.6895E-02 -9.0160E-02
  2.1540E+03  5.6834E-02 -9.0149E-02
  2.1552E+03  5.6773E-02 -9.0138E-02
  2.1564E+03  5.6712E-02 -9.0127E-02
  2.1576E+03  5.6651E-02 -9.0116E-02
  2.1588E+03  5.6589E-02 -9.0105E-02
  2.1600E+03  5.6528E-02 -9.0095E-02
  2.1612E+03  5.6466E-02 -9.0084E-02
  2.1624E+03  5.6403E-02 -9.0073E-02
  2.1636E+03  5.6340E-02 -9.0062E-02
  2.1648E+03  5.6277E-02 -9.0050E-02
  2.1660E+03  5.6214E-02 -9.0039E-02
  2.1672E+03  5.6151E-02 -9.0028E-02
  2.1684E+03  5.6087E-02 -9.0017E-02
  2.1696E+03  5.6023E-02 -9.0006E-02
  2.1708E+03  5.5959E-02 -8.9994E-02
  2.1720E+03  5.5895E-02 -8.9983E-02
  2.1732E+03  5.5830E-02 -8.9972E-02
  2.1744E+03  5.5765E-02 -8.9960E-02
  2.1756E+03  5.5700E-02 -8.9949E-02
  2.1768E+03  5.5634E-02 -8.9937E-02
  2.1780E+03  5.5568E-02 -8.9926E-02
  2.1792E+03  5.5502E-02 -8.9914E-02
  2.1804E+03  5.5436E-02 -8.9903E-02
  2.1816E+03  5.5370E-02 -8.9891E-02
  2.1828E+03  5.5303E-02 -8.9879E-02
  2.1840E+03  5.5236E-02 -8.9867E-02
  2.1852E+03  5.5169E-02 -8.9856E-02
  2.1864E+03  5.5101E-02 -8.9844E-02
  2.1876E+03  5.5033E-02 -8.9832E-02
  2.1888E+03  5.4965E-02 -8.9820E-02
  2.1900E+03  5.4897E-02 -8.9808E-02
  2.1912E+03  5.4829E-02 -8.9796E-02
  2.1924E+03  5.4760E-02 -8.9784E-02
  2.1936E+03  5.4691E-02 -8.9772E-02
  2.1948E+03  5.4622E-02 -8.9759E-02
  2.1960E+03  5.4552E-02 -8.9747E-02
  2.1972E+03  5.4482E-02 -8.9735E-02
  2.1984E+03  5.4412E-02 -8.9723E-02
  2.1996E+03  5.4342E-02 -8.9710E-02
  2.2008E+03  5.4271E-02 -8.9698E-02
  2.2020E+03  5.4201E-02 -8.9685E-02
  2.2032E+03  5.4130E-02 -8.9673E-02
  2.2044E+03  5.4059E-02 -8.9660E-02
  2.2056E+03  5.3987E-02 -8.9647E-02
  2.2068E+03  5.3915E-02 -8.9635E-02
  2.2080E+03  5.3843E-02 -8.9622E-02
  2.2092E+03  5.3770E-02 -8.9609E-02
  2.2104E+03  5.3698E-02 -8.9596E-02
  2.2116E+03  5.3625E-02 -8.9583E-02
  2.2128E+03  5.3552E-02 -8.9570E-02
  2.2140E+03  5.3479E-02 -8.9557E-02
  2.2152E+03  5.3405E-02 -8.9544E-02
  2.2164E+03  5.3331E-02 -8.9531E-02
  2.2176E+03  5.3256E-02 -8.9518E-02
  2.2188E+03  5.3181E-02 -8.9505E-02
  2.2200E+03  5.3106E-02 -8.9491E-02
  2.2212E+03  5.3030E-02 -8.9478E-02
  2.2224E+03  5.2955E-02 -8.9465E-02
  2.2236E+03  5.2879E-02 -8.9451E-02
  2.2248E+03  5.2803E-02 -8.9437E-02
  2.2260E+03  5.2727E-02 -8.9424E-02
  2.2272E+03  5.2650E-02 -8.9410E-02
  2.2284E+03  5.2573E-02 -8.9397E-02
  2.2296E+03  5.2495E-02 -8.9383E-02
  2.2308E+03  5.2418E-02 -8.9369E-02
  2.2320E+03  5.2340E-02 -8.9355E-02
  2.2332E+03  5.2262E-02 -8.9341E-02
  2.2344E+03  5.2184E-02 -8.9327E-02
  2.2356E+03  5.2105E-02 -8.9313E-02
  2.2368E+03  5.2027E-02 -8.9299E-02
  2.2380E+03  5.1948E-02 -8.9285E-02
  2.2392E+03  5.1868E-02 -8.9270E-02
  2.2404E+03  5.1788E-02 -8.9256E-02
  2.2416E+03  5.1708E-02 -8.9242E-02
  2.2428E+03  5.1628E-02 -8.9227E-02
  2.2440E+03  5.1548E-02 -8.9213E-02
  2.2452E+03  5.1468E-02 -8.9198E-02
  2.2464E+03  5.1387E-02 -8.9183E-02
  2.2476E+03  5.1307E-02 -8.9169E-02
  2.2488E+03  5.1226E-02 -8.9154E-02
  2.2500E+03  5.1144E-02 -8.9139E-02
  2.2512E+03  5.1062E-02 -8.9124E-02
  2.2524E+03  5.0980E-02 -8.9109E-02
  2.2536E+03  5.0898E-02 -8.9094E-02
  2.2548E+03  5.0815E-02 -8.9079E-02
  2.2560E+03  5.0733E-02 -8.9064E-02
  2.2572E+03  5.0650E-02 -8.9049E-02
  2.2584E+03  5.0568E-02 -8.9033E-02
  2.2596E+03  5.0485E-02 -8.9018E-02
  2.2608E+03  5.0401E-02 -8.9002E-02
  2.2620E+03  5.0317E-02 -8.8987E-02
  2.2632E+03  5.0233E-02 -8.8971E-02
  2.2644E+03  5.0149E-02 -8.8956E-02
  2.2656E+03  5.0065E-02 -8.8940E-02
  2.2668E+03  4.9981E-02 -8.8924E-02
  2.2680E+03  4.9897E-02 -8.8909E-02
  2.2692E+03  4.9813E-02 -8.8893E-02
  2.2704E+03  4.9729E-02 -8.8877E-02
  2.2716E+03  4.9644E-02 -8.8861E-02
  2.2728E+03  4.9559E-02 -8.8845E-02
  2.2740E+03  4.9475E-02 -8.8828E-02
  2.2752E+03  4.9390E-02 -8.8812E-02
  2.2764E+03  4.9305E-02 -8.8796E-02
  2.2776E+03  4.9220E-02 -8.8780E-02
  2.2788E+03  4.9136E-02 -8.8763E-02
  2.2800E+03  4.9051E-02 -8.8747E-02
  2.2812E+03  4.8967E-02 -8.8730E-02
  2.2824E+03  4.8882E-02 -8.8714E-02
  2.2836E+03  4.8797E-02 -8.8697E-02
  2.2848E+03  4.8712E-02 -8.8680E-02
  2.2860E+03  4.8627E-02 -8.8664E-02
  2.2872E+03  4.8542E-02 -8.8647E-02
  2.2884E+03  4.8458E-02 -8.8630E-02
  2.2896E+03  4.8373E-02 -8.8613E-02
  2.2908E+03  4.8288E-02 -8.8596E-02
  2.2920E+03  4.8204E-02 -8.8579E-02
  2.2932E+03  4.8119E-02 -8.8562E-02
  2.2944E+03  4.8035E-02 -8.8544E-02
  2.2956E+03  4.7950E-02 -8.8527E-02
  2.2968E+03  4.7866E-02 -8.8510E-02
  2.2980E+03  4.7781E-02 -8.8493E-02
  2.2992E+03  4.7697E-02 -8.8475E-02
  2.3004E+03  4.7613E-02 -8.8458E-02
  2.3016E+03  4.7529E-02 -8.8440E-02
  2.3028E+03  4.7446E-02 -8.8422E-02
  2.3040E+03  4.7362E-02 -8.8405E-02
  2.3052E+03  4.7279E-02 -8.8387E-02
  2.3064E+03  4.7196E-02 -8.8369E-02
  2.3076E+03  4.7112E-02 -8.8352E-02
  2.3088E+03  4.7030E-02 -8.8334E-02
  2.3100E+03  4.6947E-02 -8.8316E-02
  2.3112E+03  4.6865E-02 -8.8298E-02
  2.3124E+03  4.6783E-02 -8.8280E-02
  2.3136E+03  4.6702E-02 -8.8262E-02
  2.3148E+03  4.6620E-02 -8.8244E-02
  2.3160E+03  4.6539E-02 -8.8225E-02
  2.3172E+03  4.6458E-02 -8.8207E-02
  2.3184E+03  4.6378E-02 -8.8189E-02
  2.3196E+03  4.6297E-02 -8.8171E-02
  2.3208E+03  4.6217E-02 -8.8152E-02
  2.3220E+03  4.6137E-02 -8.8134E-02
  2.3232E+03  4.6058E-02 -8.8115E-02
  2.3244E+03  4.5979E-02 -8.8097E-02
  2.3256E+03  4.5900E-02 -8.8079E-02
  2.3268E+03  4.5822E-02 -8.8060E-02
  2.3280E+03  4.5743E-02 -8.8041E-02
  2.3292E+03  4.5665E-02 -8.8023E-02
  2.3304E+03  4.5587E-02 -8.8004E-02
  2.3316E+03  4.5510E-02 -8.7985E-02
  2.3328E+03  4.5433E-02 -8.7967E-02
  2.3340E+03  4.5357E-02 -8.7948E-02
  2.3352E+03  4.5281E-02 -8.7929E-02
  2.3364E+03  4.5205E-02 -8.7910E-02
  2.3376E+03  4.5129E-02 -8.7891E-02
  2.3388E+03  4.5054E-02 -8.7872E-02
  2.3400E+03  4.4979E-02 -8.7853E-02
  2.3412E+03  4.4904E-02 -8.7834E-02
  2.3424E+03  4.4830E-02 -8.7815E-02
  2.3436E+03  4.4757E-02 -8.7796E-02
  2.3448E+03  4.4683E-02 -8.7777E-02
  2.3460E+03  4.4611E-02 -8.7758E-02
  2.3472E+03  4.4538E-02 -8.7739E-02
  2.3484E+03  4.4466E-02 -8.7720E-02
  2.3496E+03  4.4394E-02 -8.7701E-02
  2.3508E+03  4.4323E-02 -8.7682E-02
  2.3520E+03  4.4252E-02 -8.7662E-02
  2.3532E+03  4.4181E-02 -8.7643E-02
  2.3544E+03  4.4111E-02 -8.7624E-02
  2.3556E+03  4.4042E-02 -8.7605E-02
  2.3568E+03  4.3973E-02 -8.7585E-02
  2.3580E+03  4.3904E-02 -8.7566E-02
  2.3592E+03  4.3836E-02 -8.7547E-02
  2.3604E+03  4.3767E-02 -8.7527E-02
  2.3616E+03  4.3700E-02 -8.7508E-02
  2.3628E+03  4.3632E-02 -8.7489E-02
  2.3640E+03  4.3565E-02 -8.7469E-02
  2.3652E+03  4.3498E-02 -8.7450E-02
  2.3664E+03  4.3432E-02 -8.7430E-02
  2.3676E+03  4.3366E-02 -8.7411E-02
  2.3688E+03  4.3301E-02 -8.7391E-02
  2.3700E+03  4.3236E-02 -8.7372E-02
  2.3712E+03  4.3171E-02 -8.7352E-02
  2.3724E+03  4.3107E-02 -8.7333E-02
  2.3736E+03  4.3042E-02 -8.7313E-02
  2.3748E+03  4.2978E-02 -8.7294E-02
  2.3760E+03  4.2915E-02 -8.7274E-02
  2.3772E+03  4.2852E-02 -8.7255E-02
  2.3784E+03  4.2789E-02 -8.7235E-02
  2.3796E+03  4.2727E-02 -8.7216E-02
  2.3808E+03  4.2665E-02 -8.7196E-02
  2.3820E+03  4.2604E-02 -8.7177E-02
  2.3832E+03  4.2542E-02 -8.7157E-02
  2.3844E+03  4.2481E-02 -8.7137E-02
  2.3856E+03  4.2420E-02 -8.7118E-02
  2.3868E+03  4.2360E-02 -8.7098E-02
  2.3880E+03  4.2300E-02 -8.7079E-02
  2.3892E+03  4.2240E-02 -8.7059E-02
  2.3904E+03  4.2181E-02 -8.7039E-02
  2.3916E+03  4.2122E-02 -8.7020E-02
  2.3928E+03  4.2064E-02 -8.7000E-02
  2.3940E+03  4.2005E-02 -8.6981E-02
  2.3952E+03  4.1947E-02 -8.6961E-02
  2.3964E+03  4.1889E-02 -8.6941E-02
  2.3976E+03  4.1831E-02 -8.6922E-02
  2.3988E+03  4.1774E-02 -8.6902E-02
  2.4000E+03  4.1717E-02 -8.6883E-02
  2.4012E+03  4.1661E-02 -8.6863E-02
  2.4024E+03  4.1604E-02 -8.6843E-02
  2.4036E+03  4.1548E-02 -8.6824E-02
  2.4048E+03  4.1492E-02 -8.6804E-02
  2.4060E+03  4.1436E-02 -8.6785E-02
  2.4072E+03  4.1380E-02 -8.6765E-02
  2.4084E+03  4.1325E-02 -8.6745E-02
  2.4096E+03  4.1270E-02 -8.6726E-02
  2.4108E+03  4.1215E-02 -8.6706E-02
  2.4120E+03  4.1160E-02 -8.6687E-02
  2.4132E+03  4.1106E-02 -8.6667E-02
  2.4144E+03  4.1052E-02 -8.6647E-02
  2.4156E+03  4.0998E-02 -8.6628E-02
  2.4168E+03  4.0944E-02 -8.6608E-02
  2.4180E+03  4.0891E-02 -8.6589E-02
  2.4192E+03  4.0837E-02 -8.6569E-02
  2.4204E+03  4.0784E-02 -8.6549E-02
  2.4216E+03  4.0731E-02 -8.6530E-02
  2.4228E+03  4.0678E-02 -8.6510E-02
  2.4240E+03  4.0626E-02 -8.6491E-02
  2.4252E+03  4.0573E-02 -8.6471E-02
  2.4264E+03  4.0521E-02 -8.6452E-02
  2.4276E+03  4.0469E-02 -8.6432E-02
  2.4288E+03  4.0417E-02 -8.6412E-02
  2.4300E+03  4.0365E-02 -8.6393E-02
  2.4312E+03  4.0314E-02 -8.6373E-02
  2.4324E+03  4.0262E-02 -8.6354E-02
  2.4336E+03  4.0211E-02 -8.6334E-02
  2.4348E+03  4.0160E-02 -8.6315E-02
  2.4360E+03  4.0109E-02 -8.6295E-02
  2.4372E+03  4.0059E-02 -8.6276E-02
  2.4384E+03  4.0008E-02 -8.6256E-02
  2.4396E+03  3.9958E-02 -8.6236E-02
  2.4408E+03  3.9907E-02 -8.6217E-02
  2.4420E+03  3.9857E-02 -8.6197E-02
  2.4432E+03  3.9807E-02 -8.6178E-02
  2.4444E+03  3.9757E-02 -8.6158E-02
  2.4456E+03  3.9707E-02 -8.6139E-02
  2.4468E+03  3.9658E-02 -8.6119E-02
  2.4480E+03  3.9608E-02 -8.6100E-02
  2.4492E+03  3.9559E-02 -8.6080E-02
  2.4504E+03  3.9509E-02 -8.6061E-02
  2.4516E+03  3.9460E-02 -8.6041E-02
  2.4528E+03  3.9410E-02 -8.6022E-02
  2.4540E+03  3.9361E-02 -8.6002E-02
  2.4552E+03  3.9313E-02 -8.5983E-02
  2.4564E+03  3.9264E-02 -8.5964E-02
  2.4576E+03  3.9215E-02 -8.5944E-02
  2.4588E+03  3.9167E-02 -8.5925E-02
  2.4600E+03  3.9118E-02 -8.5905E-02
  2.4612E+03  3.9070E-02 -8.5886E-02
  2.4624E+03  3.9021E-02 -8.5866E-02
  2.4636E+03  3.8973E-02 -8.5847E-02
  2.4648E+03  3.8925E-02 -8.5827E-02
  2.4660E+03  3.8877E-02 -8.5808E-02
  2.4672E+03  3.8830E-02 -8.5788E-02
  2.4684E+03  3.8782E-02 -8.5769E-02
  2.4696E+03  3.8735E-02 -8.5750E-02
  2.4708E+03  3.8687E-02 -8.5730E-02
  2.4720E+03  3.8640E-02 -8.5711E-02
  2.4732E+03  3.8592E-02 -8.5691E-02
  2.4744E+03  3.8545E-02 -8.5672E-02
  2.4756E+03  3.8498E-02 -8.5652E-02
  2.4768E+03  3.8451E-02 -8.5633E-02
  2.4780E+03  3.8404E-02 -8.5614E-02
  2.4792E+03  3.8357E-02 -8.5594E-02
  2.4804E+03  3.8310E-02 -8.5575E-02
  2.4816E+03  3.8263E-02 -8.5555E-02
  2.4828E+03  3.8217E-02 -8.5536E-02
  2.4840E+03  3.8170E-02 -8.5516E-02
  2.4852E+03  3.8123E-02 -8.5497E-02
  2.4864E+03  3.8077E-02 -8.5478E-02
  2.4876E+03  3.8031E-02 -8.5458E-02
  2.4888E+03  3.7985E-02 -8.5439E-02
  2.4900E+03  3.7939E-02 -8.5420E-02
  2.4912E+03  3.7893E-02 -8.5400E-02
  2.4924E+03  3.7847E-02 -8.5381E-02
  2.4936E+03  3.7801E-02 -8.5361E-02
  2.4948E+03  3.7755E-02 -8.5342E-02
  2.4960E+03  3.7709E-02 -8.5323E-02
  2.4972E+03  3.7663E-02 -8.5303E-02
  2.4984E+03  3.7618E-02 -8.5284E-02
  2.4996E+03  3.7572E-02 -8.5264E-02
  2.5008E+03  3.7527E-02 -8.5245E-02
  2.5020E+03  3.7482E-02 -8.5226E-02
  2.5032E+03  3.7437E-02 -8.5206E-02
  2.5044E+03  3.7392E-02 -8.5187E-02
  2.5056E+03  3.7346E-02 -8.5168E-02
  2.5068E+03  3.7301E-02 -8.5148E-02
  2.5080E+03  3.7256E-02 -8.5129E-02
  2.5092E+03  3.7211E-02 -8.5110E-02
  2.5104E+03  3.7167E-02 -8.5090E-02
  2.5116E+03  3.7122E-02 -8.5071E-02
  2.5128E+03  3.7078E-02 -8.5051E-02
  2.5140E+03  3.7034E-02 -8.5032E-02
  2.5152E+03  3.6989E-02 -8.5013E-02
  2.5164E+03  3.6945E-02 -8.4993E-02
  2.5176E+03  3.6900E-02 -8.4974E-02
  2.5188E+03  3.6856E-02 -8.4955E-02
  2.5200E+03  3.6812E-02 -8.4935E-02
  2.5212E+03  3.6768E-02 -8.4916E-02
  2.5224E+03  3.6724E-02 -8.4897E-02
  2.5236E+03  3.6680E-02 -8.4877E-02
  2.5248E+03  3.6637E-02 -8.4858E-02
  2.5260E+03  3.6593E-02 -8.4839E-02
  2.5272E+03  3.6549E-02 -8.4819E-02
  2.5284E+03  3.6506E-02 -8.4800E-02
  2.5296E+03  3.6462E-02 -8.4781E-02
  2.5308E+03  3.6419E-02 -8.4761E-02
  2.5320E+03  3.6375E-02 -8.4742E-02
  2.5332E+03  3.6332E-02 -8.4723E-02
  2.5344E+03  3.6289E-02 -8.4704E-02
  2.5356E+03  3.6246E-02 -8.4684E-02
  2.5368E+03  3.6204E-02 -8.4665E-02
  2.5380E+03  3.6161E-02 -8.4646E-02
  2.5392E+03  3.6118E-02 -8.4626E-02
  2.5404E+03  3.6075E-02 -8.4607E-02
  2.5416E+03  3.6032E-02 -8.4588E-02
  2.5428E+03  3.5989E-02 -8.4568E-02
  2.5440E+03  3.5947E-02 -8.4549E-02
  2.5452E+03  3.5905E-02 -8.4530E-02
  2.5464E+03  3.5863E-02 -8.4511E-02
  2.5476E+03  3.5821E-02 -8.4491E-02
  2.5488E+03  3.5778E-02 -8.4472E-02
  2.5500E+03  3.5736E-02 -8.4453E-02
  2.5512E+03  3.5694E-02 -8.4433E-02
  2.5524E+03  3.5652E-02 -8.4414E-02
  2.5536E+03  3.5610E-02 -8.4395E-02
  2.5548E+03  3.5569E-02 -8.4376E-02
  2.5560E+03  3.5527E-02 -8.4356E-02
  2.5572E+03  3.5486E-02 -8.4337E-02
  2.5584E+03  3.5444E-02 -8.4318E-02
  2.5596E+03  3.5403E-02 -8.4298E-02
  2.5608E+03  3.5362E-02 -8.4279E-02
  2.5620E+03  3.5320E-02 -8.4260E-02
  2.5632E+03  3.5279E-02 -8.4241E-02
  2.5644E+03  3.5238E-02 -8.4221E-02
  2.5656E+03  3.5197E-02 -8.4202E-02
  2.5668E+03  3.5156E-02 -8.4183E-02
  2.5680E+03  3.5116E-02 -8.4164E-02
  2.5692E+03  3.5075E-02 -8.4144E-02
  2.5704E+03  3.5034E-02 -8.4125E-02
  2.5716E+03  3.4994E-02 -8.4106E-02
  2.5728E+03  3.4953E-02 -8.4087E-02
  2.5740E+03  3.4912E-02 -8.4067E-02
  2.5752E+03  3.4872E-02 -8.4048E-02
  2.5764E+03  3.4832E-02 -8.4029E-02
  2.5776E+03  3.4792E-02 -8.4010E-02
  2.5788E+03  3.4751E-02 -8.3990E-02
  2.5800E+03  3.4712E-02 -8.3971E-02
  2.5812E+03  3.4672E-02 -8.3952E-02
  2.5824E+03  3.4632E-02 -8.3933E-02
  2.5836E+03  3.4592E-02 -8.3914E-02
  2.5848E+03  3.4552E-02 -8.3894E-02
  2.5860E+03  3.4512E-02 -8.3875E-02
  2.5872E+03  3.4473E-02 -8.3856E-02
  2.5884E+03  3.4433E-02 -8.3837E-02
  2.5896E+03  3.4394E-02 -8.3817E-02
  2.5908E+03  3.4354E-02 -8.3798E-02
  2.5920E+03  3.4315E-02 -8.3779E-02
  2.5932E+03  3.4276E-02 -8.3760E-02
  2.5944E+03  3.4237E-02 -8.3741E-02
  2.5956E+03  3.4197E-02 -8.3722E-02
  2.5968E+03  3.4158E-02 -8.3702E-02
  2.5980E+03  3.4119E-02 -8.3683E-02
  2.5992E+03  3.4080E-02 -8.3664E-02
  2.6004E+03  3.4041E-02 -8.3645E-02
  2.6016E+03  3.4002E-02 -8.3626E-02
  2.6028E+03  3.3963E-02 -8.3606E-02
  2.6040E+03  3.3925E-02 -8.3587E-02
  2.6052E+03  3.3886E-02 -8.3568E-02
  2.6064E+03  3.3847E-02 -8.3549E-02
  2.6076E+03  3.3808E-02 -8.3530E-02
  2.6088E+03  3.3769E-02 -8.3511E-02
  2.6100E+03  3.3730E-02 -8.3491E-02
  2.6112E+03  3.3692E-02 -8.3472E-02
  2.6124E+03  3.3653E-02 -8.3453E-02
  2.6136E+03  3.3615E-02 -8.3434E-02
  2.6148E+03  3.3576E-02 -8.3415E-02
  2.6160E+03  3.3538E-02 -8.3396E-02
  2.6172E+03  3.3499E-02 -8.3376E-02
  2.6184E+03  3.3460E-02 -8.3357E-02
  2.6196E+03  3.3422E-02 -8.3338E-02
  2.6208E+03  3.3383E-02 -8.3319E-02
  2.6220E+03  3.3345E-02 -8.3300E-02
  2.6232E+03  3.3306E-02 -8.3281E-02
  2.6244E+03  3.3268E-02 -8.3261E-02
  2.6256E+03  3.3229E-02 -8.3242E-02
  2.6268E+03  3.3191E-02 -8.3223E-02
  2.6280E+03  3.3152E-02 -8.3204E-02
  2.6292E+03  3.3113E-02 -8.3185E-02
  2.6304E+03  3.3075E-02 -8.3166E-02
  2.6316E+03  3.3036E-02 -8.3147E-02
  2.6328E+03  3.2997E-02 -8.3127E-02
  2.6340E+03  3.2959E-02 -8.3108E-02
  2.6352E+03  3.2920E-02 -8.3089E-02
  2.6364E+03  3.2881E-02 -8.3070E-02
  2.6376E+03  3.2842E-02 -8.3051E-02
  2.6388E+03  3.2803E-02 -8.3032E-02
  2.6400E+03  3.2764E-02 -8.3012E-02
  2.6412E+03  3.2725E-02 -8.2993E-02
  2.6424E+03  3.2686E-02 -8.2974E-02
  2.6436E+03  3.2647E-02 -8.2955E-02
  2.6448E+03  3.2608E-02 -8.2936E-02
  2.6460E+03  3.2568E-02 -8.2917E-02
  2.6472E+03  3.2529E-02 -8.2897E-02
  2.6484E+03  3.2490E-02 -8.2878E-02
  2.6496E+03  3.2450E-02 -8.2859E-02
  2.6508E+03  3.2410E-02 -8.2840E-02
  2.6520E+03  3.2370E-02 -8.2821E-02
  2.6532E+03  3.2330E-02 -8.2801E-02
  2.6544E+03  3.2290E-02 -8.2782E-02
  2.6556E+03  3.2250E-02 -8.2763E-02
  2.6568E+03  3.2210E-02 -8.2744E-02
  2.6580E+03  3.2170E-02 -8.2725E-02
  2.6592E+03  3.2130E-02 -8.2705E-02
  2.6604E+03  3.2089E-02 -8.2686E-02
  2.6616E+03  3.2048E-02 -8.2667E-02
  2.6628E+03  3.2007E-02 -8.2648E-02
  2.6640E+03  3.1966E-02 -8.2628E-02
  2.6652E+03  3.1925E-02 -8.2609E-02
  2.6664E+03  3.1884E-02 -8.2590E-02
  2.6676E+03  3.1843E-02 -8.2570E-02
  2.6688E+03  3.1802E-02 -8.2551E-02
  2.6700E+03  3.1760E-02 -8.2532E-02
  2.6712E+03  3.1719E-02 -8.2513E-02
  2.6724E+03  3.1677E-02 -8.2493E-02
  2.6736E+03  3.1635E-02 -8.2474E-02
  2.6748E+03  3.1592E-02 -8.2454E-02
  2.6760E+03  3.1550E-02 -8.2435E-02
  2.6772E+03  3.1507E-02 -8.2416E-02
  2.6784E+03  3.1465E-02 -8.2396E-02
  2.6796E+03  3.1422E-02 -8.2377E-02
  2.6808E+03  3.1379E-02 -8.2358E-02
  2.6820E+03  3.1336E-02 -8.2338E-02
  2.6832E+03  3.1293E-02 -8.2319E-02
  2.6844E+03  3.1249E-02 -8.2299E-02
  2.6856E+03  3.1205E-02 -8.2280E-02
  2.6868E+03  3.1161E-02 -8.2260E-02
  2.6880E+03  3.1117E-02 -8.2241E-02
  2.6892E+03  3.1073E-02 -8.2221E-02
  2.6904E+03  3.1029E-02 -8.2202E-02
  2.6916E+03  3.0984E-02 -8.2182E-02
  2.6928E+03  3.0939E-02 -8.2163E-02
  2.6940E+03  3.0894E-02 -8.2143E-02
  2.6952E+03  3.0849E-02 -8.2123E-02
  2.6964E+03  3.0804E-02 -8.2104E-02
  2.6976E+03  3.0758E-02 -8.2084E-02
  2.6988E+03  3.0713E-02 -8.2064E-02
  2.7000E+03  3.0667E-02 -8.2045E-02
  2.7012E+03  3.0621E-02 -8.2025E-02
  2.7024E+03  3.0575E-02 -8.2005E-02
  2.7036E+03  3.0529E-02 -8.1986E-02
  2.7048E+03  3.0482E-02 -8.1966E-02
  2.7060E+03  3.0436E-02 -8.1946E-02
  2.7072E+03  3.0389E-02 -8.1926E-02
  2.7084E+03  3.0342E-02 -8.1906E-02
  2.7096E+03  3.0295E-02 -8.1887E-02
  2.7108E+03  3.0247E-02 -8.1867E-02
  2.7120E+03  3.0200E-02 -8.1847E-02
  2.7132E+03  3.0152E-02 -8.1827E-02
  2.7144E+03  3.0104E-02 -8.1807E-02
  2.7156E+03  3.0056E-02 -8.1787E-02
  2.7168E+03  3.0008E-02 -8.1767E-02
  2.7180E+03  2.9959E-02 -8.1747E-02
  2.7192E+03  2.9911E-02 -8.1727E-02
  2.7204E+03  2.9862E-02 -8.1707E-02
  2.7216E+03  2.9813E-02 -8.1687E-02
  2.7228E+03  2.9764E-02 -8.1667E-02
  2.7240E+03  2.9715E-02 -8.1647E-02
  2.7252E+03  2.9666E-02 -8.1626E-02
  2.7264E+03  2.9617E-02 -8.1606E-02
  2.7276E+03  2.9567E-02 -8.1586E-02
  2.7288E+03  2.9517E-02 -8.1566E-02
  2.7300E+03  2.9467E-02 -8.1546E-02
  2.7312E+03  2.9417E-02 -8.1525E-02
  2.7324E+03  2.9367E-02 -8.1505E-02
  2.7336E+03  2.9317E-02 -8.1485E-02
  2.7348E+03  2.9267E-02 -8.1464E-02
  2.7360E+03  2.9216E-02 -8.1444E-02
  2.7372E+03  2.9166E-02 -8.1423E-02
  2.7384E+03  2.9115E-02 -8.1403E-02
  2.7396E+03  2.9064E-02 -8.1383E-02
  2.7408E+03  2.9013E-02 -8.1362E-02
  2.7420E+03  2.8962E-02 -8.1341E-02
  2.7432E+03  2.8911E-02 -8.1321E-02
  2.7444E+03  2.8860E-02 -8.1300E-02
  2.7456E+03  2.8809E-02 -8.1280E-02
  2.7468E+03  2.8758E-02 -8.1259E-02
  2.7480E+03  2.8706E-02 -8.1238E-02
  2.7492E+03  2.8655E-02 -8.1218E-02
  2.7504E+03  2.8603E-02 -8.1197E-02
  2.7516E+03  2.8551E-02 -8.1176E-02
  2.7528E+03  2.8500E-02 -8.1156E-02
  2.7540E+03  2.8448E-02 -8.1135E-02
  2.7552E+03  2.8396E-02 -8.1114E-02
  2.7564E+03  2.8344E-02 -8.1093E-02
  2.7576E+03  2.8292E-02 -8.1072E-02
  2.7588E+03  2.8240E-02 -8.1051E-02
  2.7600E+03  2.8188E-02 -8.1030E-02
  2.7612E+03  2.8136E-02 -8.1009E-02
  2.7624E+03  2.8084E-02 -8.0988E-02
  2.7636E+03  2.8032E-02 -8.0967E-02
  2.7648E+03  2.7980E-02 -8.0946E-02
  2.7660E+03  2.7928E-02 -8.0925E-02
  2.7672E+03  2.7876E-02 -8.0904E-02
  2.7684E+03  2.7824E-02 -8.0883E-02
  2.7696E+03  2.7771E-02 -8.0862E-02
  2.7708E+03  2.7719E-02 -8.0841E-02
  2.7720E+03  2.7667E-02 -8.0819E-02
  2.7732E+03  2.7615E-02 -8.0798E-02
  2.7744E+03  2.7563E-02 -8.0777E-02
  2.7756E+03  2.7511E-02 -8.0756E-02
  2.7768E+03  2.7459E-02 -8.0734E-02
  2.7780E+03  2.7407E-02 -8.0713E-02
  2.7792E+03  2.7355E-02 -8.0692E-02
  2.7804E+03  2.7303E-02 -8.0670E-02
  2.7816E+03  2.7251E-02 -8.0649E-02
  2.7828E+03  2.7199E-02 -8.0627E-02
  2.7840E+03  2.7147E-02 -8.0606E-02
  2.7852E+03  2.7095E-02 -8.0584E-02
  2.7864E+03  2.7044E-02 -8.0563E-02
  2.7876E+03  2.6992E-02 -8.0541E-02
  2.7888E+03  2.6941E-02 -8.0520E-02
  2.7900E+03  2.6889E-02 -8.0498E-02
  2.7912E+03  2.6838E-02 -8.0477E-02
  2.7924E+03  2.6786E-02 -8.0455E-02
  2.7936E+03  2.6735E-02 -8.0433E-02
  2.7948E+03  2.6684E-02 -8.0412E-02
  2.7960E+03  2.6632E-02 -8.0390E-02
  2.7972E+03  2.6581E-02 -8.0368E-02
  2.7984E+03  2.6530E-02 -8.0346E-02
  2.7996E+03  2.6479E-02 -8.0325E-02
  2.8008E+03  2.6429E-02 -8.0303E-02
  2.8020E+03  2.6378E-02 -8.0281E-02
  2.8032E+03  2.6327E-02 -8.0259E-02
  2.8044E+03  2.6277E-02 -8.0237E-02
  2.8056E+03  2.6226E-02 -8.0215E-02
  2.8068E+03  2.6176E-02 -8.0194E-02
  2.8080E+03  2.6126E-02 -8.0172E-02
  2.8092E+03  2.6076E-02 -8.0150E-02
  2.8104E+03  2.6026E-02 -8.0128E-02
  2.8116E+03  2.5976E-02 -8.0106E-02
  2.8128E+03  2.5927E-02 -8.0084E-02
  2.8140E+03  2.5877E-02 -8.0062E-02
  2.8152E+03  2.5828E-02 -8.0040E-02
  2.8164E+03  2.5778E-02 -8.0018E-02
  2.8176E+03  2.5729E-02 -7.9996E-02
  2.8188E+03  2.5680E-02 -7.9974E-02
  2.8200E+03  2.5631E-02 -7.9951E-02
  2.8212E+03  2.5582E-02 -7.9929E-02
  2.8224E+03  2.5533E-02 -7.9907E-02
  2.8236E+03  2.5485E-02 -7.9885E-02
  2.8248E+03  2.5436E-02 -7.9863E-02
  2.8260E+03  2.5388E-02 -7.9841E-02
  2.8272E+03  2.5340E-02 -7.9819E-02
  2.8284E+03  2.5292E-02 -7.9796E-02
  2.8296E+03  2.5244E-02 -7.9774E-02
  2.8308E+03  2.5196E-02 -7.9752E-02
  2.8320E+03  2.5148E-02 -7.9730E-02
  2.8332E+03  2.5101E-02 -7.9707E-02
  2.8344E+03  2.5054E-02 -7.9685E-02
  2.8356E+03  2.5006E-02 -7.9663E-02
  2.8368E+03  2.4959E-02 -7.9640E-02
  2.8380E+03  2.4912E-02 -7.9618E-02
  2.8392E+03  2.4865E-02 -7.9596E-02
  2.8404E+03  2.4818E-02 -7.9573E-02
  2.8416E+03  2.4772E-02 -7.9551E-02
  2.8428E+03  2.4725E-02 -7.9529E-02
  2.8440E+03  2.4679E-02 -7.9506E-02
  2.8452E+03  2.4633E-02 -7.9484E-02
  2.8464E+03  2.4587E-02 -7.9462E-02
  2.8476E+03  2.4541E-02 -7.9439E-02
  2.8488E+03  2.4495E-02 -7.9417E-02
  2.8500E+03  2.4449E-02 -7.9394E-02
  2.8512E+03  2.4404E-02 -7.9372E-02
  2.8524E+03  2.4358E-02 -7.9349E-02
  2.8536E+03  2.4313E-02 -7.9327E-02
  2.8548E+03  2.4268E-02 -7.9304E-02
  2.8560E+03  2.4223E-02 -7.9282E-02
  2.8572E+03  2.4178E-02 -7.9259E-02
  2.8584E+03  2.4133E-02 -7.9237E-02
  2.8596E+03  2.4088E-02 -7.9214E-02
  2.8608E+03  2.4044E-02 -7.9192E-02
  2.8620E+03  2.3999E-02 -7.9169E-02
  2.8632E+03  2.3954E-02 -7.9147E-02
  2.8644E+03  2.3910E-02 -7.9124E-02
  2.8656E+03  2.3866E-02 -7.9102E-02
  2.8668E+03  2.3822E-02 -7.9079E-02
  2.8680E+03  2.3778E-02 -7.9057E-02
  2.8692E+03  2.3734E-02 -7.9034E-02
  2.8704E+03  2.3690E-02 -7.9012E-02
  2.8716E+03  2.3646E-02 -7.8989E-02
  2.8728E+03  2.3602E-02 -7.8966E-02
  2.8740E+03  2.3559E-02 -7.8944E-02
  2.8752E+03  2.3515E-02 -7.8921E-02
  2.8764E+03  2.3472E-02 -7.8898E-02
  2.8776E+03  2.3429E-02 -7.8876E-02
  2.8788E+03  2.3385E-02 -7.8853E-02
  2.8800E+03  2.3342E-02 -7.8831E-02
  2.8812E+03  2.3299E-02 -7.8808E-02
  2.8824E+03  2.3256E-02 -7.8785E-02
  2.8836E+03  2.3212E-02 -7.8763E-02
  2.8848E+03  2.3169E-02 -7.8740E-02
  2.8860E+03  2.3126E-02 -7.8717E-02
  2.8872E+03  2.3084E-02 -7.8695E-02
  2.8884E+03  2.3041E-02 -7.8672E-02
  2.8896E+03  2.2998E-02 -7.8649E-02
  2.8908E+03  2.2955E-02 -7.8626E-02
  2.8920E+03  2.2913E-02 -7.8604E-02
  2.8932E+03  2.2870E-02 -7.8581E-02
  2.8944E+03  2.2827E-02 -7.8558E-02
  2.8956E+03  2.2784E-02 -7.8535E-02
  2.8968E+03  2.2742E-02 -7.8513E-02
  2.8980E+03  2.2699E-02 -7.8490E-02
  2.8992E+03  2.2657E-02 -7.8467E-02
  2.9004E+03  2.2614E-02 -7.8444E-02
  2.9016E+03  2.2572E-02 -7.8422E-02
  2.9028E+03  2.2529E-02 -7.8399E-02
  2.9040E+03  2.2486E-02 -7.8376E-02
  2.9052E+03  2.2444E-02 -7.8353E-02
  2.9064E+03  2.2401E-02 -7.8330E-02
  2.9076E+03  2.2358E-02 -7.8308E-02
  2.9088E+03  2.2316E-02 -7.8285E-02
  2.9100E+03  2.2273E-02 -7.8262E-02
  2.9112E+03  2.2231E-02 -7.8239E-02
  2.9124E+03  2.2188E-02 -7.8216E-02
  2.9136E+03  2.2146E-02 -7.8193E-02
  2.9148E+03  2.2103E-02 -7.8171E-02
  2.9160E+03  2.2060E-02 -7.8148E-02
  2.9172E+03  2.2017E-02 -7.8125E-02
  2.9184E+03  2.1974E-02 -7.8102E-02
  2.9196E+03  2.1931E-02 -7.8079E-02
  2.9208E+03  2.1889E-02 -7.8056E-02
  2.9220E+03  2.1846E-02 -7.8033E-02
  2.9232E+03  2.1803E-02 -7.8010E-02
  2.9244E+03  2.1760E-02 -7.7987E-02
  2.9256E+03  2.1717E-02 -7.7964E-02
  2.9268E+03  2.1674E-02 -7.7941E-02
  2.9280E+03  2.1631E-02 -7.7918E-02
  2.9292E+03  2.1588E-02 -7.7895E-02
  2.9304E+03  2.1545E-02 -7.7872E-02
  2.9316E+03  2.1502E-02 -7.7849E-02
  2.9328E+03  2.1459E-02 -7.7826E-02
  2.9340E+03  2.1415E-02 -7.7803E-02
  2.9352E+03  2.1372E-02 -7.7780E-02
  2.9364E+03  2.1329E-02 -7.7757E-02
  2.9376E+03  2.1285E-02 -7.7734E-02
  2.9388E+03  2.1242E-02 -7.7711E-02
  2.9400E+03  2.1198E-02 -7.7688E-02
  2.9412E+03  2.1155E-02 -7.7665E-02
  2.9424E+03  2.1111E-02 -7.7642E-02
  2.9436E+03  2.1067E-02 -7.7618E-02
  2.9448E+03  2.1024E-02 -7.7595E-02
  2.9460E+03  2.0980E-02 -7.7572E-02
  2.9472E+03  2.0936E-02 -7.7549E-02
  2.9484E+03  2.0892E-02 -7.7526E-02
  2.9496E+03  2.0848E-02 -7.7503E-02
  2.9508E+03  2.0804E-02 -7.7479E-02
  2.9520E+03  2.0760E-02 -7.7456E-02
  2.9532E+03  2.0716E-02 -7.7433E-02
  2.9544E+03  2.0672E-02 -7.7410E-02
  2.9556E+03  2.0627E-02 -7.7386E-02
  2.9568E+03  2.0583E-02 -7.7363E-02
  2.9580E+03  2.0539E-02 -7.7340E-02
  2.9592E+03  2.0495E-02 -7.7316E-02
  2.9604E+03  2.0450E-02 -7.7293E-02
  2.9616E+03  2.0406E-02 -7.7270E-02
  2.9628E+03  2.0361E-02 -7.7246E-02
  2.9640E+03  2.0316E-02 -7.7223E-02
  2.9652E+03  2.0272E-02 -7.7200E-02
  2.9664E+03  2.0227E-02 -7.7176E-02
  2.9676E+03  2.0183E-02 -7.7153E-02
  2.9688E+03  2.0138E-02 -7.7129E-02
  2.9700E+03  2.0093E-02 -7.7106E-02
  2.9712E+03  2.0048E-02 -7.7082E-02
  2.9724E+03  2.0003E-02 -7.7059E-02
  2.9736E+03  1.9959E-02 -7.7035E-02
  2.9748E+03  1.9914E-02 -7.7012E-02
  2.9760E+03  1.9869E-02 -7.6988E-02
  2.9772E+03  1.9824E-02 -7.6965E-02
  2.9784E+03  1.9779E-02 -7.6941E-02
  2.9796E+03  1.9734E-02 -7.6918E-02
  2.9808E+03  1.9689E-02 -7.6894E-02
  2.9820E+03  1.9644E-02 -7.6870E-02
  2.9832E+03  1.9599E-02 -7.6847E-02
  2.9844E+03  1.9554E-02 -7.6823E-02
  2.9856E+03  1.9509E-02 -7.6799E-02
  2.9868E+03  1.9464E-02 -7.6776E-02
  2.9880E+03  1.9419E-02 -7.6752E-02
  2.9892E+03  1.9374E-02 -7.6728E-02
  2.9904E+03  1.9329E-02 -7.6704E-02
  2.9916E+03  1.9284E-02 -7.6681E-02
  2.9928E+03  1.9239E-02 -7.6657E-02
  2.9940E+03  1.9194E-02 -7.6633E-02
  2.9952E+03  1.9149E-02 -7.6609E-02
  2.9964E+03  1.9104E-02 -7.6586E-02
  2.9976E+03  1.9059E-02 -7.6562E-02
  2.9988E+03  1.9014E-02 -7.6538E-02
  3.0000E+03  1.8969E-02 -7.6514E-02
  3.0000E+03  1.8969E-02 -7.6514E-02
