# CREATED BY GENE DIAGNOSTICS TOOL on Wed Dec 16 18:39:41 2020
# diag: timetrace, run(s): 0003, time window: 0-3000(2481 steps), species: ions
# original data path: /marconi_scratch/userexternal/cmoreno0/GAM_HP_scan/scanfiles0001/
# normalization: L_ref=1.65m
#
#  t          Re[phi]     Im[phi]   
  0.0000E+00  9.9992E-01  0.0000E+00
  1.2100E+00  9.7970E-01 -4.3530E-03
  2.4200E+00  9.3345E-01 -8.3599E-03
  3.6300E+00  8.8562E-01 -1.1927E-02
  4.8400E+00  8.4963E-01 -1.5152E-02
  6.0500E+00  8.2390E-01 -1.8155E-02
  7.2600E+00  8.0057E-01 -2.0987E-02
  8.4700E+00  7.7453E-01 -2.3640E-02
  9.6800E+00  7.4581E-01 -2.6082E-02
  1.0890E+01  7.1720E-01 -2.8300E-02
  1.2100E+01  6.9130E-01 -3.0310E-02
  1.3310E+01  6.6921E-01 -3.2143E-02
  1.4520E+01  6.5080E-01 -3.3837E-02
  1.5730E+01  6.3557E-01 -3.5424E-02
  1.6940E+01  6.2314E-01 -3.6930E-02
  1.8150E+01  6.1330E-01 -3.8381E-02
  1.9360E+01  6.0590E-01 -3.9799E-02
  2.0570E+01  6.0070E-01 -4.1204E-02
  2.1780E+01  5.9735E-01 -4.2612E-02
  2.2990E+01  5.9541E-01 -4.4035E-02
  2.4200E+01  5.9447E-01 -4.5479E-02
  2.5410E+01  5.9417E-01 -4.6947E-02
  2.6620E+01  5.9412E-01 -4.8439E-02
  2.7830E+01  5.9402E-01 -4.9949E-02
  2.9040E+01  5.9359E-01 -5.1472E-02
  3.0250E+01  5.9257E-01 -5.3003E-02
  3.1460E+01  5.9074E-01 -5.4529E-02
  3.2670E+01  5.8805E-01 -5.6043E-02
  3.3880E+01  5.8438E-01 -5.7535E-02
  3.5090E+01  5.7969E-01 -5.8995E-02
  3.6300E+01  5.7406E-01 -6.0415E-02
  3.7510E+01  5.6753E-01 -6.1788E-02
  3.8720E+01  5.6019E-01 -6.3108E-02
  3.9930E+01  5.5219E-01 -6.4370E-02
  4.1140E+01  5.4364E-01 -6.5572E-02
  4.2350E+01  5.3466E-01 -6.6712E-02
  4.3560E+01  5.2545E-01 -6.7788E-02
  4.4770E+01  5.1614E-01 -6.8804E-02
  4.5980E+01  5.0678E-01 -6.9761E-02
  4.7190E+01  4.9747E-01 -7.0660E-02
  4.8400E+01  4.8841E-01 -7.1505E-02
  4.9610E+01  4.7968E-01 -7.2301E-02
  5.0820E+01  4.7122E-01 -7.3052E-02
  5.2030E+01  4.6304E-01 -7.3762E-02
  5.3240E+01  4.5517E-01 -7.4432E-02
  5.4450E+01  4.4765E-01 -7.5066E-02
  5.5660E+01  4.4046E-01 -7.5667E-02
  5.6870E+01  4.3354E-01 -7.6237E-02
  5.8080E+01  4.2685E-01 -7.6779E-02
  5.9290E+01  4.2035E-01 -7.7292E-02
  6.0500E+01  4.1399E-01 -7.7778E-02
  6.1710E+01  4.0770E-01 -7.8237E-02
  6.2920E+01  4.0145E-01 -7.8667E-02
  6.4130E+01  3.9526E-01 -7.9070E-02
  6.5340E+01  3.8910E-01 -7.9444E-02
  6.6550E+01  3.8287E-01 -7.9788E-02
  6.7760E+01  3.7652E-01 -8.0100E-02
  6.8970E+01  3.7012E-01 -8.0380E-02
  7.0180E+01  3.6382E-01 -8.0630E-02
  7.1390E+01  3.5752E-01 -8.0850E-02
  7.2600E+01  3.5096E-01 -8.1037E-02
  7.3810E+01  3.4401E-01 -8.1186E-02
  7.5020E+01  3.3683E-01 -8.1294E-02
  7.6230E+01  3.2977E-01 -8.1366E-02
  7.7440E+01  3.2302E-01 -8.1406E-02
  7.8650E+01  3.1648E-01 -8.1415E-02
  7.9860E+01  3.0992E-01 -8.1394E-02
  8.1070E+01  3.0322E-01 -8.1341E-02
  8.2280E+01  2.9640E-01 -8.1254E-02
  8.3490E+01  2.8959E-01 -8.1136E-02
  8.4700E+01  2.8289E-01 -8.0987E-02
  8.5910E+01  2.7634E-01 -8.0810E-02
  8.7120E+01  2.6991E-01 -8.0606E-02
  8.8330E+01  2.6356E-01 -8.0376E-02
  8.9540E+01  2.5727E-01 -8.0119E-02
  9.0750E+01  2.5103E-01 -7.9837E-02
  9.1960E+01  2.4484E-01 -7.9530E-02
  9.3170E+01  2.3874E-01 -7.9197E-02
  9.4380E+01  2.3274E-01 -7.8842E-02
  9.5590E+01  2.2685E-01 -7.8464E-02
  9.6800E+01  2.2105E-01 -7.8064E-02
  9.8010E+01  2.1534E-01 -7.7643E-02
  9.9220E+01  2.0970E-01 -7.7201E-02
  1.0043E+02  2.0412E-01 -7.6739E-02
  1.0164E+02  1.9859E-01 -7.6257E-02
  1.0285E+02  1.9311E-01 -7.5754E-02
  1.0406E+02  1.8771E-01 -7.5232E-02
  1.0527E+02  1.8239E-01 -7.4692E-02
  1.0648E+02  1.7714E-01 -7.4133E-02
  1.0769E+02  1.7197E-01 -7.3557E-02
  1.0890E+02  1.6688E-01 -7.2963E-02
  1.1011E+02  1.6186E-01 -7.2354E-02
  1.1132E+02  1.5691E-01 -7.1728E-02
  1.1253E+02  1.5204E-01 -7.1087E-02
  1.1374E+02  1.4726E-01 -7.0432E-02
  1.1495E+02  1.4258E-01 -6.9763E-02
  1.1616E+02  1.3800E-01 -6.9081E-02
  1.1737E+02  1.3352E-01 -6.8387E-02
  1.1858E+02  1.2913E-01 -6.7681E-02
  1.1979E+02  1.2485E-01 -6.6965E-02
  1.2100E+02  1.2066E-01 -6.6239E-02
  1.2221E+02  1.1657E-01 -6.5504E-02
  1.2342E+02  1.1258E-01 -6.4761E-02
  1.2463E+02  1.0869E-01 -6.4009E-02
  1.2584E+02  1.0491E-01 -6.3251E-02
  1.2705E+02  1.0123E-01 -6.2486E-02
  1.2826E+02  9.7658E-02 -6.1715E-02
  1.2947E+02  9.4188E-02 -6.0940E-02
  1.3068E+02  9.0819E-02 -6.0159E-02
  1.3189E+02  8.7551E-02 -5.9376E-02
  1.3310E+02  8.4380E-02 -5.8588E-02
  1.3431E+02  8.1303E-02 -5.7799E-02
  1.3552E+02  7.8321E-02 -5.7007E-02
  1.3673E+02  7.5433E-02 -5.6214E-02
  1.3794E+02  7.2641E-02 -5.5420E-02
  1.3915E+02  6.9945E-02 -5.4625E-02
  1.4036E+02  6.7343E-02 -5.3831E-02
  1.4157E+02  6.4835E-02 -5.3038E-02
  1.4278E+02  6.2423E-02 -5.2246E-02
  1.4399E+02  6.0107E-02 -5.1456E-02
  1.4520E+02  5.7881E-02 -5.0669E-02
  1.4641E+02  5.5738E-02 -4.9884E-02
  1.4762E+02  5.3680E-02 -4.9103E-02
  1.4883E+02  5.1711E-02 -4.8325E-02
  1.5004E+02  4.9833E-02 -4.7552E-02
  1.5125E+02  4.8044E-02 -4.6784E-02
  1.5246E+02  4.6338E-02 -4.6022E-02
  1.5367E+02  4.4711E-02 -4.5265E-02
  1.5488E+02  4.3161E-02 -4.4514E-02
  1.5609E+02  4.1692E-02 -4.3769E-02
  1.5730E+02  4.0305E-02 -4.3032E-02
  1.5851E+02  3.8998E-02 -4.2302E-02
  1.5972E+02  3.7768E-02 -4.1580E-02
  1.6093E+02  3.6613E-02 -4.0866E-02
  1.6214E+02  3.5528E-02 -4.0160E-02
  1.6335E+02  3.4515E-02 -3.9464E-02
  1.6456E+02  3.3574E-02 -3.8776E-02
  1.6577E+02  3.2704E-02 -3.8098E-02
  1.6698E+02  3.1905E-02 -3.7430E-02
  1.6819E+02  3.1176E-02 -3.6772E-02
  1.6940E+02  3.0518E-02 -3.6124E-02
  1.7061E+02  2.9929E-02 -3.5487E-02
  1.7182E+02  2.9407E-02 -3.4861E-02
  1.7303E+02  2.8952E-02 -3.4246E-02
  1.7424E+02  2.8562E-02 -3.3642E-02
  1.7545E+02  2.8233E-02 -3.3050E-02
  1.7666E+02  2.7963E-02 -3.2470E-02
  1.7787E+02  2.7747E-02 -3.1902E-02
  1.7908E+02  2.7581E-02 -3.1346E-02
  1.8029E+02  2.7462E-02 -3.0803E-02
  1.8150E+02  2.7385E-02 -3.0272E-02
  1.8271E+02  2.7347E-02 -2.9754E-02
  1.8392E+02  2.7348E-02 -2.9248E-02
  1.8513E+02  2.7386E-02 -2.8754E-02
  1.8634E+02  2.7465E-02 -2.8273E-02
  1.8755E+02  2.7585E-02 -2.7805E-02
  1.8876E+02  2.7750E-02 -2.7350E-02
  1.8997E+02  2.7962E-02 -2.6907E-02
  1.9118E+02  2.8224E-02 -2.6477E-02
  1.9239E+02  2.8539E-02 -2.6061E-02
  1.9360E+02  2.8907E-02 -2.5658E-02
  1.9481E+02  2.9327E-02 -2.5268E-02
  1.9602E+02  2.9796E-02 -2.4892E-02
  1.9723E+02  3.0309E-02 -2.4530E-02
  1.9844E+02  3.0861E-02 -2.4181E-02
  1.9965E+02  3.1444E-02 -2.3846E-02
  2.0086E+02  3.2050E-02 -2.3525E-02
  2.0207E+02  3.2675E-02 -2.3218E-02
  2.0328E+02  3.3314E-02 -2.2924E-02
  2.0449E+02  3.3963E-02 -2.2643E-02
  2.0570E+02  3.4622E-02 -2.2376E-02
  2.0691E+02  3.5288E-02 -2.2121E-02
  2.0812E+02  3.5965E-02 -2.1879E-02
  2.0933E+02  3.6652E-02 -2.1649E-02
  2.1054E+02  3.7355E-02 -2.1432E-02
  2.1175E+02  3.8075E-02 -2.1227E-02
  2.1296E+02  3.8816E-02 -2.1034E-02
  2.1417E+02  3.9583E-02 -2.0854E-02
  2.1538E+02  4.0378E-02 -2.0685E-02
  2.1659E+02  4.1203E-02 -2.0529E-02
  2.1780E+02  4.2060E-02 -2.0385E-02
  2.1901E+02  4.2948E-02 -2.0253E-02
  2.2022E+02  4.3864E-02 -2.0134E-02
  2.2143E+02  4.4805E-02 -2.0027E-02
  2.2264E+02  4.5766E-02 -1.9932E-02
  2.2385E+02  4.6743E-02 -1.9850E-02
  2.2506E+02  4.7729E-02 -1.9779E-02
  2.2627E+02  4.8718E-02 -1.9720E-02
  2.2748E+02  4.9704E-02 -1.9672E-02
  2.2869E+02  5.0680E-02 -1.9636E-02
  2.2990E+02  5.1641E-02 -1.9610E-02
  2.3111E+02  5.2582E-02 -1.9595E-02
  2.3232E+02  5.3497E-02 -1.9590E-02
  2.3353E+02  5.4386E-02 -1.9595E-02
  2.3474E+02  5.5248E-02 -1.9608E-02
  2.3595E+02  5.6085E-02 -1.9631E-02
  2.3716E+02  5.6903E-02 -1.9662E-02
  2.3837E+02  5.7709E-02 -1.9701E-02
  2.3958E+02  5.8510E-02 -1.9748E-02
  2.4079E+02  5.9314E-02 -1.9803E-02
  2.4200E+02  6.0129E-02 -1.9866E-02
  2.4321E+02  6.0962E-02 -1.9937E-02
  2.4442E+02  6.1819E-02 -2.0016E-02
  2.4563E+02  6.2702E-02 -2.0103E-02
  2.4684E+02  6.3613E-02 -2.0198E-02
  2.4805E+02  6.4550E-02 -2.0301E-02
  2.4926E+02  6.5509E-02 -2.0412E-02
  2.5047E+02  6.6484E-02 -2.0531E-02
  2.5168E+02  6.7464E-02 -2.0658E-02
  2.5289E+02  6.8440E-02 -2.0793E-02
  2.5410E+02  6.9400E-02 -2.0935E-02
  2.5531E+02  7.0335E-02 -2.1084E-02
  2.5652E+02  7.1236E-02 -2.1240E-02
  2.5773E+02  7.2098E-02 -2.1401E-02
  2.5894E+02  7.2916E-02 -2.1569E-02
  2.6015E+02  7.3690E-02 -2.1741E-02
  2.6136E+02  7.4421E-02 -2.1919E-02
  2.6257E+02  7.5113E-02 -2.2100E-02
  2.6378E+02  7.5771E-02 -2.2285E-02
  2.6499E+02  7.6401E-02 -2.2474E-02
  2.6620E+02  7.7010E-02 -2.2666E-02
  2.6741E+02  7.7602E-02 -2.2861E-02
  2.6862E+02  7.8184E-02 -2.3059E-02
  2.6983E+02  7.8760E-02 -2.3260E-02
  2.7104E+02  7.9331E-02 -2.3464E-02
  2.7225E+02  7.9900E-02 -2.3670E-02
  2.7346E+02  8.0467E-02 -2.3879E-02
  2.7467E+02  8.1031E-02 -2.4090E-02
  2.7588E+02  8.1589E-02 -2.4303E-02
  2.7709E+02  8.2138E-02 -2.4519E-02
  2.7830E+02  8.2675E-02 -2.4737E-02
  2.7951E+02  8.3196E-02 -2.4956E-02
  2.8072E+02  8.3701E-02 -2.5178E-02
  2.8193E+02  8.4186E-02 -2.5401E-02
  2.8314E+02  8.4652E-02 -2.5625E-02
  2.8435E+02  8.5101E-02 -2.5850E-02
  2.8556E+02  8.5533E-02 -2.6076E-02
  2.8677E+02  8.5952E-02 -2.6303E-02
  2.8798E+02  8.6361E-02 -2.6530E-02
  2.8919E+02  8.6763E-02 -2.6757E-02
  2.9040E+02  8.7160E-02 -2.6985E-02
  2.9161E+02  8.7554E-02 -2.7213E-02
  2.9282E+02  8.7946E-02 -2.7441E-02
  2.9403E+02  8.8334E-02 -2.7669E-02
  2.9524E+02  8.8717E-02 -2.7897E-02
  2.9645E+02  8.9091E-02 -2.8125E-02
  2.9766E+02  8.9452E-02 -2.8353E-02
  2.9887E+02  8.9794E-02 -2.8580E-02
  3.0008E+02  9.0112E-02 -2.8806E-02
  3.0129E+02  9.0400E-02 -2.9032E-02
  3.0250E+02  9.0652E-02 -2.9256E-02
  3.0371E+02  9.0866E-02 -2.9479E-02
  3.0492E+02  9.1037E-02 -2.9700E-02
  3.0613E+02  9.1166E-02 -2.9919E-02
  3.0734E+02  9.1253E-02 -3.0136E-02
  3.0855E+02  9.1304E-02 -3.0350E-02
  3.0976E+02  9.1323E-02 -3.0560E-02
  3.1097E+02  9.1317E-02 -3.0768E-02
  3.1218E+02  9.1295E-02 -3.0972E-02
  3.1339E+02  9.1266E-02 -3.1173E-02
  3.1460E+02  9.1239E-02 -3.1371E-02
  3.1581E+02  9.1220E-02 -3.1565E-02
  3.1702E+02  9.1217E-02 -3.1757E-02
  3.1823E+02  9.1233E-02 -3.1945E-02
  3.1944E+02  9.1271E-02 -3.2131E-02
  3.2065E+02  9.1332E-02 -3.2315E-02
  3.2186E+02  9.1413E-02 -3.2496E-02
  3.2307E+02  9.1512E-02 -3.2675E-02
  3.2428E+02  9.1624E-02 -3.2852E-02
  3.2549E+02  9.1742E-02 -3.3028E-02
  3.2670E+02  9.1858E-02 -3.3201E-02
  3.2791E+02  9.1966E-02 -3.3372E-02
  3.2912E+02  9.2056E-02 -3.3542E-02
  3.3033E+02  9.2120E-02 -3.3709E-02
  3.3154E+02  9.2151E-02 -3.3873E-02
  3.3275E+02  9.2143E-02 -3.4034E-02
  3.3396E+02  9.2091E-02 -3.4192E-02
  3.3517E+02  9.1992E-02 -3.4347E-02
  3.3638E+02  9.1847E-02 -3.4498E-02
  3.3759E+02  9.1656E-02 -3.4644E-02
  3.3880E+02  9.1425E-02 -3.4785E-02
  3.4001E+02  9.1160E-02 -3.4922E-02
  3.4122E+02  9.0869E-02 -3.5054E-02
  3.4243E+02  9.0561E-02 -3.5181E-02
  3.4364E+02  9.0247E-02 -3.5304E-02
  3.4485E+02  8.9936E-02 -3.5421E-02
  3.4606E+02  8.9638E-02 -3.5533E-02
  3.4727E+02  8.9362E-02 -3.5642E-02
  3.4848E+02  8.9112E-02 -3.5746E-02
  3.4969E+02  8.8894E-02 -3.5847E-02
  3.5090E+02  8.8709E-02 -3.5944E-02
  3.5211E+02  8.8557E-02 -3.6038E-02
  3.5332E+02  8.8434E-02 -3.6130E-02
  3.5453E+02  8.8338E-02 -3.6219E-02
  3.5574E+02  8.8260E-02 -3.6305E-02
  3.5695E+02  8.8195E-02 -3.6390E-02
  3.5816E+02  8.8136E-02 -3.6472E-02
  3.5937E+02  8.8074E-02 -3.6553E-02
  3.6058E+02  8.8004E-02 -3.6631E-02
  3.6179E+02  8.7918E-02 -3.6706E-02
  3.6300E+02  8.7811E-02 -3.6780E-02
  3.6421E+02  8.7681E-02 -3.6850E-02
  3.6542E+02  8.7523E-02 -3.6918E-02
  3.6663E+02  8.7337E-02 -3.6983E-02
  3.6784E+02  8.7122E-02 -3.7044E-02
  3.6905E+02  8.6879E-02 -3.7102E-02
  3.7026E+02  8.6610E-02 -3.7156E-02
  3.7147E+02  8.6316E-02 -3.7206E-02
  3.7268E+02  8.6003E-02 -3.7252E-02
  3.7389E+02  8.5672E-02 -3.7295E-02
  3.7510E+02  8.5330E-02 -3.7334E-02
  3.7631E+02  8.4980E-02 -3.7369E-02
  3.7752E+02  8.4628E-02 -3.7400E-02
  3.7873E+02  8.4280E-02 -3.7427E-02
  3.7994E+02  8.3939E-02 -3.7451E-02
  3.8115E+02  8.3612E-02 -3.7472E-02
  3.8236E+02  8.3302E-02 -3.7490E-02
  3.8357E+02  8.3012E-02 -3.7505E-02
  3.8478E+02  8.2746E-02 -3.7517E-02
  3.8599E+02  8.2502E-02 -3.7527E-02
  3.8720E+02  8.2282E-02 -3.7535E-02
  3.8841E+02  8.2082E-02 -3.7542E-02
  3.8962E+02  8.1901E-02 -3.7546E-02
  3.9083E+02  8.1734E-02 -3.7549E-02
  3.9204E+02  8.1577E-02 -3.7551E-02
  3.9325E+02  8.1425E-02 -3.7551E-02
  3.9446E+02  8.1276E-02 -3.7550E-02
  3.9567E+02  8.1125E-02 -3.7547E-02
  3.9688E+02  8.0968E-02 -3.7543E-02
  3.9809E+02  8.0803E-02 -3.7538E-02
  3.9930E+02  8.0629E-02 -3.7531E-02
  4.0051E+02  8.0445E-02 -3.7522E-02
  4.0172E+02  8.0249E-02 -3.7512E-02
  4.0293E+02  8.0043E-02 -3.7500E-02
  4.0414E+02  7.9828E-02 -3.7486E-02
  4.0535E+02  7.9606E-02 -3.7470E-02
  4.0656E+02  7.9378E-02 -3.7453E-02
  4.0777E+02  7.9146E-02 -3.7434E-02
  4.0898E+02  7.8912E-02 -3.7413E-02
  4.1019E+02  7.8679E-02 -3.7390E-02
  4.1140E+02  7.8447E-02 -3.7366E-02
  4.1261E+02  7.8218E-02 -3.7340E-02
  4.1382E+02  7.7994E-02 -3.7313E-02
  4.1503E+02  7.7775E-02 -3.7285E-02
  4.1624E+02  7.7562E-02 -3.7256E-02
  4.1745E+02  7.7357E-02 -3.7225E-02
  4.1866E+02  7.7161E-02 -3.7194E-02
  4.1987E+02  7.6974E-02 -3.7162E-02
  4.2108E+02  7.6797E-02 -3.7129E-02
  4.2229E+02  7.6631E-02 -3.7096E-02
  4.2350E+02  7.6475E-02 -3.7062E-02
  4.2471E+02  7.6331E-02 -3.7027E-02
  4.2592E+02  7.6197E-02 -3.6993E-02
  4.2713E+02  7.6073E-02 -3.6958E-02
  4.2834E+02  7.5957E-02 -3.6923E-02
  4.2955E+02  7.5850E-02 -3.6888E-02
  4.3076E+02  7.5748E-02 -3.6853E-02
  4.3197E+02  7.5650E-02 -3.6818E-02
  4.3318E+02  7.5555E-02 -3.6783E-02
  4.3439E+02  7.5460E-02 -3.6748E-02
  4.3560E+02  7.5364E-02 -3.6713E-02
  4.3681E+02  7.5267E-02 -3.6678E-02
  4.3802E+02  7.5167E-02 -3.6643E-02
  4.3923E+02  7.5066E-02 -3.6608E-02
  4.4044E+02  7.4964E-02 -3.6573E-02
  4.4165E+02  7.4861E-02 -3.6538E-02
  4.4286E+02  7.4759E-02 -3.6504E-02
  4.4407E+02  7.4659E-02 -3.6469E-02
  4.4528E+02  7.4563E-02 -3.6435E-02
  4.4649E+02  7.4473E-02 -3.6400E-02
  4.4770E+02  7.4387E-02 -3.6366E-02
  4.4891E+02  7.4309E-02 -3.6332E-02
  4.5012E+02  7.4236E-02 -3.6299E-02
  4.5133E+02  7.4169E-02 -3.6266E-02
  4.5254E+02  7.4108E-02 -3.6234E-02
  4.5375E+02  7.4052E-02 -3.6202E-02
  4.5496E+02  7.4000E-02 -3.6171E-02
  4.5617E+02  7.3951E-02 -3.6141E-02
  4.5738E+02  7.3906E-02 -3.6111E-02
  4.5859E+02  7.3865E-02 -3.6082E-02
  4.5980E+02  7.3826E-02 -3.6054E-02
  4.6101E+02  7.3790E-02 -3.6027E-02
  4.6222E+02  7.3757E-02 -3.6000E-02
  4.6343E+02  7.3727E-02 -3.5974E-02
  4.6464E+02  7.3701E-02 -3.5949E-02
  4.6585E+02  7.3677E-02 -3.5925E-02
  4.6706E+02  7.3657E-02 -3.5901E-02
  4.6827E+02  7.3641E-02 -3.5879E-02
  4.6948E+02  7.3629E-02 -3.5857E-02
  4.7069E+02  7.3620E-02 -3.5836E-02
  4.7190E+02  7.3616E-02 -3.5817E-02
  4.7311E+02  7.3615E-02 -3.5798E-02
  4.7432E+02  7.3617E-02 -3.5780E-02
  4.7553E+02  7.3622E-02 -3.5763E-02
  4.7674E+02  7.3629E-02 -3.5747E-02
  4.7795E+02  7.3638E-02 -3.5732E-02
  4.7916E+02  7.3647E-02 -3.5719E-02
  4.8037E+02  7.3657E-02 -3.5706E-02
  4.8158E+02  7.3665E-02 -3.5694E-02
  4.8279E+02  7.3672E-02 -3.5683E-02
  4.8400E+02  7.3678E-02 -3.5674E-02
  4.8521E+02  7.3681E-02 -3.5665E-02
  4.8642E+02  7.3682E-02 -3.5657E-02
  4.8763E+02  7.3682E-02 -3.5650E-02
  4.8884E+02  7.3681E-02 -3.5643E-02
  4.9005E+02  7.3679E-02 -3.5638E-02
  4.9126E+02  7.3677E-02 -3.5634E-02
  4.9247E+02  7.3677E-02 -3.5630E-02
  4.9368E+02  7.3678E-02 -3.5627E-02
  4.9489E+02  7.3681E-02 -3.5625E-02
  4.9610E+02  7.3687E-02 -3.5624E-02
  4.9731E+02  7.3695E-02 -3.5624E-02
  4.9852E+02  7.3707E-02 -3.5625E-02
  4.9973E+02  7.3721E-02 -3.5627E-02
  5.0094E+02  7.3737E-02 -3.5629E-02
  5.0215E+02  7.3754E-02 -3.5633E-02
  5.0336E+02  7.3772E-02 -3.5637E-02
  5.0457E+02  7.3790E-02 -3.5643E-02
  5.0578E+02  7.3807E-02 -3.5649E-02
  5.0699E+02  7.3822E-02 -3.5657E-02
  5.0820E+02  7.3834E-02 -3.5665E-02
  5.0941E+02  7.3843E-02 -3.5674E-02
  5.1062E+02  7.3848E-02 -3.5683E-02
  5.1183E+02  7.3850E-02 -3.5694E-02
  5.1304E+02  7.3847E-02 -3.5705E-02
  5.1425E+02  7.3840E-02 -3.5716E-02
  5.1546E+02  7.3831E-02 -3.5728E-02
  5.1667E+02  7.3819E-02 -3.5741E-02
  5.1788E+02  7.3807E-02 -3.5754E-02
  5.1909E+02  7.3794E-02 -3.5768E-02
  5.2030E+02  7.3783E-02 -3.5782E-02
  5.2151E+02  7.3773E-02 -3.5797E-02
  5.2272E+02  7.3765E-02 -3.5812E-02
  5.2393E+02  7.3760E-02 -3.5828E-02
  5.2514E+02  7.3757E-02 -3.5845E-02
  5.2635E+02  7.3756E-02 -3.5861E-02
  5.2756E+02  7.3755E-02 -3.5879E-02
  5.2877E+02  7.3755E-02 -3.5897E-02
  5.2998E+02  7.3753E-02 -3.5916E-02
  5.3119E+02  7.3749E-02 -3.5935E-02
  5.3240E+02  7.3741E-02 -3.5954E-02
  5.3361E+02  7.3728E-02 -3.5974E-02
  5.3482E+02  7.3710E-02 -3.5995E-02
  5.3603E+02  7.3687E-02 -3.6016E-02
  5.3724E+02  7.3659E-02 -3.6037E-02
  5.3845E+02  7.3626E-02 -3.6058E-02
  5.3966E+02  7.3589E-02 -3.6079E-02
  5.4087E+02  7.3549E-02 -3.6101E-02
  5.4208E+02  7.3507E-02 -3.6122E-02
  5.4329E+02  7.3464E-02 -3.6144E-02
  5.4450E+02  7.3421E-02 -3.6166E-02
  5.4571E+02  7.3380E-02 -3.6188E-02
  5.4692E+02  7.3342E-02 -3.6210E-02
  5.4813E+02  7.3307E-02 -3.6232E-02
  5.4934E+02  7.3276E-02 -3.6254E-02
  5.5055E+02  7.3249E-02 -3.6276E-02
  5.5176E+02  7.3225E-02 -3.6299E-02
  5.5297E+02  7.3205E-02 -3.6322E-02
  5.5418E+02  7.3188E-02 -3.6345E-02
  5.5539E+02  7.3171E-02 -3.6368E-02
  5.5660E+02  7.3155E-02 -3.6391E-02
  5.5781E+02  7.3136E-02 -3.6415E-02
  5.5902E+02  7.3115E-02 -3.6439E-02
  5.6023E+02  7.3089E-02 -3.6463E-02
  5.6144E+02  7.3057E-02 -3.6487E-02
  5.6265E+02  7.3020E-02 -3.6511E-02
  5.6386E+02  7.2976E-02 -3.6535E-02
  5.6507E+02  7.2926E-02 -3.6558E-02
  5.6628E+02  7.2871E-02 -3.6582E-02
  5.6749E+02  7.2812E-02 -3.6606E-02
  5.6870E+02  7.2751E-02 -3.6629E-02
  5.6991E+02  7.2688E-02 -3.6652E-02
  5.7112E+02  7.2626E-02 -3.6675E-02
  5.7233E+02  7.2567E-02 -3.6697E-02
  5.7354E+02  7.2511E-02 -3.6720E-02
  5.7475E+02  7.2461E-02 -3.6742E-02
  5.7596E+02  7.2415E-02 -3.6764E-02
  5.7717E+02  7.2376E-02 -3.6786E-02
  5.7838E+02  7.2341E-02 -3.6808E-02
  5.7959E+02  7.2310E-02 -3.6830E-02
  5.8080E+02  7.2283E-02 -3.6852E-02
  5.8201E+02  7.2257E-02 -3.6874E-02
  5.8322E+02  7.2231E-02 -3.6896E-02
  5.8443E+02  7.2202E-02 -3.6918E-02
  5.8564E+02  7.2169E-02 -3.6941E-02
  5.8685E+02  7.2130E-02 -3.6963E-02
  5.8806E+02  7.2085E-02 -3.6984E-02
  5.8927E+02  7.2033E-02 -3.7006E-02
  5.9048E+02  7.1973E-02 -3.7027E-02
  5.9169E+02  7.1907E-02 -3.7049E-02
  5.9290E+02  7.1836E-02 -3.7069E-02
  5.9411E+02  7.1760E-02 -3.7089E-02
  5.9532E+02  7.1683E-02 -3.7109E-02
  5.9653E+02  7.1605E-02 -3.7129E-02
  5.9774E+02  7.1530E-02 -3.7148E-02
  5.9895E+02  7.1458E-02 -3.7166E-02
  6.0016E+02  7.1390E-02 -3.7184E-02
  6.0137E+02  7.1329E-02 -3.7202E-02
  6.0258E+02  7.1273E-02 -3.7220E-02
  6.0379E+02  7.1224E-02 -3.7237E-02
  6.0500E+02  7.1180E-02 -3.7255E-02
  6.0621E+02  7.1140E-02 -3.7272E-02
  6.0742E+02  7.1102E-02 -3.7289E-02
  6.0863E+02  7.1064E-02 -3.7306E-02
  6.0984E+02  7.1024E-02 -3.7324E-02
  6.1105E+02  7.0979E-02 -3.7340E-02
  6.1226E+02  7.0928E-02 -3.7357E-02
  6.1347E+02  7.0869E-02 -3.7374E-02
  6.1468E+02  7.0800E-02 -3.7390E-02
  6.1589E+02  7.0722E-02 -3.7406E-02
  6.1710E+02  7.0633E-02 -3.7421E-02
  6.1831E+02  7.0536E-02 -3.7436E-02
  6.1952E+02  7.0431E-02 -3.7450E-02
  6.2073E+02  7.0320E-02 -3.7463E-02
  6.2194E+02  7.0205E-02 -3.7476E-02
  6.2315E+02  7.0090E-02 -3.7488E-02
  6.2436E+02  6.9976E-02 -3.7500E-02
  6.2557E+02  6.9864E-02 -3.7511E-02
  6.2678E+02  6.9758E-02 -3.7521E-02
  6.2799E+02  6.9659E-02 -3.7531E-02
  6.2920E+02  6.9566E-02 -3.7540E-02
  6.3041E+02  6.9479E-02 -3.7549E-02
  6.3162E+02  6.9399E-02 -3.7557E-02
  6.3283E+02  6.9323E-02 -3.7566E-02
  6.3404E+02  6.9250E-02 -3.7574E-02
  6.3525E+02  6.9177E-02 -3.7582E-02
  6.3646E+02  6.9103E-02 -3.7589E-02
  6.3767E+02  6.9026E-02 -3.7597E-02
  6.3888E+02  6.8944E-02 -3.7604E-02
  6.4009E+02  6.8854E-02 -3.7611E-02
  6.4130E+02  6.8756E-02 -3.7617E-02
  6.4251E+02  6.8649E-02 -3.7623E-02
  6.4372E+02  6.8532E-02 -3.7628E-02
  6.4493E+02  6.8406E-02 -3.7633E-02
  6.4614E+02  6.8271E-02 -3.7637E-02
  6.4735E+02  6.8129E-02 -3.7640E-02
  6.4856E+02  6.7980E-02 -3.7642E-02
  6.4977E+02  6.7826E-02 -3.7644E-02
  6.5098E+02  6.7669E-02 -3.7645E-02
  6.5219E+02  6.7511E-02 -3.7644E-02
  6.5340E+02  6.7353E-02 -3.7644E-02
  6.5461E+02  6.7197E-02 -3.7642E-02
  6.5582E+02  6.7045E-02 -3.7639E-02
  6.5703E+02  6.6897E-02 -3.7636E-02
  6.5824E+02  6.6756E-02 -3.7633E-02
  6.5945E+02  6.6620E-02 -3.7628E-02
  6.6066E+02  6.6492E-02 -3.7624E-02
  6.6187E+02  6.6370E-02 -3.7618E-02
  6.6308E+02  6.6253E-02 -3.7613E-02
  6.6429E+02  6.6142E-02 -3.7607E-02
  6.6550E+02  6.6033E-02 -3.7601E-02
  6.6671E+02  6.5927E-02 -3.7595E-02
  6.6792E+02  6.5821E-02 -3.7588E-02
  6.6913E+02  6.5712E-02 -3.7581E-02
  6.7034E+02  6.5600E-02 -3.7574E-02
  6.7155E+02  6.5482E-02 -3.7566E-02
  6.7276E+02  6.5357E-02 -3.7558E-02
  6.7397E+02  6.5224E-02 -3.7550E-02
  6.7518E+02  6.5082E-02 -3.7541E-02
  6.7639E+02  6.4931E-02 -3.7531E-02
  6.7760E+02  6.4772E-02 -3.7521E-02
  6.7881E+02  6.4606E-02 -3.7510E-02
  6.8002E+02  6.4434E-02 -3.7498E-02
  6.8123E+02  6.4258E-02 -3.7485E-02
  6.8244E+02  6.4081E-02 -3.7472E-02
  6.8365E+02  6.3905E-02 -3.7458E-02
  6.8486E+02  6.3732E-02 -3.7443E-02
  6.8607E+02  6.3565E-02 -3.7427E-02
  6.8728E+02  6.3405E-02 -3.7411E-02
  6.8849E+02  6.3255E-02 -3.7395E-02
  6.8970E+02  6.3115E-02 -3.7378E-02
  6.9091E+02  6.2986E-02 -3.7361E-02
  6.9212E+02  6.2867E-02 -3.7343E-02
  6.9333E+02  6.2758E-02 -3.7326E-02
  6.9454E+02  6.2657E-02 -3.7308E-02
  6.9575E+02  6.2562E-02 -3.7291E-02
  6.9696E+02  6.2472E-02 -3.7273E-02
  6.9817E+02  6.2383E-02 -3.7256E-02
  6.9938E+02  6.2295E-02 -3.7238E-02
  7.0059E+02  6.2206E-02 -3.7221E-02
  7.0180E+02  6.2112E-02 -3.7204E-02
  7.0301E+02  6.2015E-02 -3.7186E-02
  7.0422E+02  6.1912E-02 -3.7169E-02
  7.0543E+02  6.1804E-02 -3.7151E-02
  7.0664E+02  6.1692E-02 -3.7133E-02
  7.0785E+02  6.1574E-02 -3.7115E-02
  7.0906E+02  6.1453E-02 -3.7097E-02
  7.1027E+02  6.1329E-02 -3.7078E-02
  7.1148E+02  6.1203E-02 -3.7059E-02
  7.1269E+02  6.1078E-02 -3.7040E-02
  7.1390E+02  6.0953E-02 -3.7021E-02
  7.1511E+02  6.0830E-02 -3.7001E-02
  7.1632E+02  6.0710E-02 -3.6981E-02
  7.1753E+02  6.0594E-02 -3.6961E-02
  7.1874E+02  6.0482E-02 -3.6941E-02
  7.1995E+02  6.0376E-02 -3.6920E-02
  7.2116E+02  6.0275E-02 -3.6900E-02
  7.2237E+02  6.0181E-02 -3.6880E-02
  7.2358E+02  6.0092E-02 -3.6860E-02
  7.2479E+02  6.0010E-02 -3.6840E-02
  7.2600E+02  5.9934E-02 -3.6820E-02
  7.2721E+02  5.9864E-02 -3.6800E-02
  7.2842E+02  5.9799E-02 -3.6781E-02
  7.2963E+02  5.9739E-02 -3.6762E-02
  7.3084E+02  5.9683E-02 -3.6744E-02
  7.3205E+02  5.9630E-02 -3.6725E-02
  7.3326E+02  5.9580E-02 -3.6708E-02
  7.3447E+02  5.9530E-02 -3.6690E-02
  7.3568E+02  5.9480E-02 -3.6673E-02
  7.3689E+02  5.9429E-02 -3.6656E-02
  7.3810E+02  5.9376E-02 -3.6640E-02
  7.3931E+02  5.9320E-02 -3.6623E-02
  7.4052E+02  5.9259E-02 -3.6607E-02
  7.4173E+02  5.9194E-02 -3.6591E-02
  7.4294E+02  5.9125E-02 -3.6576E-02
  7.4415E+02  5.9051E-02 -3.6560E-02
  7.4536E+02  5.8972E-02 -3.6545E-02
  7.4657E+02  5.8890E-02 -3.6529E-02
  7.4778E+02  5.8804E-02 -3.6514E-02
  7.4899E+02  5.8717E-02 -3.6498E-02
  7.5020E+02  5.8629E-02 -3.6483E-02
  7.5141E+02  5.8541E-02 -3.6468E-02
  7.5262E+02  5.8454E-02 -3.6452E-02
  7.5383E+02  5.8370E-02 -3.6437E-02
  7.5504E+02  5.8289E-02 -3.6422E-02
  7.5625E+02  5.8212E-02 -3.6407E-02
  7.5746E+02  5.8139E-02 -3.6392E-02
  7.5867E+02  5.8070E-02 -3.6377E-02
  7.5988E+02  5.8006E-02 -3.6363E-02
  7.6109E+02  5.7944E-02 -3.6349E-02
  7.6230E+02  5.7886E-02 -3.6335E-02
  7.6351E+02  5.7829E-02 -3.6322E-02
  7.6472E+02  5.7773E-02 -3.6309E-02
  7.6593E+02  5.7717E-02 -3.6296E-02
  7.6714E+02  5.7659E-02 -3.6284E-02
  7.6835E+02  5.7598E-02 -3.6271E-02
  7.6956E+02  5.7534E-02 -3.6259E-02
  7.7077E+02  5.7465E-02 -3.6248E-02
  7.7198E+02  5.7392E-02 -3.6236E-02
  7.7319E+02  5.7314E-02 -3.6224E-02
  7.7440E+02  5.7231E-02 -3.6213E-02
  7.7561E+02  5.7143E-02 -3.6201E-02
  7.7682E+02  5.7051E-02 -3.6190E-02
  7.7803E+02  5.6955E-02 -3.6178E-02
  7.7924E+02  5.6856E-02 -3.6166E-02
  7.8045E+02  5.6754E-02 -3.6154E-02
  7.8166E+02  5.6650E-02 -3.6142E-02
  7.8287E+02  5.6545E-02 -3.6130E-02
  7.8408E+02  5.6439E-02 -3.6118E-02
  7.8529E+02  5.6332E-02 -3.6106E-02
  7.8650E+02  5.6224E-02 -3.6093E-02
  7.8771E+02  5.6117E-02 -3.6081E-02
  7.8892E+02  5.6009E-02 -3.6068E-02
  7.9013E+02  5.5901E-02 -3.6055E-02
  7.9134E+02  5.5793E-02 -3.6042E-02
  7.9255E+02  5.5684E-02 -3.6030E-02
  7.9376E+02  5.5574E-02 -3.6017E-02
  7.9497E+02  5.5464E-02 -3.6003E-02
  7.9618E+02  5.5352E-02 -3.5990E-02
  7.9739E+02  5.5239E-02 -3.5977E-02
  7.9860E+02  5.5124E-02 -3.5963E-02
  7.9981E+02  5.5007E-02 -3.5950E-02
  8.0102E+02  5.4889E-02 -3.5936E-02
  8.0223E+02  5.4769E-02 -3.5922E-02
  8.0344E+02  5.4648E-02 -3.5908E-02
  8.0465E+02  5.4526E-02 -3.5893E-02
  8.0586E+02  5.4402E-02 -3.5879E-02
  8.0707E+02  5.4278E-02 -3.5864E-02
  8.0828E+02  5.4152E-02 -3.5849E-02
  8.0949E+02  5.4027E-02 -3.5834E-02
  8.1070E+02  5.3901E-02 -3.5818E-02
  8.1191E+02  5.3775E-02 -3.5802E-02
  8.1312E+02  5.3649E-02 -3.5786E-02
  8.1433E+02  5.3523E-02 -3.5770E-02
  8.1554E+02  5.3396E-02 -3.5754E-02
  8.1675E+02  5.3269E-02 -3.5737E-02
  8.1796E+02  5.3140E-02 -3.5720E-02
  8.1917E+02  5.3011E-02 -3.5703E-02
  8.2038E+02  5.2880E-02 -3.5685E-02
  8.2159E+02  5.2749E-02 -3.5668E-02
  8.2280E+02  5.2616E-02 -3.5650E-02
  8.2401E+02  5.2482E-02 -3.5631E-02
  8.2522E+02  5.2348E-02 -3.5613E-02
  8.2643E+02  5.2214E-02 -3.5594E-02
  8.2764E+02  5.2080E-02 -3.5575E-02
  8.2885E+02  5.1948E-02 -3.5556E-02
  8.3006E+02  5.1817E-02 -3.5536E-02
  8.3127E+02  5.1689E-02 -3.5516E-02
  8.3248E+02  5.1565E-02 -3.5496E-02
  8.3369E+02  5.1443E-02 -3.5476E-02
  8.3490E+02  5.1325E-02 -3.5455E-02
  8.3611E+02  5.1211E-02 -3.5435E-02
  8.3732E+02  5.1100E-02 -3.5414E-02
  8.3853E+02  5.0992E-02 -3.5393E-02
  8.3974E+02  5.0886E-02 -3.5373E-02
  8.4095E+02  5.0783E-02 -3.5352E-02
  8.4216E+02  5.0680E-02 -3.5331E-02
  8.4337E+02  5.0578E-02 -3.5310E-02
  8.4458E+02  5.0475E-02 -3.5289E-02
  8.4579E+02  5.0373E-02 -3.5268E-02
  8.4700E+02  5.0270E-02 -3.5247E-02
  8.4821E+02  5.0167E-02 -3.5226E-02
  8.4942E+02  5.0063E-02 -3.5204E-02
  8.5063E+02  4.9961E-02 -3.5183E-02
  8.5184E+02  4.9860E-02 -3.5162E-02
  8.5305E+02  4.9761E-02 -3.5140E-02
  8.5426E+02  4.9665E-02 -3.5119E-02
  8.5547E+02  4.9573E-02 -3.5097E-02
  8.5668E+02  4.9485E-02 -3.5075E-02
  8.5789E+02  4.9403E-02 -3.5054E-02
  8.5910E+02  4.9325E-02 -3.5032E-02
  8.6031E+02  4.9253E-02 -3.5011E-02
  8.6152E+02  4.9186E-02 -3.4990E-02
  8.6273E+02  4.9123E-02 -3.4969E-02
  8.6394E+02  4.9063E-02 -3.4949E-02
  8.6515E+02  4.9007E-02 -3.4928E-02
  8.6636E+02  4.8953E-02 -3.4908E-02
  8.6757E+02  4.8899E-02 -3.4888E-02
  8.6878E+02  4.8847E-02 -3.4868E-02
  8.6999E+02  4.8794E-02 -3.4849E-02
  8.7120E+02  4.8742E-02 -3.4830E-02
  8.7241E+02  4.8689E-02 -3.4811E-02
  8.7362E+02  4.8636E-02 -3.4792E-02
  8.7483E+02  4.8584E-02 -3.4773E-02
  8.7604E+02  4.8533E-02 -3.4755E-02
  8.7725E+02  4.8483E-02 -3.4737E-02
  8.7846E+02  4.8436E-02 -3.4719E-02
  8.7967E+02  4.8393E-02 -3.4702E-02
  8.8088E+02  4.8353E-02 -3.4684E-02
  8.8209E+02  4.8317E-02 -3.4667E-02
  8.8330E+02  4.8286E-02 -3.4650E-02
  8.8451E+02  4.8258E-02 -3.4634E-02
  8.8572E+02  4.8235E-02 -3.4618E-02
  8.8693E+02  4.8215E-02 -3.4603E-02
  8.8814E+02  4.8198E-02 -3.4588E-02
  8.8935E+02  4.8183E-02 -3.4573E-02
  8.9056E+02  4.8169E-02 -3.4559E-02
  8.9177E+02  4.8156E-02 -3.4545E-02
  8.9298E+02  4.8143E-02 -3.4532E-02
  8.9419E+02  4.8129E-02 -3.4519E-02
  8.9540E+02  4.8114E-02 -3.4506E-02
  8.9661E+02  4.8097E-02 -3.4494E-02
  8.9782E+02  4.8080E-02 -3.4483E-02
  8.9903E+02  4.8061E-02 -3.4471E-02
  9.0024E+02  4.8041E-02 -3.4460E-02
  9.0145E+02  4.8021E-02 -3.4449E-02
  9.0266E+02  4.8001E-02 -3.4439E-02
  9.0387E+02  4.7981E-02 -3.4429E-02
  9.0508E+02  4.7962E-02 -3.4419E-02
  9.0629E+02  4.7943E-02 -3.4410E-02
  9.0750E+02  4.7926E-02 -3.4401E-02
  9.0871E+02  4.7910E-02 -3.4392E-02
  9.0992E+02  4.7896E-02 -3.4383E-02
  9.1113E+02  4.7882E-02 -3.4375E-02
  9.1234E+02  4.7870E-02 -3.4368E-02
  9.1355E+02  4.7858E-02 -3.4360E-02
  9.1476E+02  4.7846E-02 -3.4353E-02
  9.1597E+02  4.7834E-02 -3.4347E-02
  9.1718E+02  4.7821E-02 -3.4340E-02
  9.1839E+02  4.7808E-02 -3.4335E-02
  9.1960E+02  4.7793E-02 -3.4329E-02
  9.2081E+02  4.7776E-02 -3.4324E-02
  9.2202E+02  4.7757E-02 -3.4318E-02
  9.2323E+02  4.7735E-02 -3.4314E-02
  9.2444E+02  4.7711E-02 -3.4309E-02
  9.2565E+02  4.7684E-02 -3.4305E-02
  9.2686E+02  4.7654E-02 -3.4300E-02
  9.2807E+02  4.7620E-02 -3.4296E-02
  9.2928E+02  4.7584E-02 -3.4292E-02
  9.3049E+02  4.7546E-02 -3.4288E-02
  9.3170E+02  4.7504E-02 -3.4285E-02
  9.3291E+02  4.7460E-02 -3.4281E-02
  9.3412E+02  4.7414E-02 -3.4277E-02
  9.3533E+02  4.7366E-02 -3.4273E-02
  9.3654E+02  4.7317E-02 -3.4270E-02
  9.3775E+02  4.7267E-02 -3.4266E-02
  9.3896E+02  4.7217E-02 -3.4262E-02
  9.4017E+02  4.7165E-02 -3.4259E-02
  9.4138E+02  4.7114E-02 -3.4255E-02
  9.4259E+02  4.7062E-02 -3.4251E-02
  9.4380E+02  4.7010E-02 -3.4248E-02
  9.4501E+02  4.6958E-02 -3.4244E-02
  9.4622E+02  4.6904E-02 -3.4240E-02
  9.4743E+02  4.6849E-02 -3.4237E-02
  9.4864E+02  4.6791E-02 -3.4233E-02
  9.4985E+02  4.6731E-02 -3.4229E-02
  9.5106E+02  4.6667E-02 -3.4225E-02
  9.5227E+02  4.6599E-02 -3.4221E-02
  9.5348E+02  4.6527E-02 -3.4217E-02
  9.5469E+02  4.6451E-02 -3.4213E-02
  9.5590E+02  4.6369E-02 -3.4208E-02
  9.5711E+02  4.6283E-02 -3.4203E-02
  9.5832E+02  4.6193E-02 -3.4198E-02
  9.5953E+02  4.6099E-02 -3.4193E-02
  9.6074E+02  4.6003E-02 -3.4187E-02
  9.6195E+02  4.5903E-02 -3.4181E-02
  9.6316E+02  4.5803E-02 -3.4174E-02
  9.6437E+02  4.5701E-02 -3.4167E-02
  9.6558E+02  4.5599E-02 -3.4160E-02
  9.6679E+02  4.5498E-02 -3.4152E-02
  9.6800E+02  4.5398E-02 -3.4144E-02
  9.6921E+02  4.5299E-02 -3.4136E-02
  9.7042E+02  4.5200E-02 -3.4127E-02
  9.7163E+02  4.5103E-02 -3.4118E-02
  9.7284E+02  4.5006E-02 -3.4109E-02
  9.7405E+02  4.4909E-02 -3.4099E-02
  9.7526E+02  4.4812E-02 -3.4090E-02
  9.7647E+02  4.4713E-02 -3.4079E-02
  9.7768E+02  4.4613E-02 -3.4069E-02
  9.7889E+02  4.4510E-02 -3.4058E-02
  9.8010E+02  4.4405E-02 -3.4047E-02
  9.8131E+02  4.4296E-02 -3.4035E-02
  9.8252E+02  4.4185E-02 -3.4023E-02
  9.8373E+02  4.4070E-02 -3.4011E-02
  9.8494E+02  4.3952E-02 -3.3998E-02
  9.8615E+02  4.3832E-02 -3.3985E-02
  9.8736E+02  4.3710E-02 -3.3971E-02
  9.8857E+02  4.3586E-02 -3.3957E-02
  9.8978E+02  4.3461E-02 -3.3942E-02
  9.9099E+02  4.3337E-02 -3.3927E-02
  9.9220E+02  4.3213E-02 -3.3911E-02
  9.9341E+02  4.3090E-02 -3.3895E-02
  9.9462E+02  4.2969E-02 -3.3878E-02
  9.9583E+02  4.2850E-02 -3.3861E-02
  9.9704E+02  4.2733E-02 -3.3844E-02
  9.9825E+02  4.2619E-02 -3.3826E-02
  9.9946E+02  4.2508E-02 -3.3808E-02
  1.0007E+03  4.2399E-02 -3.3789E-02
  1.0019E+03  4.2292E-02 -3.3770E-02
  1.0031E+03  4.2187E-02 -3.3751E-02
  1.0043E+03  4.2085E-02 -3.3732E-02
  1.0055E+03  4.1983E-02 -3.3712E-02
  1.0067E+03  4.1883E-02 -3.3692E-02
  1.0079E+03  4.1783E-02 -3.3672E-02
  1.0091E+03  4.1684E-02 -3.3652E-02
  1.0103E+03  4.1585E-02 -3.3631E-02
  1.0116E+03  4.1486E-02 -3.3610E-02
  1.0128E+03  4.1387E-02 -3.3589E-02
  1.0140E+03  4.1288E-02 -3.3568E-02
  1.0152E+03  4.1189E-02 -3.3546E-02
  1.0164E+03  4.1090E-02 -3.3524E-02
  1.0176E+03  4.0991E-02 -3.3502E-02
  1.0188E+03  4.0893E-02 -3.3480E-02
  1.0200E+03  4.0797E-02 -3.3457E-02
  1.0212E+03  4.0702E-02 -3.3434E-02
  1.0224E+03  4.0609E-02 -3.3411E-02
  1.0237E+03  4.0519E-02 -3.3388E-02
  1.0249E+03  4.0431E-02 -3.3365E-02
  1.0261E+03  4.0347E-02 -3.3341E-02
  1.0273E+03  4.0267E-02 -3.3317E-02
  1.0285E+03  4.0190E-02 -3.3294E-02
  1.0297E+03  4.0118E-02 -3.3270E-02
  1.0309E+03  4.0049E-02 -3.3247E-02
  1.0321E+03  3.9985E-02 -3.3223E-02
  1.0333E+03  3.9924E-02 -3.3199E-02
  1.0345E+03  3.9867E-02 -3.3176E-02
  1.0358E+03  3.9813E-02 -3.3152E-02
  1.0370E+03  3.9762E-02 -3.3129E-02
  1.0382E+03  3.9714E-02 -3.3106E-02
  1.0394E+03  3.9668E-02 -3.3083E-02
  1.0406E+03  3.9625E-02 -3.3060E-02
  1.0418E+03  3.9584E-02 -3.3038E-02
  1.0430E+03  3.9544E-02 -3.3015E-02
  1.0442E+03  3.9507E-02 -3.2993E-02
  1.0454E+03  3.9471E-02 -3.2971E-02
  1.0466E+03  3.9436E-02 -3.2949E-02
  1.0479E+03  3.9403E-02 -3.2928E-02
  1.0491E+03  3.9372E-02 -3.2906E-02
  1.0503E+03  3.9342E-02 -3.2885E-02
  1.0515E+03  3.9314E-02 -3.2865E-02
  1.0527E+03  3.9288E-02 -3.2844E-02
  1.0539E+03  3.9263E-02 -3.2824E-02
  1.0551E+03  3.9241E-02 -3.2804E-02
  1.0563E+03  3.9220E-02 -3.2784E-02
  1.0575E+03  3.9202E-02 -3.2764E-02
  1.0587E+03  3.9187E-02 -3.2745E-02
  1.0600E+03  3.9175E-02 -3.2726E-02
  1.0612E+03  3.9165E-02 -3.2708E-02
  1.0624E+03  3.9159E-02 -3.2690E-02
  1.0636E+03  3.9157E-02 -3.2672E-02
  1.0648E+03  3.9158E-02 -3.2655E-02
  1.0660E+03  3.9163E-02 -3.2639E-02
  1.0672E+03  3.9171E-02 -3.2622E-02
  1.0684E+03  3.9184E-02 -3.2607E-02
  1.0696E+03  3.9199E-02 -3.2591E-02
  1.0708E+03  3.9217E-02 -3.2577E-02
  1.0721E+03  3.9238E-02 -3.2563E-02
  1.0733E+03  3.9261E-02 -3.2549E-02
  1.0745E+03  3.9284E-02 -3.2536E-02
  1.0757E+03  3.9309E-02 -3.2524E-02
  1.0769E+03  3.9334E-02 -3.2512E-02
  1.0781E+03  3.9358E-02 -3.2501E-02
  1.0793E+03  3.9382E-02 -3.2490E-02
  1.0805E+03  3.9405E-02 -3.2479E-02
  1.0817E+03  3.9426E-02 -3.2470E-02
  1.0829E+03  3.9447E-02 -3.2460E-02
  1.0842E+03  3.9468E-02 -3.2451E-02
  1.0854E+03  3.9488E-02 -3.2443E-02
  1.0866E+03  3.9508E-02 -3.2435E-02
  1.0878E+03  3.9529E-02 -3.2428E-02
  1.0890E+03  3.9551E-02 -3.2420E-02
  1.0902E+03  3.9574E-02 -3.2414E-02
  1.0914E+03  3.9599E-02 -3.2408E-02
  1.0926E+03  3.9625E-02 -3.2402E-02
  1.0938E+03  3.9653E-02 -3.2397E-02
  1.0950E+03  3.9683E-02 -3.2392E-02
  1.0963E+03  3.9714E-02 -3.2388E-02
  1.0975E+03  3.9747E-02 -3.2385E-02
  1.0987E+03  3.9779E-02 -3.2382E-02
  1.0999E+03  3.9812E-02 -3.2379E-02
  1.1011E+03  3.9844E-02 -3.2377E-02
  1.1023E+03  3.9875E-02 -3.2375E-02
  1.1035E+03  3.9904E-02 -3.2374E-02
  1.1047E+03  3.9932E-02 -3.2374E-02
  1.1059E+03  3.9958E-02 -3.2373E-02
  1.1071E+03  3.9982E-02 -3.2374E-02
  1.1084E+03  4.0004E-02 -3.2374E-02
  1.1096E+03  4.0024E-02 -3.2375E-02
  1.1108E+03  4.0043E-02 -3.2376E-02
  1.1120E+03  4.0059E-02 -3.2378E-02
  1.1132E+03  4.0074E-02 -3.2379E-02
  1.1144E+03  4.0088E-02 -3.2382E-02
  1.1156E+03  4.0100E-02 -3.2384E-02
  1.1168E+03  4.0111E-02 -3.2387E-02
  1.1180E+03  4.0120E-02 -3.2389E-02
  1.1192E+03  4.0128E-02 -3.2393E-02
  1.1205E+03  4.0133E-02 -3.2396E-02
  1.1217E+03  4.0136E-02 -3.2399E-02
  1.1229E+03  4.0136E-02 -3.2403E-02
  1.1241E+03  4.0134E-02 -3.2407E-02
  1.1253E+03  4.0129E-02 -3.2411E-02
  1.1265E+03  4.0120E-02 -3.2415E-02
  1.1277E+03  4.0108E-02 -3.2419E-02
  1.1289E+03  4.0093E-02 -3.2423E-02
  1.1301E+03  4.0075E-02 -3.2427E-02
  1.1313E+03  4.0055E-02 -3.2432E-02
  1.1326E+03  4.0031E-02 -3.2436E-02
  1.1338E+03  4.0005E-02 -3.2440E-02
  1.1350E+03  3.9976E-02 -3.2444E-02
  1.1362E+03  3.9946E-02 -3.2448E-02
  1.1374E+03  3.9913E-02 -3.2452E-02
  1.1386E+03  3.9879E-02 -3.2456E-02
  1.1398E+03  3.9842E-02 -3.2460E-02
  1.1410E+03  3.9804E-02 -3.2463E-02
  1.1422E+03  3.9763E-02 -3.2466E-02
  1.1434E+03  3.9719E-02 -3.2470E-02
  1.1447E+03  3.9672E-02 -3.2473E-02
  1.1459E+03  3.9622E-02 -3.2476E-02
  1.1471E+03  3.9569E-02 -3.2478E-02
  1.1483E+03  3.9512E-02 -3.2481E-02
  1.1495E+03  3.9451E-02 -3.2483E-02
  1.1507E+03  3.9385E-02 -3.2484E-02
  1.1519E+03  3.9316E-02 -3.2486E-02
  1.1531E+03  3.9243E-02 -3.2487E-02
  1.1543E+03  3.9165E-02 -3.2487E-02
  1.1555E+03  3.9084E-02 -3.2487E-02
  1.1568E+03  3.9000E-02 -3.2487E-02
  1.1580E+03  3.8912E-02 -3.2486E-02
  1.1592E+03  3.8822E-02 -3.2485E-02
  1.1604E+03  3.8728E-02 -3.2483E-02
  1.1616E+03  3.8633E-02 -3.2481E-02
  1.1628E+03  3.8535E-02 -3.2478E-02
  1.1640E+03  3.8435E-02 -3.2475E-02
  1.1652E+03  3.8333E-02 -3.2471E-02
  1.1664E+03  3.8229E-02 -3.2466E-02
  1.1676E+03  3.8123E-02 -3.2461E-02
  1.1689E+03  3.8015E-02 -3.2455E-02
  1.1701E+03  3.7905E-02 -3.2449E-02
  1.1713E+03  3.7793E-02 -3.2442E-02
  1.1725E+03  3.7679E-02 -3.2435E-02
  1.1737E+03  3.7564E-02 -3.2427E-02
  1.1749E+03  3.7446E-02 -3.2418E-02
  1.1761E+03  3.7326E-02 -3.2409E-02
  1.1773E+03  3.7204E-02 -3.2399E-02
  1.1785E+03  3.7080E-02 -3.2389E-02
  1.1798E+03  3.6954E-02 -3.2377E-02
  1.1810E+03  3.6826E-02 -3.2365E-02
  1.1822E+03  3.6696E-02 -3.2353E-02
  1.1834E+03  3.6565E-02 -3.2340E-02
  1.1846E+03  3.6431E-02 -3.2326E-02
  1.1858E+03  3.6297E-02 -3.2311E-02
  1.1870E+03  3.6161E-02 -3.2296E-02
  1.1882E+03  3.6024E-02 -3.2280E-02
  1.1894E+03  3.5886E-02 -3.2263E-02
  1.1906E+03  3.5747E-02 -3.2245E-02
  1.1919E+03  3.5608E-02 -3.2227E-02
  1.1931E+03  3.5468E-02 -3.2209E-02
  1.1943E+03  3.5329E-02 -3.2189E-02
  1.1955E+03  3.5190E-02 -3.2169E-02
  1.1967E+03  3.5051E-02 -3.2148E-02
  1.1979E+03  3.4913E-02 -3.2127E-02
  1.1991E+03  3.4776E-02 -3.2105E-02
  1.2003E+03  3.4639E-02 -3.2082E-02
  1.2015E+03  3.4503E-02 -3.2059E-02
  1.2027E+03  3.4368E-02 -3.2035E-02
  1.2040E+03  3.4234E-02 -3.2010E-02
  1.2052E+03  3.4100E-02 -3.1985E-02
  1.2064E+03  3.3967E-02 -3.1960E-02
  1.2076E+03  3.3834E-02 -3.1934E-02
  1.2088E+03  3.3702E-02 -3.1907E-02
  1.2100E+03  3.3571E-02 -3.1880E-02
  1.2112E+03  3.3441E-02 -3.1852E-02
  1.2124E+03  3.3311E-02 -3.1824E-02
  1.2136E+03  3.3183E-02 -3.1795E-02
  1.2148E+03  3.3056E-02 -3.1766E-02
  1.2161E+03  3.2932E-02 -3.1736E-02
  1.2173E+03  3.2809E-02 -3.1706E-02
  1.2185E+03  3.2688E-02 -3.1676E-02
  1.2197E+03  3.2570E-02 -3.1645E-02
  1.2209E+03  3.2455E-02 -3.1614E-02
  1.2221E+03  3.2343E-02 -3.1582E-02
  1.2233E+03  3.2234E-02 -3.1550E-02
  1.2245E+03  3.2128E-02 -3.1518E-02
  1.2257E+03  3.2025E-02 -3.1486E-02
  1.2269E+03  3.1926E-02 -3.1453E-02
  1.2282E+03  3.1829E-02 -3.1420E-02
  1.2294E+03  3.1735E-02 -3.1387E-02
  1.2306E+03  3.1644E-02 -3.1354E-02
  1.2318E+03  3.1556E-02 -3.1321E-02
  1.2330E+03  3.1470E-02 -3.1287E-02
  1.2342E+03  3.1386E-02 -3.1254E-02
  1.2354E+03  3.1306E-02 -3.1220E-02
  1.2366E+03  3.1227E-02 -3.1187E-02
  1.2378E+03  3.1152E-02 -3.1153E-02
  1.2390E+03  3.1079E-02 -3.1119E-02
  1.2403E+03  3.1009E-02 -3.1086E-02
  1.2415E+03  3.0942E-02 -3.1052E-02
  1.2427E+03  3.0879E-02 -3.1019E-02
  1.2439E+03  3.0819E-02 -3.0985E-02
  1.2451E+03  3.0763E-02 -3.0952E-02
  1.2463E+03  3.0711E-02 -3.0919E-02
  1.2475E+03  3.0663E-02 -3.0886E-02
  1.2487E+03  3.0620E-02 -3.0853E-02
  1.2499E+03  3.0580E-02 -3.0821E-02
  1.2511E+03  3.0545E-02 -3.0788E-02
  1.2524E+03  3.0513E-02 -3.0756E-02
  1.2536E+03  3.0486E-02 -3.0725E-02
  1.2548E+03  3.0463E-02 -3.0694E-02
  1.2560E+03  3.0444E-02 -3.0663E-02
  1.2572E+03  3.0428E-02 -3.0632E-02
  1.2584E+03  3.0416E-02 -3.0602E-02
  1.2596E+03  3.0406E-02 -3.0573E-02
  1.2608E+03  3.0400E-02 -3.0544E-02
  1.2620E+03  3.0397E-02 -3.0515E-02
  1.2632E+03  3.0397E-02 -3.0487E-02
  1.2645E+03  3.0399E-02 -3.0459E-02
  1.2657E+03  3.0404E-02 -3.0432E-02
  1.2669E+03  3.0412E-02 -3.0406E-02
  1.2681E+03  3.0422E-02 -3.0380E-02
  1.2693E+03  3.0435E-02 -3.0354E-02
  1.2705E+03  3.0451E-02 -3.0329E-02
  1.2717E+03  3.0469E-02 -3.0305E-02
  1.2729E+03  3.0491E-02 -3.0282E-02
  1.2741E+03  3.0516E-02 -3.0259E-02
  1.2753E+03  3.0545E-02 -3.0236E-02
  1.2766E+03  3.0577E-02 -3.0215E-02
  1.2778E+03  3.0612E-02 -3.0194E-02
  1.2790E+03  3.0651E-02 -3.0174E-02
  1.2802E+03  3.0693E-02 -3.0154E-02
  1.2814E+03  3.0738E-02 -3.0135E-02
  1.2826E+03  3.0787E-02 -3.0117E-02
  1.2838E+03  3.0839E-02 -3.0100E-02
  1.2850E+03  3.0893E-02 -3.0084E-02
  1.2862E+03  3.0949E-02 -3.0068E-02
  1.2874E+03  3.1007E-02 -3.0053E-02
  1.2887E+03  3.1067E-02 -3.0039E-02
  1.2899E+03  3.1128E-02 -3.0026E-02
  1.2911E+03  3.1190E-02 -3.0014E-02
  1.2923E+03  3.1254E-02 -3.0002E-02
  1.2935E+03  3.1317E-02 -2.9992E-02
  1.2947E+03  3.1382E-02 -2.9982E-02
  1.2959E+03  3.1447E-02 -2.9973E-02
  1.2971E+03  3.1514E-02 -2.9964E-02
  1.2983E+03  3.1581E-02 -2.9957E-02
  1.2995E+03  3.1649E-02 -2.9950E-02
  1.3008E+03  3.1718E-02 -2.9944E-02
  1.3020E+03  3.1789E-02 -2.9938E-02
  1.3032E+03  3.1861E-02 -2.9934E-02
  1.3044E+03  3.1935E-02 -2.9930E-02
  1.3056E+03  3.2010E-02 -2.9927E-02
  1.3068E+03  3.2087E-02 -2.9925E-02
  1.3080E+03  3.2165E-02 -2.9924E-02
  1.3092E+03  3.2244E-02 -2.9924E-02
  1.3104E+03  3.2323E-02 -2.9924E-02
  1.3116E+03  3.2404E-02 -2.9925E-02
  1.3129E+03  3.2484E-02 -2.9927E-02
  1.3141E+03  3.2564E-02 -2.9929E-02
  1.3153E+03  3.2644E-02 -2.9933E-02
  1.3165E+03  3.2724E-02 -2.9937E-02
  1.3177E+03  3.2802E-02 -2.9942E-02
  1.3189E+03  3.2880E-02 -2.9947E-02
  1.3201E+03  3.2956E-02 -2.9953E-02
  1.3213E+03  3.3032E-02 -2.9960E-02
  1.3225E+03  3.3106E-02 -2.9968E-02
  1.3237E+03  3.3179E-02 -2.9976E-02
  1.3250E+03  3.3252E-02 -2.9985E-02
  1.3262E+03  3.3323E-02 -2.9994E-02
  1.3274E+03  3.3394E-02 -3.0004E-02
  1.3286E+03  3.3463E-02 -3.0014E-02
  1.3298E+03  3.3532E-02 -3.0025E-02
  1.3310E+03  3.3599E-02 -3.0037E-02
  1.3322E+03  3.3665E-02 -3.0049E-02
  1.3334E+03  3.3730E-02 -3.0061E-02
  1.3346E+03  3.3794E-02 -3.0074E-02
  1.3358E+03  3.3856E-02 -3.0088E-02
  1.3371E+03  3.3916E-02 -3.0102E-02
  1.3383E+03  3.3975E-02 -3.0116E-02
  1.3395E+03  3.4032E-02 -3.0131E-02
  1.3407E+03  3.4088E-02 -3.0146E-02
  1.3419E+03  3.4141E-02 -3.0162E-02
  1.3431E+03  3.4193E-02 -3.0178E-02
  1.3443E+03  3.4243E-02 -3.0194E-02
  1.3455E+03  3.4291E-02 -3.0210E-02
  1.3467E+03  3.4337E-02 -3.0227E-02
  1.3479E+03  3.4382E-02 -3.0244E-02
  1.3492E+03  3.4424E-02 -3.0261E-02
  1.3504E+03  3.4464E-02 -3.0279E-02
  1.3516E+03  3.4502E-02 -3.0296E-02
  1.3528E+03  3.4537E-02 -3.0314E-02
  1.3540E+03  3.4569E-02 -3.0332E-02
  1.3552E+03  3.4599E-02 -3.0350E-02
  1.3564E+03  3.4625E-02 -3.0368E-02
  1.3576E+03  3.4648E-02 -3.0386E-02
  1.3588E+03  3.4668E-02 -3.0405E-02
  1.3600E+03  3.4685E-02 -3.0423E-02
  1.3613E+03  3.4698E-02 -3.0441E-02
  1.3625E+03  3.4708E-02 -3.0459E-02
  1.3637E+03  3.4714E-02 -3.0477E-02
  1.3649E+03  3.4718E-02 -3.0495E-02
  1.3661E+03  3.4719E-02 -3.0513E-02
  1.3673E+03  3.4718E-02 -3.0531E-02
  1.3685E+03  3.4714E-02 -3.0548E-02
  1.3697E+03  3.4707E-02 -3.0566E-02
  1.3709E+03  3.4699E-02 -3.0583E-02
  1.3721E+03  3.4688E-02 -3.0600E-02
  1.3734E+03  3.4675E-02 -3.0616E-02
  1.3746E+03  3.4659E-02 -3.0633E-02
  1.3758E+03  3.4641E-02 -3.0649E-02
  1.3770E+03  3.4621E-02 -3.0665E-02
  1.3782E+03  3.4597E-02 -3.0680E-02
  1.3794E+03  3.4571E-02 -3.0695E-02
  1.3806E+03  3.4541E-02 -3.0710E-02
  1.3818E+03  3.4507E-02 -3.0725E-02
  1.3830E+03  3.4470E-02 -3.0739E-02
  1.3842E+03  3.4429E-02 -3.0752E-02
  1.3855E+03  3.4384E-02 -3.0765E-02
  1.3867E+03  3.4335E-02 -3.0778E-02
  1.3879E+03  3.4283E-02 -3.0790E-02
  1.3891E+03  3.4227E-02 -3.0802E-02
  1.3903E+03  3.4168E-02 -3.0813E-02
  1.3915E+03  3.4105E-02 -3.0823E-02
  1.3927E+03  3.4040E-02 -3.0833E-02
  1.3939E+03  3.3971E-02 -3.0842E-02
  1.3951E+03  3.3900E-02 -3.0851E-02
  1.3963E+03  3.3826E-02 -3.0859E-02
  1.3976E+03  3.3750E-02 -3.0866E-02
  1.3988E+03  3.3671E-02 -3.0872E-02
  1.4000E+03  3.3590E-02 -3.0878E-02
  1.4012E+03  3.3507E-02 -3.0884E-02
  1.4024E+03  3.3421E-02 -3.0888E-02
  1.4036E+03  3.3333E-02 -3.0892E-02
  1.4048E+03  3.3242E-02 -3.0895E-02
  1.4060E+03  3.3149E-02 -3.0897E-02
  1.4072E+03  3.3053E-02 -3.0899E-02
  1.4084E+03  3.2955E-02 -3.0900E-02
  1.4097E+03  3.2854E-02 -3.0900E-02
  1.4109E+03  3.2750E-02 -3.0899E-02
  1.4121E+03  3.2644E-02 -3.0898E-02
  1.4133E+03  3.2535E-02 -3.0896E-02
  1.4145E+03  3.2423E-02 -3.0893E-02
  1.4157E+03  3.2309E-02 -3.0889E-02
  1.4169E+03  3.2193E-02 -3.0884E-02
  1.4181E+03  3.2074E-02 -3.0878E-02
  1.4193E+03  3.1953E-02 -3.0872E-02
  1.4205E+03  3.1829E-02 -3.0865E-02
  1.4218E+03  3.1704E-02 -3.0856E-02
  1.4230E+03  3.1577E-02 -3.0847E-02
  1.4242E+03  3.1448E-02 -3.0838E-02
  1.4254E+03  3.1317E-02 -3.0827E-02
  1.4266E+03  3.1184E-02 -3.0815E-02
  1.4278E+03  3.1050E-02 -3.0803E-02
  1.4290E+03  3.0914E-02 -3.0789E-02
  1.4302E+03  3.0777E-02 -3.0775E-02
  1.4314E+03  3.0639E-02 -3.0760E-02
  1.4326E+03  3.0500E-02 -3.0744E-02
  1.4339E+03  3.0360E-02 -3.0727E-02
  1.4351E+03  3.0218E-02 -3.0709E-02
  1.4363E+03  3.0076E-02 -3.0691E-02
  1.4375E+03  2.9933E-02 -3.0672E-02
  1.4387E+03  2.9790E-02 -3.0651E-02
  1.4399E+03  2.9645E-02 -3.0630E-02
  1.4411E+03  2.9500E-02 -3.0609E-02
  1.4423E+03  2.9355E-02 -3.0586E-02
  1.4435E+03  2.9208E-02 -3.0562E-02
  1.4447E+03  2.9062E-02 -3.0538E-02
  1.4460E+03  2.8915E-02 -3.0513E-02
  1.4472E+03  2.8768E-02 -3.0487E-02
  1.4484E+03  2.8621E-02 -3.0461E-02
  1.4496E+03  2.8474E-02 -3.0433E-02
  1.4508E+03  2.8327E-02 -3.0405E-02
  1.4520E+03  2.8180E-02 -3.0376E-02
  1.4532E+03  2.8033E-02 -3.0347E-02
  1.4544E+03  2.7887E-02 -3.0316E-02
  1.4556E+03  2.7741E-02 -3.0285E-02
  1.4568E+03  2.7595E-02 -3.0254E-02
  1.4581E+03  2.7450E-02 -3.0221E-02
  1.4593E+03  2.7306E-02 -3.0188E-02
  1.4605E+03  2.7162E-02 -3.0155E-02
  1.4617E+03  2.7019E-02 -3.0120E-02
  1.4629E+03  2.6877E-02 -3.0086E-02
  1.4641E+03  2.6736E-02 -3.0050E-02
  1.4653E+03  2.6596E-02 -3.0014E-02
  1.4665E+03  2.6457E-02 -2.9978E-02
  1.4677E+03  2.6320E-02 -2.9941E-02
  1.4689E+03  2.6184E-02 -2.9903E-02
  1.4702E+03  2.6050E-02 -2.9865E-02
  1.4714E+03  2.5917E-02 -2.9827E-02
  1.4726E+03  2.5786E-02 -2.9788E-02
  1.4738E+03  2.5658E-02 -2.9748E-02
  1.4750E+03  2.5531E-02 -2.9709E-02
  1.4762E+03  2.5407E-02 -2.9669E-02
  1.4774E+03  2.5285E-02 -2.9628E-02
  1.4786E+03  2.5165E-02 -2.9588E-02
  1.4798E+03  2.5048E-02 -2.9547E-02
  1.4810E+03  2.4933E-02 -2.9505E-02
  1.4823E+03  2.4821E-02 -2.9464E-02
  1.4835E+03  2.4710E-02 -2.9422E-02
  1.4847E+03  2.4603E-02 -2.9380E-02
  1.4859E+03  2.4497E-02 -2.9338E-02
  1.4871E+03  2.4394E-02 -2.9296E-02
  1.4883E+03  2.4293E-02 -2.9254E-02
  1.4895E+03  2.4194E-02 -2.9211E-02
  1.4907E+03  2.4098E-02 -2.9169E-02
  1.4919E+03  2.4005E-02 -2.9126E-02
  1.4931E+03  2.3914E-02 -2.9083E-02
  1.4944E+03  2.3826E-02 -2.9041E-02
  1.4956E+03  2.3741E-02 -2.8998E-02
  1.4968E+03  2.3658E-02 -2.8956E-02
  1.4980E+03  2.3579E-02 -2.8913E-02
  1.4992E+03  2.3503E-02 -2.8871E-02
  1.5004E+03  2.3430E-02 -2.8829E-02
  1.5016E+03  2.3360E-02 -2.8787E-02
  1.5028E+03  2.3294E-02 -2.8745E-02
  1.5040E+03  2.3231E-02 -2.8703E-02
  1.5052E+03  2.3171E-02 -2.8662E-02
  1.5065E+03  2.3115E-02 -2.8620E-02
  1.5077E+03  2.3062E-02 -2.8580E-02
  1.5089E+03  2.3013E-02 -2.8539E-02
  1.5101E+03  2.2966E-02 -2.8499E-02
  1.5113E+03  2.2923E-02 -2.8459E-02
  1.5125E+03  2.2884E-02 -2.8419E-02
  1.5137E+03  2.2847E-02 -2.8380E-02
  1.5149E+03  2.2814E-02 -2.8341E-02
  1.5161E+03  2.2784E-02 -2.8303E-02
  1.5173E+03  2.2757E-02 -2.8265E-02
  1.5186E+03  2.2734E-02 -2.8228E-02
  1.5198E+03  2.2713E-02 -2.8191E-02
  1.5210E+03  2.2695E-02 -2.8155E-02
  1.5222E+03  2.2680E-02 -2.8119E-02
  1.5234E+03  2.2668E-02 -2.8084E-02
  1.5246E+03  2.2659E-02 -2.8049E-02
  1.5258E+03  2.2653E-02 -2.8015E-02
  1.5270E+03  2.2650E-02 -2.7982E-02
  1.5282E+03  2.2650E-02 -2.7949E-02
  1.5294E+03  2.2653E-02 -2.7917E-02
  1.5307E+03  2.2659E-02 -2.7886E-02
  1.5319E+03  2.2668E-02 -2.7855E-02
  1.5331E+03  2.2680E-02 -2.7825E-02
  1.5343E+03  2.2695E-02 -2.7795E-02
  1.5355E+03  2.2713E-02 -2.7767E-02
  1.5367E+03  2.2734E-02 -2.7739E-02
  1.5379E+03  2.2758E-02 -2.7712E-02
  1.5391E+03  2.2785E-02 -2.7685E-02
  1.5403E+03  2.2815E-02 -2.7660E-02
  1.5415E+03  2.2847E-02 -2.7635E-02
  1.5428E+03  2.2882E-02 -2.7611E-02
  1.5440E+03  2.2919E-02 -2.7588E-02
  1.5452E+03  2.2958E-02 -2.7565E-02
  1.5464E+03  2.3000E-02 -2.7544E-02
  1.5476E+03  2.3043E-02 -2.7523E-02
  1.5488E+03  2.3088E-02 -2.7503E-02
  1.5500E+03  2.3135E-02 -2.7484E-02
  1.5512E+03  2.3184E-02 -2.7466E-02
  1.5524E+03  2.3234E-02 -2.7449E-02
  1.5536E+03  2.3287E-02 -2.7432E-02
  1.5549E+03  2.3341E-02 -2.7416E-02
  1.5561E+03  2.3397E-02 -2.7402E-02
  1.5573E+03  2.3455E-02 -2.7388E-02
  1.5585E+03  2.3515E-02 -2.7375E-02
  1.5597E+03  2.3577E-02 -2.7362E-02
  1.5609E+03  2.3641E-02 -2.7351E-02
  1.5621E+03  2.3706E-02 -2.7341E-02
  1.5633E+03  2.3774E-02 -2.7331E-02
  1.5645E+03  2.3843E-02 -2.7322E-02
  1.5657E+03  2.3913E-02 -2.7314E-02
  1.5670E+03  2.3984E-02 -2.7307E-02
  1.5682E+03  2.4056E-02 -2.7301E-02
  1.5694E+03  2.4130E-02 -2.7296E-02
  1.5706E+03  2.4203E-02 -2.7291E-02
  1.5718E+03  2.4278E-02 -2.7288E-02
  1.5730E+03  2.4352E-02 -2.7285E-02
  1.5742E+03  2.4427E-02 -2.7283E-02
  1.5754E+03  2.4503E-02 -2.7282E-02
  1.5766E+03  2.4578E-02 -2.7282E-02
  1.5778E+03  2.4654E-02 -2.7282E-02
  1.5791E+03  2.4731E-02 -2.7283E-02
  1.5803E+03  2.4808E-02 -2.7285E-02
  1.5815E+03  2.4885E-02 -2.7288E-02
  1.5827E+03  2.4963E-02 -2.7292E-02
  1.5839E+03  2.5041E-02 -2.7296E-02
  1.5851E+03  2.5120E-02 -2.7301E-02
  1.5863E+03  2.5199E-02 -2.7307E-02
  1.5875E+03  2.5279E-02 -2.7313E-02
  1.5887E+03  2.5358E-02 -2.7320E-02
  1.5899E+03  2.5438E-02 -2.7328E-02
  1.5912E+03  2.5518E-02 -2.7337E-02
  1.5924E+03  2.5597E-02 -2.7346E-02
  1.5936E+03  2.5676E-02 -2.7356E-02
  1.5948E+03  2.5754E-02 -2.7366E-02
  1.5960E+03  2.5832E-02 -2.7377E-02
  1.5972E+03  2.5908E-02 -2.7389E-02
  1.5984E+03  2.5984E-02 -2.7401E-02
  1.5996E+03  2.6060E-02 -2.7414E-02
  1.6008E+03  2.6134E-02 -2.7428E-02
  1.6020E+03  2.6207E-02 -2.7442E-02
  1.6033E+03  2.6280E-02 -2.7456E-02
  1.6045E+03  2.6352E-02 -2.7471E-02
  1.6057E+03  2.6423E-02 -2.7487E-02
  1.6069E+03  2.6493E-02 -2.7503E-02
  1.6081E+03  2.6562E-02 -2.7519E-02
  1.6093E+03  2.6630E-02 -2.7536E-02
  1.6105E+03  2.6697E-02 -2.7553E-02
  1.6117E+03  2.6764E-02 -2.7571E-02
  1.6129E+03  2.6829E-02 -2.7589E-02
  1.6141E+03  2.6893E-02 -2.7607E-02
  1.6154E+03  2.6956E-02 -2.7626E-02
  1.6166E+03  2.7018E-02 -2.7645E-02
  1.6178E+03  2.7078E-02 -2.7665E-02
  1.6190E+03  2.7137E-02 -2.7684E-02
  1.6202E+03  2.7195E-02 -2.7704E-02
  1.6214E+03  2.7251E-02 -2.7725E-02
  1.6226E+03  2.7306E-02 -2.7745E-02
  1.6238E+03  2.7360E-02 -2.7766E-02
  1.6250E+03  2.7412E-02 -2.7787E-02
  1.6262E+03  2.7462E-02 -2.7808E-02
  1.6275E+03  2.7511E-02 -2.7829E-02
  1.6287E+03  2.7558E-02 -2.7850E-02
  1.6299E+03  2.7604E-02 -2.7872E-02
  1.6311E+03  2.7648E-02 -2.7893E-02
  1.6323E+03  2.7691E-02 -2.7915E-02
  1.6335E+03  2.7731E-02 -2.7937E-02
  1.6347E+03  2.7770E-02 -2.7959E-02
  1.6359E+03  2.7807E-02 -2.7980E-02
  1.6371E+03  2.7842E-02 -2.8002E-02
  1.6383E+03  2.7875E-02 -2.8024E-02
  1.6396E+03  2.7907E-02 -2.8046E-02
  1.6408E+03  2.7936E-02 -2.8068E-02
  1.6420E+03  2.7964E-02 -2.8089E-02
  1.6432E+03  2.7989E-02 -2.8111E-02
  1.6444E+03  2.8013E-02 -2.8133E-02
  1.6456E+03  2.8035E-02 -2.8154E-02
  1.6468E+03  2.8056E-02 -2.8175E-02
  1.6480E+03  2.8074E-02 -2.8196E-02
  1.6492E+03  2.8091E-02 -2.8217E-02
  1.6504E+03  2.8106E-02 -2.8238E-02
  1.6517E+03  2.8119E-02 -2.8259E-02
  1.6529E+03  2.8131E-02 -2.8279E-02
  1.6541E+03  2.8141E-02 -2.8299E-02
  1.6553E+03  2.8148E-02 -2.8319E-02
  1.6565E+03  2.8154E-02 -2.8339E-02
  1.6577E+03  2.8158E-02 -2.8359E-02
  1.6589E+03  2.8161E-02 -2.8378E-02
  1.6601E+03  2.8161E-02 -2.8397E-02
  1.6613E+03  2.8159E-02 -2.8415E-02
  1.6625E+03  2.8154E-02 -2.8433E-02
  1.6638E+03  2.8148E-02 -2.8451E-02
  1.6650E+03  2.8140E-02 -2.8469E-02
  1.6662E+03  2.8130E-02 -2.8486E-02
  1.6674E+03  2.8117E-02 -2.8503E-02
  1.6686E+03  2.8102E-02 -2.8519E-02
  1.6698E+03  2.8086E-02 -2.8535E-02
  1.6710E+03  2.8067E-02 -2.8551E-02
  1.6722E+03  2.8046E-02 -2.8566E-02
  1.6734E+03  2.8024E-02 -2.8581E-02
  1.6746E+03  2.8000E-02 -2.8595E-02
  1.6759E+03  2.7973E-02 -2.8609E-02
  1.6771E+03  2.7945E-02 -2.8622E-02
  1.6783E+03  2.7916E-02 -2.8635E-02
  1.6795E+03  2.7884E-02 -2.8647E-02
  1.6807E+03  2.7851E-02 -2.8659E-02
  1.6819E+03  2.7816E-02 -2.8670E-02
  1.6831E+03  2.7780E-02 -2.8681E-02
  1.6843E+03  2.7741E-02 -2.8691E-02
  1.6855E+03  2.7702E-02 -2.8701E-02
  1.6867E+03  2.7660E-02 -2.8710E-02
  1.6880E+03  2.7617E-02 -2.8719E-02
  1.6892E+03  2.7571E-02 -2.8727E-02
  1.6904E+03  2.7524E-02 -2.8734E-02
  1.6916E+03  2.7475E-02 -2.8741E-02
  1.6928E+03  2.7425E-02 -2.8748E-02
  1.6940E+03  2.7372E-02 -2.8753E-02
  1.6952E+03  2.7317E-02 -2.8758E-02
  1.6964E+03  2.7261E-02 -2.8763E-02
  1.6976E+03  2.7202E-02 -2.8767E-02
  1.6988E+03  2.7142E-02 -2.8770E-02
  1.7001E+03  2.7081E-02 -2.8773E-02
  1.7013E+03  2.7017E-02 -2.8775E-02
  1.7025E+03  2.6952E-02 -2.8777E-02
  1.7037E+03  2.6886E-02 -2.8778E-02
  1.7049E+03  2.6818E-02 -2.8778E-02
  1.7061E+03  2.6749E-02 -2.8778E-02
  1.7073E+03  2.6678E-02 -2.8777E-02
  1.7085E+03  2.6607E-02 -2.8775E-02
  1.7097E+03  2.6534E-02 -2.8773E-02
  1.7109E+03  2.6460E-02 -2.8770E-02
  1.7122E+03  2.6385E-02 -2.8766E-02
  1.7134E+03  2.6309E-02 -2.8762E-02
  1.7146E+03  2.6231E-02 -2.8757E-02
  1.7158E+03  2.6153E-02 -2.8752E-02
  1.7170E+03  2.6073E-02 -2.8746E-02
  1.7182E+03  2.5992E-02 -2.8739E-02
  1.7194E+03  2.5909E-02 -2.8732E-02
  1.7206E+03  2.5825E-02 -2.8724E-02
  1.7218E+03  2.5741E-02 -2.8716E-02
  1.7230E+03  2.5654E-02 -2.8707E-02
  1.7243E+03  2.5567E-02 -2.8697E-02
  1.7255E+03  2.5479E-02 -2.8687E-02
  1.7267E+03  2.5390E-02 -2.8676E-02
  1.7279E+03  2.5299E-02 -2.8664E-02
  1.7291E+03  2.5208E-02 -2.8652E-02
  1.7303E+03  2.5116E-02 -2.8639E-02
  1.7315E+03  2.5023E-02 -2.8625E-02
  1.7327E+03  2.4930E-02 -2.8611E-02
  1.7339E+03  2.4836E-02 -2.8597E-02
  1.7351E+03  2.4741E-02 -2.8582E-02
  1.7364E+03  2.4646E-02 -2.8566E-02
  1.7376E+03  2.4550E-02 -2.8549E-02
  1.7388E+03  2.4453E-02 -2.8532E-02
  1.7400E+03  2.4357E-02 -2.8515E-02
  1.7412E+03  2.4259E-02 -2.8497E-02
  1.7424E+03  2.4161E-02 -2.8478E-02
  1.7436E+03  2.4063E-02 -2.8459E-02
  1.7448E+03  2.3965E-02 -2.8440E-02
  1.7460E+03  2.3866E-02 -2.8419E-02
  1.7472E+03  2.3767E-02 -2.8399E-02
  1.7485E+03  2.3668E-02 -2.8378E-02
  1.7497E+03  2.3568E-02 -2.8356E-02
  1.7509E+03  2.3468E-02 -2.8334E-02
  1.7521E+03  2.3369E-02 -2.8311E-02
  1.7533E+03  2.3269E-02 -2.8288E-02
  1.7545E+03  2.3169E-02 -2.8264E-02
  1.7557E+03  2.3069E-02 -2.8240E-02
  1.7569E+03  2.2969E-02 -2.8216E-02
  1.7581E+03  2.2869E-02 -2.8191E-02
  1.7593E+03  2.2770E-02 -2.8166E-02
  1.7606E+03  2.2670E-02 -2.8140E-02
  1.7618E+03  2.2570E-02 -2.8114E-02
  1.7630E+03  2.2471E-02 -2.8087E-02
  1.7642E+03  2.2371E-02 -2.8060E-02
  1.7654E+03  2.2272E-02 -2.8033E-02
  1.7666E+03  2.2173E-02 -2.8006E-02
  1.7678E+03  2.2075E-02 -2.7978E-02
  1.7690E+03  2.1977E-02 -2.7949E-02
  1.7702E+03  2.1879E-02 -2.7921E-02
  1.7714E+03  2.1782E-02 -2.7892E-02
  1.7727E+03  2.1686E-02 -2.7862E-02
  1.7739E+03  2.1590E-02 -2.7833E-02
  1.7751E+03  2.1495E-02 -2.7803E-02
  1.7763E+03  2.1400E-02 -2.7773E-02
  1.7775E+03  2.1307E-02 -2.7743E-02
  1.7787E+03  2.1214E-02 -2.7712E-02
  1.7799E+03  2.1121E-02 -2.7681E-02
  1.7811E+03  2.1030E-02 -2.7650E-02
  1.7823E+03  2.0939E-02 -2.7619E-02
  1.7835E+03  2.0849E-02 -2.7588E-02
  1.7848E+03  2.0760E-02 -2.7556E-02
  1.7860E+03  2.0671E-02 -2.7525E-02
  1.7872E+03  2.0583E-02 -2.7493E-02
  1.7884E+03  2.0497E-02 -2.7461E-02
  1.7896E+03  2.0411E-02 -2.7429E-02
  1.7908E+03  2.0326E-02 -2.7397E-02
  1.7920E+03  2.0243E-02 -2.7364E-02
  1.7932E+03  2.0160E-02 -2.7332E-02
  1.7944E+03  2.0079E-02 -2.7299E-02
  1.7956E+03  1.9998E-02 -2.7267E-02
  1.7969E+03  1.9919E-02 -2.7234E-02
  1.7981E+03  1.9841E-02 -2.7202E-02
  1.7993E+03  1.9764E-02 -2.7169E-02
  1.8005E+03  1.9688E-02 -2.7136E-02
  1.8017E+03  1.9613E-02 -2.7104E-02
  1.8029E+03  1.9540E-02 -2.7071E-02
  1.8041E+03  1.9467E-02 -2.7038E-02
  1.8053E+03  1.9396E-02 -2.7006E-02
  1.8065E+03  1.9326E-02 -2.6973E-02
  1.8077E+03  1.9257E-02 -2.6941E-02
  1.8090E+03  1.9189E-02 -2.6909E-02
  1.8102E+03  1.9123E-02 -2.6876E-02
  1.8114E+03  1.9058E-02 -2.6844E-02
  1.8126E+03  1.8994E-02 -2.6812E-02
  1.8138E+03  1.8932E-02 -2.6780E-02
  1.8150E+03  1.8872E-02 -2.6748E-02
  1.8162E+03  1.8813E-02 -2.6717E-02
  1.8174E+03  1.8755E-02 -2.6685E-02
  1.8186E+03  1.8699E-02 -2.6654E-02
  1.8198E+03  1.8645E-02 -2.6622E-02
  1.8211E+03  1.8592E-02 -2.6592E-02
  1.8223E+03  1.8541E-02 -2.6561E-02
  1.8235E+03  1.8491E-02 -2.6530E-02
  1.8247E+03  1.8442E-02 -2.6500E-02
  1.8259E+03  1.8395E-02 -2.6470E-02
  1.8271E+03  1.8348E-02 -2.6440E-02
  1.8283E+03  1.8304E-02 -2.6410E-02
  1.8295E+03  1.8260E-02 -2.6381E-02
  1.8307E+03  1.8218E-02 -2.6352E-02
  1.8319E+03  1.8177E-02 -2.6323E-02
  1.8332E+03  1.8137E-02 -2.6295E-02
  1.8344E+03  1.8099E-02 -2.6266E-02
  1.8356E+03  1.8062E-02 -2.6238E-02
  1.8368E+03  1.8027E-02 -2.6211E-02
  1.8380E+03  1.7993E-02 -2.6183E-02
  1.8392E+03  1.7961E-02 -2.6156E-02
  1.8404E+03  1.7930E-02 -2.6130E-02
  1.8416E+03  1.7901E-02 -2.6103E-02
  1.8428E+03  1.7873E-02 -2.6078E-02
  1.8440E+03  1.7847E-02 -2.6052E-02
  1.8453E+03  1.7823E-02 -2.6027E-02
  1.8465E+03  1.7800E-02 -2.6002E-02
  1.8477E+03  1.7779E-02 -2.5977E-02
  1.8489E+03  1.7758E-02 -2.5953E-02
  1.8501E+03  1.7739E-02 -2.5930E-02
  1.8513E+03  1.7722E-02 -2.5906E-02
  1.8525E+03  1.7705E-02 -2.5883E-02
  1.8537E+03  1.7690E-02 -2.5861E-02
  1.8549E+03  1.7676E-02 -2.5839E-02
  1.8561E+03  1.7663E-02 -2.5817E-02
  1.8574E+03  1.7652E-02 -2.5796E-02
  1.8586E+03  1.7641E-02 -2.5775E-02
  1.8598E+03  1.7632E-02 -2.5754E-02
  1.8610E+03  1.7624E-02 -2.5734E-02
  1.8622E+03  1.7617E-02 -2.5715E-02
  1.8634E+03  1.7611E-02 -2.5696E-02
  1.8646E+03  1.7607E-02 -2.5677E-02
  1.8658E+03  1.7603E-02 -2.5659E-02
  1.8670E+03  1.7601E-02 -2.5641E-02
  1.8682E+03  1.7600E-02 -2.5623E-02
  1.8695E+03  1.7601E-02 -2.5606E-02
  1.8707E+03  1.7602E-02 -2.5590E-02
  1.8719E+03  1.7604E-02 -2.5574E-02
  1.8731E+03  1.7608E-02 -2.5558E-02
  1.8743E+03  1.7612E-02 -2.5543E-02
  1.8755E+03  1.7618E-02 -2.5528E-02
  1.8767E+03  1.7624E-02 -2.5514E-02
  1.8779E+03  1.7631E-02 -2.5500E-02
  1.8791E+03  1.7639E-02 -2.5487E-02
  1.8803E+03  1.7648E-02 -2.5474E-02
  1.8816E+03  1.7658E-02 -2.5461E-02
  1.8828E+03  1.7668E-02 -2.5449E-02
  1.8840E+03  1.7680E-02 -2.5437E-02
  1.8852E+03  1.7691E-02 -2.5426E-02
  1.8864E+03  1.7704E-02 -2.5416E-02
  1.8876E+03  1.7717E-02 -2.5405E-02
  1.8888E+03  1.7731E-02 -2.5395E-02
  1.8900E+03  1.7746E-02 -2.5386E-02
  1.8912E+03  1.7761E-02 -2.5377E-02
  1.8924E+03  1.7777E-02 -2.5368E-02
  1.8937E+03  1.7794E-02 -2.5360E-02
  1.8949E+03  1.7811E-02 -2.5352E-02
  1.8961E+03  1.7828E-02 -2.5345E-02
  1.8973E+03  1.7847E-02 -2.5338E-02
  1.8985E+03  1.7865E-02 -2.5331E-02
  1.8997E+03  1.7885E-02 -2.5325E-02
  1.9009E+03  1.7904E-02 -2.5319E-02
  1.9021E+03  1.7924E-02 -2.5314E-02
  1.9033E+03  1.7945E-02 -2.5309E-02
  1.9045E+03  1.7965E-02 -2.5304E-02
  1.9058E+03  1.7986E-02 -2.5300E-02
  1.9070E+03  1.8007E-02 -2.5296E-02
  1.9082E+03  1.8029E-02 -2.5292E-02
  1.9094E+03  1.8050E-02 -2.5289E-02
  1.9106E+03  1.8072E-02 -2.5286E-02
  1.9118E+03  1.8094E-02 -2.5284E-02
  1.9130E+03  1.8116E-02 -2.5282E-02
  1.9142E+03  1.8138E-02 -2.5280E-02
  1.9154E+03  1.8160E-02 -2.5278E-02
  1.9166E+03  1.8183E-02 -2.5277E-02
  1.9179E+03  1.8205E-02 -2.5276E-02
  1.9191E+03  1.8228E-02 -2.5276E-02
  1.9203E+03  1.8250E-02 -2.5276E-02
  1.9215E+03  1.8273E-02 -2.5276E-02
  1.9227E+03  1.8295E-02 -2.5276E-02
  1.9239E+03  1.8318E-02 -2.5277E-02
  1.9251E+03  1.8341E-02 -2.5277E-02
  1.9263E+03  1.8363E-02 -2.5279E-02
  1.9275E+03  1.8385E-02 -2.5280E-02
  1.9287E+03  1.8408E-02 -2.5282E-02
  1.9300E+03  1.8430E-02 -2.5283E-02
  1.9312E+03  1.8452E-02 -2.5286E-02
  1.9324E+03  1.8474E-02 -2.5288E-02
  1.9336E+03  1.8495E-02 -2.5291E-02
  1.9348E+03  1.8517E-02 -2.5293E-02
  1.9360E+03  1.8538E-02 -2.5296E-02
  1.9372E+03  1.8559E-02 -2.5299E-02
  1.9384E+03  1.8580E-02 -2.5303E-02
  1.9396E+03  1.8600E-02 -2.5306E-02
  1.9408E+03  1.8621E-02 -2.5310E-02
  1.9421E+03  1.8641E-02 -2.5314E-02
  1.9433E+03  1.8660E-02 -2.5318E-02
  1.9445E+03  1.8680E-02 -2.5322E-02
  1.9457E+03  1.8699E-02 -2.5327E-02
  1.9469E+03  1.8718E-02 -2.5331E-02
  1.9481E+03  1.8736E-02 -2.5336E-02
  1.9493E+03  1.8755E-02 -2.5341E-02
  1.9505E+03  1.8773E-02 -2.5345E-02
  1.9517E+03  1.8790E-02 -2.5350E-02
  1.9529E+03  1.8807E-02 -2.5355E-02
  1.9542E+03  1.8824E-02 -2.5361E-02
  1.9554E+03  1.8840E-02 -2.5366E-02
  1.9566E+03  1.8856E-02 -2.5371E-02
  1.9578E+03  1.8872E-02 -2.5377E-02
  1.9590E+03  1.8888E-02 -2.5382E-02
  1.9602E+03  1.8903E-02 -2.5388E-02
  1.9614E+03  1.8918E-02 -2.5393E-02
  1.9626E+03  1.8932E-02 -2.5399E-02
  1.9638E+03  1.8947E-02 -2.5405E-02
  1.9650E+03  1.8961E-02 -2.5410E-02
  1.9663E+03  1.8975E-02 -2.5416E-02
  1.9675E+03  1.8988E-02 -2.5422E-02
  1.9687E+03  1.9001E-02 -2.5428E-02
  1.9699E+03  1.9014E-02 -2.5434E-02
  1.9711E+03  1.9027E-02 -2.5440E-02
  1.9723E+03  1.9039E-02 -2.5446E-02
  1.9735E+03  1.9050E-02 -2.5451E-02
  1.9747E+03  1.9062E-02 -2.5457E-02
  1.9759E+03  1.9072E-02 -2.5463E-02
  1.9771E+03  1.9083E-02 -2.5469E-02
  1.9784E+03  1.9093E-02 -2.5475E-02
  1.9796E+03  1.9103E-02 -2.5481E-02
  1.9808E+03  1.9112E-02 -2.5487E-02
  1.9820E+03  1.9121E-02 -2.5492E-02
  1.9832E+03  1.9130E-02 -2.5498E-02
  1.9844E+03  1.9139E-02 -2.5504E-02
  1.9856E+03  1.9148E-02 -2.5510E-02
  1.9868E+03  1.9156E-02 -2.5515E-02
  1.9880E+03  1.9164E-02 -2.5521E-02
  1.9892E+03  1.9172E-02 -2.5526E-02
  1.9905E+03  1.9180E-02 -2.5532E-02
  1.9917E+03  1.9188E-02 -2.5537E-02
  1.9929E+03  1.9196E-02 -2.5543E-02
  1.9941E+03  1.9203E-02 -2.5548E-02
  1.9953E+03  1.9210E-02 -2.5553E-02
  1.9965E+03  1.9217E-02 -2.5558E-02
  1.9977E+03  1.9224E-02 -2.5563E-02
  1.9989E+03  1.9230E-02 -2.5569E-02
  2.0001E+03  1.9236E-02 -2.5574E-02
  2.0013E+03  1.9242E-02 -2.5578E-02
  2.0026E+03  1.9248E-02 -2.5583E-02
  2.0038E+03  1.9253E-02 -2.5588E-02
  2.0050E+03  1.9258E-02 -2.5593E-02
  2.0062E+03  1.9263E-02 -2.5597E-02
  2.0074E+03  1.9268E-02 -2.5602E-02
  2.0086E+03  1.9273E-02 -2.5606E-02
  2.0098E+03  1.9278E-02 -2.5611E-02
  2.0110E+03  1.9282E-02 -2.5615E-02
  2.0122E+03  1.9287E-02 -2.5619E-02
  2.0134E+03  1.9291E-02 -2.5623E-02
  2.0147E+03  1.9295E-02 -2.5627E-02
  2.0159E+03  1.9300E-02 -2.5631E-02
  2.0171E+03  1.9304E-02 -2.5635E-02
  2.0183E+03  1.9308E-02 -2.5639E-02
  2.0195E+03  1.9311E-02 -2.5642E-02
  2.0207E+03  1.9315E-02 -2.5646E-02
  2.0219E+03  1.9319E-02 -2.5650E-02
  2.0231E+03  1.9322E-02 -2.5653E-02
  2.0243E+03  1.9326E-02 -2.5656E-02
  2.0255E+03  1.9329E-02 -2.5660E-02
  2.0268E+03  1.9332E-02 -2.5663E-02
  2.0280E+03  1.9335E-02 -2.5666E-02
  2.0292E+03  1.9338E-02 -2.5669E-02
  2.0304E+03  1.9341E-02 -2.5672E-02
  2.0316E+03  1.9344E-02 -2.5674E-02
  2.0328E+03  1.9347E-02 -2.5677E-02
  2.0340E+03  1.9349E-02 -2.5680E-02
  2.0352E+03  1.9351E-02 -2.5682E-02
  2.0364E+03  1.9353E-02 -2.5685E-02
  2.0376E+03  1.9355E-02 -2.5687E-02
  2.0389E+03  1.9357E-02 -2.5689E-02
  2.0401E+03  1.9359E-02 -2.5692E-02
  2.0413E+03  1.9360E-02 -2.5694E-02
  2.0425E+03  1.9361E-02 -2.5696E-02
  2.0437E+03  1.9362E-02 -2.5698E-02
  2.0449E+03  1.9363E-02 -2.5699E-02
  2.0461E+03  1.9363E-02 -2.5701E-02
  2.0473E+03  1.9364E-02 -2.5703E-02
  2.0485E+03  1.9364E-02 -2.5704E-02
  2.0497E+03  1.9365E-02 -2.5706E-02
  2.0510E+03  1.9365E-02 -2.5707E-02
  2.0522E+03  1.9365E-02 -2.5709E-02
  2.0534E+03  1.9365E-02 -2.5710E-02
  2.0546E+03  1.9365E-02 -2.5711E-02
  2.0558E+03  1.9364E-02 -2.5712E-02
  2.0570E+03  1.9363E-02 -2.5713E-02
  2.0582E+03  1.9362E-02 -2.5714E-02
  2.0594E+03  1.9361E-02 -2.5715E-02
  2.0606E+03  1.9359E-02 -2.5716E-02
  2.0618E+03  1.9357E-02 -2.5716E-02
  2.0631E+03  1.9355E-02 -2.5717E-02
  2.0643E+03  1.9352E-02 -2.5717E-02
  2.0655E+03  1.9349E-02 -2.5718E-02
  2.0667E+03  1.9346E-02 -2.5718E-02
  2.0679E+03  1.9342E-02 -2.5718E-02
  2.0691E+03  1.9338E-02 -2.5718E-02
  2.0703E+03  1.9334E-02 -2.5719E-02
  2.0715E+03  1.9329E-02 -2.5718E-02
  2.0727E+03  1.9325E-02 -2.5718E-02
  2.0739E+03  1.9319E-02 -2.5718E-02
  2.0752E+03  1.9314E-02 -2.5718E-02
  2.0764E+03  1.9308E-02 -2.5718E-02
  2.0776E+03  1.9302E-02 -2.5717E-02
  2.0788E+03  1.9296E-02 -2.5716E-02
  2.0800E+03  1.9289E-02 -2.5716E-02
  2.0812E+03  1.9281E-02 -2.5715E-02
  2.0824E+03  1.9274E-02 -2.5714E-02
  2.0836E+03  1.9266E-02 -2.5713E-02
  2.0848E+03  1.9257E-02 -2.5712E-02
  2.0860E+03  1.9249E-02 -2.5711E-02
  2.0873E+03  1.9239E-02 -2.5710E-02
  2.0885E+03  1.9229E-02 -2.5709E-02
  2.0897E+03  1.9219E-02 -2.5708E-02
  2.0909E+03  1.9209E-02 -2.5706E-02
  2.0921E+03  1.9198E-02 -2.5705E-02
  2.0933E+03  1.9186E-02 -2.5703E-02
  2.0945E+03  1.9174E-02 -2.5701E-02
  2.0957E+03  1.9162E-02 -2.5699E-02
  2.0969E+03  1.9149E-02 -2.5697E-02
  2.0981E+03  1.9136E-02 -2.5695E-02
  2.0994E+03  1.9123E-02 -2.5693E-02
  2.1006E+03  1.9109E-02 -2.5691E-02
  2.1018E+03  1.9095E-02 -2.5689E-02
  2.1030E+03  1.9080E-02 -2.5686E-02
  2.1042E+03  1.9064E-02 -2.5684E-02
  2.1054E+03  1.9049E-02 -2.5681E-02
  2.1066E+03  1.9033E-02 -2.5678E-02
  2.1078E+03  1.9016E-02 -2.5676E-02
  2.1090E+03  1.8999E-02 -2.5673E-02
  2.1102E+03  1.8981E-02 -2.5670E-02
  2.1115E+03  1.8964E-02 -2.5666E-02
  2.1127E+03  1.8945E-02 -2.5663E-02
  2.1139E+03  1.8926E-02 -2.5660E-02
  2.1151E+03  1.8907E-02 -2.5656E-02
  2.1163E+03  1.8887E-02 -2.5653E-02
  2.1175E+03  1.8867E-02 -2.5649E-02
  2.1187E+03  1.8847E-02 -2.5645E-02
  2.1199E+03  1.8826E-02 -2.5641E-02
  2.1211E+03  1.8805E-02 -2.5637E-02
  2.1223E+03  1.8783E-02 -2.5633E-02
  2.1236E+03  1.8761E-02 -2.5629E-02
  2.1248E+03  1.8739E-02 -2.5625E-02
  2.1260E+03  1.8717E-02 -2.5620E-02
  2.1272E+03  1.8694E-02 -2.5616E-02
  2.1284E+03  1.8670E-02 -2.5611E-02
  2.1296E+03  1.8647E-02 -2.5607E-02
  2.1308E+03  1.8623E-02 -2.5602E-02
  2.1320E+03  1.8598E-02 -2.5597E-02
  2.1332E+03  1.8574E-02 -2.5592E-02
  2.1344E+03  1.8549E-02 -2.5587E-02
  2.1357E+03  1.8523E-02 -2.5581E-02
  2.1369E+03  1.8498E-02 -2.5576E-02
  2.1381E+03  1.8472E-02 -2.5570E-02
  2.1393E+03  1.8445E-02 -2.5565E-02
  2.1405E+03  1.8418E-02 -2.5559E-02
  2.1417E+03  1.8391E-02 -2.5553E-02
  2.1429E+03  1.8364E-02 -2.5547E-02
  2.1441E+03  1.8337E-02 -2.5541E-02
  2.1453E+03  1.8309E-02 -2.5535E-02
  2.1465E+03  1.8281E-02 -2.5529E-02
  2.1478E+03  1.8252E-02 -2.5523E-02
  2.1490E+03  1.8224E-02 -2.5516E-02
  2.1502E+03  1.8195E-02 -2.5510E-02
  2.1514E+03  1.8166E-02 -2.5503E-02
  2.1526E+03  1.8138E-02 -2.5496E-02
  2.1538E+03  1.8108E-02 -2.5489E-02
  2.1550E+03  1.8079E-02 -2.5483E-02
  2.1562E+03  1.8050E-02 -2.5475E-02
  2.1574E+03  1.8020E-02 -2.5468E-02
  2.1586E+03  1.7991E-02 -2.5461E-02
  2.1599E+03  1.7961E-02 -2.5454E-02
  2.1611E+03  1.7931E-02 -2.5446E-02
  2.1623E+03  1.7900E-02 -2.5439E-02
  2.1635E+03  1.7870E-02 -2.5431E-02
  2.1647E+03  1.7839E-02 -2.5424E-02
  2.1659E+03  1.7809E-02 -2.5416E-02
  2.1671E+03  1.7778E-02 -2.5408E-02
  2.1683E+03  1.7747E-02 -2.5400E-02
  2.1695E+03  1.7715E-02 -2.5392E-02
  2.1707E+03  1.7684E-02 -2.5384E-02
  2.1720E+03  1.7653E-02 -2.5376E-02
  2.1732E+03  1.7621E-02 -2.5368E-02
  2.1744E+03  1.7590E-02 -2.5359E-02
  2.1756E+03  1.7558E-02 -2.5351E-02
  2.1768E+03  1.7527E-02 -2.5342E-02
  2.1780E+03  1.7495E-02 -2.5334E-02
  2.1792E+03  1.7464E-02 -2.5325E-02
  2.1804E+03  1.7432E-02 -2.5316E-02
  2.1816E+03  1.7400E-02 -2.5308E-02
  2.1828E+03  1.7369E-02 -2.5299E-02
  2.1841E+03  1.7337E-02 -2.5290E-02
  2.1853E+03  1.7305E-02 -2.5281E-02
  2.1865E+03  1.7274E-02 -2.5272E-02
  2.1877E+03  1.7242E-02 -2.5263E-02
  2.1889E+03  1.7210E-02 -2.5254E-02
  2.1901E+03  1.7178E-02 -2.5244E-02
  2.1913E+03  1.7146E-02 -2.5235E-02
  2.1925E+03  1.7114E-02 -2.5226E-02
  2.1937E+03  1.7082E-02 -2.5216E-02
  2.1949E+03  1.7050E-02 -2.5207E-02
  2.1962E+03  1.7018E-02 -2.5197E-02
  2.1974E+03  1.6986E-02 -2.5188E-02
  2.1986E+03  1.6954E-02 -2.5178E-02
  2.1998E+03  1.6922E-02 -2.5168E-02
  2.2010E+03  1.6890E-02 -2.5159E-02
  2.2022E+03  1.6858E-02 -2.5149E-02
  2.2034E+03  1.6826E-02 -2.5139E-02
  2.2046E+03  1.6794E-02 -2.5129E-02
  2.2058E+03  1.6762E-02 -2.5119E-02
  2.2070E+03  1.6730E-02 -2.5109E-02
  2.2083E+03  1.6698E-02 -2.5099E-02
  2.2095E+03  1.6666E-02 -2.5089E-02
  2.2107E+03  1.6634E-02 -2.5079E-02
  2.2119E+03  1.6602E-02 -2.5069E-02
  2.2131E+03  1.6570E-02 -2.5059E-02
  2.2143E+03  1.6538E-02 -2.5049E-02
  2.2155E+03  1.6506E-02 -2.5039E-02
  2.2167E+03  1.6474E-02 -2.5028E-02
  2.2179E+03  1.6442E-02 -2.5018E-02
  2.2191E+03  1.6410E-02 -2.5008E-02
  2.2204E+03  1.6378E-02 -2.4997E-02
  2.2216E+03  1.6346E-02 -2.4987E-02
  2.2228E+03  1.6314E-02 -2.4977E-02
  2.2240E+03  1.6282E-02 -2.4966E-02
  2.2252E+03  1.6250E-02 -2.4956E-02
  2.2264E+03  1.6218E-02 -2.4945E-02
  2.2276E+03  1.6186E-02 -2.4935E-02
  2.2288E+03  1.6154E-02 -2.4924E-02
  2.2300E+03  1.6122E-02 -2.4913E-02
  2.2312E+03  1.6090E-02 -2.4903E-02
  2.2325E+03  1.6058E-02 -2.4892E-02
  2.2337E+03  1.6026E-02 -2.4881E-02
  2.2349E+03  1.5993E-02 -2.4871E-02
  2.2361E+03  1.5961E-02 -2.4860E-02
  2.2373E+03  1.5929E-02 -2.4849E-02
  2.2385E+03  1.5897E-02 -2.4839E-02
  2.2397E+03  1.5864E-02 -2.4828E-02
  2.2409E+03  1.5832E-02 -2.4817E-02
  2.2421E+03  1.5800E-02 -2.4806E-02
  2.2433E+03  1.5768E-02 -2.4795E-02
  2.2446E+03  1.5736E-02 -2.4784E-02
  2.2458E+03  1.5703E-02 -2.4774E-02
  2.2470E+03  1.5671E-02 -2.4763E-02
  2.2482E+03  1.5639E-02 -2.4752E-02
  2.2494E+03  1.5607E-02 -2.4741E-02
  2.2506E+03  1.5574E-02 -2.4730E-02
  2.2518E+03  1.5542E-02 -2.4719E-02
  2.2530E+03  1.5509E-02 -2.4708E-02
  2.2542E+03  1.5477E-02 -2.4697E-02
  2.2554E+03  1.5444E-02 -2.4686E-02
  2.2567E+03  1.5412E-02 -2.4675E-02
  2.2579E+03  1.5379E-02 -2.4664E-02
  2.2591E+03  1.5346E-02 -2.4652E-02
  2.2603E+03  1.5313E-02 -2.4641E-02
  2.2615E+03  1.5281E-02 -2.4630E-02
  2.2627E+03  1.5248E-02 -2.4619E-02
  2.2639E+03  1.5215E-02 -2.4608E-02
  2.2651E+03  1.5182E-02 -2.4597E-02
  2.2663E+03  1.5149E-02 -2.4585E-02
  2.2675E+03  1.5116E-02 -2.4574E-02
  2.2688E+03  1.5083E-02 -2.4563E-02
  2.2700E+03  1.5050E-02 -2.4551E-02
  2.2712E+03  1.5017E-02 -2.4540E-02
  2.2724E+03  1.4984E-02 -2.4529E-02
  2.2736E+03  1.4951E-02 -2.4517E-02
  2.2748E+03  1.4918E-02 -2.4506E-02
  2.2760E+03  1.4885E-02 -2.4495E-02
  2.2772E+03  1.4852E-02 -2.4483E-02
  2.2784E+03  1.4819E-02 -2.4472E-02
  2.2796E+03  1.4785E-02 -2.4460E-02
  2.2809E+03  1.4752E-02 -2.4449E-02
  2.2821E+03  1.4719E-02 -2.4437E-02
  2.2833E+03  1.4685E-02 -2.4426E-02
  2.2845E+03  1.4652E-02 -2.4414E-02
  2.2857E+03  1.4618E-02 -2.4403E-02
  2.2869E+03  1.4585E-02 -2.4391E-02
  2.2881E+03  1.4551E-02 -2.4380E-02
  2.2893E+03  1.4518E-02 -2.4368E-02
  2.2905E+03  1.4484E-02 -2.4356E-02
  2.2917E+03  1.4450E-02 -2.4345E-02
  2.2930E+03  1.4417E-02 -2.4333E-02
  2.2942E+03  1.4383E-02 -2.4321E-02
  2.2954E+03  1.4350E-02 -2.4310E-02
  2.2966E+03  1.4316E-02 -2.4298E-02
  2.2978E+03  1.4282E-02 -2.4286E-02
  2.2990E+03  1.4249E-02 -2.4274E-02
  2.3002E+03  1.4215E-02 -2.4262E-02
  2.3014E+03  1.4181E-02 -2.4251E-02
  2.3026E+03  1.4148E-02 -2.4239E-02
  2.3038E+03  1.4114E-02 -2.4227E-02
  2.3051E+03  1.4080E-02 -2.4215E-02
  2.3063E+03  1.4047E-02 -2.4203E-02
  2.3075E+03  1.4013E-02 -2.4191E-02
  2.3087E+03  1.3979E-02 -2.4179E-02
  2.3099E+03  1.3946E-02 -2.4167E-02
  2.3111E+03  1.3912E-02 -2.4155E-02
  2.3123E+03  1.3879E-02 -2.4143E-02
  2.3135E+03  1.3845E-02 -2.4131E-02
  2.3147E+03  1.3812E-02 -2.4119E-02
  2.3159E+03  1.3778E-02 -2.4107E-02
  2.3172E+03  1.3745E-02 -2.4095E-02
  2.3184E+03  1.3711E-02 -2.4082E-02
  2.3196E+03  1.3678E-02 -2.4070E-02
  2.3208E+03  1.3645E-02 -2.4058E-02
  2.3220E+03  1.3611E-02 -2.4046E-02
  2.3232E+03  1.3578E-02 -2.4034E-02
  2.3244E+03  1.3545E-02 -2.4022E-02
  2.3256E+03  1.3512E-02 -2.4009E-02
  2.3268E+03  1.3479E-02 -2.3997E-02
  2.3280E+03  1.3446E-02 -2.3985E-02
  2.3293E+03  1.3413E-02 -2.3973E-02
  2.3305E+03  1.3380E-02 -2.3960E-02
  2.3317E+03  1.3348E-02 -2.3948E-02
  2.3329E+03  1.3316E-02 -2.3936E-02
  2.3341E+03  1.3283E-02 -2.3923E-02
  2.3353E+03  1.3251E-02 -2.3911E-02
  2.3365E+03  1.3219E-02 -2.3899E-02
  2.3377E+03  1.3187E-02 -2.3886E-02
  2.3389E+03  1.3155E-02 -2.3874E-02
  2.3401E+03  1.3124E-02 -2.3861E-02
  2.3414E+03  1.3092E-02 -2.3849E-02
  2.3426E+03  1.3061E-02 -2.3837E-02
  2.3438E+03  1.3029E-02 -2.3824E-02
  2.3450E+03  1.2998E-02 -2.3812E-02
  2.3462E+03  1.2967E-02 -2.3800E-02
  2.3474E+03  1.2936E-02 -2.3787E-02
  2.3486E+03  1.2906E-02 -2.3775E-02
  2.3498E+03  1.2875E-02 -2.3762E-02
  2.3510E+03  1.2845E-02 -2.3750E-02
  2.3522E+03  1.2815E-02 -2.3738E-02
  2.3535E+03  1.2786E-02 -2.3725E-02
  2.3547E+03  1.2756E-02 -2.3713E-02
  2.3559E+03  1.2727E-02 -2.3701E-02
  2.3571E+03  1.2698E-02 -2.3688E-02
  2.3583E+03  1.2669E-02 -2.3676E-02
  2.3595E+03  1.2641E-02 -2.3663E-02
  2.3607E+03  1.2612E-02 -2.3651E-02
  2.3619E+03  1.2584E-02 -2.3639E-02
  2.3631E+03  1.2557E-02 -2.3627E-02
  2.3643E+03  1.2529E-02 -2.3614E-02
  2.3656E+03  1.2502E-02 -2.3602E-02
  2.3668E+03  1.2476E-02 -2.3590E-02
  2.3680E+03  1.2449E-02 -2.3578E-02
  2.3692E+03  1.2423E-02 -2.3566E-02
  2.3704E+03  1.2397E-02 -2.3553E-02
  2.3716E+03  1.2372E-02 -2.3541E-02
  2.3728E+03  1.2346E-02 -2.3529E-02
  2.3740E+03  1.2322E-02 -2.3517E-02
  2.3752E+03  1.2297E-02 -2.3505E-02
  2.3764E+03  1.2273E-02 -2.3493E-02
  2.3777E+03  1.2249E-02 -2.3481E-02
  2.3789E+03  1.2226E-02 -2.3470E-02
  2.3801E+03  1.2203E-02 -2.3458E-02
  2.3813E+03  1.2180E-02 -2.3446E-02
  2.3825E+03  1.2158E-02 -2.3434E-02
  2.3837E+03  1.2136E-02 -2.3423E-02
  2.3849E+03  1.2115E-02 -2.3411E-02
  2.3861E+03  1.2094E-02 -2.3399E-02
  2.3873E+03  1.2073E-02 -2.3388E-02
  2.3885E+03  1.2053E-02 -2.3377E-02
  2.3898E+03  1.2034E-02 -2.3365E-02
  2.3910E+03  1.2015E-02 -2.3354E-02
  2.3922E+03  1.1996E-02 -2.3343E-02
  2.3934E+03  1.1978E-02 -2.3331E-02
  2.3946E+03  1.1960E-02 -2.3320E-02
  2.3958E+03  1.1943E-02 -2.3309E-02
  2.3970E+03  1.1926E-02 -2.3298E-02
  2.3982E+03  1.1910E-02 -2.3287E-02
  2.3994E+03  1.1894E-02 -2.3277E-02
  2.4006E+03  1.1879E-02 -2.3266E-02
  2.4019E+03  1.1864E-02 -2.3255E-02
  2.4031E+03  1.1849E-02 -2.3245E-02
  2.4043E+03  1.1835E-02 -2.3234E-02
  2.4055E+03  1.1822E-02 -2.3224E-02
  2.4067E+03  1.1809E-02 -2.3214E-02
  2.4079E+03  1.1797E-02 -2.3204E-02
  2.4091E+03  1.1785E-02 -2.3194E-02
  2.4103E+03  1.1774E-02 -2.3184E-02
  2.4115E+03  1.1763E-02 -2.3174E-02
  2.4127E+03  1.1753E-02 -2.3164E-02
  2.4140E+03  1.1744E-02 -2.3155E-02
  2.4152E+03  1.1735E-02 -2.3145E-02
  2.4164E+03  1.1726E-02 -2.3136E-02
  2.4176E+03  1.1718E-02 -2.3126E-02
  2.4188E+03  1.1711E-02 -2.3117E-02
  2.4200E+03  1.1704E-02 -2.3108E-02
  2.4212E+03  1.1698E-02 -2.3099E-02
  2.4224E+03  1.1692E-02 -2.3090E-02
  2.4236E+03  1.1687E-02 -2.3082E-02
  2.4248E+03  1.1682E-02 -2.3073E-02
  2.4261E+03  1.1678E-02 -2.3065E-02
  2.4273E+03  1.1674E-02 -2.3057E-02
  2.4285E+03  1.1671E-02 -2.3048E-02
  2.4297E+03  1.1668E-02 -2.3040E-02
  2.4309E+03  1.1666E-02 -2.3033E-02
  2.4321E+03  1.1665E-02 -2.3025E-02
  2.4333E+03  1.1664E-02 -2.3017E-02
  2.4345E+03  1.1664E-02 -2.3010E-02
  2.4357E+03  1.1664E-02 -2.3003E-02
  2.4369E+03  1.1665E-02 -2.2995E-02
  2.4382E+03  1.1666E-02 -2.2988E-02
  2.4394E+03  1.1668E-02 -2.2982E-02
  2.4406E+03  1.1670E-02 -2.2975E-02
  2.4418E+03  1.1673E-02 -2.2968E-02
  2.4430E+03  1.1676E-02 -2.2962E-02
  2.4442E+03  1.1680E-02 -2.2956E-02
  2.4454E+03  1.1684E-02 -2.2950E-02
  2.4466E+03  1.1689E-02 -2.2944E-02
  2.4478E+03  1.1694E-02 -2.2938E-02
  2.4490E+03  1.1700E-02 -2.2932E-02
  2.4503E+03  1.1706E-02 -2.2927E-02
  2.4515E+03  1.1712E-02 -2.2921E-02
  2.4527E+03  1.1719E-02 -2.2916E-02
  2.4539E+03  1.1727E-02 -2.2911E-02
  2.4551E+03  1.1735E-02 -2.2906E-02
  2.4563E+03  1.1744E-02 -2.2902E-02
  2.4575E+03  1.1752E-02 -2.2897E-02
  2.4587E+03  1.1762E-02 -2.2893E-02
  2.4599E+03  1.1772E-02 -2.2889E-02
  2.4611E+03  1.1782E-02 -2.2885E-02
  2.4624E+03  1.1793E-02 -2.2881E-02
  2.4636E+03  1.1804E-02 -2.2877E-02
  2.4648E+03  1.1815E-02 -2.2874E-02
  2.4660E+03  1.1827E-02 -2.2870E-02
  2.4672E+03  1.1839E-02 -2.2867E-02
  2.4684E+03  1.1851E-02 -2.2864E-02
  2.4696E+03  1.1864E-02 -2.2861E-02
  2.4708E+03  1.1877E-02 -2.2858E-02
  2.4720E+03  1.1890E-02 -2.2856E-02
  2.4732E+03  1.1904E-02 -2.2853E-02
  2.4745E+03  1.1918E-02 -2.2851E-02
  2.4757E+03  1.1932E-02 -2.2849E-02
  2.4769E+03  1.1947E-02 -2.2847E-02
  2.4781E+03  1.1962E-02 -2.2845E-02
  2.4793E+03  1.1977E-02 -2.2844E-02
  2.4805E+03  1.1992E-02 -2.2842E-02
  2.4817E+03  1.2008E-02 -2.2841E-02
  2.4829E+03  1.2024E-02 -2.2840E-02
  2.4841E+03  1.2040E-02 -2.2839E-02
  2.4853E+03  1.2056E-02 -2.2838E-02
  2.4866E+03  1.2073E-02 -2.2837E-02
  2.4878E+03  1.2089E-02 -2.2837E-02
  2.4890E+03  1.2106E-02 -2.2836E-02
  2.4902E+03  1.2123E-02 -2.2836E-02
  2.4914E+03  1.2140E-02 -2.2836E-02
  2.4926E+03  1.2157E-02 -2.2836E-02
  2.4938E+03  1.2175E-02 -2.2836E-02
  2.4950E+03  1.2192E-02 -2.2836E-02
  2.4962E+03  1.2210E-02 -2.2836E-02
  2.4974E+03  1.2228E-02 -2.2837E-02
  2.4987E+03  1.2245E-02 -2.2838E-02
  2.4999E+03  1.2263E-02 -2.2838E-02
  2.5011E+03  1.2281E-02 -2.2839E-02
  2.5023E+03  1.2299E-02 -2.2840E-02
  2.5035E+03  1.2317E-02 -2.2842E-02
  2.5047E+03  1.2335E-02 -2.2843E-02
  2.5059E+03  1.2353E-02 -2.2844E-02
  2.5071E+03  1.2371E-02 -2.2846E-02
  2.5083E+03  1.2389E-02 -2.2847E-02
  2.5095E+03  1.2407E-02 -2.2849E-02
  2.5108E+03  1.2425E-02 -2.2851E-02
  2.5120E+03  1.2443E-02 -2.2853E-02
  2.5132E+03  1.2461E-02 -2.2855E-02
  2.5144E+03  1.2479E-02 -2.2857E-02
  2.5156E+03  1.2496E-02 -2.2859E-02
  2.5168E+03  1.2514E-02 -2.2861E-02
  2.5180E+03  1.2532E-02 -2.2864E-02
  2.5192E+03  1.2549E-02 -2.2866E-02
  2.5204E+03  1.2567E-02 -2.2869E-02
  2.5216E+03  1.2584E-02 -2.2871E-02
  2.5229E+03  1.2601E-02 -2.2874E-02
  2.5241E+03  1.2618E-02 -2.2877E-02
  2.5253E+03  1.2635E-02 -2.2880E-02
  2.5265E+03  1.2652E-02 -2.2883E-02
  2.5277E+03  1.2668E-02 -2.2886E-02
  2.5289E+03  1.2684E-02 -2.2889E-02
  2.5301E+03  1.2701E-02 -2.2892E-02
  2.5313E+03  1.2717E-02 -2.2895E-02
  2.5325E+03  1.2732E-02 -2.2898E-02
  2.5337E+03  1.2748E-02 -2.2902E-02
  2.5350E+03  1.2763E-02 -2.2905E-02
  2.5362E+03  1.2778E-02 -2.2908E-02
  2.5374E+03  1.2793E-02 -2.2912E-02
  2.5386E+03  1.2808E-02 -2.2915E-02
  2.5398E+03  1.2822E-02 -2.2919E-02
  2.5410E+03  1.2836E-02 -2.2922E-02
  2.5422E+03  1.2850E-02 -2.2926E-02
  2.5434E+03  1.2864E-02 -2.2929E-02
  2.5446E+03  1.2877E-02 -2.2933E-02
  2.5458E+03  1.2890E-02 -2.2936E-02
  2.5471E+03  1.2903E-02 -2.2940E-02
  2.5483E+03  1.2916E-02 -2.2943E-02
  2.5495E+03  1.2928E-02 -2.2947E-02
  2.5507E+03  1.2940E-02 -2.2951E-02
  2.5519E+03  1.2952E-02 -2.2954E-02
  2.5531E+03  1.2963E-02 -2.2958E-02
  2.5543E+03  1.2974E-02 -2.2962E-02
  2.5555E+03  1.2985E-02 -2.2965E-02
  2.5567E+03  1.2995E-02 -2.2969E-02
  2.5579E+03  1.3005E-02 -2.2973E-02
  2.5592E+03  1.3015E-02 -2.2976E-02
  2.5604E+03  1.3024E-02 -2.2980E-02
  2.5616E+03  1.3033E-02 -2.2983E-02
  2.5628E+03  1.3042E-02 -2.2987E-02
  2.5640E+03  1.3050E-02 -2.2990E-02
  2.5652E+03  1.3058E-02 -2.2994E-02
  2.5664E+03  1.3066E-02 -2.2997E-02
  2.5676E+03  1.3073E-02 -2.3001E-02
  2.5688E+03  1.3080E-02 -2.3004E-02
  2.5700E+03  1.3087E-02 -2.3007E-02
  2.5713E+03  1.3093E-02 -2.3011E-02
  2.5725E+03  1.3099E-02 -2.3014E-02
  2.5737E+03  1.3105E-02 -2.3017E-02
  2.5749E+03  1.3110E-02 -2.3020E-02
  2.5761E+03  1.3115E-02 -2.3023E-02
  2.5773E+03  1.3119E-02 -2.3027E-02
  2.5785E+03  1.3123E-02 -2.3030E-02
  2.5797E+03  1.3127E-02 -2.3032E-02
  2.5809E+03  1.3131E-02 -2.3035E-02
  2.5821E+03  1.3134E-02 -2.3038E-02
  2.5834E+03  1.3136E-02 -2.3041E-02
  2.5846E+03  1.3139E-02 -2.3044E-02
  2.5858E+03  1.3141E-02 -2.3046E-02
  2.5870E+03  1.3142E-02 -2.3049E-02
  2.5882E+03  1.3144E-02 -2.3051E-02
  2.5894E+03  1.3144E-02 -2.3054E-02
  2.5906E+03  1.3145E-02 -2.3056E-02
  2.5918E+03  1.3145E-02 -2.3058E-02
  2.5930E+03  1.3145E-02 -2.3061E-02
  2.5942E+03  1.3144E-02 -2.3063E-02
  2.5955E+03  1.3144E-02 -2.3065E-02
  2.5967E+03  1.3142E-02 -2.3067E-02
  2.5979E+03  1.3141E-02 -2.3069E-02
  2.5991E+03  1.3139E-02 -2.3070E-02
  2.6003E+03  1.3136E-02 -2.3072E-02
  2.6015E+03  1.3134E-02 -2.3074E-02
  2.6027E+03  1.3131E-02 -2.3075E-02
  2.6039E+03  1.3128E-02 -2.3077E-02
  2.6051E+03  1.3124E-02 -2.3078E-02
  2.6063E+03  1.3120E-02 -2.3079E-02
  2.6076E+03  1.3116E-02 -2.3080E-02
  2.6088E+03  1.3111E-02 -2.3081E-02
  2.6100E+03  1.3106E-02 -2.3082E-02
  2.6112E+03  1.3101E-02 -2.3083E-02
  2.6124E+03  1.3096E-02 -2.3084E-02
  2.6136E+03  1.3090E-02 -2.3085E-02
  2.6148E+03  1.3084E-02 -2.3085E-02
  2.6160E+03  1.3077E-02 -2.3086E-02
  2.6172E+03  1.3070E-02 -2.3086E-02
  2.6184E+03  1.3063E-02 -2.3087E-02
  2.6197E+03  1.3056E-02 -2.3087E-02
  2.6209E+03  1.3048E-02 -2.3087E-02
  2.6221E+03  1.3040E-02 -2.3087E-02
  2.6233E+03  1.3032E-02 -2.3087E-02
  2.6245E+03  1.3024E-02 -2.3086E-02
  2.6257E+03  1.3015E-02 -2.3086E-02
  2.6269E+03  1.3006E-02 -2.3086E-02
  2.6281E+03  1.2997E-02 -2.3085E-02
  2.6293E+03  1.2987E-02 -2.3085E-02
  2.6305E+03  1.2977E-02 -2.3084E-02
  2.6318E+03  1.2967E-02 -2.3083E-02
  2.6330E+03  1.2957E-02 -2.3082E-02
  2.6342E+03  1.2946E-02 -2.3081E-02
  2.6354E+03  1.2935E-02 -2.3080E-02
  2.6366E+03  1.2924E-02 -2.3079E-02
  2.6378E+03  1.2912E-02 -2.3077E-02
  2.6390E+03  1.2901E-02 -2.3076E-02
  2.6402E+03  1.2889E-02 -2.3074E-02
  2.6414E+03  1.2877E-02 -2.3073E-02
  2.6426E+03  1.2865E-02 -2.3071E-02
  2.6439E+03  1.2852E-02 -2.3069E-02
  2.6451E+03  1.2839E-02 -2.3067E-02
  2.6463E+03  1.2826E-02 -2.3065E-02
  2.6475E+03  1.2813E-02 -2.3063E-02
  2.6487E+03  1.2800E-02 -2.3061E-02
  2.6499E+03  1.2786E-02 -2.3059E-02
  2.6511E+03  1.2772E-02 -2.3056E-02
  2.6523E+03  1.2758E-02 -2.3054E-02
  2.6535E+03  1.2744E-02 -2.3051E-02
  2.6547E+03  1.2729E-02 -2.3048E-02
  2.6560E+03  1.2715E-02 -2.3046E-02
  2.6572E+03  1.2700E-02 -2.3043E-02
  2.6584E+03  1.2684E-02 -2.3040E-02
  2.6596E+03  1.2669E-02 -2.3037E-02
  2.6608E+03  1.2654E-02 -2.3033E-02
  2.6620E+03  1.2638E-02 -2.3030E-02
  2.6632E+03  1.2622E-02 -2.3027E-02
  2.6644E+03  1.2606E-02 -2.3023E-02
  2.6656E+03  1.2590E-02 -2.3020E-02
  2.6668E+03  1.2573E-02 -2.3016E-02
  2.6681E+03  1.2557E-02 -2.3012E-02
  2.6693E+03  1.2540E-02 -2.3009E-02
  2.6705E+03  1.2523E-02 -2.3005E-02
  2.6717E+03  1.2506E-02 -2.3001E-02
  2.6729E+03  1.2488E-02 -2.2997E-02
  2.6741E+03  1.2471E-02 -2.2992E-02
  2.6753E+03  1.2453E-02 -2.2988E-02
  2.6765E+03  1.2435E-02 -2.2984E-02
  2.6777E+03  1.2417E-02 -2.2979E-02
  2.6789E+03  1.2399E-02 -2.2975E-02
  2.6802E+03  1.2380E-02 -2.2970E-02
  2.6814E+03  1.2362E-02 -2.2965E-02
  2.6826E+03  1.2343E-02 -2.2961E-02
  2.6838E+03  1.2324E-02 -2.2956E-02
  2.6850E+03  1.2305E-02 -2.2951E-02
  2.6862E+03  1.2285E-02 -2.2946E-02
  2.6874E+03  1.2266E-02 -2.2941E-02
  2.6886E+03  1.2246E-02 -2.2936E-02
  2.6898E+03  1.2226E-02 -2.2930E-02
  2.6910E+03  1.2206E-02 -2.2925E-02
  2.6923E+03  1.2186E-02 -2.2920E-02
  2.6935E+03  1.2165E-02 -2.2914E-02
  2.6947E+03  1.2145E-02 -2.2908E-02
  2.6959E+03  1.2124E-02 -2.2903E-02
  2.6971E+03  1.2103E-02 -2.2897E-02
  2.6983E+03  1.2082E-02 -2.2891E-02
  2.6995E+03  1.2061E-02 -2.2885E-02
  2.7007E+03  1.2039E-02 -2.2879E-02
  2.7019E+03  1.2018E-02 -2.2873E-02
  2.7031E+03  1.1996E-02 -2.2867E-02
  2.7044E+03  1.1974E-02 -2.2861E-02
  2.7056E+03  1.1952E-02 -2.2855E-02
  2.7068E+03  1.1930E-02 -2.2848E-02
  2.7080E+03  1.1907E-02 -2.2842E-02
  2.7092E+03  1.1884E-02 -2.2836E-02
  2.7104E+03  1.1861E-02 -2.2829E-02
  2.7116E+03  1.1838E-02 -2.2822E-02
  2.7128E+03  1.1815E-02 -2.2816E-02
  2.7140E+03  1.1792E-02 -2.2809E-02
  2.7152E+03  1.1768E-02 -2.2802E-02
  2.7165E+03  1.1744E-02 -2.2795E-02
  2.7177E+03  1.1721E-02 -2.2788E-02
  2.7189E+03  1.1696E-02 -2.2781E-02
  2.7201E+03  1.1672E-02 -2.2774E-02
  2.7213E+03  1.1648E-02 -2.2767E-02
  2.7225E+03  1.1623E-02 -2.2759E-02
  2.7237E+03  1.1598E-02 -2.2752E-02
  2.7249E+03  1.1573E-02 -2.2745E-02
  2.7261E+03  1.1548E-02 -2.2737E-02
  2.7273E+03  1.1523E-02 -2.2729E-02
  2.7286E+03  1.1497E-02 -2.2722E-02
  2.7298E+03  1.1472E-02 -2.2714E-02
  2.7310E+03  1.1446E-02 -2.2706E-02
  2.7322E+03  1.1420E-02 -2.2698E-02
  2.7334E+03  1.1394E-02 -2.2690E-02
  2.7346E+03  1.1368E-02 -2.2682E-02
  2.7358E+03  1.1341E-02 -2.2674E-02
  2.7370E+03  1.1315E-02 -2.2666E-02
  2.7382E+03  1.1288E-02 -2.2658E-02
  2.7394E+03  1.1261E-02 -2.2650E-02
  2.7407E+03  1.1234E-02 -2.2641E-02
  2.7419E+03  1.1207E-02 -2.2633E-02
  2.7431E+03  1.1179E-02 -2.2625E-02
  2.7443E+03  1.1152E-02 -2.2616E-02
  2.7455E+03  1.1124E-02 -2.2607E-02
  2.7467E+03  1.1097E-02 -2.2599E-02
  2.7479E+03  1.1069E-02 -2.2590E-02
  2.7491E+03  1.1041E-02 -2.2581E-02
  2.7503E+03  1.1012E-02 -2.2572E-02
  2.7515E+03  1.0984E-02 -2.2563E-02
  2.7528E+03  1.0956E-02 -2.2554E-02
  2.7540E+03  1.0927E-02 -2.2545E-02
  2.7552E+03  1.0898E-02 -2.2536E-02
  2.7564E+03  1.0870E-02 -2.2527E-02
  2.7576E+03  1.0841E-02 -2.2517E-02
  2.7588E+03  1.0812E-02 -2.2508E-02
  2.7600E+03  1.0783E-02 -2.2499E-02
  2.7612E+03  1.0754E-02 -2.2489E-02
  2.7624E+03  1.0724E-02 -2.2480E-02
  2.7636E+03  1.0695E-02 -2.2470E-02
  2.7649E+03  1.0666E-02 -2.2460E-02
  2.7661E+03  1.0636E-02 -2.2451E-02
  2.7673E+03  1.0606E-02 -2.2441E-02
  2.7685E+03  1.0577E-02 -2.2431E-02
  2.7697E+03  1.0547E-02 -2.2421E-02
  2.7709E+03  1.0517E-02 -2.2411E-02
  2.7721E+03  1.0487E-02 -2.2401E-02
  2.7733E+03  1.0458E-02 -2.2391E-02
  2.7745E+03  1.0428E-02 -2.2381E-02
  2.7757E+03  1.0398E-02 -2.2371E-02
  2.7770E+03  1.0368E-02 -2.2360E-02
  2.7782E+03  1.0338E-02 -2.2350E-02
  2.7794E+03  1.0308E-02 -2.2340E-02
  2.7806E+03  1.0278E-02 -2.2329E-02
  2.7818E+03  1.0248E-02 -2.2319E-02
  2.7830E+03  1.0217E-02 -2.2308E-02
  2.7842E+03  1.0187E-02 -2.2298E-02
  2.7854E+03  1.0157E-02 -2.2287E-02
  2.7866E+03  1.0127E-02 -2.2276E-02
  2.7878E+03  1.0097E-02 -2.2265E-02
  2.7891E+03  1.0067E-02 -2.2255E-02
  2.7903E+03  1.0037E-02 -2.2244E-02
  2.7915E+03  1.0007E-02 -2.2233E-02
  2.7927E+03  9.9770E-03 -2.2222E-02
  2.7939E+03  9.9471E-03 -2.2211E-02
  2.7951E+03  9.9173E-03 -2.2200E-02
  2.7963E+03  9.8875E-03 -2.2189E-02
  2.7975E+03  9.8577E-03 -2.2178E-02
  2.7987E+03  9.8281E-03 -2.2167E-02
  2.7999E+03  9.7985E-03 -2.2156E-02
  2.8012E+03  9.7689E-03 -2.2144E-02
  2.8024E+03  9.7395E-03 -2.2133E-02
  2.8036E+03  9.7102E-03 -2.2122E-02
  2.8048E+03  9.6809E-03 -2.2110E-02
  2.8060E+03  9.6517E-03 -2.2099E-02
  2.8072E+03  9.6227E-03 -2.2088E-02
  2.8084E+03  9.5937E-03 -2.2076E-02
  2.8096E+03  9.5649E-03 -2.2065E-02
  2.8108E+03  9.5362E-03 -2.2053E-02
  2.8120E+03  9.5075E-03 -2.2042E-02
  2.8133E+03  9.4791E-03 -2.2030E-02
  2.8145E+03  9.4507E-03 -2.2019E-02
  2.8157E+03  9.4225E-03 -2.2007E-02
  2.8169E+03  9.3945E-03 -2.1996E-02
  2.8181E+03  9.3666E-03 -2.1984E-02
  2.8193E+03  9.3389E-03 -2.1973E-02
  2.8205E+03  9.3113E-03 -2.1961E-02
  2.8217E+03  9.2838E-03 -2.1949E-02
  2.8229E+03  9.2566E-03 -2.1938E-02
  2.8241E+03  9.2295E-03 -2.1926E-02
  2.8254E+03  9.2026E-03 -2.1914E-02
  2.8266E+03  9.1759E-03 -2.1903E-02
  2.8278E+03  9.1494E-03 -2.1891E-02
  2.8290E+03  9.1230E-03 -2.1879E-02
  2.8302E+03  9.0969E-03 -2.1868E-02
  2.8314E+03  9.0709E-03 -2.1856E-02
  2.8326E+03  9.0452E-03 -2.1844E-02
  2.8338E+03  9.0197E-03 -2.1833E-02
  2.8350E+03  8.9944E-03 -2.1821E-02
  2.8362E+03  8.9693E-03 -2.1809E-02
  2.8375E+03  8.9444E-03 -2.1798E-02
  2.8387E+03  8.9198E-03 -2.1786E-02
  2.8399E+03  8.8954E-03 -2.1774E-02
  2.8411E+03  8.8712E-03 -2.1763E-02
  2.8423E+03  8.8473E-03 -2.1751E-02
  2.8435E+03  8.8236E-03 -2.1740E-02
  2.8447E+03  8.8001E-03 -2.1728E-02
  2.8459E+03  8.7769E-03 -2.1716E-02
  2.8471E+03  8.7539E-03 -2.1705E-02
  2.8483E+03  8.7311E-03 -2.1693E-02
  2.8496E+03  8.7087E-03 -2.1682E-02
  2.8508E+03  8.6864E-03 -2.1670E-02
  2.8520E+03  8.6645E-03 -2.1659E-02
  2.8532E+03  8.6428E-03 -2.1648E-02
  2.8544E+03  8.6213E-03 -2.1636E-02
  2.8556E+03  8.6002E-03 -2.1625E-02
  2.8568E+03  8.5793E-03 -2.1614E-02
  2.8580E+03  8.5587E-03 -2.1602E-02
  2.8592E+03  8.5384E-03 -2.1591E-02
  2.8604E+03  8.5184E-03 -2.1580E-02
  2.8617E+03  8.4986E-03 -2.1569E-02
  2.8629E+03  8.4792E-03 -2.1558E-02
  2.8641E+03  8.4600E-03 -2.1547E-02
  2.8653E+03  8.4411E-03 -2.1536E-02
  2.8665E+03  8.4225E-03 -2.1525E-02
  2.8677E+03  8.4042E-03 -2.1514E-02
  2.8689E+03  8.3862E-03 -2.1503E-02
  2.8701E+03  8.3685E-03 -2.1492E-02
  2.8713E+03  8.3511E-03 -2.1482E-02
  2.8725E+03  8.3340E-03 -2.1471E-02
  2.8738E+03  8.3172E-03 -2.1460E-02
  2.8750E+03  8.3007E-03 -2.1450E-02
  2.8762E+03  8.2845E-03 -2.1439E-02
  2.8774E+03  8.2686E-03 -2.1429E-02
  2.8786E+03  8.2530E-03 -2.1418E-02
  2.8798E+03  8.2378E-03 -2.1408E-02
  2.8810E+03  8.2229E-03 -2.1398E-02
  2.8822E+03  8.2083E-03 -2.1388E-02
  2.8834E+03  8.1940E-03 -2.1378E-02
  2.8846E+03  8.1800E-03 -2.1368E-02
  2.8859E+03  8.1664E-03 -2.1358E-02
  2.8871E+03  8.1530E-03 -2.1348E-02
  2.8883E+03  8.1400E-03 -2.1338E-02
  2.8895E+03  8.1273E-03 -2.1328E-02
  2.8907E+03  8.1150E-03 -2.1319E-02
  2.8919E+03  8.1029E-03 -2.1309E-02
  2.8931E+03  8.0912E-03 -2.1299E-02
  2.8943E+03  8.0798E-03 -2.1290E-02
  2.8955E+03  8.0688E-03 -2.1281E-02
  2.8967E+03  8.0581E-03 -2.1272E-02
  2.8980E+03  8.0477E-03 -2.1262E-02
  2.8992E+03  8.0376E-03 -2.1253E-02
  2.9004E+03  8.0279E-03 -2.1244E-02
  2.9016E+03  8.0185E-03 -2.1235E-02
  2.9028E+03  8.0095E-03 -2.1227E-02
  2.9040E+03  8.0008E-03 -2.1218E-02
  2.9052E+03  7.9924E-03 -2.1209E-02
  2.9064E+03  7.9844E-03 -2.1201E-02
  2.9076E+03  7.9767E-03 -2.1192E-02
  2.9088E+03  7.9693E-03 -2.1184E-02
  2.9101E+03  7.9622E-03 -2.1176E-02
  2.9113E+03  7.9555E-03 -2.1168E-02
  2.9125E+03  7.9491E-03 -2.1160E-02
  2.9137E+03  7.9431E-03 -2.1152E-02
  2.9149E+03  7.9373E-03 -2.1144E-02
  2.9161E+03  7.9319E-03 -2.1136E-02
  2.9173E+03  7.9269E-03 -2.1129E-02
  2.9185E+03  7.9221E-03 -2.1121E-02
  2.9197E+03  7.9178E-03 -2.1114E-02
  2.9209E+03  7.9137E-03 -2.1106E-02
  2.9222E+03  7.9100E-03 -2.1099E-02
  2.9234E+03  7.9066E-03 -2.1092E-02
  2.9246E+03  7.9036E-03 -2.1085E-02
  2.9258E+03  7.9008E-03 -2.1078E-02
  2.9270E+03  7.8984E-03 -2.1071E-02
  2.9282E+03  7.8964E-03 -2.1065E-02
  2.9294E+03  7.8946E-03 -2.1058E-02
  2.9306E+03  7.8932E-03 -2.1052E-02
  2.9318E+03  7.8921E-03 -2.1045E-02
  2.9330E+03  7.8913E-03 -2.1039E-02
  2.9343E+03  7.8908E-03 -2.1033E-02
  2.9355E+03  7.8906E-03 -2.1027E-02
  2.9367E+03  7.8908E-03 -2.1021E-02
  2.9379E+03  7.8912E-03 -2.1015E-02
  2.9391E+03  7.8919E-03 -2.1009E-02
  2.9403E+03  7.8930E-03 -2.1004E-02
  2.9415E+03  7.8943E-03 -2.0998E-02
  2.9427E+03  7.8960E-03 -2.0993E-02
  2.9439E+03  7.8980E-03 -2.0988E-02
  2.9451E+03  7.9002E-03 -2.0983E-02
  2.9464E+03  7.9028E-03 -2.0978E-02
  2.9476E+03  7.9057E-03 -2.0973E-02
  2.9488E+03  7.9088E-03 -2.0968E-02
  2.9500E+03  7.9123E-03 -2.0963E-02
  2.9512E+03  7.9160E-03 -2.0959E-02
  2.9524E+03  7.9200E-03 -2.0954E-02
  2.9536E+03  7.9242E-03 -2.0950E-02
  2.9548E+03  7.9288E-03 -2.0946E-02
  2.9560E+03  7.9336E-03 -2.0942E-02
  2.9572E+03  7.9386E-03 -2.0938E-02
  2.9585E+03  7.9439E-03 -2.0934E-02
  2.9597E+03  7.9495E-03 -2.0930E-02
  2.9609E+03  7.9553E-03 -2.0926E-02
  2.9621E+03  7.9614E-03 -2.0923E-02
  2.9633E+03  7.9677E-03 -2.0919E-02
  2.9645E+03  7.9742E-03 -2.0916E-02
  2.9657E+03  7.9810E-03 -2.0913E-02
  2.9669E+03  7.9880E-03 -2.0910E-02
  2.9681E+03  7.9952E-03 -2.0907E-02
  2.9693E+03  8.0027E-03 -2.0904E-02
  2.9706E+03  8.0104E-03 -2.0901E-02
  2.9718E+03  8.0182E-03 -2.0898E-02
  2.9730E+03  8.0263E-03 -2.0896E-02
  2.9742E+03  8.0346E-03 -2.0893E-02
  2.9754E+03  8.0431E-03 -2.0891E-02
  2.9766E+03  8.0518E-03 -2.0889E-02
  2.9778E+03  8.0607E-03 -2.0887E-02
  2.9790E+03  8.0698E-03 -2.0885E-02
  2.9802E+03  8.0790E-03 -2.0883E-02
  2.9814E+03  8.0884E-03 -2.0881E-02
  2.9827E+03  8.0979E-03 -2.0879E-02
  2.9839E+03  8.1077E-03 -2.0877E-02
  2.9851E+03  8.1175E-03 -2.0876E-02
  2.9863E+03  8.1275E-03 -2.0874E-02
  2.9875E+03  8.1377E-03 -2.0873E-02
  2.9887E+03  8.1480E-03 -2.0872E-02
  2.9899E+03  8.1584E-03 -2.0871E-02
  2.9911E+03  8.1690E-03 -2.0869E-02
  2.9923E+03  8.1797E-03 -2.0868E-02
  2.9935E+03  8.1904E-03 -2.0868E-02
  2.9948E+03  8.2013E-03 -2.0867E-02
  2.9960E+03  8.2123E-03 -2.0866E-02
  2.9972E+03  8.2234E-03 -2.0865E-02
  2.9984E+03  8.2346E-03 -2.0865E-02
  2.9996E+03  8.2459E-03 -2.0864E-02
  3.0000E+03  8.2497E-03 -2.0864E-02
