# CREATED BY GENE DIAGNOSTICS TOOL on Tue Mar  9 19:59:41 2021
# diag: timetrace, run(s): 0002, time window: 0-2000(1045 steps), species: ions
# original data path: /marconi_scratch/userexternal/cmoreno0/GAMZF_convergence/lhd_surface/scanfiles0000/
# normalization: L_ref=1.65m
#
#  t          Re[phi]     Im[phi]   
  0.0000E+00  9.9998E-01  0.0000E+00
  1.9160E+00  7.8544E-01 -3.9032E-03
  3.8320E+00  5.0370E-01 -6.5002E-03
  5.7480E+00  2.8146E-01 -6.8085E-03
  7.6640E+00  1.5781E-01 -5.2804E-03
  9.5800E+00  1.0120E-01 -3.2612E-03
  1.1496E+01  7.7496E-02 -1.7666E-03
  1.3412E+01  6.7728E-02 -9.3409E-04
  1.5328E+01  6.0767E-02 -5.0663E-04
  1.7244E+01  6.0029E-02 -5.1163E-04
  1.9160E+01  6.0091E-02 -1.4343E-03
  2.1076E+01  6.0232E-02 -2.7732E-03
  2.2992E+01  5.3418E-02 -3.5812E-03
  2.4908E+01  3.7424E-02 -3.0340E-03
  2.6824E+01  1.5432E-02 -1.3605E-03
  2.8740E+01 -6.3261E-03  7.4252E-04
  3.0656E+01 -2.1861E-02  2.4145E-03
  3.2572E+01 -2.9223E-02  3.1759E-03
  3.4488E+01 -2.8437E-02  3.0801E-03
  3.6404E+01 -2.0365E-02  2.2801E-03
  3.8320E+01 -1.0340E-02  1.1970E-03
  4.0236E+01 -9.7296E-05  2.9019E-05
  4.2152E+01  1.0815E-02 -1.1179E-03
  4.4068E+01  2.1457E-02 -2.1246E-03
  4.5984E+01  3.0253E-02 -2.9524E-03
  4.7900E+01  3.6922E-02 -3.5749E-03
  4.9816E+01  4.2311E-02 -4.1024E-03
  5.1732E+01  4.7226E-02 -4.4840E-03
  5.3648E+01  5.1855E-02 -4.7789E-03
  5.5564E+01  5.5674E-02 -5.0077E-03
  5.7480E+01  5.8218E-02 -5.1026E-03
  5.9396E+01  5.9319E-02 -5.1173E-03
  6.1312E+01  5.9570E-02 -5.0229E-03
  6.3228E+01  5.8963E-02 -4.6901E-03
  6.5144E+01  5.7930E-02 -4.3320E-03
  6.7060E+01  5.6668E-02 -4.0555E-03
  6.8976E+01  5.4912E-02 -3.7317E-03
  7.0892E+01  5.2437E-02 -3.3567E-03
  7.2808E+01  4.9948E-02 -3.0728E-03
  7.4724E+01  4.8449E-02 -2.9470E-03
  7.6640E+01  4.7138E-02 -2.8687E-03
  7.8556E+01  4.5308E-02 -2.7712E-03
  8.0472E+01  4.3971E-02 -2.7241E-03
  8.2388E+01  4.3819E-02 -2.8007E-03
  8.4304E+01  4.3994E-02 -2.9680E-03
  8.6220E+01  4.4018E-02 -3.1454E-03
  8.8136E+01  4.4527E-02 -3.3093E-03
  9.0052E+01  4.5600E-02 -3.4765E-03
  9.1968E+01  4.6486E-02 -3.6566E-03
  9.3884E+01  4.6903E-02 -3.8476E-03
  9.5800E+01  4.7188E-02 -4.0449E-03
  9.7716E+01  4.7437E-02 -4.2352E-03
  9.9632E+01  4.7359E-02 -4.4079E-03
  1.0155E+02  4.6838E-02 -4.5510E-03
  1.0346E+02  4.6090E-02 -4.6481E-03
  1.0538E+02  4.5372E-02 -4.7046E-03
  1.0730E+02  4.4877E-02 -4.7395E-03
  1.0921E+02  4.4695E-02 -4.7719E-03
  1.1113E+02  4.4843E-02 -4.8107E-03
  1.1304E+02  4.5284E-02 -4.8423E-03
  1.1496E+02  4.5935E-02 -4.8591E-03
  1.1688E+02  4.6661E-02 -4.8620E-03
  1.1879E+02  4.7408E-02 -4.8585E-03
  1.2071E+02  4.8166E-02 -4.8611E-03
  1.2262E+02  4.8831E-02 -4.8715E-03
  1.2454E+02  4.9318E-02 -4.8850E-03
  1.2646E+02  4.9593E-02 -4.9046E-03
  1.2837E+02  4.9665E-02 -4.9336E-03
  1.3029E+02  4.9601E-02 -4.9713E-03
  1.3220E+02  4.9328E-02 -5.0157E-03
  1.3412E+02  4.8813E-02 -5.0674E-03
  1.3604E+02  4.8151E-02 -5.1246E-03
  1.3795E+02  4.7339E-02 -5.1823E-03
  1.3987E+02  4.6431E-02 -5.2357E-03
  1.4178E+02  4.5532E-02 -5.2849E-03
  1.4370E+02  4.4594E-02 -5.3312E-03
  1.4562E+02  4.3650E-02 -5.3741E-03
  1.4753E+02  4.2842E-02 -5.4153E-03
  1.4945E+02  4.2089E-02 -5.4578E-03
  1.5136E+02  4.1352E-02 -5.5032E-03
  1.5328E+02  4.0809E-02 -5.5517E-03
  1.5520E+02  4.0423E-02 -5.6038E-03
  1.5711E+02  4.0134E-02 -5.6614E-03
  1.5903E+02  4.0065E-02 -5.7258E-03
  1.6094E+02  4.0210E-02 -5.7966E-03
  1.6286E+02  4.0448E-02 -5.8726E-03
  1.6478E+02  4.0696E-02 -5.9527E-03
  1.6669E+02  4.1003E-02 -6.0358E-03
  1.6861E+02  4.1398E-02 -6.1196E-03
  1.7052E+02  4.1750E-02 -6.2022E-03
  1.7244E+02  4.2064E-02 -6.2817E-03
  1.7436E+02  4.2474E-02 -6.3571E-03
  1.7627E+02  4.2892E-02 -6.4279E-03
  1.7819E+02  4.3229E-02 -6.4937E-03
  1.8010E+02  4.3587E-02 -6.5539E-03
  1.8202E+02  4.3923E-02 -6.6085E-03
  1.8394E+02  4.4166E-02 -6.6575E-03
  1.8585E+02  4.4381E-02 -6.7012E-03
  1.8777E+02  4.4513E-02 -6.7399E-03
  1.8968E+02  4.4537E-02 -6.7736E-03
  1.9160E+02  4.4534E-02 -6.8033E-03
  1.9352E+02  4.4523E-02 -6.8308E-03
  1.9543E+02  4.4489E-02 -6.8571E-03
  1.9735E+02  4.4430E-02 -6.8833E-03
  1.9926E+02  4.4399E-02 -6.9102E-03
  2.0118E+02  4.4414E-02 -6.9391E-03
  2.0310E+02  4.4382E-02 -6.9704E-03
  2.0501E+02  4.4308E-02 -7.0041E-03
  2.0693E+02  4.4270E-02 -7.0406E-03
  2.0884E+02  4.4209E-02 -7.0800E-03
  2.1076E+02  4.4102E-02 -7.1221E-03
  2.1268E+02  4.4029E-02 -7.1669E-03
  2.1459E+02  4.3950E-02 -7.2144E-03
  2.1651E+02  4.3856E-02 -7.2642E-03
  2.1842E+02  4.3799E-02 -7.3159E-03
  2.2034E+02  4.3719E-02 -7.3686E-03
  2.2226E+02  4.3626E-02 -7.4216E-03
  2.2417E+02  4.3584E-02 -7.4744E-03
  2.2609E+02  4.3558E-02 -7.5265E-03
  2.2800E+02  4.3511E-02 -7.5773E-03
  2.2992E+02  4.3472E-02 -7.6265E-03
  2.3184E+02  4.3447E-02 -7.6741E-03
  2.3375E+02  4.3379E-02 -7.7200E-03
  2.3567E+02  4.3238E-02 -7.7640E-03
  2.3758E+02  4.3061E-02 -7.8058E-03
  2.3950E+02  4.2862E-02 -7.8454E-03
  2.4142E+02  4.2597E-02 -7.8831E-03
  2.4333E+02  4.2291E-02 -7.9192E-03
  2.4525E+02  4.1997E-02 -7.9538E-03
  2.4716E+02  4.1668E-02 -7.9871E-03
  2.4908E+02  4.1309E-02 -8.0196E-03
  2.5100E+02  4.0973E-02 -8.0515E-03
  2.5291E+02  4.0644E-02 -8.0828E-03
  2.5483E+02  4.0319E-02 -8.1135E-03
  2.5674E+02  4.0026E-02 -8.1440E-03
  2.5866E+02  3.9772E-02 -8.1743E-03
  2.6058E+02  3.9555E-02 -8.2046E-03
  2.6249E+02  3.9384E-02 -8.2351E-03
  2.6441E+02  3.9254E-02 -8.2659E-03
  2.6632E+02  3.9146E-02 -8.2972E-03
  2.6824E+02  3.9045E-02 -8.3288E-03
  2.7016E+02  3.8943E-02 -8.3605E-03
  2.7207E+02  3.8822E-02 -8.3922E-03
  2.7399E+02  3.8655E-02 -8.4237E-03
  2.7590E+02  3.8461E-02 -8.4545E-03
  2.7782E+02  3.8256E-02 -8.4848E-03
  2.7974E+02  3.8023E-02 -8.5145E-03
  2.8165E+02  3.7778E-02 -8.5436E-03
  2.8357E+02  3.7544E-02 -8.5722E-03
  2.8548E+02  3.7303E-02 -8.6002E-03
  2.8740E+02  3.7049E-02 -8.6275E-03
  2.8932E+02  3.6791E-02 -8.6540E-03
  2.9123E+02  3.6529E-02 -8.6796E-03
  2.9315E+02  3.6262E-02 -8.7042E-03
  2.9506E+02  3.6006E-02 -8.7278E-03
  2.9698E+02  3.5768E-02 -8.7507E-03
  2.9890E+02  3.5551E-02 -8.7734E-03
  3.0081E+02  3.5366E-02 -8.7962E-03
  3.0273E+02  3.5217E-02 -8.8193E-03
  3.0464E+02  3.5094E-02 -8.8429E-03
  3.0656E+02  3.5000E-02 -8.8672E-03
  3.0848E+02  3.4939E-02 -8.8920E-03
  3.1039E+02  3.4895E-02 -8.9171E-03
  3.1231E+02  3.4853E-02 -8.9424E-03
  3.1422E+02  3.4812E-02 -8.9678E-03
  3.1614E+02  3.4768E-02 -8.9929E-03
  3.1806E+02  3.4708E-02 -9.0178E-03
  3.1997E+02  3.4634E-02 -9.0422E-03
  3.2189E+02  3.4556E-02 -9.0662E-03
  3.2380E+02  3.4476E-02 -9.0896E-03
  3.2572E+02  3.4397E-02 -9.1124E-03
  3.2764E+02  3.4327E-02 -9.1347E-03
  3.2955E+02  3.4271E-02 -9.1563E-03
  3.3147E+02  3.4224E-02 -9.1774E-03
  3.3338E+02  3.4182E-02 -9.1977E-03
  3.3530E+02  3.4144E-02 -9.2173E-03
  3.3722E+02  3.4100E-02 -9.2363E-03
  3.3913E+02  3.4048E-02 -9.2547E-03
  3.4105E+02  3.3982E-02 -9.2726E-03
  3.4296E+02  3.3904E-02 -9.2903E-03
  3.4488E+02  3.3819E-02 -9.3078E-03
  3.4680E+02  3.3727E-02 -9.3255E-03
  3.4871E+02  3.3634E-02 -9.3435E-03
  3.5063E+02  3.3544E-02 -9.3620E-03
  3.5254E+02  3.3457E-02 -9.3808E-03
  3.5446E+02  3.3375E-02 -9.4001E-03
  3.5638E+02  3.3299E-02 -9.4195E-03
  3.5829E+02  3.3225E-02 -9.4390E-03
  3.6021E+02  3.3156E-02 -9.4583E-03
  3.6212E+02  3.3095E-02 -9.4774E-03
  3.6404E+02  3.3038E-02 -9.4961E-03
  3.6596E+02  3.2985E-02 -9.5145E-03
  3.6787E+02  3.2936E-02 -9.5324E-03
  3.6979E+02  3.2883E-02 -9.5499E-03
  3.7170E+02  3.2828E-02 -9.5669E-03
  3.7362E+02  3.2765E-02 -9.5834E-03
  3.7554E+02  3.2693E-02 -9.5994E-03
  3.7745E+02  3.2615E-02 -9.6147E-03
  3.7937E+02  3.2528E-02 -9.6294E-03
  3.8128E+02  3.2436E-02 -9.6435E-03
  3.8320E+02  3.2341E-02 -9.6569E-03
  3.8512E+02  3.2243E-02 -9.6698E-03
  3.8703E+02  3.2143E-02 -9.6822E-03
  3.8895E+02  3.2046E-02 -9.6940E-03
  3.9086E+02  3.1947E-02 -9.7053E-03
  3.9278E+02  3.1849E-02 -9.7161E-03
  3.9470E+02  3.1757E-02 -9.7265E-03
  3.9661E+02  3.1665E-02 -9.7366E-03
  3.9853E+02  3.1575E-02 -9.7463E-03
  4.0044E+02  3.1489E-02 -9.7558E-03
  4.0236E+02  3.1404E-02 -9.7651E-03
  4.0428E+02  3.1321E-02 -9.7743E-03
  4.0619E+02  3.1237E-02 -9.7834E-03
  4.0811E+02  3.1153E-02 -9.7924E-03
  4.1002E+02  3.1068E-02 -9.8012E-03
  4.1194E+02  3.0977E-02 -9.8099E-03
  4.1386E+02  3.0883E-02 -9.8184E-03
  4.1577E+02  3.0784E-02 -9.8266E-03
  4.1769E+02  3.0678E-02 -9.8345E-03
  4.1960E+02  3.0567E-02 -9.8420E-03
  4.2152E+02  3.0453E-02 -9.8492E-03
  4.2344E+02  3.0333E-02 -9.8559E-03
  4.2535E+02  3.0210E-02 -9.8623E-03
  4.2727E+02  3.0089E-02 -9.8684E-03
  4.2918E+02  2.9966E-02 -9.8742E-03
  4.3110E+02  2.9847E-02 -9.8797E-03
  4.3302E+02  2.9733E-02 -9.8850E-03
  4.3493E+02  2.9623E-02 -9.8901E-03
  4.3685E+02  2.9519E-02 -9.8951E-03
  4.3876E+02  2.9418E-02 -9.9000E-03
  4.4068E+02  2.9320E-02 -9.9048E-03
  4.4260E+02  2.9224E-02 -9.9096E-03
  4.4451E+02  2.9128E-02 -9.9142E-03
  4.4643E+02  2.9033E-02 -9.9187E-03
  4.4834E+02  2.8939E-02 -9.9232E-03
  4.5026E+02  2.8844E-02 -9.9275E-03
  4.5218E+02  2.8751E-02 -9.9317E-03
  4.5409E+02  2.8659E-02 -9.9358E-03
  4.5601E+02  2.8566E-02 -9.9397E-03
  4.5792E+02  2.8475E-02 -9.9434E-03
  4.5984E+02  2.8384E-02 -9.9469E-03
  4.6176E+02  2.8291E-02 -9.9500E-03
  4.6367E+02  2.8198E-02 -9.9528E-03
  4.6559E+02  2.8104E-02 -9.9552E-03
  4.6750E+02  2.8008E-02 -9.9573E-03
  4.6942E+02  2.7910E-02 -9.9590E-03
  4.7134E+02  2.7811E-02 -9.9604E-03
  4.7325E+02  2.7711E-02 -9.9614E-03
  4.7517E+02  2.7611E-02 -9.9622E-03
  4.7708E+02  2.7511E-02 -9.9627E-03
  4.7900E+02  2.7412E-02 -9.9630E-03
  4.8092E+02  2.7316E-02 -9.9631E-03
  4.8283E+02  2.7221E-02 -9.9630E-03
  4.8475E+02  2.7128E-02 -9.9628E-03
  4.8666E+02  2.7038E-02 -9.9624E-03
  4.8858E+02  2.6948E-02 -9.9620E-03
  4.9050E+02  2.6860E-02 -9.9613E-03
  4.9241E+02  2.6772E-02 -9.9605E-03
  4.9433E+02  2.6682E-02 -9.9596E-03
  4.9624E+02  2.6591E-02 -9.9584E-03
  4.9816E+02  2.6499E-02 -9.9571E-03
  5.0008E+02  2.6406E-02 -9.9555E-03
  5.0199E+02  2.6312E-02 -9.9537E-03
  5.0391E+02  2.6219E-02 -9.9517E-03
  5.0582E+02  2.6125E-02 -9.9494E-03
  5.0774E+02  2.6032E-02 -9.9469E-03
  5.0966E+02  2.5939E-02 -9.9441E-03
  5.1157E+02  2.5847E-02 -9.9410E-03
  5.1349E+02  2.5755E-02 -9.9377E-03
  5.1540E+02  2.5664E-02 -9.9341E-03
  5.1732E+02  2.5575E-02 -9.9302E-03
  5.1924E+02  2.5489E-02 -9.9261E-03
  5.2115E+02  2.5406E-02 -9.9219E-03
  5.2307E+02  2.5325E-02 -9.9174E-03
  5.2498E+02  2.5248E-02 -9.9129E-03
  5.2690E+02  2.5173E-02 -9.9081E-03
  5.2882E+02  2.5099E-02 -9.9033E-03
  5.3073E+02  2.5027E-02 -9.8983E-03
  5.3265E+02  2.4955E-02 -9.8933E-03
  5.3456E+02  2.4883E-02 -9.8880E-03
  5.3648E+02  2.4810E-02 -9.8826E-03
  5.3840E+02  2.4736E-02 -9.8771E-03
  5.4031E+02  2.4661E-02 -9.8713E-03
  5.4223E+02  2.4586E-02 -9.8654E-03
  5.4414E+02  2.4509E-02 -9.8593E-03
  5.4606E+02  2.4433E-02 -9.8530E-03
  5.4798E+02  2.4356E-02 -9.8465E-03
  5.4989E+02  2.4280E-02 -9.8398E-03
  5.5181E+02  2.4205E-02 -9.8328E-03
  5.5372E+02  2.4131E-02 -9.8257E-03
  5.5564E+02  2.4058E-02 -9.8183E-03
  5.5756E+02  2.3987E-02 -9.8108E-03
  5.5947E+02  2.3916E-02 -9.8030E-03
  5.6139E+02  2.3846E-02 -9.7951E-03
  5.6330E+02  2.3776E-02 -9.7870E-03
  5.6522E+02  2.3705E-02 -9.7788E-03
  5.6714E+02  2.3634E-02 -9.7705E-03
  5.6905E+02  2.3563E-02 -9.7620E-03
  5.7097E+02  2.3492E-02 -9.7535E-03
  5.7288E+02  2.3421E-02 -9.7449E-03
  5.7480E+02  2.3351E-02 -9.7362E-03
  5.7672E+02  2.3282E-02 -9.7275E-03
  5.7863E+02  2.3214E-02 -9.7187E-03
  5.8055E+02  2.3148E-02 -9.7098E-03
  5.8246E+02  2.3083E-02 -9.7008E-03
  5.8438E+02  2.3020E-02 -9.6916E-03
  5.8630E+02  2.2958E-02 -9.6824E-03
  5.8821E+02  2.2897E-02 -9.6730E-03
  5.9013E+02  2.2837E-02 -9.6635E-03
  5.9204E+02  2.2776E-02 -9.6538E-03
  5.9396E+02  2.2715E-02 -9.6439E-03
  5.9588E+02  2.2652E-02 -9.6339E-03
  5.9779E+02  2.2589E-02 -9.6237E-03
  5.9971E+02  2.2525E-02 -9.6134E-03
  6.0162E+02  2.2461E-02 -9.6029E-03
  6.0354E+02  2.2397E-02 -9.5923E-03
  6.0546E+02  2.2332E-02 -9.5816E-03
  6.0737E+02  2.2269E-02 -9.5707E-03
  6.0929E+02  2.2205E-02 -9.5596E-03
  6.1120E+02  2.2142E-02 -9.5484E-03
  6.1312E+02  2.2079E-02 -9.5371E-03
  6.1504E+02  2.2017E-02 -9.5256E-03
  6.1695E+02  2.1955E-02 -9.5140E-03
  6.1887E+02  2.1894E-02 -9.5023E-03
  6.2078E+02  2.1833E-02 -9.4905E-03
  6.2270E+02  2.1772E-02 -9.4785E-03
  6.2462E+02  2.1712E-02 -9.4665E-03
  6.2653E+02  2.1652E-02 -9.4543E-03
  6.2845E+02  2.1593E-02 -9.4421E-03
  6.3036E+02  2.1534E-02 -9.4298E-03
  6.3228E+02  2.1474E-02 -9.4174E-03
  6.3420E+02  2.1415E-02 -9.4049E-03
  6.3611E+02  2.1355E-02 -9.3924E-03
  6.3803E+02  2.1294E-02 -9.3797E-03
  6.3994E+02  2.1233E-02 -9.3669E-03
  6.4186E+02  2.1171E-02 -9.3540E-03
  6.4378E+02  2.1109E-02 -9.3409E-03
  6.4569E+02  2.1047E-02 -9.3278E-03
  6.4761E+02  2.0985E-02 -9.3145E-03
  6.4952E+02  2.0923E-02 -9.3012E-03
  6.5144E+02  2.0862E-02 -9.2877E-03
  6.5336E+02  2.0802E-02 -9.2742E-03
  6.5527E+02  2.0743E-02 -9.2606E-03
  6.5719E+02  2.0685E-02 -9.2469E-03
  6.5910E+02  2.0628E-02 -9.2331E-03
  6.6102E+02  2.0572E-02 -9.2193E-03
  6.6294E+02  2.0517E-02 -9.2054E-03
  6.6485E+02  2.0462E-02 -9.1915E-03
  6.6677E+02  2.0408E-02 -9.1775E-03
  6.6868E+02  2.0354E-02 -9.1635E-03
  6.7060E+02  2.0300E-02 -9.1494E-03
  6.7252E+02  2.0245E-02 -9.1352E-03
  6.7443E+02  2.0191E-02 -9.1210E-03
  6.7635E+02  2.0136E-02 -9.1067E-03
  6.7826E+02  2.0082E-02 -9.0924E-03
  6.8018E+02  2.0027E-02 -9.0779E-03
  6.8210E+02  1.9973E-02 -9.0635E-03
  6.8401E+02  1.9919E-02 -9.0489E-03
  6.8593E+02  1.9865E-02 -9.0342E-03
  6.8784E+02  1.9812E-02 -9.0195E-03
  6.8976E+02  1.9759E-02 -9.0047E-03
  6.9168E+02  1.9707E-02 -8.9898E-03
  6.9359E+02  1.9655E-02 -8.9748E-03
  6.9551E+02  1.9603E-02 -8.9598E-03
  6.9742E+02  1.9551E-02 -8.9447E-03
  6.9934E+02  1.9499E-02 -8.9295E-03
  7.0126E+02  1.9448E-02 -8.9143E-03
  7.0317E+02  1.9396E-02 -8.8991E-03
  7.0509E+02  1.9345E-02 -8.8838E-03
  7.0700E+02  1.9294E-02 -8.8685E-03
  7.0892E+02  1.9243E-02 -8.8531E-03
  7.1084E+02  1.9192E-02 -8.8378E-03
  7.1275E+02  1.9142E-02 -8.8224E-03
  7.1467E+02  1.9092E-02 -8.8069E-03
  7.1658E+02  1.9043E-02 -8.7915E-03
  7.1850E+02  1.8994E-02 -8.7760E-03
  7.2042E+02  1.8945E-02 -8.7605E-03
  7.2233E+02  1.8896E-02 -8.7449E-03
  7.2425E+02  1.8848E-02 -8.7293E-03
  7.2616E+02  1.8801E-02 -8.7137E-03
  7.2808E+02  1.8753E-02 -8.6980E-03
  7.3000E+02  1.8706E-02 -8.6823E-03
  7.3191E+02  1.8658E-02 -8.6666E-03
  7.3383E+02  1.8611E-02 -8.6508E-03
  7.3574E+02  1.8564E-02 -8.6350E-03
  7.3766E+02  1.8518E-02 -8.6192E-03
  7.3958E+02  1.8471E-02 -8.6033E-03
  7.4149E+02  1.8425E-02 -8.5874E-03
  7.4341E+02  1.8379E-02 -8.5715E-03
  7.4532E+02  1.8334E-02 -8.5555E-03
  7.4724E+02  1.8289E-02 -8.5396E-03
  7.4916E+02  1.8244E-02 -8.5236E-03
  7.5107E+02  1.8199E-02 -8.5075E-03
  7.5299E+02  1.8155E-02 -8.4915E-03
  7.5490E+02  1.8112E-02 -8.4755E-03
  7.5682E+02  1.8068E-02 -8.4594E-03
  7.5874E+02  1.8025E-02 -8.4434E-03
  7.6065E+02  1.7982E-02 -8.4273E-03
  7.6257E+02  1.7940E-02 -8.4112E-03
  7.6448E+02  1.7898E-02 -8.3952E-03
  7.6640E+02  1.7856E-02 -8.3791E-03
  7.6832E+02  1.7815E-02 -8.3631E-03
  7.7023E+02  1.7773E-02 -8.3470E-03
  7.7215E+02  1.7732E-02 -8.3310E-03
  7.7406E+02  1.7692E-02 -8.3149E-03
  7.7598E+02  1.7652E-02 -8.2989E-03
  7.7790E+02  1.7612E-02 -8.2828E-03
  7.7981E+02  1.7572E-02 -8.2668E-03
  7.8173E+02  1.7532E-02 -8.2507E-03
  7.8364E+02  1.7493E-02 -8.2347E-03
  7.8556E+02  1.7454E-02 -8.2187E-03
  7.8748E+02  1.7415E-02 -8.2026E-03
  7.8939E+02  1.7376E-02 -8.1866E-03
  7.9131E+02  1.7337E-02 -8.1706E-03
  7.9322E+02  1.7298E-02 -8.1545E-03
  7.9514E+02  1.7260E-02 -8.1385E-03
  7.9706E+02  1.7221E-02 -8.1225E-03
  7.9897E+02  1.7184E-02 -8.1065E-03
  8.0089E+02  1.7146E-02 -8.0905E-03
  8.0280E+02  1.7109E-02 -8.0745E-03
  8.0472E+02  1.7072E-02 -8.0585E-03
  8.0664E+02  1.7035E-02 -8.0425E-03
  8.0855E+02  1.6999E-02 -8.0266E-03
  8.1047E+02  1.6963E-02 -8.0107E-03
  8.1238E+02  1.6927E-02 -7.9948E-03
  8.1430E+02  1.6891E-02 -7.9789E-03
  8.1622E+02  1.6855E-02 -7.9630E-03
  8.1813E+02  1.6819E-02 -7.9472E-03
  8.2005E+02  1.6784E-02 -7.9314E-03
  8.2196E+02  1.6748E-02 -7.9156E-03
  8.2388E+02  1.6712E-02 -7.8998E-03
  8.2580E+02  1.6677E-02 -7.8841E-03
  8.2771E+02  1.6641E-02 -7.8684E-03
  8.2963E+02  1.6606E-02 -7.8527E-03
  8.3154E+02  1.6572E-02 -7.8371E-03
  8.3346E+02  1.6537E-02 -7.8214E-03
  8.3538E+02  1.6503E-02 -7.8059E-03
  8.3729E+02  1.6470E-02 -7.7903E-03
  8.3921E+02  1.6437E-02 -7.7748E-03
  8.4112E+02  1.6404E-02 -7.7593E-03
  8.4304E+02  1.6371E-02 -7.7439E-03
  8.4496E+02  1.6338E-02 -7.7284E-03
  8.4687E+02  1.6306E-02 -7.7131E-03
  8.4879E+02  1.6274E-02 -7.6977E-03
  8.5070E+02  1.6243E-02 -7.6824E-03
  8.5262E+02  1.6211E-02 -7.6672E-03
  8.5454E+02  1.6180E-02 -7.6520E-03
  8.5645E+02  1.6149E-02 -7.6368E-03
  8.5837E+02  1.6118E-02 -7.6217E-03
  8.6028E+02  1.6087E-02 -7.6066E-03
  8.6220E+02  1.6056E-02 -7.5915E-03
  8.6412E+02  1.6026E-02 -7.5765E-03
  8.6603E+02  1.5995E-02 -7.5616E-03
  8.6795E+02  1.5965E-02 -7.5466E-03
  8.6986E+02  1.5935E-02 -7.5317E-03
  8.7178E+02  1.5905E-02 -7.5169E-03
  8.7370E+02  1.5875E-02 -7.5020E-03
  8.7561E+02  1.5846E-02 -7.4873E-03
  8.7753E+02  1.5816E-02 -7.4725E-03
  8.7944E+02  1.5787E-02 -7.4578E-03
  8.8136E+02  1.5758E-02 -7.4432E-03
  8.8328E+02  1.5729E-02 -7.4286E-03
  8.8519E+02  1.5700E-02 -7.4141E-03
  8.8711E+02  1.5672E-02 -7.3996E-03
  8.8902E+02  1.5643E-02 -7.3852E-03
  8.9094E+02  1.5615E-02 -7.3708E-03
  8.9286E+02  1.5587E-02 -7.3565E-03
  8.9477E+02  1.5559E-02 -7.3422E-03
  8.9669E+02  1.5531E-02 -7.3281E-03
  8.9860E+02  1.5503E-02 -7.3139E-03
  9.0052E+02  1.5476E-02 -7.2999E-03
  9.0244E+02  1.5449E-02 -7.2858E-03
  9.0435E+02  1.5422E-02 -7.2719E-03
  9.0627E+02  1.5395E-02 -7.2580E-03
  9.0818E+02  1.5369E-02 -7.2442E-03
  9.1010E+02  1.5343E-02 -7.2304E-03
  9.1202E+02  1.5317E-02 -7.2167E-03
  9.1393E+02  1.5291E-02 -7.2031E-03
  9.1585E+02  1.5266E-02 -7.1895E-03
  9.1776E+02  1.5241E-02 -7.1760E-03
  9.1968E+02  1.5216E-02 -7.1625E-03
  9.2160E+02  1.5191E-02 -7.1492E-03
  9.2351E+02  1.5166E-02 -7.1358E-03
  9.2543E+02  1.5141E-02 -7.1226E-03
  9.2734E+02  1.5116E-02 -7.1094E-03
  9.2926E+02  1.5092E-02 -7.0962E-03
  9.3118E+02  1.5067E-02 -7.0831E-03
  9.3309E+02  1.5043E-02 -7.0701E-03
  9.3501E+02  1.5019E-02 -7.0572E-03
  9.3692E+02  1.4995E-02 -7.0443E-03
  9.3884E+02  1.4971E-02 -7.0314E-03
  9.4076E+02  1.4947E-02 -7.0187E-03
  9.4267E+02  1.4924E-02 -7.0060E-03
  9.4459E+02  1.4901E-02 -6.9933E-03
  9.4650E+02  1.4878E-02 -6.9808E-03
  9.4842E+02  1.4855E-02 -6.9683E-03
  9.5034E+02  1.4832E-02 -6.9559E-03
  9.5225E+02  1.4810E-02 -6.9435E-03
  9.5417E+02  1.4787E-02 -6.9312E-03
  9.5608E+02  1.4765E-02 -6.9190E-03
  9.5800E+02  1.4743E-02 -6.9069E-03
  9.5992E+02  1.4720E-02 -6.8948E-03
  9.6183E+02  1.4698E-02 -6.8829E-03
  9.6375E+02  1.4676E-02 -6.8709E-03
  9.6566E+02  1.4654E-02 -6.8591E-03
  9.6758E+02  1.4632E-02 -6.8473E-03
  9.6950E+02  1.4610E-02 -6.8357E-03
  9.7141E+02  1.4589E-02 -6.8241E-03
  9.7333E+02  1.4568E-02 -6.8125E-03
  9.7524E+02  1.4546E-02 -6.8011E-03
  9.7716E+02  1.4526E-02 -6.7897E-03
  9.7908E+02  1.4505E-02 -6.7784E-03
  9.8099E+02  1.4484E-02 -6.7672E-03
  9.8291E+02  1.4464E-02 -6.7560E-03
  9.8482E+02  1.4444E-02 -6.7449E-03
  9.8674E+02  1.4424E-02 -6.7340E-03
  9.8866E+02  1.4404E-02 -6.7230E-03
  9.9057E+02  1.4385E-02 -6.7122E-03
  9.9249E+02  1.4365E-02 -6.7015E-03
  9.9440E+02  1.4346E-02 -6.6908E-03
  9.9632E+02  1.4326E-02 -6.6802E-03
  9.9824E+02  1.4307E-02 -6.6697E-03
  1.0002E+03  1.4288E-02 -6.6592E-03
  1.0021E+03  1.4269E-02 -6.6489E-03
  1.0040E+03  1.4250E-02 -6.6386E-03
  1.0059E+03  1.4232E-02 -6.6283E-03
  1.0078E+03  1.4213E-02 -6.6182E-03
  1.0097E+03  1.4194E-02 -6.6082E-03
  1.0116E+03  1.4176E-02 -6.5982E-03
  1.0136E+03  1.4158E-02 -6.5883E-03
  1.0155E+03  1.4139E-02 -6.5784E-03
  1.0174E+03  1.4121E-02 -6.5687E-03
  1.0193E+03  1.4103E-02 -6.5590E-03
  1.0212E+03  1.4085E-02 -6.5494E-03
  1.0231E+03  1.4067E-02 -6.5399E-03
  1.0251E+03  1.4049E-02 -6.5305E-03
  1.0270E+03  1.4031E-02 -6.5212E-03
  1.0289E+03  1.4014E-02 -6.5120E-03
  1.0308E+03  1.3996E-02 -6.5028E-03
  1.0327E+03  1.3979E-02 -6.4937E-03
  1.0346E+03  1.3962E-02 -6.4847E-03
  1.0366E+03  1.3945E-02 -6.4758E-03
  1.0385E+03  1.3928E-02 -6.4670E-03
  1.0404E+03  1.3911E-02 -6.4582E-03
  1.0423E+03  1.3894E-02 -6.4496E-03
  1.0442E+03  1.3877E-02 -6.4410E-03
  1.0461E+03  1.3861E-02 -6.4325E-03
  1.0481E+03  1.3844E-02 -6.4241E-03
  1.0500E+03  1.3828E-02 -6.4158E-03
  1.0519E+03  1.3812E-02 -6.4075E-03
  1.0538E+03  1.3796E-02 -6.3994E-03
  1.0557E+03  1.3780E-02 -6.3913E-03
  1.0576E+03  1.3764E-02 -6.3833E-03
  1.0595E+03  1.3748E-02 -6.3753E-03
  1.0615E+03  1.3732E-02 -6.3675E-03
  1.0634E+03  1.3716E-02 -6.3597E-03
  1.0653E+03  1.3700E-02 -6.3520E-03
  1.0672E+03  1.3685E-02 -6.3444E-03
  1.0691E+03  1.3669E-02 -6.3369E-03
  1.0710E+03  1.3654E-02 -6.3295E-03
  1.0730E+03  1.3638E-02 -6.3222E-03
  1.0749E+03  1.3623E-02 -6.3149E-03
  1.0768E+03  1.3608E-02 -6.3077E-03
  1.0787E+03  1.3592E-02 -6.3006E-03
  1.0806E+03  1.3577E-02 -6.2936E-03
  1.0825E+03  1.3562E-02 -6.2867E-03
  1.0845E+03  1.3548E-02 -6.2798E-03
  1.0864E+03  1.3533E-02 -6.2731E-03
  1.0883E+03  1.3518E-02 -6.2664E-03
  1.0902E+03  1.3504E-02 -6.2598E-03
  1.0921E+03  1.3489E-02 -6.2533E-03
  1.0940E+03  1.3475E-02 -6.2469E-03
  1.0960E+03  1.3461E-02 -6.2406E-03
  1.0979E+03  1.3447E-02 -6.2344E-03
  1.0998E+03  1.3433E-02 -6.2282E-03
  1.1017E+03  1.3419E-02 -6.2221E-03
  1.1036E+03  1.3405E-02 -6.2161E-03
  1.1055E+03  1.3391E-02 -6.2102E-03
  1.1074E+03  1.3377E-02 -6.2044E-03
  1.1094E+03  1.3363E-02 -6.1986E-03
  1.1113E+03  1.3349E-02 -6.1929E-03
  1.1132E+03  1.3335E-02 -6.1873E-03
  1.1151E+03  1.3322E-02 -6.1818E-03
  1.1170E+03  1.3308E-02 -6.1764E-03
  1.1189E+03  1.3295E-02 -6.1710E-03
  1.1209E+03  1.3281E-02 -6.1658E-03
  1.1228E+03  1.3268E-02 -6.1606E-03
  1.1247E+03  1.3254E-02 -6.1555E-03
  1.1266E+03  1.3241E-02 -6.1504E-03
  1.1285E+03  1.3228E-02 -6.1455E-03
  1.1304E+03  1.3215E-02 -6.1406E-03
  1.1324E+03  1.3202E-02 -6.1358E-03
  1.1343E+03  1.3188E-02 -6.1311E-03
  1.1362E+03  1.3175E-02 -6.1265E-03
  1.1381E+03  1.3163E-02 -6.1220E-03
  1.1400E+03  1.3150E-02 -6.1175E-03
  1.1419E+03  1.3137E-02 -6.1131E-03
  1.1439E+03  1.3124E-02 -6.1089E-03
  1.1458E+03  1.3111E-02 -6.1046E-03
  1.1477E+03  1.3098E-02 -6.1005E-03
  1.1496E+03  1.3086E-02 -6.0964E-03
  1.1515E+03  1.3073E-02 -6.0925E-03
  1.1534E+03  1.3060E-02 -6.0886E-03
  1.1553E+03  1.3048E-02 -6.0847E-03
  1.1573E+03  1.3035E-02 -6.0810E-03
  1.1592E+03  1.3023E-02 -6.0774E-03
  1.1611E+03  1.3011E-02 -6.0738E-03
  1.1630E+03  1.2998E-02 -6.0703E-03
  1.1649E+03  1.2986E-02 -6.0668E-03
  1.1668E+03  1.2974E-02 -6.0635E-03
  1.1688E+03  1.2962E-02 -6.0602E-03
  1.1707E+03  1.2950E-02 -6.0570E-03
  1.1726E+03  1.2938E-02 -6.0539E-03
  1.1745E+03  1.2926E-02 -6.0509E-03
  1.1764E+03  1.2914E-02 -6.0479E-03
  1.1783E+03  1.2902E-02 -6.0451E-03
  1.1803E+03  1.2890E-02 -6.0423E-03
  1.1822E+03  1.2879E-02 -6.0395E-03
  1.1841E+03  1.2867E-02 -6.0369E-03
  1.1860E+03  1.2855E-02 -6.0343E-03
  1.1879E+03  1.2844E-02 -6.0318E-03
  1.1898E+03  1.2832E-02 -6.0293E-03
  1.1918E+03  1.2820E-02 -6.0270E-03
  1.1937E+03  1.2809E-02 -6.0247E-03
  1.1956E+03  1.2797E-02 -6.0225E-03
  1.1975E+03  1.2786E-02 -6.0203E-03
  1.1994E+03  1.2774E-02 -6.0183E-03
  1.2013E+03  1.2763E-02 -6.0163E-03
  1.2032E+03  1.2751E-02 -6.0144E-03
  1.2052E+03  1.2740E-02 -6.0125E-03
  1.2071E+03  1.2728E-02 -6.0107E-03
  1.2090E+03  1.2717E-02 -6.0090E-03
  1.2109E+03  1.2705E-02 -6.0074E-03
  1.2128E+03  1.2694E-02 -6.0058E-03
  1.2147E+03  1.2682E-02 -6.0043E-03
  1.2167E+03  1.2671E-02 -6.0029E-03
  1.2186E+03  1.2660E-02 -6.0016E-03
  1.2205E+03  1.2649E-02 -6.0003E-03
  1.2224E+03  1.2637E-02 -5.9991E-03
  1.2243E+03  1.2626E-02 -5.9980E-03
  1.2262E+03  1.2615E-02 -5.9969E-03
  1.2282E+03  1.2604E-02 -5.9959E-03
  1.2301E+03  1.2593E-02 -5.9950E-03
  1.2320E+03  1.2582E-02 -5.9941E-03
  1.2339E+03  1.2571E-02 -5.9934E-03
  1.2358E+03  1.2560E-02 -5.9926E-03
  1.2377E+03  1.2549E-02 -5.9920E-03
  1.2397E+03  1.2538E-02 -5.9914E-03
  1.2416E+03  1.2527E-02 -5.9909E-03
  1.2435E+03  1.2516E-02 -5.9905E-03
  1.2454E+03  1.2505E-02 -5.9901E-03
  1.2473E+03  1.2494E-02 -5.9898E-03
  1.2492E+03  1.2483E-02 -5.9895E-03
  1.2511E+03  1.2473E-02 -5.9893E-03
  1.2531E+03  1.2462E-02 -5.9892E-03
  1.2550E+03  1.2451E-02 -5.9891E-03
  1.2569E+03  1.2440E-02 -5.9891E-03
  1.2588E+03  1.2429E-02 -5.9892E-03
  1.2607E+03  1.2419E-02 -5.9893E-03
  1.2626E+03  1.2408E-02 -5.9895E-03
  1.2646E+03  1.2397E-02 -5.9897E-03
  1.2665E+03  1.2386E-02 -5.9901E-03
  1.2684E+03  1.2375E-02 -5.9904E-03
  1.2703E+03  1.2365E-02 -5.9909E-03
  1.2722E+03  1.2354E-02 -5.9914E-03
  1.2741E+03  1.2343E-02 -5.9919E-03
  1.2761E+03  1.2332E-02 -5.9926E-03
  1.2780E+03  1.2322E-02 -5.9932E-03
  1.2799E+03  1.2311E-02 -5.9940E-03
  1.2818E+03  1.2300E-02 -5.9948E-03
  1.2837E+03  1.2289E-02 -5.9957E-03
  1.2856E+03  1.2279E-02 -5.9966E-03
  1.2876E+03  1.2268E-02 -5.9976E-03
  1.2895E+03  1.2257E-02 -5.9986E-03
  1.2914E+03  1.2247E-02 -5.9997E-03
  1.2933E+03  1.2236E-02 -6.0009E-03
  1.2952E+03  1.2225E-02 -6.0021E-03
  1.2971E+03  1.2215E-02 -6.0034E-03
  1.2990E+03  1.2204E-02 -6.0047E-03
  1.3010E+03  1.2194E-02 -6.0061E-03
  1.3029E+03  1.2183E-02 -6.0075E-03
  1.3048E+03  1.2172E-02 -6.0090E-03
  1.3067E+03  1.2162E-02 -6.0105E-03
  1.3086E+03  1.2151E-02 -6.0121E-03
  1.3105E+03  1.2141E-02 -6.0138E-03
  1.3125E+03  1.2130E-02 -6.0155E-03
  1.3144E+03  1.2119E-02 -6.0173E-03
  1.3163E+03  1.2109E-02 -6.0191E-03
  1.3182E+03  1.2098E-02 -6.0210E-03
  1.3201E+03  1.2088E-02 -6.0229E-03
  1.3220E+03  1.2077E-02 -6.0248E-03
  1.3240E+03  1.2066E-02 -6.0269E-03
  1.3259E+03  1.2056E-02 -6.0289E-03
  1.3278E+03  1.2045E-02 -6.0311E-03
  1.3297E+03  1.2034E-02 -6.0332E-03
  1.3316E+03  1.2024E-02 -6.0354E-03
  1.3335E+03  1.2013E-02 -6.0377E-03
  1.3355E+03  1.2002E-02 -6.0400E-03
  1.3374E+03  1.1992E-02 -6.0424E-03
  1.3393E+03  1.1981E-02 -6.0448E-03
  1.3412E+03  1.1970E-02 -6.0473E-03
  1.3431E+03  1.1960E-02 -6.0498E-03
  1.3450E+03  1.1949E-02 -6.0524E-03
  1.3469E+03  1.1939E-02 -6.0550E-03
  1.3489E+03  1.1928E-02 -6.0576E-03
  1.3508E+03  1.1917E-02 -6.0603E-03
  1.3527E+03  1.1907E-02 -6.0631E-03
  1.3546E+03  1.1896E-02 -6.0659E-03
  1.3565E+03  1.1885E-02 -6.0687E-03
  1.3584E+03  1.1874E-02 -6.0716E-03
  1.3604E+03  1.1864E-02 -6.0745E-03
  1.3623E+03  1.1853E-02 -6.0775E-03
  1.3642E+03  1.1842E-02 -6.0805E-03
  1.3661E+03  1.1832E-02 -6.0836E-03
  1.3680E+03  1.1821E-02 -6.0866E-03
  1.3699E+03  1.1810E-02 -6.0898E-03
  1.3719E+03  1.1799E-02 -6.0930E-03
  1.3738E+03  1.1789E-02 -6.0962E-03
  1.3757E+03  1.1778E-02 -6.0994E-03
  1.3776E+03  1.1767E-02 -6.1027E-03
  1.3795E+03  1.1756E-02 -6.1061E-03
  1.3814E+03  1.1745E-02 -6.1095E-03
  1.3834E+03  1.1734E-02 -6.1129E-03
  1.3853E+03  1.1724E-02 -6.1163E-03
  1.3872E+03  1.1713E-02 -6.1198E-03
  1.3891E+03  1.1702E-02 -6.1234E-03
  1.3910E+03  1.1691E-02 -6.1269E-03
  1.3929E+03  1.1680E-02 -6.1305E-03
  1.3948E+03  1.1669E-02 -6.1342E-03
  1.3968E+03  1.1658E-02 -6.1379E-03
  1.3987E+03  1.1647E-02 -6.1416E-03
  1.4006E+03  1.1636E-02 -6.1454E-03
  1.4025E+03  1.1625E-02 -6.1491E-03
  1.4044E+03  1.1614E-02 -6.1530E-03
  1.4063E+03  1.1603E-02 -6.1568E-03
  1.4083E+03  1.1592E-02 -6.1607E-03
  1.4102E+03  1.1581E-02 -6.1647E-03
  1.4121E+03  1.1570E-02 -6.1686E-03
  1.4140E+03  1.1559E-02 -6.1726E-03
  1.4159E+03  1.1548E-02 -6.1766E-03
  1.4178E+03  1.1537E-02 -6.1807E-03
  1.4198E+03  1.1526E-02 -6.1848E-03
  1.4217E+03  1.1515E-02 -6.1889E-03
  1.4236E+03  1.1504E-02 -6.1931E-03
  1.4255E+03  1.1493E-02 -6.1973E-03
  1.4274E+03  1.1482E-02 -6.2015E-03
  1.4293E+03  1.1471E-02 -6.2057E-03
  1.4313E+03  1.1459E-02 -6.2100E-03
  1.4332E+03  1.1448E-02 -6.2143E-03
  1.4351E+03  1.1437E-02 -6.2186E-03
  1.4370E+03  1.1426E-02 -6.2230E-03
  1.4389E+03  1.1415E-02 -6.2274E-03
  1.4408E+03  1.1403E-02 -6.2318E-03
  1.4427E+03  1.1392E-02 -6.2362E-03
  1.4447E+03  1.1381E-02 -6.2407E-03
  1.4466E+03  1.1369E-02 -6.2452E-03
  1.4485E+03  1.1358E-02 -6.2497E-03
  1.4504E+03  1.1347E-02 -6.2543E-03
  1.4523E+03  1.1335E-02 -6.2588E-03
  1.4542E+03  1.1324E-02 -6.2634E-03
  1.4562E+03  1.1312E-02 -6.2681E-03
  1.4581E+03  1.1301E-02 -6.2727E-03
  1.4600E+03  1.1289E-02 -6.2774E-03
  1.4619E+03  1.1278E-02 -6.2821E-03
  1.4638E+03  1.1266E-02 -6.2868E-03
  1.4657E+03  1.1255E-02 -6.2915E-03
  1.4677E+03  1.1243E-02 -6.2963E-03
  1.4696E+03  1.1232E-02 -6.3011E-03
  1.4715E+03  1.1220E-02 -6.3059E-03
  1.4734E+03  1.1209E-02 -6.3107E-03
  1.4753E+03  1.1197E-02 -6.3155E-03
  1.4772E+03  1.1185E-02 -6.3204E-03
  1.4792E+03  1.1174E-02 -6.3253E-03
  1.4811E+03  1.1162E-02 -6.3302E-03
  1.4830E+03  1.1150E-02 -6.3351E-03
  1.4849E+03  1.1139E-02 -6.3401E-03
  1.4868E+03  1.1127E-02 -6.3451E-03
  1.4887E+03  1.1115E-02 -6.3500E-03
  1.4906E+03  1.1103E-02 -6.3550E-03
  1.4926E+03  1.1092E-02 -6.3601E-03
  1.4945E+03  1.1080E-02 -6.3651E-03
  1.4964E+03  1.1068E-02 -6.3702E-03
  1.4983E+03  1.1056E-02 -6.3752E-03
  1.5002E+03  1.1044E-02 -6.3803E-03
  1.5021E+03  1.1032E-02 -6.3854E-03
  1.5041E+03  1.1020E-02 -6.3905E-03
  1.5060E+03  1.1009E-02 -6.3957E-03
  1.5079E+03  1.0997E-02 -6.4008E-03
  1.5098E+03  1.0985E-02 -6.4060E-03
  1.5117E+03  1.0973E-02 -6.4112E-03
  1.5136E+03  1.0961E-02 -6.4164E-03
  1.5156E+03  1.0948E-02 -6.4216E-03
  1.5175E+03  1.0936E-02 -6.4268E-03
  1.5194E+03  1.0924E-02 -6.4320E-03
  1.5213E+03  1.0912E-02 -6.4372E-03
  1.5232E+03  1.0900E-02 -6.4425E-03
  1.5251E+03  1.0888E-02 -6.4478E-03
  1.5271E+03  1.0876E-02 -6.4530E-03
  1.5290E+03  1.0863E-02 -6.4583E-03
  1.5309E+03  1.0851E-02 -6.4636E-03
  1.5328E+03  1.0839E-02 -6.4689E-03
  1.5347E+03  1.0827E-02 -6.4743E-03
  1.5366E+03  1.0814E-02 -6.4796E-03
  1.5385E+03  1.0802E-02 -6.4849E-03
  1.5405E+03  1.0790E-02 -6.4903E-03
  1.5424E+03  1.0777E-02 -6.4956E-03
  1.5443E+03  1.0765E-02 -6.5010E-03
  1.5462E+03  1.0752E-02 -6.5064E-03
  1.5481E+03  1.0740E-02 -6.5118E-03
  1.5500E+03  1.0727E-02 -6.5172E-03
  1.5520E+03  1.0715E-02 -6.5226E-03
  1.5539E+03  1.0703E-02 -6.5280E-03
  1.5558E+03  1.0690E-02 -6.5334E-03
  1.5577E+03  1.0677E-02 -6.5388E-03
  1.5596E+03  1.0665E-02 -6.5442E-03
  1.5615E+03  1.0652E-02 -6.5496E-03
  1.5635E+03  1.0640E-02 -6.5551E-03
  1.5654E+03  1.0627E-02 -6.5605E-03
  1.5673E+03  1.0614E-02 -6.5660E-03
  1.5692E+03  1.0602E-02 -6.5714E-03
  1.5711E+03  1.0589E-02 -6.5769E-03
  1.5730E+03  1.0576E-02 -6.5823E-03
  1.5750E+03  1.0564E-02 -6.5878E-03
  1.5769E+03  1.0551E-02 -6.5932E-03
  1.5788E+03  1.0538E-02 -6.5987E-03
  1.5807E+03  1.0525E-02 -6.6042E-03
  1.5826E+03  1.0512E-02 -6.6096E-03
  1.5845E+03  1.0499E-02 -6.6151E-03
  1.5864E+03  1.0487E-02 -6.6206E-03
  1.5884E+03  1.0474E-02 -6.6261E-03
  1.5903E+03  1.0461E-02 -6.6315E-03
  1.5922E+03  1.0448E-02 -6.6370E-03
  1.5941E+03  1.0435E-02 -6.6425E-03
  1.5960E+03  1.0422E-02 -6.6480E-03
  1.5979E+03  1.0409E-02 -6.6534E-03
  1.5999E+03  1.0396E-02 -6.6589E-03
  1.6018E+03  1.0383E-02 -6.6644E-03
  1.6037E+03  1.0370E-02 -6.6699E-03
  1.6056E+03  1.0357E-02 -6.6754E-03
  1.6075E+03  1.0343E-02 -6.6808E-03
  1.6094E+03  1.0330E-02 -6.6863E-03
  1.6114E+03  1.0317E-02 -6.6918E-03
  1.6133E+03  1.0304E-02 -6.6972E-03
  1.6152E+03  1.0291E-02 -6.7027E-03
  1.6171E+03  1.0277E-02 -6.7082E-03
  1.6190E+03  1.0264E-02 -6.7136E-03
  1.6209E+03  1.0251E-02 -6.7191E-03
  1.6229E+03  1.0238E-02 -6.7246E-03
  1.6248E+03  1.0224E-02 -6.7300E-03
  1.6267E+03  1.0211E-02 -6.7354E-03
  1.6286E+03  1.0198E-02 -6.7409E-03
  1.6305E+03  1.0184E-02 -6.7463E-03
  1.6324E+03  1.0171E-02 -6.7518E-03
  1.6343E+03  1.0157E-02 -6.7572E-03
  1.6363E+03  1.0144E-02 -6.7626E-03
  1.6382E+03  1.0130E-02 -6.7680E-03
  1.6401E+03  1.0117E-02 -6.7734E-03
  1.6420E+03  1.0103E-02 -6.7788E-03
  1.6439E+03  1.0090E-02 -6.7842E-03
  1.6458E+03  1.0076E-02 -6.7896E-03
  1.6478E+03  1.0063E-02 -6.7950E-03
  1.6497E+03  1.0049E-02 -6.8004E-03
  1.6516E+03  1.0036E-02 -6.8058E-03
  1.6535E+03  1.0022E-02 -6.8111E-03
  1.6554E+03  1.0008E-02 -6.8165E-03
  1.6573E+03  9.9946E-03 -6.8218E-03
  1.6593E+03  9.9809E-03 -6.8272E-03
  1.6612E+03  9.9672E-03 -6.8325E-03
  1.6631E+03  9.9535E-03 -6.8378E-03
  1.6650E+03  9.9397E-03 -6.8431E-03
  1.6669E+03  9.9259E-03 -6.8484E-03
  1.6688E+03  9.9121E-03 -6.8537E-03
  1.6708E+03  9.8983E-03 -6.8590E-03
  1.6727E+03  9.8845E-03 -6.8643E-03
  1.6746E+03  9.8706E-03 -6.8696E-03
  1.6765E+03  9.8567E-03 -6.8748E-03
  1.6784E+03  9.8428E-03 -6.8801E-03
  1.6803E+03  9.8289E-03 -6.8853E-03
  1.6822E+03  9.8150E-03 -6.8905E-03
  1.6842E+03  9.8010E-03 -6.8957E-03
  1.6861E+03  9.7871E-03 -6.9009E-03
  1.6880E+03  9.7731E-03 -6.9061E-03
  1.6899E+03  9.7591E-03 -6.9113E-03
  1.6918E+03  9.7450E-03 -6.9165E-03
  1.6937E+03  9.7310E-03 -6.9216E-03
  1.6957E+03  9.7169E-03 -6.9267E-03
  1.6976E+03  9.7028E-03 -6.9319E-03
  1.6995E+03  9.6887E-03 -6.9370E-03
  1.7014E+03  9.6746E-03 -6.9421E-03
  1.7033E+03  9.6605E-03 -6.9472E-03
  1.7052E+03  9.6463E-03 -6.9522E-03
  1.7072E+03  9.6321E-03 -6.9573E-03
  1.7091E+03  9.6180E-03 -6.9624E-03
  1.7110E+03  9.6037E-03 -6.9674E-03
  1.7129E+03  9.5895E-03 -6.9724E-03
  1.7148E+03  9.5753E-03 -6.9774E-03
  1.7167E+03  9.5610E-03 -6.9824E-03
  1.7187E+03  9.5467E-03 -6.9874E-03
  1.7206E+03  9.5324E-03 -6.9923E-03
  1.7225E+03  9.5181E-03 -6.9973E-03
  1.7244E+03  9.5037E-03 -7.0022E-03
  1.7263E+03  9.4894E-03 -7.0071E-03
  1.7282E+03  9.4750E-03 -7.0120E-03
  1.7301E+03  9.4606E-03 -7.0169E-03
  1.7321E+03  9.4462E-03 -7.0218E-03
  1.7340E+03  9.4318E-03 -7.0266E-03
  1.7359E+03  9.4174E-03 -7.0314E-03
  1.7378E+03  9.4029E-03 -7.0363E-03
  1.7397E+03  9.3885E-03 -7.0411E-03
  1.7416E+03  9.3740E-03 -7.0459E-03
  1.7436E+03  9.3595E-03 -7.0506E-03
  1.7455E+03  9.3450E-03 -7.0554E-03
  1.7474E+03  9.3305E-03 -7.0601E-03
  1.7493E+03  9.3160E-03 -7.0648E-03
  1.7512E+03  9.3014E-03 -7.0695E-03
  1.7531E+03  9.2868E-03 -7.0742E-03
  1.7551E+03  9.2723E-03 -7.0789E-03
  1.7570E+03  9.2577E-03 -7.0835E-03
  1.7589E+03  9.2430E-03 -7.0881E-03
  1.7608E+03  9.2284E-03 -7.0927E-03
  1.7627E+03  9.2138E-03 -7.0973E-03
  1.7646E+03  9.1991E-03 -7.1019E-03
  1.7666E+03  9.1844E-03 -7.1064E-03
  1.7685E+03  9.1697E-03 -7.1110E-03
  1.7704E+03  9.1550E-03 -7.1155E-03
  1.7723E+03  9.1403E-03 -7.1200E-03
  1.7742E+03  9.1256E-03 -7.1244E-03
  1.7761E+03  9.1108E-03 -7.1289E-03
  1.7780E+03  9.0961E-03 -7.1333E-03
  1.7800E+03  9.0813E-03 -7.1377E-03
  1.7819E+03  9.0665E-03 -7.1421E-03
  1.7838E+03  9.0517E-03 -7.1465E-03
  1.7857E+03  9.0369E-03 -7.1508E-03
  1.7876E+03  9.0220E-03 -7.1552E-03
  1.7895E+03  9.0072E-03 -7.1595E-03
  1.7915E+03  8.9923E-03 -7.1638E-03
  1.7934E+03  8.9775E-03 -7.1680E-03
  1.7953E+03  8.9626E-03 -7.1723E-03
  1.7972E+03  8.9477E-03 -7.1765E-03
  1.7991E+03  8.9328E-03 -7.1807E-03
  1.8010E+03  8.9179E-03 -7.1849E-03
  1.8030E+03  8.9030E-03 -7.1891E-03
  1.8049E+03  8.8881E-03 -7.1932E-03
  1.8068E+03  8.8731E-03 -7.1973E-03
  1.8087E+03  8.8582E-03 -7.2014E-03
  1.8106E+03  8.8432E-03 -7.2055E-03
  1.8125E+03  8.8282E-03 -7.2095E-03
  1.8145E+03  8.8132E-03 -7.2136E-03
  1.8164E+03  8.7983E-03 -7.2176E-03
  1.8183E+03  8.7832E-03 -7.2216E-03
  1.8202E+03  8.7682E-03 -7.2255E-03
  1.8221E+03  8.7532E-03 -7.2295E-03
  1.8240E+03  8.7381E-03 -7.2334E-03
  1.8259E+03  8.7231E-03 -7.2373E-03
  1.8279E+03  8.7080E-03 -7.2411E-03
  1.8298E+03  8.6930E-03 -7.2450E-03
  1.8317E+03  8.6779E-03 -7.2488E-03
  1.8336E+03  8.6628E-03 -7.2526E-03
  1.8355E+03  8.6477E-03 -7.2564E-03
  1.8374E+03  8.6326E-03 -7.2601E-03
  1.8394E+03  8.6174E-03 -7.2639E-03
  1.8413E+03  8.6023E-03 -7.2676E-03
  1.8432E+03  8.5872E-03 -7.2713E-03
  1.8451E+03  8.5720E-03 -7.2749E-03
  1.8470E+03  8.5569E-03 -7.2786E-03
  1.8489E+03  8.5417E-03 -7.2822E-03
  1.8509E+03  8.5265E-03 -7.2857E-03
  1.8528E+03  8.5113E-03 -7.2893E-03
  1.8547E+03  8.4961E-03 -7.2928E-03
  1.8566E+03  8.4809E-03 -7.2964E-03
  1.8585E+03  8.4657E-03 -7.2998E-03
  1.8604E+03  8.4505E-03 -7.3033E-03
  1.8624E+03  8.4353E-03 -7.3067E-03
  1.8643E+03  8.4201E-03 -7.3102E-03
  1.8662E+03  8.4048E-03 -7.3136E-03
  1.8681E+03  8.3896E-03 -7.3169E-03
  1.8700E+03  8.3744E-03 -7.3203E-03
  1.8719E+03  8.3591E-03 -7.3236E-03
  1.8738E+03  8.3438E-03 -7.3269E-03
  1.8758E+03  8.3286E-03 -7.3301E-03
  1.8777E+03  8.3133E-03 -7.3334E-03
  1.8796E+03  8.2980E-03 -7.3366E-03
  1.8815E+03  8.2827E-03 -7.3398E-03
  1.8834E+03  8.2674E-03 -7.3429E-03
  1.8853E+03  8.2521E-03 -7.3461E-03
  1.8873E+03  8.2368E-03 -7.3492E-03
  1.8892E+03  8.2215E-03 -7.3522E-03
  1.8911E+03  8.2062E-03 -7.3553E-03
  1.8930E+03  8.1909E-03 -7.3583E-03
  1.8949E+03  8.1756E-03 -7.3613E-03
  1.8968E+03  8.1602E-03 -7.3643E-03
  1.8988E+03  8.1449E-03 -7.3673E-03
  1.9007E+03  8.1296E-03 -7.3702E-03
  1.9026E+03  8.1142E-03 -7.3731E-03
  1.9045E+03  8.0989E-03 -7.3760E-03
  1.9064E+03  8.0835E-03 -7.3788E-03
  1.9083E+03  8.0681E-03 -7.3817E-03
  1.9103E+03  8.0528E-03 -7.3845E-03
  1.9122E+03  8.0374E-03 -7.3872E-03
  1.9141E+03  8.0220E-03 -7.3900E-03
  1.9160E+03  8.0067E-03 -7.3927E-03
  1.9179E+03  7.9913E-03 -7.3954E-03
  1.9198E+03  7.9759E-03 -7.3980E-03
  1.9217E+03  7.9605E-03 -7.4007E-03
  1.9237E+03  7.9451E-03 -7.4033E-03
  1.9256E+03  7.9298E-03 -7.4059E-03
  1.9275E+03  7.9144E-03 -7.4084E-03
  1.9294E+03  7.8990E-03 -7.4110E-03
  1.9313E+03  7.8836E-03 -7.4135E-03
  1.9332E+03  7.8682E-03 -7.4159E-03
  1.9352E+03  7.8528E-03 -7.4184E-03
  1.9371E+03  7.8374E-03 -7.4208E-03
  1.9390E+03  7.8220E-03 -7.4232E-03
  1.9409E+03  7.8066E-03 -7.4256E-03
  1.9428E+03  7.7912E-03 -7.4279E-03
  1.9447E+03  7.7757E-03 -7.4302E-03
  1.9467E+03  7.7603E-03 -7.4325E-03
  1.9486E+03  7.7449E-03 -7.4348E-03
  1.9505E+03  7.7295E-03 -7.4370E-03
  1.9524E+03  7.7141E-03 -7.4392E-03
  1.9543E+03  7.6987E-03 -7.4414E-03
  1.9562E+03  7.6833E-03 -7.4435E-03
  1.9582E+03  7.6679E-03 -7.4456E-03
  1.9601E+03  7.6524E-03 -7.4477E-03
  1.9620E+03  7.6370E-03 -7.4498E-03
  1.9639E+03  7.6216E-03 -7.4518E-03
  1.9658E+03  7.6062E-03 -7.4538E-03
  1.9677E+03  7.5908E-03 -7.4558E-03
  1.9696E+03  7.5753E-03 -7.4578E-03
  1.9716E+03  7.5599E-03 -7.4597E-03
  1.9735E+03  7.5445E-03 -7.4616E-03
  1.9754E+03  7.5291E-03 -7.4635E-03
  1.9773E+03  7.5137E-03 -7.4653E-03
  1.9792E+03  7.4983E-03 -7.4671E-03
  1.9811E+03  7.4829E-03 -7.4689E-03
  1.9831E+03  7.4674E-03 -7.4707E-03
  1.9850E+03  7.4520E-03 -7.4724E-03
  1.9869E+03  7.4366E-03 -7.4741E-03
  1.9888E+03  7.4212E-03 -7.4758E-03
  1.9907E+03  7.4058E-03 -7.4775E-03
  1.9926E+03  7.3904E-03 -7.4791E-03
  1.9946E+03  7.3750E-03 -7.4807E-03
  1.9965E+03  7.3596E-03 -7.4823E-03
  1.9984E+03  7.3442E-03 -7.4838E-03
  2.0000E+03  7.3313E-03 -7.4851E-03
