# CREATED BY GENE DIAGNOSTICS TOOL on Wed Dec 16 18:36:00 2020
# diag: timetrace, run(s): 0031, time window: 0-3000(1472 steps), species: ions
# original data path: /marconi_scratch/userexternal/cmoreno0/GAM_HP_scan/scanfiles0002/
# normalization: L_ref=1.65m
#
#  t          Re[phi]     Im[phi]   
  0.0000E+00  9.9997E-01  0.0000E+00
  2.0400E+00  9.2176E-01  1.6159E-04
  4.0800E+00  8.0946E-01  2.5619E-04
  6.1200E+00  7.4638E-01  3.3496E-04
  8.1600E+00  7.0949E-01  4.2323E-04
  1.0200E+01  6.7282E-01  4.8918E-04
  1.2240E+01  6.3676E-01  5.2739E-04
  1.4280E+01  6.0735E-01  5.4857E-04
  1.6320E+01  5.8555E-01  5.6064E-04
  1.8360E+01  5.7015E-01  5.7120E-04
  2.0400E+01  5.6053E-01  5.8985E-04
  2.2440E+01  5.5642E-01  6.2373E-04
  2.4480E+01  5.5716E-01  6.7654E-04
  2.6520E+01  5.6165E-01  7.4623E-04
  2.8560E+01  5.6839E-01  8.2930E-04
  3.0600E+01  5.7603E-01  9.1889E-04
  3.2640E+01  5.8344E-01  1.0090E-03
  3.4680E+01  5.8959E-01  1.0938E-03
  3.6720E+01  5.9403E-01  1.1699E-03
  3.8760E+01  5.9741E-01  1.2402E-03
  4.0800E+01  5.9792E-01  1.2978E-03
  4.2840E+01  5.9748E-01  1.3513E-03
  4.4880E+01  5.9638E-01  1.4019E-03
  4.6920E+01  5.9379E-01  1.4476E-03
  4.8960E+01  5.9073E-01  1.4935E-03
  5.1000E+01  5.8770E-01  1.5401E-03
  5.3040E+01  5.8465E-01  1.5883E-03
  5.5080E+01  5.8175E-01  1.6382E-03
  5.7120E+01  5.7917E-01  1.6910E-03
  5.9160E+01  5.7692E-01  1.7476E-03
  6.1200E+01  5.7485E-01  1.8034E-03
  6.3240E+01  5.7340E-01  1.8640E-03
  6.5280E+01  5.7195E-01  1.9240E-03
  6.7320E+01  5.7066E-01  1.9825E-03
  6.9360E+01  5.7002E-01  2.0444E-03
  7.1400E+01  5.6936E-01  2.1053E-03
  7.3440E+01  5.6858E-01  2.1627E-03
  7.5480E+01  5.6830E-01  2.2244E-03
  7.7520E+01  5.6801E-01  2.2895E-03
  7.9560E+01  5.6669E-01  2.3461E-03
  8.1600E+01  5.6507E-01  2.3975E-03
  8.3640E+01  5.6434E-01  2.4542E-03
  8.5680E+01  5.6416E-01  2.5133E-03
  8.7720E+01  5.6387E-01  2.5707E-03
  8.9760E+01  5.6330E-01  2.6266E-03
  9.1800E+01  5.6264E-01  2.6825E-03
  9.3840E+01  5.6207E-01  2.7389E-03
  9.5880E+01  5.6154E-01  2.7954E-03
  9.7920E+01  5.6100E-01  2.8515E-03
  9.9960E+01  5.6045E-01  2.9069E-03
  1.0200E+02  5.5988E-01  2.9611E-03
  1.0404E+02  5.5928E-01  3.0151E-03
  1.0608E+02  5.5866E-01  3.0695E-03
  1.0812E+02  5.5802E-01  3.1242E-03
  1.1016E+02  5.5736E-01  3.1786E-03
  1.1220E+02  5.5668E-01  3.2327E-03
  1.1424E+02  5.5598E-01  3.2866E-03
  1.1628E+02  5.5523E-01  3.3402E-03
  1.1832E+02  5.5443E-01  3.3933E-03
  1.2036E+02  5.5360E-01  3.4456E-03
  1.2240E+02  5.5274E-01  3.4985E-03
  1.2444E+02  5.5187E-01  3.5521E-03
  1.2648E+02  5.5101E-01  3.6061E-03
  1.2852E+02  5.5017E-01  3.6599E-03
  1.3056E+02  5.4931E-01  3.7125E-03
  1.3260E+02  5.4845E-01  3.7641E-03
  1.3464E+02  5.4758E-01  3.8150E-03
  1.3668E+02  5.4669E-01  3.8659E-03
  1.3872E+02  5.4581E-01  3.9177E-03
  1.4076E+02  5.4496E-01  3.9705E-03
  1.4280E+02  5.4415E-01  4.0236E-03
  1.4484E+02  5.4334E-01  4.0765E-03
  1.4688E+02  5.4254E-01  4.1288E-03
  1.4892E+02  5.4174E-01  4.1802E-03
  1.5096E+02  5.4096E-01  4.2302E-03
  1.5300E+02  5.4022E-01  4.2798E-03
  1.5504E+02  5.3955E-01  4.3305E-03
  1.5708E+02  5.3890E-01  4.3824E-03
  1.5912E+02  5.3825E-01  4.4347E-03
  1.6116E+02  5.3757E-01  4.4874E-03
  1.6320E+02  5.3687E-01  4.5403E-03
  1.6524E+02  5.3616E-01  4.5922E-03
  1.6728E+02  5.3545E-01  4.6424E-03
  1.6932E+02  5.3478E-01  4.6910E-03
  1.7136E+02  5.3416E-01  4.7399E-03
  1.7340E+02  5.3355E-01  4.7900E-03
  1.7544E+02  5.3294E-01  4.8410E-03
  1.7748E+02  5.3232E-01  4.8925E-03
  1.7952E+02  5.3170E-01  4.9444E-03
  1.8156E+02  5.3107E-01  4.9964E-03
  1.8360E+02  5.3044E-01  5.0470E-03
  1.8564E+02  5.2980E-01  5.0953E-03
  1.8768E+02  5.2917E-01  5.1424E-03
  1.8972E+02  5.2854E-01  5.1903E-03
  1.9176E+02  5.2792E-01  5.2395E-03
  1.9380E+02  5.2734E-01  5.2896E-03
  1.9584E+02  5.2679E-01  5.3402E-03
  1.9788E+02  5.2628E-01  5.3915E-03
  1.9992E+02  5.2580E-01  5.4424E-03
  2.0196E+02  5.2531E-01  5.4914E-03
  2.0400E+02  5.2479E-01  5.5382E-03
  2.0604E+02  5.2423E-01  5.5841E-03
  2.0808E+02  5.2362E-01  5.6307E-03
  2.1012E+02  5.2297E-01  5.6783E-03
  2.1216E+02  5.2229E-01  5.7267E-03
  2.1420E+02  5.2163E-01  5.7758E-03
  2.1624E+02  5.2099E-01  5.8252E-03
  2.1828E+02  5.2040E-01  5.8745E-03
  2.2032E+02  5.1986E-01  5.9230E-03
  2.2236E+02  5.1937E-01  5.9707E-03
  2.2440E+02  5.1892E-01  6.0180E-03
  2.2644E+02  5.1849E-01  6.0652E-03
  2.2848E+02  5.1806E-01  6.1123E-03
  2.3052E+02  5.1761E-01  6.1595E-03
  2.3256E+02  5.1712E-01  6.2060E-03
  2.3460E+02  5.1661E-01  6.2511E-03
  2.3664E+02  5.1607E-01  6.2954E-03
  2.3868E+02  5.1551E-01  6.3401E-03
  2.4072E+02  5.1496E-01  6.3860E-03
  2.4276E+02  5.1441E-01  6.4336E-03
  2.4480E+02  5.1387E-01  6.4833E-03
  2.4684E+02  5.1335E-01  6.5350E-03
  2.4888E+02  5.1284E-01  6.5880E-03
  2.5092E+02  5.1234E-01  6.6400E-03
  2.5296E+02  5.1185E-01  6.6892E-03
  2.5500E+02  5.1136E-01  6.7347E-03
  2.5704E+02  5.1087E-01  6.7761E-03
  2.5908E+02  5.1038E-01  6.8130E-03
  2.6112E+02  5.0991E-01  6.8461E-03
  2.6316E+02  5.0946E-01  6.8774E-03
  2.6520E+02  5.0904E-01  6.9099E-03
  2.6724E+02  5.0864E-01  6.9462E-03
  2.6928E+02  5.0826E-01  6.9884E-03
  2.7132E+02  5.0790E-01  7.0383E-03
  2.7336E+02  5.0753E-01  7.0964E-03
  2.7540E+02  5.0714E-01  7.1612E-03
  2.7744E+02  5.0671E-01  7.2294E-03
  2.7948E+02  5.0623E-01  7.2973E-03
  2.8152E+02  5.0570E-01  7.3616E-03
  2.8356E+02  5.0513E-01  7.4187E-03
  2.8560E+02  5.0454E-01  7.4658E-03
  2.8764E+02  5.0396E-01  7.5017E-03
  2.8968E+02  5.0342E-01  7.5277E-03
  2.9172E+02  5.0292E-01  7.5462E-03
  2.9376E+02  5.0249E-01  7.5603E-03
  2.9580E+02  5.0212E-01  7.5739E-03
  2.9784E+02  5.0180E-01  7.5919E-03
  2.9988E+02  5.0154E-01  7.6185E-03
  3.0192E+02  5.0129E-01  7.6563E-03
  3.0396E+02  5.0102E-01  7.7061E-03
  3.0600E+02  5.0069E-01  7.7671E-03
  3.0804E+02  5.0029E-01  7.8369E-03
  3.1008E+02  4.9980E-01  7.9114E-03
  3.1212E+02  4.9925E-01  7.9857E-03
  3.1416E+02  4.9865E-01  8.0549E-03
  3.1620E+02  4.9805E-01  8.1155E-03
  3.1824E+02  4.9746E-01  8.1655E-03
  3.2028E+02  4.9693E-01  8.2049E-03
  3.2232E+02  4.9647E-01  8.2351E-03
  3.2436E+02  4.9609E-01  8.2584E-03
  3.2640E+02  4.9580E-01  8.2783E-03
  3.2844E+02  4.9557E-01  8.2980E-03
  3.3048E+02  4.9537E-01  8.3206E-03
  3.3252E+02  4.9514E-01  8.3481E-03
  3.3456E+02  4.9485E-01  8.3815E-03
  3.3660E+02  4.9448E-01  8.4215E-03
  3.3864E+02  4.9404E-01  8.4681E-03
  3.4068E+02  4.9353E-01  8.5201E-03
  3.4272E+02  4.9298E-01  8.5752E-03
  3.4476E+02  4.9242E-01  8.6308E-03
  3.4680E+02  4.9187E-01  8.6850E-03
  3.4884E+02  4.9136E-01  8.7364E-03
  3.5088E+02  4.9090E-01  8.7839E-03
  3.5292E+02  4.9052E-01  8.8270E-03
  3.5496E+02  4.9022E-01  8.8666E-03
  3.5700E+02  4.8999E-01  8.9040E-03
  3.5904E+02  4.8980E-01  8.9402E-03
  3.6108E+02  4.8962E-01  8.9759E-03
  3.6312E+02  4.8941E-01  9.0116E-03
  3.6516E+02  4.8912E-01  9.0479E-03
  3.6720E+02  4.8874E-01  9.0851E-03
  3.6924E+02  4.8826E-01  9.1232E-03
  3.7128E+02  4.8770E-01  9.1624E-03
  3.7332E+02  4.8709E-01  9.2031E-03
  3.7536E+02  4.8648E-01  9.2452E-03
  3.7740E+02  4.8588E-01  9.2882E-03
  3.7944E+02  4.8535E-01  9.3314E-03
  3.8148E+02  4.8489E-01  9.3742E-03
  3.8352E+02  4.8453E-01  9.4161E-03
  3.8556E+02  4.8426E-01  9.4569E-03
  3.8760E+02  4.8406E-01  9.4965E-03
  3.8964E+02  4.8391E-01  9.5353E-03
  3.9168E+02  4.8377E-01  9.5739E-03
  3.9372E+02  4.8362E-01  9.6127E-03
  3.9576E+02  4.8342E-01  9.6516E-03
  3.9780E+02  4.8317E-01  9.6907E-03
  3.9984E+02  4.8285E-01  9.7300E-03
  4.0188E+02  4.8247E-01  9.7692E-03
  4.0392E+02  4.8204E-01  9.8083E-03
  4.0596E+02  4.8156E-01  9.8471E-03
  4.0800E+02  4.8106E-01  9.8859E-03
  4.1004E+02  4.8056E-01  9.9247E-03
  4.1208E+02  4.8007E-01  9.9640E-03
  4.1412E+02  4.7959E-01  1.0004E-02
  4.1616E+02  4.7916E-01  1.0043E-02
  4.1820E+02  4.7876E-01  1.0083E-02
  4.2024E+02  4.7841E-01  1.0122E-02
  4.2228E+02  4.7810E-01  1.0161E-02
  4.2432E+02  4.7784E-01  1.0199E-02
  4.2636E+02  4.7760E-01  1.0236E-02
  4.2840E+02  4.7738E-01  1.0274E-02
  4.3044E+02  4.7716E-01  1.0311E-02
  4.3248E+02  4.7694E-01  1.0349E-02
  4.3452E+02  4.7671E-01  1.0387E-02
  4.3656E+02  4.7645E-01  1.0426E-02
  4.3860E+02  4.7617E-01  1.0465E-02
  4.4064E+02  4.7585E-01  1.0503E-02
  4.4268E+02  4.7551E-01  1.0541E-02
  4.4472E+02  4.7515E-01  1.0578E-02
  4.4676E+02  4.7477E-01  1.0615E-02
  4.4880E+02  4.7439E-01  1.0653E-02
  4.5084E+02  4.7400E-01  1.0690E-02
  4.5288E+02  4.7363E-01  1.0728E-02
  4.5492E+02  4.7326E-01  1.0765E-02
  4.5696E+02  4.7291E-01  1.0803E-02
  4.5900E+02  4.7257E-01  1.0841E-02
  4.6104E+02  4.7224E-01  1.0878E-02
  4.6308E+02  4.7193E-01  1.0915E-02
  4.6512E+02  4.7163E-01  1.0952E-02
  4.6716E+02  4.7133E-01  1.0989E-02
  4.6920E+02  4.7104E-01  1.1026E-02
  4.7124E+02  4.7075E-01  1.1063E-02
  4.7328E+02  4.7047E-01  1.1099E-02
  4.7532E+02  4.7019E-01  1.1136E-02
  4.7736E+02  4.6991E-01  1.1172E-02
  4.7940E+02  4.6962E-01  1.1208E-02
  4.8144E+02  4.6934E-01  1.1245E-02
  4.8348E+02  4.6905E-01  1.1282E-02
  4.8552E+02  4.6876E-01  1.1319E-02
  4.8756E+02  4.6846E-01  1.1356E-02
  4.8960E+02  4.6817E-01  1.1393E-02
  4.9164E+02  4.6787E-01  1.1430E-02
  4.9368E+02  4.6755E-01  1.1466E-02
  4.9572E+02  4.6723E-01  1.1501E-02
  4.9776E+02  4.6690E-01  1.1536E-02
  4.9980E+02  4.6657E-01  1.1571E-02
  5.0184E+02  4.6626E-01  1.1606E-02
  5.0388E+02  4.6595E-01  1.1641E-02
  5.0592E+02  4.6565E-01  1.1677E-02
  5.0796E+02  4.6535E-01  1.1714E-02
  5.1000E+02  4.6505E-01  1.1751E-02
  5.1204E+02  4.6475E-01  1.1788E-02
  5.1408E+02  4.6445E-01  1.1825E-02
  5.1612E+02  4.6416E-01  1.1862E-02
  5.1816E+02  4.6388E-01  1.1898E-02
  5.2020E+02  4.6360E-01  1.1933E-02
  5.2224E+02  4.6333E-01  1.1967E-02
  5.2428E+02  4.6305E-01  1.2000E-02
  5.2632E+02  4.6277E-01  1.2032E-02
  5.2836E+02  4.6249E-01  1.2065E-02
  5.3040E+02  4.6220E-01  1.2098E-02
  5.3244E+02  4.6192E-01  1.2133E-02
  5.3448E+02  4.6164E-01  1.2170E-02
  5.3652E+02  4.6135E-01  1.2209E-02
  5.3856E+02  4.6106E-01  1.2248E-02
  5.4060E+02  4.6077E-01  1.2287E-02
  5.4264E+02  4.6047E-01  1.2325E-02
  5.4468E+02  4.6017E-01  1.2360E-02
  5.4672E+02  4.5988E-01  1.2393E-02
  5.4876E+02  4.5959E-01  1.2424E-02
  5.5080E+02  4.5931E-01  1.2453E-02
  5.5284E+02  4.5903E-01  1.2481E-02
  5.5488E+02  4.5875E-01  1.2511E-02
  5.5692E+02  4.5848E-01  1.2542E-02
  5.5896E+02  4.5821E-01  1.2575E-02
  5.6100E+02  4.5794E-01  1.2611E-02
  5.6304E+02  4.5767E-01  1.2651E-02
  5.6508E+02  4.5739E-01  1.2692E-02
  5.6712E+02  4.5712E-01  1.2736E-02
  5.6916E+02  4.5684E-01  1.2778E-02
  5.7120E+02  4.5656E-01  1.2819E-02
  5.7324E+02  4.5629E-01  1.2856E-02
  5.7528E+02  4.5601E-01  1.2889E-02
  5.7732E+02  4.5574E-01  1.2917E-02
  5.7936E+02  4.5547E-01  1.2941E-02
  5.8140E+02  4.5521E-01  1.2963E-02
  5.8344E+02  4.5496E-01  1.2985E-02
  5.8548E+02  4.5471E-01  1.3009E-02
  5.8752E+02  4.5446E-01  1.3037E-02
  5.8956E+02  4.5420E-01  1.3070E-02
  5.9160E+02  4.5394E-01  1.3107E-02
  5.9364E+02  4.5367E-01  1.3149E-02
  5.9568E+02  4.5339E-01  1.3193E-02
  5.9772E+02  4.5311E-01  1.3239E-02
  5.9976E+02  4.5283E-01  1.3284E-02
  6.0180E+02  4.5256E-01  1.3327E-02
  6.0384E+02  4.5229E-01  1.3366E-02
  6.0588E+02  4.5204E-01  1.3401E-02
  6.0792E+02  4.5180E-01  1.3430E-02
  6.0996E+02  4.5158E-01  1.3456E-02
  6.1200E+02  4.5136E-01  1.3478E-02
  6.1404E+02  4.5114E-01  1.3499E-02
  6.1608E+02  4.5091E-01  1.3522E-02
  6.1812E+02  4.5067E-01  1.3546E-02
  6.2016E+02  4.5042E-01  1.3574E-02
  6.2220E+02  4.5015E-01  1.3606E-02
  6.2424E+02  4.4987E-01  1.3642E-02
  6.2628E+02  4.4959E-01  1.3681E-02
  6.2832E+02  4.4931E-01  1.3721E-02
  6.3036E+02  4.4904E-01  1.3763E-02
  6.3240E+02  4.4879E-01  1.3804E-02
  6.3444E+02  4.4856E-01  1.3843E-02
  6.3648E+02  4.4834E-01  1.3880E-02
  6.3852E+02  4.4814E-01  1.3914E-02
  6.4056E+02  4.4793E-01  1.3945E-02
  6.4260E+02  4.4771E-01  1.3974E-02
  6.4464E+02  4.4748E-01  1.4002E-02
  6.4668E+02  4.4723E-01  1.4029E-02
  6.4872E+02  4.4696E-01  1.4056E-02
  6.5076E+02  4.4669E-01  1.4084E-02
  6.5280E+02  4.4640E-01  1.4113E-02
  6.5484E+02  4.4612E-01  1.4144E-02
  6.5688E+02  4.4585E-01  1.4177E-02
  6.5892E+02  4.4561E-01  1.4210E-02
  6.6096E+02  4.4540E-01  1.4244E-02
  6.6300E+02  4.4521E-01  1.4279E-02
  6.6504E+02  4.4505E-01  1.4314E-02
  6.6708E+02  4.4489E-01  1.4349E-02
  6.6912E+02  4.4473E-01  1.4384E-02
  6.7116E+02  4.4453E-01  1.4417E-02
  6.7320E+02  4.4431E-01  1.4450E-02
  6.7524E+02  4.4404E-01  1.4481E-02
  6.7728E+02  4.4374E-01  1.4512E-02
  6.7932E+02  4.4341E-01  1.4542E-02
  6.8136E+02  4.4307E-01  1.4572E-02
  6.8340E+02  4.4273E-01  1.4602E-02
  6.8544E+02  4.4241E-01  1.4633E-02
  6.8748E+02  4.4212E-01  1.4665E-02
  6.8952E+02  4.4188E-01  1.4696E-02
  6.9156E+02  4.4170E-01  1.4728E-02
  6.9360E+02  4.4155E-01  1.4759E-02
  6.9564E+02  4.4144E-01  1.4791E-02
  6.9768E+02  4.4134E-01  1.4823E-02
  6.9972E+02  4.4123E-01  1.4855E-02
  7.0176E+02  4.4109E-01  1.4888E-02
  7.0380E+02  4.4091E-01  1.4920E-02
  7.0584E+02  4.4068E-01  1.4953E-02
  7.0788E+02  4.4041E-01  1.4984E-02
  7.0992E+02  4.4010E-01  1.5015E-02
  7.1196E+02  4.3976E-01  1.5046E-02
  7.1400E+02  4.3941E-01  1.5076E-02
  7.1604E+02  4.3908E-01  1.5107E-02
  7.1808E+02  4.3876E-01  1.5137E-02
  7.2012E+02  4.3849E-01  1.5169E-02
  7.2216E+02  4.3826E-01  1.5200E-02
  7.2420E+02  4.3807E-01  1.5232E-02
  7.2624E+02  4.3791E-01  1.5263E-02
  7.2828E+02  4.3777E-01  1.5294E-02
  7.3032E+02  4.3763E-01  1.5325E-02
  7.3236E+02  4.3749E-01  1.5356E-02
  7.3440E+02  4.3732E-01  1.5387E-02
  7.3644E+02  4.3713E-01  1.5418E-02
  7.3848E+02  4.3690E-01  1.5449E-02
  7.4052E+02  4.3665E-01  1.5480E-02
  7.4256E+02  4.3638E-01  1.5511E-02
  7.4460E+02  4.3610E-01  1.5542E-02
  7.4664E+02  4.3583E-01  1.5573E-02
  7.4868E+02  4.3556E-01  1.5603E-02
  7.5072E+02  4.3532E-01  1.5634E-02
  7.5276E+02  4.3510E-01  1.5665E-02
  7.5480E+02  4.3490E-01  1.5696E-02
  7.5684E+02  4.3471E-01  1.5726E-02
  7.5888E+02  4.3453E-01  1.5757E-02
  7.6092E+02  4.3436E-01  1.5788E-02
  7.6296E+02  4.3417E-01  1.5818E-02
  7.6500E+02  4.3398E-01  1.5848E-02
  7.6704E+02  4.3377E-01  1.5878E-02
  7.6908E+02  4.3354E-01  1.5909E-02
  7.7112E+02  4.3331E-01  1.5940E-02
  7.7316E+02  4.3306E-01  1.5971E-02
  7.7520E+02  4.3281E-01  1.6002E-02
  7.7724E+02  4.3257E-01  1.6033E-02
  7.7928E+02  4.3233E-01  1.6063E-02
  7.8132E+02  4.3210E-01  1.6093E-02
  7.8336E+02  4.3189E-01  1.6123E-02
  7.8540E+02  4.3168E-01  1.6153E-02
  7.8744E+02  4.3149E-01  1.6183E-02
  7.8948E+02  4.3130E-01  1.6212E-02
  7.9152E+02  4.3112E-01  1.6243E-02
  7.9356E+02  4.3094E-01  1.6273E-02
  7.9560E+02  4.3076E-01  1.6304E-02
  7.9764E+02  4.3057E-01  1.6334E-02
  7.9968E+02  4.3037E-01  1.6365E-02
  8.0172E+02  4.3017E-01  1.6396E-02
  8.0376E+02  4.2996E-01  1.6426E-02
  8.0580E+02  4.2974E-01  1.6457E-02
  8.0784E+02  4.2951E-01  1.6487E-02
  8.0988E+02  4.2929E-01  1.6516E-02
  8.1192E+02  4.2906E-01  1.6546E-02
  8.1396E+02  4.2884E-01  1.6575E-02
  8.1600E+02  4.2862E-01  1.6604E-02
  8.1804E+02  4.2840E-01  1.6633E-02
  8.2008E+02  4.2819E-01  1.6663E-02
  8.2212E+02  4.2798E-01  1.6693E-02
  8.2416E+02  4.2778E-01  1.6724E-02
  8.2620E+02  4.2758E-01  1.6755E-02
  8.2824E+02  4.2738E-01  1.6786E-02
  8.3028E+02  4.2719E-01  1.6817E-02
  8.3232E+02  4.2699E-01  1.6848E-02
  8.3436E+02  4.2679E-01  1.6878E-02
  8.3640E+02  4.2660E-01  1.6907E-02
  8.3844E+02  4.2640E-01  1.6935E-02
  8.4048E+02  4.2621E-01  1.6963E-02
  8.4252E+02  4.2602E-01  1.6991E-02
  8.4456E+02  4.2582E-01  1.7019E-02
  8.4660E+02  4.2563E-01  1.7048E-02
  8.4864E+02  4.2543E-01  1.7078E-02
  8.5068E+02  4.2523E-01  1.7109E-02
  8.5272E+02  4.2502E-01  1.7140E-02
  8.5476E+02  4.2482E-01  1.7172E-02
  8.5680E+02  4.2461E-01  1.7204E-02
  8.5884E+02  4.2440E-01  1.7235E-02
  8.6088E+02  4.2419E-01  1.7265E-02
  8.6292E+02  4.2398E-01  1.7295E-02
  8.6496E+02  4.2378E-01  1.7323E-02
  8.6700E+02  4.2358E-01  1.7351E-02
  8.6904E+02  4.2338E-01  1.7378E-02
  8.7108E+02  4.2319E-01  1.7405E-02
  8.7312E+02  4.2300E-01  1.7432E-02
  8.7516E+02  4.2281E-01  1.7460E-02
  8.7720E+02  4.2262E-01  1.7488E-02
  8.7924E+02  4.2243E-01  1.7518E-02
  8.8128E+02  4.2224E-01  1.7549E-02
  8.8332E+02  4.2205E-01  1.7581E-02
  8.8536E+02  4.2186E-01  1.7614E-02
  8.8740E+02  4.2166E-01  1.7646E-02
  8.8944E+02  4.2147E-01  1.7678E-02
  8.9148E+02  4.2128E-01  1.7709E-02
  8.9352E+02  4.2109E-01  1.7738E-02
  8.9556E+02  4.2091E-01  1.7767E-02
  8.9760E+02  4.2072E-01  1.7794E-02
  8.9964E+02  4.2054E-01  1.7820E-02
  9.0168E+02  4.2035E-01  1.7846E-02
  9.0372E+02  4.2016E-01  1.7872E-02
  9.0576E+02  4.1997E-01  1.7899E-02
  9.0780E+02  4.1977E-01  1.7927E-02
  9.0984E+02  4.1957E-01  1.7956E-02
  9.1188E+02  4.1937E-01  1.7986E-02
  9.1392E+02  4.1918E-01  1.8017E-02
  9.1596E+02  4.1899E-01  1.8049E-02
  9.1800E+02  4.1880E-01  1.8081E-02
  9.2004E+02  4.1862E-01  1.8112E-02
  9.2208E+02  4.1845E-01  1.8143E-02
  9.2412E+02  4.1828E-01  1.8174E-02
  9.2616E+02  4.1811E-01  1.8203E-02
  9.2820E+02  4.1794E-01  1.8231E-02
  9.3024E+02  4.1776E-01  1.8259E-02
  9.3228E+02  4.1758E-01  1.8286E-02
  9.3432E+02  4.1740E-01  1.8313E-02
  9.3636E+02  4.1720E-01  1.8339E-02
  9.3840E+02  4.1701E-01  1.8367E-02
  9.4044E+02  4.1682E-01  1.8394E-02
  9.4248E+02  4.1663E-01  1.8423E-02
  9.4452E+02  4.1644E-01  1.8453E-02
  9.4656E+02  4.1626E-01  1.8483E-02
  9.4860E+02  4.1609E-01  1.8513E-02
  9.5064E+02  4.1592E-01  1.8543E-02
  9.5268E+02  4.1575E-01  1.8574E-02
  9.5472E+02  4.1559E-01  1.8604E-02
  9.5676E+02  4.1542E-01  1.8633E-02
  9.5880E+02  4.1524E-01  1.8662E-02
  9.6084E+02  4.1506E-01  1.8691E-02
  9.6288E+02  4.1487E-01  1.8719E-02
  9.6492E+02  4.1468E-01  1.8747E-02
  9.6696E+02  4.1449E-01  1.8775E-02
  9.6900E+02  4.1430E-01  1.8803E-02
  9.7104E+02  4.1412E-01  1.8831E-02
  9.7308E+02  4.1395E-01  1.8859E-02
  9.7512E+02  4.1378E-01  1.8887E-02
  9.7716E+02  4.1362E-01  1.8916E-02
  9.7920E+02  4.1346E-01  1.8945E-02
  9.8124E+02  4.1330E-01  1.8975E-02
  9.8328E+02  4.1314E-01  1.9004E-02
  9.8532E+02  4.1297E-01  1.9033E-02
  9.8736E+02  4.1280E-01  1.9062E-02
  9.8940E+02  4.1261E-01  1.9091E-02
  9.9144E+02  4.1242E-01  1.9120E-02
  9.9348E+02  4.1222E-01  1.9148E-02
  9.9552E+02  4.1203E-01  1.9177E-02
  9.9756E+02  4.1184E-01  1.9206E-02
  9.9960E+02  4.1167E-01  1.9234E-02
  1.0016E+03  4.1150E-01  1.9262E-02
  1.0037E+03  4.1135E-01  1.9290E-02
  1.0057E+03  4.1120E-01  1.9319E-02
  1.0078E+03  4.1106E-01  1.9347E-02
  1.0098E+03  4.1091E-01  1.9376E-02
  1.0118E+03  4.1075E-01  1.9405E-02
  1.0139E+03  4.1058E-01  1.9433E-02
  1.0159E+03  4.1039E-01  1.9462E-02
  1.0180E+03  4.1020E-01  1.9491E-02
  1.0200E+03  4.0999E-01  1.9519E-02
  1.0220E+03  4.0979E-01  1.9547E-02
  1.0241E+03  4.0959E-01  1.9576E-02
  1.0261E+03  4.0940E-01  1.9604E-02
  1.0282E+03  4.0923E-01  1.9633E-02
  1.0302E+03  4.0907E-01  1.9662E-02
  1.0322E+03  4.0893E-01  1.9690E-02
  1.0343E+03  4.0880E-01  1.9719E-02
  1.0363E+03  4.0867E-01  1.9747E-02
  1.0384E+03  4.0854E-01  1.9775E-02
  1.0404E+03  4.0839E-01  1.9804E-02
  1.0424E+03  4.0823E-01  1.9832E-02
  1.0445E+03  4.0805E-01  1.9860E-02
  1.0465E+03  4.0786E-01  1.9889E-02
  1.0486E+03  4.0765E-01  1.9917E-02
  1.0506E+03  4.0743E-01  1.9946E-02
  1.0526E+03  4.0722E-01  1.9974E-02
  1.0547E+03  4.0701E-01  2.0002E-02
  1.0567E+03  4.0683E-01  2.0031E-02
  1.0588E+03  4.0666E-01  2.0059E-02
  1.0608E+03  4.0651E-01  2.0088E-02
  1.0628E+03  4.0638E-01  2.0116E-02
  1.0649E+03  4.0625E-01  2.0145E-02
  1.0669E+03  4.0613E-01  2.0173E-02
  1.0690E+03  4.0601E-01  2.0201E-02
  1.0710E+03  4.0587E-01  2.0229E-02
  1.0730E+03  4.0572E-01  2.0257E-02
  1.0751E+03  4.0554E-01  2.0285E-02
  1.0771E+03  4.0536E-01  2.0314E-02
  1.0792E+03  4.0515E-01  2.0342E-02
  1.0812E+03  4.0495E-01  2.0371E-02
  1.0832E+03  4.0474E-01  2.0399E-02
  1.0853E+03  4.0454E-01  2.0428E-02
  1.0873E+03  4.0435E-01  2.0456E-02
  1.0894E+03  4.0418E-01  2.0484E-02
  1.0914E+03  4.0402E-01  2.0512E-02
  1.0934E+03  4.0387E-01  2.0540E-02
  1.0955E+03  4.0374E-01  2.0568E-02
  1.0975E+03  4.0361E-01  2.0597E-02
  1.0996E+03  4.0348E-01  2.0625E-02
  1.1016E+03  4.0334E-01  2.0653E-02
  1.1036E+03  4.0320E-01  2.0681E-02
  1.1057E+03  4.0304E-01  2.0709E-02
  1.1077E+03  4.0287E-01  2.0737E-02
  1.1098E+03  4.0269E-01  2.0766E-02
  1.1118E+03  4.0250E-01  2.0794E-02
  1.1138E+03  4.0232E-01  2.0823E-02
  1.1159E+03  4.0214E-01  2.0851E-02
  1.1179E+03  4.0196E-01  2.0879E-02
  1.1200E+03  4.0179E-01  2.0907E-02
  1.1220E+03  4.0163E-01  2.0935E-02
  1.1240E+03  4.0147E-01  2.0963E-02
  1.1261E+03  4.0132E-01  2.0991E-02
  1.1281E+03  4.0118E-01  2.1019E-02
  1.1302E+03  4.0103E-01  2.1047E-02
  1.1322E+03  4.0088E-01  2.1075E-02
  1.1342E+03  4.0073E-01  2.1104E-02
  1.1363E+03  4.0058E-01  2.1132E-02
  1.1383E+03  4.0042E-01  2.1160E-02
  1.1404E+03  4.0025E-01  2.1188E-02
  1.1424E+03  4.0009E-01  2.1216E-02
  1.1444E+03  3.9992E-01  2.1244E-02
  1.1465E+03  3.9976E-01  2.1273E-02
  1.1485E+03  3.9959E-01  2.1301E-02
  1.1506E+03  3.9943E-01  2.1329E-02
  1.1526E+03  3.9928E-01  2.1357E-02
  1.1546E+03  3.9912E-01  2.1385E-02
  1.1567E+03  3.9898E-01  2.1413E-02
  1.1587E+03  3.9883E-01  2.1440E-02
  1.1608E+03  3.9868E-01  2.1468E-02
  1.1628E+03  3.9853E-01  2.1496E-02
  1.1648E+03  3.9838E-01  2.1524E-02
  1.1669E+03  3.9823E-01  2.1552E-02
  1.1689E+03  3.9807E-01  2.1580E-02
  1.1710E+03  3.9791E-01  2.1609E-02
  1.1730E+03  3.9775E-01  2.1637E-02
  1.1750E+03  3.9759E-01  2.1665E-02
  1.1771E+03  3.9743E-01  2.1694E-02
  1.1791E+03  3.9728E-01  2.1722E-02
  1.1812E+03  3.9712E-01  2.1750E-02
  1.1832E+03  3.9697E-01  2.1778E-02
  1.1852E+03  3.9682E-01  2.1806E-02
  1.1873E+03  3.9667E-01  2.1834E-02
  1.1893E+03  3.9653E-01  2.1861E-02
  1.1914E+03  3.9638E-01  2.1889E-02
  1.1934E+03  3.9623E-01  2.1916E-02
  1.1954E+03  3.9608E-01  2.1944E-02
  1.1975E+03  3.9593E-01  2.1972E-02
  1.1995E+03  3.9578E-01  2.2000E-02
  1.2016E+03  3.9563E-01  2.2028E-02
  1.2036E+03  3.9548E-01  2.2056E-02
  1.2056E+03  3.9533E-01  2.2085E-02
  1.2077E+03  3.9518E-01  2.2113E-02
  1.2097E+03  3.9503E-01  2.2142E-02
  1.2118E+03  3.9489E-01  2.2170E-02
  1.2138E+03  3.9474E-01  2.2198E-02
  1.2158E+03  3.9459E-01  2.2226E-02
  1.2179E+03  3.9444E-01  2.2254E-02
  1.2199E+03  3.9429E-01  2.2281E-02
  1.2220E+03  3.9414E-01  2.2309E-02
  1.2240E+03  3.9399E-01  2.2336E-02
  1.2260E+03  3.9384E-01  2.2364E-02
  1.2281E+03  3.9369E-01  2.2391E-02
  1.2301E+03  3.9354E-01  2.2419E-02
  1.2322E+03  3.9339E-01  2.2447E-02
  1.2342E+03  3.9325E-01  2.2475E-02
  1.2362E+03  3.9311E-01  2.2503E-02
  1.2383E+03  3.9297E-01  2.2532E-02
  1.2403E+03  3.9283E-01  2.2560E-02
  1.2424E+03  3.9269E-01  2.2588E-02
  1.2444E+03  3.9254E-01  2.2617E-02
  1.2464E+03  3.9240E-01  2.2645E-02
  1.2485E+03  3.9225E-01  2.2673E-02
  1.2505E+03  3.9210E-01  2.2700E-02
  1.2526E+03  3.9195E-01  2.2728E-02
  1.2546E+03  3.9180E-01  2.2755E-02
  1.2566E+03  3.9166E-01  2.2783E-02
  1.2587E+03  3.9151E-01  2.2810E-02
  1.2607E+03  3.9137E-01  2.2838E-02
  1.2628E+03  3.9123E-01  2.2866E-02
  1.2648E+03  3.9109E-01  2.2894E-02
  1.2668E+03  3.9095E-01  2.2922E-02
  1.2689E+03  3.9081E-01  2.2950E-02
  1.2709E+03  3.9067E-01  2.2978E-02
  1.2730E+03  3.9052E-01  2.3006E-02
  1.2750E+03  3.9038E-01  2.3034E-02
  1.2770E+03  3.9023E-01  2.3062E-02
  1.2791E+03  3.9008E-01  2.3090E-02
  1.2811E+03  3.8993E-01  2.3118E-02
  1.2832E+03  3.8979E-01  2.3146E-02
  1.2852E+03  3.8965E-01  2.3174E-02
  1.2872E+03  3.8951E-01  2.3201E-02
  1.2893E+03  3.8937E-01  2.3229E-02
  1.2913E+03  3.8924E-01  2.3257E-02
  1.2934E+03  3.8911E-01  2.3285E-02
  1.2954E+03  3.8897E-01  2.3312E-02
  1.2974E+03  3.8884E-01  2.3340E-02
  1.2995E+03  3.8869E-01  2.3368E-02
  1.3015E+03  3.8855E-01  2.3396E-02
  1.3036E+03  3.8840E-01  2.3424E-02
  1.3056E+03  3.8825E-01  2.3452E-02
  1.3076E+03  3.8810E-01  2.3480E-02
  1.3097E+03  3.8796E-01  2.3507E-02
  1.3117E+03  3.8781E-01  2.3535E-02
  1.3138E+03  3.8768E-01  2.3563E-02
  1.3158E+03  3.8754E-01  2.3591E-02
  1.3178E+03  3.8741E-01  2.3619E-02
  1.3199E+03  3.8728E-01  2.3647E-02
  1.3219E+03  3.8715E-01  2.3675E-02
  1.3240E+03  3.8702E-01  2.3703E-02
  1.3260E+03  3.8688E-01  2.3730E-02
  1.3280E+03  3.8674E-01  2.3758E-02
  1.3301E+03  3.8660E-01  2.3785E-02
  1.3321E+03  3.8645E-01  2.3813E-02
  1.3342E+03  3.8630E-01  2.3841E-02
  1.3362E+03  3.8615E-01  2.3869E-02
  1.3382E+03  3.8601E-01  2.3897E-02
  1.3403E+03  3.8587E-01  2.3925E-02
  1.3423E+03  3.8574E-01  2.3953E-02
  1.3444E+03  3.8562E-01  2.3981E-02
  1.3464E+03  3.8549E-01  2.4009E-02
  1.3484E+03  3.8537E-01  2.4036E-02
  1.3505E+03  3.8524E-01  2.4064E-02
  1.3525E+03  3.8511E-01  2.4092E-02
  1.3546E+03  3.8497E-01  2.4119E-02
  1.3566E+03  3.8482E-01  2.4147E-02
  1.3586E+03  3.8467E-01  2.4175E-02
  1.3607E+03  3.8452E-01  2.4203E-02
  1.3627E+03  3.8437E-01  2.4230E-02
  1.3648E+03  3.8423E-01  2.4258E-02
  1.3668E+03  3.8409E-01  2.4286E-02
  1.3688E+03  3.8396E-01  2.4314E-02
  1.3709E+03  3.8383E-01  2.4342E-02
  1.3729E+03  3.8371E-01  2.4370E-02
  1.3750E+03  3.8359E-01  2.4398E-02
  1.3770E+03  3.8347E-01  2.4425E-02
  1.3790E+03  3.8335E-01  2.4453E-02
  1.3811E+03  3.8322E-01  2.4481E-02
  1.3831E+03  3.8309E-01  2.4508E-02
  1.3852E+03  3.8294E-01  2.4536E-02
  1.3872E+03  3.8279E-01  2.4564E-02
  1.3892E+03  3.8264E-01  2.4591E-02
  1.3913E+03  3.8249E-01  2.4619E-02
  1.3933E+03  3.8234E-01  2.4647E-02
  1.3954E+03  3.8220E-01  2.4675E-02
  1.3974E+03  3.8206E-01  2.4703E-02
  1.3994E+03  3.8194E-01  2.4731E-02
  1.4015E+03  3.8182E-01  2.4759E-02
  1.4035E+03  3.8171E-01  2.4786E-02
  1.4056E+03  3.8160E-01  2.4814E-02
  1.4076E+03  3.8148E-01  2.4842E-02
  1.4096E+03  3.8136E-01  2.4869E-02
  1.4117E+03  3.8123E-01  2.4897E-02
  1.4137E+03  3.8109E-01  2.4924E-02
  1.4158E+03  3.8095E-01  2.4952E-02
  1.4178E+03  3.8080E-01  2.4980E-02
  1.4198E+03  3.8064E-01  2.5008E-02
  1.4219E+03  3.8049E-01  2.5036E-02
  1.4239E+03  3.8035E-01  2.5064E-02
  1.4260E+03  3.8021E-01  2.5092E-02
  1.4280E+03  3.8008E-01  2.5120E-02
  1.4300E+03  3.7996E-01  2.5147E-02
  1.4321E+03  3.7984E-01  2.5175E-02
  1.4341E+03  3.7973E-01  2.5202E-02
  1.4362E+03  3.7962E-01  2.5230E-02
  1.4382E+03  3.7950E-01  2.5257E-02
  1.4402E+03  3.7938E-01  2.5285E-02
  1.4423E+03  3.7925E-01  2.5313E-02
  1.4443E+03  3.7912E-01  2.5341E-02
  1.4464E+03  3.7898E-01  2.5369E-02
  1.4484E+03  3.7883E-01  2.5397E-02
  1.4504E+03  3.7869E-01  2.5424E-02
  1.4525E+03  3.7855E-01  2.5452E-02
  1.4545E+03  3.7841E-01  2.5480E-02
  1.4566E+03  3.7827E-01  2.5508E-02
  1.4586E+03  3.7814E-01  2.5535E-02
  1.4606E+03  3.7802E-01  2.5563E-02
  1.4627E+03  3.7790E-01  2.5591E-02
  1.4647E+03  3.7778E-01  2.5618E-02
  1.4668E+03  3.7766E-01  2.5646E-02
  1.4688E+03  3.7755E-01  2.5673E-02
  1.4708E+03  3.7743E-01  2.5701E-02
  1.4729E+03  3.7730E-01  2.5729E-02
  1.4749E+03  3.7717E-01  2.5757E-02
  1.4770E+03  3.7704E-01  2.5785E-02
  1.4790E+03  3.7690E-01  2.5813E-02
  1.4810E+03  3.7677E-01  2.5840E-02
  1.4831E+03  3.7663E-01  2.5868E-02
  1.4851E+03  3.7650E-01  2.5896E-02
  1.4872E+03  3.7636E-01  2.5923E-02
  1.4892E+03  3.7624E-01  2.5951E-02
  1.4912E+03  3.7611E-01  2.5978E-02
  1.4933E+03  3.7599E-01  2.6006E-02
  1.4953E+03  3.7587E-01  2.6034E-02
  1.4974E+03  3.7575E-01  2.6061E-02
  1.4994E+03  3.7563E-01  2.6089E-02
  1.5014E+03  3.7550E-01  2.6117E-02
  1.5035E+03  3.7538E-01  2.6145E-02
  1.5055E+03  3.7525E-01  2.6173E-02
  1.5076E+03  3.7513E-01  2.6201E-02
  1.5096E+03  3.7500E-01  2.6228E-02
  1.5116E+03  3.7487E-01  2.6256E-02
  1.5137E+03  3.7474E-01  2.6283E-02
  1.5157E+03  3.7461E-01  2.6311E-02
  1.5178E+03  3.7448E-01  2.6338E-02
  1.5198E+03  3.7436E-01  2.6366E-02
  1.5218E+03  3.7424E-01  2.6394E-02
  1.5239E+03  3.7411E-01  2.6422E-02
  1.5259E+03  3.7399E-01  2.6449E-02
  1.5280E+03  3.7387E-01  2.6477E-02
  1.5300E+03  3.7375E-01  2.6505E-02
  1.5320E+03  3.7363E-01  2.6532E-02
  1.5341E+03  3.7350E-01  2.6560E-02
  1.5361E+03  3.7338E-01  2.6588E-02
  1.5382E+03  3.7325E-01  2.6616E-02
  1.5402E+03  3.7312E-01  2.6643E-02
  1.5422E+03  3.7300E-01  2.6671E-02
  1.5443E+03  3.7288E-01  2.6699E-02
  1.5463E+03  3.7275E-01  2.6726E-02
  1.5484E+03  3.7263E-01  2.6754E-02
  1.5504E+03  3.7251E-01  2.6781E-02
  1.5524E+03  3.7239E-01  2.6809E-02
  1.5545E+03  3.7227E-01  2.6837E-02
  1.5565E+03  3.7215E-01  2.6864E-02
  1.5586E+03  3.7203E-01  2.6892E-02
  1.5606E+03  3.7190E-01  2.6920E-02
  1.5626E+03  3.7178E-01  2.6947E-02
  1.5647E+03  3.7166E-01  2.6975E-02
  1.5667E+03  3.7153E-01  2.7003E-02
  1.5688E+03  3.7141E-01  2.7030E-02
  1.5708E+03  3.7129E-01  2.7058E-02
  1.5728E+03  3.7117E-01  2.7086E-02
  1.5749E+03  3.7105E-01  2.7113E-02
  1.5769E+03  3.7093E-01  2.7141E-02
  1.5790E+03  3.7081E-01  2.7169E-02
  1.5810E+03  3.7069E-01  2.7196E-02
  1.5830E+03  3.7057E-01  2.7224E-02
  1.5851E+03  3.7045E-01  2.7252E-02
  1.5871E+03  3.7033E-01  2.7279E-02
  1.5892E+03  3.7021E-01  2.7307E-02
  1.5912E+03  3.7009E-01  2.7334E-02
  1.5932E+03  3.6996E-01  2.7362E-02
  1.5953E+03  3.6984E-01  2.7390E-02
  1.5973E+03  3.6972E-01  2.7417E-02
  1.5994E+03  3.6960E-01  2.7445E-02
  1.6014E+03  3.6949E-01  2.7473E-02
  1.6034E+03  3.6937E-01  2.7500E-02
  1.6055E+03  3.6926E-01  2.7528E-02
  1.6075E+03  3.6914E-01  2.7556E-02
  1.6096E+03  3.6902E-01  2.7583E-02
  1.6116E+03  3.6890E-01  2.7611E-02
  1.6136E+03  3.6878E-01  2.7638E-02
  1.6157E+03  3.6866E-01  2.7666E-02
  1.6177E+03  3.6854E-01  2.7693E-02
  1.6198E+03  3.6842E-01  2.7721E-02
  1.6218E+03  3.6830E-01  2.7749E-02
  1.6238E+03  3.6818E-01  2.7776E-02
  1.6259E+03  3.6806E-01  2.7804E-02
  1.6279E+03  3.6794E-01  2.7832E-02
  1.6300E+03  3.6783E-01  2.7859E-02
  1.6320E+03  3.6772E-01  2.7887E-02
  1.6340E+03  3.6760E-01  2.7915E-02
  1.6361E+03  3.6749E-01  2.7942E-02
  1.6381E+03  3.6737E-01  2.7970E-02
  1.6402E+03  3.6725E-01  2.7997E-02
  1.6422E+03  3.6713E-01  2.8025E-02
  1.6442E+03  3.6701E-01  2.8052E-02
  1.6463E+03  3.6689E-01  2.8080E-02
  1.6483E+03  3.6677E-01  2.8108E-02
  1.6504E+03  3.6665E-01  2.8135E-02
  1.6524E+03  3.6654E-01  2.8163E-02
  1.6544E+03  3.6642E-01  2.8190E-02
  1.6565E+03  3.6631E-01  2.8218E-02
  1.6585E+03  3.6620E-01  2.8246E-02
  1.6606E+03  3.6609E-01  2.8273E-02
  1.6626E+03  3.6598E-01  2.8301E-02
  1.6646E+03  3.6586E-01  2.8329E-02
  1.6667E+03  3.6575E-01  2.8356E-02
  1.6687E+03  3.6563E-01  2.8383E-02
  1.6708E+03  3.6551E-01  2.8411E-02
  1.6728E+03  3.6539E-01  2.8438E-02
  1.6748E+03  3.6527E-01  2.8466E-02
  1.6769E+03  3.6515E-01  2.8494E-02
  1.6789E+03  3.6503E-01  2.8521E-02
  1.6810E+03  3.6492E-01  2.8549E-02
  1.6830E+03  3.6481E-01  2.8577E-02
  1.6850E+03  3.6470E-01  2.8604E-02
  1.6871E+03  3.6459E-01  2.8632E-02
  1.6891E+03  3.6448E-01  2.8659E-02
  1.6912E+03  3.6437E-01  2.8687E-02
  1.6932E+03  3.6426E-01  2.8714E-02
  1.6952E+03  3.6414E-01  2.8742E-02
  1.6973E+03  3.6402E-01  2.8769E-02
  1.6993E+03  3.6390E-01  2.8797E-02
  1.7014E+03  3.6378E-01  2.8824E-02
  1.7034E+03  3.6366E-01  2.8852E-02
  1.7054E+03  3.6354E-01  2.8879E-02
  1.7075E+03  3.6343E-01  2.8907E-02
  1.7095E+03  3.6332E-01  2.8935E-02
  1.7116E+03  3.6321E-01  2.8962E-02
  1.7136E+03  3.6311E-01  2.8990E-02
  1.7156E+03  3.6300E-01  2.9017E-02
  1.7177E+03  3.6290E-01  2.9045E-02
  1.7197E+03  3.6279E-01  2.9072E-02
  1.7218E+03  3.6267E-01  2.9100E-02
  1.7238E+03  3.6256E-01  2.9127E-02
  1.7258E+03  3.6244E-01  2.9155E-02
  1.7279E+03  3.6232E-01  2.9182E-02
  1.7299E+03  3.6220E-01  2.9210E-02
  1.7320E+03  3.6208E-01  2.9237E-02
  1.7340E+03  3.6196E-01  2.9265E-02
  1.7360E+03  3.6185E-01  2.9292E-02
  1.7381E+03  3.6174E-01  2.9320E-02
  1.7401E+03  3.6164E-01  2.9347E-02
  1.7422E+03  3.6153E-01  2.9375E-02
  1.7442E+03  3.6143E-01  2.9403E-02
  1.7462E+03  3.6133E-01  2.9430E-02
  1.7483E+03  3.6122E-01  2.9457E-02
  1.7503E+03  3.6111E-01  2.9485E-02
  1.7524E+03  3.6100E-01  2.9512E-02
  1.7544E+03  3.6088E-01  2.9540E-02
  1.7564E+03  3.6076E-01  2.9567E-02
  1.7585E+03  3.6064E-01  2.9595E-02
  1.7605E+03  3.6052E-01  2.9622E-02
  1.7626E+03  3.6040E-01  2.9650E-02
  1.7646E+03  3.6029E-01  2.9677E-02
  1.7666E+03  3.6018E-01  2.9705E-02
  1.7687E+03  3.6007E-01  2.9732E-02
  1.7707E+03  3.5997E-01  2.9760E-02
  1.7728E+03  3.5987E-01  2.9787E-02
  1.7748E+03  3.5977E-01  2.9815E-02
  1.7768E+03  3.5967E-01  2.9842E-02
  1.7789E+03  3.5956E-01  2.9869E-02
  1.7809E+03  3.5945E-01  2.9897E-02
  1.7830E+03  3.5934E-01  2.9924E-02
  1.7850E+03  3.5922E-01  2.9952E-02
  1.7870E+03  3.5910E-01  2.9979E-02
  1.7891E+03  3.5898E-01  3.0007E-02
  1.7911E+03  3.5887E-01  3.0034E-02
  1.7932E+03  3.5875E-01  3.0061E-02
  1.7952E+03  3.5864E-01  3.0089E-02
  1.7972E+03  3.5854E-01  3.0116E-02
  1.7993E+03  3.5843E-01  3.0144E-02
  1.8013E+03  3.5833E-01  3.0171E-02
  1.8034E+03  3.5823E-01  3.0199E-02
  1.8054E+03  3.5812E-01  3.0226E-02
  1.8074E+03  3.5802E-01  3.0253E-02
  1.8095E+03  3.5792E-01  3.0281E-02
  1.8115E+03  3.5781E-01  3.0308E-02
  1.8136E+03  3.5770E-01  3.0336E-02
  1.8156E+03  3.5758E-01  3.0363E-02
  1.8176E+03  3.5747E-01  3.0390E-02
  1.8197E+03  3.5736E-01  3.0418E-02
  1.8217E+03  3.5724E-01  3.0445E-02
  1.8238E+03  3.5713E-01  3.0473E-02
  1.8258E+03  3.5702E-01  3.0500E-02
  1.8278E+03  3.5692E-01  3.0528E-02
  1.8299E+03  3.5681E-01  3.0555E-02
  1.8319E+03  3.5671E-01  3.0582E-02
  1.8340E+03  3.5661E-01  3.0610E-02
  1.8360E+03  3.5650E-01  3.0637E-02
  1.8380E+03  3.5640E-01  3.0664E-02
  1.8401E+03  3.5629E-01  3.0692E-02
  1.8421E+03  3.5619E-01  3.0719E-02
  1.8442E+03  3.5608E-01  3.0746E-02
  1.8462E+03  3.5597E-01  3.0774E-02
  1.8482E+03  3.5586E-01  3.0801E-02
  1.8503E+03  3.5575E-01  3.0828E-02
  1.8523E+03  3.5564E-01  3.0856E-02
  1.8544E+03  3.5553E-01  3.0883E-02
  1.8564E+03  3.5542E-01  3.0910E-02
  1.8584E+03  3.5532E-01  3.0938E-02
  1.8605E+03  3.5521E-01  3.0965E-02
  1.8625E+03  3.5511E-01  3.0993E-02
  1.8646E+03  3.5501E-01  3.1020E-02
  1.8666E+03  3.5490E-01  3.1047E-02
  1.8686E+03  3.5480E-01  3.1075E-02
  1.8707E+03  3.5469E-01  3.1102E-02
  1.8727E+03  3.5459E-01  3.1129E-02
  1.8748E+03  3.5448E-01  3.1156E-02
  1.8768E+03  3.5437E-01  3.1184E-02
  1.8788E+03  3.5427E-01  3.1211E-02
  1.8809E+03  3.5416E-01  3.1238E-02
  1.8829E+03  3.5405E-01  3.1266E-02
  1.8850E+03  3.5395E-01  3.1293E-02
  1.8870E+03  3.5384E-01  3.1320E-02
  1.8890E+03  3.5374E-01  3.1348E-02
  1.8911E+03  3.5364E-01  3.1375E-02
  1.8931E+03  3.5353E-01  3.1402E-02
  1.8952E+03  3.5343E-01  3.1429E-02
  1.8972E+03  3.5333E-01  3.1457E-02
  1.8992E+03  3.5322E-01  3.1484E-02
  1.9013E+03  3.5312E-01  3.1511E-02
  1.9033E+03  3.5301E-01  3.1538E-02
  1.9054E+03  3.5291E-01  3.1566E-02
  1.9074E+03  3.5280E-01  3.1593E-02
  1.9094E+03  3.5270E-01  3.1620E-02
  1.9115E+03  3.5259E-01  3.1647E-02
  1.9135E+03  3.5249E-01  3.1675E-02
  1.9156E+03  3.5239E-01  3.1702E-02
  1.9176E+03  3.5228E-01  3.1729E-02
  1.9196E+03  3.5218E-01  3.1757E-02
  1.9217E+03  3.5208E-01  3.1784E-02
  1.9237E+03  3.5198E-01  3.1811E-02
  1.9258E+03  3.5187E-01  3.1838E-02
  1.9278E+03  3.5177E-01  3.1865E-02
  1.9298E+03  3.5167E-01  3.1893E-02
  1.9319E+03  3.5156E-01  3.1920E-02
  1.9339E+03  3.5146E-01  3.1947E-02
  1.9360E+03  3.5135E-01  3.1974E-02
  1.9380E+03  3.5125E-01  3.2001E-02
  1.9400E+03  3.5115E-01  3.2029E-02
  1.9421E+03  3.5105E-01  3.2056E-02
  1.9441E+03  3.5095E-01  3.2083E-02
  1.9462E+03  3.5085E-01  3.2110E-02
  1.9482E+03  3.5075E-01  3.2137E-02
  1.9502E+03  3.5065E-01  3.2165E-02
  1.9523E+03  3.5055E-01  3.2192E-02
  1.9543E+03  3.5044E-01  3.2219E-02
  1.9564E+03  3.5034E-01  3.2246E-02
  1.9584E+03  3.5024E-01  3.2273E-02
  1.9604E+03  3.5013E-01  3.2300E-02
  1.9625E+03  3.5003E-01  3.2328E-02
  1.9645E+03  3.4993E-01  3.2355E-02
  1.9666E+03  3.4983E-01  3.2382E-02
  1.9686E+03  3.4973E-01  3.2409E-02
  1.9706E+03  3.4963E-01  3.2436E-02
  1.9727E+03  3.4953E-01  3.2463E-02
  1.9747E+03  3.4943E-01  3.2490E-02
  1.9768E+03  3.4933E-01  3.2518E-02
  1.9788E+03  3.4923E-01  3.2545E-02
  1.9808E+03  3.4913E-01  3.2572E-02
  1.9829E+03  3.4903E-01  3.2599E-02
  1.9849E+03  3.4893E-01  3.2626E-02
  1.9870E+03  3.4882E-01  3.2653E-02
  1.9890E+03  3.4872E-01  3.2680E-02
  1.9910E+03  3.4862E-01  3.2707E-02
  1.9931E+03  3.4852E-01  3.2734E-02
  1.9951E+03  3.4842E-01  3.2762E-02
  1.9972E+03  3.4833E-01  3.2789E-02
  1.9992E+03  3.4823E-01  3.2816E-02
  2.0012E+03  3.4813E-01  3.2843E-02
  2.0033E+03  3.4804E-01  3.2870E-02
  2.0053E+03  3.4794E-01  3.2897E-02
  2.0074E+03  3.4784E-01  3.2924E-02
  2.0094E+03  3.4774E-01  3.2951E-02
  2.0114E+03  3.4763E-01  3.2978E-02
  2.0135E+03  3.4753E-01  3.3005E-02
  2.0155E+03  3.4743E-01  3.3032E-02
  2.0176E+03  3.4733E-01  3.3059E-02
  2.0196E+03  3.4723E-01  3.3086E-02
  2.0216E+03  3.4713E-01  3.3113E-02
  2.0237E+03  3.4704E-01  3.3140E-02
  2.0257E+03  3.4694E-01  3.3167E-02
  2.0278E+03  3.4685E-01  3.3194E-02
  2.0298E+03  3.4675E-01  3.3222E-02
  2.0318E+03  3.4665E-01  3.3249E-02
  2.0339E+03  3.4656E-01  3.3276E-02
  2.0359E+03  3.4646E-01  3.3303E-02
  2.0380E+03  3.4635E-01  3.3330E-02
  2.0400E+03  3.4625E-01  3.3356E-02
  2.0420E+03  3.4615E-01  3.3383E-02
  2.0441E+03  3.4605E-01  3.3410E-02
  2.0461E+03  3.4595E-01  3.3437E-02
  2.0482E+03  3.4586E-01  3.3464E-02
  2.0502E+03  3.4576E-01  3.3491E-02
  2.0522E+03  3.4567E-01  3.3518E-02
  2.0543E+03  3.4557E-01  3.3545E-02
  2.0563E+03  3.4548E-01  3.3572E-02
  2.0584E+03  3.4538E-01  3.3599E-02
  2.0604E+03  3.4529E-01  3.3626E-02
  2.0624E+03  3.4519E-01  3.3653E-02
  2.0645E+03  3.4509E-01  3.3680E-02
  2.0665E+03  3.4499E-01  3.3707E-02
  2.0686E+03  3.4489E-01  3.3734E-02
  2.0706E+03  3.4479E-01  3.3761E-02
  2.0726E+03  3.4469E-01  3.3788E-02
  2.0747E+03  3.4459E-01  3.3815E-02
  2.0767E+03  3.4449E-01  3.3842E-02
  2.0788E+03  3.4440E-01  3.3868E-02
  2.0808E+03  3.4431E-01  3.3895E-02
  2.0828E+03  3.4421E-01  3.3922E-02
  2.0849E+03  3.4412E-01  3.3949E-02
  2.0869E+03  3.4403E-01  3.3976E-02
  2.0890E+03  3.4393E-01  3.4003E-02
  2.0910E+03  3.4383E-01  3.4030E-02
  2.0930E+03  3.4374E-01  3.4057E-02
  2.0951E+03  3.4364E-01  3.4084E-02
  2.0971E+03  3.4353E-01  3.4111E-02
  2.0992E+03  3.4343E-01  3.4137E-02
  2.1012E+03  3.4334E-01  3.4164E-02
  2.1032E+03  3.4324E-01  3.4191E-02
  2.1053E+03  3.4314E-01  3.4218E-02
  2.1073E+03  3.4305E-01  3.4245E-02
  2.1094E+03  3.4296E-01  3.4272E-02
  2.1114E+03  3.4287E-01  3.4298E-02
  2.1134E+03  3.4277E-01  3.4325E-02
  2.1155E+03  3.4268E-01  3.4352E-02
  2.1175E+03  3.4259E-01  3.4379E-02
  2.1196E+03  3.4249E-01  3.4406E-02
  2.1216E+03  3.4239E-01  3.4433E-02
  2.1236E+03  3.4230E-01  3.4459E-02
  2.1257E+03  3.4220E-01  3.4486E-02
  2.1277E+03  3.4210E-01  3.4513E-02
  2.1298E+03  3.4200E-01  3.4540E-02
  2.1318E+03  3.4190E-01  3.4566E-02
  2.1338E+03  3.4180E-01  3.4593E-02
  2.1359E+03  3.4171E-01  3.4620E-02
  2.1379E+03  3.4162E-01  3.4647E-02
  2.1400E+03  3.4153E-01  3.4673E-02
  2.1420E+03  3.4144E-01  3.4700E-02
  2.1440E+03  3.4134E-01  3.4727E-02
  2.1461E+03  3.4125E-01  3.4754E-02
  2.1481E+03  3.4116E-01  3.4781E-02
  2.1502E+03  3.4106E-01  3.4807E-02
  2.1522E+03  3.4097E-01  3.4834E-02
  2.1542E+03  3.4087E-01  3.4861E-02
  2.1563E+03  3.4077E-01  3.4887E-02
  2.1583E+03  3.4067E-01  3.4914E-02
  2.1604E+03  3.4058E-01  3.4941E-02
  2.1624E+03  3.4048E-01  3.4968E-02
  2.1644E+03  3.4039E-01  3.4994E-02
  2.1665E+03  3.4029E-01  3.5021E-02
  2.1685E+03  3.4020E-01  3.5048E-02
  2.1706E+03  3.4011E-01  3.5074E-02
  2.1726E+03  3.4002E-01  3.5101E-02
  2.1746E+03  3.3993E-01  3.5128E-02
  2.1767E+03  3.3983E-01  3.5154E-02
  2.1787E+03  3.3974E-01  3.5181E-02
  2.1808E+03  3.3965E-01  3.5208E-02
  2.1828E+03  3.3955E-01  3.5234E-02
  2.1848E+03  3.3946E-01  3.5261E-02
  2.1869E+03  3.3936E-01  3.5288E-02
  2.1889E+03  3.3926E-01  3.5314E-02
  2.1910E+03  3.3917E-01  3.5341E-02
  2.1930E+03  3.3907E-01  3.5367E-02
  2.1950E+03  3.3898E-01  3.5394E-02
  2.1971E+03  3.3889E-01  3.5421E-02
  2.1991E+03  3.3880E-01  3.5447E-02
  2.2012E+03  3.3870E-01  3.5474E-02
  2.2032E+03  3.3861E-01  3.5500E-02
  2.2052E+03  3.3852E-01  3.5527E-02
  2.2073E+03  3.3843E-01  3.5554E-02
  2.2093E+03  3.3834E-01  3.5580E-02
  2.2114E+03  3.3824E-01  3.5607E-02
  2.2134E+03  3.3815E-01  3.5633E-02
  2.2154E+03  3.3806E-01  3.5660E-02
  2.2175E+03  3.3796E-01  3.5686E-02
  2.2195E+03  3.3787E-01  3.5713E-02
  2.2216E+03  3.3777E-01  3.5740E-02
  2.2236E+03  3.3768E-01  3.5766E-02
  2.2256E+03  3.3759E-01  3.5793E-02
  2.2277E+03  3.3750E-01  3.5819E-02
  2.2297E+03  3.3741E-01  3.5846E-02
  2.2318E+03  3.3732E-01  3.5872E-02
  2.2338E+03  3.3722E-01  3.5899E-02
  2.2358E+03  3.3713E-01  3.5925E-02
  2.2379E+03  3.3704E-01  3.5952E-02
  2.2399E+03  3.3695E-01  3.5978E-02
  2.2420E+03  3.3686E-01  3.6005E-02
  2.2440E+03  3.3676E-01  3.6031E-02
  2.2460E+03  3.3667E-01  3.6058E-02
  2.2481E+03  3.3658E-01  3.6084E-02
  2.2501E+03  3.3648E-01  3.6111E-02
  2.2522E+03  3.3639E-01  3.6137E-02
  2.2542E+03  3.3630E-01  3.6163E-02
  2.2562E+03  3.3621E-01  3.6190E-02
  2.2583E+03  3.3612E-01  3.6216E-02
  2.2603E+03  3.3603E-01  3.6243E-02
  2.2624E+03  3.3594E-01  3.6269E-02
  2.2644E+03  3.3585E-01  3.6296E-02
  2.2664E+03  3.3576E-01  3.6322E-02
  2.2685E+03  3.3567E-01  3.6348E-02
  2.2705E+03  3.3557E-01  3.6375E-02
  2.2726E+03  3.3548E-01  3.6401E-02
  2.2746E+03  3.3539E-01  3.6428E-02
  2.2766E+03  3.3530E-01  3.6454E-02
  2.2787E+03  3.3521E-01  3.6480E-02
  2.2807E+03  3.3512E-01  3.6507E-02
  2.2828E+03  3.3503E-01  3.6533E-02
  2.2848E+03  3.3494E-01  3.6559E-02
  2.2868E+03  3.3485E-01  3.6586E-02
  2.2889E+03  3.3476E-01  3.6612E-02
  2.2909E+03  3.3467E-01  3.6639E-02
  2.2930E+03  3.3458E-01  3.6665E-02
  2.2950E+03  3.3449E-01  3.6691E-02
  2.2970E+03  3.3439E-01  3.6718E-02
  2.2991E+03  3.3430E-01  3.6744E-02
  2.3011E+03  3.3421E-01  3.6770E-02
  2.3032E+03  3.3412E-01  3.6797E-02
  2.3052E+03  3.3403E-01  3.6823E-02
  2.3072E+03  3.3394E-01  3.6849E-02
  2.3093E+03  3.3385E-01  3.6875E-02
  2.3113E+03  3.3376E-01  3.6902E-02
  2.3134E+03  3.3368E-01  3.6928E-02
  2.3154E+03  3.3359E-01  3.6954E-02
  2.3174E+03  3.3350E-01  3.6981E-02
  2.3195E+03  3.3341E-01  3.7007E-02
  2.3215E+03  3.3332E-01  3.7033E-02
  2.3236E+03  3.3323E-01  3.7059E-02
  2.3256E+03  3.3314E-01  3.7086E-02
  2.3276E+03  3.3304E-01  3.7112E-02
  2.3297E+03  3.3295E-01  3.7138E-02
  2.3317E+03  3.3287E-01  3.7164E-02
  2.3338E+03  3.3278E-01  3.7190E-02
  2.3358E+03  3.3269E-01  3.7217E-02
  2.3378E+03  3.3260E-01  3.7243E-02
  2.3399E+03  3.3251E-01  3.7269E-02
  2.3419E+03  3.3243E-01  3.7295E-02
  2.3440E+03  3.3234E-01  3.7321E-02
  2.3460E+03  3.3225E-01  3.7348E-02
  2.3480E+03  3.3216E-01  3.7374E-02
  2.3501E+03  3.3207E-01  3.7400E-02
  2.3521E+03  3.3198E-01  3.7426E-02
  2.3542E+03  3.3189E-01  3.7452E-02
  2.3562E+03  3.3180E-01  3.7478E-02
  2.3582E+03  3.3171E-01  3.7505E-02
  2.3603E+03  3.3162E-01  3.7531E-02
  2.3623E+03  3.3154E-01  3.7557E-02
  2.3644E+03  3.3145E-01  3.7583E-02
  2.3664E+03  3.3136E-01  3.7609E-02
  2.3684E+03  3.3128E-01  3.7635E-02
  2.3705E+03  3.3119E-01  3.7661E-02
  2.3725E+03  3.3110E-01  3.7687E-02
  2.3746E+03  3.3101E-01  3.7714E-02
  2.3766E+03  3.3093E-01  3.7740E-02
  2.3786E+03  3.3084E-01  3.7766E-02
  2.3807E+03  3.3075E-01  3.7792E-02
  2.3827E+03  3.3066E-01  3.7818E-02
  2.3848E+03  3.3057E-01  3.7844E-02
  2.3868E+03  3.3048E-01  3.7870E-02
  2.3888E+03  3.3040E-01  3.7896E-02
  2.3909E+03  3.3031E-01  3.7922E-02
  2.3929E+03  3.3022E-01  3.7948E-02
  2.3950E+03  3.3014E-01  3.7974E-02
  2.3970E+03  3.3005E-01  3.8000E-02
  2.3990E+03  3.2997E-01  3.8026E-02
  2.4011E+03  3.2988E-01  3.8052E-02
  2.4031E+03  3.2979E-01  3.8078E-02
  2.4052E+03  3.2971E-01  3.8104E-02
  2.4072E+03  3.2962E-01  3.8130E-02
  2.4092E+03  3.2953E-01  3.8156E-02
  2.4113E+03  3.2944E-01  3.8182E-02
  2.4133E+03  3.2935E-01  3.8208E-02
  2.4154E+03  3.2927E-01  3.8234E-02
  2.4174E+03  3.2918E-01  3.8260E-02
  2.4194E+03  3.2910E-01  3.8286E-02
  2.4215E+03  3.2901E-01  3.8312E-02
  2.4235E+03  3.2893E-01  3.8338E-02
  2.4256E+03  3.2884E-01  3.8364E-02
  2.4276E+03  3.2876E-01  3.8390E-02
  2.4296E+03  3.2867E-01  3.8416E-02
  2.4317E+03  3.2858E-01  3.8442E-02
  2.4337E+03  3.2850E-01  3.8467E-02
  2.4358E+03  3.2841E-01  3.8493E-02
  2.4378E+03  3.2832E-01  3.8519E-02
  2.4398E+03  3.2823E-01  3.8545E-02
  2.4419E+03  3.2815E-01  3.8571E-02
  2.4439E+03  3.2806E-01  3.8597E-02
  2.4460E+03  3.2798E-01  3.8623E-02
  2.4480E+03  3.2789E-01  3.8649E-02
  2.4500E+03  3.2781E-01  3.8674E-02
  2.4521E+03  3.2773E-01  3.8700E-02
  2.4541E+03  3.2764E-01  3.8726E-02
  2.4562E+03  3.2756E-01  3.8752E-02
  2.4582E+03  3.2747E-01  3.8778E-02
  2.4602E+03  3.2739E-01  3.8804E-02
  2.4623E+03  3.2730E-01  3.8830E-02
  2.4643E+03  3.2721E-01  3.8855E-02
  2.4664E+03  3.2713E-01  3.8881E-02
  2.4684E+03  3.2704E-01  3.8907E-02
  2.4704E+03  3.2695E-01  3.8933E-02
  2.4725E+03  3.2687E-01  3.8958E-02
  2.4745E+03  3.2679E-01  3.8984E-02
  2.4766E+03  3.2670E-01  3.9010E-02
  2.4786E+03  3.2662E-01  3.9036E-02
  2.4806E+03  3.2654E-01  3.9062E-02
  2.4827E+03  3.2645E-01  3.9087E-02
  2.4847E+03  3.2637E-01  3.9113E-02
  2.4868E+03  3.2629E-01  3.9139E-02
  2.4888E+03  3.2620E-01  3.9165E-02
  2.4908E+03  3.2612E-01  3.9190E-02
  2.4929E+03  3.2603E-01  3.9216E-02
  2.4949E+03  3.2594E-01  3.9242E-02
  2.4970E+03  3.2586E-01  3.9267E-02
  2.4990E+03  3.2577E-01  3.9293E-02
  2.5010E+03  3.2569E-01  3.9319E-02
  2.5031E+03  3.2561E-01  3.9344E-02
  2.5051E+03  3.2552E-01  3.9370E-02
  2.5072E+03  3.2544E-01  3.9396E-02
  2.5092E+03  3.2536E-01  3.9422E-02
  2.5112E+03  3.2528E-01  3.9447E-02
  2.5133E+03  3.2519E-01  3.9473E-02
  2.5153E+03  3.2511E-01  3.9498E-02
  2.5174E+03  3.2503E-01  3.9524E-02
  2.5194E+03  3.2494E-01  3.9550E-02
  2.5214E+03  3.2486E-01  3.9575E-02
  2.5235E+03  3.2477E-01  3.9601E-02
  2.5255E+03  3.2469E-01  3.9627E-02
  2.5276E+03  3.2460E-01  3.9652E-02
  2.5296E+03  3.2452E-01  3.9678E-02
  2.5316E+03  3.2444E-01  3.9703E-02
  2.5337E+03  3.2435E-01  3.9729E-02
  2.5357E+03  3.2427E-01  3.9755E-02
  2.5378E+03  3.2419E-01  3.9780E-02
  2.5398E+03  3.2411E-01  3.9806E-02
  2.5418E+03  3.2403E-01  3.9831E-02
  2.5439E+03  3.2394E-01  3.9857E-02
  2.5459E+03  3.2386E-01  3.9882E-02
  2.5480E+03  3.2378E-01  3.9908E-02
  2.5500E+03  3.2370E-01  3.9933E-02
  2.5520E+03  3.2361E-01  3.9959E-02
  2.5541E+03  3.2353E-01  3.9984E-02
  2.5561E+03  3.2345E-01  4.0010E-02
  2.5582E+03  3.2336E-01  4.0035E-02
  2.5602E+03  3.2328E-01  4.0061E-02
  2.5622E+03  3.2320E-01  4.0086E-02
  2.5643E+03  3.2311E-01  4.0112E-02
  2.5663E+03  3.2303E-01  4.0137E-02
  2.5684E+03  3.2295E-01  4.0163E-02
  2.5704E+03  3.2287E-01  4.0188E-02
  2.5724E+03  3.2279E-01  4.0214E-02
  2.5745E+03  3.2271E-01  4.0239E-02
  2.5765E+03  3.2263E-01  4.0265E-02
  2.5786E+03  3.2254E-01  4.0290E-02
  2.5806E+03  3.2246E-01  4.0316E-02
  2.5826E+03  3.2238E-01  4.0341E-02
  2.5847E+03  3.2230E-01  4.0366E-02
  2.5867E+03  3.2221E-01  4.0392E-02
  2.5888E+03  3.2213E-01  4.0417E-02
  2.5908E+03  3.2205E-01  4.0443E-02
  2.5928E+03  3.2197E-01  4.0468E-02
  2.5949E+03  3.2189E-01  4.0493E-02
  2.5969E+03  3.2181E-01  4.0519E-02
  2.5990E+03  3.2172E-01  4.0544E-02
  2.6010E+03  3.2164E-01  4.0570E-02
  2.6030E+03  3.2156E-01  4.0595E-02
  2.6051E+03  3.2148E-01  4.0620E-02
  2.6071E+03  3.2140E-01  4.0646E-02
  2.6092E+03  3.2132E-01  4.0671E-02
  2.6112E+03  3.2124E-01  4.0696E-02
  2.6132E+03  3.2115E-01  4.0722E-02
  2.6153E+03  3.2107E-01  4.0747E-02
  2.6173E+03  3.2099E-01  4.0772E-02
  2.6194E+03  3.2091E-01  4.0798E-02
  2.6214E+03  3.2083E-01  4.0823E-02
  2.6234E+03  3.2075E-01  4.0848E-02
  2.6255E+03  3.2067E-01  4.0873E-02
  2.6275E+03  3.2059E-01  4.0899E-02
  2.6296E+03  3.2051E-01  4.0924E-02
  2.6316E+03  3.2043E-01  4.0949E-02
  2.6336E+03  3.2034E-01  4.0974E-02
  2.6357E+03  3.2026E-01  4.1000E-02
  2.6377E+03  3.2018E-01  4.1025E-02
  2.6398E+03  3.2010E-01  4.1050E-02
  2.6418E+03  3.2002E-01  4.1075E-02
  2.6438E+03  3.1994E-01  4.1101E-02
  2.6459E+03  3.1986E-01  4.1126E-02
  2.6479E+03  3.1978E-01  4.1151E-02
  2.6500E+03  3.1970E-01  4.1176E-02
  2.6520E+03  3.1962E-01  4.1201E-02
  2.6540E+03  3.1954E-01  4.1227E-02
  2.6561E+03  3.1946E-01  4.1252E-02
  2.6581E+03  3.1938E-01  4.1277E-02
  2.6602E+03  3.1930E-01  4.1302E-02
  2.6622E+03  3.1922E-01  4.1327E-02
  2.6642E+03  3.1914E-01  4.1352E-02
  2.6663E+03  3.1906E-01  4.1378E-02
  2.6683E+03  3.1898E-01  4.1403E-02
  2.6704E+03  3.1889E-01  4.1428E-02
  2.6724E+03  3.1882E-01  4.1453E-02
  2.6744E+03  3.1874E-01  4.1478E-02
  2.6765E+03  3.1866E-01  4.1503E-02
  2.6785E+03  3.1858E-01  4.1528E-02
  2.6806E+03  3.1850E-01  4.1553E-02
  2.6826E+03  3.1842E-01  4.1578E-02
  2.6846E+03  3.1834E-01  4.1604E-02
  2.6867E+03  3.1826E-01  4.1629E-02
  2.6887E+03  3.1818E-01  4.1654E-02
  2.6908E+03  3.1810E-01  4.1679E-02
  2.6928E+03  3.1802E-01  4.1704E-02
  2.6948E+03  3.1794E-01  4.1729E-02
  2.6969E+03  3.1786E-01  4.1754E-02
  2.6989E+03  3.1778E-01  4.1779E-02
  2.7010E+03  3.1770E-01  4.1804E-02
  2.7030E+03  3.1762E-01  4.1829E-02
  2.7050E+03  3.1754E-01  4.1854E-02
  2.7071E+03  3.1746E-01  4.1879E-02
  2.7091E+03  3.1739E-01  4.1904E-02
  2.7112E+03  3.1731E-01  4.1929E-02
  2.7132E+03  3.1723E-01  4.1954E-02
  2.7152E+03  3.1715E-01  4.1979E-02
  2.7173E+03  3.1707E-01  4.2004E-02
  2.7193E+03  3.1699E-01  4.2029E-02
  2.7214E+03  3.1691E-01  4.2054E-02
  2.7234E+03  3.1683E-01  4.2079E-02
  2.7254E+03  3.1675E-01  4.2104E-02
  2.7275E+03  3.1667E-01  4.2129E-02
  2.7295E+03  3.1659E-01  4.2154E-02
  2.7316E+03  3.1652E-01  4.2178E-02
  2.7336E+03  3.1644E-01  4.2203E-02
  2.7356E+03  3.1636E-01  4.2228E-02
  2.7377E+03  3.1628E-01  4.2253E-02
  2.7397E+03  3.1620E-01  4.2278E-02
  2.7418E+03  3.1612E-01  4.2303E-02
  2.7438E+03  3.1605E-01  4.2328E-02
  2.7458E+03  3.1597E-01  4.2353E-02
  2.7479E+03  3.1589E-01  4.2378E-02
  2.7499E+03  3.1581E-01  4.2402E-02
  2.7520E+03  3.1573E-01  4.2427E-02
  2.7540E+03  3.1565E-01  4.2452E-02
  2.7560E+03  3.1557E-01  4.2477E-02
  2.7581E+03  3.1549E-01  4.2502E-02
  2.7601E+03  3.1542E-01  4.2527E-02
  2.7622E+03  3.1534E-01  4.2551E-02
  2.7642E+03  3.1526E-01  4.2576E-02
  2.7662E+03  3.1518E-01  4.2601E-02
  2.7683E+03  3.1511E-01  4.2626E-02
  2.7703E+03  3.1503E-01  4.2651E-02
  2.7724E+03  3.1495E-01  4.2675E-02
  2.7744E+03  3.1487E-01  4.2700E-02
  2.7764E+03  3.1479E-01  4.2725E-02
  2.7785E+03  3.1471E-01  4.2750E-02
  2.7805E+03  3.1463E-01  4.2775E-02
  2.7826E+03  3.1456E-01  4.2799E-02
  2.7846E+03  3.1448E-01  4.2824E-02
  2.7866E+03  3.1440E-01  4.2849E-02
  2.7887E+03  3.1433E-01  4.2873E-02
  2.7907E+03  3.1425E-01  4.2898E-02
  2.7928E+03  3.1417E-01  4.2923E-02
  2.7948E+03  3.1410E-01  4.2948E-02
  2.7968E+03  3.1402E-01  4.2972E-02
  2.7989E+03  3.1394E-01  4.2997E-02
  2.8009E+03  3.1386E-01  4.3022E-02
  2.8030E+03  3.1378E-01  4.3046E-02
  2.8050E+03  3.1371E-01  4.3071E-02
  2.8070E+03  3.1363E-01  4.3096E-02
  2.8091E+03  3.1355E-01  4.3120E-02
  2.8111E+03  3.1347E-01  4.3145E-02
  2.8132E+03  3.1340E-01  4.3170E-02
  2.8152E+03  3.1332E-01  4.3194E-02
  2.8172E+03  3.1324E-01  4.3219E-02
  2.8193E+03  3.1317E-01  4.3244E-02
  2.8213E+03  3.1309E-01  4.3268E-02
  2.8234E+03  3.1301E-01  4.3293E-02
  2.8254E+03  3.1294E-01  4.3317E-02
  2.8274E+03  3.1286E-01  4.3342E-02
  2.8295E+03  3.1278E-01  4.3367E-02
  2.8315E+03  3.1271E-01  4.3391E-02
  2.8336E+03  3.1263E-01  4.3416E-02
  2.8356E+03  3.1255E-01  4.3440E-02
  2.8376E+03  3.1247E-01  4.3465E-02
  2.8397E+03  3.1240E-01  4.3489E-02
  2.8417E+03  3.1232E-01  4.3514E-02
  2.8438E+03  3.1224E-01  4.3538E-02
  2.8458E+03  3.1217E-01  4.3563E-02
  2.8478E+03  3.1209E-01  4.3587E-02
  2.8499E+03  3.1202E-01  4.3612E-02
  2.8519E+03  3.1194E-01  4.3636E-02
  2.8540E+03  3.1187E-01  4.3661E-02
  2.8560E+03  3.1179E-01  4.3685E-02
  2.8580E+03  3.1171E-01  4.3710E-02
  2.8601E+03  3.1164E-01  4.3734E-02
  2.8621E+03  3.1156E-01  4.3759E-02
  2.8642E+03  3.1148E-01  4.3783E-02
  2.8662E+03  3.1141E-01  4.3808E-02
  2.8682E+03  3.1133E-01  4.3832E-02
  2.8703E+03  3.1125E-01  4.3857E-02
  2.8723E+03  3.1118E-01  4.3881E-02
  2.8744E+03  3.1110E-01  4.3906E-02
  2.8764E+03  3.1103E-01  4.3930E-02
  2.8784E+03  3.1095E-01  4.3954E-02
  2.8805E+03  3.1088E-01  4.3979E-02
  2.8825E+03  3.1080E-01  4.4003E-02
  2.8846E+03  3.1073E-01  4.4028E-02
  2.8866E+03  3.1065E-01  4.4052E-02
  2.8886E+03  3.1057E-01  4.4076E-02
  2.8907E+03  3.1050E-01  4.4101E-02
  2.8927E+03  3.1042E-01  4.4125E-02
  2.8948E+03  3.1034E-01  4.4150E-02
  2.8968E+03  3.1027E-01  4.4174E-02
  2.8988E+03  3.1019E-01  4.4198E-02
  2.9009E+03  3.1012E-01  4.4223E-02
  2.9029E+03  3.1004E-01  4.4247E-02
  2.9050E+03  3.0997E-01  4.4271E-02
  2.9070E+03  3.0989E-01  4.4296E-02
  2.9090E+03  3.0982E-01  4.4320E-02
  2.9111E+03  3.0974E-01  4.4344E-02
  2.9131E+03  3.0967E-01  4.4369E-02
  2.9152E+03  3.0959E-01  4.4393E-02
  2.9172E+03  3.0952E-01  4.4417E-02
  2.9192E+03  3.0944E-01  4.4441E-02
  2.9213E+03  3.0937E-01  4.4466E-02
  2.9233E+03  3.0929E-01  4.4490E-02
  2.9254E+03  3.0922E-01  4.4514E-02
  2.9274E+03  3.0914E-01  4.4538E-02
  2.9294E+03  3.0907E-01  4.4563E-02
  2.9315E+03  3.0899E-01  4.4587E-02
  2.9335E+03  3.0892E-01  4.4611E-02
  2.9356E+03  3.0884E-01  4.4635E-02
  2.9376E+03  3.0877E-01  4.4660E-02
  2.9396E+03  3.0869E-01  4.4684E-02
  2.9417E+03  3.0862E-01  4.4708E-02
  2.9437E+03  3.0854E-01  4.4732E-02
  2.9458E+03  3.0847E-01  4.4756E-02
  2.9478E+03  3.0840E-01  4.4781E-02
  2.9498E+03  3.0832E-01  4.4805E-02
  2.9519E+03  3.0825E-01  4.4829E-02
  2.9539E+03  3.0817E-01  4.4853E-02
  2.9560E+03  3.0810E-01  4.4877E-02
  2.9580E+03  3.0802E-01  4.4901E-02
  2.9600E+03  3.0795E-01  4.4925E-02
  2.9621E+03  3.0787E-01  4.4950E-02
  2.9641E+03  3.0780E-01  4.4974E-02
  2.9662E+03  3.0773E-01  4.4998E-02
  2.9682E+03  3.0765E-01  4.5022E-02
  2.9702E+03  3.0758E-01  4.5046E-02
  2.9723E+03  3.0750E-01  4.5070E-02
  2.9743E+03  3.0743E-01  4.5094E-02
  2.9764E+03  3.0736E-01  4.5118E-02
  2.9784E+03  3.0728E-01  4.5142E-02
  2.9804E+03  3.0721E-01  4.5166E-02
  2.9825E+03  3.0713E-01  4.5191E-02
  2.9845E+03  3.0706E-01  4.5215E-02
  2.9866E+03  3.0699E-01  4.5239E-02
  2.9886E+03  3.0691E-01  4.5263E-02
  2.9906E+03  3.0684E-01  4.5287E-02
  2.9927E+03  3.0677E-01  4.5311E-02
  2.9947E+03  3.0669E-01  4.5335E-02
  2.9968E+03  3.0662E-01  4.5359E-02
  2.9988E+03  3.0655E-01  4.5383E-02
  3.0000E+03  3.0650E-01  4.5397E-02
