# CREATED BY GENE DIAGNOSTICS TOOL on Wed Dec 16 18:34:26 2020
# diag: timetrace, run(s): 0029, time window: 0-3000(1465 steps), species: ions
# original data path: /marconi_scratch/userexternal/cmoreno0/GAM_HP_scan/scanfiles0002/
# normalization: L_ref=1.65m
#
#  t          Re[phi]     Im[phi]   
  0.0000E+00  9.9997E-01  0.0000E+00
  2.0500E+00  9.2612E-01  1.6628E-04
  4.1000E+00  8.1902E-01  2.6610E-04
  6.1500E+00  7.5949E-01  3.4893E-04
  8.2000E+00  7.2343E-01  4.3911E-04
  1.0250E+01  6.8578E-01  5.0684E-04
  1.2300E+01  6.4886E-01  5.4761E-04
  1.4350E+01  6.1923E-01  5.7174E-04
  1.6400E+01  5.9764E-01  5.8749E-04
  1.8450E+01  5.8281E-01  6.0333E-04
  2.0500E+01  5.7405E-01  6.2904E-04
  2.2550E+01  5.7097E-01  6.7113E-04
  2.4600E+01  5.7268E-01  7.3213E-04
  2.6650E+01  5.7788E-01  8.0889E-04
  2.8700E+01  5.8499E-01  8.9739E-04
  3.0750E+01  5.9263E-01  9.9021E-04
  3.2800E+01  5.9969E-01  1.0816E-03
  3.4850E+01  6.0524E-01  1.1664E-03
  3.6900E+01  6.0888E-01  1.2419E-03
  3.8950E+01  6.1126E-01  1.3112E-03
  4.1000E+01  6.1083E-01  1.3687E-03
  4.3050E+01  6.0957E-01  1.4233E-03
  4.5100E+01  6.0755E-01  1.4747E-03
  4.7150E+01  6.0431E-01  1.5231E-03
  4.9200E+01  6.0075E-01  1.5723E-03
  5.1250E+01  5.9734E-01  1.6227E-03
  5.3300E+01  5.9406E-01  1.6753E-03
  5.5350E+01  5.9102E-01  1.7299E-03
  5.7400E+01  5.8843E-01  1.7877E-03
  5.9450E+01  5.8617E-01  1.8483E-03
  6.1500E+01  5.8418E-01  1.9089E-03
  6.3550E+01  5.8275E-01  1.9737E-03
  6.5600E+01  5.8124E-01  2.0367E-03
  6.7650E+01  5.8000E-01  2.0992E-03
  6.9700E+01  5.7930E-01  2.1645E-03
  7.1750E+01  5.7849E-01  2.2275E-03
  7.3800E+01  5.7765E-01  2.2877E-03
  7.5850E+01  5.7733E-01  2.3531E-03
  7.7900E+01  5.7679E-01  2.4199E-03
  7.9950E+01  5.7518E-01  2.4771E-03
  8.2000E+01  5.7361E-01  2.5319E-03
  8.4050E+01  5.7293E-01  2.5921E-03
  8.6100E+01  5.7263E-01  2.6536E-03
  8.8150E+01  5.7212E-01  2.7129E-03
  9.0200E+01  5.7137E-01  2.7709E-03
  9.2250E+01  5.7062E-01  2.8294E-03
  9.4300E+01  5.6996E-01  2.8882E-03
  9.6350E+01  5.6932E-01  2.9469E-03
  9.8400E+01  5.6867E-01  3.0051E-03
  1.0045E+02  5.6801E-01  3.0627E-03
  1.0250E+02  5.6731E-01  3.1197E-03
  1.0455E+02  5.6657E-01  3.1766E-03
  1.0660E+02  5.6579E-01  3.2334E-03
  1.0865E+02  5.6498E-01  3.2903E-03
  1.1070E+02  5.6415E-01  3.3471E-03
  1.1275E+02  5.6331E-01  3.4038E-03
  1.1480E+02  5.6245E-01  3.4604E-03
  1.1685E+02  5.6156E-01  3.5164E-03
  1.1890E+02  5.6065E-01  3.5719E-03
  1.2095E+02  5.5971E-01  3.6272E-03
  1.2300E+02  5.5876E-01  3.6830E-03
  1.2505E+02  5.5779E-01  3.7392E-03
  1.2710E+02  5.5683E-01  3.7955E-03
  1.2915E+02  5.5587E-01  3.8511E-03
  1.3120E+02  5.5492E-01  3.9058E-03
  1.3325E+02  5.5398E-01  3.9598E-03
  1.3530E+02  5.5305E-01  4.0134E-03
  1.3735E+02  5.5213E-01  4.0674E-03
  1.3940E+02  5.5124E-01  4.1223E-03
  1.4145E+02  5.5041E-01  4.1778E-03
  1.4350E+02  5.4960E-01  4.2332E-03
  1.4555E+02  5.4880E-01  4.2881E-03
  1.4760E+02  5.4797E-01  4.3424E-03
  1.4965E+02  5.4712E-01  4.3959E-03
  1.5170E+02  5.4628E-01  4.4488E-03
  1.5375E+02  5.4549E-01  4.5021E-03
  1.5580E+02  5.4475E-01  4.5562E-03
  1.5785E+02  5.4404E-01  4.6105E-03
  1.5990E+02  5.4334E-01  4.6649E-03
  1.6195E+02  5.4264E-01  4.7195E-03
  1.6400E+02  5.4194E-01  4.7739E-03
  1.6605E+02  5.4124E-01  4.8276E-03
  1.6810E+02  5.4054E-01  4.8803E-03
  1.7015E+02  5.3986E-01  4.9323E-03
  1.7220E+02  5.3919E-01  4.9845E-03
  1.7425E+02  5.3852E-01  5.0372E-03
  1.7630E+02  5.3785E-01  5.0901E-03
  1.7835E+02  5.3720E-01  5.1433E-03
  1.8040E+02  5.3657E-01  5.1968E-03
  1.8245E+02  5.3595E-01  5.2502E-03
  1.8450E+02  5.3532E-01  5.3026E-03
  1.8655E+02  5.3466E-01  5.3538E-03
  1.8860E+02  5.3396E-01  5.4047E-03
  1.9065E+02  5.3323E-01  5.4559E-03
  1.9270E+02  5.3250E-01  5.5073E-03
  1.9475E+02  5.3180E-01  5.5590E-03
  1.9680E+02  5.3116E-01  5.6110E-03
  1.9885E+02  5.3058E-01  5.6633E-03
  2.0090E+02  5.3005E-01  5.7152E-03
  2.0295E+02  5.2955E-01  5.7661E-03
  2.0500E+02  5.2903E-01  5.8162E-03
  2.0705E+02  5.2849E-01  5.8662E-03
  2.0910E+02  5.2790E-01  5.9161E-03
  2.1115E+02  5.2726E-01  5.9661E-03
  2.1320E+02  5.2658E-01  6.0159E-03
  2.1525E+02  5.2588E-01  6.0659E-03
  2.1730E+02  5.2519E-01  6.1158E-03
  2.1935E+02  5.2453E-01  6.1658E-03
  2.2140E+02  5.2391E-01  6.2161E-03
  2.2345E+02  5.2335E-01  6.2671E-03
  2.2550E+02  5.2284E-01  6.3183E-03
  2.2755E+02  5.2236E-01  6.3695E-03
  2.2960E+02  5.2189E-01  6.4200E-03
  2.3165E+02  5.2142E-01  6.4693E-03
  2.3370E+02  5.2093E-01  6.5167E-03
  2.3575E+02  5.2041E-01  6.5622E-03
  2.3780E+02  5.1987E-01  6.6069E-03
  2.3985E+02  5.1931E-01  6.6521E-03
  2.4190E+02  5.1875E-01  6.6992E-03
  2.4395E+02  5.1818E-01  6.7491E-03
  2.4600E+02  5.1761E-01  6.8022E-03
  2.4805E+02  5.1704E-01  6.8581E-03
  2.5010E+02  5.1648E-01  6.9149E-03
  2.5215E+02  5.1592E-01  6.9704E-03
  2.5420E+02  5.1537E-01  7.0226E-03
  2.5625E+02  5.1483E-01  7.0700E-03
  2.5830E+02  5.1429E-01  7.1117E-03
  2.6035E+02  5.1378E-01  7.1473E-03
  2.6240E+02  5.1328E-01  7.1783E-03
  2.6445E+02  5.1283E-01  7.2078E-03
  2.6650E+02  5.1241E-01  7.2393E-03
  2.6855E+02  5.1202E-01  7.2767E-03
  2.7060E+02  5.1165E-01  7.3229E-03
  2.7265E+02  5.1129E-01  7.3800E-03
  2.7470E+02  5.1092E-01  7.4472E-03
  2.7675E+02  5.1051E-01  7.5216E-03
  2.7880E+02  5.1003E-01  7.5988E-03
  2.8085E+02  5.0947E-01  7.6735E-03
  2.8290E+02  5.0884E-01  7.7407E-03
  2.8495E+02  5.0817E-01  7.7959E-03
  2.8700E+02  5.0750E-01  7.8364E-03
  2.8905E+02  5.0686E-01  7.8626E-03
  2.9110E+02  5.0628E-01  7.8771E-03
  2.9315E+02  5.0577E-01  7.8846E-03
  2.9520E+02  5.0533E-01  7.8911E-03
  2.9725E+02  5.0498E-01  7.9032E-03
  2.9930E+02  5.0469E-01  7.9266E-03
  3.0135E+02  5.0443E-01  7.9647E-03
  3.0340E+02  5.0417E-01  8.0186E-03
  3.0545E+02  5.0385E-01  8.0868E-03
  3.0750E+02  5.0345E-01  8.1655E-03
  3.0955E+02  5.0297E-01  8.2493E-03
  3.1160E+02  5.0241E-01  8.3318E-03
  3.1365E+02  5.0180E-01  8.4073E-03
  3.1570E+02  5.0118E-01  8.4716E-03
  3.1775E+02  5.0056E-01  8.5224E-03
  3.1980E+02  5.0000E-01  8.5598E-03
  3.2185E+02  4.9951E-01  8.5861E-03
  3.2390E+02  4.9911E-01  8.6051E-03
  3.2595E+02  4.9879E-01  8.6211E-03
  3.2800E+02  4.9853E-01  8.6383E-03
  3.3005E+02  4.9828E-01  8.6605E-03
  3.3210E+02  4.9797E-01  8.6898E-03
  3.3415E+02  4.9759E-01  8.7272E-03
  3.3620E+02  4.9713E-01  8.7726E-03
  3.3825E+02  4.9659E-01  8.8247E-03
  3.4030E+02  4.9603E-01  8.8819E-03
  3.4235E+02  4.9546E-01  8.9414E-03
  3.4440E+02  4.9493E-01  9.0006E-03
  3.4645E+02  4.9446E-01  9.0572E-03
  3.4850E+02  4.9406E-01  9.1100E-03
  3.5055E+02  4.9374E-01  9.1578E-03
  3.5260E+02  4.9348E-01  9.2009E-03
  3.5465E+02  4.9327E-01  9.2401E-03
  3.5670E+02  4.9307E-01  9.2770E-03
  3.5875E+02  4.9284E-01  9.3127E-03
  3.6080E+02  4.9255E-01  9.3484E-03
  3.6285E+02  4.9217E-01  9.3849E-03
  3.6490E+02  4.9170E-01  9.4227E-03
  3.6695E+02  4.9114E-01  9.4621E-03
  3.6900E+02  4.9052E-01  9.5030E-03
  3.7105E+02  4.8987E-01  9.5451E-03
  3.7310E+02  4.8923E-01  9.5884E-03
  3.7515E+02  4.8863E-01  9.6327E-03
  3.7720E+02  4.8809E-01  9.6776E-03
  3.7925E+02  4.8765E-01  9.7222E-03
  3.8130E+02  4.8730E-01  9.7663E-03
  3.8335E+02  4.8706E-01  9.8094E-03
  3.8540E+02  4.8689E-01  9.8512E-03
  3.8745E+02  4.8676E-01  9.8920E-03
  3.8950E+02  4.8664E-01  9.9320E-03
  3.9155E+02  4.8649E-01  9.9718E-03
  3.9360E+02  4.8627E-01  1.0012E-02
  3.9565E+02  4.8596E-01  1.0051E-02
  3.9770E+02  4.8556E-01  1.0092E-02
  3.9975E+02  4.8508E-01  1.0132E-02
  4.0180E+02  4.8453E-01  1.0173E-02
  4.0385E+02  4.8395E-01  1.0213E-02
  4.0590E+02  4.8336E-01  1.0254E-02
  4.0795E+02  4.8280E-01  1.0295E-02
  4.1000E+02  4.8227E-01  1.0335E-02
  4.1205E+02  4.8180E-01  1.0376E-02
  4.1410E+02  4.8139E-01  1.0417E-02
  4.1615E+02  4.8103E-01  1.0457E-02
  4.1820E+02  4.8071E-01  1.0497E-02
  4.2025E+02  4.8043E-01  1.0537E-02
  4.2230E+02  4.8016E-01  1.0577E-02
  4.2435E+02  4.7991E-01  1.0617E-02
  4.2640E+02  4.7966E-01  1.0656E-02
  4.2845E+02  4.7940E-01  1.0694E-02
  4.3050E+02  4.7913E-01  1.0733E-02
  4.3255E+02  4.7885E-01  1.0773E-02
  4.3460E+02  4.7855E-01  1.0812E-02
  4.3665E+02  4.7824E-01  1.0851E-02
  4.3870E+02  4.7790E-01  1.0890E-02
  4.4075E+02  4.7755E-01  1.0930E-02
  4.4280E+02  4.7716E-01  1.0969E-02
  4.4485E+02  4.7676E-01  1.1008E-02
  4.4690E+02  4.7635E-01  1.1047E-02
  4.4895E+02  4.7594E-01  1.1086E-02
  4.5100E+02  4.7552E-01  1.1125E-02
  4.5305E+02  4.7511E-01  1.1163E-02
  4.5510E+02  4.7472E-01  1.1201E-02
  4.5715E+02  4.7434E-01  1.1239E-02
  4.5920E+02  4.7400E-01  1.1277E-02
  4.6125E+02  4.7369E-01  1.1315E-02
  4.6330E+02  4.7340E-01  1.1354E-02
  4.6535E+02  4.7312E-01  1.1392E-02
  4.6740E+02  4.7285E-01  1.1430E-02
  4.6945E+02  4.7258E-01  1.1469E-02
  4.7150E+02  4.7231E-01  1.1507E-02
  4.7355E+02  4.7204E-01  1.1544E-02
  4.7560E+02  4.7176E-01  1.1581E-02
  4.7765E+02  4.7146E-01  1.1618E-02
  4.7970E+02  4.7115E-01  1.1655E-02
  4.8175E+02  4.7082E-01  1.1692E-02
  4.8380E+02  4.7049E-01  1.1730E-02
  4.8585E+02  4.7015E-01  1.1768E-02
  4.8790E+02  4.6982E-01  1.1806E-02
  4.8995E+02  4.6948E-01  1.1845E-02
  4.9200E+02  4.6914E-01  1.1883E-02
  4.9405E+02  4.6880E-01  1.1921E-02
  4.9610E+02  4.6846E-01  1.1957E-02
  4.9815E+02  4.6814E-01  1.1993E-02
  5.0020E+02  4.6782E-01  1.2028E-02
  5.0225E+02  4.6752E-01  1.2062E-02
  5.0430E+02  4.6722E-01  1.2097E-02
  5.0635E+02  4.6691E-01  1.2133E-02
  5.0840E+02  4.6661E-01  1.2170E-02
  5.1045E+02  4.6631E-01  1.2209E-02
  5.1250E+02  4.6601E-01  1.2248E-02
  5.1455E+02  4.6573E-01  1.2288E-02
  5.1660E+02  4.6544E-01  1.2327E-02
  5.1865E+02  4.6516E-01  1.2365E-02
  5.2070E+02  4.6487E-01  1.2401E-02
  5.2275E+02  4.6457E-01  1.2435E-02
  5.2480E+02  4.6426E-01  1.2467E-02
  5.2685E+02  4.6395E-01  1.2498E-02
  5.2890E+02  4.6364E-01  1.2529E-02
  5.3095E+02  4.6334E-01  1.2562E-02
  5.3300E+02  4.6305E-01  1.2597E-02
  5.3505E+02  4.6276E-01  1.2635E-02
  5.3710E+02  4.6247E-01  1.2676E-02
  5.3915E+02  4.6218E-01  1.2719E-02
  5.4120E+02  4.6188E-01  1.2761E-02
  5.4325E+02  4.6157E-01  1.2801E-02
  5.4530E+02  4.6127E-01  1.2839E-02
  5.4735E+02  4.6096E-01  1.2872E-02
  5.4940E+02  4.6066E-01  1.2901E-02
  5.5145E+02  4.6036E-01  1.2928E-02
  5.5350E+02  4.6008E-01  1.2953E-02
  5.5555E+02  4.5980E-01  1.2980E-02
  5.5760E+02  4.5953E-01  1.3009E-02
  5.5965E+02  4.5926E-01  1.3043E-02
  5.6170E+02  4.5898E-01  1.3083E-02
  5.6375E+02  4.5870E-01  1.3127E-02
  5.6580E+02  4.5841E-01  1.3174E-02
  5.6785E+02  4.5811E-01  1.3223E-02
  5.6990E+02  4.5780E-01  1.3269E-02
  5.7195E+02  4.5750E-01  1.3311E-02
  5.7400E+02  4.5720E-01  1.3347E-02
  5.7605E+02  4.5691E-01  1.3376E-02
  5.7810E+02  4.5663E-01  1.3399E-02
  5.8015E+02  4.5636E-01  1.3417E-02
  5.8220E+02  4.5609E-01  1.3435E-02
  5.8425E+02  4.5583E-01  1.3454E-02
  5.8630E+02  4.5557E-01  1.3478E-02
  5.8835E+02  4.5529E-01  1.3508E-02
  5.9040E+02  4.5500E-01  1.3546E-02
  5.9245E+02  4.5471E-01  1.3590E-02
  5.9450E+02  4.5441E-01  1.3639E-02
  5.9655E+02  4.5411E-01  1.3690E-02
  5.9860E+02  4.5381E-01  1.3741E-02
  6.0065E+02  4.5352E-01  1.3788E-02
  6.0270E+02  4.5325E-01  1.3830E-02
  6.0475E+02  4.5299E-01  1.3866E-02
  6.0680E+02  4.5275E-01  1.3894E-02
  6.0885E+02  4.5251E-01  1.3917E-02
  6.1090E+02  4.5228E-01  1.3936E-02
  6.1295E+02  4.5203E-01  1.3954E-02
  6.1500E+02  4.5177E-01  1.3973E-02
  6.1705E+02  4.5149E-01  1.3995E-02
  6.1910E+02  4.5120E-01  1.4022E-02
  6.2115E+02  4.5090E-01  1.4055E-02
  6.2320E+02  4.5059E-01  1.4093E-02
  6.2525E+02  4.5029E-01  1.4135E-02
  6.2730E+02  4.5001E-01  1.4179E-02
  6.2935E+02  4.4975E-01  1.4223E-02
  6.3140E+02  4.4951E-01  1.4267E-02
  6.3345E+02  4.4929E-01  1.4308E-02
  6.3550E+02  4.4907E-01  1.4346E-02
  6.3755E+02  4.4886E-01  1.4380E-02
  6.3960E+02  4.4863E-01  1.4410E-02
  6.4165E+02  4.4838E-01  1.4437E-02
  6.4370E+02  4.4811E-01  1.4463E-02
  6.4575E+02  4.4782E-01  1.4488E-02
  6.4780E+02  4.4752E-01  1.4514E-02
  6.4985E+02  4.4722E-01  1.4541E-02
  6.5190E+02  4.4692E-01  1.4570E-02
  6.5395E+02  4.4664E-01  1.4602E-02
  6.5600E+02  4.4639E-01  1.4636E-02
  6.5805E+02  4.4619E-01  1.4671E-02
  6.6010E+02  4.4601E-01  1.4707E-02
  6.6215E+02  4.4586E-01  1.4743E-02
  6.6420E+02  4.4571E-01  1.4780E-02
  6.6625E+02  4.4554E-01  1.4815E-02
  6.6830E+02  4.4533E-01  1.4850E-02
  6.7035E+02  4.4507E-01  1.4883E-02
  6.7240E+02  4.4477E-01  1.4915E-02
  6.7445E+02  4.4444E-01  1.4946E-02
  6.7650E+02  4.4408E-01  1.4976E-02
  6.7855E+02  4.4371E-01  1.5006E-02
  6.8060E+02  4.4337E-01  1.5035E-02
  6.8265E+02  4.4306E-01  1.5065E-02
  6.8470E+02  4.4281E-01  1.5096E-02
  6.8675E+02  4.4261E-01  1.5128E-02
  6.8880E+02  4.4246E-01  1.5160E-02
  6.9085E+02  4.4234E-01  1.5192E-02
  6.9290E+02  4.4224E-01  1.5224E-02
  6.9495E+02  4.4213E-01  1.5257E-02
  6.9700E+02  4.4199E-01  1.5289E-02
  6.9905E+02  4.4180E-01  1.5322E-02
  7.0110E+02  4.4156E-01  1.5354E-02
  7.0315E+02  4.4127E-01  1.5386E-02
  7.0520E+02  4.4095E-01  1.5418E-02
  7.0725E+02  4.4061E-01  1.5450E-02
  7.0930E+02  4.4027E-01  1.5481E-02
  7.1135E+02  4.3994E-01  1.5511E-02
  7.1340E+02  4.3964E-01  1.5542E-02
  7.1545E+02  4.3938E-01  1.5572E-02
  7.1750E+02  4.3916E-01  1.5603E-02
  7.1955E+02  4.3897E-01  1.5634E-02
  7.2160E+02  4.3881E-01  1.5665E-02
  7.2365E+02  4.3865E-01  1.5697E-02
  7.2570E+02  4.3849E-01  1.5728E-02
  7.2775E+02  4.3831E-01  1.5760E-02
  7.2980E+02  4.3810E-01  1.5791E-02
  7.3185E+02  4.3786E-01  1.5822E-02
  7.3390E+02  4.3760E-01  1.5853E-02
  7.3595E+02  4.3732E-01  1.5884E-02
  7.3800E+02  4.3704E-01  1.5915E-02
  7.4005E+02  4.3677E-01  1.5946E-02
  7.4210E+02  4.3651E-01  1.5977E-02
  7.4415E+02  4.3627E-01  1.6007E-02
  7.4620E+02  4.3606E-01  1.6037E-02
  7.4825E+02  4.3586E-01  1.6068E-02
  7.5030E+02  4.3567E-01  1.6099E-02
  7.5235E+02  4.3548E-01  1.6130E-02
  7.5440E+02  4.3529E-01  1.6161E-02
  7.5645E+02  4.3509E-01  1.6192E-02
  7.5850E+02  4.3487E-01  1.6223E-02
  7.6055E+02  4.3464E-01  1.6253E-02
  7.6260E+02  4.3439E-01  1.6283E-02
  7.6465E+02  4.3413E-01  1.6312E-02
  7.6670E+02  4.3387E-01  1.6342E-02
  7.6875E+02  4.3360E-01  1.6373E-02
  7.7080E+02  4.3334E-01  1.6403E-02
  7.7285E+02  4.3309E-01  1.6434E-02
  7.7490E+02  4.3285E-01  1.6465E-02
  7.7695E+02  4.3262E-01  1.6496E-02
  7.7900E+02  4.3241E-01  1.6527E-02
  7.8105E+02  4.3221E-01  1.6557E-02
  7.8310E+02  4.3202E-01  1.6587E-02
  7.8515E+02  4.3183E-01  1.6617E-02
  7.8720E+02  4.3164E-01  1.6646E-02
  7.8925E+02  4.3145E-01  1.6675E-02
  7.9130E+02  4.3126E-01  1.6704E-02
  7.9335E+02  4.3106E-01  1.6734E-02
  7.9540E+02  4.3086E-01  1.6764E-02
  7.9745E+02  4.3064E-01  1.6794E-02
  7.9950E+02  4.3042E-01  1.6826E-02
  8.0155E+02  4.3018E-01  1.6857E-02
  8.0360E+02  4.2994E-01  1.6888E-02
  8.0565E+02  4.2970E-01  1.6919E-02
  8.0770E+02  4.2947E-01  1.6949E-02
  8.0975E+02  4.2923E-01  1.6978E-02
  8.1180E+02  4.2900E-01  1.7006E-02
  8.1385E+02  4.2877E-01  1.7034E-02
  8.1590E+02  4.2855E-01  1.7062E-02
  8.1795E+02  4.2834E-01  1.7090E-02
  8.2000E+02  4.2813E-01  1.7119E-02
  8.2205E+02  4.2794E-01  1.7149E-02
  8.2410E+02  4.2774E-01  1.7180E-02
  8.2615E+02  4.2754E-01  1.7212E-02
  8.2820E+02  4.2735E-01  1.7244E-02
  8.3025E+02  4.2715E-01  1.7275E-02
  8.3230E+02  4.2695E-01  1.7306E-02
  8.3435E+02  4.2676E-01  1.7336E-02
  8.3640E+02  4.2656E-01  1.7364E-02
  8.3845E+02  4.2636E-01  1.7392E-02
  8.4050E+02  4.2615E-01  1.7418E-02
  8.4255E+02  4.2595E-01  1.7445E-02
  8.4460E+02  4.2574E-01  1.7471E-02
  8.4665E+02  4.2553E-01  1.7499E-02
  8.4870E+02  4.2532E-01  1.7529E-02
  8.5075E+02  4.2510E-01  1.7560E-02
  8.5280E+02  4.2489E-01  1.7592E-02
  8.5485E+02  4.2467E-01  1.7625E-02
  8.5690E+02  4.2445E-01  1.7658E-02
  8.5895E+02  4.2423E-01  1.7690E-02
  8.6100E+02  4.2402E-01  1.7721E-02
  8.6305E+02  4.2381E-01  1.7749E-02
  8.6510E+02  4.2361E-01  1.7776E-02
  8.6715E+02  4.2342E-01  1.7802E-02
  8.6920E+02  4.2323E-01  1.7827E-02
  8.7125E+02  4.2304E-01  1.7851E-02
  8.7330E+02  4.2285E-01  1.7877E-02
  8.7535E+02  4.2266E-01  1.7904E-02
  8.7740E+02  4.2247E-01  1.7933E-02
  8.7945E+02  4.2227E-01  1.7963E-02
  8.8150E+02  4.2207E-01  1.7996E-02
  8.8355E+02  4.2186E-01  1.8029E-02
  8.8560E+02  4.2165E-01  1.8063E-02
  8.8765E+02  4.2144E-01  1.8097E-02
  8.8970E+02  4.2124E-01  1.8129E-02
  8.9175E+02  4.2104E-01  1.8159E-02
  8.9380E+02  4.2084E-01  1.8186E-02
  8.9585E+02  4.2064E-01  1.8212E-02
  8.9790E+02  4.2045E-01  1.8237E-02
  8.9995E+02  4.2025E-01  1.8261E-02
  9.0200E+02  4.2005E-01  1.8285E-02
  9.0405E+02  4.1984E-01  1.8310E-02
  9.0610E+02  4.1963E-01  1.8336E-02
  9.0815E+02  4.1942E-01  1.8364E-02
  9.1020E+02  4.1921E-01  1.8394E-02
  9.1225E+02  4.1901E-01  1.8426E-02
  9.1430E+02  4.1882E-01  1.8459E-02
  9.1635E+02  4.1863E-01  1.8491E-02
  9.1840E+02  4.1845E-01  1.8524E-02
  9.2045E+02  4.1827E-01  1.8556E-02
  9.2250E+02  4.1810E-01  1.8586E-02
  9.2455E+02  4.1792E-01  1.8615E-02
  9.2660E+02  4.1773E-01  1.8642E-02
  9.2865E+02  4.1754E-01  1.8668E-02
  9.3070E+02  4.1733E-01  1.8693E-02
  9.3275E+02  4.1712E-01  1.8718E-02
  9.3480E+02  4.1690E-01  1.8743E-02
  9.3685E+02  4.1669E-01  1.8770E-02
  9.3890E+02  4.1648E-01  1.8797E-02
  9.4095E+02  4.1629E-01  1.8825E-02
  9.4300E+02  4.1610E-01  1.8854E-02
  9.4505E+02  4.1593E-01  1.8885E-02
  9.4710E+02  4.1576E-01  1.8915E-02
  9.4915E+02  4.1559E-01  1.8946E-02
  9.5120E+02  4.1542E-01  1.8976E-02
  9.5325E+02  4.1524E-01  1.9006E-02
  9.5530E+02  4.1505E-01  1.9035E-02
  9.5735E+02  4.1485E-01  1.9063E-02
  9.5940E+02  4.1464E-01  1.9091E-02
  9.6145E+02  4.1443E-01  1.9118E-02
  9.6350E+02  4.1423E-01  1.9145E-02
  9.6555E+02  4.1403E-01  1.9172E-02
  9.6760E+02  4.1385E-01  1.9199E-02
  9.6965E+02  4.1368E-01  1.9226E-02
  9.7170E+02  4.1351E-01  1.9254E-02
  9.7375E+02  4.1336E-01  1.9281E-02
  9.7580E+02  4.1320E-01  1.9310E-02
  9.7785E+02  4.1303E-01  1.9338E-02
  9.7990E+02  4.1285E-01  1.9367E-02
  9.8195E+02  4.1267E-01  1.9396E-02
  9.8400E+02  4.1246E-01  1.9425E-02
  9.8605E+02  4.1225E-01  1.9454E-02
  9.8810E+02  4.1204E-01  1.9482E-02
  9.9015E+02  4.1184E-01  1.9510E-02
  9.9220E+02  4.1165E-01  1.9538E-02
  9.9425E+02  4.1147E-01  1.9566E-02
  9.9630E+02  4.1132E-01  1.9594E-02
  9.9835E+02  4.1117E-01  1.9621E-02
  1.0004E+03  4.1103E-01  1.9649E-02
  1.0025E+03  4.1088E-01  1.9676E-02
  1.0045E+03  4.1073E-01  1.9704E-02
  1.0066E+03  4.1056E-01  1.9732E-02
  1.0086E+03  4.1037E-01  1.9760E-02
  1.0107E+03  4.1016E-01  1.9788E-02
  1.0127E+03  4.0995E-01  1.9816E-02
  1.0148E+03  4.0973E-01  1.9844E-02
  1.0168E+03  4.0951E-01  1.9872E-02
  1.0189E+03  4.0932E-01  1.9900E-02
  1.0209E+03  4.0914E-01  1.9928E-02
  1.0230E+03  4.0899E-01  1.9955E-02
  1.0250E+03  4.0885E-01  1.9983E-02
  1.0271E+03  4.0873E-01  2.0011E-02
  1.0291E+03  4.0861E-01  2.0039E-02
  1.0312E+03  4.0848E-01  2.0067E-02
  1.0332E+03  4.0833E-01  2.0095E-02
  1.0353E+03  4.0816E-01  2.0122E-02
  1.0373E+03  4.0797E-01  2.0150E-02
  1.0394E+03  4.0776E-01  2.0178E-02
  1.0414E+03  4.0754E-01  2.0205E-02
  1.0435E+03  4.0731E-01  2.0233E-02
  1.0455E+03  4.0709E-01  2.0260E-02
  1.0476E+03  4.0689E-01  2.0288E-02
  1.0496E+03  4.0671E-01  2.0315E-02
  1.0517E+03  4.0655E-01  2.0343E-02
  1.0537E+03  4.0642E-01  2.0371E-02
  1.0558E+03  4.0629E-01  2.0399E-02
  1.0578E+03  4.0618E-01  2.0427E-02
  1.0599E+03  4.0606E-01  2.0455E-02
  1.0619E+03  4.0593E-01  2.0483E-02
  1.0640E+03  4.0578E-01  2.0510E-02
  1.0660E+03  4.0560E-01  2.0538E-02
  1.0681E+03  4.0541E-01  2.0565E-02
  1.0701E+03  4.0521E-01  2.0592E-02
  1.0722E+03  4.0500E-01  2.0619E-02
  1.0742E+03  4.0478E-01  2.0647E-02
  1.0763E+03  4.0458E-01  2.0674E-02
  1.0783E+03  4.0439E-01  2.0702E-02
  1.0804E+03  4.0422E-01  2.0730E-02
  1.0824E+03  4.0406E-01  2.0758E-02
  1.0845E+03  4.0391E-01  2.0785E-02
  1.0865E+03  4.0377E-01  2.0813E-02
  1.0886E+03  4.0364E-01  2.0841E-02
  1.0906E+03  4.0350E-01  2.0868E-02
  1.0927E+03  4.0335E-01  2.0895E-02
  1.0947E+03  4.0319E-01  2.0923E-02
  1.0968E+03  4.0302E-01  2.0950E-02
  1.0988E+03  4.0285E-01  2.0977E-02
  1.1009E+03  4.0267E-01  2.1005E-02
  1.1029E+03  4.0248E-01  2.1032E-02
  1.1050E+03  4.0230E-01  2.1059E-02
  1.1070E+03  4.0213E-01  2.1087E-02
  1.1091E+03  4.0195E-01  2.1115E-02
  1.1111E+03  4.0179E-01  2.1142E-02
  1.1132E+03  4.0163E-01  2.1170E-02
  1.1152E+03  4.0147E-01  2.1198E-02
  1.1173E+03  4.0131E-01  2.1225E-02
  1.1193E+03  4.0115E-01  2.1252E-02
  1.1214E+03  4.0099E-01  2.1279E-02
  1.1234E+03  4.0082E-01  2.1307E-02
  1.1255E+03  4.0066E-01  2.1334E-02
  1.1275E+03  4.0049E-01  2.1361E-02
  1.1296E+03  4.0032E-01  2.1388E-02
  1.1316E+03  4.0016E-01  2.1415E-02
  1.1337E+03  3.9999E-01  2.1443E-02
  1.1357E+03  3.9982E-01  2.1470E-02
  1.1378E+03  3.9965E-01  2.1498E-02
  1.1398E+03  3.9949E-01  2.1525E-02
  1.1419E+03  3.9933E-01  2.1553E-02
  1.1439E+03  3.9917E-01  2.1580E-02
  1.1460E+03  3.9900E-01  2.1608E-02
  1.1480E+03  3.9884E-01  2.1635E-02
  1.1501E+03  3.9869E-01  2.1663E-02
  1.1521E+03  3.9853E-01  2.1690E-02
  1.1542E+03  3.9837E-01  2.1717E-02
  1.1562E+03  3.9822E-01  2.1744E-02
  1.1583E+03  3.9806E-01  2.1771E-02
  1.1603E+03  3.9790E-01  2.1797E-02
  1.1624E+03  3.9773E-01  2.1824E-02
  1.1644E+03  3.9757E-01  2.1851E-02
  1.1665E+03  3.9740E-01  2.1878E-02
  1.1685E+03  3.9723E-01  2.1906E-02
  1.1706E+03  3.9706E-01  2.1934E-02
  1.1726E+03  3.9689E-01  2.1961E-02
  1.1747E+03  3.9672E-01  2.1989E-02
  1.1767E+03  3.9656E-01  2.2017E-02
  1.1788E+03  3.9640E-01  2.2045E-02
  1.1808E+03  3.9625E-01  2.2072E-02
  1.1829E+03  3.9610E-01  2.2099E-02
  1.1849E+03  3.9595E-01  2.2126E-02
  1.1870E+03  3.9580E-01  2.2153E-02
  1.1890E+03  3.9565E-01  2.2179E-02
  1.1911E+03  3.9549E-01  2.2205E-02
  1.1931E+03  3.9534E-01  2.2231E-02
  1.1952E+03  3.9518E-01  2.2258E-02
  1.1972E+03  3.9501E-01  2.2285E-02
  1.1993E+03  3.9485E-01  2.2313E-02
  1.2013E+03  3.9469E-01  2.2341E-02
  1.2034E+03  3.9454E-01  2.2369E-02
  1.2054E+03  3.9438E-01  2.2397E-02
  1.2075E+03  3.9423E-01  2.2425E-02
  1.2095E+03  3.9407E-01  2.2453E-02
  1.2116E+03  3.9392E-01  2.2480E-02
  1.2136E+03  3.9376E-01  2.2507E-02
  1.2157E+03  3.9360E-01  2.2534E-02
  1.2177E+03  3.9344E-01  2.2560E-02
  1.2198E+03  3.9328E-01  2.2586E-02
  1.2218E+03  3.9312E-01  2.2612E-02
  1.2239E+03  3.9297E-01  2.2639E-02
  1.2259E+03  3.9281E-01  2.2666E-02
  1.2280E+03  3.9266E-01  2.2693E-02
  1.2300E+03  3.9252E-01  2.2720E-02
  1.2321E+03  3.9238E-01  2.2747E-02
  1.2341E+03  3.9224E-01  2.2775E-02
  1.2362E+03  3.9209E-01  2.2803E-02
  1.2382E+03  3.9195E-01  2.2830E-02
  1.2403E+03  3.9179E-01  2.2858E-02
  1.2423E+03  3.9164E-01  2.2885E-02
  1.2444E+03  3.9148E-01  2.2913E-02
  1.2464E+03  3.9132E-01  2.2940E-02
  1.2485E+03  3.9116E-01  2.2967E-02
  1.2505E+03  3.9100E-01  2.2993E-02
  1.2526E+03  3.9085E-01  2.3020E-02
  1.2546E+03  3.9070E-01  2.3046E-02
  1.2567E+03  3.9056E-01  2.3073E-02
  1.2587E+03  3.9042E-01  2.3099E-02
  1.2608E+03  3.9028E-01  2.3126E-02
  1.2628E+03  3.9014E-01  2.3153E-02
  1.2649E+03  3.8999E-01  2.3181E-02
  1.2669E+03  3.8984E-01  2.3208E-02
  1.2690E+03  3.8968E-01  2.3236E-02
  1.2710E+03  3.8953E-01  2.3263E-02
  1.2731E+03  3.8937E-01  2.3290E-02
  1.2751E+03  3.8922E-01  2.3318E-02
  1.2771E+03  3.8907E-01  2.3345E-02
  1.2792E+03  3.8893E-01  2.3372E-02
  1.2812E+03  3.8879E-01  2.3398E-02
  1.2833E+03  3.8866E-01  2.3425E-02
  1.2853E+03  3.8852E-01  2.3452E-02
  1.2874E+03  3.8839E-01  2.3478E-02
  1.2894E+03  3.8825E-01  2.3505E-02
  1.2915E+03  3.8810E-01  2.3532E-02
  1.2935E+03  3.8795E-01  2.3559E-02
  1.2956E+03  3.8779E-01  2.3587E-02
  1.2976E+03  3.8763E-01  2.3614E-02
  1.2997E+03  3.8747E-01  2.3641E-02
  1.3017E+03  3.8732E-01  2.3668E-02
  1.3038E+03  3.8717E-01  2.3695E-02
  1.3058E+03  3.8703E-01  2.3722E-02
  1.3079E+03  3.8690E-01  2.3749E-02
  1.3099E+03  3.8677E-01  2.3775E-02
  1.3120E+03  3.8664E-01  2.3802E-02
  1.3140E+03  3.8652E-01  2.3830E-02
  1.3161E+03  3.8638E-01  2.3857E-02
  1.3181E+03  3.8624E-01  2.3884E-02
  1.3202E+03  3.8609E-01  2.3911E-02
  1.3222E+03  3.8593E-01  2.3938E-02
  1.3243E+03  3.8577E-01  2.3965E-02
  1.3263E+03  3.8562E-01  2.3992E-02
  1.3284E+03  3.8546E-01  2.4018E-02
  1.3304E+03  3.8532E-01  2.4045E-02
  1.3325E+03  3.8519E-01  2.4072E-02
  1.3345E+03  3.8506E-01  2.4099E-02
  1.3366E+03  3.8493E-01  2.4126E-02
  1.3386E+03  3.8481E-01  2.4153E-02
  1.3407E+03  3.8468E-01  2.4180E-02
  1.3427E+03  3.8455E-01  2.4207E-02
  1.3448E+03  3.8441E-01  2.4235E-02
  1.3468E+03  3.8426E-01  2.4262E-02
  1.3489E+03  3.8410E-01  2.4289E-02
  1.3509E+03  3.8394E-01  2.4315E-02
  1.3530E+03  3.8378E-01  2.4342E-02
  1.3550E+03  3.8363E-01  2.4369E-02
  1.3571E+03  3.8349E-01  2.4395E-02
  1.3591E+03  3.8336E-01  2.4422E-02
  1.3612E+03  3.8323E-01  2.4449E-02
  1.3632E+03  3.8311E-01  2.4476E-02
  1.3653E+03  3.8300E-01  2.4503E-02
  1.3673E+03  3.8288E-01  2.4531E-02
  1.3694E+03  3.8276E-01  2.4558E-02
  1.3714E+03  3.8262E-01  2.4585E-02
  1.3735E+03  3.8248E-01  2.4612E-02
  1.3755E+03  3.8232E-01  2.4639E-02
  1.3776E+03  3.8216E-01  2.4666E-02
  1.3796E+03  3.8200E-01  2.4692E-02
  1.3817E+03  3.8184E-01  2.4719E-02
  1.3837E+03  3.8169E-01  2.4745E-02
  1.3858E+03  3.8155E-01  2.4772E-02
  1.3878E+03  3.8142E-01  2.4799E-02
  1.3899E+03  3.8131E-01  2.4826E-02
  1.3919E+03  3.8119E-01  2.4854E-02
  1.3940E+03  3.8108E-01  2.4881E-02
  1.3960E+03  3.8097E-01  2.4908E-02
  1.3981E+03  3.8085E-01  2.4935E-02
  1.4001E+03  3.8071E-01  2.4962E-02
  1.4022E+03  3.8057E-01  2.4989E-02
  1.4042E+03  3.8042E-01  2.5015E-02
  1.4063E+03  3.8026E-01  2.5042E-02
  1.4083E+03  3.8011E-01  2.5069E-02
  1.4104E+03  3.7995E-01  2.5095E-02
  1.4124E+03  3.7980E-01  2.5122E-02
  1.4145E+03  3.7966E-01  2.5149E-02
  1.4165E+03  3.7953E-01  2.5176E-02
  1.4186E+03  3.7941E-01  2.5204E-02
  1.4206E+03  3.7930E-01  2.5231E-02
  1.4227E+03  3.7919E-01  2.5258E-02
  1.4247E+03  3.7907E-01  2.5285E-02
  1.4268E+03  3.7895E-01  2.5312E-02
  1.4288E+03  3.7882E-01  2.5339E-02
  1.4309E+03  3.7868E-01  2.5365E-02
  1.4329E+03  3.7854E-01  2.5392E-02
  1.4350E+03  3.7839E-01  2.5419E-02
  1.4370E+03  3.7825E-01  2.5445E-02
  1.4391E+03  3.7810E-01  2.5472E-02
  1.4411E+03  3.7796E-01  2.5499E-02
  1.4432E+03  3.7782E-01  2.5526E-02
  1.4452E+03  3.7769E-01  2.5553E-02
  1.4473E+03  3.7756E-01  2.5581E-02
  1.4493E+03  3.7744E-01  2.5608E-02
  1.4514E+03  3.7731E-01  2.5635E-02
  1.4534E+03  3.7719E-01  2.5662E-02
  1.4555E+03  3.7707E-01  2.5688E-02
  1.4575E+03  3.7694E-01  2.5715E-02
  1.4596E+03  3.7681E-01  2.5742E-02
  1.4616E+03  3.7668E-01  2.5768E-02
  1.4637E+03  3.7654E-01  2.5795E-02
  1.4657E+03  3.7641E-01  2.5822E-02
  1.4678E+03  3.7627E-01  2.5849E-02
  1.4698E+03  3.7613E-01  2.5876E-02
  1.4719E+03  3.7600E-01  2.5903E-02
  1.4739E+03  3.7587E-01  2.5930E-02
  1.4760E+03  3.7574E-01  2.5957E-02
  1.4780E+03  3.7561E-01  2.5984E-02
  1.4801E+03  3.7548E-01  2.6011E-02
  1.4821E+03  3.7535E-01  2.6038E-02
  1.4842E+03  3.7522E-01  2.6065E-02
  1.4862E+03  3.7509E-01  2.6091E-02
  1.4883E+03  3.7497E-01  2.6118E-02
  1.4903E+03  3.7484E-01  2.6145E-02
  1.4924E+03  3.7471E-01  2.6172E-02
  1.4944E+03  3.7458E-01  2.6199E-02
  1.4965E+03  3.7445E-01  2.6226E-02
  1.4985E+03  3.7432E-01  2.6253E-02
  1.5006E+03  3.7419E-01  2.6280E-02
  1.5026E+03  3.7406E-01  2.6307E-02
  1.5047E+03  3.7393E-01  2.6334E-02
  1.5067E+03  3.7380E-01  2.6361E-02
  1.5088E+03  3.7367E-01  2.6388E-02
  1.5108E+03  3.7355E-01  2.6414E-02
  1.5129E+03  3.7342E-01  2.6441E-02
  1.5149E+03  3.7329E-01  2.6468E-02
  1.5170E+03  3.7317E-01  2.6495E-02
  1.5190E+03  3.7305E-01  2.6521E-02
  1.5211E+03  3.7292E-01  2.6548E-02
  1.5231E+03  3.7279E-01  2.6575E-02
  1.5252E+03  3.7267E-01  2.6602E-02
  1.5272E+03  3.7254E-01  2.6629E-02
  1.5293E+03  3.7240E-01  2.6656E-02
  1.5313E+03  3.7227E-01  2.6683E-02
  1.5334E+03  3.7214E-01  2.6710E-02
  1.5354E+03  3.7201E-01  2.6737E-02
  1.5375E+03  3.7189E-01  2.6764E-02
  1.5395E+03  3.7176E-01  2.6791E-02
  1.5416E+03  3.7164E-01  2.6818E-02
  1.5436E+03  3.7152E-01  2.6844E-02
  1.5457E+03  3.7140E-01  2.6871E-02
  1.5477E+03  3.7128E-01  2.6898E-02
  1.5498E+03  3.7116E-01  2.6925E-02
  1.5518E+03  3.7103E-01  2.6952E-02
  1.5539E+03  3.7090E-01  2.6979E-02
  1.5559E+03  3.7077E-01  2.7006E-02
  1.5580E+03  3.7064E-01  2.7033E-02
  1.5600E+03  3.7051E-01  2.7060E-02
  1.5621E+03  3.7038E-01  2.7087E-02
  1.5641E+03  3.7026E-01  2.7114E-02
  1.5662E+03  3.7014E-01  2.7140E-02
  1.5682E+03  3.7002E-01  2.7167E-02
  1.5703E+03  3.6990E-01  2.7194E-02
  1.5723E+03  3.6978E-01  2.7221E-02
  1.5744E+03  3.6966E-01  2.7248E-02
  1.5764E+03  3.6953E-01  2.7275E-02
  1.5785E+03  3.6941E-01  2.7301E-02
  1.5805E+03  3.6928E-01  2.7328E-02
  1.5826E+03  3.6915E-01  2.7355E-02
  1.5846E+03  3.6902E-01  2.7382E-02
  1.5867E+03  3.6889E-01  2.7409E-02
  1.5887E+03  3.6877E-01  2.7436E-02
  1.5908E+03  3.6865E-01  2.7463E-02
  1.5928E+03  3.6853E-01  2.7490E-02
  1.5949E+03  3.6842E-01  2.7516E-02
  1.5969E+03  3.6830E-01  2.7543E-02
  1.5990E+03  3.6818E-01  2.7570E-02
  1.6010E+03  3.6806E-01  2.7597E-02
  1.6031E+03  3.6794E-01  2.7624E-02
  1.6051E+03  3.6781E-01  2.7651E-02
  1.6072E+03  3.6768E-01  2.7678E-02
  1.6092E+03  3.6755E-01  2.7705E-02
  1.6113E+03  3.6742E-01  2.7732E-02
  1.6133E+03  3.6730E-01  2.7758E-02
  1.6154E+03  3.6718E-01  2.7785E-02
  1.6174E+03  3.6706E-01  2.7812E-02
  1.6195E+03  3.6694E-01  2.7839E-02
  1.6215E+03  3.6683E-01  2.7866E-02
  1.6236E+03  3.6672E-01  2.7892E-02
  1.6256E+03  3.6660E-01  2.7919E-02
  1.6277E+03  3.6648E-01  2.7947E-02
  1.6297E+03  3.6636E-01  2.7974E-02
  1.6318E+03  3.6623E-01  2.8001E-02
  1.6338E+03  3.6610E-01  2.8027E-02
  1.6359E+03  3.6598E-01  2.8054E-02
  1.6379E+03  3.6585E-01  2.8081E-02
  1.6400E+03  3.6573E-01  2.8108E-02
  1.6420E+03  3.6561E-01  2.8135E-02
  1.6441E+03  3.6550E-01  2.8161E-02
  1.6461E+03  3.6538E-01  2.8188E-02
  1.6482E+03  3.6527E-01  2.8215E-02
  1.6502E+03  3.6516E-01  2.8242E-02
  1.6523E+03  3.6505E-01  2.8269E-02
  1.6543E+03  3.6493E-01  2.8296E-02
  1.6564E+03  3.6481E-01  2.8323E-02
  1.6584E+03  3.6468E-01  2.8350E-02
  1.6605E+03  3.6455E-01  2.8377E-02
  1.6625E+03  3.6443E-01  2.8404E-02
  1.6646E+03  3.6430E-01  2.8430E-02
  1.6666E+03  3.6418E-01  2.8457E-02
  1.6687E+03  3.6406E-01  2.8484E-02
  1.6707E+03  3.6395E-01  2.8510E-02
  1.6728E+03  3.6384E-01  2.8537E-02
  1.6748E+03  3.6373E-01  2.8564E-02
  1.6769E+03  3.6363E-01  2.8591E-02
  1.6789E+03  3.6352E-01  2.8618E-02
  1.6810E+03  3.6340E-01  2.8645E-02
  1.6830E+03  3.6328E-01  2.8672E-02
  1.6851E+03  3.6316E-01  2.8699E-02
  1.6871E+03  3.6303E-01  2.8726E-02
  1.6892E+03  3.6290E-01  2.8753E-02
  1.6912E+03  3.6278E-01  2.8779E-02
  1.6933E+03  3.6266E-01  2.8806E-02
  1.6953E+03  3.6254E-01  2.8833E-02
  1.6974E+03  3.6243E-01  2.8859E-02
  1.6994E+03  3.6232E-01  2.8886E-02
  1.7015E+03  3.6222E-01  2.8913E-02
  1.7035E+03  3.6211E-01  2.8940E-02
  1.7056E+03  3.6201E-01  2.8967E-02
  1.7076E+03  3.6189E-01  2.8994E-02
  1.7097E+03  3.6178E-01  2.9021E-02
  1.7117E+03  3.6165E-01  2.9048E-02
  1.7138E+03  3.6153E-01  2.9075E-02
  1.7158E+03  3.6140E-01  2.9102E-02
  1.7179E+03  3.6128E-01  2.9129E-02
  1.7199E+03  3.6116E-01  2.9155E-02
  1.7220E+03  3.6104E-01  2.9182E-02
  1.7240E+03  3.6093E-01  2.9208E-02
  1.7261E+03  3.6082E-01  2.9235E-02
  1.7281E+03  3.6072E-01  2.9262E-02
  1.7302E+03  3.6062E-01  2.9289E-02
  1.7322E+03  3.6052E-01  2.9316E-02
  1.7343E+03  3.6041E-01  2.9343E-02
  1.7363E+03  3.6030E-01  2.9370E-02
  1.7384E+03  3.6018E-01  2.9397E-02
  1.7404E+03  3.6006E-01  2.9424E-02
  1.7425E+03  3.5993E-01  2.9451E-02
  1.7445E+03  3.5981E-01  2.9477E-02
  1.7466E+03  3.5968E-01  2.9504E-02
  1.7486E+03  3.5956E-01  2.9531E-02
  1.7507E+03  3.5945E-01  2.9557E-02
  1.7527E+03  3.5934E-01  2.9584E-02
  1.7548E+03  3.5924E-01  2.9611E-02
  1.7568E+03  3.5913E-01  2.9638E-02
  1.7589E+03  3.5903E-01  2.9665E-02
  1.7609E+03  3.5893E-01  2.9692E-02
  1.7630E+03  3.5882E-01  2.9719E-02
  1.7650E+03  3.5871E-01  2.9746E-02
  1.7671E+03  3.5860E-01  2.9772E-02
  1.7691E+03  3.5848E-01  2.9799E-02
  1.7712E+03  3.5836E-01  2.9826E-02
  1.7732E+03  3.5824E-01  2.9853E-02
  1.7753E+03  3.5812E-01  2.9880E-02
  1.7773E+03  3.5800E-01  2.9906E-02
  1.7794E+03  3.5789E-01  2.9933E-02
  1.7814E+03  3.5778E-01  2.9960E-02
  1.7835E+03  3.5767E-01  2.9986E-02
  1.7855E+03  3.5757E-01  3.0013E-02
  1.7876E+03  3.5746E-01  3.0040E-02
  1.7896E+03  3.5736E-01  3.0067E-02
  1.7917E+03  3.5725E-01  3.0094E-02
  1.7937E+03  3.5714E-01  3.0121E-02
  1.7958E+03  3.5703E-01  3.0148E-02
  1.7978E+03  3.5692E-01  3.0175E-02
  1.7999E+03  3.5680E-01  3.0201E-02
  1.8019E+03  3.5669E-01  3.0228E-02
  1.8040E+03  3.5657E-01  3.0255E-02
  1.8060E+03  3.5646E-01  3.0281E-02
  1.8081E+03  3.5635E-01  3.0308E-02
  1.8101E+03  3.5624E-01  3.0335E-02
  1.8122E+03  3.5613E-01  3.0362E-02
  1.8142E+03  3.5602E-01  3.0389E-02
  1.8163E+03  3.5592E-01  3.0415E-02
  1.8183E+03  3.5581E-01  3.0442E-02
  1.8204E+03  3.5570E-01  3.0469E-02
  1.8224E+03  3.5559E-01  3.0496E-02
  1.8245E+03  3.5548E-01  3.0523E-02
  1.8265E+03  3.5537E-01  3.0550E-02
  1.8286E+03  3.5527E-01  3.0576E-02
  1.8306E+03  3.5516E-01  3.0603E-02
  1.8327E+03  3.5505E-01  3.0630E-02
  1.8347E+03  3.5494E-01  3.0656E-02
  1.8368E+03  3.5483E-01  3.0683E-02
  1.8388E+03  3.5472E-01  3.0710E-02
  1.8409E+03  3.5461E-01  3.0737E-02
  1.8429E+03  3.5450E-01  3.0763E-02
  1.8450E+03  3.5439E-01  3.0790E-02
  1.8470E+03  3.5428E-01  3.0817E-02
  1.8491E+03  3.5417E-01  3.0844E-02
  1.8511E+03  3.5406E-01  3.0871E-02
  1.8532E+03  3.5396E-01  3.0897E-02
  1.8552E+03  3.5385E-01  3.0924E-02
  1.8573E+03  3.5375E-01  3.0951E-02
  1.8593E+03  3.5364E-01  3.0978E-02
  1.8614E+03  3.5353E-01  3.1004E-02
  1.8634E+03  3.5342E-01  3.1031E-02
  1.8655E+03  3.5331E-01  3.1058E-02
  1.8675E+03  3.5320E-01  3.1085E-02
  1.8696E+03  3.5309E-01  3.1111E-02
  1.8716E+03  3.5298E-01  3.1138E-02
  1.8737E+03  3.5288E-01  3.1165E-02
  1.8757E+03  3.5277E-01  3.1191E-02
  1.8778E+03  3.5267E-01  3.1218E-02
  1.8798E+03  3.5256E-01  3.1245E-02
  1.8819E+03  3.5246E-01  3.1272E-02
  1.8839E+03  3.5235E-01  3.1298E-02
  1.8860E+03  3.5225E-01  3.1325E-02
  1.8880E+03  3.5214E-01  3.1352E-02
  1.8901E+03  3.5203E-01  3.1379E-02
  1.8921E+03  3.5192E-01  3.1405E-02
  1.8942E+03  3.5181E-01  3.1432E-02
  1.8962E+03  3.5170E-01  3.1459E-02
  1.8983E+03  3.5160E-01  3.1486E-02
  1.9003E+03  3.5149E-01  3.1512E-02
  1.9024E+03  3.5139E-01  3.1539E-02
  1.9044E+03  3.5128E-01  3.1566E-02
  1.9065E+03  3.5118E-01  3.1592E-02
  1.9085E+03  3.5108E-01  3.1619E-02
  1.9106E+03  3.5098E-01  3.1646E-02
  1.9126E+03  3.5087E-01  3.1672E-02
  1.9147E+03  3.5076E-01  3.1699E-02
  1.9167E+03  3.5066E-01  3.1726E-02
  1.9188E+03  3.5055E-01  3.1753E-02
  1.9208E+03  3.5044E-01  3.1779E-02
  1.9229E+03  3.5033E-01  3.1806E-02
  1.9249E+03  3.5022E-01  3.1833E-02
  1.9270E+03  3.5012E-01  3.1859E-02
  1.9290E+03  3.5002E-01  3.1886E-02
  1.9311E+03  3.4992E-01  3.1913E-02
  1.9331E+03  3.4981E-01  3.1939E-02
  1.9352E+03  3.4971E-01  3.1966E-02
  1.9372E+03  3.4961E-01  3.1993E-02
  1.9393E+03  3.4951E-01  3.2019E-02
  1.9413E+03  3.4940E-01  3.2046E-02
  1.9434E+03  3.4929E-01  3.2073E-02
  1.9454E+03  3.4918E-01  3.2099E-02
  1.9475E+03  3.4907E-01  3.2126E-02
  1.9495E+03  3.4897E-01  3.2153E-02
  1.9516E+03  3.4886E-01  3.2179E-02
  1.9536E+03  3.4876E-01  3.2206E-02
  1.9557E+03  3.4866E-01  3.2232E-02
  1.9577E+03  3.4856E-01  3.2259E-02
  1.9598E+03  3.4846E-01  3.2286E-02
  1.9618E+03  3.4836E-01  3.2312E-02
  1.9639E+03  3.4826E-01  3.2339E-02
  1.9659E+03  3.4816E-01  3.2366E-02
  1.9680E+03  3.4805E-01  3.2392E-02
  1.9700E+03  3.4794E-01  3.2419E-02
  1.9721E+03  3.4783E-01  3.2446E-02
  1.9741E+03  3.4773E-01  3.2472E-02
  1.9762E+03  3.4762E-01  3.2499E-02
  1.9782E+03  3.4752E-01  3.2525E-02
  1.9803E+03  3.4742E-01  3.2552E-02
  1.9823E+03  3.4732E-01  3.2579E-02
  1.9844E+03  3.4722E-01  3.2605E-02
  1.9864E+03  3.4712E-01  3.2632E-02
  1.9885E+03  3.4702E-01  3.2658E-02
  1.9905E+03  3.4692E-01  3.2685E-02
  1.9926E+03  3.4682E-01  3.2711E-02
  1.9946E+03  3.4671E-01  3.2738E-02
  1.9967E+03  3.4661E-01  3.2765E-02
  1.9987E+03  3.4650E-01  3.2791E-02
  2.0008E+03  3.4639E-01  3.2818E-02
  2.0028E+03  3.4629E-01  3.2845E-02
  2.0049E+03  3.4619E-01  3.2871E-02
  2.0069E+03  3.4609E-01  3.2898E-02
  2.0090E+03  3.4599E-01  3.2924E-02
  2.0110E+03  3.4589E-01  3.2951E-02
  2.0131E+03  3.4580E-01  3.2977E-02
  2.0151E+03  3.4570E-01  3.3004E-02
  2.0172E+03  3.4560E-01  3.3030E-02
  2.0192E+03  3.4550E-01  3.3057E-02
  2.0213E+03  3.4540E-01  3.3083E-02
  2.0233E+03  3.4529E-01  3.3110E-02
  2.0254E+03  3.4518E-01  3.3137E-02
  2.0274E+03  3.4508E-01  3.3163E-02
  2.0295E+03  3.4497E-01  3.3190E-02
  2.0315E+03  3.4487E-01  3.3216E-02
  2.0336E+03  3.4477E-01  3.3243E-02
  2.0356E+03  3.4468E-01  3.3269E-02
  2.0377E+03  3.4458E-01  3.3296E-02
  2.0397E+03  3.4449E-01  3.3322E-02
  2.0418E+03  3.4439E-01  3.3349E-02
  2.0438E+03  3.4430E-01  3.3375E-02
  2.0459E+03  3.4420E-01  3.3402E-02
  2.0479E+03  3.4409E-01  3.3428E-02
  2.0500E+03  3.4399E-01  3.3455E-02
  2.0520E+03  3.4388E-01  3.3481E-02
  2.0541E+03  3.4378E-01  3.3508E-02
  2.0561E+03  3.4367E-01  3.3534E-02
  2.0582E+03  3.4357E-01  3.3561E-02
  2.0602E+03  3.4347E-01  3.3587E-02
  2.0623E+03  3.4338E-01  3.3614E-02
  2.0643E+03  3.4329E-01  3.3640E-02
  2.0664E+03  3.4319E-01  3.3667E-02
  2.0684E+03  3.4310E-01  3.3693E-02
  2.0705E+03  3.4301E-01  3.3720E-02
  2.0725E+03  3.4291E-01  3.3746E-02
  2.0746E+03  3.4281E-01  3.3773E-02
  2.0766E+03  3.4271E-01  3.3799E-02
  2.0787E+03  3.4260E-01  3.3826E-02
  2.0807E+03  3.4250E-01  3.3852E-02
  2.0828E+03  3.4239E-01  3.3878E-02
  2.0848E+03  3.4229E-01  3.3905E-02
  2.0869E+03  3.4220E-01  3.3931E-02
  2.0889E+03  3.4210E-01  3.3958E-02
  2.0910E+03  3.4201E-01  3.3984E-02
  2.0930E+03  3.4192E-01  3.4011E-02
  2.0951E+03  3.4182E-01  3.4037E-02
  2.0971E+03  3.4173E-01  3.4063E-02
  2.0992E+03  3.4164E-01  3.4090E-02
  2.1012E+03  3.4154E-01  3.4116E-02
  2.1033E+03  3.4144E-01  3.4143E-02
  2.1053E+03  3.4134E-01  3.4169E-02
  2.1074E+03  3.4124E-01  3.4195E-02
  2.1094E+03  3.4113E-01  3.4222E-02
  2.1115E+03  3.4103E-01  3.4248E-02
  2.1135E+03  3.4094E-01  3.4275E-02
  2.1156E+03  3.4084E-01  3.4301E-02
  2.1176E+03  3.4075E-01  3.4327E-02
  2.1197E+03  3.4065E-01  3.4354E-02
  2.1217E+03  3.4056E-01  3.4380E-02
  2.1238E+03  3.4047E-01  3.4407E-02
  2.1258E+03  3.4038E-01  3.4433E-02
  2.1279E+03  3.4028E-01  3.4459E-02
  2.1299E+03  3.4019E-01  3.4486E-02
  2.1320E+03  3.4009E-01  3.4512E-02
  2.1340E+03  3.3999E-01  3.4538E-02
  2.1361E+03  3.3989E-01  3.4565E-02
  2.1381E+03  3.3979E-01  3.4591E-02
  2.1402E+03  3.3970E-01  3.4617E-02
  2.1422E+03  3.3960E-01  3.4644E-02
  2.1443E+03  3.3951E-01  3.4670E-02
  2.1463E+03  3.3941E-01  3.4696E-02
  2.1484E+03  3.3932E-01  3.4723E-02
  2.1504E+03  3.3922E-01  3.4749E-02
  2.1525E+03  3.3913E-01  3.4775E-02
  2.1545E+03  3.3904E-01  3.4802E-02
  2.1566E+03  3.3894E-01  3.4828E-02
  2.1586E+03  3.3885E-01  3.4854E-02
  2.1607E+03  3.3875E-01  3.4880E-02
  2.1627E+03  3.3866E-01  3.4907E-02
  2.1648E+03  3.3856E-01  3.4933E-02
  2.1668E+03  3.3847E-01  3.4959E-02
  2.1689E+03  3.3837E-01  3.4986E-02
  2.1709E+03  3.3828E-01  3.5012E-02
  2.1730E+03  3.3818E-01  3.5038E-02
  2.1750E+03  3.3809E-01  3.5064E-02
  2.1771E+03  3.3799E-01  3.5091E-02
  2.1791E+03  3.3790E-01  3.5117E-02
  2.1812E+03  3.3781E-01  3.5143E-02
  2.1832E+03  3.3771E-01  3.5169E-02
  2.1853E+03  3.3762E-01  3.5196E-02
  2.1873E+03  3.3753E-01  3.5222E-02
  2.1894E+03  3.3743E-01  3.5248E-02
  2.1914E+03  3.3734E-01  3.5274E-02
  2.1935E+03  3.3725E-01  3.5300E-02
  2.1955E+03  3.3716E-01  3.5327E-02
  2.1976E+03  3.3706E-01  3.5353E-02
  2.1996E+03  3.3697E-01  3.5379E-02
  2.2017E+03  3.3687E-01  3.5405E-02
  2.2037E+03  3.3678E-01  3.5432E-02
  2.2058E+03  3.3668E-01  3.5458E-02
  2.2078E+03  3.3659E-01  3.5484E-02
  2.2099E+03  3.3649E-01  3.5510E-02
  2.2119E+03  3.3640E-01  3.5536E-02
  2.2140E+03  3.3631E-01  3.5562E-02
  2.2160E+03  3.3622E-01  3.5589E-02
  2.2181E+03  3.3613E-01  3.5615E-02
  2.2201E+03  3.3604E-01  3.5641E-02
  2.2222E+03  3.3595E-01  3.5667E-02
  2.2242E+03  3.3585E-01  3.5693E-02
  2.2263E+03  3.3576E-01  3.5719E-02
  2.2283E+03  3.3566E-01  3.5746E-02
  2.2304E+03  3.3557E-01  3.5772E-02
  2.2324E+03  3.3547E-01  3.5798E-02
  2.2345E+03  3.3538E-01  3.5824E-02
  2.2365E+03  3.3529E-01  3.5850E-02
  2.2386E+03  3.3520E-01  3.5876E-02
  2.2406E+03  3.3511E-01  3.5902E-02
  2.2427E+03  3.3502E-01  3.5928E-02
  2.2447E+03  3.3493E-01  3.5955E-02
  2.2468E+03  3.3484E-01  3.5981E-02
  2.2488E+03  3.3474E-01  3.6007E-02
  2.2509E+03  3.3465E-01  3.6033E-02
  2.2529E+03  3.3456E-01  3.6059E-02
  2.2550E+03  3.3446E-01  3.6085E-02
  2.2570E+03  3.3437E-01  3.6111E-02
  2.2591E+03  3.3428E-01  3.6137E-02
  2.2611E+03  3.3418E-01  3.6163E-02
  2.2632E+03  3.3409E-01  3.6189E-02
  2.2652E+03  3.3400E-01  3.6215E-02
  2.2673E+03  3.3391E-01  3.6241E-02
  2.2693E+03  3.3382E-01  3.6267E-02
  2.2714E+03  3.3373E-01  3.6293E-02
  2.2734E+03  3.3364E-01  3.6319E-02
  2.2755E+03  3.3355E-01  3.6346E-02
  2.2775E+03  3.3346E-01  3.6372E-02
  2.2796E+03  3.3337E-01  3.6398E-02
  2.2816E+03  3.3327E-01  3.6424E-02
  2.2837E+03  3.3318E-01  3.6450E-02
  2.2857E+03  3.3308E-01  3.6476E-02
  2.2878E+03  3.3299E-01  3.6502E-02
  2.2898E+03  3.3290E-01  3.6528E-02
  2.2919E+03  3.3281E-01  3.6554E-02
  2.2939E+03  3.3272E-01  3.6580E-02
  2.2960E+03  3.3264E-01  3.6606E-02
  2.2980E+03  3.3255E-01  3.6631E-02
  2.3001E+03  3.3246E-01  3.6657E-02
  2.3021E+03  3.3237E-01  3.6683E-02
  2.3042E+03  3.3227E-01  3.6709E-02
  2.3062E+03  3.3218E-01  3.6735E-02
  2.3083E+03  3.3209E-01  3.6761E-02
  2.3103E+03  3.3199E-01  3.6787E-02
  2.3124E+03  3.3190E-01  3.6813E-02
  2.3144E+03  3.3181E-01  3.6839E-02
  2.3165E+03  3.3172E-01  3.6865E-02
  2.3185E+03  3.3163E-01  3.6891E-02
  2.3206E+03  3.3154E-01  3.6917E-02
  2.3226E+03  3.3146E-01  3.6943E-02
  2.3247E+03  3.3137E-01  3.6969E-02
  2.3267E+03  3.3128E-01  3.6995E-02
  2.3288E+03  3.3119E-01  3.7020E-02
  2.3308E+03  3.3110E-01  3.7046E-02
  2.3329E+03  3.3101E-01  3.7072E-02
  2.3349E+03  3.3091E-01  3.7098E-02
  2.3370E+03  3.3082E-01  3.7124E-02
  2.3390E+03  3.3073E-01  3.7150E-02
  2.3411E+03  3.3064E-01  3.7176E-02
  2.3431E+03  3.3055E-01  3.7201E-02
  2.3452E+03  3.3046E-01  3.7227E-02
  2.3472E+03  3.3037E-01  3.7253E-02
  2.3493E+03  3.3029E-01  3.7279E-02
  2.3513E+03  3.3020E-01  3.7305E-02
  2.3534E+03  3.3011E-01  3.7331E-02
  2.3554E+03  3.3002E-01  3.7356E-02
  2.3575E+03  3.2993E-01  3.7382E-02
  2.3595E+03  3.2984E-01  3.7408E-02
  2.3616E+03  3.2975E-01  3.7434E-02
  2.3636E+03  3.2965E-01  3.7460E-02
  2.3657E+03  3.2956E-01  3.7485E-02
  2.3677E+03  3.2947E-01  3.7511E-02
  2.3698E+03  3.2938E-01  3.7537E-02
  2.3718E+03  3.2929E-01  3.7563E-02
  2.3739E+03  3.2921E-01  3.7589E-02
  2.3759E+03  3.2912E-01  3.7614E-02
  2.3780E+03  3.2904E-01  3.7640E-02
  2.3800E+03  3.2895E-01  3.7666E-02
  2.3821E+03  3.2886E-01  3.7692E-02
  2.3841E+03  3.2877E-01  3.7717E-02
  2.3862E+03  3.2868E-01  3.7743E-02
  2.3882E+03  3.2859E-01  3.7769E-02
  2.3903E+03  3.2850E-01  3.7795E-02
  2.3923E+03  3.2840E-01  3.7820E-02
  2.3944E+03  3.2831E-01  3.7846E-02
  2.3964E+03  3.2823E-01  3.7872E-02
  2.3985E+03  3.2814E-01  3.7897E-02
  2.4005E+03  3.2805E-01  3.7923E-02
  2.4026E+03  3.2797E-01  3.7949E-02
  2.4046E+03  3.2788E-01  3.7974E-02
  2.4067E+03  3.2780E-01  3.8000E-02
  2.4087E+03  3.2771E-01  3.8026E-02
  2.4108E+03  3.2762E-01  3.8051E-02
  2.4128E+03  3.2753E-01  3.8077E-02
  2.4149E+03  3.2744E-01  3.8103E-02
  2.4169E+03  3.2735E-01  3.8128E-02
  2.4190E+03  3.2726E-01  3.8154E-02
  2.4210E+03  3.2717E-01  3.8180E-02
  2.4231E+03  3.2708E-01  3.8205E-02
  2.4251E+03  3.2699E-01  3.8231E-02
  2.4272E+03  3.2691E-01  3.8256E-02
  2.4292E+03  3.2683E-01  3.8282E-02
  2.4313E+03  3.2674E-01  3.8308E-02
  2.4333E+03  3.2666E-01  3.8333E-02
  2.4354E+03  3.2657E-01  3.8359E-02
  2.4374E+03  3.2648E-01  3.8385E-02
  2.4395E+03  3.2639E-01  3.8410E-02
  2.4415E+03  3.2630E-01  3.8436E-02
  2.4436E+03  3.2621E-01  3.8461E-02
  2.4456E+03  3.2612E-01  3.8487E-02
  2.4477E+03  3.2603E-01  3.8512E-02
  2.4497E+03  3.2595E-01  3.8538E-02
  2.4518E+03  3.2586E-01  3.8563E-02
  2.4538E+03  3.2578E-01  3.8589E-02
  2.4559E+03  3.2569E-01  3.8614E-02
  2.4579E+03  3.2561E-01  3.8640E-02
  2.4600E+03  3.2552E-01  3.8666E-02
  2.4620E+03  3.2544E-01  3.8691E-02
  2.4641E+03  3.2535E-01  3.8717E-02
  2.4661E+03  3.2526E-01  3.8742E-02
  2.4682E+03  3.2518E-01  3.8767E-02
  2.4702E+03  3.2509E-01  3.8793E-02
  2.4723E+03  3.2500E-01  3.8818E-02
  2.4743E+03  3.2491E-01  3.8844E-02
  2.4764E+03  3.2482E-01  3.8869E-02
  2.4784E+03  3.2474E-01  3.8895E-02
  2.4805E+03  3.2465E-01  3.8920E-02
  2.4825E+03  3.2457E-01  3.8946E-02
  2.4846E+03  3.2448E-01  3.8971E-02
  2.4866E+03  3.2440E-01  3.8997E-02
  2.4887E+03  3.2431E-01  3.9022E-02
  2.4907E+03  3.2423E-01  3.9048E-02
  2.4928E+03  3.2414E-01  3.9073E-02
  2.4948E+03  3.2406E-01  3.9098E-02
  2.4969E+03  3.2397E-01  3.9124E-02
  2.4989E+03  3.2388E-01  3.9149E-02
  2.5010E+03  3.2380E-01  3.9174E-02
  2.5030E+03  3.2371E-01  3.9200E-02
  2.5051E+03  3.2363E-01  3.9225E-02
  2.5071E+03  3.2354E-01  3.9251E-02
  2.5092E+03  3.2346E-01  3.9276E-02
  2.5112E+03  3.2337E-01  3.9301E-02
  2.5133E+03  3.2329E-01  3.9327E-02
  2.5153E+03  3.2320E-01  3.9352E-02
  2.5174E+03  3.2312E-01  3.9377E-02
  2.5194E+03  3.2303E-01  3.9403E-02
  2.5215E+03  3.2295E-01  3.9428E-02
  2.5235E+03  3.2286E-01  3.9453E-02
  2.5256E+03  3.2278E-01  3.9479E-02
  2.5276E+03  3.2269E-01  3.9504E-02
  2.5297E+03  3.2261E-01  3.9529E-02
  2.5317E+03  3.2253E-01  3.9555E-02
  2.5338E+03  3.2244E-01  3.9580E-02
  2.5358E+03  3.2236E-01  3.9605E-02
  2.5379E+03  3.2227E-01  3.9631E-02
  2.5399E+03  3.2219E-01  3.9656E-02
  2.5420E+03  3.2210E-01  3.9681E-02
  2.5440E+03  3.2202E-01  3.9706E-02
  2.5461E+03  3.2193E-01  3.9732E-02
  2.5481E+03  3.2185E-01  3.9757E-02
  2.5502E+03  3.2177E-01  3.9782E-02
  2.5522E+03  3.2168E-01  3.9807E-02
  2.5543E+03  3.2160E-01  3.9832E-02
  2.5563E+03  3.2152E-01  3.9858E-02
  2.5584E+03  3.2143E-01  3.9883E-02
  2.5604E+03  3.2135E-01  3.9908E-02
  2.5625E+03  3.2127E-01  3.9933E-02
  2.5645E+03  3.2118E-01  3.9959E-02
  2.5666E+03  3.2110E-01  3.9984E-02
  2.5686E+03  3.2101E-01  4.0009E-02
  2.5707E+03  3.2093E-01  4.0034E-02
  2.5727E+03  3.2084E-01  4.0059E-02
  2.5748E+03  3.2076E-01  4.0084E-02
  2.5768E+03  3.2068E-01  4.0110E-02
  2.5789E+03  3.2060E-01  4.0135E-02
  2.5809E+03  3.2052E-01  4.0160E-02
  2.5830E+03  3.2044E-01  4.0185E-02
  2.5850E+03  3.2035E-01  4.0210E-02
  2.5871E+03  3.2027E-01  4.0235E-02
  2.5891E+03  3.2019E-01  4.0260E-02
  2.5912E+03  3.2010E-01  4.0285E-02
  2.5932E+03  3.2002E-01  4.0311E-02
  2.5953E+03  3.1993E-01  4.0336E-02
  2.5973E+03  3.1985E-01  4.0361E-02
  2.5994E+03  3.1977E-01  4.0386E-02
  2.6014E+03  3.1969E-01  4.0411E-02
  2.6035E+03  3.1961E-01  4.0436E-02
  2.6055E+03  3.1952E-01  4.0461E-02
  2.6076E+03  3.1944E-01  4.0486E-02
  2.6096E+03  3.1936E-01  4.0511E-02
  2.6117E+03  3.1928E-01  4.0536E-02
  2.6137E+03  3.1920E-01  4.0561E-02
  2.6158E+03  3.1912E-01  4.0586E-02
  2.6178E+03  3.1903E-01  4.0611E-02
  2.6199E+03  3.1895E-01  4.0636E-02
  2.6219E+03  3.1887E-01  4.0661E-02
  2.6240E+03  3.1878E-01  4.0686E-02
  2.6260E+03  3.1870E-01  4.0711E-02
  2.6281E+03  3.1862E-01  4.0736E-02
  2.6301E+03  3.1854E-01  4.0761E-02
  2.6322E+03  3.1846E-01  4.0786E-02
  2.6342E+03  3.1838E-01  4.0811E-02
  2.6363E+03  3.1830E-01  4.0836E-02
  2.6383E+03  3.1822E-01  4.0861E-02
  2.6404E+03  3.1814E-01  4.0886E-02
  2.6424E+03  3.1806E-01  4.0911E-02
  2.6445E+03  3.1797E-01  4.0936E-02
  2.6465E+03  3.1789E-01  4.0961E-02
  2.6486E+03  3.1781E-01  4.0986E-02
  2.6506E+03  3.1772E-01  4.1011E-02
  2.6527E+03  3.1764E-01  4.1036E-02
  2.6547E+03  3.1756E-01  4.1060E-02
  2.6568E+03  3.1748E-01  4.1085E-02
  2.6588E+03  3.1741E-01  4.1110E-02
  2.6609E+03  3.1733E-01  4.1135E-02
  2.6629E+03  3.1725E-01  4.1160E-02
  2.6650E+03  3.1717E-01  4.1185E-02
  2.6670E+03  3.1709E-01  4.1210E-02
  2.6691E+03  3.1700E-01  4.1235E-02
  2.6711E+03  3.1692E-01  4.1259E-02
  2.6732E+03  3.1684E-01  4.1284E-02
  2.6752E+03  3.1676E-01  4.1309E-02
  2.6773E+03  3.1668E-01  4.1334E-02
  2.6793E+03  3.1659E-01  4.1359E-02
  2.6814E+03  3.1652E-01  4.1384E-02
  2.6834E+03  3.1644E-01  4.1408E-02
  2.6855E+03  3.1636E-01  4.1433E-02
  2.6875E+03  3.1628E-01  4.1458E-02
  2.6896E+03  3.1620E-01  4.1483E-02
  2.6916E+03  3.1612E-01  4.1508E-02
  2.6937E+03  3.1604E-01  4.1532E-02
  2.6957E+03  3.1596E-01  4.1557E-02
  2.6978E+03  3.1588E-01  4.1582E-02
  2.6998E+03  3.1580E-01  4.1607E-02
  2.7019E+03  3.1572E-01  4.1631E-02
  2.7039E+03  3.1563E-01  4.1656E-02
  2.7060E+03  3.1556E-01  4.1681E-02
  2.7080E+03  3.1548E-01  4.1706E-02
  2.7101E+03  3.1540E-01  4.1730E-02
  2.7121E+03  3.1532E-01  4.1755E-02
  2.7142E+03  3.1524E-01  4.1780E-02
  2.7162E+03  3.1517E-01  4.1804E-02
  2.7183E+03  3.1509E-01  4.1829E-02
  2.7203E+03  3.1501E-01  4.1854E-02
  2.7224E+03  3.1493E-01  4.1878E-02
  2.7244E+03  3.1485E-01  4.1903E-02
  2.7265E+03  3.1476E-01  4.1928E-02
  2.7285E+03  3.1468E-01  4.1952E-02
  2.7306E+03  3.1460E-01  4.1977E-02
  2.7326E+03  3.1452E-01  4.2002E-02
  2.7347E+03  3.1445E-01  4.2026E-02
  2.7367E+03  3.1437E-01  4.2051E-02
  2.7388E+03  3.1429E-01  4.2076E-02
  2.7408E+03  3.1421E-01  4.2100E-02
  2.7429E+03  3.1414E-01  4.2125E-02
  2.7449E+03  3.1406E-01  4.2149E-02
  2.7470E+03  3.1398E-01  4.2174E-02
  2.7490E+03  3.1390E-01  4.2199E-02
  2.7511E+03  3.1382E-01  4.2223E-02
  2.7531E+03  3.1374E-01  4.2248E-02
  2.7552E+03  3.1366E-01  4.2272E-02
  2.7572E+03  3.1358E-01  4.2297E-02
  2.7593E+03  3.1350E-01  4.2321E-02
  2.7613E+03  3.1342E-01  4.2346E-02
  2.7634E+03  3.1335E-01  4.2371E-02
  2.7654E+03  3.1327E-01  4.2395E-02
  2.7675E+03  3.1319E-01  4.2420E-02
  2.7695E+03  3.1312E-01  4.2444E-02
  2.7716E+03  3.1304E-01  4.2469E-02
  2.7736E+03  3.1296E-01  4.2493E-02
  2.7757E+03  3.1288E-01  4.2518E-02
  2.7777E+03  3.1280E-01  4.2542E-02
  2.7798E+03  3.1272E-01  4.2567E-02
  2.7818E+03  3.1264E-01  4.2591E-02
  2.7839E+03  3.1256E-01  4.2616E-02
  2.7859E+03  3.1248E-01  4.2640E-02
  2.7880E+03  3.1241E-01  4.2664E-02
  2.7900E+03  3.1233E-01  4.2689E-02
  2.7921E+03  3.1225E-01  4.2713E-02
  2.7941E+03  3.1218E-01  4.2738E-02
  2.7962E+03  3.1210E-01  4.2762E-02
  2.7982E+03  3.1202E-01  4.2787E-02
  2.8003E+03  3.1195E-01  4.2811E-02
  2.8023E+03  3.1187E-01  4.2835E-02
  2.8044E+03  3.1179E-01  4.2860E-02
  2.8064E+03  3.1171E-01  4.2884E-02
  2.8085E+03  3.1163E-01  4.2909E-02
  2.8105E+03  3.1155E-01  4.2933E-02
  2.8126E+03  3.1148E-01  4.2957E-02
  2.8146E+03  3.1140E-01  4.2982E-02
  2.8167E+03  3.1132E-01  4.3006E-02
  2.8187E+03  3.1125E-01  4.3030E-02
  2.8208E+03  3.1117E-01  4.3055E-02
  2.8228E+03  3.1109E-01  4.3079E-02
  2.8249E+03  3.1102E-01  4.3104E-02
  2.8269E+03  3.1094E-01  4.3128E-02
  2.8290E+03  3.1086E-01  4.3152E-02
  2.8310E+03  3.1078E-01  4.3176E-02
  2.8331E+03  3.1071E-01  4.3201E-02
  2.8351E+03  3.1063E-01  4.3225E-02
  2.8372E+03  3.1055E-01  4.3249E-02
  2.8392E+03  3.1047E-01  4.3274E-02
  2.8413E+03  3.1040E-01  4.3298E-02
  2.8433E+03  3.1032E-01  4.3322E-02
  2.8454E+03  3.1024E-01  4.3346E-02
  2.8474E+03  3.1017E-01  4.3371E-02
  2.8495E+03  3.1009E-01  4.3395E-02
  2.8515E+03  3.1001E-01  4.3419E-02
  2.8536E+03  3.0994E-01  4.3443E-02
  2.8556E+03  3.0986E-01  4.3468E-02
  2.8577E+03  3.0978E-01  4.3492E-02
  2.8597E+03  3.0971E-01  4.3516E-02
  2.8618E+03  3.0963E-01  4.3540E-02
  2.8638E+03  3.0955E-01  4.3564E-02
  2.8659E+03  3.0948E-01  4.3589E-02
  2.8679E+03  3.0940E-01  4.3613E-02
  2.8700E+03  3.0933E-01  4.3637E-02
  2.8720E+03  3.0925E-01  4.3661E-02
  2.8741E+03  3.0917E-01  4.3685E-02
  2.8761E+03  3.0910E-01  4.3710E-02
  2.8782E+03  3.0902E-01  4.3734E-02
  2.8802E+03  3.0894E-01  4.3758E-02
  2.8823E+03  3.0887E-01  4.3782E-02
  2.8843E+03  3.0879E-01  4.3806E-02
  2.8864E+03  3.0872E-01  4.3830E-02
  2.8884E+03  3.0864E-01  4.3854E-02
  2.8905E+03  3.0856E-01  4.3878E-02
  2.8925E+03  3.0849E-01  4.3902E-02
  2.8946E+03  3.0841E-01  4.3927E-02
  2.8966E+03  3.0834E-01  4.3951E-02
  2.8987E+03  3.0826E-01  4.3975E-02
  2.9007E+03  3.0819E-01  4.3999E-02
  2.9028E+03  3.0811E-01  4.4023E-02
  2.9048E+03  3.0803E-01  4.4047E-02
  2.9069E+03  3.0796E-01  4.4071E-02
  2.9089E+03  3.0788E-01  4.4095E-02
  2.9110E+03  3.0780E-01  4.4119E-02
  2.9130E+03  3.0773E-01  4.4143E-02
  2.9151E+03  3.0765E-01  4.4167E-02
  2.9171E+03  3.0758E-01  4.4191E-02
  2.9192E+03  3.0751E-01  4.4215E-02
  2.9212E+03  3.0743E-01  4.4239E-02
  2.9233E+03  3.0736E-01  4.4263E-02
  2.9253E+03  3.0728E-01  4.4287E-02
  2.9274E+03  3.0720E-01  4.4311E-02
  2.9294E+03  3.0713E-01  4.4335E-02
  2.9315E+03  3.0705E-01  4.4359E-02
  2.9335E+03  3.0697E-01  4.4383E-02
  2.9356E+03  3.0690E-01  4.4407E-02
  2.9376E+03  3.0682E-01  4.4431E-02
  2.9397E+03  3.0675E-01  4.4455E-02
  2.9417E+03  3.0668E-01  4.4479E-02
  2.9438E+03  3.0660E-01  4.4503E-02
  2.9458E+03  3.0653E-01  4.4527E-02
  2.9479E+03  3.0645E-01  4.4551E-02
  2.9499E+03  3.0638E-01  4.4574E-02
  2.9520E+03  3.0630E-01  4.4598E-02
  2.9540E+03  3.0623E-01  4.4622E-02
  2.9561E+03  3.0615E-01  4.4646E-02
  2.9581E+03  3.0608E-01  4.4670E-02
  2.9602E+03  3.0600E-01  4.4694E-02
  2.9622E+03  3.0593E-01  4.4718E-02
  2.9643E+03  3.0585E-01  4.4742E-02
  2.9663E+03  3.0578E-01  4.4765E-02
  2.9684E+03  3.0570E-01  4.4789E-02
  2.9704E+03  3.0563E-01  4.4813E-02
  2.9725E+03  3.0556E-01  4.4837E-02
  2.9745E+03  3.0548E-01  4.4861E-02
  2.9766E+03  3.0541E-01  4.4884E-02
  2.9786E+03  3.0533E-01  4.4908E-02
  2.9807E+03  3.0526E-01  4.4932E-02
  2.9827E+03  3.0518E-01  4.4956E-02
  2.9848E+03  3.0511E-01  4.4980E-02
  2.9868E+03  3.0503E-01  4.5003E-02
  2.9889E+03  3.0496E-01  4.5027E-02
  2.9909E+03  3.0488E-01  4.5051E-02
  2.9930E+03  3.0481E-01  4.5075E-02
  2.9950E+03  3.0474E-01  4.5098E-02
  2.9971E+03  3.0466E-01  4.5122E-02
  2.9991E+03  3.0459E-01  4.5146E-02
  3.0000E+03  3.0456E-01  4.5156E-02
