# CREATED BY GENE DIAGNOSTICS TOOL on Wed Dec 16 18:30:47 2020
# diag: timetrace, run(s): 0023, time window: 0-3000(1430 steps), species: ions
# original data path: /marconi_scratch/userexternal/cmoreno0/GAM_HP_scan/scanfiles0002/
# normalization: L_ref=1.65m
#
#  t          Re[phi]     Im[phi]   
  0.0000E+00  9.9997E-01  0.0000E+00
  2.1000E+00  9.3604E-01  1.8805E-04
  4.2000E+00  8.4221E-01  3.0859E-04
  6.3000E+00  7.9175E-01  4.0772E-04
  8.4000E+00  7.5584E-01  5.0784E-04
  1.0500E+01  7.1359E-01  5.8465E-04
  1.2600E+01  6.7370E-01  6.3633E-04
  1.4700E+01  6.4378E-01  6.7338E-04
  1.6800E+01  6.2347E-01  7.0558E-04
  1.8900E+01  6.1091E-01  7.4285E-04
  2.1000E+01  6.0512E-01  7.9379E-04
  2.3100E+01  6.0517E-01  8.6237E-04
  2.5200E+01  6.0949E-01  9.4743E-04
  2.7300E+01  6.1627E-01  1.0432E-03
  2.9400E+01  6.2376E-01  1.1445E-03
  3.1500E+01  6.3043E-01  1.2444E-03
  3.3600E+01  6.3539E-01  1.3378E-03
  3.5700E+01  6.3806E-01  1.4228E-03
  3.7800E+01  6.3846E-01  1.4989E-03
  3.9900E+01  6.3697E-01  1.5679E-03
  4.2000E+01  6.3345E-01  1.6307E-03
  4.4100E+01  6.2941E-01  1.6919E-03
  4.6200E+01  6.2471E-01  1.7522E-03
  4.8300E+01  6.1960E-01  1.8132E-03
  5.0400E+01  6.1486E-01  1.8767E-03
  5.2500E+01  6.1061E-01  1.9428E-03
  5.4600E+01  6.0685E-01  2.0118E-03
  5.6700E+01  6.0362E-01  2.0830E-03
  5.8800E+01  6.0096E-01  2.1568E-03
  6.0900E+01  5.9863E-01  2.2308E-03
  6.3000E+01  5.9681E-01  2.3065E-03
  6.5100E+01  5.9508E-01  2.3812E-03
  6.7200E+01  5.9341E-01  2.4544E-03
  6.9300E+01  5.9219E-01  2.5287E-03
  7.1400E+01  5.9093E-01  2.6013E-03
  7.3500E+01  5.8955E-01  2.6699E-03
  7.5600E+01  5.8867E-01  2.7418E-03
  7.7700E+01  5.8769E-01  2.8159E-03
  7.9800E+01  5.8564E-01  2.8820E-03
  8.1900E+01  5.8359E-01  2.9452E-03
  8.4000E+01  5.8246E-01  3.0132E-03
  8.6100E+01  5.8162E-01  3.0823E-03
  8.8200E+01  5.8047E-01  3.1490E-03
  9.0300E+01  5.7911E-01  3.2147E-03
  9.2400E+01  5.7782E-01  3.2809E-03
  9.4500E+01  5.7660E-01  3.3474E-03
  9.6600E+01  5.7536E-01  3.4137E-03
  9.8700E+01  5.7411E-01  3.4796E-03
  1.0080E+02  5.7284E-01  3.5454E-03
  1.0290E+02  5.7153E-01  3.6111E-03
  1.0500E+02  5.7016E-01  3.6764E-03
  1.0710E+02  5.6875E-01  3.7412E-03
  1.0920E+02  5.6734E-01  3.8056E-03
  1.1130E+02  5.6596E-01  3.8699E-03
  1.1340E+02  5.6458E-01  3.9341E-03
  1.1550E+02  5.6321E-01  3.9981E-03
  1.1760E+02  5.6188E-01  4.0617E-03
  1.1970E+02  5.6059E-01  4.1247E-03
  1.2180E+02  5.5938E-01  4.1877E-03
  1.2390E+02  5.5819E-01  4.2511E-03
  1.2600E+02  5.5701E-01  4.3148E-03
  1.2810E+02  5.5585E-01  4.3782E-03
  1.3020E+02  5.5471E-01  4.4405E-03
  1.3230E+02  5.5361E-01  4.5019E-03
  1.3440E+02  5.5256E-01  4.5632E-03
  1.3650E+02  5.5152E-01  4.6253E-03
  1.3860E+02  5.5050E-01  4.6885E-03
  1.4070E+02  5.4949E-01  4.7519E-03
  1.4280E+02  5.4850E-01  4.8145E-03
  1.4490E+02  5.4752E-01  4.8758E-03
  1.4700E+02  5.4655E-01  4.9365E-03
  1.4910E+02  5.4559E-01  4.9973E-03
  1.5120E+02  5.4465E-01  5.0586E-03
  1.5330E+02  5.4373E-01  5.1203E-03
  1.5540E+02  5.4282E-01  5.1820E-03
  1.5750E+02  5.4188E-01  5.2432E-03
  1.5960E+02  5.4094E-01  5.3038E-03
  1.6170E+02  5.4002E-01  5.3641E-03
  1.6380E+02  5.3912E-01  5.4242E-03
  1.6590E+02  5.3825E-01  5.4840E-03
  1.6800E+02  5.3738E-01  5.5438E-03
  1.7010E+02  5.3654E-01  5.6036E-03
  1.7220E+02  5.3570E-01  5.6633E-03
  1.7430E+02  5.3486E-01  5.7228E-03
  1.7640E+02  5.3403E-01  5.7820E-03
  1.7850E+02  5.3320E-01  5.8409E-03
  1.8060E+02  5.3237E-01  5.8994E-03
  1.8270E+02  5.3152E-01  5.9576E-03
  1.8480E+02  5.3067E-01  6.0157E-03
  1.8690E+02  5.2983E-01  6.0739E-03
  1.8900E+02  5.2902E-01  6.1323E-03
  1.9110E+02  5.2825E-01  6.1908E-03
  1.9320E+02  5.2751E-01  6.2491E-03
  1.9530E+02  5.2679E-01  6.3072E-03
  1.9740E+02  5.2605E-01  6.3645E-03
  1.9950E+02  5.2529E-01  6.4211E-03
  2.0160E+02  5.2450E-01  6.4772E-03
  2.0370E+02  5.2369E-01  6.5332E-03
  2.0580E+02  5.2289E-01  6.5898E-03
  2.0790E+02  5.2210E-01  6.6471E-03
  2.1000E+02  5.2136E-01  6.7049E-03
  2.1210E+02  5.2066E-01  6.7623E-03
  2.1420E+02  5.2000E-01  6.8190E-03
  2.1630E+02  5.1934E-01  6.8742E-03
  2.1840E+02  5.1867E-01  6.9281E-03
  2.2050E+02  5.1799E-01  6.9811E-03
  2.2260E+02  5.1730E-01  7.0346E-03
  2.2470E+02  5.1658E-01  7.0900E-03
  2.2680E+02  5.1586E-01  7.1479E-03
  2.2890E+02  5.1514E-01  7.2077E-03
  2.3100E+02  5.1442E-01  7.2679E-03
  2.3310E+02  5.1370E-01  7.3264E-03
  2.3520E+02  5.1299E-01  7.3815E-03
  2.3730E+02  5.1231E-01  7.4319E-03
  2.3940E+02  5.1165E-01  7.4780E-03
  2.4150E+02  5.1102E-01  7.5218E-03
  2.4360E+02  5.1042E-01  7.5671E-03
  2.4570E+02  5.0986E-01  7.6180E-03
  2.4780E+02  5.0931E-01  7.6769E-03
  2.4990E+02  5.0876E-01  7.7437E-03
  2.5200E+02  5.0818E-01  7.8153E-03
  2.5410E+02  5.0754E-01  7.8867E-03
  2.5620E+02  5.0683E-01  7.9521E-03
  2.5830E+02  5.0608E-01  8.0063E-03
  2.6040E+02  5.0531E-01  8.0463E-03
  2.6250E+02  5.0455E-01  8.0727E-03
  2.6460E+02  5.0384E-01  8.0908E-03
  2.6670E+02  5.0321E-01  8.1094E-03
  2.6880E+02  5.0266E-01  8.1381E-03
  2.7090E+02  5.0220E-01  8.1847E-03
  2.7300E+02  5.0181E-01  8.2525E-03
  2.7510E+02  5.0143E-01  8.3397E-03
  2.7720E+02  5.0101E-01  8.4399E-03
  2.7930E+02  5.0051E-01  8.5432E-03
  2.8140E+02  4.9989E-01  8.6383E-03
  2.8350E+02  4.9918E-01  8.7152E-03
  2.8560E+02  4.9838E-01  8.7670E-03
  2.8770E+02  4.9756E-01  8.7921E-03
  2.8980E+02  4.9674E-01  8.7950E-03
  2.9190E+02  4.9599E-01  8.7850E-03
  2.9400E+02  4.9533E-01  8.7742E-03
  2.9610E+02  4.9477E-01  8.7748E-03
  2.9820E+02  4.9429E-01  8.7961E-03
  3.0030E+02  4.9386E-01  8.8431E-03
  3.0240E+02  4.9345E-01  8.9154E-03
  3.0450E+02  4.9303E-01  9.0079E-03
  3.0660E+02  4.9261E-01  9.1120E-03
  3.0870E+02  4.9218E-01  9.2174E-03
  3.1080E+02  4.9173E-01  9.3143E-03
  3.1290E+02  4.9126E-01  9.3952E-03
  3.1500E+02  4.9078E-01  9.4558E-03
  3.1710E+02  4.9026E-01  9.4962E-03
  3.1920E+02  4.8970E-01  9.5196E-03
  3.2130E+02  4.8910E-01  9.5319E-03
  3.2340E+02  4.8843E-01  9.5401E-03
  3.2550E+02  4.8771E-01  9.5514E-03
  3.2760E+02  4.8694E-01  9.5711E-03
  3.2970E+02  4.8617E-01  9.6028E-03
  3.3180E+02  4.8545E-01  9.6471E-03
  3.3390E+02  4.8481E-01  9.7030E-03
  3.3600E+02  4.8427E-01  9.7677E-03
  3.3810E+02  4.8386E-01  9.8371E-03
  3.4020E+02  4.8357E-01  9.9072E-03
  3.4230E+02  4.8338E-01  9.9742E-03
  3.4440E+02  4.8323E-01  1.0036E-02
  3.4650E+02  4.8309E-01  1.0090E-02
  3.4860E+02  4.8288E-01  1.0139E-02
  3.5070E+02  4.8256E-01  1.0181E-02
  3.5280E+02  4.8208E-01  1.0219E-02
  3.5490E+02  4.8143E-01  1.0255E-02
  3.5700E+02  4.8064E-01  1.0291E-02
  3.5910E+02  4.7976E-01  1.0329E-02
  3.6120E+02  4.7885E-01  1.0369E-02
  3.6330E+02  4.7799E-01  1.0411E-02
  3.6540E+02  4.7723E-01  1.0456E-02
  3.6750E+02  4.7662E-01  1.0503E-02
  3.6960E+02  4.7615E-01  1.0553E-02
  3.7170E+02  4.7583E-01  1.0603E-02
  3.7380E+02  4.7562E-01  1.0652E-02
  3.7590E+02  4.7547E-01  1.0701E-02
  3.7800E+02  4.7534E-01  1.0749E-02
  3.8010E+02  4.7517E-01  1.0796E-02
  3.8220E+02  4.7493E-01  1.0841E-02
  3.8430E+02  4.7459E-01  1.0884E-02
  3.8640E+02  4.7415E-01  1.0926E-02
  3.8850E+02  4.7361E-01  1.0969E-02
  3.9060E+02  4.7297E-01  1.1012E-02
  3.9270E+02  4.7227E-01  1.1055E-02
  3.9480E+02  4.7153E-01  1.1099E-02
  3.9690E+02  4.7079E-01  1.1142E-02
  3.9900E+02  4.7008E-01  1.1186E-02
  4.0110E+02  4.6942E-01  1.1230E-02
  4.0320E+02  4.6885E-01  1.1274E-02
  4.0530E+02  4.6838E-01  1.1318E-02
  4.0740E+02  4.6800E-01  1.1362E-02
  4.0950E+02  4.6771E-01  1.1405E-02
  4.1160E+02  4.6748E-01  1.1449E-02
  4.1370E+02  4.6729E-01  1.1493E-02
  4.1580E+02  4.6711E-01  1.1536E-02
  4.1790E+02  4.6690E-01  1.1579E-02
  4.2000E+02  4.6664E-01  1.1621E-02
  4.2210E+02  4.6632E-01  1.1662E-02
  4.2420E+02  4.6592E-01  1.1703E-02
  4.2630E+02  4.6546E-01  1.1745E-02
  4.2840E+02  4.6495E-01  1.1787E-02
  4.3050E+02  4.6442E-01  1.1831E-02
  4.3260E+02  4.6387E-01  1.1874E-02
  4.3470E+02  4.6333E-01  1.1917E-02
  4.3680E+02  4.6281E-01  1.1959E-02
  4.3890E+02  4.6233E-01  1.2000E-02
  4.4100E+02  4.6189E-01  1.2040E-02
  4.4310E+02  4.6149E-01  1.2080E-02
  4.4520E+02  4.6113E-01  1.2120E-02
  4.4730E+02  4.6080E-01  1.2161E-02
  4.4940E+02  4.6049E-01  1.2204E-02
  4.5150E+02  4.6020E-01  1.2247E-02
  4.5360E+02  4.5992E-01  1.2290E-02
  4.5570E+02  4.5963E-01  1.2332E-02
  4.5780E+02  4.5932E-01  1.2372E-02
  4.5990E+02  4.5899E-01  1.2410E-02
  4.6200E+02  4.5863E-01  1.2448E-02
  4.6410E+02  4.5824E-01  1.2485E-02
  4.6620E+02  4.5784E-01  1.2524E-02
  4.6830E+02  4.5742E-01  1.2566E-02
  4.7040E+02  4.5698E-01  1.2609E-02
  4.7250E+02  4.5652E-01  1.2653E-02
  4.7460E+02  4.5607E-01  1.2696E-02
  4.7670E+02  4.5562E-01  1.2737E-02
  4.7880E+02  4.5519E-01  1.2775E-02
  4.8090E+02  4.5477E-01  1.2811E-02
  4.8300E+02  4.5438E-01  1.2845E-02
  4.8510E+02  4.5401E-01  1.2880E-02
  4.8720E+02  4.5366E-01  1.2917E-02
  4.8930E+02  4.5333E-01  1.2958E-02
  4.9140E+02  4.5301E-01  1.3002E-02
  4.9350E+02  4.5268E-01  1.3047E-02
  4.9560E+02  4.5232E-01  1.3092E-02
  4.9770E+02  4.5194E-01  1.3134E-02
  4.9980E+02  4.5153E-01  1.3172E-02
  5.0190E+02  4.5111E-01  1.3204E-02
  5.0400E+02  4.5069E-01  1.3234E-02
  5.0610E+02  4.5028E-01  1.3263E-02
  5.0820E+02  4.4990E-01  1.3295E-02
  5.1030E+02  4.4954E-01  1.3333E-02
  5.1240E+02  4.4920E-01  1.3377E-02
  5.1450E+02  4.4886E-01  1.3425E-02
  5.1660E+02  4.4851E-01  1.3475E-02
  5.1870E+02  4.4816E-01  1.3524E-02
  5.2080E+02  4.4780E-01  1.3566E-02
  5.2290E+02  4.4742E-01  1.3600E-02
  5.2500E+02  4.4705E-01  1.3627E-02
  5.2710E+02  4.4669E-01  1.3649E-02
  5.2920E+02  4.4635E-01  1.3670E-02
  5.3130E+02  4.4603E-01  1.3695E-02
  5.3340E+02  4.4571E-01  1.3729E-02
  5.3550E+02  4.4539E-01  1.3772E-02
  5.3760E+02  4.4506E-01  1.3825E-02
  5.3970E+02  4.4472E-01  1.3882E-02
  5.4180E+02  4.4436E-01  1.3938E-02
  5.4390E+02  4.4400E-01  1.3988E-02
  5.4600E+02  4.4364E-01  1.4028E-02
  5.4810E+02  4.4329E-01  1.4056E-02
  5.5020E+02  4.4297E-01  1.4073E-02
  5.5230E+02  4.4266E-01  1.4084E-02
  5.5440E+02  4.4235E-01  1.4095E-02
  5.5650E+02  4.4204E-01  1.4113E-02
  5.5860E+02  4.4173E-01  1.4143E-02
  5.6070E+02  4.4141E-01  1.4187E-02
  5.6280E+02  4.4109E-01  1.4244E-02
  5.6490E+02  4.4077E-01  1.4309E-02
  5.6700E+02  4.4045E-01  1.4375E-02
  5.6910E+02  4.4014E-01  1.4436E-02
  5.7120E+02  4.3984E-01  1.4484E-02
  5.7330E+02  4.3955E-01  1.4518E-02
  5.7540E+02  4.3925E-01  1.4536E-02
  5.7750E+02  4.3895E-01  1.4543E-02
  5.7960E+02  4.3862E-01  1.4544E-02
  5.8170E+02  4.3827E-01  1.4546E-02
  5.8380E+02  4.3791E-01  1.4557E-02
  5.8590E+02  4.3754E-01  1.4580E-02
  5.8800E+02  4.3719E-01  1.4620E-02
  5.9010E+02  4.3685E-01  1.4674E-02
  5.9220E+02  4.3655E-01  1.4738E-02
  5.9430E+02  4.3628E-01  1.4807E-02
  5.9640E+02  4.3604E-01  1.4873E-02
  5.9850E+02  4.3581E-01  1.4931E-02
  6.0060E+02  4.3558E-01  1.4977E-02
  6.0270E+02  4.3533E-01  1.5008E-02
  6.0480E+02  4.3505E-01  1.5027E-02
  6.0690E+02  4.3473E-01  1.5036E-02
  6.0900E+02  4.3438E-01  1.5041E-02
  6.1110E+02  4.3402E-01  1.5047E-02
  6.1320E+02  4.3365E-01  1.5058E-02
  6.1530E+02  4.3329E-01  1.5079E-02
  6.1740E+02  4.3295E-01  1.5111E-02
  6.1950E+02  4.3265E-01  1.5152E-02
  6.2160E+02  4.3237E-01  1.5201E-02
  6.2370E+02  4.3211E-01  1.5255E-02
  6.2580E+02  4.3186E-01  1.5310E-02
  6.2790E+02  4.3161E-01  1.5362E-02
  6.3000E+02  4.3135E-01  1.5408E-02
  6.3210E+02  4.3107E-01  1.5447E-02
  6.3420E+02  4.3078E-01  1.5479E-02
  6.3630E+02  4.3048E-01  1.5505E-02
  6.3840E+02  4.3018E-01  1.5526E-02
  6.4050E+02  4.2988E-01  1.5545E-02
  6.4260E+02  4.2959E-01  1.5564E-02
  6.4470E+02  4.2931E-01  1.5585E-02
  6.4680E+02  4.2904E-01  1.5611E-02
  6.4890E+02  4.2876E-01  1.5641E-02
  6.5100E+02  4.2849E-01  1.5676E-02
  6.5310E+02  4.2821E-01  1.5714E-02
  6.5520E+02  4.2792E-01  1.5753E-02
  6.5730E+02  4.2762E-01  1.5794E-02
  6.5940E+02  4.2731E-01  1.5833E-02
  6.6150E+02  4.2701E-01  1.5870E-02
  6.6360E+02  4.2673E-01  1.5905E-02
  6.6570E+02  4.2647E-01  1.5938E-02
  6.6780E+02  4.2622E-01  1.5968E-02
  6.6990E+02  4.2598E-01  1.5997E-02
  6.7200E+02  4.2574E-01  1.6026E-02
  6.7410E+02  4.2550E-01  1.6054E-02
  6.7620E+02  4.2524E-01  1.6082E-02
  6.7830E+02  4.2496E-01  1.6110E-02
  6.8040E+02  4.2465E-01  1.6140E-02
  6.8250E+02  4.2434E-01  1.6170E-02
  6.8460E+02  4.2403E-01  1.6202E-02
  6.8670E+02  4.2373E-01  1.6235E-02
  6.8880E+02  4.2344E-01  1.6269E-02
  6.9090E+02  4.2317E-01  1.6302E-02
  6.9300E+02  4.2291E-01  1.6336E-02
  6.9510E+02  4.2268E-01  1.6369E-02
  6.9720E+02  4.2246E-01  1.6400E-02
  6.9930E+02  4.2224E-01  1.6431E-02
  7.0140E+02  4.2202E-01  1.6460E-02
  7.0350E+02  4.2179E-01  1.6489E-02
  7.0560E+02  4.2155E-01  1.6518E-02
  7.0770E+02  4.2127E-01  1.6548E-02
  7.0980E+02  4.2097E-01  1.6578E-02
  7.1190E+02  4.2064E-01  1.6609E-02
  7.1400E+02  4.2030E-01  1.6640E-02
  7.1610E+02  4.1994E-01  1.6671E-02
  7.1820E+02  4.1960E-01  1.6702E-02
  7.2030E+02  4.1928E-01  1.6732E-02
  7.2240E+02  4.1899E-01  1.6761E-02
  7.2450E+02  4.1873E-01  1.6791E-02
  7.2660E+02  4.1852E-01  1.6820E-02
  7.2870E+02  4.1833E-01  1.6850E-02
  7.3080E+02  4.1816E-01  1.6881E-02
  7.3290E+02  4.1800E-01  1.6913E-02
  7.3500E+02  4.1782E-01  1.6944E-02
  7.3710E+02  4.1762E-01  1.6975E-02
  7.3920E+02  4.1739E-01  1.7004E-02
  7.4130E+02  4.1712E-01  1.7033E-02
  7.4340E+02  4.1682E-01  1.7060E-02
  7.4550E+02  4.1650E-01  1.7087E-02
  7.4760E+02  4.1616E-01  1.7114E-02
  7.4970E+02  4.1581E-01  1.7143E-02
  7.5180E+02  4.1546E-01  1.7174E-02
  7.5390E+02  4.1512E-01  1.7206E-02
  7.5600E+02  4.1479E-01  1.7238E-02
  7.5810E+02  4.1448E-01  1.7270E-02
  7.6020E+02  4.1420E-01  1.7300E-02
  7.6230E+02  4.1396E-01  1.7329E-02
  7.6440E+02  4.1375E-01  1.7355E-02
  7.6650E+02  4.1357E-01  1.7381E-02
  7.6860E+02  4.1342E-01  1.7406E-02
  7.7070E+02  4.1328E-01  1.7433E-02
  7.7280E+02  4.1312E-01  1.7461E-02
  7.7490E+02  4.1294E-01  1.7492E-02
  7.7700E+02  4.1273E-01  1.7524E-02
  7.7910E+02  4.1248E-01  1.7557E-02
  7.8120E+02  4.1219E-01  1.7590E-02
  7.8330E+02  4.1187E-01  1.7620E-02
  7.8540E+02  4.1154E-01  1.7647E-02
  7.8750E+02  4.1121E-01  1.7671E-02
  7.8960E+02  4.1090E-01  1.7694E-02
  7.9170E+02  4.1060E-01  1.7717E-02
  7.9380E+02  4.1032E-01  1.7742E-02
  7.9590E+02  4.1006E-01  1.7770E-02
  7.9800E+02  4.0981E-01  1.7800E-02
  8.0010E+02  4.0958E-01  1.7834E-02
  8.0220E+02  4.0936E-01  1.7869E-02
  8.0430E+02  4.0915E-01  1.7903E-02
  8.0640E+02  4.0897E-01  1.7935E-02
  8.0850E+02  4.0879E-01  1.7963E-02
  8.1060E+02  4.0863E-01  1.7987E-02
  8.1270E+02  4.0847E-01  1.8008E-02
  8.1480E+02  4.0829E-01  1.8027E-02
  8.1690E+02  4.0809E-01  1.8047E-02
  8.1900E+02  4.0786E-01  1.8070E-02
  8.2110E+02  4.0760E-01  1.8098E-02
  8.2320E+02  4.0732E-01  1.8130E-02
  8.2530E+02  4.0702E-01  1.8166E-02
  8.2740E+02  4.0672E-01  1.8204E-02
  8.2950E+02  4.0644E-01  1.8240E-02
  8.3160E+02  4.0619E-01  1.8273E-02
  8.3370E+02  4.0596E-01  1.8301E-02
  8.3580E+02  4.0575E-01  1.8324E-02
  8.3790E+02  4.0556E-01  1.8342E-02
  8.4000E+02  4.0538E-01  1.8358E-02
  8.4210E+02  4.0520E-01  1.8374E-02
  8.4420E+02  4.0502E-01  1.8394E-02
  8.4630E+02  4.0483E-01  1.8419E-02
  8.4840E+02  4.0462E-01  1.8450E-02
  8.5050E+02  4.0442E-01  1.8486E-02
  8.5260E+02  4.0420E-01  1.8525E-02
  8.5470E+02  4.0399E-01  1.8564E-02
  8.5680E+02  4.0377E-01  1.8601E-02
  8.5890E+02  4.0355E-01  1.8633E-02
  8.6100E+02  4.0333E-01  1.8658E-02
  8.6310E+02  4.0310E-01  1.8678E-02
  8.6520E+02  4.0286E-01  1.8694E-02
  8.6730E+02  4.0262E-01  1.8707E-02
  8.6940E+02  4.0239E-01  1.8721E-02
  8.7150E+02  4.0215E-01  1.8739E-02
  8.7360E+02  4.0193E-01  1.8762E-02
  8.7570E+02  4.0172E-01  1.8791E-02
  8.7780E+02  4.0153E-01  1.8826E-02
  8.7990E+02  4.0134E-01  1.8865E-02
  8.8200E+02  4.0116E-01  1.8906E-02
  8.8410E+02  4.0098E-01  1.8945E-02
  8.8620E+02  4.0079E-01  1.8979E-02
  8.8830E+02  4.0059E-01  1.9009E-02
  8.9040E+02  4.0038E-01  1.9032E-02
  8.9250E+02  4.0015E-01  1.9050E-02
  8.9460E+02  3.9991E-01  1.9064E-02
  8.9670E+02  3.9968E-01  1.9076E-02
  8.9880E+02  3.9944E-01  1.9091E-02
  9.0090E+02  3.9922E-01  1.9109E-02
  9.0300E+02  3.9900E-01  1.9132E-02
  9.0510E+02  3.9879E-01  1.9160E-02
  9.0720E+02  3.9858E-01  1.9193E-02
  9.0930E+02  3.9837E-01  1.9228E-02
  9.1140E+02  3.9816E-01  1.9265E-02
  9.1350E+02  3.9795E-01  1.9301E-02
  9.1560E+02  3.9773E-01  1.9335E-02
  9.1770E+02  3.9751E-01  1.9364E-02
  9.1980E+02  3.9730E-01  1.9390E-02
  9.2190E+02  3.9710E-01  1.9412E-02
  9.2400E+02  3.9689E-01  1.9431E-02
  9.2610E+02  3.9669E-01  1.9449E-02
  9.2820E+02  3.9649E-01  1.9467E-02
  9.3030E+02  3.9628E-01  1.9485E-02
  9.3240E+02  3.9606E-01  1.9506E-02
  9.3450E+02  3.9583E-01  1.9530E-02
  9.3660E+02  3.9559E-01  1.9556E-02
  9.3870E+02  3.9535E-01  1.9585E-02
  9.4080E+02  3.9512E-01  1.9616E-02
  9.4290E+02  3.9489E-01  1.9647E-02
  9.4500E+02  3.9468E-01  1.9678E-02
  9.4710E+02  3.9448E-01  1.9708E-02
  9.4920E+02  3.9428E-01  1.9736E-02
  9.5130E+02  3.9409E-01  1.9762E-02
  9.5340E+02  3.9390E-01  1.9785E-02
  9.5550E+02  3.9369E-01  1.9808E-02
  9.5760E+02  3.9347E-01  1.9829E-02
  9.5970E+02  3.9325E-01  1.9850E-02
  9.6180E+02  3.9302E-01  1.9872E-02
  9.6390E+02  3.9280E-01  1.9895E-02
  9.6600E+02  3.9258E-01  1.9919E-02
  9.6810E+02  3.9237E-01  1.9944E-02
  9.7020E+02  3.9217E-01  1.9970E-02
  9.7230E+02  3.9197E-01  1.9997E-02
  9.7440E+02  3.9178E-01  2.0024E-02
  9.7650E+02  3.9158E-01  2.0051E-02
  9.7860E+02  3.9138E-01  2.0077E-02
  9.8070E+02  3.9116E-01  2.0103E-02
  9.8280E+02  3.9095E-01  2.0128E-02
  9.8490E+02  3.9073E-01  2.0152E-02
  9.8700E+02  3.9052E-01  2.0177E-02
  9.8910E+02  3.9032E-01  2.0201E-02
  9.9120E+02  3.9012E-01  2.0225E-02
  9.9330E+02  3.8993E-01  2.0248E-02
  9.9540E+02  3.8974E-01  2.0272E-02
  9.9750E+02  3.8955E-01  2.0296E-02
  9.9960E+02  3.8935E-01  2.0320E-02
  1.0017E+03  3.8916E-01  2.0344E-02
  1.0038E+03  3.8897E-01  2.0368E-02
  1.0059E+03  3.8878E-01  2.0393E-02
  1.0080E+03  3.8859E-01  2.0419E-02
  1.0101E+03  3.8840E-01  2.0444E-02
  1.0122E+03  3.8820E-01  2.0470E-02
  1.0143E+03  3.8801E-01  2.0495E-02
  1.0164E+03  3.8781E-01  2.0520E-02
  1.0185E+03  3.8761E-01  2.0544E-02
  1.0206E+03  3.8741E-01  2.0567E-02
  1.0227E+03  3.8722E-01  2.0591E-02
  1.0248E+03  3.8704E-01  2.0614E-02
  1.0269E+03  3.8686E-01  2.0638E-02
  1.0290E+03  3.8668E-01  2.0661E-02
  1.0311E+03  3.8651E-01  2.0685E-02
  1.0332E+03  3.8634E-01  2.0710E-02
  1.0353E+03  3.8615E-01  2.0734E-02
  1.0374E+03  3.8596E-01  2.0759E-02
  1.0395E+03  3.8576E-01  2.0784E-02
  1.0416E+03  3.8556E-01  2.0808E-02
  1.0437E+03  3.8537E-01  2.0833E-02
  1.0458E+03  3.8518E-01  2.0857E-02
  1.0479E+03  3.8500E-01  2.0881E-02
  1.0500E+03  3.8484E-01  2.0904E-02
  1.0521E+03  3.8468E-01  2.0927E-02
  1.0542E+03  3.8452E-01  2.0951E-02
  1.0563E+03  3.8436E-01  2.0974E-02
  1.0584E+03  3.8419E-01  2.0998E-02
  1.0605E+03  3.8401E-01  2.1022E-02
  1.0626E+03  3.8382E-01  2.1047E-02
  1.0647E+03  3.8362E-01  2.1072E-02
  1.0668E+03  3.8341E-01  2.1096E-02
  1.0689E+03  3.8321E-01  2.1120E-02
  1.0710E+03  3.8301E-01  2.1144E-02
  1.0731E+03  3.8282E-01  2.1167E-02
  1.0752E+03  3.8265E-01  2.1189E-02
  1.0773E+03  3.8247E-01  2.1212E-02
  1.0794E+03  3.8231E-01  2.1235E-02
  1.0815E+03  3.8214E-01  2.1258E-02
  1.0836E+03  3.8197E-01  2.1282E-02
  1.0857E+03  3.8181E-01  2.1307E-02
  1.0878E+03  3.8165E-01  2.1333E-02
  1.0899E+03  3.8148E-01  2.1358E-02
  1.0920E+03  3.8132E-01  2.1383E-02
  1.0941E+03  3.8115E-01  2.1407E-02
  1.0962E+03  3.8098E-01  2.1429E-02
  1.0983E+03  3.8080E-01  2.1451E-02
  1.1004E+03  3.8061E-01  2.1473E-02
  1.1025E+03  3.8040E-01  2.1494E-02
  1.1046E+03  3.8020E-01  2.1516E-02
  1.1067E+03  3.7998E-01  2.1539E-02
  1.1088E+03  3.7978E-01  2.1563E-02
  1.1109E+03  3.7957E-01  2.1588E-02
  1.1130E+03  3.7938E-01  2.1613E-02
  1.1151E+03  3.7920E-01  2.1639E-02
  1.1172E+03  3.7904E-01  2.1665E-02
  1.1193E+03  3.7888E-01  2.1690E-02
  1.1214E+03  3.7873E-01  2.1713E-02
  1.1235E+03  3.7858E-01  2.1735E-02
  1.1256E+03  3.7843E-01  2.1757E-02
  1.1277E+03  3.7827E-01  2.1777E-02
  1.1298E+03  3.7811E-01  2.1797E-02
  1.1319E+03  3.7793E-01  2.1818E-02
  1.1340E+03  3.7775E-01  2.1841E-02
  1.1361E+03  3.7756E-01  2.1864E-02
  1.1382E+03  3.7736E-01  2.1890E-02
  1.1403E+03  3.7715E-01  2.1916E-02
  1.1424E+03  3.7694E-01  2.1943E-02
  1.1445E+03  3.7674E-01  2.1969E-02
  1.1466E+03  3.7653E-01  2.1995E-02
  1.1487E+03  3.7633E-01  2.2018E-02
  1.1508E+03  3.7614E-01  2.2039E-02
  1.1529E+03  3.7595E-01  2.2059E-02
  1.1550E+03  3.7578E-01  2.2078E-02
  1.1571E+03  3.7562E-01  2.2097E-02
  1.1592E+03  3.7547E-01  2.2117E-02
  1.1613E+03  3.7533E-01  2.2139E-02
  1.1634E+03  3.7518E-01  2.2163E-02
  1.1655E+03  3.7503E-01  2.2189E-02
  1.1676E+03  3.7487E-01  2.2216E-02
  1.1697E+03  3.7470E-01  2.2243E-02
  1.1718E+03  3.7452E-01  2.2270E-02
  1.1739E+03  3.7433E-01  2.2295E-02
  1.1760E+03  3.7413E-01  2.2318E-02
  1.1781E+03  3.7393E-01  2.2340E-02
  1.1802E+03  3.7373E-01  2.2360E-02
  1.1823E+03  3.7353E-01  2.2379E-02
  1.1844E+03  3.7335E-01  2.2398E-02
  1.1865E+03  3.7316E-01  2.2418E-02
  1.1886E+03  3.7299E-01  2.2439E-02
  1.1907E+03  3.7282E-01  2.2461E-02
  1.1928E+03  3.7265E-01  2.2485E-02
  1.1949E+03  3.7248E-01  2.2509E-02
  1.1970E+03  3.7232E-01  2.2535E-02
  1.1991E+03  3.7216E-01  2.2562E-02
  1.2012E+03  3.7201E-01  2.2588E-02
  1.2033E+03  3.7186E-01  2.2613E-02
  1.2054E+03  3.7171E-01  2.2637E-02
  1.2075E+03  3.7156E-01  2.2660E-02
  1.2096E+03  3.7141E-01  2.2681E-02
  1.2117E+03  3.7124E-01  2.2701E-02
  1.2138E+03  3.7107E-01  2.2720E-02
  1.2159E+03  3.7088E-01  2.2739E-02
  1.2180E+03  3.7069E-01  2.2759E-02
  1.2201E+03  3.7050E-01  2.2780E-02
  1.2222E+03  3.7031E-01  2.2802E-02
  1.2243E+03  3.7013E-01  2.2827E-02
  1.2264E+03  3.6996E-01  2.2852E-02
  1.2285E+03  3.6981E-01  2.2878E-02
  1.2306E+03  3.6966E-01  2.2904E-02
  1.2327E+03  3.6951E-01  2.2929E-02
  1.2348E+03  3.6937E-01  2.2953E-02
  1.2369E+03  3.6922E-01  2.2975E-02
  1.2390E+03  3.6907E-01  2.2997E-02
  1.2411E+03  3.6892E-01  2.3017E-02
  1.2432E+03  3.6876E-01  2.3038E-02
  1.2453E+03  3.6861E-01  2.3059E-02
  1.2474E+03  3.6845E-01  2.3080E-02
  1.2495E+03  3.6829E-01  2.3102E-02
  1.2516E+03  3.6813E-01  2.3125E-02
  1.2537E+03  3.6797E-01  2.3147E-02
  1.2558E+03  3.6781E-01  2.3170E-02
  1.2579E+03  3.6764E-01  2.3193E-02
  1.2600E+03  3.6747E-01  2.3216E-02
  1.2621E+03  3.6730E-01  2.3239E-02
  1.2642E+03  3.6714E-01  2.3262E-02
  1.2663E+03  3.6698E-01  2.3286E-02
  1.2684E+03  3.6683E-01  2.3309E-02
  1.2705E+03  3.6669E-01  2.3332E-02
  1.2726E+03  3.6655E-01  2.3355E-02
  1.2747E+03  3.6641E-01  2.3378E-02
  1.2768E+03  3.6627E-01  2.3399E-02
  1.2789E+03  3.6613E-01  2.3420E-02
  1.2810E+03  3.6598E-01  2.3441E-02
  1.2831E+03  3.6582E-01  2.3462E-02
  1.2852E+03  3.6566E-01  2.3484E-02
  1.2873E+03  3.6550E-01  2.3506E-02
  1.2894E+03  3.6535E-01  2.3529E-02
  1.2915E+03  3.6519E-01  2.3553E-02
  1.2936E+03  3.6504E-01  2.3577E-02
  1.2957E+03  3.6489E-01  2.3600E-02
  1.2978E+03  3.6473E-01  2.3624E-02
  1.2999E+03  3.6458E-01  2.3646E-02
  1.3020E+03  3.6443E-01  2.3668E-02
  1.3041E+03  3.6428E-01  2.3690E-02
  1.3062E+03  3.6413E-01  2.3711E-02
  1.3083E+03  3.6399E-01  2.3733E-02
  1.3104E+03  3.6384E-01  2.3754E-02
  1.3125E+03  3.6370E-01  2.3777E-02
  1.3146E+03  3.6355E-01  2.3799E-02
  1.3167E+03  3.6341E-01  2.3822E-02
  1.3188E+03  3.6326E-01  2.3845E-02
  1.3209E+03  3.6311E-01  2.3868E-02
  1.3230E+03  3.6296E-01  2.3891E-02
  1.3251E+03  3.6281E-01  2.3913E-02
  1.3272E+03  3.6266E-01  2.3935E-02
  1.3293E+03  3.6252E-01  2.3957E-02
  1.3314E+03  3.6237E-01  2.3978E-02
  1.3335E+03  3.6223E-01  2.4000E-02
  1.3356E+03  3.6208E-01  2.4023E-02
  1.3377E+03  3.6194E-01  2.4045E-02
  1.3398E+03  3.6179E-01  2.4068E-02
  1.3419E+03  3.6164E-01  2.4092E-02
  1.3440E+03  3.6149E-01  2.4114E-02
  1.3461E+03  3.6133E-01  2.4137E-02
  1.3482E+03  3.6119E-01  2.4159E-02
  1.3503E+03  3.6104E-01  2.4180E-02
  1.3524E+03  3.6090E-01  2.4202E-02
  1.3545E+03  3.6076E-01  2.4223E-02
  1.3566E+03  3.6062E-01  2.4245E-02
  1.3587E+03  3.6048E-01  2.4267E-02
  1.3608E+03  3.6034E-01  2.4290E-02
  1.3629E+03  3.6019E-01  2.4313E-02
  1.3650E+03  3.6004E-01  2.4336E-02
  1.3671E+03  3.5989E-01  2.4359E-02
  1.3692E+03  3.5974E-01  2.4382E-02
  1.3713E+03  3.5959E-01  2.4404E-02
  1.3734E+03  3.5945E-01  2.4426E-02
  1.3755E+03  3.5930E-01  2.4448E-02
  1.3776E+03  3.5916E-01  2.4469E-02
  1.3797E+03  3.5902E-01  2.4491E-02
  1.3818E+03  3.5888E-01  2.4513E-02
  1.3839E+03  3.5874E-01  2.4535E-02
  1.3860E+03  3.5859E-01  2.4558E-02
  1.3881E+03  3.5844E-01  2.4580E-02
  1.3902E+03  3.5830E-01  2.4603E-02
  1.3923E+03  3.5815E-01  2.4625E-02
  1.3944E+03  3.5800E-01  2.4648E-02
  1.3965E+03  3.5786E-01  2.4670E-02
  1.3986E+03  3.5771E-01  2.4692E-02
  1.4007E+03  3.5757E-01  2.4714E-02
  1.4028E+03  3.5742E-01  2.4736E-02
  1.4049E+03  3.5728E-01  2.4758E-02
  1.4070E+03  3.5714E-01  2.4781E-02
  1.4091E+03  3.5699E-01  2.4803E-02
  1.4112E+03  3.5685E-01  2.4826E-02
  1.4133E+03  3.5670E-01  2.4848E-02
  1.4154E+03  3.5656E-01  2.4869E-02
  1.4175E+03  3.5642E-01  2.4891E-02
  1.4196E+03  3.5628E-01  2.4913E-02
  1.4217E+03  3.5613E-01  2.4935E-02
  1.4238E+03  3.5599E-01  2.4957E-02
  1.4259E+03  3.5584E-01  2.4980E-02
  1.4280E+03  3.5569E-01  2.5002E-02
  1.4301E+03  3.5554E-01  2.5025E-02
  1.4322E+03  3.5539E-01  2.5048E-02
  1.4343E+03  3.5524E-01  2.5070E-02
  1.4364E+03  3.5510E-01  2.5092E-02
  1.4385E+03  3.5496E-01  2.5114E-02
  1.4406E+03  3.5482E-01  2.5136E-02
  1.4427E+03  3.5469E-01  2.5158E-02
  1.4448E+03  3.5456E-01  2.5180E-02
  1.4469E+03  3.5443E-01  2.5202E-02
  1.4490E+03  3.5429E-01  2.5224E-02
  1.4511E+03  3.5414E-01  2.5246E-02
  1.4532E+03  3.5400E-01  2.5268E-02
  1.4553E+03  3.5384E-01  2.5290E-02
  1.4574E+03  3.5369E-01  2.5313E-02
  1.4595E+03  3.5354E-01  2.5335E-02
  1.4616E+03  3.5339E-01  2.5358E-02
  1.4637E+03  3.5324E-01  2.5380E-02
  1.4658E+03  3.5310E-01  2.5403E-02
  1.4679E+03  3.5296E-01  2.5425E-02
  1.4700E+03  3.5283E-01  2.5447E-02
  1.4721E+03  3.5269E-01  2.5469E-02
  1.4742E+03  3.5256E-01  2.5490E-02
  1.4763E+03  3.5242E-01  2.5511E-02
  1.4784E+03  3.5229E-01  2.5532E-02
  1.4805E+03  3.5215E-01  2.5554E-02
  1.4826E+03  3.5201E-01  2.5577E-02
  1.4847E+03  3.5188E-01  2.5600E-02
  1.4868E+03  3.5174E-01  2.5623E-02
  1.4889E+03  3.5161E-01  2.5646E-02
  1.4910E+03  3.5147E-01  2.5670E-02
  1.4931E+03  3.5133E-01  2.5692E-02
  1.4952E+03  3.5118E-01  2.5715E-02
  1.4973E+03  3.5103E-01  2.5736E-02
  1.4994E+03  3.5088E-01  2.5757E-02
  1.5015E+03  3.5073E-01  2.5778E-02
  1.5036E+03  3.5059E-01  2.5799E-02
  1.5057E+03  3.5045E-01  2.5820E-02
  1.5078E+03  3.5031E-01  2.5842E-02
  1.5099E+03  3.5019E-01  2.5865E-02
  1.5120E+03  3.5006E-01  2.5888E-02
  1.5141E+03  3.4994E-01  2.5911E-02
  1.5162E+03  3.4981E-01  2.5934E-02
  1.5183E+03  3.4968E-01  2.5957E-02
  1.5204E+03  3.4955E-01  2.5979E-02
  1.5225E+03  3.4941E-01  2.6001E-02
  1.5246E+03  3.4928E-01  2.6023E-02
  1.5267E+03  3.4914E-01  2.6045E-02
  1.5288E+03  3.4901E-01  2.6066E-02
  1.5309E+03  3.4887E-01  2.6088E-02
  1.5330E+03  3.4873E-01  2.6110E-02
  1.5351E+03  3.4859E-01  2.6132E-02
  1.5372E+03  3.4845E-01  2.6155E-02
  1.5393E+03  3.4831E-01  2.6176E-02
  1.5414E+03  3.4816E-01  2.6198E-02
  1.5435E+03  3.4802E-01  2.6220E-02
  1.5456E+03  3.4789E-01  2.6242E-02
  1.5477E+03  3.4776E-01  2.6264E-02
  1.5498E+03  3.4763E-01  2.6287E-02
  1.5519E+03  3.4751E-01  2.6310E-02
  1.5540E+03  3.4740E-01  2.6333E-02
  1.5561E+03  3.4728E-01  2.6356E-02
  1.5582E+03  3.4716E-01  2.6379E-02
  1.5603E+03  3.4703E-01  2.6401E-02
  1.5624E+03  3.4690E-01  2.6422E-02
  1.5645E+03  3.4677E-01  2.6444E-02
  1.5666E+03  3.4663E-01  2.6465E-02
  1.5687E+03  3.4649E-01  2.6486E-02
  1.5708E+03  3.4636E-01  2.6507E-02
  1.5729E+03  3.4622E-01  2.6529E-02
  1.5750E+03  3.4609E-01  2.6552E-02
  1.5771E+03  3.4595E-01  2.6575E-02
  1.5792E+03  3.4582E-01  2.6598E-02
  1.5813E+03  3.4569E-01  2.6622E-02
  1.5834E+03  3.4556E-01  2.6644E-02
  1.5855E+03  3.4543E-01  2.6667E-02
  1.5876E+03  3.4531E-01  2.6688E-02
  1.5897E+03  3.4519E-01  2.6710E-02
  1.5918E+03  3.4507E-01  2.6731E-02
  1.5939E+03  3.4495E-01  2.6753E-02
  1.5960E+03  3.4483E-01  2.6774E-02
  1.5981E+03  3.4471E-01  2.6797E-02
  1.6002E+03  3.4459E-01  2.6819E-02
  1.6023E+03  3.4446E-01  2.6842E-02
  1.6044E+03  3.4433E-01  2.6865E-02
  1.6065E+03  3.4420E-01  2.6888E-02
  1.6086E+03  3.4406E-01  2.6910E-02
  1.6107E+03  3.4393E-01  2.6932E-02
  1.6128E+03  3.4380E-01  2.6954E-02
  1.6149E+03  3.4367E-01  2.6975E-02
  1.6170E+03  3.4354E-01  2.6997E-02
  1.6191E+03  3.4342E-01  2.7019E-02
  1.6212E+03  3.4329E-01  2.7041E-02
  1.6233E+03  3.4317E-01  2.7064E-02
  1.6254E+03  3.4305E-01  2.7087E-02
  1.6275E+03  3.4293E-01  2.7110E-02
  1.6296E+03  3.4281E-01  2.7133E-02
  1.6317E+03  3.4269E-01  2.7155E-02
  1.6338E+03  3.4257E-01  2.7177E-02
  1.6359E+03  3.4245E-01  2.7199E-02
  1.6380E+03  3.4233E-01  2.7220E-02
  1.6401E+03  3.4221E-01  2.7242E-02
  1.6422E+03  3.4208E-01  2.7263E-02
  1.6443E+03  3.4195E-01  2.7285E-02
  1.6464E+03  3.4183E-01  2.7308E-02
  1.6485E+03  3.4170E-01  2.7331E-02
  1.6506E+03  3.4157E-01  2.7354E-02
  1.6527E+03  3.4145E-01  2.7377E-02
  1.6548E+03  3.4132E-01  2.7400E-02
  1.6569E+03  3.4120E-01  2.7422E-02
  1.6590E+03  3.4108E-01  2.7444E-02
  1.6611E+03  3.4096E-01  2.7466E-02
  1.6632E+03  3.4084E-01  2.7487E-02
  1.6653E+03  3.4072E-01  2.7509E-02
  1.6674E+03  3.4060E-01  2.7531E-02
  1.6695E+03  3.4048E-01  2.7553E-02
  1.6716E+03  3.4036E-01  2.7575E-02
  1.6737E+03  3.4023E-01  2.7598E-02
  1.6758E+03  3.4011E-01  2.7621E-02
  1.6779E+03  3.3999E-01  2.7644E-02
  1.6800E+03  3.3988E-01  2.7667E-02
  1.6821E+03  3.3976E-01  2.7689E-02
  1.6842E+03  3.3964E-01  2.7712E-02
  1.6863E+03  3.3951E-01  2.7734E-02
  1.6884E+03  3.3939E-01  2.7755E-02
  1.6905E+03  3.3926E-01  2.7777E-02
  1.6926E+03  3.3914E-01  2.7799E-02
  1.6947E+03  3.3901E-01  2.7821E-02
  1.6968E+03  3.3889E-01  2.7843E-02
  1.6989E+03  3.3877E-01  2.7866E-02
  1.7010E+03  3.3865E-01  2.7889E-02
  1.7031E+03  3.3854E-01  2.7912E-02
  1.7052E+03  3.3843E-01  2.7934E-02
  1.7073E+03  3.3831E-01  2.7957E-02
  1.7094E+03  3.3819E-01  2.7979E-02
  1.7115E+03  3.3808E-01  2.8001E-02
  1.7136E+03  3.3795E-01  2.8023E-02
  1.7157E+03  3.3783E-01  2.8045E-02
  1.7178E+03  3.3771E-01  2.8067E-02
  1.7199E+03  3.3759E-01  2.8089E-02
  1.7220E+03  3.3747E-01  2.8111E-02
  1.7241E+03  3.3735E-01  2.8134E-02
  1.7262E+03  3.3723E-01  2.8157E-02
  1.7283E+03  3.3712E-01  2.8180E-02
  1.7304E+03  3.3700E-01  2.8202E-02
  1.7325E+03  3.3688E-01  2.8225E-02
  1.7346E+03  3.3677E-01  2.8247E-02
  1.7367E+03  3.3665E-01  2.8270E-02
  1.7388E+03  3.3653E-01  2.8292E-02
  1.7409E+03  3.3641E-01  2.8313E-02
  1.7430E+03  3.3629E-01  2.8335E-02
  1.7451E+03  3.3618E-01  2.8358E-02
  1.7472E+03  3.3606E-01  2.8380E-02
  1.7493E+03  3.3595E-01  2.8403E-02
  1.7514E+03  3.3583E-01  2.8425E-02
  1.7535E+03  3.3572E-01  2.8448E-02
  1.7556E+03  3.3560E-01  2.8471E-02
  1.7577E+03  3.3548E-01  2.8494E-02
  1.7598E+03  3.3537E-01  2.8516E-02
  1.7619E+03  3.3525E-01  2.8538E-02
  1.7640E+03  3.3513E-01  2.8560E-02
  1.7661E+03  3.3502E-01  2.8582E-02
  1.7682E+03  3.3491E-01  2.8604E-02
  1.7703E+03  3.3480E-01  2.8627E-02
  1.7724E+03  3.3468E-01  2.8649E-02
  1.7745E+03  3.3457E-01  2.8672E-02
  1.7766E+03  3.3445E-01  2.8695E-02
  1.7787E+03  3.3434E-01  2.8717E-02
  1.7808E+03  3.3422E-01  2.8740E-02
  1.7829E+03  3.3410E-01  2.8762E-02
  1.7850E+03  3.3399E-01  2.8785E-02
  1.7871E+03  3.3387E-01  2.8807E-02
  1.7892E+03  3.3376E-01  2.8829E-02
  1.7913E+03  3.3365E-01  2.8852E-02
  1.7934E+03  3.3354E-01  2.8874E-02
  1.7955E+03  3.3343E-01  2.8897E-02
  1.7976E+03  3.3332E-01  2.8919E-02
  1.7997E+03  3.3321E-01  2.8942E-02
  1.8018E+03  3.3309E-01  2.8964E-02
  1.8039E+03  3.3297E-01  2.8987E-02
  1.8060E+03  3.3286E-01  2.9009E-02
  1.8081E+03  3.3275E-01  2.9031E-02
  1.8102E+03  3.3264E-01  2.9054E-02
  1.8123E+03  3.3252E-01  2.9076E-02
  1.8144E+03  3.3241E-01  2.9099E-02
  1.8165E+03  3.3230E-01  2.9122E-02
  1.8186E+03  3.3219E-01  2.9144E-02
  1.8207E+03  3.3208E-01  2.9167E-02
  1.8228E+03  3.3196E-01  2.9189E-02
  1.8249E+03  3.3185E-01  2.9212E-02
  1.8270E+03  3.3173E-01  2.9234E-02
  1.8291E+03  3.3162E-01  2.9256E-02
  1.8312E+03  3.3151E-01  2.9278E-02
  1.8333E+03  3.3141E-01  2.9301E-02
  1.8354E+03  3.3130E-01  2.9323E-02
  1.8375E+03  3.3119E-01  2.9346E-02
  1.8396E+03  3.3108E-01  2.9369E-02
  1.8417E+03  3.3097E-01  2.9392E-02
  1.8438E+03  3.3086E-01  2.9415E-02
  1.8459E+03  3.3074E-01  2.9438E-02
  1.8480E+03  3.3063E-01  2.9460E-02
  1.8501E+03  3.3052E-01  2.9482E-02
  1.8522E+03  3.3040E-01  2.9504E-02
  1.8543E+03  3.3029E-01  2.9526E-02
  1.8564E+03  3.3018E-01  2.9549E-02
  1.8585E+03  3.3007E-01  2.9571E-02
  1.8606E+03  3.2996E-01  2.9594E-02
  1.8627E+03  3.2985E-01  2.9617E-02
  1.8648E+03  3.2974E-01  2.9640E-02
  1.8669E+03  3.2963E-01  2.9663E-02
  1.8690E+03  3.2952E-01  2.9686E-02
  1.8711E+03  3.2942E-01  2.9708E-02
  1.8732E+03  3.2931E-01  2.9731E-02
  1.8753E+03  3.2920E-01  2.9753E-02
  1.8774E+03  3.2910E-01  2.9775E-02
  1.8795E+03  3.2899E-01  2.9797E-02
  1.8816E+03  3.2888E-01  2.9820E-02
  1.8837E+03  3.2877E-01  2.9842E-02
  1.8858E+03  3.2866E-01  2.9865E-02
  1.8879E+03  3.2855E-01  2.9888E-02
  1.8900E+03  3.2844E-01  2.9911E-02
  1.8921E+03  3.2832E-01  2.9934E-02
  1.8942E+03  3.2821E-01  2.9956E-02
  1.8963E+03  3.2810E-01  2.9979E-02
  1.8984E+03  3.2800E-01  3.0001E-02
  1.9005E+03  3.2789E-01  3.0024E-02
  1.9026E+03  3.2779E-01  3.0046E-02
  1.9047E+03  3.2768E-01  3.0068E-02
  1.9068E+03  3.2758E-01  3.0091E-02
  1.9089E+03  3.2747E-01  3.0114E-02
  1.9110E+03  3.2737E-01  3.0136E-02
  1.9131E+03  3.2726E-01  3.0159E-02
  1.9152E+03  3.2716E-01  3.0183E-02
  1.9173E+03  3.2705E-01  3.0205E-02
  1.9194E+03  3.2695E-01  3.0228E-02
  1.9215E+03  3.2684E-01  3.0251E-02
  1.9236E+03  3.2673E-01  3.0273E-02
  1.9257E+03  3.2662E-01  3.0295E-02
  1.9278E+03  3.2651E-01  3.0317E-02
  1.9299E+03  3.2640E-01  3.0340E-02
  1.9320E+03  3.2629E-01  3.0362E-02
  1.9341E+03  3.2618E-01  3.0385E-02
  1.9362E+03  3.2607E-01  3.0408E-02
  1.9383E+03  3.2597E-01  3.0431E-02
  1.9404E+03  3.2587E-01  3.0454E-02
  1.9425E+03  3.2576E-01  3.0478E-02
  1.9446E+03  3.2566E-01  3.0500E-02
  1.9467E+03  3.2556E-01  3.0523E-02
  1.9488E+03  3.2546E-01  3.0545E-02
  1.9509E+03  3.2535E-01  3.0567E-02
  1.9530E+03  3.2525E-01  3.0589E-02
  1.9551E+03  3.2514E-01  3.0611E-02
  1.9572E+03  3.2504E-01  3.0634E-02
  1.9593E+03  3.2493E-01  3.0657E-02
  1.9614E+03  3.2483E-01  3.0680E-02
  1.9635E+03  3.2472E-01  3.0703E-02
  1.9656E+03  3.2461E-01  3.0726E-02
  1.9677E+03  3.2451E-01  3.0749E-02
  1.9698E+03  3.2440E-01  3.0772E-02
  1.9719E+03  3.2429E-01  3.0795E-02
  1.9740E+03  3.2418E-01  3.0817E-02
  1.9761E+03  3.2408E-01  3.0839E-02
  1.9782E+03  3.2397E-01  3.0862E-02
  1.9803E+03  3.2387E-01  3.0884E-02
  1.9824E+03  3.2377E-01  3.0907E-02
  1.9845E+03  3.2367E-01  3.0930E-02
  1.9866E+03  3.2357E-01  3.0952E-02
  1.9887E+03  3.2347E-01  3.0976E-02
  1.9908E+03  3.2337E-01  3.0999E-02
  1.9929E+03  3.2326E-01  3.1022E-02
  1.9950E+03  3.2316E-01  3.1044E-02
  1.9971E+03  3.2305E-01  3.1067E-02
  1.9992E+03  3.2294E-01  3.1090E-02
  2.0013E+03  3.2283E-01  3.1112E-02
  2.0034E+03  3.2273E-01  3.1135E-02
  2.0055E+03  3.2262E-01  3.1157E-02
  2.0076E+03  3.2252E-01  3.1179E-02
  2.0097E+03  3.2242E-01  3.1202E-02
  2.0118E+03  3.2231E-01  3.1225E-02
  2.0139E+03  3.2221E-01  3.1248E-02
  2.0160E+03  3.2210E-01  3.1271E-02
  2.0181E+03  3.2200E-01  3.1294E-02
  2.0202E+03  3.2190E-01  3.1317E-02
  2.0223E+03  3.2179E-01  3.1340E-02
  2.0244E+03  3.2169E-01  3.1363E-02
  2.0265E+03  3.2159E-01  3.1385E-02
  2.0286E+03  3.2149E-01  3.1408E-02
  2.0307E+03  3.2139E-01  3.1430E-02
  2.0328E+03  3.2129E-01  3.1453E-02
  2.0349E+03  3.2118E-01  3.1475E-02
  2.0370E+03  3.2108E-01  3.1498E-02
  2.0391E+03  3.2097E-01  3.1521E-02
  2.0412E+03  3.2086E-01  3.1544E-02
  2.0433E+03  3.2076E-01  3.1567E-02
  2.0454E+03  3.2065E-01  3.1590E-02
  2.0475E+03  3.2055E-01  3.1613E-02
  2.0496E+03  3.2045E-01  3.1636E-02
  2.0517E+03  3.2035E-01  3.1658E-02
  2.0538E+03  3.2025E-01  3.1681E-02
  2.0559E+03  3.2015E-01  3.1704E-02
  2.0580E+03  3.2004E-01  3.1726E-02
  2.0601E+03  3.1994E-01  3.1749E-02
  2.0622E+03  3.1984E-01  3.1771E-02
  2.0643E+03  3.1973E-01  3.1794E-02
  2.0664E+03  3.1963E-01  3.1817E-02
  2.0685E+03  3.1953E-01  3.1840E-02
  2.0706E+03  3.1943E-01  3.1863E-02
  2.0727E+03  3.1933E-01  3.1886E-02
  2.0748E+03  3.1923E-01  3.1909E-02
  2.0769E+03  3.1913E-01  3.1932E-02
  2.0790E+03  3.1903E-01  3.1954E-02
  2.0811E+03  3.1892E-01  3.1977E-02
  2.0832E+03  3.1882E-01  3.2000E-02
  2.0853E+03  3.1872E-01  3.2022E-02
  2.0874E+03  3.1862E-01  3.2045E-02
  2.0895E+03  3.1852E-01  3.2068E-02
  2.0916E+03  3.1842E-01  3.2090E-02
  2.0937E+03  3.1832E-01  3.2113E-02
  2.0958E+03  3.1822E-01  3.2136E-02
  2.0979E+03  3.1812E-01  3.2159E-02
  2.1000E+03  3.1802E-01  3.2182E-02
  2.1021E+03  3.1792E-01  3.2205E-02
  2.1042E+03  3.1782E-01  3.2228E-02
  2.1063E+03  3.1772E-01  3.2251E-02
  2.1084E+03  3.1762E-01  3.2273E-02
  2.1105E+03  3.1752E-01  3.2296E-02
  2.1126E+03  3.1742E-01  3.2319E-02
  2.1147E+03  3.1733E-01  3.2341E-02
  2.1168E+03  3.1723E-01  3.2364E-02
  2.1189E+03  3.1713E-01  3.2387E-02
  2.1210E+03  3.1703E-01  3.2410E-02
  2.1231E+03  3.1693E-01  3.2432E-02
  2.1252E+03  3.1683E-01  3.2455E-02
  2.1273E+03  3.1673E-01  3.2478E-02
  2.1294E+03  3.1664E-01  3.2501E-02
  2.1315E+03  3.1654E-01  3.2524E-02
  2.1336E+03  3.1644E-01  3.2547E-02
  2.1357E+03  3.1635E-01  3.2570E-02
  2.1378E+03  3.1625E-01  3.2592E-02
  2.1399E+03  3.1615E-01  3.2615E-02
  2.1420E+03  3.1606E-01  3.2638E-02
  2.1441E+03  3.1596E-01  3.2661E-02
  2.1462E+03  3.1586E-01  3.2683E-02
  2.1483E+03  3.1576E-01  3.2706E-02
  2.1504E+03  3.1567E-01  3.2729E-02
  2.1525E+03  3.1557E-01  3.2752E-02
  2.1546E+03  3.1547E-01  3.2775E-02
  2.1567E+03  3.1538E-01  3.2798E-02
  2.1588E+03  3.1528E-01  3.2821E-02
  2.1609E+03  3.1519E-01  3.2843E-02
  2.1630E+03  3.1509E-01  3.2866E-02
  2.1651E+03  3.1500E-01  3.2889E-02
  2.1672E+03  3.1490E-01  3.2912E-02
  2.1693E+03  3.1481E-01  3.2934E-02
  2.1714E+03  3.1471E-01  3.2957E-02
  2.1735E+03  3.1461E-01  3.2980E-02
  2.1756E+03  3.1452E-01  3.3003E-02
  2.1777E+03  3.1442E-01  3.3026E-02
  2.1798E+03  3.1433E-01  3.3049E-02
  2.1819E+03  3.1424E-01  3.3072E-02
  2.1840E+03  3.1414E-01  3.3094E-02
  2.1861E+03  3.1405E-01  3.3117E-02
  2.1882E+03  3.1395E-01  3.3140E-02
  2.1903E+03  3.1386E-01  3.3162E-02
  2.1924E+03  3.1377E-01  3.3185E-02
  2.1945E+03  3.1367E-01  3.3208E-02
  2.1966E+03  3.1358E-01  3.3231E-02
  2.1987E+03  3.1348E-01  3.3254E-02
  2.2008E+03  3.1339E-01  3.3277E-02
  2.2029E+03  3.1330E-01  3.3300E-02
  2.2050E+03  3.1320E-01  3.3323E-02
  2.2071E+03  3.1311E-01  3.3346E-02
  2.2092E+03  3.1302E-01  3.3368E-02
  2.2113E+03  3.1292E-01  3.3391E-02
  2.2134E+03  3.1283E-01  3.3414E-02
  2.2155E+03  3.1274E-01  3.3436E-02
  2.2176E+03  3.1264E-01  3.3459E-02
  2.2197E+03  3.1255E-01  3.3482E-02
  2.2218E+03  3.1246E-01  3.3505E-02
  2.2239E+03  3.1237E-01  3.3528E-02
  2.2260E+03  3.1228E-01  3.3551E-02
  2.2281E+03  3.1218E-01  3.3574E-02
  2.2302E+03  3.1209E-01  3.3597E-02
  2.2323E+03  3.1200E-01  3.3620E-02
  2.2344E+03  3.1191E-01  3.3642E-02
  2.2365E+03  3.1181E-01  3.3665E-02
  2.2386E+03  3.1172E-01  3.3687E-02
  2.2407E+03  3.1163E-01  3.3710E-02
  2.2428E+03  3.1154E-01  3.3733E-02
  2.2449E+03  3.1144E-01  3.3756E-02
  2.2470E+03  3.1135E-01  3.3779E-02
  2.2491E+03  3.1126E-01  3.3802E-02
  2.2512E+03  3.1117E-01  3.3825E-02
  2.2533E+03  3.1108E-01  3.3848E-02
  2.2554E+03  3.1098E-01  3.3871E-02
  2.2575E+03  3.1089E-01  3.3893E-02
  2.2596E+03  3.1080E-01  3.3916E-02
  2.2617E+03  3.1071E-01  3.3939E-02
  2.2638E+03  3.1062E-01  3.3962E-02
  2.2659E+03  3.1053E-01  3.3984E-02
  2.2680E+03  3.1044E-01  3.4007E-02
  2.2701E+03  3.1035E-01  3.4030E-02
  2.2722E+03  3.1026E-01  3.4053E-02
  2.2743E+03  3.1017E-01  3.4075E-02
  2.2764E+03  3.1008E-01  3.4098E-02
  2.2785E+03  3.0998E-01  3.4121E-02
  2.2806E+03  3.0989E-01  3.4144E-02
  2.2827E+03  3.0980E-01  3.4167E-02
  2.2848E+03  3.0971E-01  3.4190E-02
  2.2869E+03  3.0962E-01  3.4213E-02
  2.2890E+03  3.0953E-01  3.4236E-02
  2.2911E+03  3.0944E-01  3.4258E-02
  2.2932E+03  3.0935E-01  3.4281E-02
  2.2953E+03  3.0926E-01  3.4304E-02
  2.2974E+03  3.0917E-01  3.4326E-02
  2.2995E+03  3.0907E-01  3.4349E-02
  2.3016E+03  3.0898E-01  3.4372E-02
  2.3037E+03  3.0889E-01  3.4395E-02
  2.3058E+03  3.0880E-01  3.4418E-02
  2.3079E+03  3.0872E-01  3.4441E-02
  2.3100E+03  3.0863E-01  3.4464E-02
  2.3121E+03  3.0854E-01  3.4487E-02
  2.3142E+03  3.0845E-01  3.4509E-02
  2.3163E+03  3.0836E-01  3.4532E-02
  2.3184E+03  3.0827E-01  3.4555E-02
  2.3205E+03  3.0817E-01  3.4577E-02
  2.3226E+03  3.0808E-01  3.4600E-02
  2.3247E+03  3.0799E-01  3.4623E-02
  2.3268E+03  3.0790E-01  3.4646E-02
  2.3289E+03  3.0781E-01  3.4668E-02
  2.3310E+03  3.0772E-01  3.4691E-02
  2.3331E+03  3.0763E-01  3.4714E-02
  2.3352E+03  3.0755E-01  3.4737E-02
  2.3373E+03  3.0746E-01  3.4760E-02
  2.3394E+03  3.0737E-01  3.4783E-02
  2.3415E+03  3.0728E-01  3.4806E-02
  2.3436E+03  3.0719E-01  3.4828E-02
  2.3457E+03  3.0710E-01  3.4851E-02
  2.3478E+03  3.0701E-01  3.4874E-02
  2.3499E+03  3.0692E-01  3.4896E-02
  2.3520E+03  3.0683E-01  3.4919E-02
  2.3541E+03  3.0674E-01  3.4942E-02
  2.3562E+03  3.0665E-01  3.4965E-02
  2.3583E+03  3.0656E-01  3.4988E-02
  2.3604E+03  3.0647E-01  3.5011E-02
  2.3625E+03  3.0638E-01  3.5034E-02
  2.3646E+03  3.0629E-01  3.5056E-02
  2.3667E+03  3.0620E-01  3.5079E-02
  2.3688E+03  3.0611E-01  3.5102E-02
  2.3709E+03  3.0603E-01  3.5124E-02
  2.3730E+03  3.0594E-01  3.5147E-02
  2.3751E+03  3.0585E-01  3.5170E-02
  2.3772E+03  3.0576E-01  3.5193E-02
  2.3793E+03  3.0568E-01  3.5215E-02
  2.3814E+03  3.0559E-01  3.5238E-02
  2.3835E+03  3.0550E-01  3.5261E-02
  2.3856E+03  3.0541E-01  3.5284E-02
  2.3877E+03  3.0532E-01  3.5306E-02
  2.3898E+03  3.0523E-01  3.5329E-02
  2.3919E+03  3.0514E-01  3.5352E-02
  2.3940E+03  3.0505E-01  3.5375E-02
  2.3961E+03  3.0496E-01  3.5397E-02
  2.3982E+03  3.0488E-01  3.5420E-02
  2.4003E+03  3.0479E-01  3.5443E-02
  2.4024E+03  3.0470E-01  3.5466E-02
  2.4045E+03  3.0461E-01  3.5488E-02
  2.4066E+03  3.0452E-01  3.5511E-02
  2.4087E+03  3.0443E-01  3.5534E-02
  2.4108E+03  3.0434E-01  3.5556E-02
  2.4129E+03  3.0426E-01  3.5579E-02
  2.4150E+03  3.0417E-01  3.5602E-02
  2.4171E+03  3.0408E-01  3.5625E-02
  2.4192E+03  3.0400E-01  3.5647E-02
  2.4213E+03  3.0391E-01  3.5670E-02
  2.4234E+03  3.0382E-01  3.5693E-02
  2.4255E+03  3.0373E-01  3.5716E-02
  2.4276E+03  3.0364E-01  3.5738E-02
  2.4297E+03  3.0355E-01  3.5761E-02
  2.4318E+03  3.0347E-01  3.5784E-02
  2.4339E+03  3.0338E-01  3.5806E-02
  2.4360E+03  3.0329E-01  3.5829E-02
  2.4381E+03  3.0320E-01  3.5852E-02
  2.4402E+03  3.0311E-01  3.5874E-02
  2.4423E+03  3.0302E-01  3.5897E-02
  2.4444E+03  3.0294E-01  3.5920E-02
  2.4465E+03  3.0285E-01  3.5943E-02
  2.4486E+03  3.0276E-01  3.5965E-02
  2.4507E+03  3.0268E-01  3.5988E-02
  2.4528E+03  3.0259E-01  3.6011E-02
  2.4549E+03  3.0250E-01  3.6033E-02
  2.4570E+03  3.0241E-01  3.6056E-02
  2.4591E+03  3.0233E-01  3.6079E-02
  2.4612E+03  3.0224E-01  3.6101E-02
  2.4633E+03  3.0215E-01  3.6124E-02
  2.4654E+03  3.0206E-01  3.6147E-02
  2.4675E+03  3.0198E-01  3.6169E-02
  2.4696E+03  3.0189E-01  3.6192E-02
  2.4717E+03  3.0180E-01  3.6215E-02
  2.4738E+03  3.0171E-01  3.6237E-02
  2.4759E+03  3.0163E-01  3.6260E-02
  2.4780E+03  3.0154E-01  3.6283E-02
  2.4801E+03  3.0145E-01  3.6305E-02
  2.4822E+03  3.0137E-01  3.6328E-02
  2.4843E+03  3.0128E-01  3.6351E-02
  2.4864E+03  3.0119E-01  3.6373E-02
  2.4885E+03  3.0111E-01  3.6396E-02
  2.4906E+03  3.0102E-01  3.6418E-02
  2.4927E+03  3.0093E-01  3.6441E-02
  2.4948E+03  3.0085E-01  3.6464E-02
  2.4969E+03  3.0076E-01  3.6486E-02
  2.4990E+03  3.0067E-01  3.6509E-02
  2.5011E+03  3.0059E-01  3.6531E-02
  2.5032E+03  3.0050E-01  3.6554E-02
  2.5053E+03  3.0041E-01  3.6577E-02
  2.5074E+03  3.0033E-01  3.6599E-02
  2.5095E+03  3.0024E-01  3.6622E-02
  2.5116E+03  3.0016E-01  3.6645E-02
  2.5137E+03  3.0007E-01  3.6667E-02
  2.5158E+03  2.9998E-01  3.6690E-02
  2.5179E+03  2.9990E-01  3.6712E-02
  2.5200E+03  2.9981E-01  3.6735E-02
  2.5221E+03  2.9973E-01  3.6757E-02
  2.5242E+03  2.9964E-01  3.6780E-02
  2.5263E+03  2.9956E-01  3.6803E-02
  2.5284E+03  2.9947E-01  3.6825E-02
  2.5305E+03  2.9939E-01  3.6848E-02
  2.5326E+03  2.9930E-01  3.6870E-02
  2.5347E+03  2.9922E-01  3.6893E-02
  2.5368E+03  2.9913E-01  3.6915E-02
  2.5389E+03  2.9905E-01  3.6938E-02
  2.5410E+03  2.9896E-01  3.6960E-02
  2.5431E+03  2.9887E-01  3.6983E-02
  2.5452E+03  2.9879E-01  3.7006E-02
  2.5473E+03  2.9871E-01  3.7028E-02
  2.5494E+03  2.9862E-01  3.7051E-02
  2.5515E+03  2.9854E-01  3.7073E-02
  2.5536E+03  2.9846E-01  3.7096E-02
  2.5557E+03  2.9837E-01  3.7118E-02
  2.5578E+03  2.9829E-01  3.7141E-02
  2.5599E+03  2.9820E-01  3.7163E-02
  2.5620E+03  2.9812E-01  3.7186E-02
  2.5641E+03  2.9803E-01  3.7208E-02
  2.5662E+03  2.9795E-01  3.7231E-02
  2.5683E+03  2.9786E-01  3.7253E-02
  2.5704E+03  2.9778E-01  3.7276E-02
  2.5725E+03  2.9770E-01  3.7298E-02
  2.5746E+03  2.9762E-01  3.7321E-02
  2.5767E+03  2.9753E-01  3.7343E-02
  2.5788E+03  2.9745E-01  3.7366E-02
  2.5809E+03  2.9736E-01  3.7388E-02
  2.5830E+03  2.9728E-01  3.7411E-02
  2.5851E+03  2.9720E-01  3.7433E-02
  2.5872E+03  2.9711E-01  3.7455E-02
  2.5893E+03  2.9703E-01  3.7478E-02
  2.5914E+03  2.9695E-01  3.7500E-02
  2.5935E+03  2.9687E-01  3.7523E-02
  2.5956E+03  2.9679E-01  3.7545E-02
  2.5977E+03  2.9670E-01  3.7568E-02
  2.5998E+03  2.9662E-01  3.7590E-02
  2.6019E+03  2.9654E-01  3.7613E-02
  2.6040E+03  2.9645E-01  3.7635E-02
  2.6061E+03  2.9637E-01  3.7658E-02
  2.6082E+03  2.9629E-01  3.7680E-02
  2.6103E+03  2.9621E-01  3.7702E-02
  2.6124E+03  2.9613E-01  3.7725E-02
  2.6145E+03  2.9605E-01  3.7747E-02
  2.6166E+03  2.9597E-01  3.7770E-02
  2.6187E+03  2.9589E-01  3.7792E-02
  2.6208E+03  2.9580E-01  3.7815E-02
  2.6229E+03  2.9572E-01  3.7837E-02
  2.6250E+03  2.9564E-01  3.7859E-02
  2.6271E+03  2.9556E-01  3.7882E-02
  2.6292E+03  2.9548E-01  3.7904E-02
  2.6313E+03  2.9540E-01  3.7926E-02
  2.6334E+03  2.9532E-01  3.7949E-02
  2.6355E+03  2.9524E-01  3.7971E-02
  2.6376E+03  2.9516E-01  3.7993E-02
  2.6397E+03  2.9508E-01  3.8016E-02
  2.6418E+03  2.9500E-01  3.8038E-02
  2.6439E+03  2.9491E-01  3.8061E-02
  2.6460E+03  2.9483E-01  3.8083E-02
  2.6481E+03  2.9475E-01  3.8105E-02
  2.6502E+03  2.9467E-01  3.8128E-02
  2.6523E+03  2.9459E-01  3.8150E-02
  2.6544E+03  2.9451E-01  3.8172E-02
  2.6565E+03  2.9444E-01  3.8195E-02
  2.6586E+03  2.9436E-01  3.8217E-02
  2.6607E+03  2.9428E-01  3.8239E-02
  2.6628E+03  2.9420E-01  3.8262E-02
  2.6649E+03  2.9412E-01  3.8284E-02
  2.6670E+03  2.9404E-01  3.8306E-02
  2.6691E+03  2.9396E-01  3.8328E-02
  2.6712E+03  2.9388E-01  3.8351E-02
  2.6733E+03  2.9380E-01  3.8373E-02
  2.6754E+03  2.9372E-01  3.8395E-02
  2.6775E+03  2.9364E-01  3.8418E-02
  2.6796E+03  2.9356E-01  3.8440E-02
  2.6817E+03  2.9348E-01  3.8462E-02
  2.6838E+03  2.9341E-01  3.8484E-02
  2.6859E+03  2.9333E-01  3.8507E-02
  2.6880E+03  2.9325E-01  3.8529E-02
  2.6901E+03  2.9317E-01  3.8551E-02
  2.6922E+03  2.9309E-01  3.8574E-02
  2.6943E+03  2.9301E-01  3.8596E-02
  2.6964E+03  2.9294E-01  3.8618E-02
  2.6985E+03  2.9286E-01  3.8640E-02
  2.7006E+03  2.9278E-01  3.8662E-02
  2.7027E+03  2.9270E-01  3.8685E-02
  2.7048E+03  2.9263E-01  3.8707E-02
  2.7069E+03  2.9255E-01  3.8729E-02
  2.7090E+03  2.9247E-01  3.8751E-02
  2.7111E+03  2.9239E-01  3.8774E-02
  2.7132E+03  2.9231E-01  3.8796E-02
  2.7153E+03  2.9223E-01  3.8818E-02
  2.7174E+03  2.9216E-01  3.8840E-02
  2.7195E+03  2.9208E-01  3.8862E-02
  2.7216E+03  2.9200E-01  3.8885E-02
  2.7237E+03  2.9193E-01  3.8907E-02
  2.7258E+03  2.9185E-01  3.8929E-02
  2.7279E+03  2.9177E-01  3.8951E-02
  2.7300E+03  2.9169E-01  3.8973E-02
  2.7321E+03  2.9162E-01  3.8995E-02
  2.7342E+03  2.9154E-01  3.9018E-02
  2.7363E+03  2.9146E-01  3.9040E-02
  2.7384E+03  2.9139E-01  3.9062E-02
  2.7405E+03  2.9131E-01  3.9084E-02
  2.7426E+03  2.9123E-01  3.9106E-02
  2.7447E+03  2.9116E-01  3.9128E-02
  2.7468E+03  2.9108E-01  3.9150E-02
  2.7489E+03  2.9100E-01  3.9173E-02
  2.7510E+03  2.9092E-01  3.9195E-02
  2.7531E+03  2.9085E-01  3.9217E-02
  2.7552E+03  2.9077E-01  3.9239E-02
  2.7573E+03  2.9069E-01  3.9261E-02
  2.7594E+03  2.9062E-01  3.9283E-02
  2.7615E+03  2.9054E-01  3.9305E-02
  2.7636E+03  2.9046E-01  3.9327E-02
  2.7657E+03  2.9039E-01  3.9349E-02
  2.7678E+03  2.9031E-01  3.9372E-02
  2.7699E+03  2.9024E-01  3.9394E-02
  2.7720E+03  2.9016E-01  3.9416E-02
  2.7741E+03  2.9008E-01  3.9438E-02
  2.7762E+03  2.9001E-01  3.9460E-02
  2.7783E+03  2.8993E-01  3.9482E-02
  2.7804E+03  2.8985E-01  3.9504E-02
  2.7825E+03  2.8978E-01  3.9526E-02
  2.7846E+03  2.8970E-01  3.9548E-02
  2.7867E+03  2.8962E-01  3.9570E-02
  2.7888E+03  2.8955E-01  3.9592E-02
  2.7909E+03  2.8947E-01  3.9614E-02
  2.7930E+03  2.8940E-01  3.9636E-02
  2.7951E+03  2.8932E-01  3.9658E-02
  2.7972E+03  2.8924E-01  3.9680E-02
  2.7993E+03  2.8917E-01  3.9702E-02
  2.8014E+03  2.8909E-01  3.9724E-02
  2.8035E+03  2.8901E-01  3.9746E-02
  2.8056E+03  2.8894E-01  3.9768E-02
  2.8077E+03  2.8886E-01  3.9790E-02
  2.8098E+03  2.8879E-01  3.9812E-02
  2.8119E+03  2.8871E-01  3.9834E-02
  2.8140E+03  2.8864E-01  3.9856E-02
  2.8161E+03  2.8856E-01  3.9878E-02
  2.8182E+03  2.8848E-01  3.9900E-02
  2.8203E+03  2.8841E-01  3.9922E-02
  2.8224E+03  2.8833E-01  3.9944E-02
  2.8245E+03  2.8826E-01  3.9966E-02
  2.8266E+03  2.8818E-01  3.9987E-02
  2.8287E+03  2.8810E-01  4.0009E-02
  2.8308E+03  2.8803E-01  4.0031E-02
  2.8329E+03  2.8795E-01  4.0053E-02
  2.8350E+03  2.8788E-01  4.0075E-02
  2.8371E+03  2.8780E-01  4.0097E-02
  2.8392E+03  2.8773E-01  4.0119E-02
  2.8413E+03  2.8765E-01  4.0141E-02
  2.8434E+03  2.8757E-01  4.0163E-02
  2.8455E+03  2.8750E-01  4.0185E-02
  2.8476E+03  2.8742E-01  4.0207E-02
  2.8497E+03  2.8735E-01  4.0228E-02
  2.8518E+03  2.8727E-01  4.0250E-02
  2.8539E+03  2.8720E-01  4.0272E-02
  2.8560E+03  2.8712E-01  4.0294E-02
  2.8581E+03  2.8705E-01  4.0316E-02
  2.8602E+03  2.8697E-01  4.0338E-02
  2.8623E+03  2.8690E-01  4.0360E-02
  2.8644E+03  2.8682E-01  4.0381E-02
  2.8665E+03  2.8674E-01  4.0403E-02
  2.8686E+03  2.8667E-01  4.0425E-02
  2.8707E+03  2.8659E-01  4.0447E-02
  2.8728E+03  2.8652E-01  4.0469E-02
  2.8749E+03  2.8644E-01  4.0490E-02
  2.8770E+03  2.8637E-01  4.0512E-02
  2.8791E+03  2.8629E-01  4.0534E-02
  2.8812E+03  2.8622E-01  4.0556E-02
  2.8833E+03  2.8614E-01  4.0578E-02
  2.8854E+03  2.8607E-01  4.0599E-02
  2.8875E+03  2.8599E-01  4.0621E-02
  2.8896E+03  2.8592E-01  4.0643E-02
  2.8917E+03  2.8584E-01  4.0665E-02
  2.8938E+03  2.8577E-01  4.0686E-02
  2.8959E+03  2.8569E-01  4.0708E-02
  2.8980E+03  2.8562E-01  4.0730E-02
  2.9001E+03  2.8554E-01  4.0752E-02
  2.9022E+03  2.8547E-01  4.0773E-02
  2.9043E+03  2.8539E-01  4.0795E-02
  2.9064E+03  2.8532E-01  4.0817E-02
  2.9085E+03  2.8524E-01  4.0838E-02
  2.9106E+03  2.8517E-01  4.0860E-02
  2.9127E+03  2.8509E-01  4.0882E-02
  2.9148E+03  2.8502E-01  4.0904E-02
  2.9169E+03  2.8494E-01  4.0925E-02
  2.9190E+03  2.8487E-01  4.0947E-02
  2.9211E+03  2.8479E-01  4.0968E-02
  2.9232E+03  2.8472E-01  4.0990E-02
  2.9253E+03  2.8464E-01  4.1012E-02
  2.9274E+03  2.8457E-01  4.1033E-02
  2.9295E+03  2.8449E-01  4.1055E-02
  2.9316E+03  2.8442E-01  4.1077E-02
  2.9337E+03  2.8434E-01  4.1098E-02
  2.9358E+03  2.8427E-01  4.1120E-02
  2.9379E+03  2.8420E-01  4.1142E-02
  2.9400E+03  2.8412E-01  4.1163E-02
  2.9421E+03  2.8405E-01  4.1185E-02
  2.9442E+03  2.8397E-01  4.1206E-02
  2.9463E+03  2.8390E-01  4.1228E-02
  2.9484E+03  2.8382E-01  4.1250E-02
  2.9505E+03  2.8375E-01  4.1271E-02
  2.9526E+03  2.8367E-01  4.1293E-02
  2.9547E+03  2.8360E-01  4.1314E-02
  2.9568E+03  2.8352E-01  4.1336E-02
  2.9589E+03  2.8345E-01  4.1357E-02
  2.9610E+03  2.8338E-01  4.1379E-02
  2.9631E+03  2.8330E-01  4.1401E-02
  2.9652E+03  2.8323E-01  4.1422E-02
  2.9673E+03  2.8315E-01  4.1444E-02
  2.9694E+03  2.8308E-01  4.1465E-02
  2.9715E+03  2.8300E-01  4.1487E-02
  2.9736E+03  2.8293E-01  4.1508E-02
  2.9757E+03  2.8286E-01  4.1530E-02
  2.9778E+03  2.8278E-01  4.1551E-02
  2.9799E+03  2.8271E-01  4.1573E-02
  2.9820E+03  2.8263E-01  4.1594E-02
  2.9841E+03  2.8256E-01  4.1616E-02
  2.9862E+03  2.8249E-01  4.1637E-02
  2.9883E+03  2.8241E-01  4.1659E-02
  2.9904E+03  2.8234E-01  4.1680E-02
  2.9925E+03  2.8226E-01  4.1701E-02
  2.9946E+03  2.8219E-01  4.1723E-02
  2.9967E+03  2.8211E-01  4.1744E-02
  2.9988E+03  2.8204E-01  4.1766E-02
  3.0000E+03  2.8200E-01  4.1778E-02
