# CREATED BY GENE DIAGNOSTICS TOOL on Wed Mar 10 16:20:08 2021
# diag: timetrace, run(s): 0012, time window: 0-2000(1392 steps), species: ions
# original data path: /marconi_scratch/userexternal/cmoreno0/GAMZF_convergence/lhd_surface/scanfiles0000/
# normalization: L_ref=1.65m
#
#  t          Re[phi]     Im[phi]   
  0.0000E+00  9.9997E-01  0.0000E+00
  1.4380E+00  8.4392E-01 -3.0060E-03
  2.8760E+00  6.4659E-01 -5.4571E-03
  4.3140E+00  4.3844E-01 -6.8062E-03
  5.7520E+00  2.8114E-01 -6.8133E-03
  7.1900E+00  1.8065E-01 -5.7681E-03
  8.6280E+00  1.2333E-01 -4.2670E-03
  1.0066E+01  9.2542E-02 -2.8300E-03
  1.1504E+01  7.6156E-02 -1.7296E-03
  1.2942E+01  6.7051E-02 -1.0070E-03
  1.4380E+01  6.1661E-02 -5.5510E-04
  1.5818E+01  5.8743E-02 -3.2017E-04
  1.7256E+01  5.8224E-02 -4.5253E-04
  1.8694E+01  5.9642E-02 -1.0804E-03
  2.0132E+01  6.1141E-02 -2.0841E-03
  2.1570E+01  6.0135E-02 -3.0224E-03
  2.3008E+01  5.4119E-02 -3.4312E-03
  2.4446E+01  4.2777E-02 -3.0401E-03
  2.5884E+01  2.7209E-02 -1.9192E-03
  2.7322E+01  9.8100E-03 -3.5767E-04
  2.8760E+01 -6.3741E-03  1.2547E-03
  3.0198E+01 -1.8937E-02  2.5782E-03
  3.1636E+01 -2.6465E-02  3.4209E-03
  3.3074E+01 -2.9260E-02  3.6877E-03
  3.4512E+01 -2.7795E-02  3.4334E-03
  3.5950E+01 -2.2655E-02  2.8290E-03
  3.7388E+01 -1.5122E-02  2.0421E-03
  3.8826E+01 -7.0664E-03  1.1507E-03
  4.0264E+01  1.5168E-03  1.9883E-04
  4.1702E+01  1.0343E-02 -6.7501E-04
  4.3140E+01  1.8787E-02 -1.4328E-03
  4.4578E+01  2.5564E-02 -2.0921E-03
  4.6016E+01  3.0769E-02 -2.6683E-03
  4.7454E+01  3.5399E-02 -3.1682E-03
  4.8892E+01  4.0017E-02 -3.5920E-03
  5.0330E+01  4.5150E-02 -3.9485E-03
  5.1768E+01  5.0470E-02 -4.2610E-03
  5.3206E+01  5.5061E-02 -4.5633E-03
  5.4644E+01  5.8049E-02 -4.8709E-03
  5.6082E+01  5.9341E-02 -5.0898E-03
  5.7520E+01  5.9924E-02 -5.2364E-03
  5.8958E+01  6.1237E-02 -5.4337E-03
  6.0396E+01  6.2195E-02 -5.4589E-03
  6.1834E+01  6.4889E-02 -5.4801E-03
  6.3272E+01  6.6116E-02 -5.2778E-03
  6.4710E+01  6.5310E-02 -4.9169E-03
  6.6148E+01  6.5860E-02 -4.7621E-03
  6.7586E+01  6.0947E-02 -4.2969E-03
  6.9024E+01  6.0178E-02 -4.1469E-03
  7.0462E+01  5.4718E-02 -3.5759E-03
  7.1900E+01  5.4473E-02 -3.5453E-03
  7.3338E+01  5.2809E-02 -3.0390E-03
  7.4776E+01  5.3472E-02 -3.2770E-03
  7.6214E+01  5.2204E-02 -3.0989E-03
  7.7652E+01  5.0205E-02 -2.9234E-03
  7.9090E+01  4.7098E-02 -2.5240E-03
  8.0528E+01  4.9348E-02 -3.2802E-03
  8.1966E+01  4.4526E-02 -2.4990E-03
  8.3404E+01  4.4609E-02 -3.0674E-03
  8.4842E+01  4.5960E-02 -3.1840E-03
  8.6280E+01  4.6031E-02 -3.0941E-03
  8.7718E+01  4.8667E-02 -3.3948E-03
  8.9156E+01  4.7227E-02 -2.9570E-03
  9.0594E+01  4.9816E-02 -3.8432E-03
  9.2032E+01  4.9320E-02 -3.6917E-03
  9.3470E+01  4.9679E-02 -3.7400E-03
  9.4908E+01  4.9754E-02 -3.9880E-03
  9.6346E+01  4.9788E-02 -4.3351E-03
  9.7784E+01  4.9130E-02 -4.3688E-03
  9.9222E+01  4.9215E-02 -4.5610E-03
  1.0066E+02  4.9754E-02 -4.7667E-03
  1.0210E+02  4.9746E-02 -4.7744E-03
  1.0354E+02  5.0222E-02 -4.9975E-03
  1.0497E+02  5.0306E-02 -5.0635E-03
  1.0641E+02  5.1031E-02 -5.2044E-03
  1.0785E+02  5.1757E-02 -5.2301E-03
  1.0929E+02  5.2549E-02 -5.3119E-03
  1.1073E+02  5.3216E-02 -5.3879E-03
  1.1216E+02  5.3592E-02 -5.3689E-03
  1.1360E+02  5.4295E-02 -5.4663E-03
  1.1504E+02  5.4798E-02 -5.5091E-03
  1.1648E+02  5.5333E-02 -5.4938E-03
  1.1792E+02  5.5685E-02 -5.5702E-03
  1.1935E+02  5.5262E-02 -5.6353E-03
  1.2079E+02  5.4433E-02 -5.6427E-03
  1.2223E+02  5.3794E-02 -5.5220E-03
  1.2367E+02  5.3862E-02 -5.4504E-03
  1.2511E+02  5.6078E-02 -5.7033E-03
  1.2654E+02  5.8133E-02 -5.8550E-03
  1.2798E+02  5.9950E-02 -5.8186E-03
  1.2942E+02  5.9721E-02 -5.5576E-03
  1.3086E+02  5.8638E-02 -5.7774E-03
  1.3230E+02  5.7056E-02 -6.0511E-03
  1.3373E+02  5.4616E-02 -5.8331E-03
  1.3517E+02  5.3463E-02 -5.8329E-03
  1.3661E+02  5.4139E-02 -6.0808E-03
  1.3805E+02  5.4079E-02 -6.0059E-03
  1.3949E+02  5.3758E-02 -5.9431E-03
  1.4092E+02  5.3545E-02 -6.0255E-03
  1.4236E+02  5.4808E-02 -6.1578E-03
  1.4380E+02  5.4871E-02 -6.0704E-03
  1.4524E+02  5.5108E-02 -6.1737E-03
  1.4668E+02  5.4157E-02 -6.2364E-03
  1.4811E+02  5.3779E-02 -6.3503E-03
  1.4955E+02  5.2233E-02 -5.9365E-03
  1.5099E+02  5.3224E-02 -6.4411E-03
  1.5243E+02  5.4031E-02 -6.7363E-03
  1.5387E+02  5.2106E-02 -6.3717E-03
  1.5530E+02  5.2366E-02 -6.6461E-03
  1.5674E+02  5.0172E-02 -6.5535E-03
  1.5818E+02  4.9582E-02 -6.7811E-03
  1.5962E+02  4.9959E-02 -6.8273E-03
  1.6106E+02  5.1827E-02 -7.1059E-03
  1.6249E+02  5.4598E-02 -7.2220E-03
  1.6393E+02  5.4440E-02 -7.1085E-03
  1.6537E+02  5.5438E-02 -7.8910E-03
  1.6681E+02  5.1149E-02 -6.4932E-03
  1.6825E+02  5.4158E-02 -8.4522E-03
  1.6968E+02  5.1533E-02 -7.0233E-03
  1.7112E+02  5.3550E-02 -7.3894E-03
  1.7256E+02  5.3900E-02 -7.6306E-03
  1.7400E+02  5.3480E-02 -7.3941E-03
  1.7544E+02  5.3029E-02 -7.1166E-03
  1.7687E+02  5.3184E-02 -7.7105E-03
  1.7831E+02  5.2817E-02 -7.8345E-03
  1.7975E+02  5.1585E-02 -7.1935E-03
  1.8119E+02  5.3000E-02 -7.7498E-03
  1.8263E+02  5.3892E-02 -7.6029E-03
  1.8406E+02  5.5509E-02 -7.8112E-03
  1.8550E+02  5.5283E-02 -7.5952E-03
  1.8694E+02  5.3838E-02 -7.4054E-03
  1.8838E+02  5.3702E-02 -7.9847E-03
  1.8982E+02  5.3080E-02 -7.9446E-03
  1.9125E+02  5.4019E-02 -7.8151E-03
  1.9269E+02  5.6210E-02 -8.0203E-03
  1.9413E+02  5.7926E-02 -8.1413E-03
  1.9557E+02  5.7144E-02 -7.7372E-03
  1.9701E+02  5.6969E-02 -8.1177E-03
  1.9844E+02  5.6430E-02 -8.3539E-03
  1.9988E+02  5.6437E-02 -8.1728E-03
  2.0132E+02  5.6615E-02 -8.5314E-03
  2.0276E+02  5.5836E-02 -8.2188E-03
  2.0420E+02  5.4575E-02 -8.3297E-03
  2.0563E+02  5.4613E-02 -8.7093E-03
  2.0707E+02  5.4868E-02 -8.4485E-03
  2.0851E+02  5.6522E-02 -8.6063E-03
  2.0995E+02  5.8179E-02 -8.5727E-03
  2.1139E+02  5.9860E-02 -8.7009E-03
  2.1282E+02  6.0835E-02 -8.9180E-03
  2.1426E+02  5.9046E-02 -8.6203E-03
  2.1570E+02  5.9142E-02 -9.1170E-03
  2.1714E+02  5.7708E-02 -8.9028E-03
  2.1858E+02  5.7956E-02 -8.9224E-03
  2.2001E+02  5.8688E-02 -9.1390E-03
  2.2145E+02  5.8357E-02 -8.9648E-03
  2.2289E+02  5.9098E-02 -9.3158E-03
  2.2433E+02  5.9535E-02 -9.1316E-03
  2.2577E+02  5.8928E-02 -8.7236E-03
  2.2720E+02  6.0036E-02 -9.3451E-03
  2.2864E+02  5.9587E-02 -9.3841E-03
  2.3008E+02  5.8889E-02 -9.7411E-03
  2.3152E+02  5.7208E-02 -8.9906E-03
  2.3296E+02  5.6394E-02 -8.5357E-03
  2.3439E+02  5.5790E-02 -1.0451E-02
  2.3583E+02  5.5040E-02 -1.0290E-02
  2.3727E+02  5.5393E-02 -8.7322E-03
  2.3871E+02  5.4719E-02 -8.6135E-03
  2.4015E+02  5.6563E-02 -1.0026E-02
  2.4158E+02  5.5648E-02 -9.4600E-03
  2.4302E+02  5.4627E-02 -9.0666E-03
  2.4446E+02  5.4094E-02 -9.5449E-03
  2.4590E+02  5.3849E-02 -9.8264E-03
  2.4734E+02  5.3362E-02 -9.5223E-03
  2.4877E+02  5.3362E-02 -9.7845E-03
  2.5021E+02  5.2835E-02 -8.8921E-03
  2.5165E+02  5.2311E-02 -9.1242E-03
  2.5309E+02  5.3659E-02 -1.0425E-02
  2.5453E+02  5.2596E-02 -8.9804E-03
  2.5596E+02  5.5322E-02 -1.0286E-02
  2.5740E+02  5.6064E-02 -9.9383E-03
  2.5884E+02  5.6903E-02 -1.0600E-02
  2.6028E+02  5.5858E-02 -1.0569E-02
  2.6172E+02  5.3971E-02 -1.0168E-02
  2.6315E+02  5.3632E-02 -1.0253E-02
  2.6459E+02  5.3788E-02 -1.0748E-02
  2.6603E+02  5.3601E-02 -9.9661E-03
  2.6747E+02  5.2846E-02 -1.0144E-02
  2.6891E+02  5.1885E-02 -1.1056E-02
  2.7034E+02  4.9194E-02 -1.0299E-02
  2.7178E+02  4.8415E-02 -1.0056E-02
  2.7322E+02  4.9204E-02 -1.0265E-02
  2.7466E+02  5.0096E-02 -1.1575E-02
  2.7610E+02  4.8161E-02 -1.0952E-02
  2.7753E+02  4.7980E-02 -7.8135E-03
  2.7897E+02  5.0586E-02 -7.3968E-03
  2.8041E+02  5.1863E-02 -1.2622E-02
  2.8185E+02  5.0682E-02 -1.7000E-02
  2.8329E+02  4.6474E-02 -1.1776E-02
  2.8472E+02  4.3389E-02 -5.0651E-03
  2.8616E+02  4.2929E-02 -6.5636E-03
  2.8760E+02  4.5566E-02 -1.3033E-02
  2.8904E+02  5.1205E-02 -1.5906E-02
  2.9048E+02  5.2103E-02 -1.2365E-02
  2.9191E+02  4.9316E-02 -9.5179E-03
  2.9335E+02  4.5818E-02 -9.5190E-03
  2.9479E+02  4.4631E-02 -1.0476E-02
  2.9623E+02  4.5443E-02 -1.0937E-02
  2.9767E+02  4.6204E-02 -1.0599E-02
  2.9910E+02  4.7562E-02 -1.0810E-02
  3.0054E+02  4.9023E-02 -1.0920E-02
  3.0198E+02  4.9453E-02 -1.0950E-02
  3.0342E+02  5.0656E-02 -1.1833E-02
  3.0486E+02  5.0783E-02 -1.2028E-02
  3.0629E+02  5.1671E-02 -1.2273E-02
  3.0773E+02  5.2596E-02 -1.2752E-02
  3.0917E+02  5.1494E-02 -1.2629E-02
  3.1061E+02  5.0484E-02 -1.2598E-02
  3.1205E+02  4.9130E-02 -1.1930E-02
  3.1348E+02  4.8265E-02 -1.0998E-02
  3.1492E+02  4.9744E-02 -1.1370E-02
  3.1636E+02  4.9630E-02 -1.0363E-02
  3.1780E+02  5.1397E-02 -1.1358E-02
  3.1924E+02  4.9870E-02 -1.0856E-02
  3.2067E+02  4.9934E-02 -1.1720E-02
  3.2211E+02  4.8148E-02 -1.2056E-02
  3.2355E+02  4.7179E-02 -1.2477E-02
  3.2499E+02  4.7414E-02 -1.2831E-02
  3.2643E+02  4.8676E-02 -1.2886E-02
  3.2786E+02  4.9953E-02 -1.2251E-02
  3.2930E+02  5.1150E-02 -1.1878E-02
  3.3074E+02  5.1023E-02 -1.1980E-02
  3.3218E+02  4.9603E-02 -1.1385E-02
  3.3362E+02  4.9536E-02 -1.2453E-02
  3.3505E+02  4.7557E-02 -1.1042E-02
  3.3649E+02  4.7913E-02 -1.2725E-02
  3.3793E+02  4.8036E-02 -1.1455E-02
  3.3937E+02  5.0198E-02 -1.1211E-02
  3.4081E+02  5.1937E-02 -1.3544E-02
  3.4224E+02  4.9767E-02 -1.5293E-02
  3.4368E+02  4.5754E-02 -1.5151E-02
  3.4512E+02  4.2875E-02 -8.4104E-03
  3.4656E+02  4.7279E-02 -1.8548E-03
  3.4800E+02  5.8111E-02 -5.1175E-03
  3.4943E+02  6.4260E-02 -1.9534E-02
  3.5087E+02  6.1487E-02 -3.5055E-02
  3.5231E+02  5.1980E-02 -3.3968E-02
  3.5375E+02  4.4197E-02 -1.3987E-02
  3.5519E+02  3.9729E-02  9.5348E-03
  3.5662E+02  3.7481E-02  1.7462E-02
  3.5806E+02  3.9362E-02  2.0994E-03
  3.5950E+02  4.5616E-02 -2.2583E-02
  3.6094E+02  5.5256E-02 -3.5317E-02
  3.6238E+02  6.1176E-02 -2.8977E-02
  3.6381E+02  5.9442E-02 -1.3162E-02
  3.6525E+02  5.1127E-02 -2.1339E-03
  3.6669E+02  4.2201E-02 -1.4636E-03
  3.6813E+02  4.0009E-02 -8.2366E-03
  3.6957E+02  4.3390E-02 -1.3973E-02
  3.7100E+02  4.8302E-02 -1.5626E-02
  3.7244E+02  5.1634E-02 -1.4548E-02
  3.7388E+02  5.1649E-02 -1.3045E-02
  3.7532E+02  5.0963E-02 -1.2701E-02
  3.7676E+02  5.0996E-02 -1.3249E-02
  3.7819E+02  5.1627E-02 -1.4495E-02
  3.7963E+02  5.2255E-02 -1.5763E-02
  3.8107E+02  5.2479E-02 -1.6313E-02
  3.8251E+02  5.2313E-02 -1.5744E-02
  3.8395E+02  5.2420E-02 -1.5490E-02
  3.8538E+02  5.1343E-02 -1.4318E-02
  3.8682E+02  4.9889E-02 -1.3617E-02
  3.8826E+02  4.8781E-02 -1.2936E-02
  3.8970E+02  4.7514E-02 -1.2514E-02
  3.9114E+02  4.6388E-02 -1.2090E-02
  3.9257E+02  4.7957E-02 -1.2784E-02
  3.9401E+02  4.7905E-02 -1.1499E-02
  3.9545E+02  5.0125E-02 -1.2301E-02
  3.9689E+02  4.9127E-02 -1.1121E-02
  3.9833E+02  4.9406E-02 -1.2441E-02
  3.9976E+02  4.6886E-02 -1.1682E-02
  4.0120E+02  4.7772E-02 -1.3208E-02
  4.0264E+02  4.7412E-02 -1.3409E-02
  4.0408E+02  4.8629E-02 -1.3958E-02
  4.0552E+02  4.9852E-02 -1.3988E-02
  4.0695E+02  5.0799E-02 -1.4275E-02
  4.0839E+02  5.1457E-02 -1.4386E-02
  4.0983E+02  5.0902E-02 -1.4546E-02
  4.1127E+02  5.1028E-02 -1.5825E-02
  4.1271E+02  5.0144E-02 -1.5337E-02
  4.1414E+02  5.0343E-02 -1.5706E-02
  4.1558E+02  4.9859E-02 -1.4584E-02
  4.1702E+02  4.8918E-02 -1.4022E-02
  4.1846E+02  4.8145E-02 -1.2675E-02
  4.1990E+02  4.7609E-02 -1.1639E-02
  4.2133E+02  4.8785E-02 -1.3444E-02
  4.2277E+02  4.8484E-02 -1.1822E-02
  4.2421E+02  4.9308E-02 -1.3603E-02
  4.2565E+02  4.8667E-02 -1.3603E-02
  4.2709E+02  4.8473E-02 -1.3790E-02
  4.2852E+02  4.8861E-02 -1.4448E-02
  4.2996E+02  4.8850E-02 -1.4845E-02
  4.3140E+02  4.8870E-02 -1.5887E-02
  4.3284E+02  4.8670E-02 -1.5694E-02
  4.3428E+02  4.8688E-02 -1.6003E-02
  4.3571E+02  4.8104E-02 -1.5846E-02
  4.3715E+02  4.7679E-02 -1.5693E-02
  4.3859E+02  4.6719E-02 -1.4569E-02
  4.4003E+02  4.5959E-02 -1.4058E-02
  4.4147E+02  4.5711E-02 -1.3827E-02
  4.4290E+02  4.5330E-02 -1.3971E-02
  4.4434E+02  4.5284E-02 -1.3375E-02
  4.4578E+02  4.4233E-02 -1.3926E-02
  4.4722E+02  4.3567E-02 -1.3818E-02
  4.4866E+02  4.3623E-02 -1.3596E-02
  4.5009E+02  4.4843E-02 -1.5461E-02
  4.5153E+02  4.5251E-02 -1.7715E-02
  4.5297E+02  4.2966E-02 -1.9813E-02
  4.5441E+02  3.6947E-02 -1.9186E-02
  4.5585E+02  3.1263E-02 -1.4327E-02
  4.5728E+02  2.9483E-02 -5.0184E-03
  4.5872E+02  3.5896E-02  5.3339E-03
  4.6016E+02  4.9284E-02  1.1011E-02
  4.6160E+02  6.7193E-02  4.9466E-03
  4.6304E+02  8.1118E-02 -1.4479E-02
  4.6447E+02  8.4582E-02 -4.2852E-02
  4.6591E+02  7.4111E-02 -6.7049E-02
  4.6735E+02  5.5051E-02 -7.6110E-02
  4.6879E+02  3.2483E-02 -6.1609E-02
  4.7023E+02  1.5930E-02 -2.5122E-02
  4.7166E+02  1.0045E-02  2.1407E-02
  4.7310E+02  1.3857E-02  5.7825E-02
  4.7454E+02  1.9620E-02  6.9365E-02
  4.7598E+02  2.7017E-02  5.0175E-02
  4.7742E+02  3.2622E-02  1.0486E-02
  4.7885E+02  3.7960E-02 -3.6681E-02
  4.8029E+02  4.7295E-02 -7.3104E-02
  4.8173E+02  5.8562E-02 -8.3966E-02
  4.8317E+02  6.9302E-02 -6.9657E-02
  4.8461E+02  7.2557E-02 -3.8359E-02
  4.8604E+02  6.6918E-02 -5.0462E-03
  4.8748E+02  5.4025E-02  1.7463E-02
  4.8892E+02  3.8440E-02  2.4367E-02
  4.9036E+02  2.7304E-02  1.5780E-02
  4.9180E+02  2.4034E-02 -6.3592E-04
  4.9323E+02  2.8484E-02 -1.6332E-02
  4.9467E+02  3.7510E-02 -2.6504E-02
  4.9611E+02  4.6073E-02 -2.8229E-02
  4.9755E+02  5.1760E-02 -2.5113E-02
  4.9899E+02  5.3113E-02 -2.0053E-02
  5.0042E+02  5.1831E-02 -1.5866E-02
  5.0186E+02  5.0292E-02 -1.5121E-02
  5.0330E+02  4.8249E-02 -1.3733E-02
  5.0474E+02  4.6527E-02 -1.5857E-02
  5.0618E+02  4.4958E-02 -1.6291E-02
  5.0761E+02  4.4998E-02 -1.5761E-02
  5.0905E+02  4.4290E-02 -1.5821E-02
  5.1049E+02  4.5104E-02 -1.4909E-02
  5.1193E+02  4.5624E-02 -1.4872E-02
  5.1337E+02  4.5921E-02 -1.4985E-02
  5.1480E+02  4.6384E-02 -1.5477E-02
  5.1624E+02  4.7235E-02 -1.6340E-02
  5.1768E+02  4.7689E-02 -1.7050E-02
  5.1912E+02  4.8309E-02 -1.7874E-02
  5.2056E+02  4.8508E-02 -1.7870E-02
  5.2199E+02  4.8671E-02 -1.7494E-02
  5.2343E+02  4.8709E-02 -1.6739E-02
  5.2487E+02  4.8685E-02 -1.5919E-02
  5.2631E+02  4.8049E-02 -1.5063E-02
  5.2775E+02  4.7772E-02 -1.5456E-02
  5.2918E+02  4.6744E-02 -1.5328E-02
  5.3062E+02  4.6258E-02 -1.5905E-02
  5.3206E+02  4.6292E-02 -1.6261E-02
  5.3350E+02  4.6060E-02 -1.6120E-02
  5.3494E+02  4.6897E-02 -1.4780E-02
  5.3637E+02  4.6596E-02 -1.3788E-02
  5.3781E+02  4.6079E-02 -1.3406E-02
  5.3925E+02  4.6094E-02 -1.2768E-02
  5.4069E+02  4.6025E-02 -1.3766E-02
  5.4213E+02  4.5361E-02 -1.4237E-02
  5.4356E+02  4.5455E-02 -1.5530E-02
  5.4500E+02  4.5311E-02 -1.5382E-02
  5.4644E+02  4.5302E-02 -1.4208E-02
  5.4788E+02  4.6060E-02 -1.3737E-02
  5.4932E+02  4.5809E-02 -1.2988E-02
  5.5075E+02  4.5525E-02 -1.3698E-02
  5.5219E+02  4.4235E-02 -1.3954E-02
  5.5363E+02  4.4464E-02 -1.4736E-02
  5.5507E+02  4.4546E-02 -1.6163E-02
  5.5651E+02  4.4236E-02 -1.6456E-02
  5.5794E+02  4.5921E-02 -1.4931E-02
  5.5938E+02  4.8684E-02 -1.3764E-02
  5.6082E+02  5.0538E-02 -1.6271E-02
  5.6226E+02  4.7289E-02 -1.7986E-02
  5.6370E+02  4.3893E-02 -1.7283E-02
  5.6513E+02  4.4986E-02 -1.4190E-02
  5.6657E+02  4.9465E-02 -1.3987E-02
  5.6801E+02  5.0411E-02 -1.6056E-02
  5.6945E+02  4.7983E-02 -1.9703E-02
  5.7089E+02  4.7759E-02 -2.2082E-02
  5.7232E+02  5.0875E-02 -2.0467E-02
  5.7376E+02  5.1825E-02 -1.5895E-02
  5.7520E+02  4.9266E-02 -1.4734E-02
  5.7664E+02  4.6846E-02 -1.7281E-02
  5.7808E+02  4.7726E-02 -1.9722E-02
  5.7951E+02  4.9212E-02 -1.9633E-02
  5.8095E+02  4.9529E-02 -1.7769E-02
  5.8239E+02  4.8400E-02 -1.6421E-02
  5.8383E+02  4.7381E-02 -1.6489E-02
  5.8527E+02  4.6608E-02 -1.5831E-02
  5.8670E+02  4.7621E-02 -1.6765E-02
  5.8814E+02  4.7632E-02 -1.4387E-02
  5.8958E+02  4.7577E-02 -1.6607E-02
  5.9102E+02  4.6989E-02 -1.4941E-02
  5.9246E+02  4.6701E-02 -1.6086E-02
  5.9389E+02  4.5897E-02 -1.5785E-02
  5.9533E+02  4.6010E-02 -1.5364E-02
  5.9677E+02  4.5792E-02 -1.4992E-02
  5.9821E+02  4.5949E-02 -1.4411E-02
  5.9965E+02  4.5517E-02 -1.3931E-02
  6.0108E+02  4.5553E-02 -1.3149E-02
  6.0252E+02  4.5217E-02 -1.3542E-02
  6.0396E+02  4.5340E-02 -1.4642E-02
  6.0540E+02  4.5741E-02 -1.5123E-02
  6.0684E+02  4.6748E-02 -1.6750E-02
  6.0827E+02  4.7215E-02 -1.6953E-02
  6.0971E+02  4.7160E-02 -1.6972E-02
  6.1115E+02  4.6888E-02 -1.6090E-02
  6.1259E+02  4.6056E-02 -1.6154E-02
  6.1403E+02  4.5909E-02 -1.6223E-02
  6.1546E+02  4.5628E-02 -1.6316E-02
  6.1690E+02  4.5694E-02 -1.7414E-02
  6.1834E+02  4.5580E-02 -1.7502E-02
  6.1978E+02  4.6102E-02 -1.7986E-02
  6.2122E+02  4.7311E-02 -1.8026E-02
  6.2265E+02  4.8727E-02 -1.7910E-02
  6.2409E+02  4.8508E-02 -1.8045E-02
  6.2553E+02  4.8361E-02 -1.7731E-02
  6.2697E+02  4.8023E-02 -1.7771E-02
  6.2841E+02  4.7350E-02 -1.7671E-02
  6.2984E+02  4.6545E-02 -1.7405E-02
  6.3128E+02  4.5110E-02 -1.6724E-02
  6.3272E+02  4.4481E-02 -1.6962E-02
  6.3416E+02  4.4238E-02 -1.5527E-02
  6.3560E+02  4.5686E-02 -1.6027E-02
  6.3703E+02  4.5872E-02 -1.5021E-02
  6.3847E+02  4.6475E-02 -1.5721E-02
  6.3991E+02  4.5635E-02 -1.6075E-02
  6.4135E+02  4.5012E-02 -1.7119E-02
  6.4279E+02  4.4049E-02 -1.7078E-02
  6.4422E+02  4.4337E-02 -1.7124E-02
  6.4566E+02  4.5063E-02 -1.6944E-02
  6.4710E+02  4.5176E-02 -1.7031E-02
  6.4854E+02  4.4411E-02 -1.7033E-02
  6.4998E+02  4.3720E-02 -1.7848E-02
  6.5141E+02  4.2074E-02 -1.7499E-02
  6.5285E+02  4.1735E-02 -1.7381E-02
  6.5429E+02  4.1725E-02 -1.6076E-02
  6.5573E+02  4.1469E-02 -1.5286E-02
  6.5717E+02  4.1098E-02 -1.5157E-02
  6.5860E+02  4.0779E-02 -1.5136E-02
  6.6004E+02  3.9934E-02 -1.5269E-02
  6.6148E+02  3.9944E-02 -1.5373E-02
  6.6292E+02  3.9808E-02 -1.5553E-02
  6.6436E+02  4.0542E-02 -1.6409E-02
  6.6579E+02  4.0771E-02 -1.6477E-02
  6.6723E+02  4.0435E-02 -1.6998E-02
  6.6867E+02  4.0499E-02 -1.6826E-02
  6.7011E+02  3.9049E-02 -1.7720E-02
  6.7155E+02  3.8223E-02 -1.7127E-02
  6.7298E+02  3.6084E-02 -1.7179E-02
  6.7442E+02  3.3243E-02 -1.6747E-02
  6.7586E+02  3.1519E-02 -1.3648E-02
  6.7730E+02  2.9232E-02 -1.0237E-02
  6.7874E+02  2.8744E-02 -3.9693E-03
  6.8017E+02  3.0377E-02  2.3809E-03
  6.8161E+02  3.5144E-02  9.3857E-03
  6.8305E+02  4.4359E-02  1.4044E-02
  6.8449E+02  5.6590E-02  1.4831E-02
  6.8593E+02  7.1683E-02  1.0455E-02
  6.8736E+02  8.6425E-02  7.6292E-04
  6.8880E+02  9.9500E-02 -1.4137E-02
  6.9024E+02  1.0798E-01 -3.3852E-02
  6.9168E+02  1.0930E-01 -5.6949E-02
  6.9312E+02  1.0027E-01 -7.9549E-02
  6.9455E+02  8.3158E-02 -9.5068E-02
  6.9599E+02  6.5451E-02 -1.0095E-01
  6.9743E+02  5.0004E-02 -9.9619E-02
  6.9887E+02  3.4665E-02 -9.4806E-02
  7.0031E+02  1.5312E-02 -8.1775E-02
  7.0174E+02 -5.9521E-03 -5.5185E-02
  7.0318E+02 -2.0299E-02 -1.3283E-02
  7.0462E+02 -1.8987E-02  3.5543E-02
  7.0606E+02 -2.5499E-03  7.6131E-02
  7.0750E+02  1.7290E-02  9.7997E-02
  7.0893E+02  2.8590E-02  1.0389E-01
  7.1037E+02  2.7288E-02  9.6377E-02
  7.1181E+02  2.1652E-02  7.8682E-02
  7.1325E+02  2.2235E-02  5.1713E-02
  7.1469E+02  2.7958E-02  2.3827E-02
  7.1612E+02  3.6026E-02 -5.5769E-03
  7.1756E+02  3.6217E-02 -3.2011E-02
  7.1900E+02  2.7778E-02 -5.9997E-02
  7.2044E+02  1.9579E-02 -8.8258E-02
  7.2188E+02  2.2171E-02 -1.1148E-01
  7.2331E+02  3.8596E-02 -1.1828E-01
  7.2475E+02  6.0491E-02 -1.0590E-01
  7.2619E+02  7.8177E-02 -7.8723E-02
  7.2763E+02  8.7063E-02 -4.7481E-02
  7.2907E+02  8.8504E-02 -1.9076E-02
  7.3050E+02  8.6121E-02  2.7774E-03
  7.3194E+02  8.0547E-02  1.8655E-02
  7.3338E+02  7.2044E-02  2.8972E-02
  7.3482E+02  6.0781E-02  3.3047E-02
  7.3626E+02  4.6791E-02  3.0067E-02
  7.3769E+02  3.3031E-02  2.0461E-02
  7.3913E+02  2.2283E-02  5.8200E-03
  7.4057E+02  1.5587E-02 -1.0390E-02
  7.4201E+02  1.4330E-02 -2.5436E-02
  7.4345E+02  1.7295E-02 -3.7238E-02
  7.4488E+02  2.3332E-02 -4.2863E-02
  7.4632E+02  3.1300E-02 -4.3659E-02
  7.4776E+02  3.9654E-02 -3.8818E-02
  7.4920E+02  4.7467E-02 -3.1844E-02
  7.5064E+02  5.3163E-02 -2.3399E-02
  7.5207E+02  5.6217E-02 -1.6281E-02
  7.5351E+02  5.5592E-02 -1.0119E-02
  7.5495E+02  5.1424E-02 -7.2192E-03
  7.5639E+02  4.7345E-02 -3.4898E-03
  7.5783E+02  4.1894E-02 -4.1834E-03
  7.5926E+02  3.8761E-02 -3.9168E-03
  7.6070E+02  3.7024E-02 -7.0368E-03
  7.6214E+02  3.5367E-02 -1.0477E-02
  7.6358E+02  3.5505E-02 -1.4412E-02
  7.6502E+02  3.5617E-02 -1.8754E-02
  7.6645E+02  3.7072E-02 -2.1027E-02
  7.6789E+02  3.9191E-02 -2.2745E-02
  7.6933E+02  4.1775E-02 -2.2567E-02
  7.7077E+02  4.3803E-02 -2.1391E-02
  7.7221E+02  4.5457E-02 -1.9790E-02
  7.7364E+02  4.6103E-02 -1.7101E-02
  7.7508E+02  4.5399E-02 -1.5014E-02
  7.7652E+02  4.4799E-02 -1.3497E-02
  7.7796E+02  4.4096E-02 -1.3356E-02
  7.7940E+02  4.3713E-02 -1.4253E-02
  7.8083E+02  4.3542E-02 -1.6275E-02
  7.8227E+02  4.3026E-02 -1.7459E-02
  7.8371E+02  4.2389E-02 -1.9023E-02
  7.8515E+02  4.1934E-02 -1.9779E-02
  7.8659E+02  4.1573E-02 -1.8823E-02
  7.8802E+02  4.1632E-02 -1.8951E-02
  7.8946E+02  4.1576E-02 -1.7466E-02
  7.9090E+02  4.1921E-02 -1.7354E-02
  7.9234E+02  4.2168E-02 -1.6007E-02
  7.9378E+02  4.2605E-02 -1.6531E-02
  7.9521E+02  4.2281E-02 -1.5397E-02
  7.9665E+02  4.1729E-02 -1.5300E-02
  7.9809E+02  4.1760E-02 -1.4344E-02
  7.9953E+02  4.1863E-02 -1.4538E-02
  8.0097E+02  4.1985E-02 -1.4003E-02
  8.0240E+02  4.1349E-02 -1.4629E-02
  8.0384E+02  4.1129E-02 -1.4651E-02
  8.0528E+02  4.0220E-02 -1.5024E-02
  8.0672E+02  4.1150E-02 -1.5559E-02
  8.0816E+02  4.2530E-02 -1.5990E-02
  8.0959E+02  4.3936E-02 -1.7057E-02
  8.1103E+02  4.5223E-02 -1.8337E-02
  8.1247E+02  4.4765E-02 -1.8908E-02
  8.1391E+02  4.3483E-02 -1.8900E-02
  8.1535E+02  4.2214E-02 -1.8785E-02
  8.1678E+02  4.1084E-02 -1.7529E-02
  8.1822E+02  4.1084E-02 -1.6497E-02
  8.1966E+02  4.2693E-02 -1.5561E-02
  8.2110E+02  4.4415E-02 -1.5311E-02
  8.2254E+02  4.5662E-02 -1.5863E-02
  8.2397E+02  4.5403E-02 -1.6548E-02
  8.2541E+02  4.3656E-02 -1.8142E-02
  8.2685E+02  4.0886E-02 -1.8865E-02
  8.2829E+02  3.9031E-02 -1.9172E-02
  8.2973E+02  3.9116E-02 -1.9242E-02
  8.3116E+02  4.0070E-02 -1.7882E-02
  8.3260E+02  4.1741E-02 -1.6753E-02
  8.3404E+02  4.4411E-02 -1.5474E-02
  8.3548E+02  4.4643E-02 -1.5476E-02
  8.3692E+02  4.2765E-02 -1.5377E-02
  8.3835E+02  3.9195E-02 -1.4507E-02
  8.3979E+02  3.9484E-02 -1.4476E-02
  8.4123E+02  3.9643E-02 -1.6486E-02
  8.4267E+02  3.8164E-02 -1.8425E-02
  8.4411E+02  3.8174E-02 -1.6272E-02
  8.4554E+02  3.8883E-02 -1.4003E-02
  8.4698E+02  4.1717E-02 -1.2992E-02
  8.4842E+02  4.2645E-02 -1.5260E-02
  8.4986E+02  4.1009E-02 -1.7236E-02
  8.5130E+02  3.9602E-02 -1.6540E-02
  8.5273E+02  3.9900E-02 -1.6467E-02
  8.5417E+02  4.2843E-02 -1.7334E-02
  8.5561E+02  4.5569E-02 -1.8262E-02
  8.5705E+02  4.5775E-02 -1.7218E-02
  8.5849E+02  4.2591E-02 -1.7911E-02
  8.5992E+02  4.0418E-02 -2.0093E-02
  8.6136E+02  4.1546E-02 -2.2416E-02
  8.6280E+02  4.2821E-02 -2.1657E-02
  8.6424E+02  4.2111E-02 -1.8951E-02
  8.6568E+02  4.0563E-02 -1.8679E-02
  8.6711E+02  4.0208E-02 -1.8383E-02
  8.6855E+02  4.0891E-02 -1.8499E-02
  8.6999E+02  4.1272E-02 -1.6994E-02
  8.7143E+02  4.1062E-02 -1.5617E-02
  8.7287E+02  3.9962E-02 -1.4761E-02
  8.7430E+02  3.9842E-02 -1.4361E-02
  8.7574E+02  4.0277E-02 -1.3687E-02
  8.7718E+02  4.0485E-02 -1.2938E-02
  8.7862E+02  4.0640E-02 -1.3058E-02
  8.8006E+02  4.0453E-02 -1.3181E-02
  8.8149E+02  4.0016E-02 -1.4730E-02
  8.8293E+02  3.9383E-02 -1.6324E-02
  8.8437E+02  3.8881E-02 -1.8581E-02
  8.8581E+02  3.8667E-02 -2.0267E-02
  8.8725E+02  3.8781E-02 -2.1208E-02
  8.8868E+02  3.9081E-02 -2.1006E-02
  8.9012E+02  3.8996E-02 -2.1036E-02
  8.9156E+02  3.8925E-02 -2.0300E-02
  8.9300E+02  3.7860E-02 -1.9354E-02
  8.9444E+02  3.7942E-02 -1.8074E-02
  8.9587E+02  3.8414E-02 -1.6583E-02
  8.9731E+02  3.9228E-02 -1.4972E-02
  8.9875E+02  4.0503E-02 -1.3699E-02
  9.0019E+02  4.1120E-02 -1.2961E-02
  9.0163E+02  4.0642E-02 -1.3111E-02
  9.0306E+02  3.9785E-02 -1.3522E-02
  9.0450E+02  3.9084E-02 -1.4623E-02
  9.0594E+02  3.8235E-02 -1.5953E-02
  9.0738E+02  3.7446E-02 -1.6946E-02
  9.0882E+02  3.6773E-02 -1.9037E-02
  9.1025E+02  3.6281E-02 -1.9732E-02
  9.1169E+02  3.5032E-02 -2.0749E-02
  9.1313E+02  3.4447E-02 -1.9923E-02
  9.1457E+02  3.5624E-02 -1.8474E-02
  9.1601E+02  3.7322E-02 -1.7611E-02
  9.1744E+02  3.9461E-02 -1.6404E-02
  9.1888E+02  4.0640E-02 -1.6198E-02
  9.2032E+02  3.9834E-02 -1.5799E-02
  9.2176E+02  3.8088E-02 -1.3453E-02
  9.2320E+02  3.6394E-02 -1.1237E-02
  9.2463E+02  3.9290E-02 -7.7099E-03
  9.2607E+02  4.3478E-02 -8.5859E-03
  9.2751E+02  4.9489E-02 -1.3148E-02
  9.2895E+02  5.1415E-02 -2.4696E-02
  9.3039E+02  4.5518E-02 -3.6457E-02
  9.3182E+02  3.2544E-02 -4.3931E-02
  9.3326E+02  1.5405E-02 -4.0572E-02
  9.3470E+02  4.3402E-03 -2.3922E-02
  9.3614E+02  4.5826E-03 -1.7752E-03
  9.3758E+02  1.7548E-02  1.8930E-02
  9.3901E+02  3.9855E-02  2.9019E-02
  9.4045E+02  6.1569E-02  2.2871E-02
  9.4189E+02  7.3777E-02  4.0712E-03
  9.4333E+02  7.0580E-02 -2.0386E-02
  9.4477E+02  5.5101E-02 -4.0144E-02
  9.4620E+02  3.2948E-02 -5.1014E-02
  9.4764E+02  1.3361E-02 -5.1476E-02
  9.4908E+02  4.2204E-03 -4.4194E-02
  9.5052E+02  8.1016E-03 -3.3392E-02
  9.5196E+02  2.4294E-02 -2.3179E-02
  9.5339E+02  4.6091E-02 -1.4760E-02
  9.5483E+02  6.4117E-02 -5.4437E-03
  9.5627E+02  7.0580E-02  3.0657E-03
  9.5771E+02  6.2730E-02  1.0841E-02
  9.5915E+02  4.3704E-02  1.2612E-02
  9.6058E+02  2.0628E-02  7.7083E-03
  9.6202E+02  3.5039E-03 -5.5299E-03
  9.6346E+02 -8.0730E-04 -2.3071E-02
  9.6490E+02  8.5126E-03 -3.8126E-02
  9.6634E+02  2.6112E-02 -4.4197E-02
  9.6777E+02  4.4418E-02 -3.9785E-02
  9.6921E+02  5.6162E-02 -2.6464E-02
  9.7065E+02  5.7375E-02 -1.0634E-02
  9.7209E+02  4.9483E-02  1.0476E-03
  9.7353E+02  3.6839E-02  4.7569E-03
  9.7496E+02  2.5764E-02  9.0202E-04
  9.7640E+02  2.0284E-02 -7.6050E-03
  9.7784E+02  2.1005E-02 -1.7527E-02
  9.7928E+02  2.6622E-02 -2.3308E-02
  9.8072E+02  3.3520E-02 -2.5297E-02
  9.8215E+02  3.8219E-02 -2.4005E-02
  9.8359E+02  3.9248E-02 -1.9698E-02
  9.8503E+02  3.8185E-02 -1.6272E-02
  9.8647E+02  3.6153E-02 -1.3656E-02
  9.8791E+02  3.4260E-02 -1.3091E-02
  9.8934E+02  3.3076E-02 -1.2974E-02
  9.9078E+02  3.3003E-02 -1.3778E-02
  9.9222E+02  3.3408E-02 -1.3971E-02
  9.9366E+02  3.3439E-02 -1.4260E-02
  9.9510E+02  3.3922E-02 -1.5015E-02
  9.9653E+02  3.3702E-02 -1.5440E-02
  9.9797E+02  3.3056E-02 -1.6100E-02
  9.9941E+02  3.2504E-02 -1.6686E-02
  1.0008E+03  3.1664E-02 -1.6568E-02
  1.0023E+03  3.1752E-02 -1.6510E-02
  1.0037E+03  3.2006E-02 -1.6356E-02
  1.0052E+03  3.2909E-02 -1.6480E-02
  1.0066E+03  3.2815E-02 -1.5100E-02
  1.0080E+03  3.2267E-02 -1.4776E-02
  1.0095E+03  3.2186E-02 -1.3447E-02
  1.0109E+03  3.1180E-02 -1.2975E-02
  1.0124E+03  3.2204E-02 -1.2877E-02
  1.0138E+03  3.2111E-02 -1.3494E-02
  1.0152E+03  3.3143E-02 -1.4348E-02
  1.0167E+03  3.3871E-02 -1.4958E-02
  1.0181E+03  3.3997E-02 -1.6052E-02
  1.0195E+03  3.4153E-02 -1.6845E-02
  1.0210E+03  3.3090E-02 -1.7593E-02
  1.0224E+03  3.2412E-02 -1.7864E-02
  1.0239E+03  3.1748E-02 -1.8225E-02
  1.0253E+03  3.1524E-02 -1.7542E-02
  1.0267E+03  3.2600E-02 -1.6772E-02
  1.0282E+03  3.3590E-02 -1.6639E-02
  1.0296E+03  3.5624E-02 -1.5477E-02
  1.0310E+03  3.6135E-02 -1.6387E-02
  1.0325E+03  3.7211E-02 -1.5342E-02
  1.0339E+03  3.6141E-02 -1.6569E-02
  1.0354E+03  3.5262E-02 -1.6681E-02
  1.0368E+03  3.3195E-02 -1.8551E-02
  1.0382E+03  3.1630E-02 -1.8326E-02
  1.0397E+03  3.1823E-02 -1.7856E-02
  1.0411E+03  3.3900E-02 -1.7776E-02
  1.0426E+03  3.4458E-02 -1.8133E-02
  1.0440E+03  3.2492E-02 -1.7466E-02
  1.0454E+03  3.0968E-02 -1.3878E-02
  1.0469E+03  3.2581E-02 -9.9879E-03
  1.0483E+03  3.6307E-02 -1.0699E-02
  1.0497E+03  3.7554E-02 -1.5967E-02
  1.0512E+03  3.3801E-02 -2.0872E-02
  1.0526E+03  2.8871E-02 -1.8913E-02
  1.0541E+03  2.8851E-02 -1.1745E-02
  1.0555E+03  3.5792E-02 -6.5289E-03
  1.0569E+03  4.4146E-02 -9.3424E-03
  1.0584E+03  4.5759E-02 -1.8565E-02
  1.0598E+03  3.9439E-02 -2.6452E-02
  1.0612E+03  2.9386E-02 -2.7602E-02
  1.0627E+03  2.3070E-02 -2.1504E-02
  1.0641E+03  2.4067E-02 -1.3615E-02
  1.0656E+03  3.0767E-02 -9.4192E-03
  1.0670E+03  3.8366E-02 -1.1361E-02
  1.0684E+03  4.4192E-02 -1.6521E-02
  1.0699E+03  4.5401E-02 -1.9174E-02
  1.0713E+03  4.1627E-02 -1.7464E-02
  1.0727E+03  3.4341E-02 -1.4761E-02
  1.0742E+03  2.6596E-02 -1.6169E-02
  1.0756E+03  2.5836E-02 -2.1574E-02
  1.0771E+03  3.1865E-02 -2.5604E-02
  1.0785E+03  4.0437E-02 -2.2953E-02
  1.0799E+03  4.4176E-02 -1.3699E-02
  1.0814E+03  3.9211E-02 -5.9166E-03
  1.0828E+03  3.1532E-02 -4.3108E-03
  1.0843E+03  2.6995E-02 -1.0008E-02
  1.0857E+03  2.9081E-02 -1.6765E-02
  1.0871E+03  3.5089E-02 -1.9815E-02
  1.0886E+03  3.9716E-02 -1.9213E-02
  1.0900E+03  4.1920E-02 -1.6146E-02
  1.0914E+03  3.9502E-02 -1.4971E-02
  1.0929E+03  3.7882E-02 -1.5427E-02
  1.0943E+03  3.5554E-02 -1.7224E-02
  1.0958E+03  3.5064E-02 -1.7183E-02
  1.0972E+03  3.5146E-02 -1.8109E-02
  1.0986E+03  3.4767E-02 -1.6770E-02
  1.1001E+03  3.5050E-02 -1.6840E-02
  1.1015E+03  3.4655E-02 -1.7248E-02
  1.1029E+03  3.4331E-02 -1.7896E-02
  1.1044E+03  3.4400E-02 -1.8015E-02
  1.1058E+03  3.4585E-02 -1.8116E-02
  1.1073E+03  3.6185E-02 -1.6555E-02
  1.1087E+03  3.7128E-02 -1.5688E-02
  1.1101E+03  3.8552E-02 -1.4041E-02
  1.1116E+03  3.8104E-02 -1.3944E-02
  1.1130E+03  3.8165E-02 -1.2182E-02
  1.1145E+03  3.7587E-02 -1.2389E-02
  1.1159E+03  3.8123E-02 -1.2537E-02
  1.1173E+03  3.7204E-02 -1.3471E-02
  1.1188E+03  3.6894E-02 -1.3003E-02
  1.1202E+03  3.7435E-02 -1.2598E-02
  1.1216E+03  3.7840E-02 -1.4191E-02
  1.1231E+03  3.5804E-02 -1.6091E-02
  1.1245E+03  3.3565E-02 -1.6386E-02
  1.1260E+03  3.3184E-02 -1.6087E-02
  1.1274E+03  3.5112E-02 -1.7223E-02
  1.1288E+03  3.6141E-02 -1.9017E-02
  1.1303E+03  3.5322E-02 -1.9093E-02
  1.1317E+03  3.4888E-02 -1.6406E-02
  1.1331E+03  3.6249E-02 -1.4268E-02
  1.1346E+03  3.7755E-02 -1.3157E-02
  1.1360E+03  3.8592E-02 -1.4360E-02
  1.1375E+03  3.7776E-02 -1.5395E-02
  1.1389E+03  3.7277E-02 -1.4964E-02
  1.1403E+03  3.6973E-02 -1.3305E-02
  1.1418E+03  3.6667E-02 -1.2550E-02
  1.1432E+03  3.7200E-02 -1.3384E-02
  1.1446E+03  3.8911E-02 -1.4942E-02
  1.1461E+03  4.0648E-02 -1.4022E-02
  1.1475E+03  3.9960E-02 -1.4012E-02
  1.1490E+03  3.9475E-02 -1.6456E-02
  1.1504E+03  3.9518E-02 -2.0444E-02
  1.1518E+03  4.0559E-02 -2.3381E-02
  1.1533E+03  3.9608E-02 -2.3508E-02
  1.1547E+03  3.6066E-02 -2.2746E-02
  1.1562E+03  3.2690E-02 -2.1949E-02
  1.1576E+03  3.0308E-02 -2.0437E-02
  1.1590E+03  2.9886E-02 -1.8001E-02
  1.1605E+03  3.0366E-02 -1.5392E-02
  1.1619E+03  3.1246E-02 -1.1749E-02
  1.1633E+03  3.3371E-02 -9.2744E-03
  1.1648E+03  3.6063E-02 -7.2186E-03
  1.1662E+03  3.9103E-02 -6.5672E-03
  1.1677E+03  4.1992E-02 -7.5041E-03
  1.1691E+03  4.4580E-02 -9.1369E-03
  1.1705E+03  4.5247E-02 -1.2605E-02
  1.1720E+03  4.3490E-02 -1.6094E-02
  1.1734E+03  4.0219E-02 -1.9628E-02
  1.1748E+03  3.6365E-02 -2.1760E-02
  1.1763E+03  3.0217E-02 -2.3562E-02
  1.1777E+03  2.6521E-02 -2.2964E-02
  1.1792E+03  2.3495E-02 -2.1572E-02
  1.1806E+03  2.4385E-02 -2.0752E-02
  1.1820E+03  2.5974E-02 -1.9532E-02
  1.1835E+03  2.9129E-02 -1.8379E-02
  1.1849E+03  3.3387E-02 -1.6318E-02
  1.1864E+03  3.6609E-02 -1.4163E-02
  1.1878E+03  3.9351E-02 -1.1637E-02
  1.1892E+03  4.0250E-02 -1.0634E-02
  1.1907E+03  4.0890E-02 -9.1423E-03
  1.1921E+03  3.9462E-02 -8.9770E-03
  1.1935E+03  3.8035E-02 -1.0178E-02
  1.1950E+03  3.6026E-02 -1.0887E-02
  1.1964E+03  3.3489E-02 -1.1737E-02
  1.1979E+03  3.0620E-02 -1.2637E-02
  1.1993E+03  2.7786E-02 -1.4207E-02
  1.2007E+03  2.5813E-02 -1.5664E-02
  1.2022E+03  2.4637E-02 -1.7002E-02
  1.2036E+03  2.5749E-02 -1.8386E-02
  1.2050E+03  2.8402E-02 -1.9021E-02
  1.2065E+03  3.2282E-02 -1.8619E-02
  1.2079E+03  3.6360E-02 -1.7883E-02
  1.2094E+03  3.9084E-02 -1.7029E-02
  1.2108E+03  4.0075E-02 -1.5778E-02
  1.2122E+03  3.9206E-02 -1.4589E-02
  1.2137E+03  3.8183E-02 -1.3941E-02
  1.2151E+03  3.6912E-02 -1.3863E-02
  1.2165E+03  3.6188E-02 -1.3984E-02
  1.2180E+03  3.5552E-02 -1.5006E-02
  1.2194E+03  3.3641E-02 -1.5549E-02
  1.2209E+03  3.1758E-02 -1.5890E-02
  1.2223E+03  3.0088E-02 -1.6704E-02
  1.2237E+03  2.9734E-02 -1.7022E-02
  1.2252E+03  3.0608E-02 -1.7509E-02
  1.2266E+03  3.2981E-02 -1.8274E-02
  1.2281E+03  3.5716E-02 -1.8848E-02
  1.2295E+03  3.7587E-02 -1.9102E-02
  1.2309E+03  3.8196E-02 -1.9477E-02
  1.2324E+03  3.7498E-02 -1.9145E-02
  1.2338E+03  3.5987E-02 -1.8718E-02
  1.2352E+03  3.4367E-02 -1.8035E-02
  1.2367E+03  3.3646E-02 -1.7315E-02
  1.2381E+03  3.3239E-02 -1.6803E-02
  1.2396E+03  3.3497E-02 -1.7055E-02
  1.2410E+03  3.3404E-02 -1.6780E-02
  1.2424E+03  3.2670E-02 -1.7659E-02
  1.2439E+03  3.2538E-02 -1.7851E-02
  1.2453E+03  3.2489E-02 -1.7700E-02
  1.2467E+03  3.1705E-02 -1.7905E-02
  1.2482E+03  3.1857E-02 -1.7084E-02
  1.2496E+03  3.1136E-02 -1.6864E-02
  1.2511E+03  3.0924E-02 -1.6359E-02
  1.2525E+03  3.0298E-02 -1.5471E-02
  1.2539E+03  3.0595E-02 -1.4305E-02
  1.2554E+03  3.1203E-02 -1.3355E-02
  1.2568E+03  3.1204E-02 -1.2891E-02
  1.2583E+03  3.1917E-02 -1.2503E-02
  1.2597E+03  3.0659E-02 -1.2064E-02
  1.2611E+03  3.0179E-02 -1.1975E-02
  1.2626E+03  2.8661E-02 -1.1534E-02
  1.2640E+03  2.8114E-02 -1.0672E-02
  1.2654E+03  2.7671E-02 -1.0906E-02
  1.2669E+03  2.7629E-02 -1.0763E-02
  1.2683E+03  2.7812E-02 -1.1444E-02
  1.2698E+03  2.8103E-02 -1.1851E-02
  1.2712E+03  2.7850E-02 -1.2127E-02
  1.2726E+03  2.8077E-02 -1.1628E-02
  1.2741E+03  2.7745E-02 -1.1650E-02
  1.2755E+03  2.8553E-02 -1.1892E-02
  1.2769E+03  2.8592E-02 -1.3024E-02
  1.2784E+03  2.8514E-02 -1.4202E-02
  1.2798E+03  2.8202E-02 -1.5038E-02
  1.2813E+03  2.7930E-02 -1.5126E-02
  1.2827E+03  2.8091E-02 -1.4721E-02
  1.2841E+03  2.8891E-02 -1.4033E-02
  1.2856E+03  3.0010E-02 -1.4801E-02
  1.2870E+03  3.1193E-02 -1.6271E-02
  1.2884E+03  3.1263E-02 -1.8483E-02
  1.2899E+03  3.0080E-02 -2.0313E-02
  1.2913E+03  2.8715E-02 -2.1482E-02
  1.2928E+03  2.7004E-02 -2.0767E-02
  1.2942E+03  2.6280E-02 -1.9379E-02
  1.2956E+03  2.6742E-02 -1.7770E-02
  1.2971E+03  2.7603E-02 -1.6779E-02
  1.2985E+03  2.8656E-02 -1.6181E-02
  1.3000E+03  2.9178E-02 -1.6322E-02
  1.3014E+03  2.9597E-02 -1.6409E-02
  1.3028E+03  2.9281E-02 -1.6108E-02
  1.3043E+03  2.9062E-02 -1.5049E-02
  1.3057E+03  2.8947E-02 -1.3629E-02
  1.3071E+03  2.8918E-02 -1.1314E-02
  1.3086E+03  2.8761E-02 -9.4106E-03
  1.3100E+03  2.8721E-02 -8.3384E-03
  1.3115E+03  2.8966E-02 -8.0863E-03
  1.3129E+03  2.9445E-02 -9.0368E-03
  1.3143E+03  3.0113E-02 -1.0016E-02
  1.3158E+03  3.0368E-02 -1.0251E-02
  1.3172E+03  3.0676E-02 -9.8663E-03
  1.3186E+03  3.0543E-02 -8.5404E-03
  1.3201E+03  2.9976E-02 -7.6563E-03
  1.3215E+03  2.8731E-02 -6.8958E-03
  1.3230E+03  2.6684E-02 -7.1053E-03
  1.3244E+03  2.4981E-02 -7.7503E-03
  1.3258E+03  2.4108E-02 -7.9576E-03
  1.3273E+03  2.4533E-02 -8.3620E-03
  1.3287E+03  2.5719E-02 -8.3567E-03
  1.3301E+03  2.6815E-02 -8.0942E-03
  1.3316E+03  2.7805E-02 -7.8692E-03
  1.3330E+03  2.8184E-02 -7.1964E-03
  1.3345E+03  2.8633E-02 -6.3643E-03
  1.3359E+03  2.9278E-02 -5.6031E-03
  1.3373E+03  2.9842E-02 -4.8057E-03
  1.3388E+03  3.0677E-02 -3.7854E-03
  1.3402E+03  3.2656E-02 -2.0557E-03
  1.3417E+03  3.4924E-02 -1.2891E-03
  1.3431E+03  3.9144E-02  1.2265E-03
  1.3445E+03  4.2652E-02  2.3665E-03
  1.3460E+03  4.7174E-02  3.1060E-03
  1.3474E+03  5.0655E-02  4.0240E-03
  1.3488E+03  5.4700E-02  2.8703E-03
  1.3503E+03  5.8504E-02  2.0097E-03
  1.3517E+03  6.2410E-02 -2.6846E-04
  1.3532E+03  6.6821E-02 -2.2343E-03
  1.3546E+03  6.9779E-02 -5.0652E-03
  1.3560E+03  7.2772E-02 -8.1595E-03
  1.3575E+03  7.4473E-02 -1.1479E-02
  1.3589E+03  7.6578E-02 -1.4795E-02
  1.3603E+03  7.8495E-02 -1.8512E-02
  1.3618E+03  8.0252E-02 -2.2060E-02
  1.3632E+03  8.1987E-02 -2.6683E-02
  1.3647E+03  8.3508E-02 -3.1332E-02
  1.3661E+03  8.5051E-02 -3.7408E-02
  1.3675E+03  8.6263E-02 -4.3637E-02
  1.3690E+03  8.6995E-02 -5.0064E-02
  1.3704E+03  8.6779E-02 -5.6525E-02
  1.3719E+03  8.5923E-02 -6.2435E-02
  1.3733E+03  8.3640E-02 -6.8102E-02
  1.3747E+03  8.0533E-02 -7.3097E-02
  1.3762E+03  7.6607E-02 -7.7446E-02
  1.3776E+03  7.2117E-02 -8.1095E-02
  1.3790E+03  6.7576E-02 -8.4167E-02
  1.3805E+03  6.2945E-02 -8.7159E-02
  1.3819E+03  5.7929E-02 -9.0585E-02
  1.3834E+03  5.2436E-02 -9.4607E-02
  1.3848E+03  4.4780E-02 -9.9838E-02
  1.3862E+03  3.3461E-02 -1.0482E-01
  1.3877E+03  1.8275E-02 -1.0587E-01
  1.3891E+03  2.0467E-03 -1.0154E-01
  1.3905E+03 -1.1472E-02 -9.2174E-02
  1.3920E+03 -2.3123E-02 -8.0436E-02
  1.3934E+03 -3.3620E-02 -6.5526E-02
  1.3949E+03 -4.2457E-02 -4.5604E-02
  1.3963E+03 -4.8089E-02 -2.1369E-02
  1.3977E+03 -4.8542E-02  6.3035E-03
  1.3992E+03 -4.3106E-02  3.5155E-02
  1.4006E+03 -3.1135E-02  6.3253E-02
  1.4020E+03 -1.1136E-02  8.8034E-02
  1.4035E+03  1.6890E-02  1.0484E-01
  1.4049E+03  5.0097E-02  1.0528E-01
  1.4064E+03  7.8637E-02  8.6088E-02
  1.4078E+03  8.9803E-02  4.9613E-02
  1.4092E+03  7.5197E-02  1.1128E-02
  1.4107E+03  4.1514E-02 -1.0761E-02
  1.4121E+03  5.8647E-03 -9.1452E-03
  1.4136E+03 -1.6073E-02  8.8788E-03
  1.4150E+03 -2.1927E-02  2.9477E-02
  1.4164E+03 -1.6849E-02  4.3615E-02
  1.4179E+03 -7.6516E-03  4.9450E-02
  1.4193E+03 -2.9205E-06  4.9355E-02
  1.4207E+03  6.5901E-03  4.6744E-02
  1.4222E+03  1.1853E-02  4.5039E-02
  1.4236E+03  1.6631E-02  4.4799E-02
  1.4251E+03  2.0561E-02  4.6489E-02
  1.4265E+03  2.5394E-02  4.6233E-02
  1.4279E+03  2.9598E-02  4.5561E-02
  1.4294E+03  3.4050E-02  4.0751E-02
  1.4308E+03  3.8293E-02  3.3264E-02
  1.4322E+03  4.1389E-02  2.4553E-02
  1.4337E+03  4.2560E-02  1.5459E-02
  1.4351E+03  3.8467E-02  8.7579E-03
  1.4366E+03  3.0451E-02  1.9844E-03
  1.4380E+03  2.2787E-02 -4.6907E-03
  1.4394E+03  1.8870E-02 -7.0111E-03
  1.4409E+03  1.4876E-02 -1.4945E-03
  1.4423E+03  2.7856E-03  9.4636E-03
  1.4438E+03 -1.9951E-02  1.3917E-02
  1.4452E+03 -4.7402E-02  3.1906E-03
  1.4466E+03 -6.6794E-02 -2.5117E-02
  1.4481E+03 -6.8905E-02 -6.2726E-02
  1.4495E+03 -5.2058E-02 -9.7427E-02
  1.4509E+03 -2.2588E-02 -1.2034E-01
  1.4524E+03  9.8548E-03 -1.2732E-01
  1.4538E+03  3.7707E-02 -1.2083E-01
  1.4553E+03  5.6506E-02 -1.0592E-01
  1.4567E+03  6.6137E-02 -8.8851E-02
  1.4581E+03  6.8357E-02 -7.2888E-02
  1.4596E+03  6.6202E-02 -5.9873E-02
  1.4610E+03  6.2319E-02 -5.0084E-02
  1.4624E+03  5.8313E-02 -4.2448E-02
  1.4639E+03  5.4926E-02 -3.6169E-02
  1.4653E+03  5.1749E-02 -3.1061E-02
  1.4668E+03  4.9442E-02 -2.8169E-02
  1.4682E+03  4.7764E-02 -2.7329E-02
  1.4696E+03  4.8048E-02 -2.9285E-02
  1.4711E+03  4.9976E-02 -3.2665E-02
  1.4725E+03  5.4357E-02 -3.5539E-02
  1.4739E+03  6.0429E-02 -3.6382E-02
  1.4754E+03  6.7812E-02 -3.4339E-02
  1.4768E+03  7.4740E-02 -2.8793E-02
  1.4783E+03  7.9815E-02 -2.1109E-02
  1.4797E+03  8.1731E-02 -1.1899E-02
  1.4811E+03  8.0173E-02 -2.0564E-03
  1.4826E+03  7.5388E-02  6.8429E-03
  1.4840E+03  6.8705E-02  1.4494E-02
  1.4855E+03  6.0771E-02  1.9448E-02
  1.4869E+03  5.3034E-02  2.1677E-02
  1.4883E+03  4.5999E-02  2.1460E-02
  1.4898E+03  3.9838E-02  1.8566E-02
  1.4912E+03  3.5183E-02  1.5122E-02
  1.4926E+03  3.1656E-02  1.0683E-02
  1.4941E+03  2.8963E-02  6.6423E-03
  1.4955E+03  2.6991E-02  2.4164E-03
  1.4970E+03  2.5623E-02 -1.6450E-03
  1.4984E+03  2.4191E-02 -5.3643E-03
  1.4998E+03  2.2742E-02 -8.0790E-03
  1.5013E+03  2.0747E-02 -9.9394E-03
  1.5027E+03  1.9282E-02 -1.0726E-02
  1.5041E+03  1.7698E-02 -1.2233E-02
  1.5056E+03  1.7405E-02 -1.2857E-02
  1.5070E+03  1.6672E-02 -1.5573E-02
  1.5085E+03  1.7551E-02 -1.8576E-02
  1.5099E+03  1.6889E-02 -2.1385E-02
  1.5113E+03  1.8052E-02 -2.4398E-02
  1.5128E+03  1.7669E-02 -2.5539E-02
  1.5142E+03  1.9778E-02 -2.6366E-02
  1.5157E+03  2.1410E-02 -2.5877E-02
  1.5171E+03  2.5250E-02 -2.6190E-02
  1.5185E+03  2.8072E-02 -2.6515E-02
  1.5200E+03  3.1004E-02 -2.7007E-02
  1.5214E+03  3.3685E-02 -2.7438E-02
  1.5228E+03  3.5298E-02 -2.7328E-02
  1.5243E+03  3.6608E-02 -2.6219E-02
  1.5257E+03  3.7866E-02 -2.3971E-02
  1.5272E+03  3.9089E-02 -2.0896E-02
  1.5286E+03  4.0592E-02 -1.8387E-02
  1.5300E+03  4.1558E-02 -1.6085E-02
  1.5315E+03  4.2152E-02 -1.5746E-02
  1.5329E+03  4.2131E-02 -1.5521E-02
  1.5343E+03  4.2068E-02 -1.6020E-02
  1.5358E+03  4.1951E-02 -1.5669E-02
  1.5372E+03  4.1850E-02 -1.4410E-02
  1.5387E+03  4.1647E-02 -1.2751E-02
  1.5401E+03  4.1320E-02 -1.0996E-02
  1.5415E+03  4.0634E-02 -1.0196E-02
  1.5430E+03  3.9705E-02 -1.0404E-02
  1.5444E+03  3.8728E-02 -1.1505E-02
  1.5458E+03  3.7866E-02 -1.2733E-02
  1.5473E+03  3.7027E-02 -1.3817E-02
  1.5487E+03  3.6071E-02 -1.4138E-02
  1.5502E+03  3.4704E-02 -1.4132E-02
  1.5516E+03  3.2968E-02 -1.3971E-02
  1.5530E+03  3.1102E-02 -1.3244E-02
  1.5545E+03  2.9883E-02 -1.2743E-02
  1.5559E+03  2.9500E-02 -1.2255E-02
  1.5574E+03  2.9916E-02 -1.2589E-02
  1.5588E+03  3.0692E-02 -1.2837E-02
  1.5602E+03  3.1604E-02 -1.3504E-02
  1.5617E+03  3.1974E-02 -1.3933E-02
  1.5631E+03  3.2459E-02 -1.4223E-02
  1.5645E+03  3.2883E-02 -1.4779E-02
  1.5660E+03  3.3724E-02 -1.6086E-02
  1.5674E+03  3.4711E-02 -1.7391E-02
  1.5689E+03  3.5067E-02 -1.8880E-02
  1.5703E+03  3.5419E-02 -2.0167E-02
  1.5717E+03  3.4695E-02 -2.0568E-02
  1.5732E+03  3.3539E-02 -2.1016E-02
  1.5746E+03  3.2273E-02 -2.1076E-02
  1.5760E+03  3.1253E-02 -2.1255E-02
  1.5775E+03  3.1217E-02 -2.1940E-02
  1.5789E+03  3.1365E-02 -2.2335E-02
  1.5804E+03  3.2042E-02 -2.1993E-02
  1.5818E+03  3.2331E-02 -2.1206E-02
  1.5832E+03  3.2887E-02 -1.9776E-02
  1.5847E+03  3.2732E-02 -1.8624E-02
  1.5861E+03  3.3623E-02 -1.7729E-02
  1.5876E+03  3.4381E-02 -1.7367E-02
  1.5890E+03  3.5267E-02 -1.7892E-02
  1.5904E+03  3.6088E-02 -1.7244E-02
  1.5919E+03  3.6688E-02 -1.7545E-02
  1.5933E+03  3.6986E-02 -1.6123E-02
  1.5947E+03  3.6629E-02 -1.6166E-02
  1.5962E+03  3.6656E-02 -1.4896E-02
  1.5976E+03  3.5734E-02 -1.5164E-02
  1.5991E+03  3.4767E-02 -1.5834E-02
  1.6005E+03  3.3949E-02 -1.5577E-02
  1.6019E+03  3.2254E-02 -1.5619E-02
  1.6034E+03  3.0968E-02 -1.4131E-02
  1.6048E+03  2.9701E-02 -1.3149E-02
  1.6062E+03  2.8596E-02 -1.2335E-02
  1.6077E+03  2.8367E-02 -1.1986E-02
  1.6091E+03  2.8562E-02 -1.3635E-02
  1.6106E+03  2.9391E-02 -1.4792E-02
  1.6120E+03  3.0710E-02 -1.6092E-02
  1.6134E+03  3.1860E-02 -1.7290E-02
  1.6149E+03  3.2895E-02 -1.7396E-02
  1.6163E+03  3.2948E-02 -1.8025E-02
  1.6177E+03  3.2301E-02 -1.7851E-02
  1.6192E+03  3.1010E-02 -1.7859E-02
  1.6206E+03  2.9566E-02 -1.6050E-02
  1.6221E+03  2.8955E-02 -1.4494E-02
  1.6235E+03  2.9284E-02 -1.1575E-02
  1.6249E+03  3.0562E-02 -9.0812E-03
  1.6264E+03  3.1462E-02 -7.4473E-03
  1.6278E+03  3.2550E-02 -7.5218E-03
  1.6293E+03  3.2921E-02 -8.9194E-03
  1.6307E+03  3.2777E-02 -1.1671E-02
  1.6321E+03  3.2800E-02 -1.4981E-02
  1.6336E+03  3.2929E-02 -1.8160E-02
  1.6350E+03  3.2841E-02 -2.0574E-02
  1.6364E+03  3.2333E-02 -2.1658E-02
  1.6379E+03  3.0915E-02 -2.2582E-02
  1.6393E+03  2.8540E-02 -2.2474E-02
  1.6408E+03  2.6487E-02 -2.0600E-02
  1.6422E+03  2.5807E-02 -1.8251E-02
  1.6436E+03  2.6517E-02 -1.5854E-02
  1.6451E+03  2.8150E-02 -1.3635E-02
  1.6465E+03  3.0524E-02 -1.2508E-02
  1.6479E+03  3.2903E-02 -1.2659E-02
  1.6494E+03  3.4352E-02 -1.3750E-02
  1.6508E+03  3.4914E-02 -1.5236E-02
  1.6523E+03  3.5542E-02 -1.6077E-02
  1.6537E+03  3.5599E-02 -1.6708E-02
  1.6551E+03  3.5256E-02 -1.7199E-02
  1.6566E+03  3.4476E-02 -1.6823E-02
  1.6580E+03  3.3512E-02 -1.6197E-02
  1.6595E+03  3.2616E-02 -1.5618E-02
  1.6609E+03  3.1587E-02 -1.5510E-02
  1.6623E+03  3.1043E-02 -1.5880E-02
  1.6638E+03  3.0184E-02 -1.6465E-02
  1.6652E+03  2.9432E-02 -1.6975E-02
  1.6666E+03  2.9592E-02 -1.7455E-02
  1.6681E+03  3.0807E-02 -1.7382E-02
  1.6695E+03  3.2199E-02 -1.7768E-02
  1.6710E+03  3.5071E-02 -1.8197E-02
  1.6724E+03  3.6292E-02 -1.9323E-02
  1.6738E+03  3.6574E-02 -1.9822E-02
  1.6753E+03  3.5959E-02 -1.9686E-02
  1.6767E+03  3.6097E-02 -1.9823E-02
  1.6781E+03  3.5359E-02 -1.8783E-02
  1.6796E+03  3.5454E-02 -1.7880E-02
  1.6810E+03  3.5330E-02 -1.6549E-02
  1.6825E+03  3.5293E-02 -1.7078E-02
  1.6839E+03  3.3254E-02 -1.7280E-02
  1.6853E+03  3.1174E-02 -1.7455E-02
  1.6868E+03  3.0115E-02 -1.7346E-02
  1.6882E+03  3.0987E-02 -1.7388E-02
  1.6896E+03  3.1597E-02 -1.9216E-02
  1.6911E+03  3.2060E-02 -1.9836E-02
  1.6925E+03  3.2925E-02 -1.9164E-02
  1.6940E+03  3.4652E-02 -1.8827E-02
  1.6954E+03  3.5932E-02 -1.9339E-02
  1.6968E+03  3.5039E-02 -2.0239E-02
  1.6983E+03  3.2751E-02 -1.9264E-02
  1.6997E+03  3.0888E-02 -1.6767E-02
  1.7012E+03  3.0503E-02 -1.3641E-02
  1.7026E+03  3.1519E-02 -1.2324E-02
  1.7040E+03  3.2470E-02 -1.3382E-02
  1.7055E+03  3.2666E-02 -1.4778E-02
  1.7069E+03  3.2508E-02 -1.6071E-02
  1.7083E+03  3.1826E-02 -1.6654E-02
  1.7098E+03  3.1773E-02 -1.7092E-02
  1.7112E+03  3.2086E-02 -1.7818E-02
  1.7127E+03  3.2597E-02 -1.8383E-02
  1.7141E+03  3.2587E-02 -1.8054E-02
  1.7155E+03  3.2086E-02 -1.8268E-02
  1.7170E+03  3.2405E-02 -1.7634E-02
  1.7184E+03  3.3047E-02 -1.6330E-02
  1.7198E+03  3.2666E-02 -1.4716E-02
  1.7213E+03  3.1781E-02 -1.4131E-02
  1.7227E+03  3.1012E-02 -1.6130E-02
  1.7242E+03  3.1531E-02 -1.7816E-02
  1.7256E+03  3.2149E-02 -1.8004E-02
  1.7270E+03  3.1648E-02 -1.7300E-02
  1.7285E+03  3.1169E-02 -1.6442E-02
  1.7299E+03  3.1120E-02 -1.6161E-02
  1.7314E+03  3.1513E-02 -1.6164E-02
  1.7328E+03  3.2824E-02 -1.5059E-02
  1.7342E+03  3.3324E-02 -1.4506E-02
  1.7357E+03  3.3400E-02 -1.4838E-02
  1.7371E+03  3.1711E-02 -1.5954E-02
  1.7385E+03  3.0467E-02 -1.5676E-02
  1.7400E+03  3.1060E-02 -1.4608E-02
  1.7414E+03  3.2514E-02 -1.4355E-02
  1.7429E+03  3.4064E-02 -1.5452E-02
  1.7443E+03  3.2751E-02 -1.6897E-02
  1.7457E+03  3.1602E-02 -1.6916E-02
  1.7472E+03  3.1633E-02 -1.6112E-02
  1.7486E+03  3.3798E-02 -1.7569E-02
  1.7500E+03  3.3642E-02 -2.0935E-02
  1.7515E+03  3.1265E-02 -2.3833E-02
  1.7529E+03  2.7386E-02 -2.2285E-02
  1.7544E+03  2.7288E-02 -1.8777E-02
  1.7558E+03  3.0516E-02 -1.6366E-02
  1.7572E+03  3.3509E-02 -1.8103E-02
  1.7587E+03  3.2335E-02 -2.1221E-02
  1.7601E+03  2.7390E-02 -2.2134E-02
  1.7615E+03  2.3650E-02 -1.7590E-02
  1.7630E+03  2.5280E-02 -1.1814E-02
  1.7644E+03  3.2859E-02 -9.8296E-03
  1.7659E+03  4.0610E-02 -1.3677E-02
  1.7673E+03  4.3427E-02 -2.1808E-02
  1.7687E+03  4.0060E-02 -2.7471E-02
  1.7702E+03  3.1804E-02 -2.8035E-02
  1.7716E+03  2.4996E-02 -2.2122E-02
  1.7731E+03  2.2618E-02 -1.4146E-02
  1.7745E+03  2.4791E-02 -8.4445E-03
  1.7759E+03  2.9430E-02 -7.0332E-03
  1.7774E+03  3.3299E-02 -1.0150E-02
  1.7788E+03  3.5587E-02 -1.4088E-02
  1.7802E+03  3.5747E-02 -1.7293E-02
  1.7817E+03  3.5006E-02 -1.8264E-02
  1.7831E+03  3.4342E-02 -1.7586E-02
  1.7846E+03  3.3532E-02 -1.7596E-02
  1.7860E+03  3.3801E-02 -1.7594E-02
  1.7874E+03  3.3210E-02 -1.7367E-02
  1.7889E+03  3.1324E-02 -1.6736E-02
  1.7903E+03  2.7868E-02 -1.7503E-02
  1.7917E+03  2.5284E-02 -1.9760E-02
  1.7932E+03  2.6353E-02 -2.2468E-02
  1.7946E+03  3.0583E-02 -2.2143E-02
  1.7961E+03  3.4186E-02 -1.7575E-02
  1.7975E+03  3.3286E-02 -1.2461E-02
  1.7989E+03  2.8662E-02 -1.0876E-02
  1.8004E+03  2.4739E-02 -1.5138E-02
  1.8018E+03  2.5455E-02 -2.0937E-02
  1.8033E+03  3.0245E-02 -2.3957E-02
  1.8047E+03  3.5412E-02 -2.1689E-02
  1.8061E+03  3.7056E-02 -1.6542E-02
  1.8076E+03  3.4545E-02 -1.2877E-02
  1.8090E+03  3.0757E-02 -1.2624E-02
  1.8104E+03  2.8267E-02 -1.5341E-02
  1.8119E+03  2.8105E-02 -1.8376E-02
  1.8133E+03  2.9510E-02 -1.9589E-02
  1.8148E+03  3.0948E-02 -1.9079E-02
  1.8162E+03  3.1493E-02 -1.7043E-02
  1.8176E+03  3.1227E-02 -1.5491E-02
  1.8191E+03  3.0137E-02 -1.4457E-02
  1.8205E+03  2.9797E-02 -1.4050E-02
  1.8219E+03  2.9031E-02 -1.4466E-02
  1.8234E+03  2.9594E-02 -1.4647E-02
  1.8248E+03  2.9640E-02 -1.4653E-02
  1.8263E+03  3.0232E-02 -1.5366E-02
  1.8277E+03  3.0218E-02 -1.5701E-02
  1.8291E+03  3.0283E-02 -1.7113E-02
  1.8306E+03  2.9605E-02 -1.8233E-02
  1.8320E+03  2.9276E-02 -1.9551E-02
  1.8334E+03  2.9055E-02 -1.9780E-02
  1.8349E+03  2.9835E-02 -1.9974E-02
  1.8363E+03  3.1336E-02 -1.9103E-02
  1.8378E+03  3.2857E-02 -1.8365E-02
  1.8392E+03  3.4506E-02 -1.7629E-02
  1.8406E+03  3.5831E-02 -1.7236E-02
  1.8421E+03  3.6035E-02 -1.7364E-02
  1.8435E+03  3.5830E-02 -1.7502E-02
  1.8450E+03  3.4818E-02 -1.8006E-02
  1.8464E+03  3.3318E-02 -1.7156E-02
  1.8478E+03  3.2143E-02 -1.7289E-02
  1.8493E+03  3.0594E-02 -1.6933E-02
  1.8507E+03  2.9022E-02 -1.7440E-02
  1.8521E+03  2.7121E-02 -1.7598E-02
  1.8536E+03  2.6093E-02 -1.7236E-02
  1.8550E+03  2.5376E-02 -1.5566E-02
  1.8565E+03  2.7222E-02 -1.3229E-02
  1.8579E+03  2.9899E-02 -1.2210E-02
  1.8593E+03  3.3527E-02 -1.3190E-02
  1.8608E+03  3.5727E-02 -1.6250E-02
  1.8622E+03  3.6043E-02 -1.9560E-02
  1.8636E+03  3.4601E-02 -2.1526E-02
  1.8651E+03  3.2971E-02 -2.1019E-02
  1.8665E+03  3.3831E-02 -1.8064E-02
  1.8680E+03  3.6983E-02 -1.6333E-02
  1.8694E+03  4.1854E-02 -1.7579E-02
  1.8708E+03  4.5194E-02 -2.3564E-02
  1.8723E+03  4.2717E-02 -3.2637E-02
  1.8737E+03  3.3082E-02 -4.0123E-02
  1.8752E+03  1.8422E-02 -4.1042E-02
  1.8766E+03  4.5422E-03 -3.3709E-02
  1.8780E+03 -3.4629E-03 -1.9648E-02
  1.8795E+03 -1.2546E-03 -2.9885E-03
  1.8809E+03  1.1404E-02  9.6626E-03
  1.8823E+03  2.9981E-02  1.3334E-02
  1.8838E+03  4.7945E-02  6.9781E-03
  1.8852E+03  5.9555E-02 -6.8708E-03
  1.8867E+03  6.1909E-02 -2.2725E-02
  1.8881E+03  5.5253E-02 -3.5736E-02
  1.8895E+03  4.2661E-02 -4.1376E-02
  1.8910E+03  2.9285E-02 -3.8929E-02
  1.8924E+03  1.8839E-02 -3.0016E-02
  1.8938E+03  1.4026E-02 -1.8613E-02
  1.8953E+03  1.4199E-02 -8.8149E-03
  1.8967E+03  1.7273E-02 -3.0781E-03
  1.8982E+03  2.1866E-02 -2.3003E-03
  1.8996E+03  2.5455E-02 -5.7049E-03
  1.9010E+03  2.8687E-02 -1.1139E-02
  1.9025E+03  3.0476E-02 -1.6816E-02
  1.9039E+03  3.2528E-02 -2.1008E-02
  1.9053E+03  3.4570E-02 -2.3198E-02
  1.9068E+03  3.6907E-02 -2.3569E-02
  1.9082E+03  3.9437E-02 -2.2099E-02
  1.9097E+03  4.0467E-02 -1.9160E-02
  1.9111E+03  3.9516E-02 -1.5079E-02
  1.9125E+03  3.6502E-02 -1.1140E-02
  1.9140E+03  3.0963E-02 -7.6821E-03
  1.9154E+03  2.4732E-02 -6.4621E-03
  1.9169E+03  1.8964E-02 -9.3397E-03
  1.9183E+03  1.6211E-02 -1.6028E-02
  1.9197E+03  1.8901E-02 -2.4528E-02
  1.9212E+03  2.6500E-02 -3.1632E-02
  1.9226E+03  3.7496E-02 -3.4007E-02
  1.9240E+03  4.8181E-02 -2.9807E-02
  1.9255E+03  5.3425E-02 -2.0115E-02
  1.9269E+03  5.1061E-02 -8.7214E-03
  1.9284E+03  4.0709E-02 -8.1014E-04
  1.9298E+03  2.7298E-02  2.5477E-05
  1.9312E+03  1.5107E-02 -6.4241E-03
  1.9327E+03  9.7669E-03 -1.8543E-02
  1.9341E+03  1.2398E-02 -3.0455E-02
  1.9355E+03  2.0806E-02 -3.8268E-02
  1.9370E+03  3.2259E-02 -3.9060E-02
  1.9384E+03  4.0092E-02 -3.4500E-02
  1.9399E+03  4.3685E-02 -2.5941E-02
  1.9413E+03  4.1960E-02 -1.7889E-02
  1.9427E+03  3.6903E-02 -1.2763E-02
  1.9442E+03  3.1714E-02 -1.0832E-02
  1.9456E+03  2.7550E-02 -1.2221E-02
  1.9471E+03  2.5883E-02 -1.4740E-02
  1.9485E+03  2.5627E-02 -1.7556E-02
  1.9499E+03  2.6641E-02 -1.9067E-02
  1.9514E+03  2.8038E-02 -1.9757E-02
  1.9528E+03  2.8745E-02 -1.9958E-02
  1.9542E+03  2.8739E-02 -1.9277E-02
  1.9557E+03  2.8506E-02 -1.8709E-02
  1.9571E+03  2.8893E-02 -1.8312E-02
  1.9586E+03  2.8697E-02 -1.8518E-02
  1.9600E+03  2.8883E-02 -1.7929E-02
  1.9614E+03  2.9872E-02 -1.7076E-02
  1.9629E+03  3.0694E-02 -1.6881E-02
  1.9643E+03  3.0635E-02 -1.6143E-02
  1.9657E+03  2.9782E-02 -1.4297E-02
  1.9672E+03  2.9936E-02 -1.2485E-02
  1.9686E+03  3.0587E-02 -1.2041E-02
  1.9701E+03  3.0866E-02 -1.3405E-02
  1.9715E+03  3.0486E-02 -1.5144E-02
  1.9729E+03  3.0792E-02 -1.6205E-02
  1.9744E+03  3.2391E-02 -1.7200E-02
  1.9758E+03  3.3828E-02 -1.8794E-02
  1.9772E+03  3.3783E-02 -2.0256E-02
  1.9787E+03  3.2375E-02 -2.0012E-02
  1.9801E+03  3.1261E-02 -1.8166E-02
  1.9816E+03  3.1693E-02 -1.6581E-02
  1.9830E+03  3.2586E-02 -1.6462E-02
  1.9844E+03  3.2935E-02 -1.7787E-02
  1.9859E+03  3.2310E-02 -1.9512E-02
  1.9873E+03  3.0775E-02 -2.0254E-02
  1.9888E+03  3.0117E-02 -2.0320E-02
  1.9902E+03  2.9451E-02 -1.9726E-02
  1.9916E+03  2.9586E-02 -1.9452E-02
  1.9931E+03  2.9768E-02 -1.9425E-02
  1.9945E+03  2.9993E-02 -2.0406E-02
  1.9959E+03  3.0489E-02 -2.1411E-02
  1.9974E+03  3.0725E-02 -2.2212E-02
  1.9988E+03  3.0265E-02 -2.2581E-02
  2.0000E+03  3.0048E-02 -2.2575E-02
