# CREATED BY GENE DIAGNOSTICS TOOL on Wed Dec 16 19:03:44 2020
# diag: gamdiag, run(s): 0019, time window: 0-3000(1384 steps), species: ions
# original data path: /marconi_scratch/userexternal/cmoreno0/GAM_HP_scan/scanfiles0002/
# normalization: L_ref=1.65m
#
# xind= 0, x/a= 0.5, q= 1.1358678
# Fit:    0.45277578,1.1330852,3.1908157
# Analytic (Gao, Zhou/Yu): 0.25929117,0.41974027,3.6167339
#  t          Re[phi]     Im[phi]   
  0.0000E+00  9.9997E-01  0.0000E+00
  2.1700E+00  9.4148E-01 -3.1438E-03
  4.3400E+00  8.6136E-01 -5.3254E-03
  6.5100E+00  8.1825E-01 -7.4602E-03
  8.6800E+00  7.8156E-01 -9.5351E-03
  1.0850E+01  7.3998E-01 -1.1331E-02
  1.3020E+01  7.0276E-01 -1.2722E-02
  1.5190E+01  6.7480E-01 -1.3776E-02
  1.7360E+01  6.5583E-01 -1.4673E-02
  1.9530E+01  6.4478E-01 -1.5593E-02
  2.1700E+01  6.4038E-01 -1.6646E-02
  2.3870E+01  6.4084E-01 -1.7884E-02
  2.6040E+01  6.4413E-01 -1.9291E-02
  2.8210E+01  6.4835E-01 -2.0810E-02
  3.0380E+01  6.5208E-01 -2.2367E-02
  3.2550E+01  6.5427E-01 -2.3892E-02
  3.4720E+01  6.5445E-01 -2.5355E-02
  3.6890E+01  6.5262E-01 -2.6724E-02
  3.9060E+01  6.4893E-01 -2.7984E-02
  4.1230E+01  6.4416E-01 -2.9182E-02
  4.3400E+01  6.3848E-01 -3.0295E-02
  4.5570E+01  6.3277E-01 -3.1379E-02
  4.7740E+01  6.2721E-01 -3.2458E-02
  4.9910E+01  6.2176E-01 -3.3519E-02
  5.2080E+01  6.1689E-01 -3.4607E-02
  5.4250E+01  6.1264E-01 -3.5715E-02
  5.6420E+01  6.0886E-01 -3.6842E-02
  5.8590E+01  6.0552E-01 -3.7977E-02
  6.0760E+01  6.0267E-01 -3.9137E-02
  6.2930E+01  5.9980E-01 -4.0270E-02
  6.5100E+01  5.9740E-01 -4.1422E-02
  6.7270E+01  5.9516E-01 -4.2556E-02
  6.9440E+01  5.9290E-01 -4.3643E-02
  7.1610E+01  5.9118E-01 -4.4786E-02
  7.3780E+01  5.8893E-01 -4.5882E-02
  7.5950E+01  5.8594E-01 -4.6876E-02
  7.8120E+01  5.8361E-01 -4.7907E-02
  8.0290E+01  5.8188E-01 -4.8967E-02
  8.2460E+01  5.7990E-01 -4.9990E-02
  8.4630E+01  5.7766E-01 -5.0986E-02
  8.6800E+01  5.7555E-01 -5.1983E-02
  8.8970E+01  5.7359E-01 -5.2981E-02
  9.1140E+01  5.7168E-01 -5.3974E-02
  9.3310E+01  5.6978E-01 -5.4953E-02
  9.5480E+01  5.6788E-01 -5.5917E-02
  9.7650E+01  5.6600E-01 -5.6877E-02
  9.9820E+01  5.6412E-01 -5.7834E-02
  1.0199E+02  5.6223E-01 -5.8783E-02
  1.0416E+02  5.6037E-01 -5.9726E-02
  1.0633E+02  5.5852E-01 -6.0661E-02
  1.0850E+02  5.5667E-01 -6.1587E-02
  1.1067E+02  5.5482E-01 -6.2505E-02
  1.1284E+02  5.5302E-01 -6.3414E-02
  1.1501E+02  5.5123E-01 -6.4315E-02
  1.1718E+02  5.4945E-01 -6.5211E-02
  1.1935E+02  5.4767E-01 -6.6101E-02
  1.2152E+02  5.4594E-01 -6.6987E-02
  1.2369E+02  5.4427E-01 -6.7866E-02
  1.2586E+02  5.4267E-01 -6.8741E-02
  1.2803E+02  5.4108E-01 -6.9612E-02
  1.3020E+02  5.3945E-01 -7.0476E-02
  1.3237E+02  5.3784E-01 -7.1335E-02
  1.3454E+02  5.3627E-01 -7.2189E-02
  1.3671E+02  5.3474E-01 -7.3037E-02
  1.3888E+02  5.3326E-01 -7.3881E-02
  1.4105E+02  5.3178E-01 -7.4720E-02
  1.4322E+02  5.3032E-01 -7.5554E-02
  1.4539E+02  5.2885E-01 -7.6386E-02
  1.4756E+02  5.2736E-01 -7.7210E-02
  1.4973E+02  5.2586E-01 -7.8028E-02
  1.5190E+02  5.2440E-01 -7.8843E-02
  1.5407E+02  5.2299E-01 -7.9652E-02
  1.5624E+02  5.2162E-01 -8.0454E-02
  1.5841E+02  5.2027E-01 -8.1252E-02
  1.6058E+02  5.1892E-01 -8.2045E-02
  1.6275E+02  5.1757E-01 -8.2834E-02
  1.6492E+02  5.1621E-01 -8.3619E-02
  1.6709E+02  5.1488E-01 -8.4399E-02
  1.6926E+02  5.1357E-01 -8.5175E-02
  1.7143E+02  5.1230E-01 -8.5947E-02
  1.7360E+02  5.1103E-01 -8.6714E-02
  1.7577E+02  5.0977E-01 -8.7476E-02
  1.7794E+02  5.0850E-01 -8.8234E-02
  1.8011E+02  5.0723E-01 -8.8987E-02
  1.8228E+02  5.0599E-01 -8.9737E-02
  1.8445E+02  5.0478E-01 -9.0484E-02
  1.8662E+02  5.0362E-01 -9.1226E-02
  1.8879E+02  5.0249E-01 -9.1966E-02
  1.9096E+02  5.0136E-01 -9.2702E-02
  1.9313E+02  5.0020E-01 -9.3434E-02
  1.9530E+02  4.9900E-01 -9.4164E-02
  1.9747E+02  4.9777E-01 -9.4890E-02
  1.9964E+02  4.9654E-01 -9.5612E-02
  2.0181E+02  4.9537E-01 -9.6332E-02
  2.0398E+02  4.9430E-01 -9.7049E-02
  2.0615E+02  4.9331E-01 -9.7763E-02
  2.0832E+02  4.9239E-01 -9.8475E-02
  2.1049E+02  4.9147E-01 -9.9184E-02
  2.1266E+02  4.9051E-01 -9.9892E-02
  2.1483E+02  4.8946E-01 -1.0060E-01
  2.1700E+02  4.8830E-01 -1.0130E-01
  2.1917E+02  4.8707E-01 -1.0199E-01
  2.2134E+02  4.8584E-01 -1.0269E-01
  2.2351E+02  4.8468E-01 -1.0338E-01
  2.2568E+02  4.8364E-01 -1.0406E-01
  2.2785E+02  4.8272E-01 -1.0475E-01
  2.3002E+02  4.8191E-01 -1.0543E-01
  2.3219E+02  4.8114E-01 -1.0611E-01
  2.3436E+02  4.8033E-01 -1.0679E-01
  2.3653E+02  4.7941E-01 -1.0747E-01
  2.3870E+02  4.7836E-01 -1.0814E-01
  2.4087E+02  4.7720E-01 -1.0881E-01
  2.4304E+02  4.7601E-01 -1.0948E-01
  2.4521E+02  4.7487E-01 -1.1015E-01
  2.4738E+02  4.7385E-01 -1.1081E-01
  2.4955E+02  4.7298E-01 -1.1147E-01
  2.5172E+02  4.7224E-01 -1.1213E-01
  2.5389E+02  4.7158E-01 -1.1278E-01
  2.5606E+02  4.7088E-01 -1.1344E-01
  2.5823E+02  4.7002E-01 -1.1409E-01
  2.6040E+02  4.6897E-01 -1.1474E-01
  2.6257E+02  4.6772E-01 -1.1539E-01
  2.6474E+02  4.6637E-01 -1.1604E-01
  2.6691E+02  4.6505E-01 -1.1668E-01
  2.6908E+02  4.6389E-01 -1.1732E-01
  2.7125E+02  4.6299E-01 -1.1795E-01
  2.7342E+02  4.6238E-01 -1.1859E-01
  2.7559E+02  4.6200E-01 -1.1922E-01
  2.7776E+02  4.6172E-01 -1.1985E-01
  2.7993E+02  4.6134E-01 -1.2049E-01
  2.8210E+02  4.6070E-01 -1.2112E-01
  2.8427E+02  4.5968E-01 -1.2176E-01
  2.8644E+02  4.5831E-01 -1.2239E-01
  2.8861E+02  4.5670E-01 -1.2301E-01
  2.9078E+02  4.5505E-01 -1.2363E-01
  2.9295E+02  4.5357E-01 -1.2425E-01
  2.9512E+02  4.5243E-01 -1.2486E-01
  2.9729E+02  4.5173E-01 -1.2546E-01
  2.9946E+02  4.5143E-01 -1.2607E-01
  3.0163E+02  4.5137E-01 -1.2667E-01
  3.0380E+02  4.5132E-01 -1.2728E-01
  3.0597E+02  4.5103E-01 -1.2790E-01
  3.0814E+02  4.5029E-01 -1.2851E-01
  3.1031E+02  4.4904E-01 -1.2912E-01
  3.1248E+02  4.4736E-01 -1.2973E-01
  3.1465E+02  4.4545E-01 -1.3034E-01
  3.1682E+02  4.4357E-01 -1.3093E-01
  3.1899E+02  4.4201E-01 -1.3151E-01
  3.2116E+02  4.4097E-01 -1.3209E-01
  3.2333E+02  4.4052E-01 -1.3267E-01
  3.2550E+02  4.4057E-01 -1.3325E-01
  3.2767E+02  4.4091E-01 -1.3383E-01
  3.2984E+02  4.4125E-01 -1.3442E-01
  3.3201E+02  4.4128E-01 -1.3502E-01
  3.3418E+02  4.4077E-01 -1.3562E-01
  3.3635E+02  4.3962E-01 -1.3621E-01
  3.3852E+02  4.3785E-01 -1.3681E-01
  3.4069E+02  4.3567E-01 -1.3739E-01
  3.4286E+02  4.3335E-01 -1.3796E-01
  3.4503E+02  4.3120E-01 -1.3853E-01
  3.4720E+02  4.2949E-01 -1.3908E-01
  3.4937E+02  4.2837E-01 -1.3963E-01
  3.5154E+02  4.2787E-01 -1.4017E-01
  3.5371E+02  4.2789E-01 -1.4072E-01
  3.5588E+02  4.2820E-01 -1.4128E-01
  3.5805E+02  4.2856E-01 -1.4184E-01
  3.6022E+02  4.2872E-01 -1.4241E-01
  3.6239E+02  4.2850E-01 -1.4298E-01
  3.6456E+02  4.2781E-01 -1.4355E-01
  3.6673E+02  4.2667E-01 -1.4412E-01
  3.6890E+02  4.2518E-01 -1.4468E-01
  3.7107E+02  4.2350E-01 -1.4523E-01
  3.7324E+02  4.2182E-01 -1.4577E-01
  3.7541E+02  4.2028E-01 -1.4631E-01
  3.7758E+02  4.1899E-01 -1.4684E-01
  3.7975E+02  4.1799E-01 -1.4737E-01
  3.8192E+02  4.1726E-01 -1.4790E-01
  3.8409E+02  4.1674E-01 -1.4844E-01
  3.8626E+02  4.1634E-01 -1.4897E-01
  3.8843E+02  4.1595E-01 -1.4951E-01
  3.9060E+02  4.1549E-01 -1.5004E-01
  3.9277E+02  4.1491E-01 -1.5058E-01
  3.9494E+02  4.1418E-01 -1.5112E-01
  3.9711E+02  4.1329E-01 -1.5165E-01
  3.9928E+02  4.1230E-01 -1.5218E-01
  4.0145E+02  4.1123E-01 -1.5270E-01
  4.0362E+02  4.1015E-01 -1.5322E-01
  4.0579E+02  4.0910E-01 -1.5373E-01
  4.0796E+02  4.0811E-01 -1.5425E-01
  4.1013E+02  4.0718E-01 -1.5476E-01
  4.1230E+02  4.0633E-01 -1.5527E-01
  4.1447E+02  4.0551E-01 -1.5578E-01
  4.1664E+02  4.0471E-01 -1.5629E-01
  4.1881E+02  4.0391E-01 -1.5680E-01
  4.2098E+02  4.0309E-01 -1.5730E-01
  4.2315E+02  4.0224E-01 -1.5781E-01
  4.2532E+02  4.0137E-01 -1.5831E-01
  4.2749E+02  4.0049E-01 -1.5881E-01
  4.2966E+02  3.9960E-01 -1.5931E-01
  4.3183E+02  3.9871E-01 -1.5981E-01
  4.3400E+02  3.9781E-01 -1.6030E-01
  4.3617E+02  3.9692E-01 -1.6079E-01
  4.3834E+02  3.9601E-01 -1.6128E-01
  4.4051E+02  3.9510E-01 -1.6177E-01
  4.4268E+02  3.9419E-01 -1.6225E-01
  4.4485E+02  3.9329E-01 -1.6273E-01
  4.4702E+02  3.9241E-01 -1.6322E-01
  4.4919E+02  3.9155E-01 -1.6370E-01
  4.5136E+02  3.9072E-01 -1.6417E-01
  4.5353E+02  3.8990E-01 -1.6465E-01
  4.5570E+02  3.8907E-01 -1.6512E-01
  4.5787E+02  3.8823E-01 -1.6560E-01
  4.6004E+02  3.8735E-01 -1.6607E-01
  4.6221E+02  3.8646E-01 -1.6653E-01
  4.6438E+02  3.8556E-01 -1.6700E-01
  4.6655E+02  3.8467E-01 -1.6747E-01
  4.6872E+02  3.8381E-01 -1.6793E-01
  4.7089E+02  3.8299E-01 -1.6839E-01
  4.7306E+02  3.8221E-01 -1.6885E-01
  4.7523E+02  3.8144E-01 -1.6930E-01
  4.7740E+02  3.8067E-01 -1.6976E-01
  4.7957E+02  3.7987E-01 -1.7021E-01
  4.8174E+02  3.7904E-01 -1.7066E-01
  4.8391E+02  3.7817E-01 -1.7111E-01
  4.8608E+02  3.7729E-01 -1.7156E-01
  4.8825E+02  3.7643E-01 -1.7201E-01
  4.9042E+02  3.7560E-01 -1.7245E-01
  4.9259E+02  3.7482E-01 -1.7289E-01
  4.9476E+02  3.7409E-01 -1.7333E-01
  4.9693E+02  3.7338E-01 -1.7377E-01
  4.9910E+02  3.7266E-01 -1.7421E-01
  5.0127E+02  3.7190E-01 -1.7464E-01
  5.0344E+02  3.7109E-01 -1.7507E-01
  5.0561E+02  3.7022E-01 -1.7551E-01
  5.0778E+02  3.6932E-01 -1.7594E-01
  5.0995E+02  3.6844E-01 -1.7636E-01
  5.1212E+02  3.6760E-01 -1.7679E-01
  5.1429E+02  3.6682E-01 -1.7721E-01
  5.1646E+02  3.6611E-01 -1.7763E-01
  5.1863E+02  3.6544E-01 -1.7805E-01
  5.2080E+02  3.6476E-01 -1.7847E-01
  5.2297E+02  3.6403E-01 -1.7889E-01
  5.2514E+02  3.6322E-01 -1.7930E-01
  5.2731E+02  3.6233E-01 -1.7972E-01
  5.2948E+02  3.6139E-01 -1.8013E-01
  5.3165E+02  3.6045E-01 -1.8054E-01
  5.3382E+02  3.5955E-01 -1.8094E-01
  5.3599E+02  3.5873E-01 -1.8135E-01
  5.3816E+02  3.5801E-01 -1.8175E-01
  5.4033E+02  3.5735E-01 -1.8215E-01
  5.4250E+02  3.5671E-01 -1.8255E-01
  5.4467E+02  3.5603E-01 -1.8295E-01
  5.4684E+02  3.5528E-01 -1.8334E-01
  5.4901E+02  3.5442E-01 -1.8374E-01
  5.5118E+02  3.5347E-01 -1.8413E-01
  5.5335E+02  3.5247E-01 -1.8452E-01
  5.5552E+02  3.5149E-01 -1.8491E-01
  5.5769E+02  3.5058E-01 -1.8530E-01
  5.5986E+02  3.4979E-01 -1.8568E-01
  5.6203E+02  3.4912E-01 -1.8606E-01
  5.6420E+02  3.4852E-01 -1.8644E-01
  5.6637E+02  3.4794E-01 -1.8682E-01
  5.6854E+02  3.4732E-01 -1.8719E-01
  5.7071E+02  3.4658E-01 -1.8757E-01
  5.7288E+02  3.4571E-01 -1.8795E-01
  5.7505E+02  3.4471E-01 -1.8832E-01
  5.7722E+02  3.4366E-01 -1.8869E-01
  5.7939E+02  3.4262E-01 -1.8906E-01
  5.8156E+02  3.4166E-01 -1.8942E-01
  5.8373E+02  3.4086E-01 -1.8978E-01
  5.8590E+02  3.4020E-01 -1.9014E-01
  5.8807E+02  3.3967E-01 -1.9050E-01
  5.9024E+02  3.3918E-01 -1.9086E-01
  5.9241E+02  3.3865E-01 -1.9121E-01
  5.9458E+02  3.3799E-01 -1.9157E-01
  5.9675E+02  3.3715E-01 -1.9193E-01
  5.9892E+02  3.3615E-01 -1.9228E-01
  6.0109E+02  3.3504E-01 -1.9263E-01
  6.0326E+02  3.3391E-01 -1.9298E-01
  6.0543E+02  3.3287E-01 -1.9332E-01
  6.0760E+02  3.3199E-01 -1.9366E-01
  6.0977E+02  3.3131E-01 -1.9399E-01
  6.1194E+02  3.3080E-01 -1.9433E-01
  6.1411E+02  3.3038E-01 -1.9466E-01
  6.1628E+02  3.2995E-01 -1.9500E-01
  6.1845E+02  3.2940E-01 -1.9534E-01
  6.2062E+02  3.2865E-01 -1.9567E-01
  6.2279E+02  3.2768E-01 -1.9601E-01
  6.2496E+02  3.2655E-01 -1.9634E-01
  6.2713E+02  3.2535E-01 -1.9667E-01
  6.2930E+02  3.2419E-01 -1.9699E-01
  6.3147E+02  3.2319E-01 -1.9731E-01
  6.3364E+02  3.2239E-01 -1.9762E-01
  6.3581E+02  3.2181E-01 -1.9793E-01
  6.3798E+02  3.2138E-01 -1.9825E-01
  6.4015E+02  3.2099E-01 -1.9856E-01
  6.4232E+02  3.2052E-01 -1.9887E-01
  6.4449E+02  3.1988E-01 -1.9919E-01
  6.4666E+02  3.1902E-01 -1.9950E-01
  6.4883E+02  3.1796E-01 -1.9981E-01
  6.5100E+02  3.1677E-01 -2.0012E-01
  6.5317E+02  3.1557E-01 -2.0042E-01
  6.5534E+02  3.1447E-01 -2.0072E-01
  6.5751E+02  3.1356E-01 -2.0101E-01
  6.5968E+02  3.1289E-01 -2.0130E-01
  6.6185E+02  3.1244E-01 -2.0160E-01
  6.6402E+02  3.1211E-01 -2.0189E-01
  6.6619E+02  3.1179E-01 -2.0218E-01
  6.6836E+02  3.1136E-01 -2.0247E-01
  6.7053E+02  3.1072E-01 -2.0277E-01
  6.7270E+02  3.0983E-01 -2.0306E-01
  6.7487E+02  3.0872E-01 -2.0335E-01
  6.7704E+02  3.0745E-01 -2.0363E-01
  6.7921E+02  3.0616E-01 -2.0391E-01
  6.8138E+02  3.0496E-01 -2.0419E-01
  6.8355E+02  3.0396E-01 -2.0446E-01
  6.8572E+02  3.0322E-01 -2.0472E-01
  6.8789E+02  3.0275E-01 -2.0499E-01
  6.9006E+02  3.0246E-01 -2.0526E-01
  6.9223E+02  3.0227E-01 -2.0553E-01
  6.9440E+02  3.0204E-01 -2.0580E-01
  6.9657E+02  3.0166E-01 -2.0607E-01
  6.9874E+02  3.0105E-01 -2.0634E-01
  7.0091E+02  3.0019E-01 -2.0661E-01
  7.0308E+02  2.9912E-01 -2.0688E-01
  7.0525E+02  2.9791E-01 -2.0714E-01
  7.0742E+02  2.9668E-01 -2.0739E-01
  7.0959E+02  2.9554E-01 -2.0765E-01
  7.1176E+02  2.9457E-01 -2.0789E-01
  7.1393E+02  2.9380E-01 -2.0814E-01
  7.1610E+02  2.9322E-01 -2.0838E-01
  7.1827E+02  2.9279E-01 -2.0863E-01
  7.2044E+02  2.9242E-01 -2.0887E-01
  7.2261E+02  2.9203E-01 -2.0912E-01
  7.2478E+02  2.9154E-01 -2.0937E-01
  7.2695E+02  2.9093E-01 -2.0961E-01
  7.2912E+02  2.9017E-01 -2.0986E-01
  7.3129E+02  2.8931E-01 -2.1010E-01
  7.3346E+02  2.8837E-01 -2.1033E-01
  7.3563E+02  2.8743E-01 -2.1057E-01
  7.3780E+02  2.8650E-01 -2.1080E-01
  7.3997E+02  2.8564E-01 -2.1103E-01
  7.4214E+02  2.8483E-01 -2.1125E-01
  7.4431E+02  2.8409E-01 -2.1148E-01
  7.4648E+02  2.8339E-01 -2.1170E-01
  7.4865E+02  2.8271E-01 -2.1192E-01
  7.5082E+02  2.8204E-01 -2.1214E-01
  7.5299E+02  2.8137E-01 -2.1236E-01
  7.5516E+02  2.8069E-01 -2.1258E-01
  7.5733E+02  2.8000E-01 -2.1280E-01
  7.5950E+02  2.7928E-01 -2.1301E-01
  7.6167E+02  2.7854E-01 -2.1323E-01
  7.6384E+02  2.7777E-01 -2.1344E-01
  7.6601E+02  2.7696E-01 -2.1365E-01
  7.6818E+02  2.7613E-01 -2.1385E-01
  7.7035E+02  2.7529E-01 -2.1406E-01
  7.7252E+02  2.7446E-01 -2.1426E-01
  7.7469E+02  2.7365E-01 -2.1446E-01
  7.7686E+02  2.7288E-01 -2.1466E-01
  7.7903E+02  2.7215E-01 -2.1485E-01
  7.8120E+02  2.7146E-01 -2.1505E-01
  7.8337E+02  2.7078E-01 -2.1524E-01
  7.8554E+02  2.7009E-01 -2.1544E-01
  7.8771E+02  2.6938E-01 -2.1563E-01
  7.8988E+02  2.6862E-01 -2.1582E-01
  7.9205E+02  2.6783E-01 -2.1601E-01
  7.9422E+02  2.6702E-01 -2.1619E-01
  7.9639E+02  2.6619E-01 -2.1637E-01
  7.9856E+02  2.6539E-01 -2.1655E-01
  8.0073E+02  2.6462E-01 -2.1673E-01
  8.0290E+02  2.6390E-01 -2.1691E-01
  8.0507E+02  2.6321E-01 -2.1709E-01
  8.0724E+02  2.6254E-01 -2.1726E-01
  8.0941E+02  2.6186E-01 -2.1743E-01
  8.1158E+02  2.6116E-01 -2.1760E-01
  8.1375E+02  2.6041E-01 -2.1777E-01
  8.1592E+02  2.5963E-01 -2.1794E-01
  8.1809E+02  2.5883E-01 -2.1811E-01
  8.2026E+02  2.5803E-01 -2.1827E-01
  8.2243E+02  2.5727E-01 -2.1843E-01
  8.2460E+02  2.5655E-01 -2.1859E-01
  8.2677E+02  2.5588E-01 -2.1875E-01
  8.2894E+02  2.5525E-01 -2.1891E-01
  8.3111E+02  2.5463E-01 -2.1906E-01
  8.3328E+02  2.5399E-01 -2.1922E-01
  8.3545E+02  2.5330E-01 -2.1937E-01
  8.3762E+02  2.5256E-01 -2.1952E-01
  8.3979E+02  2.5178E-01 -2.1967E-01
  8.4196E+02  2.5099E-01 -2.1982E-01
  8.4413E+02  2.5020E-01 -2.1997E-01
  8.4630E+02  2.4946E-01 -2.2011E-01
  8.4847E+02  2.4879E-01 -2.2025E-01
  8.5064E+02  2.4817E-01 -2.2039E-01
  8.5281E+02  2.4760E-01 -2.2053E-01
  8.5498E+02  2.4703E-01 -2.2067E-01
  8.5715E+02  2.4643E-01 -2.2080E-01
  8.5932E+02  2.4576E-01 -2.2094E-01
  8.6149E+02  2.4503E-01 -2.2107E-01
  8.6366E+02  2.4424E-01 -2.2121E-01
  8.6583E+02  2.4342E-01 -2.2134E-01
  8.6800E+02  2.4263E-01 -2.2146E-01
  8.7017E+02  2.4190E-01 -2.2159E-01
  8.7234E+02  2.4125E-01 -2.2171E-01
  8.7451E+02  2.4067E-01 -2.2184E-01
  8.7668E+02  2.4013E-01 -2.2196E-01
  8.7885E+02  2.3959E-01 -2.2208E-01
  8.8102E+02  2.3901E-01 -2.2220E-01
  8.8319E+02  2.3836E-01 -2.2231E-01
  8.8536E+02  2.3762E-01 -2.2243E-01
  8.8753E+02  2.3680E-01 -2.2255E-01
  8.8970E+02  2.3596E-01 -2.2266E-01
  8.9187E+02  2.3514E-01 -2.2277E-01
  8.9404E+02  2.3439E-01 -2.2288E-01
  8.9621E+02  2.3372E-01 -2.2298E-01
  8.9838E+02  2.3314E-01 -2.2309E-01
  9.0055E+02  2.3262E-01 -2.2319E-01
  9.0272E+02  2.3210E-01 -2.2329E-01
  9.0489E+02  2.3154E-01 -2.2339E-01
  9.0706E+02  2.3090E-01 -2.2350E-01
  9.0923E+02  2.3016E-01 -2.2360E-01
  9.1140E+02  2.2933E-01 -2.2369E-01
  9.1357E+02  2.2845E-01 -2.2379E-01
  9.1574E+02  2.2759E-01 -2.2388E-01
  9.1791E+02  2.2678E-01 -2.2397E-01
  9.2008E+02  2.2607E-01 -2.2406E-01
  9.2225E+02  2.2546E-01 -2.2414E-01
  9.2442E+02  2.2493E-01 -2.2423E-01
  9.2659E+02  2.2442E-01 -2.2431E-01
  9.2876E+02  2.2389E-01 -2.2440E-01
  9.3093E+02  2.2328E-01 -2.2448E-01
  9.3310E+02  2.2256E-01 -2.2456E-01
  9.3527E+02  2.2174E-01 -2.2464E-01
  9.3744E+02  2.2085E-01 -2.2472E-01
  9.3961E+02  2.1995E-01 -2.2480E-01
  9.4178E+02  2.1908E-01 -2.2487E-01
  9.4395E+02  2.1830E-01 -2.2494E-01
  9.4612E+02  2.1763E-01 -2.2501E-01
  9.4829E+02  2.1707E-01 -2.2507E-01
  9.5046E+02  2.1656E-01 -2.2514E-01
  9.5263E+02  2.1607E-01 -2.2521E-01
  9.5480E+02  2.1552E-01 -2.2527E-01
  9.5697E+02  2.1487E-01 -2.2534E-01
  9.5914E+02  2.1410E-01 -2.2540E-01
  9.6131E+02  2.1323E-01 -2.2546E-01
  9.6348E+02  2.1230E-01 -2.2552E-01
  9.6565E+02  2.1138E-01 -2.2557E-01
  9.6782E+02  2.1052E-01 -2.2563E-01
  9.6999E+02  2.0977E-01 -2.2568E-01
  9.7216E+02  2.0915E-01 -2.2573E-01
  9.7433E+02  2.0864E-01 -2.2577E-01
  9.7650E+02  2.0818E-01 -2.2582E-01
  9.7867E+02  2.0771E-01 -2.2587E-01
  9.8084E+02  2.0716E-01 -2.2591E-01
  9.8301E+02  2.0649E-01 -2.2596E-01
  9.8518E+02  2.0569E-01 -2.2600E-01
  9.8735E+02  2.0479E-01 -2.2605E-01
  9.8952E+02  2.0386E-01 -2.2609E-01
  9.9169E+02  2.0295E-01 -2.2612E-01
  9.9386E+02  2.0214E-01 -2.2616E-01
  9.9603E+02  2.0146E-01 -2.2619E-01
  9.9820E+02  2.0092E-01 -2.2622E-01
  1.0004E+03  2.0047E-01 -2.2625E-01
  1.0025E+03  2.0005E-01 -2.2627E-01
  1.0047E+03  1.9960E-01 -2.2630E-01
  1.0069E+03  1.9904E-01 -2.2633E-01
  1.0090E+03  1.9835E-01 -2.2636E-01
  1.0112E+03  1.9754E-01 -2.2639E-01
  1.0134E+03  1.9663E-01 -2.2641E-01
  1.0156E+03  1.9571E-01 -2.2643E-01
  1.0177E+03  1.9483E-01 -2.2645E-01
  1.0199E+03  1.9406E-01 -2.2647E-01
  1.0221E+03  1.9343E-01 -2.2648E-01
  1.0242E+03  1.9294E-01 -2.2649E-01
  1.0264E+03  1.9254E-01 -2.2650E-01
  1.0286E+03  1.9217E-01 -2.2652E-01
  1.0307E+03  1.9176E-01 -2.2653E-01
  1.0329E+03  1.9125E-01 -2.2654E-01
  1.0351E+03  1.9062E-01 -2.2655E-01
  1.0373E+03  1.8987E-01 -2.2656E-01
  1.0394E+03  1.8903E-01 -2.2657E-01
  1.0416E+03  1.8815E-01 -2.2658E-01
  1.0438E+03  1.8730E-01 -2.2658E-01
  1.0459E+03  1.8653E-01 -2.2658E-01
  1.0481E+03  1.8586E-01 -2.2657E-01
  1.0503E+03  1.8529E-01 -2.2657E-01
  1.0524E+03  1.8482E-01 -2.2656E-01
  1.0546E+03  1.8439E-01 -2.2656E-01
  1.0568E+03  1.8396E-01 -2.2655E-01
  1.0590E+03  1.8349E-01 -2.2655E-01
  1.0611E+03  1.8295E-01 -2.2654E-01
  1.0633E+03  1.8235E-01 -2.2654E-01
  1.0655E+03  1.8168E-01 -2.2653E-01
  1.0676E+03  1.8096E-01 -2.2652E-01
  1.0698E+03  1.8023E-01 -2.2651E-01
  1.0720E+03  1.7951E-01 -2.2649E-01
  1.0741E+03  1.7882E-01 -2.2647E-01
  1.0763E+03  1.7817E-01 -2.2646E-01
  1.0785E+03  1.7755E-01 -2.2644E-01
  1.0807E+03  1.7698E-01 -2.2641E-01
  1.0828E+03  1.7643E-01 -2.2639E-01
  1.0850E+03  1.7590E-01 -2.2637E-01
  1.0872E+03  1.7538E-01 -2.2635E-01
  1.0893E+03  1.7485E-01 -2.2632E-01
  1.0915E+03  1.7431E-01 -2.2630E-01
  1.0937E+03  1.7374E-01 -2.2627E-01
  1.0958E+03  1.7315E-01 -2.2625E-01
  1.0980E+03  1.7253E-01 -2.2622E-01
  1.1002E+03  1.7188E-01 -2.2619E-01
  1.1024E+03  1.7122E-01 -2.2615E-01
  1.1045E+03  1.7055E-01 -2.2612E-01
  1.1067E+03  1.6989E-01 -2.2608E-01
  1.1089E+03  1.6926E-01 -2.2605E-01
  1.1110E+03  1.6867E-01 -2.2601E-01
  1.1132E+03  1.6812E-01 -2.2597E-01
  1.1154E+03  1.6759E-01 -2.2593E-01
  1.1175E+03  1.6708E-01 -2.2589E-01
  1.1197E+03  1.6656E-01 -2.2585E-01
  1.1219E+03  1.6600E-01 -2.2581E-01
  1.1241E+03  1.6541E-01 -2.2576E-01
  1.1262E+03  1.6478E-01 -2.2572E-01
  1.1284E+03  1.6411E-01 -2.2567E-01
  1.1306E+03  1.6344E-01 -2.2562E-01
  1.1327E+03  1.6279E-01 -2.2557E-01
  1.1349E+03  1.6217E-01 -2.2552E-01
  1.1371E+03  1.6159E-01 -2.2547E-01
  1.1393E+03  1.6105E-01 -2.2541E-01
  1.1414E+03  1.6052E-01 -2.2536E-01
  1.1436E+03  1.5999E-01 -2.2530E-01
  1.1458E+03  1.5943E-01 -2.2525E-01
  1.1479E+03  1.5884E-01 -2.2519E-01
  1.1501E+03  1.5821E-01 -2.2513E-01
  1.1523E+03  1.5755E-01 -2.2507E-01
  1.1544E+03  1.5688E-01 -2.2501E-01
  1.1566E+03  1.5623E-01 -2.2494E-01
  1.1588E+03  1.5562E-01 -2.2488E-01
  1.1610E+03  1.5504E-01 -2.2481E-01
  1.1631E+03  1.5450E-01 -2.2474E-01
  1.1653E+03  1.5398E-01 -2.2467E-01
  1.1675E+03  1.5345E-01 -2.2461E-01
  1.1696E+03  1.5289E-01 -2.2454E-01
  1.1718E+03  1.5228E-01 -2.2446E-01
  1.1740E+03  1.5164E-01 -2.2439E-01
  1.1761E+03  1.5097E-01 -2.2432E-01
  1.1783E+03  1.5029E-01 -2.2424E-01
  1.1805E+03  1.4964E-01 -2.2417E-01
  1.1827E+03  1.4903E-01 -2.2409E-01
  1.1848E+03  1.4846E-01 -2.2401E-01
  1.1870E+03  1.4793E-01 -2.2393E-01
  1.1892E+03  1.4742E-01 -2.2384E-01
  1.1913E+03  1.4690E-01 -2.2376E-01
  1.1935E+03  1.4636E-01 -2.2368E-01
  1.1957E+03  1.4576E-01 -2.2359E-01
  1.1978E+03  1.4513E-01 -2.2351E-01
  1.2000E+03  1.4445E-01 -2.2342E-01
  1.2022E+03  1.4377E-01 -2.2333E-01
  1.2044E+03  1.4311E-01 -2.2324E-01
  1.2065E+03  1.4249E-01 -2.2315E-01
  1.2087E+03  1.4192E-01 -2.2306E-01
  1.2109E+03  1.4139E-01 -2.2296E-01
  1.2130E+03  1.4090E-01 -2.2287E-01
  1.2152E+03  1.4041E-01 -2.2277E-01
  1.2174E+03  1.3990E-01 -2.2267E-01
  1.2195E+03  1.3933E-01 -2.2258E-01
  1.2217E+03  1.3871E-01 -2.2248E-01
  1.2239E+03  1.3805E-01 -2.2238E-01
  1.2261E+03  1.3736E-01 -2.2228E-01
  1.2282E+03  1.3669E-01 -2.2217E-01
  1.2304E+03  1.3605E-01 -2.2207E-01
  1.2326E+03  1.3547E-01 -2.2196E-01
  1.2347E+03  1.3495E-01 -2.2186E-01
  1.2369E+03  1.3448E-01 -2.2175E-01
  1.2391E+03  1.3402E-01 -2.2164E-01
  1.2412E+03  1.3354E-01 -2.2153E-01
  1.2434E+03  1.3301E-01 -2.2142E-01
  1.2456E+03  1.3243E-01 -2.2131E-01
  1.2478E+03  1.3178E-01 -2.2120E-01
  1.2499E+03  1.3109E-01 -2.2108E-01
  1.2521E+03  1.3040E-01 -2.2097E-01
  1.2543E+03  1.2975E-01 -2.2085E-01
  1.2564E+03  1.2915E-01 -2.2073E-01
  1.2586E+03  1.2862E-01 -2.2061E-01
  1.2608E+03  1.2816E-01 -2.2049E-01
  1.2629E+03  1.2773E-01 -2.2037E-01
  1.2651E+03  1.2730E-01 -2.2025E-01
  1.2673E+03  1.2682E-01 -2.2013E-01
  1.2695E+03  1.2628E-01 -2.2001E-01
  1.2716E+03  1.2567E-01 -2.1988E-01
  1.2738E+03  1.2499E-01 -2.1976E-01
  1.2760E+03  1.2430E-01 -2.1963E-01
  1.2781E+03  1.2363E-01 -2.1950E-01
  1.2803E+03  1.2301E-01 -2.1937E-01
  1.2825E+03  1.2246E-01 -2.1924E-01
  1.2846E+03  1.2200E-01 -2.1911E-01
  1.2868E+03  1.2159E-01 -2.1898E-01
  1.2890E+03  1.2119E-01 -2.1884E-01
  1.2912E+03  1.2077E-01 -2.1871E-01
  1.2933E+03  1.2029E-01 -2.1858E-01
  1.2955E+03  1.1973E-01 -2.1844E-01
  1.2977E+03  1.1910E-01 -2.1831E-01
  1.2998E+03  1.1842E-01 -2.1817E-01
  1.3020E+03  1.1774E-01 -2.1803E-01
  1.3042E+03  1.1709E-01 -2.1789E-01
  1.3063E+03  1.1652E-01 -2.1775E-01
  1.3085E+03  1.1604E-01 -2.1760E-01
  1.3107E+03  1.1563E-01 -2.1746E-01
  1.3129E+03  1.1526E-01 -2.1731E-01
  1.3150E+03  1.1488E-01 -2.1717E-01
  1.3172E+03  1.1446E-01 -2.1703E-01
  1.3194E+03  1.1397E-01 -2.1688E-01
  1.3215E+03  1.1340E-01 -2.1674E-01
  1.3237E+03  1.1276E-01 -2.1659E-01
  1.3259E+03  1.1210E-01 -2.1644E-01
  1.3280E+03  1.1144E-01 -2.1629E-01
  1.3302E+03  1.1085E-01 -2.1614E-01
  1.3324E+03  1.1033E-01 -2.1598E-01
  1.3346E+03  1.0989E-01 -2.1583E-01
  1.3367E+03  1.0951E-01 -2.1567E-01
  1.3389E+03  1.0916E-01 -2.1552E-01
  1.3411E+03  1.0878E-01 -2.1536E-01
  1.3432E+03  1.0835E-01 -2.1521E-01
  1.3454E+03  1.0785E-01 -2.1505E-01
  1.3476E+03  1.0727E-01 -2.1489E-01
  1.3497E+03  1.0665E-01 -2.1474E-01
  1.3519E+03  1.0601E-01 -2.1458E-01
  1.3541E+03  1.0540E-01 -2.1441E-01
  1.3563E+03  1.0485E-01 -2.1425E-01
  1.3584E+03  1.0437E-01 -2.1409E-01
  1.3606E+03  1.0396E-01 -2.1392E-01
  1.3628E+03  1.0359E-01 -2.1376E-01
  1.3649E+03  1.0323E-01 -2.1359E-01
  1.3671E+03  1.0285E-01 -2.1343E-01
  1.3693E+03  1.0241E-01 -2.1326E-01
  1.3714E+03  1.0192E-01 -2.1309E-01
  1.3736E+03  1.0137E-01 -2.1293E-01
  1.3758E+03  1.0078E-01 -2.1276E-01
  1.3780E+03  1.0019E-01 -2.1259E-01
  1.3801E+03  9.9614E-02 -2.1242E-01
  1.3823E+03  9.9081E-02 -2.1224E-01
  1.3845E+03  9.8599E-02 -2.1207E-01
  1.3866E+03  9.8163E-02 -2.1189E-01
  1.3888E+03  9.7760E-02 -2.1172E-01
  1.3910E+03  9.7371E-02 -2.1154E-01
  1.3931E+03  9.6974E-02 -2.1137E-01
  1.3953E+03  9.6556E-02 -2.1119E-01
  1.3975E+03  9.6106E-02 -2.1102E-01
  1.3997E+03  9.5624E-02 -2.1084E-01
  1.4018E+03  9.5117E-02 -2.1066E-01
  1.4040E+03  9.4593E-02 -2.1048E-01
  1.4062E+03  9.4065E-02 -2.1030E-01
  1.4083E+03  9.3543E-02 -2.1012E-01
  1.4105E+03  9.3036E-02 -2.0994E-01
  1.4127E+03  9.2548E-02 -2.0975E-01
  1.4148E+03  9.2083E-02 -2.0957E-01
  1.4170E+03  9.1639E-02 -2.0938E-01
  1.4192E+03  9.1213E-02 -2.0920E-01
  1.4214E+03  9.0799E-02 -2.0901E-01
  1.4235E+03  9.0390E-02 -2.0882E-01
  1.4257E+03  8.9978E-02 -2.0864E-01
  1.4279E+03  8.9552E-02 -2.0845E-01
  1.4300E+03  8.9107E-02 -2.0826E-01
  1.4322E+03  8.8638E-02 -2.0807E-01
  1.4344E+03  8.8148E-02 -2.0788E-01
  1.4365E+03  8.7642E-02 -2.0769E-01
  1.4387E+03  8.7132E-02 -2.0750E-01
  1.4409E+03  8.6631E-02 -2.0731E-01
  1.4431E+03  8.6151E-02 -2.0711E-01
  1.4452E+03  8.5700E-02 -2.0692E-01
  1.4474E+03  8.5279E-02 -2.0672E-01
  1.4496E+03  8.4883E-02 -2.0652E-01
  1.4517E+03  8.4499E-02 -2.0633E-01
  1.4539E+03  8.4112E-02 -2.0613E-01
  1.4561E+03  8.3707E-02 -2.0593E-01
  1.4582E+03  8.3275E-02 -2.0574E-01
  1.4604E+03  8.2812E-02 -2.0554E-01
  1.4626E+03  8.2324E-02 -2.0534E-01
  1.4648E+03  8.1825E-02 -2.0514E-01
  1.4669E+03  8.1332E-02 -2.0494E-01
  1.4691E+03  8.0858E-02 -2.0474E-01
  1.4713E+03  8.0415E-02 -2.0453E-01
  1.4734E+03  8.0003E-02 -2.0433E-01
  1.4756E+03  7.9615E-02 -2.0412E-01
  1.4778E+03  7.9238E-02 -2.0392E-01
  1.4799E+03  7.8854E-02 -2.0371E-01
  1.4821E+03  7.8449E-02 -2.0351E-01
  1.4843E+03  7.8014E-02 -2.0330E-01
  1.4865E+03  7.7552E-02 -2.0310E-01
  1.4886E+03  7.7072E-02 -2.0289E-01
  1.4908E+03  7.6589E-02 -2.0268E-01
  1.4930E+03  7.6120E-02 -2.0247E-01
  1.4951E+03  7.5678E-02 -2.0226E-01
  1.4973E+03  7.5268E-02 -2.0205E-01
  1.4995E+03  7.4884E-02 -2.0184E-01
  1.5016E+03  7.4513E-02 -2.0163E-01
  1.5038E+03  7.4139E-02 -2.0141E-01
  1.5060E+03  7.3745E-02 -2.0120E-01
  1.5082E+03  7.3322E-02 -2.0099E-01
  1.5103E+03  7.2868E-02 -2.0077E-01
  1.5125E+03  7.2394E-02 -2.0056E-01
  1.5147E+03  7.1915E-02 -2.0034E-01
  1.5168E+03  7.1449E-02 -2.0013E-01
  1.5190E+03  7.1011E-02 -1.9991E-01
  1.5212E+03  7.0607E-02 -1.9969E-01
  1.5233E+03  7.0235E-02 -1.9947E-01
  1.5255E+03  6.9881E-02 -1.9925E-01
  1.5277E+03  6.9526E-02 -1.9903E-01
  1.5299E+03  6.9151E-02 -1.9881E-01
  1.5320E+03  6.8744E-02 -1.9860E-01
  1.5342E+03  6.8302E-02 -1.9837E-01
  1.5364E+03  6.7832E-02 -1.9815E-01
  1.5385E+03  6.7351E-02 -1.9793E-01
  1.5407E+03  6.6881E-02 -1.9771E-01
  1.5429E+03  6.6441E-02 -1.9748E-01
  1.5450E+03  6.6039E-02 -1.9726E-01
  1.5472E+03  6.5676E-02 -1.9703E-01
  1.5494E+03  6.5340E-02 -1.9681E-01
  1.5516E+03  6.5009E-02 -1.9658E-01
  1.5537E+03  6.4661E-02 -1.9636E-01
  1.5559E+03  6.4280E-02 -1.9613E-01
  1.5581E+03  6.3857E-02 -1.9590E-01
  1.5602E+03  6.3399E-02 -1.9568E-01
  1.5624E+03  6.2921E-02 -1.9545E-01
  1.5646E+03  6.2448E-02 -1.9522E-01
  1.5667E+03  6.2000E-02 -1.9499E-01
  1.5689E+03  6.1596E-02 -1.9476E-01
  1.5711E+03  6.1237E-02 -1.9453E-01
  1.5733E+03  6.0914E-02 -1.9429E-01
  1.5754E+03  6.0607E-02 -1.9406E-01
  1.5776E+03  6.0290E-02 -1.9383E-01
  1.5798E+03  5.9941E-02 -1.9360E-01
  1.5819E+03  5.9547E-02 -1.9336E-01
  1.5841E+03  5.9109E-02 -1.9313E-01
  1.5863E+03  5.8640E-02 -1.9290E-01
  1.5884E+03  5.8166E-02 -1.9266E-01
  1.5906E+03  5.7712E-02 -1.9243E-01
  1.5928E+03  5.7300E-02 -1.9219E-01
  1.5950E+03  5.6939E-02 -1.9195E-01
  1.5971E+03  5.6623E-02 -1.9171E-01
  1.5993E+03  5.6335E-02 -1.9148E-01
  1.6015E+03  5.6047E-02 -1.9124E-01
  1.6036E+03  5.5732E-02 -1.9100E-01
  1.6058E+03  5.5373E-02 -1.9076E-01
  1.6080E+03  5.4963E-02 -1.9052E-01
  1.6101E+03  5.4512E-02 -1.9028E-01
  1.6123E+03  5.4044E-02 -1.9004E-01
  1.6145E+03  5.3586E-02 -1.8980E-01
  1.6167E+03  5.3164E-02 -1.8956E-01
  1.6188E+03  5.2794E-02 -1.8932E-01
  1.6210E+03  5.2476E-02 -1.8907E-01
  1.6232E+03  5.2195E-02 -1.8883E-01
  1.6253E+03  5.1926E-02 -1.8859E-01
  1.6275E+03  5.1642E-02 -1.8834E-01
  1.6297E+03  5.1318E-02 -1.8810E-01
  1.6318E+03  5.0944E-02 -1.8786E-01
  1.6340E+03  5.0522E-02 -1.8761E-01
  1.6362E+03  5.0071E-02 -1.8737E-01
  1.6384E+03  4.9617E-02 -1.8712E-01
  1.6405E+03  4.9187E-02 -1.8688E-01
  1.6427E+03  4.8803E-02 -1.8663E-01
  1.6449E+03  4.8471E-02 -1.8638E-01
  1.6470E+03  4.8183E-02 -1.8613E-01
  1.6492E+03  4.7920E-02 -1.8588E-01
  1.6514E+03  4.7655E-02 -1.8564E-01
  1.6535E+03  4.7362E-02 -1.8539E-01
  1.6557E+03  4.7026E-02 -1.8514E-01
  1.6579E+03  4.6642E-02 -1.8489E-01
  1.6601E+03  4.6222E-02 -1.8464E-01
  1.6622E+03  4.5785E-02 -1.8439E-01
  1.6644E+03  4.5358E-02 -1.8414E-01
  1.6666E+03  4.4962E-02 -1.8389E-01
  1.6687E+03  4.4610E-02 -1.8364E-01
  1.6709E+03  4.4302E-02 -1.8338E-01
  1.6731E+03  4.4027E-02 -1.8313E-01
  1.6752E+03  4.3764E-02 -1.8288E-01
  1.6774E+03  4.3490E-02 -1.8262E-01
  1.6796E+03  4.3188E-02 -1.8237E-01
  1.6818E+03  4.2846E-02 -1.8212E-01
  1.6839E+03  4.2468E-02 -1.8186E-01
  1.6861E+03  4.2066E-02 -1.8161E-01
  1.6883E+03  4.1658E-02 -1.8136E-01
  1.6904E+03  4.1264E-02 -1.8110E-01
  1.6926E+03  4.0898E-02 -1.8084E-01
  1.6948E+03  4.0568E-02 -1.8059E-01
  1.6969E+03  4.0271E-02 -1.8033E-01
  1.6991E+03  3.9995E-02 -1.8007E-01
  1.7013E+03  3.9724E-02 -1.7981E-01
  1.7035E+03  3.9443E-02 -1.7956E-01
  1.7056E+03  3.9139E-02 -1.7930E-01
  1.7078E+03  3.8807E-02 -1.7904E-01
  1.7100E+03  3.8451E-02 -1.7878E-01
  1.7121E+03  3.8080E-02 -1.7853E-01
  1.7143E+03  3.7706E-02 -1.7827E-01
  1.7165E+03  3.7342E-02 -1.7801E-01
  1.7186E+03  3.6997E-02 -1.7775E-01
  1.7208E+03  3.6675E-02 -1.7749E-01
  1.7230E+03  3.6374E-02 -1.7723E-01
  1.7252E+03  3.6088E-02 -1.7696E-01
  1.7273E+03  3.5808E-02 -1.7670E-01
  1.7295E+03  3.5526E-02 -1.7644E-01
  1.7317E+03  3.5235E-02 -1.7618E-01
  1.7338E+03  3.4931E-02 -1.7592E-01
  1.7360E+03  3.4613E-02 -1.7566E-01
  1.7382E+03  3.4285E-02 -1.7540E-01
  1.7403E+03  3.3951E-02 -1.7513E-01
  1.7425E+03  3.3615E-02 -1.7487E-01
  1.7447E+03  3.3282E-02 -1.7461E-01
  1.7469E+03  3.2957E-02 -1.7434E-01
  1.7490E+03  3.2640E-02 -1.7408E-01
  1.7512E+03  3.2335E-02 -1.7381E-01
  1.7534E+03  3.2041E-02 -1.7355E-01
  1.7555E+03  3.1758E-02 -1.7328E-01
  1.7577E+03  3.1482E-02 -1.7302E-01
  1.7599E+03  3.1211E-02 -1.7275E-01
  1.7620E+03  3.0938E-02 -1.7249E-01
  1.7642E+03  3.0658E-02 -1.7222E-01
  1.7664E+03  3.0367E-02 -1.7196E-01
  1.7686E+03  3.0062E-02 -1.7169E-01
  1.7707E+03  2.9743E-02 -1.7142E-01
  1.7729E+03  2.9417E-02 -1.7116E-01
  1.7751E+03  2.9088E-02 -1.7089E-01
  1.7772E+03  2.8767E-02 -1.7062E-01
  1.7794E+03  2.8461E-02 -1.7036E-01
  1.7816E+03  2.8175E-02 -1.7009E-01
  1.7837E+03  2.7910E-02 -1.6982E-01
  1.7859E+03  2.7661E-02 -1.6955E-01
  1.7881E+03  2.7419E-02 -1.6928E-01
  1.7903E+03  2.7173E-02 -1.6901E-01
  1.7924E+03  2.6913E-02 -1.6875E-01
  1.7946E+03  2.6632E-02 -1.6848E-01
  1.7968E+03  2.6329E-02 -1.6821E-01
  1.7989E+03  2.6010E-02 -1.6794E-01
  1.8011E+03  2.5684E-02 -1.6767E-01
  1.8033E+03  2.5366E-02 -1.6740E-01
  1.8054E+03  2.5065E-02 -1.6713E-01
  1.8076E+03  2.4788E-02 -1.6686E-01
  1.8098E+03  2.4536E-02 -1.6659E-01
  1.8120E+03  2.4302E-02 -1.6632E-01
  1.8141E+03  2.4075E-02 -1.6605E-01
  1.8163E+03  2.3842E-02 -1.6578E-01
  1.8185E+03  2.3591E-02 -1.6550E-01
  1.8206E+03  2.3316E-02 -1.6523E-01
  1.8228E+03  2.3019E-02 -1.6496E-01
  1.8250E+03  2.2709E-02 -1.6469E-01
  1.8271E+03  2.2396E-02 -1.6442E-01
  1.8293E+03  2.2096E-02 -1.6415E-01
  1.8315E+03  2.1818E-02 -1.6387E-01
  1.8337E+03  2.1566E-02 -1.6360E-01
  1.8358E+03  2.1336E-02 -1.6333E-01
  1.8380E+03  2.1118E-02 -1.6306E-01
  1.8402E+03  2.0898E-02 -1.6278E-01
  1.8423E+03  2.0664E-02 -1.6251E-01
  1.8445E+03  2.0406E-02 -1.6224E-01
  1.8467E+03  2.0124E-02 -1.6197E-01
  1.8488E+03  1.9825E-02 -1.6169E-01
  1.8510E+03  1.9521E-02 -1.6142E-01
  1.8532E+03  1.9226E-02 -1.6114E-01
  1.8554E+03  1.8953E-02 -1.6087E-01
  1.8575E+03  1.8707E-02 -1.6060E-01
  1.8597E+03  1.8486E-02 -1.6032E-01
  1.8619E+03  1.8281E-02 -1.6005E-01
  1.8640E+03  1.8077E-02 -1.5977E-01
  1.8662E+03  1.7859E-02 -1.5950E-01
  1.8684E+03  1.7617E-02 -1.5922E-01
  1.8705E+03  1.7347E-02 -1.5895E-01
  1.8727E+03  1.7056E-02 -1.5868E-01
  1.8749E+03  1.6756E-02 -1.5840E-01
  1.8771E+03  1.6463E-02 -1.5813E-01
  1.8792E+03  1.6192E-02 -1.5785E-01
  1.8814E+03  1.5950E-02 -1.5757E-01
  1.8836E+03  1.5738E-02 -1.5730E-01
  1.8857E+03  1.5547E-02 -1.5702E-01
  1.8879E+03  1.5361E-02 -1.5675E-01
  1.8901E+03  1.5163E-02 -1.5647E-01
  1.8922E+03  1.4940E-02 -1.5619E-01
  1.8944E+03  1.4687E-02 -1.5592E-01
  1.8966E+03  1.4408E-02 -1.5564E-01
  1.8988E+03  1.4114E-02 -1.5537E-01
  1.9009E+03  1.3823E-02 -1.5509E-01
  1.9031E+03  1.3552E-02 -1.5482E-01
  1.9053E+03  1.3311E-02 -1.5454E-01
  1.9074E+03  1.3103E-02 -1.5426E-01
  1.9096E+03  1.2921E-02 -1.5398E-01
  1.9118E+03  1.2750E-02 -1.5371E-01
  1.9139E+03  1.2573E-02 -1.5343E-01
  1.9161E+03  1.2373E-02 -1.5315E-01
  1.9183E+03  1.2142E-02 -1.5288E-01
  1.9205E+03  1.1881E-02 -1.5260E-01
  1.9226E+03  1.1600E-02 -1.5233E-01
  1.9248E+03  1.1315E-02 -1.5205E-01
  1.9270E+03  1.1044E-02 -1.5177E-01
  1.9291E+03  1.0802E-02 -1.5149E-01
  1.9313E+03  1.0594E-02 -1.5121E-01
  1.9335E+03  1.0416E-02 -1.5094E-01
  1.9356E+03  1.0256E-02 -1.5066E-01
  1.9378E+03  1.0096E-02 -1.5038E-01
  1.9400E+03  9.9199E-03 -1.5011E-01
  1.9422E+03  9.7149E-03 -1.4983E-01
  1.9443E+03  9.4781E-03 -1.4955E-01
  1.9465E+03  9.2160E-03 -1.4927E-01
  1.9487E+03  8.9428E-03 -1.4900E-01
  1.9508E+03  8.6763E-03 -1.4872E-01
  1.9530E+03  8.4323E-03 -1.4844E-01
  1.9552E+03  8.2205E-03 -1.4816E-01
  1.9573E+03  8.0411E-03 -1.4788E-01
  1.9595E+03  7.8854E-03 -1.4761E-01
  1.9617E+03  7.7380E-03 -1.4733E-01
  1.9639E+03  7.5816E-03 -1.4705E-01
  1.9660E+03  7.4023E-03 -1.4677E-01
  1.9682E+03  7.1929E-03 -1.4650E-01
  1.9704E+03  6.9557E-03 -1.4622E-01
  1.9725E+03  6.7010E-03 -1.4594E-01
  1.9747E+03  6.4445E-03 -1.4567E-01
  1.9769E+03  6.2023E-03 -1.4539E-01
  1.9790E+03  5.9864E-03 -1.4511E-01
  1.9812E+03  5.8010E-03 -1.4483E-01
  1.9834E+03  5.6421E-03 -1.4455E-01
  1.9856E+03  5.4983E-03 -1.4427E-01
  1.9877E+03  5.3544E-03 -1.4400E-01
  1.9899E+03  5.1960E-03 -1.4372E-01
  1.9921E+03  5.0135E-03 -1.4344E-01
  1.9942E+03  4.8047E-03 -1.4316E-01
  1.9964E+03  4.5751E-03 -1.4289E-01
  1.9986E+03  4.3364E-03 -1.4261E-01
  2.0007E+03  4.1024E-03 -1.4233E-01
  2.0029E+03  3.8856E-03 -1.4205E-01
  2.0051E+03  3.6932E-03 -1.4178E-01
  2.0073E+03  3.5256E-03 -1.4150E-01
  2.0094E+03  3.3765E-03 -1.4122E-01
  2.0116E+03  3.2350E-03 -1.4094E-01
  2.0138E+03  3.0886E-03 -1.4067E-01
  2.0159E+03  2.9275E-03 -1.4039E-01
  2.0181E+03  2.7462E-03 -1.4011E-01
  2.0203E+03  2.5457E-03 -1.3984E-01
  2.0224E+03  2.3324E-03 -1.3956E-01
  2.0246E+03  2.1159E-03 -1.3928E-01
  2.0268E+03  1.9065E-03 -1.3900E-01
  2.0290E+03  1.7121E-03 -1.3873E-01
  2.0311E+03  1.5360E-03 -1.3845E-01
  2.0333E+03  1.3768E-03 -1.3817E-01
  2.0355E+03  1.2287E-03 -1.3789E-01
  2.0376E+03  1.0837E-03 -1.3762E-01
  2.0398E+03  9.3389E-04 -1.3734E-01
  2.0420E+03  7.7347E-04 -1.3706E-01
  2.0441E+03  6.0026E-04 -1.3679E-01
  2.0463E+03  4.1586E-04 -1.3651E-01
  2.0485E+03  2.2481E-04 -1.3624E-01
  2.0507E+03  3.3087E-05 -1.3596E-01
  2.0528E+03 -1.5366E-04 -1.3568E-01
  2.0550E+03 -3.3155E-04 -1.3541E-01
  2.0572E+03 -4.9919E-04 -1.3513E-01
  2.0593E+03 -6.5770E-04 -1.3485E-01
  2.0615E+03 -8.0995E-04 -1.3458E-01
  2.0637E+03 -9.5961E-04 -1.3430E-01
  2.0658E+03 -1.1100E-03 -1.3402E-01
  2.0680E+03 -1.2635E-03 -1.3375E-01
  2.0702E+03 -1.4211E-03 -1.3347E-01
  2.0724E+03 -1.5827E-03 -1.3320E-01
  2.0745E+03 -1.7475E-03 -1.3292E-01
  2.0767E+03 -1.9143E-03 -1.3265E-01
  2.0789E+03 -2.0821E-03 -1.3237E-01
  2.0810E+03 -2.2498E-03 -1.3210E-01
  2.0832E+03 -2.4164E-03 -1.3182E-01
  2.0854E+03 -2.5805E-03 -1.3155E-01
  2.0875E+03 -2.7407E-03 -1.3127E-01
  2.0897E+03 -2.8953E-03 -1.3099E-01
  2.0919E+03 -3.0434E-03 -1.3072E-01
  2.0941E+03 -3.1850E-03 -1.3045E-01
  2.0962E+03 -3.3216E-03 -1.3017E-01
  2.0984E+03 -3.4563E-03 -1.2990E-01
  2.1006E+03 -3.5929E-03 -1.2962E-01
  2.1027E+03 -3.7355E-03 -1.2935E-01
  2.1049E+03 -3.8871E-03 -1.2907E-01
  2.1071E+03 -4.0482E-03 -1.2880E-01
  2.1092E+03 -4.2166E-03 -1.2853E-01
  2.1114E+03 -4.3876E-03 -1.2825E-01
  2.1136E+03 -4.5549E-03 -1.2798E-01
  2.1158E+03 -4.7123E-03 -1.2770E-01
  2.1179E+03 -4.8554E-03 -1.2743E-01
  2.1201E+03 -4.9835E-03 -1.2716E-01
  2.1223E+03 -5.0996E-03 -1.2688E-01
  2.1244E+03 -5.2102E-03 -1.2661E-01
  2.1266E+03 -5.3237E-03 -1.2634E-01
  2.1288E+03 -5.4477E-03 -1.2607E-01
  2.1309E+03 -5.5872E-03 -1.2579E-01
  2.1331E+03 -5.7428E-03 -1.2552E-01
  2.1353E+03 -5.9102E-03 -1.2525E-01
  2.1375E+03 -6.0814E-03 -1.2498E-01
  2.1396E+03 -6.2468E-03 -1.2471E-01
  2.1418E+03 -6.3978E-03 -1.2443E-01
  2.1440E+03 -6.5296E-03 -1.2416E-01
  2.1461E+03 -6.6424E-03 -1.2389E-01
  2.1483E+03 -6.7419E-03 -1.2362E-01
  2.1505E+03 -6.8373E-03 -1.2335E-01
  2.1526E+03 -6.9390E-03 -1.2307E-01
  2.1548E+03 -7.0554E-03 -1.2280E-01
  2.1570E+03 -7.1905E-03 -1.2253E-01
  2.1592E+03 -7.3426E-03 -1.2226E-01
  2.1613E+03 -7.5046E-03 -1.2199E-01
  2.1635E+03 -7.6664E-03 -1.2172E-01
  2.1657E+03 -7.8175E-03 -1.2145E-01
  2.1678E+03 -7.9503E-03 -1.2118E-01
  2.1700E+03 -8.0625E-03 -1.2091E-01
  2.1722E+03 -8.1577E-03 -1.2064E-01
  2.1743E+03 -8.2441E-03 -1.2037E-01
  2.1765E+03 -8.3326E-03 -1.2010E-01
  2.1787E+03 -8.4331E-03 -1.1983E-01
  2.1809E+03 -8.5517E-03 -1.1957E-01
  2.1830E+03 -8.6887E-03 -1.1930E-01
  2.1852E+03 -8.8385E-03 -1.1903E-01
  2.1874E+03 -8.9915E-03 -1.1876E-01
  2.1895E+03 -9.1368E-03 -1.1849E-01
  2.1917E+03 -9.2654E-03 -1.1822E-01
  2.1939E+03 -9.3733E-03 -1.1796E-01
  2.1960E+03 -9.4624E-03 -1.1769E-01
  2.1982E+03 -9.5402E-03 -1.1742E-01
  2.2004E+03 -9.6174E-03 -1.1715E-01
  2.2026E+03 -9.7047E-03 -1.1689E-01
  2.2047E+03 -9.8095E-03 -1.1662E-01
  2.2069E+03 -9.9337E-03 -1.1635E-01
  2.2091E+03 -1.0073E-02 -1.1609E-01
  2.2112E+03 -1.0218E-02 -1.1582E-01
  2.2134E+03 -1.0358E-02 -1.1555E-01
  2.2156E+03 -1.0483E-02 -1.1529E-01
  2.2177E+03 -1.0587E-02 -1.1502E-01
  2.2199E+03 -1.0670E-02 -1.1476E-01
  2.2221E+03 -1.0739E-02 -1.1449E-01
  2.2243E+03 -1.0804E-02 -1.1423E-01
  2.2264E+03 -1.0877E-02 -1.1396E-01
  2.2286E+03 -1.0967E-02 -1.1370E-01
  2.2308E+03 -1.1077E-02 -1.1343E-01
  2.2329E+03 -1.1205E-02 -1.1317E-01
  2.2351E+03 -1.1343E-02 -1.1291E-01
  2.2373E+03 -1.1478E-02 -1.1264E-01
  2.2394E+03 -1.1601E-02 -1.1238E-01
  2.2416E+03 -1.1704E-02 -1.1211E-01
  2.2438E+03 -1.1784E-02 -1.1185E-01
  2.2460E+03 -1.1847E-02 -1.1159E-01
  2.2481E+03 -1.1903E-02 -1.1132E-01
  2.2503E+03 -1.1963E-02 -1.1106E-01
  2.2525E+03 -1.2037E-02 -1.1080E-01
  2.2546E+03 -1.2131E-02 -1.1054E-01
  2.2568E+03 -1.2244E-02 -1.1028E-01
  2.2590E+03 -1.2371E-02 -1.1002E-01
  2.2611E+03 -1.2500E-02 -1.0976E-01
  2.2633E+03 -1.2621E-02 -1.0949E-01
  2.2655E+03 -1.2724E-02 -1.0923E-01
  2.2677E+03 -1.2805E-02 -1.0897E-01
  2.2698E+03 -1.2867E-02 -1.0871E-01
  2.2720E+03 -1.2917E-02 -1.0845E-01
  2.2742E+03 -1.2966E-02 -1.0819E-01
  2.2763E+03 -1.3026E-02 -1.0793E-01
  2.2785E+03 -1.3103E-02 -1.0767E-01
  2.2807E+03 -1.3200E-02 -1.0741E-01
  2.2828E+03 -1.3313E-02 -1.0716E-01
  2.2850E+03 -1.3433E-02 -1.0690E-01
  2.2872E+03 -1.3549E-02 -1.0664E-01
  2.2894E+03 -1.3652E-02 -1.0638E-01
  2.2915E+03 -1.3735E-02 -1.0612E-01
  2.2937E+03 -1.3799E-02 -1.0586E-01
  2.2959E+03 -1.3848E-02 -1.0561E-01
  2.2980E+03 -1.3891E-02 -1.0535E-01
  2.3002E+03 -1.3939E-02 -1.0509E-01
  2.3024E+03 -1.4001E-02 -1.0484E-01
  2.3045E+03 -1.4080E-02 -1.0458E-01
  2.3067E+03 -1.4176E-02 -1.0433E-01
  2.3089E+03 -1.4282E-02 -1.0407E-01
  2.3111E+03 -1.4390E-02 -1.0382E-01
  2.3132E+03 -1.4490E-02 -1.0356E-01
  2.3154E+03 -1.4575E-02 -1.0330E-01
  2.3176E+03 -1.4641E-02 -1.0305E-01
  2.3197E+03 -1.4692E-02 -1.0279E-01
  2.3219E+03 -1.4734E-02 -1.0254E-01
  2.3241E+03 -1.4776E-02 -1.0229E-01
  2.3262E+03 -1.4825E-02 -1.0203E-01
  2.3284E+03 -1.4888E-02 -1.0178E-01
  2.3306E+03 -1.4966E-02 -1.0153E-01
  2.3328E+03 -1.5056E-02 -1.0128E-01
  2.3349E+03 -1.5150E-02 -1.0102E-01
  2.3371E+03 -1.5242E-02 -1.0077E-01
  2.3393E+03 -1.5325E-02 -1.0052E-01
  2.3414E+03 -1.5393E-02 -1.0027E-01
  2.3436E+03 -1.5448E-02 -1.0002E-01
  2.3458E+03 -1.5492E-02 -9.9764E-02
  2.3479E+03 -1.5532E-02 -9.9513E-02
  2.3501E+03 -1.5575E-02 -9.9263E-02
  2.3523E+03 -1.5626E-02 -9.9013E-02
  2.3545E+03 -1.5687E-02 -9.8763E-02
  2.3566E+03 -1.5759E-02 -9.8514E-02
  2.3588E+03 -1.5836E-02 -9.8265E-02
  2.3610E+03 -1.5915E-02 -9.8016E-02
  2.3631E+03 -1.5989E-02 -9.7767E-02
  2.3653E+03 -1.6055E-02 -9.7518E-02
  2.3675E+03 -1.6112E-02 -9.7270E-02
  2.3696E+03 -1.6160E-02 -9.7022E-02
  2.3718E+03 -1.6204E-02 -9.6774E-02
  2.3740E+03 -1.6246E-02 -9.6527E-02
  2.3762E+03 -1.6290E-02 -9.6280E-02
  2.3783E+03 -1.6340E-02 -9.6034E-02
  2.3805E+03 -1.6395E-02 -9.5787E-02
  2.3827E+03 -1.6455E-02 -9.5542E-02
  2.3848E+03 -1.6516E-02 -9.5296E-02
  2.3870E+03 -1.6577E-02 -9.5050E-02
  2.3892E+03 -1.6635E-02 -9.4805E-02
  2.3913E+03 -1.6689E-02 -9.4560E-02
  2.3935E+03 -1.6739E-02 -9.4316E-02
  2.3957E+03 -1.6786E-02 -9.4071E-02
  2.3979E+03 -1.6832E-02 -9.3827E-02
  2.4000E+03 -1.6877E-02 -9.3584E-02
  2.4022E+03 -1.6922E-02 -9.3341E-02
  2.4044E+03 -1.6967E-02 -9.3098E-02
  2.4065E+03 -1.7011E-02 -9.2855E-02
  2.4087E+03 -1.7054E-02 -9.2613E-02
  2.4109E+03 -1.7098E-02 -9.2371E-02
  2.4130E+03 -1.7141E-02 -9.2129E-02
  2.4152E+03 -1.7186E-02 -9.1888E-02
  2.4174E+03 -1.7233E-02 -9.1647E-02
  2.4196E+03 -1.7282E-02 -9.1406E-02
  2.4217E+03 -1.7332E-02 -9.1166E-02
  2.4239E+03 -1.7382E-02 -9.0925E-02
  2.4261E+03 -1.7428E-02 -9.0685E-02
  2.4282E+03 -1.7469E-02 -9.0446E-02
  2.4304E+03 -1.7504E-02 -9.0207E-02
  2.4326E+03 -1.7533E-02 -8.9968E-02
  2.4347E+03 -1.7559E-02 -8.9729E-02
  2.4369E+03 -1.7584E-02 -8.9491E-02
  2.4391E+03 -1.7614E-02 -8.9254E-02
  2.4413E+03 -1.7650E-02 -8.9016E-02
  2.4434E+03 -1.7694E-02 -8.8779E-02
  2.4456E+03 -1.7744E-02 -8.8542E-02
  2.4478E+03 -1.7797E-02 -8.8306E-02
  2.4499E+03 -1.7849E-02 -8.8070E-02
  2.4521E+03 -1.7893E-02 -8.7834E-02
  2.4543E+03 -1.7927E-02 -8.7598E-02
  2.4564E+03 -1.7949E-02 -8.7363E-02
  2.4586E+03 -1.7963E-02 -8.7128E-02
  2.4608E+03 -1.7972E-02 -8.6893E-02
  2.4630E+03 -1.7984E-02 -8.6659E-02
  2.4651E+03 -1.8003E-02 -8.6425E-02
  2.4673E+03 -1.8034E-02 -8.6192E-02
  2.4695E+03 -1.8076E-02 -8.5959E-02
  2.4716E+03 -1.8127E-02 -8.5727E-02
  2.4738E+03 -1.8180E-02 -8.5494E-02
  2.4760E+03 -1.8228E-02 -8.5262E-02
  2.4781E+03 -1.8265E-02 -8.5030E-02
  2.4803E+03 -1.8288E-02 -8.4798E-02
  2.4825E+03 -1.8298E-02 -8.4567E-02
  2.4847E+03 -1.8299E-02 -8.4336E-02
  2.4868E+03 -1.8297E-02 -8.4106E-02
  2.4890E+03 -1.8301E-02 -8.3876E-02
  2.4912E+03 -1.8316E-02 -8.3646E-02
  2.4933E+03 -1.8345E-02 -8.3417E-02
  2.4955E+03 -1.8386E-02 -8.3189E-02
  2.4977E+03 -1.8434E-02 -8.2960E-02
  2.4998E+03 -1.8480E-02 -8.2732E-02
  2.5020E+03 -1.8518E-02 -8.2504E-02
  2.5042E+03 -1.8543E-02 -8.2276E-02
  2.5064E+03 -1.8552E-02 -8.2048E-02
  2.5085E+03 -1.8550E-02 -8.1821E-02
  2.5107E+03 -1.8542E-02 -8.1595E-02
  2.5129E+03 -1.8536E-02 -8.1369E-02
  2.5150E+03 -1.8540E-02 -8.1143E-02
  2.5172E+03 -1.8556E-02 -8.0918E-02
  2.5194E+03 -1.8586E-02 -8.0693E-02
  2.5215E+03 -1.8624E-02 -8.0469E-02
  2.5237E+03 -1.8665E-02 -8.0244E-02
  2.5259E+03 -1.8700E-02 -8.0020E-02
  2.5281E+03 -1.8723E-02 -7.9796E-02
  2.5302E+03 -1.8732E-02 -7.9573E-02
  2.5324E+03 -1.8727E-02 -7.9350E-02
  2.5346E+03 -1.8715E-02 -7.9127E-02
  2.5367E+03 -1.8702E-02 -7.8905E-02
  2.5389E+03 -1.8697E-02 -7.8683E-02
  2.5411E+03 -1.8703E-02 -7.8462E-02
  2.5432E+03 -1.8723E-02 -7.8242E-02
  2.5454E+03 -1.8753E-02 -7.8021E-02
  2.5476E+03 -1.8788E-02 -7.7801E-02
  2.5498E+03 -1.8819E-02 -7.7581E-02
  2.5519E+03 -1.8840E-02 -7.7361E-02
  2.5541E+03 -1.8847E-02 -7.7141E-02
  2.5563E+03 -1.8840E-02 -7.6922E-02
  2.5584E+03 -1.8823E-02 -7.6704E-02
  2.5606E+03 -1.8804E-02 -7.6486E-02
  2.5628E+03 -1.8790E-02 -7.6268E-02
  2.5649E+03 -1.8787E-02 -7.6051E-02
  2.5671E+03 -1.8797E-02 -7.5834E-02
  2.5693E+03 -1.8819E-02 -7.5618E-02
  2.5715E+03 -1.8847E-02 -7.5402E-02
  2.5736E+03 -1.8875E-02 -7.5186E-02
  2.5758E+03 -1.8894E-02 -7.4970E-02
  2.5780E+03 -1.8900E-02 -7.4755E-02
  2.5801E+03 -1.8892E-02 -7.4540E-02
  2.5823E+03 -1.8873E-02 -7.4326E-02
  2.5845E+03 -1.8849E-02 -7.4111E-02
  2.5866E+03 -1.8827E-02 -7.3898E-02
  2.5888E+03 -1.8813E-02 -7.3685E-02
  2.5910E+03 -1.8813E-02 -7.3473E-02
  2.5932E+03 -1.8825E-02 -7.3261E-02
  2.5953E+03 -1.8846E-02 -7.3049E-02
  2.5975E+03 -1.8868E-02 -7.2837E-02
  2.5997E+03 -1.8886E-02 -7.2626E-02
  2.6018E+03 -1.8892E-02 -7.2415E-02
  2.6040E+03 -1.8885E-02 -7.2204E-02
  2.6062E+03 -1.8865E-02 -7.1993E-02
  2.6083E+03 -1.8838E-02 -7.1783E-02
  2.6105E+03 -1.8810E-02 -7.1574E-02
  2.6127E+03 -1.8788E-02 -7.1365E-02
  2.6149E+03 -1.8777E-02 -7.1157E-02
  2.6170E+03 -1.8778E-02 -7.0949E-02
  2.6192E+03 -1.8789E-02 -7.0742E-02
  2.6214E+03 -1.8805E-02 -7.0534E-02
  2.6235E+03 -1.8818E-02 -7.0327E-02
  2.6257E+03 -1.8824E-02 -7.0120E-02
  2.6279E+03 -1.8817E-02 -6.9914E-02
  2.6300E+03 -1.8799E-02 -6.9708E-02
  2.6322E+03 -1.8771E-02 -6.9502E-02
  2.6344E+03 -1.8740E-02 -6.9297E-02
  2.6366E+03 -1.8712E-02 -6.9092E-02
  2.6387E+03 -1.8691E-02 -6.8888E-02
  2.6409E+03 -1.8682E-02 -6.8685E-02
  2.6431E+03 -1.8682E-02 -6.8482E-02
  2.6452E+03 -1.8688E-02 -6.8279E-02
  2.6474E+03 -1.8695E-02 -6.8076E-02
  2.6496E+03 -1.8698E-02 -6.7873E-02
  2.6517E+03 -1.8691E-02 -6.7671E-02
  2.6539E+03 -1.8673E-02 -6.7470E-02
  2.6561E+03 -1.8647E-02 -6.7268E-02
  2.6583E+03 -1.8616E-02 -6.7067E-02
  2.6604E+03 -1.8584E-02 -6.6867E-02
  2.6626E+03 -1.8558E-02 -6.6667E-02
  2.6648E+03 -1.8539E-02 -6.6468E-02
  2.6669E+03 -1.8528E-02 -6.6269E-02
  2.6691E+03 -1.8523E-02 -6.6070E-02
  2.6713E+03 -1.8521E-02 -6.5872E-02
  2.6734E+03 -1.8517E-02 -6.5674E-02
  2.6756E+03 -1.8507E-02 -6.5477E-02
  2.6778E+03 -1.8490E-02 -6.5279E-02
  2.6800E+03 -1.8465E-02 -6.5082E-02
  2.6821E+03 -1.8435E-02 -6.4886E-02
  2.6843E+03 -1.8404E-02 -6.4690E-02
  2.6865E+03 -1.8374E-02 -6.4494E-02
  2.6886E+03 -1.8349E-02 -6.4299E-02
  2.6908E+03 -1.8329E-02 -6.4105E-02
  2.6930E+03 -1.8313E-02 -6.3911E-02
  2.6951E+03 -1.8300E-02 -6.3717E-02
  2.6973E+03 -1.8287E-02 -6.3523E-02
  2.6995E+03 -1.8271E-02 -6.3330E-02
  2.7017E+03 -1.8251E-02 -6.3137E-02
  2.7038E+03 -1.8226E-02 -6.2945E-02
  2.7060E+03 -1.8199E-02 -6.2753E-02
  2.7082E+03 -1.8169E-02 -6.2561E-02
  2.7103E+03 -1.8140E-02 -6.2370E-02
  2.7125E+03 -1.8112E-02 -6.2179E-02
  2.7147E+03 -1.8086E-02 -6.1989E-02
  2.7168E+03 -1.8061E-02 -6.1799E-02
  2.7190E+03 -1.8037E-02 -6.1610E-02
  2.7212E+03 -1.8013E-02 -6.1421E-02
  2.7234E+03 -1.7988E-02 -6.1232E-02
  2.7255E+03 -1.7962E-02 -6.1044E-02
  2.7277E+03 -1.7935E-02 -6.0856E-02
  2.7299E+03 -1.7907E-02 -6.0669E-02
  2.7320E+03 -1.7879E-02 -6.0482E-02
  2.7342E+03 -1.7852E-02 -6.0295E-02
  2.7364E+03 -1.7825E-02 -6.0109E-02
  2.7385E+03 -1.7797E-02 -5.9923E-02
  2.7407E+03 -1.7767E-02 -5.9737E-02
  2.7429E+03 -1.7735E-02 -5.9552E-02
  2.7451E+03 -1.7701E-02 -5.9368E-02
  2.7472E+03 -1.7665E-02 -5.9184E-02
  2.7494E+03 -1.7630E-02 -5.9000E-02
  2.7516E+03 -1.7596E-02 -5.8817E-02
  2.7537E+03 -1.7566E-02 -5.8634E-02
  2.7559E+03 -1.7538E-02 -5.8451E-02
  2.7581E+03 -1.7513E-02 -5.8269E-02
  2.7602E+03 -1.7488E-02 -5.8088E-02
  2.7624E+03 -1.7461E-02 -5.7906E-02
  2.7646E+03 -1.7430E-02 -5.7725E-02
  2.7668E+03 -1.7393E-02 -5.7545E-02
  2.7689E+03 -1.7352E-02 -5.7365E-02
  2.7711E+03 -1.7307E-02 -5.7185E-02
  2.7733E+03 -1.7261E-02 -5.7006E-02
  2.7754E+03 -1.7218E-02 -5.6827E-02
  2.7776E+03 -1.7181E-02 -5.6649E-02
  2.7798E+03 -1.7149E-02 -5.6471E-02
  2.7819E+03 -1.7123E-02 -5.6293E-02
  2.7841E+03 -1.7100E-02 -5.6116E-02
  2.7863E+03 -1.7076E-02 -5.5939E-02
  2.7885E+03 -1.7047E-02 -5.5763E-02
  2.7906E+03 -1.7010E-02 -5.5587E-02
  2.7928E+03 -1.6965E-02 -5.5411E-02
  2.7950E+03 -1.6914E-02 -5.5236E-02
  2.7971E+03 -1.6859E-02 -5.5061E-02
  2.7993E+03 -1.6807E-02 -5.4887E-02
  2.8015E+03 -1.6759E-02 -5.4713E-02
  2.8036E+03 -1.6720E-02 -5.4540E-02
  2.8058E+03 -1.6690E-02 -5.4367E-02
  2.8080E+03 -1.6665E-02 -5.4195E-02
  2.8102E+03 -1.6642E-02 -5.4023E-02
  2.8123E+03 -1.6615E-02 -5.3851E-02
  2.8145E+03 -1.6581E-02 -5.3679E-02
  2.8167E+03 -1.6536E-02 -5.3508E-02
  2.8188E+03 -1.6483E-02 -5.3338E-02
  2.8210E+03 -1.6424E-02 -5.3167E-02
  2.8232E+03 -1.6363E-02 -5.2998E-02
  2.8253E+03 -1.6307E-02 -5.2829E-02
  2.8275E+03 -1.6259E-02 -5.2660E-02
  2.8297E+03 -1.6220E-02 -5.2492E-02
  2.8319E+03 -1.6190E-02 -5.2324E-02
  2.8340E+03 -1.6164E-02 -5.2156E-02
  2.8362E+03 -1.6137E-02 -5.1989E-02
  2.8384E+03 -1.6104E-02 -5.1822E-02
  2.8405E+03 -1.6062E-02 -5.1656E-02
  2.8427E+03 -1.6009E-02 -5.1489E-02
  2.8449E+03 -1.5949E-02 -5.1324E-02
  2.8470E+03 -1.5884E-02 -5.1159E-02
  2.8492E+03 -1.5822E-02 -5.0994E-02
  2.8514E+03 -1.5766E-02 -5.0830E-02
  2.8536E+03 -1.5719E-02 -5.0666E-02
  2.8557E+03 -1.5681E-02 -5.0503E-02
  2.8579E+03 -1.5650E-02 -5.0340E-02
  2.8601E+03 -1.5621E-02 -5.0178E-02
  2.8622E+03 -1.5587E-02 -5.0016E-02
  2.8644E+03 -1.5545E-02 -4.9854E-02
  2.8666E+03 -1.5493E-02 -4.9692E-02
  2.8687E+03 -1.5433E-02 -4.9531E-02
  2.8709E+03 -1.5366E-02 -4.9370E-02
  2.8731E+03 -1.5300E-02 -4.9210E-02
  2.8753E+03 -1.5238E-02 -4.9051E-02
  2.8774E+03 -1.5185E-02 -4.8892E-02
  2.8796E+03 -1.5141E-02 -4.8733E-02
  2.8818E+03 -1.5104E-02 -4.8575E-02
  2.8839E+03 -1.5071E-02 -4.8417E-02
  2.8861E+03 -1.5035E-02 -4.8260E-02
  2.8883E+03 -1.4992E-02 -4.8102E-02
  2.8904E+03 -1.4941E-02 -4.7945E-02
  2.8926E+03 -1.4880E-02 -4.7789E-02
  2.8948E+03 -1.4812E-02 -4.7633E-02
  2.8970E+03 -1.4743E-02 -4.7477E-02
  2.8991E+03 -1.4676E-02 -4.7322E-02
  2.9013E+03 -1.4617E-02 -4.7168E-02
  2.9035E+03 -1.4567E-02 -4.7014E-02
  2.9056E+03 -1.4525E-02 -4.6861E-02
  2.9078E+03 -1.4487E-02 -4.6707E-02
  2.9100E+03 -1.4449E-02 -4.6554E-02
  2.9121E+03 -1.4406E-02 -4.6402E-02
  2.9143E+03 -1.4354E-02 -4.6249E-02
  2.9165E+03 -1.4293E-02 -4.6098E-02
  2.9187E+03 -1.4225E-02 -4.5946E-02
  2.9208E+03 -1.4154E-02 -4.5795E-02
  2.9230E+03 -1.4084E-02 -4.5645E-02
  2.9252E+03 -1.4019E-02 -4.5495E-02
  2.9273E+03 -1.3963E-02 -4.5346E-02
  2.9295E+03 -1.3915E-02 -4.5197E-02
  2.9317E+03 -1.3872E-02 -4.5048E-02
  2.9338E+03 -1.3831E-02 -4.4900E-02
  2.9360E+03 -1.3786E-02 -4.4752E-02
  2.9382E+03 -1.3735E-02 -4.4604E-02
  2.9404E+03 -1.3675E-02 -4.4457E-02
  2.9425E+03 -1.3607E-02 -4.4310E-02
  2.9447E+03 -1.3535E-02 -4.4164E-02
  2.9469E+03 -1.3462E-02 -4.4018E-02
  2.9490E+03 -1.3394E-02 -4.3873E-02
  2.9512E+03 -1.3332E-02 -4.3728E-02
  2.9534E+03 -1.3277E-02 -4.3584E-02
  2.9555E+03 -1.3229E-02 -4.3440E-02
  2.9577E+03 -1.3183E-02 -4.3296E-02
  2.9599E+03 -1.3136E-02 -4.3153E-02
  2.9621E+03 -1.3084E-02 -4.3010E-02
  2.9642E+03 -1.3025E-02 -4.2867E-02
  2.9664E+03 -1.2958E-02 -4.2725E-02
  2.9686E+03 -1.2887E-02 -4.2583E-02
  2.9707E+03 -1.2813E-02 -4.2442E-02
  2.9729E+03 -1.2742E-02 -4.2301E-02
  2.9751E+03 -1.2676E-02 -4.2161E-02
  2.9772E+03 -1.2615E-02 -4.2021E-02
  2.9794E+03 -1.2561E-02 -4.1882E-02
  2.9816E+03 -1.2509E-02 -4.1743E-02
  2.9838E+03 -1.2458E-02 -4.1604E-02
  2.9859E+03 -1.2404E-02 -4.1466E-02
  2.9881E+03 -1.2344E-02 -4.1328E-02
  2.9903E+03 -1.2279E-02 -4.1190E-02
  2.9924E+03 -1.2209E-02 -4.1053E-02
  2.9946E+03 -1.2137E-02 -4.0917E-02
  2.9968E+03 -1.2065E-02 -4.0780E-02
  2.9989E+03 -1.1996E-02 -4.0645E-02
  3.0000E+03 -1.1964E-02 -4.0579E-02
