# CREATED BY GENE DIAGNOSTICS TOOL on Wed Dec 16 19:03:04 2020
# diag: timetrace, run(s): 0017, time window: 0-3000(1371 steps), species: ions
# original data path: /marconi_scratch/userexternal/cmoreno0/GAM_HP_scan/scanfiles0002/
# normalization: L_ref=1.65m
#
#  t          Re[phi]     Im[phi]   
  0.0000E+00  9.9997E-01  0.0000E+00
  2.1900E+00  9.4282E-01 -3.4093E-03
  4.3800E+00  8.6409E-01 -5.8194E-03
  6.5700E+00  8.2087E-01 -8.1407E-03
  8.7600E+00  7.8225E-01 -1.0389E-02
  1.0950E+01  7.3869E-01 -1.2336E-02
  1.3140E+01  7.0065E-01 -1.3856E-02
  1.5330E+01  6.7272E-01 -1.5033E-02
  1.7520E+01  6.5412E-01 -1.6053E-02
  1.9710E+01  6.4354E-01 -1.7095E-02
  2.1900E+01  6.3954E-01 -1.8263E-02
  2.4090E+01  6.4016E-01 -1.9607E-02
  2.6280E+01  6.4328E-01 -2.1107E-02
  2.8470E+01  6.4700E-01 -2.2701E-02
  3.0660E+01  6.4992E-01 -2.4328E-02
  3.2850E+01  6.5108E-01 -2.5916E-02
  3.5040E+01  6.5010E-01 -2.7440E-02
  3.7230E+01  6.4712E-01 -2.8866E-02
  3.9420E+01  6.4243E-01 -3.0192E-02
  4.1610E+01  6.3674E-01 -3.1454E-02
  4.3800E+01  6.3033E-01 -3.2631E-02
  4.5990E+01  6.2401E-01 -3.3791E-02
  4.8180E+01  6.1786E-01 -3.4931E-02
  5.0370E+01  6.1200E-01 -3.6062E-02
  5.2560E+01  6.0681E-01 -3.7215E-02
  5.4750E+01  6.0226E-01 -3.8384E-02
  5.6940E+01  5.9819E-01 -3.9563E-02
  5.9130E+01  5.9467E-01 -4.0754E-02
  6.1320E+01  5.9152E-01 -4.1951E-02
  6.3510E+01  5.8843E-01 -4.3126E-02
  6.5700E+01  5.8581E-01 -4.4315E-02
  6.7890E+01  5.8316E-01 -4.5461E-02
  7.0080E+01  5.8068E-01 -4.6586E-02
  7.2270E+01  5.7858E-01 -4.7752E-02
  7.4460E+01  5.7559E-01 -4.8828E-02
  7.6650E+01  5.7232E-01 -4.9846E-02
  7.8840E+01  5.6995E-01 -5.0912E-02
  8.1030E+01  5.6783E-01 -5.1976E-02
  8.3220E+01  5.6536E-01 -5.2998E-02
  8.5410E+01  5.6281E-01 -5.4005E-02
  8.7600E+01  5.6045E-01 -5.5014E-02
  8.9790E+01  5.5821E-01 -5.6019E-02
  9.1980E+01  5.5599E-01 -5.7015E-02
  9.4170E+01  5.5376E-01 -5.7992E-02
  9.6360E+01  5.5156E-01 -5.8960E-02
  9.8550E+01  5.4939E-01 -5.9924E-02
  1.0074E+02  5.4723E-01 -6.0881E-02
  1.0293E+02  5.4508E-01 -6.1829E-02
  1.0512E+02  5.4297E-01 -6.2770E-02
  1.0731E+02  5.4088E-01 -6.3701E-02
  1.0950E+02  5.3881E-01 -6.4623E-02
  1.1169E+02  5.3678E-01 -6.5537E-02
  1.1388E+02  5.3479E-01 -6.6441E-02
  1.1607E+02  5.3283E-01 -6.7339E-02
  1.1826E+02  5.3088E-01 -6.8231E-02
  1.2045E+02  5.2898E-01 -6.9117E-02
  1.2264E+02  5.2714E-01 -6.9996E-02
  1.2483E+02  5.2536E-01 -7.0869E-02
  1.2702E+02  5.2360E-01 -7.1738E-02
  1.2921E+02  5.2182E-01 -7.2599E-02
  1.3140E+02  5.2004E-01 -7.3453E-02
  1.3359E+02  5.1829E-01 -7.4301E-02
  1.3578E+02  5.1659E-01 -7.5142E-02
  1.3797E+02  5.1494E-01 -7.5978E-02
  1.4016E+02  5.1332E-01 -7.6809E-02
  1.4235E+02  5.1169E-01 -7.7633E-02
  1.4454E+02  5.1006E-01 -7.8453E-02
  1.4673E+02  5.0841E-01 -7.9267E-02
  1.4892E+02  5.0676E-01 -8.0072E-02
  1.5111E+02  5.0516E-01 -8.0873E-02
  1.5330E+02  5.0363E-01 -8.1668E-02
  1.5549E+02  5.0215E-01 -8.2455E-02
  1.5768E+02  5.0069E-01 -8.3237E-02
  1.5987E+02  4.9924E-01 -8.4014E-02
  1.6206E+02  4.9777E-01 -8.4786E-02
  1.6425E+02  4.9630E-01 -8.5552E-02
  1.6644E+02  4.9484E-01 -8.6314E-02
  1.6863E+02  4.9342E-01 -8.7071E-02
  1.7082E+02  4.9204E-01 -8.7823E-02
  1.7301E+02  4.9069E-01 -8.8570E-02
  1.7520E+02  4.8935E-01 -8.9312E-02
  1.7739E+02  4.8799E-01 -9.0049E-02
  1.7958E+02  4.8663E-01 -9.0781E-02
  1.8177E+02  4.8528E-01 -9.1510E-02
  1.8396E+02  4.8397E-01 -9.2234E-02
  1.8615E+02  4.8272E-01 -9.2955E-02
  1.8834E+02  4.8152E-01 -9.3672E-02
  1.9053E+02  4.8033E-01 -9.4385E-02
  1.9272E+02  4.7912E-01 -9.5095E-02
  1.9491E+02  4.7786E-01 -9.5800E-02
  1.9710E+02  4.7655E-01 -9.6503E-02
  1.9929E+02  4.7524E-01 -9.7201E-02
  2.0148E+02  4.7396E-01 -9.7895E-02
  2.0367E+02  4.7279E-01 -9.8586E-02
  2.0586E+02  4.7172E-01 -9.9275E-02
  2.0805E+02  4.7073E-01 -9.9960E-02
  2.1024E+02  4.6978E-01 -1.0064E-01
  2.1243E+02  4.6880E-01 -1.0132E-01
  2.1462E+02  4.6773E-01 -1.0200E-01
  2.1681E+02  4.6655E-01 -1.0267E-01
  2.1900E+02  4.6527E-01 -1.0334E-01
  2.2119E+02  4.6396E-01 -1.0401E-01
  2.2338E+02  4.6271E-01 -1.0467E-01
  2.2557E+02  4.6156E-01 -1.0533E-01
  2.2776E+02  4.6055E-01 -1.0598E-01
  2.2995E+02  4.5967E-01 -1.0664E-01
  2.3214E+02  4.5886E-01 -1.0729E-01
  2.3433E+02  4.5803E-01 -1.0794E-01
  2.3652E+02  4.5710E-01 -1.0858E-01
  2.3871E+02  4.5603E-01 -1.0923E-01
  2.4090E+02  4.5483E-01 -1.0987E-01
  2.4309E+02  4.5358E-01 -1.1051E-01
  2.4528E+02  4.5236E-01 -1.1115E-01
  2.4747E+02  4.5127E-01 -1.1178E-01
  2.4966E+02  4.5035E-01 -1.1241E-01
  2.5185E+02  4.4960E-01 -1.1304E-01
  2.5404E+02  4.4894E-01 -1.1366E-01
  2.5623E+02  4.4823E-01 -1.1429E-01
  2.5842E+02  4.4735E-01 -1.1491E-01
  2.6061E+02  4.4625E-01 -1.1553E-01
  2.6280E+02  4.4495E-01 -1.1615E-01
  2.6499E+02  4.4356E-01 -1.1676E-01
  2.6718E+02  4.4222E-01 -1.1738E-01
  2.6937E+02  4.4109E-01 -1.1798E-01
  2.7156E+02  4.4026E-01 -1.1858E-01
  2.7375E+02  4.3974E-01 -1.1918E-01
  2.7594E+02  4.3942E-01 -1.1979E-01
  2.7813E+02  4.3910E-01 -1.2039E-01
  2.8032E+02  4.3859E-01 -1.2099E-01
  2.8251E+02  4.3772E-01 -1.2160E-01
  2.8470E+02  4.3647E-01 -1.2220E-01
  2.8689E+02  4.3490E-01 -1.2280E-01
  2.8908E+02  4.3321E-01 -1.2340E-01
  2.9127E+02  4.3162E-01 -1.2398E-01
  2.9346E+02  4.3033E-01 -1.2456E-01
  2.9565E+02  4.2946E-01 -1.2514E-01
  2.9784E+02  4.2900E-01 -1.2571E-01
  3.0003E+02  4.2879E-01 -1.2628E-01
  3.0222E+02  4.2862E-01 -1.2686E-01
  3.0441E+02  4.2822E-01 -1.2744E-01
  3.0660E+02  4.2743E-01 -1.2802E-01
  3.0879E+02  4.2621E-01 -1.2861E-01
  3.1098E+02  4.2463E-01 -1.2918E-01
  3.1317E+02  4.2292E-01 -1.2975E-01
  3.1536E+02  4.2132E-01 -1.3032E-01
  3.1755E+02  4.2005E-01 -1.3087E-01
  3.1974E+02  4.1923E-01 -1.3143E-01
  3.2193E+02  4.1887E-01 -1.3198E-01
  3.2412E+02  4.1882E-01 -1.3253E-01
  3.2631E+02  4.1886E-01 -1.3309E-01
  3.2850E+02  4.1874E-01 -1.3365E-01
  3.3069E+02  4.1826E-01 -1.3421E-01
  3.3288E+02  4.1731E-01 -1.3477E-01
  3.3507E+02  4.1591E-01 -1.3534E-01
  3.3726E+02  4.1418E-01 -1.3589E-01
  3.3945E+02  4.1231E-01 -1.3644E-01
  3.4164E+02  4.1054E-01 -1.3698E-01
  3.4383E+02  4.0905E-01 -1.3751E-01
  3.4602E+02  4.0795E-01 -1.3803E-01
  3.4821E+02  4.0728E-01 -1.3856E-01
  3.5040E+02  4.0696E-01 -1.3908E-01
  3.5259E+02  4.0684E-01 -1.3961E-01
  3.5478E+02  4.0675E-01 -1.4014E-01
  3.5697E+02  4.0651E-01 -1.4068E-01
  3.5916E+02  4.0601E-01 -1.4122E-01
  3.6135E+02  4.0520E-01 -1.4175E-01
  3.6354E+02  4.0409E-01 -1.4229E-01
  3.6573E+02  4.0276E-01 -1.4282E-01
  3.6792E+02  4.0133E-01 -1.4334E-01
  3.7011E+02  3.9992E-01 -1.4386E-01
  3.7230E+02  3.9861E-01 -1.4437E-01
  3.7449E+02  3.9747E-01 -1.4487E-01
  3.7668E+02  3.9650E-01 -1.4538E-01
  3.7887E+02  3.9567E-01 -1.4588E-01
  3.8106E+02  3.9494E-01 -1.4639E-01
  3.8325E+02  3.9425E-01 -1.4689E-01
  3.8544E+02  3.9354E-01 -1.4740E-01
  3.8763E+02  3.9280E-01 -1.4790E-01
  3.8982E+02  3.9200E-01 -1.4841E-01
  3.9201E+02  3.9115E-01 -1.4891E-01
  3.9420E+02  3.9025E-01 -1.4941E-01
  3.9639E+02  3.8933E-01 -1.4990E-01
  3.9858E+02  3.8839E-01 -1.5039E-01
  4.0077E+02  3.8744E-01 -1.5088E-01
  4.0296E+02  3.8648E-01 -1.5137E-01
  4.0515E+02  3.8555E-01 -1.5185E-01
  4.0734E+02  3.8464E-01 -1.5234E-01
  4.0953E+02  3.8377E-01 -1.5282E-01
  4.1172E+02  3.8294E-01 -1.5330E-01
  4.1391E+02  3.8214E-01 -1.5378E-01
  4.1610E+02  3.8135E-01 -1.5425E-01
  4.1829E+02  3.8055E-01 -1.5473E-01
  4.2048E+02  3.7973E-01 -1.5521E-01
  4.2267E+02  3.7887E-01 -1.5568E-01
  4.2486E+02  3.7799E-01 -1.5615E-01
  4.2705E+02  3.7711E-01 -1.5662E-01
  4.2924E+02  3.7624E-01 -1.5708E-01
  4.3143E+02  3.7541E-01 -1.5755E-01
  4.3362E+02  3.7461E-01 -1.5801E-01
  4.3581E+02  3.7381E-01 -1.5847E-01
  4.3800E+02  3.7301E-01 -1.5893E-01
  4.4019E+02  3.7218E-01 -1.5939E-01
  4.4238E+02  3.7131E-01 -1.5984E-01
  4.4457E+02  3.7043E-01 -1.6030E-01
  4.4676E+02  3.6955E-01 -1.6075E-01
  4.4895E+02  3.6869E-01 -1.6120E-01
  4.5114E+02  3.6786E-01 -1.6164E-01
  4.5333E+02  3.6706E-01 -1.6209E-01
  4.5552E+02  3.6627E-01 -1.6253E-01
  4.5771E+02  3.6545E-01 -1.6298E-01
  4.5990E+02  3.6460E-01 -1.6342E-01
  4.6209E+02  3.6370E-01 -1.6386E-01
  4.6428E+02  3.6276E-01 -1.6429E-01
  4.6647E+02  3.6183E-01 -1.6473E-01
  4.6866E+02  3.6092E-01 -1.6516E-01
  4.7085E+02  3.6005E-01 -1.6559E-01
  4.7304E+02  3.5923E-01 -1.6602E-01
  4.7523E+02  3.5844E-01 -1.6644E-01
  4.7742E+02  3.5764E-01 -1.6687E-01
  4.7961E+02  3.5681E-01 -1.6729E-01
  4.8180E+02  3.5592E-01 -1.6771E-01
  4.8399E+02  3.5497E-01 -1.6813E-01
  4.8618E+02  3.5400E-01 -1.6855E-01
  4.8837E+02  3.5303E-01 -1.6896E-01
  4.9056E+02  3.5211E-01 -1.6938E-01
  4.9275E+02  3.5126E-01 -1.6978E-01
  4.9494E+02  3.5047E-01 -1.7019E-01
  4.9713E+02  3.4971E-01 -1.7060E-01
  4.9932E+02  3.4894E-01 -1.7100E-01
  5.0151E+02  3.4811E-01 -1.7141E-01
  5.0370E+02  3.4721E-01 -1.7181E-01
  5.0589E+02  3.4625E-01 -1.7221E-01
  5.0808E+02  3.4525E-01 -1.7261E-01
  5.1027E+02  3.4428E-01 -1.7300E-01
  5.1246E+02  3.4338E-01 -1.7339E-01
  5.1465E+02  3.4258E-01 -1.7378E-01
  5.1684E+02  3.4187E-01 -1.7417E-01
  5.1903E+02  3.4120E-01 -1.7456E-01
  5.2122E+02  3.4050E-01 -1.7494E-01
  5.2341E+02  3.3972E-01 -1.7533E-01
  5.2560E+02  3.3884E-01 -1.7571E-01
  5.2779E+02  3.3786E-01 -1.7609E-01
  5.2998E+02  3.3685E-01 -1.7647E-01
  5.3217E+02  3.3588E-01 -1.7684E-01
  5.3436E+02  3.3502E-01 -1.7722E-01
  5.3655E+02  3.3428E-01 -1.7759E-01
  5.3874E+02  3.3366E-01 -1.7796E-01
  5.4093E+02  3.3309E-01 -1.7832E-01
  5.4312E+02  3.3249E-01 -1.7869E-01
  5.4531E+02  3.3178E-01 -1.7906E-01
  5.4750E+02  3.3094E-01 -1.7942E-01
  5.4969E+02  3.2997E-01 -1.7979E-01
  5.5188E+02  3.2894E-01 -1.8015E-01
  5.5407E+02  3.2795E-01 -1.8051E-01
  5.5626E+02  3.2708E-01 -1.8086E-01
  5.5845E+02  3.2636E-01 -1.8121E-01
  5.6064E+02  3.2579E-01 -1.8156E-01
  5.6283E+02  3.2529E-01 -1.8191E-01
  5.6502E+02  3.2477E-01 -1.8226E-01
  5.6721E+02  3.2414E-01 -1.8261E-01
  5.6940E+02  3.2335E-01 -1.8296E-01
  5.7159E+02  3.2241E-01 -1.8331E-01
  5.7378E+02  3.2136E-01 -1.8365E-01
  5.7597E+02  3.2032E-01 -1.8399E-01
  5.7816E+02  3.1936E-01 -1.8433E-01
  5.8035E+02  3.1855E-01 -1.8466E-01
  5.8254E+02  3.1790E-01 -1.8499E-01
  5.8473E+02  3.1737E-01 -1.8532E-01
  5.8692E+02  3.1687E-01 -1.8565E-01
  5.8911E+02  3.1632E-01 -1.8599E-01
  5.9130E+02  3.1564E-01 -1.8632E-01
  5.9349E+02  3.1480E-01 -1.8664E-01
  5.9568E+02  3.1382E-01 -1.8697E-01
  5.9787E+02  3.1277E-01 -1.8730E-01
  6.0006E+02  3.1173E-01 -1.8762E-01
  6.0225E+02  3.1078E-01 -1.8793E-01
  6.0444E+02  3.0998E-01 -1.8825E-01
  6.0663E+02  3.0933E-01 -1.8856E-01
  6.0882E+02  3.0878E-01 -1.8887E-01
  6.1101E+02  3.0826E-01 -1.8918E-01
  6.1320E+02  3.0769E-01 -1.8949E-01
  6.1539E+02  3.0701E-01 -1.8980E-01
  6.1758E+02  3.0617E-01 -1.9011E-01
  6.1977E+02  3.0521E-01 -1.9041E-01
  6.2196E+02  3.0418E-01 -1.9072E-01
  6.2415E+02  3.0317E-01 -1.9102E-01
  6.2634E+02  3.0225E-01 -1.9131E-01
  6.2853E+02  3.0146E-01 -1.9161E-01
  6.3072E+02  3.0080E-01 -1.9190E-01
  6.3291E+02  3.0022E-01 -1.9219E-01
  6.3510E+02  2.9966E-01 -1.9248E-01
  6.3729E+02  2.9904E-01 -1.9277E-01
  6.3948E+02  2.9830E-01 -1.9306E-01
  6.4167E+02  2.9745E-01 -1.9335E-01
  6.4386E+02  2.9650E-01 -1.9363E-01
  6.4605E+02  2.9553E-01 -1.9392E-01
  6.4824E+02  2.9462E-01 -1.9419E-01
  6.5043E+02  2.9381E-01 -1.9447E-01
  6.5262E+02  2.9313E-01 -1.9474E-01
  6.5481E+02  2.9257E-01 -1.9502E-01
  6.5700E+02  2.9205E-01 -1.9529E-01
  6.5919E+02  2.9151E-01 -1.9556E-01
  6.6138E+02  2.9088E-01 -1.9583E-01
  6.6357E+02  2.9010E-01 -1.9610E-01
  6.6576E+02  2.8919E-01 -1.9637E-01
  6.6795E+02  2.8819E-01 -1.9664E-01
  6.7014E+02  2.8715E-01 -1.9690E-01
  6.7233E+02  2.8616E-01 -1.9716E-01
  6.7452E+02  2.8527E-01 -1.9741E-01
  6.7671E+02  2.8452E-01 -1.9767E-01
  6.7890E+02  2.8389E-01 -1.9792E-01
  6.8109E+02  2.8335E-01 -1.9817E-01
  6.8328E+02  2.8284E-01 -1.9842E-01
  6.8547E+02  2.8231E-01 -1.9867E-01
  6.8766E+02  2.8171E-01 -1.9892E-01
  6.8985E+02  2.8101E-01 -1.9917E-01
  6.9204E+02  2.8022E-01 -1.9942E-01
  6.9423E+02  2.7934E-01 -1.9966E-01
  6.9642E+02  2.7841E-01 -1.9990E-01
  6.9861E+02  2.7746E-01 -2.0014E-01
  7.0080E+02  2.7653E-01 -2.0038E-01
  7.0299E+02  2.7564E-01 -2.0061E-01
  7.0518E+02  2.7481E-01 -2.0084E-01
  7.0737E+02  2.7404E-01 -2.0107E-01
  7.0956E+02  2.7334E-01 -2.0129E-01
  7.1175E+02  2.7268E-01 -2.0152E-01
  7.1394E+02  2.7206E-01 -2.0175E-01
  7.1613E+02  2.7144E-01 -2.0197E-01
  7.1832E+02  2.7079E-01 -2.0219E-01
  7.2051E+02  2.7009E-01 -2.0242E-01
  7.2270E+02  2.6931E-01 -2.0264E-01
  7.2489E+02  2.6847E-01 -2.0285E-01
  7.2708E+02  2.6757E-01 -2.0307E-01
  7.2927E+02  2.6667E-01 -2.0328E-01
  7.3146E+02  2.6578E-01 -2.0349E-01
  7.3365E+02  2.6496E-01 -2.0370E-01
  7.3584E+02  2.6421E-01 -2.0390E-01
  7.3803E+02  2.6351E-01 -2.0411E-01
  7.4022E+02  2.6286E-01 -2.0431E-01
  7.4241E+02  2.6220E-01 -2.0451E-01
  7.4460E+02  2.6150E-01 -2.0472E-01
  7.4679E+02  2.6076E-01 -2.0491E-01
  7.4898E+02  2.5997E-01 -2.0511E-01
  7.5117E+02  2.5916E-01 -2.0531E-01
  7.5336E+02  2.5836E-01 -2.0550E-01
  7.5555E+02  2.5760E-01 -2.0569E-01
  7.5774E+02  2.5689E-01 -2.0588E-01
  7.5993E+02  2.5621E-01 -2.0607E-01
  7.6212E+02  2.5554E-01 -2.0625E-01
  7.6431E+02  2.5486E-01 -2.0644E-01
  7.6650E+02  2.5414E-01 -2.0662E-01
  7.6869E+02  2.5337E-01 -2.0680E-01
  7.7088E+02  2.5258E-01 -2.0698E-01
  7.7307E+02  2.5179E-01 -2.0716E-01
  7.7526E+02  2.5104E-01 -2.0734E-01
  7.7745E+02  2.5035E-01 -2.0751E-01
  7.7964E+02  2.4972E-01 -2.0769E-01
  7.8183E+02  2.4911E-01 -2.0786E-01
  7.8402E+02  2.4850E-01 -2.0803E-01
  7.8621E+02  2.4786E-01 -2.0819E-01
  7.8840E+02  2.4715E-01 -2.0836E-01
  7.9059E+02  2.4639E-01 -2.0853E-01
  7.9278E+02  2.4559E-01 -2.0869E-01
  7.9497E+02  2.4480E-01 -2.0885E-01
  7.9716E+02  2.4405E-01 -2.0901E-01
  7.9935E+02  2.4337E-01 -2.0917E-01
  8.0154E+02  2.4275E-01 -2.0933E-01
  8.0373E+02  2.4217E-01 -2.0948E-01
  8.0592E+02  2.4158E-01 -2.0963E-01
  8.0811E+02  2.4096E-01 -2.0979E-01
  8.1030E+02  2.4026E-01 -2.0994E-01
  8.1249E+02  2.3950E-01 -2.1009E-01
  8.1468E+02  2.3870E-01 -2.1024E-01
  8.1687E+02  2.3789E-01 -2.1038E-01
  8.1906E+02  2.3713E-01 -2.1052E-01
  8.2125E+02  2.3642E-01 -2.1067E-01
  8.2344E+02  2.3579E-01 -2.1080E-01
  8.2563E+02  2.3521E-01 -2.1094E-01
  8.2782E+02  2.3463E-01 -2.1108E-01
  8.3001E+02  2.3401E-01 -2.1122E-01
  8.3220E+02  2.3332E-01 -2.1135E-01
  8.3439E+02  2.3255E-01 -2.1148E-01
  8.3658E+02  2.3173E-01 -2.1162E-01
  8.3877E+02  2.3089E-01 -2.1175E-01
  8.4096E+02  2.3008E-01 -2.1187E-01
  8.4315E+02  2.2933E-01 -2.1200E-01
  8.4534E+02  2.2867E-01 -2.1212E-01
  8.4753E+02  2.2807E-01 -2.1224E-01
  8.4972E+02  2.2749E-01 -2.1236E-01
  8.5191E+02  2.2689E-01 -2.1248E-01
  8.5410E+02  2.2622E-01 -2.1260E-01
  8.5629E+02  2.2547E-01 -2.1271E-01
  8.5848E+02  2.2465E-01 -2.1283E-01
  8.6067E+02  2.2378E-01 -2.1294E-01
  8.6286E+02  2.2293E-01 -2.1305E-01
  8.6505E+02  2.2214E-01 -2.1316E-01
  8.6724E+02  2.2143E-01 -2.1326E-01
  8.6943E+02  2.2081E-01 -2.1337E-01
  8.7162E+02  2.2023E-01 -2.1347E-01
  8.7381E+02  2.1965E-01 -2.1357E-01
  8.7600E+02  2.1903E-01 -2.1367E-01
  8.7819E+02  2.1832E-01 -2.1377E-01
  8.8038E+02  2.1753E-01 -2.1387E-01
  8.8257E+02  2.1668E-01 -2.1397E-01
  8.8476E+02  2.1582E-01 -2.1406E-01
  8.8695E+02  2.1499E-01 -2.1416E-01
  8.8914E+02  2.1425E-01 -2.1424E-01
  8.9133E+02  2.1359E-01 -2.1433E-01
  8.9352E+02  2.1300E-01 -2.1442E-01
  8.9571E+02  2.1245E-01 -2.1450E-01
  8.9790E+02  2.1187E-01 -2.1459E-01
  9.0009E+02  2.1124E-01 -2.1467E-01
  9.0228E+02  2.1051E-01 -2.1475E-01
  9.0447E+02  2.0972E-01 -2.1483E-01
  9.0666E+02  2.0888E-01 -2.1491E-01
  9.0885E+02  2.0806E-01 -2.1499E-01
  9.1104E+02  2.0729E-01 -2.1506E-01
  9.1323E+02  2.0660E-01 -2.1513E-01
  9.1542E+02  2.0600E-01 -2.1520E-01
  9.1761E+02  2.0546E-01 -2.1527E-01
  9.1980E+02  2.0492E-01 -2.1534E-01
  9.2199E+02  2.0435E-01 -2.1541E-01
  9.2418E+02  2.0371E-01 -2.1547E-01
  9.2637E+02  2.0299E-01 -2.1554E-01
  9.2856E+02  2.0221E-01 -2.1560E-01
  9.3075E+02  2.0142E-01 -2.1566E-01
  9.3294E+02  2.0066E-01 -2.1572E-01
  9.3513E+02  1.9997E-01 -2.1578E-01
  9.3732E+02  1.9936E-01 -2.1584E-01
  9.3951E+02  1.9881E-01 -2.1589E-01
  9.4170E+02  1.9830E-01 -2.1594E-01
  9.4389E+02  1.9777E-01 -2.1599E-01
  9.4608E+02  1.9718E-01 -2.1605E-01
  9.4827E+02  1.9653E-01 -2.1610E-01
  9.5046E+02  1.9582E-01 -2.1615E-01
  9.5265E+02  1.9508E-01 -2.1619E-01
  9.5484E+02  1.9435E-01 -2.1624E-01
  9.5703E+02  1.9366E-01 -2.1628E-01
  9.5922E+02  1.9304E-01 -2.1633E-01
  9.6141E+02  1.9248E-01 -2.1636E-01
  9.6360E+02  1.9194E-01 -2.1640E-01
  9.6579E+02  1.9141E-01 -2.1644E-01
  9.6798E+02  1.9084E-01 -2.1648E-01
  9.7017E+02  1.9023E-01 -2.1652E-01
  9.7236E+02  1.8957E-01 -2.1655E-01
  9.7455E+02  1.8889E-01 -2.1659E-01
  9.7674E+02  1.8820E-01 -2.1662E-01
  9.7893E+02  1.8754E-01 -2.1665E-01
  9.8112E+02  1.8692E-01 -2.1668E-01
  9.8331E+02  1.8634E-01 -2.1670E-01
  9.8550E+02  1.8578E-01 -2.1673E-01
  9.8769E+02  1.8522E-01 -2.1675E-01
  9.8988E+02  1.8465E-01 -2.1678E-01
  9.9207E+02  1.8404E-01 -2.1680E-01
  9.9426E+02  1.8341E-01 -2.1682E-01
  9.9645E+02  1.8276E-01 -2.1684E-01
  9.9864E+02  1.8209E-01 -2.1686E-01
  1.0008E+03  1.8142E-01 -2.1688E-01
  1.0030E+03  1.8077E-01 -2.1689E-01
  1.0052E+03  1.8013E-01 -2.1690E-01
  1.0074E+03  1.7950E-01 -2.1692E-01
  1.0096E+03  1.7889E-01 -2.1693E-01
  1.0118E+03  1.7828E-01 -2.1694E-01
  1.0140E+03  1.7769E-01 -2.1694E-01
  1.0162E+03  1.7711E-01 -2.1695E-01
  1.0184E+03  1.7653E-01 -2.1696E-01
  1.0205E+03  1.7595E-01 -2.1696E-01
  1.0227E+03  1.7535E-01 -2.1696E-01
  1.0249E+03  1.7472E-01 -2.1697E-01
  1.0271E+03  1.7406E-01 -2.1697E-01
  1.0293E+03  1.7336E-01 -2.1697E-01
  1.0315E+03  1.7264E-01 -2.1696E-01
  1.0337E+03  1.7191E-01 -2.1696E-01
  1.0359E+03  1.7121E-01 -2.1695E-01
  1.0381E+03  1.7055E-01 -2.1694E-01
  1.0403E+03  1.6995E-01 -2.1693E-01
  1.0424E+03  1.6939E-01 -2.1692E-01
  1.0446E+03  1.6885E-01 -2.1691E-01
  1.0468E+03  1.6831E-01 -2.1690E-01
  1.0490E+03  1.6774E-01 -2.1689E-01
  1.0512E+03  1.6711E-01 -2.1687E-01
  1.0534E+03  1.6643E-01 -2.1686E-01
  1.0556E+03  1.6570E-01 -2.1684E-01
  1.0578E+03  1.6495E-01 -2.1682E-01
  1.0600E+03  1.6422E-01 -2.1680E-01
  1.0622E+03  1.6353E-01 -2.1677E-01
  1.0643E+03  1.6289E-01 -2.1675E-01
  1.0665E+03  1.6230E-01 -2.1672E-01
  1.0687E+03  1.6173E-01 -2.1669E-01
  1.0709E+03  1.6116E-01 -2.1667E-01
  1.0731E+03  1.6056E-01 -2.1664E-01
  1.0753E+03  1.5992E-01 -2.1661E-01
  1.0775E+03  1.5924E-01 -2.1658E-01
  1.0797E+03  1.5854E-01 -2.1654E-01
  1.0819E+03  1.5784E-01 -2.1651E-01
  1.0841E+03  1.5717E-01 -2.1647E-01
  1.0862E+03  1.5654E-01 -2.1643E-01
  1.0884E+03  1.5594E-01 -2.1639E-01
  1.0906E+03  1.5536E-01 -2.1635E-01
  1.0928E+03  1.5478E-01 -2.1631E-01
  1.0950E+03  1.5417E-01 -2.1626E-01
  1.0972E+03  1.5352E-01 -2.1622E-01
  1.0994E+03  1.5284E-01 -2.1617E-01
  1.1016E+03  1.5214E-01 -2.1613E-01
  1.1038E+03  1.5146E-01 -2.1608E-01
  1.1060E+03  1.5080E-01 -2.1603E-01
  1.1081E+03  1.5020E-01 -2.1598E-01
  1.1103E+03  1.4964E-01 -2.1592E-01
  1.1125E+03  1.4910E-01 -2.1587E-01
  1.1147E+03  1.4855E-01 -2.1581E-01
  1.1169E+03  1.4798E-01 -2.1576E-01
  1.1191E+03  1.4736E-01 -2.1570E-01
  1.1213E+03  1.4670E-01 -2.1564E-01
  1.1235E+03  1.4601E-01 -2.1558E-01
  1.1257E+03  1.4533E-01 -2.1552E-01
  1.1279E+03  1.4469E-01 -2.1546E-01
  1.1300E+03  1.4409E-01 -2.1539E-01
  1.1322E+03  1.4354E-01 -2.1533E-01
  1.1344E+03  1.4303E-01 -2.1526E-01
  1.1366E+03  1.4253E-01 -2.1519E-01
  1.1388E+03  1.4200E-01 -2.1512E-01
  1.1410E+03  1.4143E-01 -2.1505E-01
  1.1432E+03  1.4082E-01 -2.1498E-01
  1.1454E+03  1.4016E-01 -2.1491E-01
  1.1476E+03  1.3950E-01 -2.1484E-01
  1.1498E+03  1.3885E-01 -2.1476E-01
  1.1519E+03  1.3826E-01 -2.1469E-01
  1.1541E+03  1.3772E-01 -2.1461E-01
  1.1563E+03  1.3723E-01 -2.1453E-01
  1.1585E+03  1.3676E-01 -2.1445E-01
  1.1607E+03  1.3628E-01 -2.1437E-01
  1.1629E+03  1.3576E-01 -2.1429E-01
  1.1651E+03  1.3518E-01 -2.1421E-01
  1.1673E+03  1.3456E-01 -2.1412E-01
  1.1695E+03  1.3391E-01 -2.1404E-01
  1.1717E+03  1.3327E-01 -2.1395E-01
  1.1738E+03  1.3268E-01 -2.1387E-01
  1.1760E+03  1.3214E-01 -2.1378E-01
  1.1782E+03  1.3166E-01 -2.1369E-01
  1.1804E+03  1.3122E-01 -2.1360E-01
  1.1826E+03  1.3077E-01 -2.1351E-01
  1.1848E+03  1.3028E-01 -2.1341E-01
  1.1870E+03  1.2975E-01 -2.1332E-01
  1.1892E+03  1.2916E-01 -2.1323E-01
  1.1914E+03  1.2853E-01 -2.1313E-01
  1.1936E+03  1.2790E-01 -2.1304E-01
  1.1957E+03  1.2731E-01 -2.1294E-01
  1.1979E+03  1.2677E-01 -2.1284E-01
  1.2001E+03  1.2629E-01 -2.1274E-01
  1.2023E+03  1.2585E-01 -2.1264E-01
  1.2045E+03  1.2541E-01 -2.1254E-01
  1.2067E+03  1.2496E-01 -2.1243E-01
  1.2089E+03  1.2445E-01 -2.1233E-01
  1.2111E+03  1.2390E-01 -2.1223E-01
  1.2133E+03  1.2330E-01 -2.1212E-01
  1.2155E+03  1.2269E-01 -2.1202E-01
  1.2176E+03  1.2210E-01 -2.1191E-01
  1.2198E+03  1.2156E-01 -2.1180E-01
  1.2220E+03  1.2107E-01 -2.1169E-01
  1.2242E+03  1.2062E-01 -2.1158E-01
  1.2264E+03  1.2018E-01 -2.1146E-01
  1.2286E+03  1.1974E-01 -2.1135E-01
  1.2308E+03  1.1925E-01 -2.1124E-01
  1.2330E+03  1.1872E-01 -2.1113E-01
  1.2352E+03  1.1816E-01 -2.1101E-01
  1.2374E+03  1.1757E-01 -2.1090E-01
  1.2395E+03  1.1699E-01 -2.1078E-01
  1.2417E+03  1.1645E-01 -2.1066E-01
  1.2439E+03  1.1595E-01 -2.1054E-01
  1.2461E+03  1.1548E-01 -2.1042E-01
  1.2483E+03  1.1503E-01 -2.1030E-01
  1.2505E+03  1.1458E-01 -2.1017E-01
  1.2527E+03  1.1410E-01 -2.1005E-01
  1.2549E+03  1.1359E-01 -2.0993E-01
  1.2571E+03  1.1305E-01 -2.0980E-01
  1.2593E+03  1.1249E-01 -2.0968E-01
  1.2614E+03  1.1193E-01 -2.0955E-01
  1.2636E+03  1.1139E-01 -2.0942E-01
  1.2658E+03  1.1087E-01 -2.0929E-01
  1.2680E+03  1.1039E-01 -2.0916E-01
  1.2702E+03  1.0991E-01 -2.0903E-01
  1.2724E+03  1.0944E-01 -2.0890E-01
  1.2746E+03  1.0896E-01 -2.0876E-01
  1.2768E+03  1.0845E-01 -2.0863E-01
  1.2790E+03  1.0792E-01 -2.0849E-01
  1.2812E+03  1.0738E-01 -2.0836E-01
  1.2833E+03  1.0684E-01 -2.0822E-01
  1.2855E+03  1.0631E-01 -2.0808E-01
  1.2877E+03  1.0580E-01 -2.0794E-01
  1.2899E+03  1.0530E-01 -2.0780E-01
  1.2921E+03  1.0480E-01 -2.0766E-01
  1.2943E+03  1.0430E-01 -2.0752E-01
  1.2965E+03  1.0380E-01 -2.0738E-01
  1.2987E+03  1.0329E-01 -2.0723E-01
  1.3009E+03  1.0277E-01 -2.0709E-01
  1.3031E+03  1.0225E-01 -2.0694E-01
  1.3052E+03  1.0173E-01 -2.0680E-01
  1.3074E+03  1.0122E-01 -2.0665E-01
  1.3096E+03  1.0071E-01 -2.0650E-01
  1.3118E+03  1.0021E-01 -2.0635E-01
  1.3140E+03  9.9706E-02 -2.0620E-01
  1.3162E+03  9.9194E-02 -2.0605E-01
  1.3184E+03  9.8675E-02 -2.0589E-01
  1.3206E+03  9.8152E-02 -2.0574E-01
  1.3228E+03  9.7631E-02 -2.0559E-01
  1.3250E+03  9.7119E-02 -2.0543E-01
  1.3271E+03  9.6617E-02 -2.0527E-01
  1.3293E+03  9.6124E-02 -2.0512E-01
  1.3315E+03  9.5634E-02 -2.0496E-01
  1.3337E+03  9.5140E-02 -2.0480E-01
  1.3359E+03  9.4634E-02 -2.0464E-01
  1.3381E+03  9.4116E-02 -2.0448E-01
  1.3403E+03  9.3589E-02 -2.0432E-01
  1.3425E+03  9.3062E-02 -2.0415E-01
  1.3447E+03  9.2545E-02 -2.0399E-01
  1.3469E+03  9.2046E-02 -2.0382E-01
  1.3490E+03  9.1568E-02 -2.0366E-01
  1.3512E+03  9.1106E-02 -2.0349E-01
  1.3534E+03  9.0647E-02 -2.0332E-01
  1.3556E+03  9.0178E-02 -2.0316E-01
  1.3578E+03  8.9687E-02 -2.0299E-01
  1.3600E+03  8.9169E-02 -2.0282E-01
  1.3622E+03  8.8629E-02 -2.0265E-01
  1.3644E+03  8.8081E-02 -2.0247E-01
  1.3666E+03  8.7541E-02 -2.0230E-01
  1.3688E+03  8.7027E-02 -2.0213E-01
  1.3709E+03  8.6548E-02 -2.0195E-01
  1.3731E+03  8.6103E-02 -2.0178E-01
  1.3753E+03  8.5679E-02 -2.0160E-01
  1.3775E+03  8.5257E-02 -2.0142E-01
  1.3797E+03  8.4815E-02 -2.0124E-01
  1.3819E+03  8.4340E-02 -2.0107E-01
  1.3841E+03  8.3827E-02 -2.0089E-01
  1.3863E+03  8.3286E-02 -2.0071E-01
  1.3885E+03  8.2736E-02 -2.0052E-01
  1.3907E+03  8.2200E-02 -2.0034E-01
  1.3928E+03  8.1696E-02 -2.0016E-01
  1.3950E+03  8.1232E-02 -1.9997E-01
  1.3972E+03  8.0803E-02 -1.9979E-01
  1.3994E+03  8.0391E-02 -1.9960E-01
  1.4016E+03  7.9973E-02 -1.9941E-01
  1.4038E+03  7.9531E-02 -1.9923E-01
  1.4060E+03  7.9054E-02 -1.9904E-01
  1.4082E+03  7.8545E-02 -1.9885E-01
  1.4104E+03  7.8020E-02 -1.9866E-01
  1.4126E+03  7.7499E-02 -1.9847E-01
  1.4147E+03  7.7004E-02 -1.9828E-01
  1.4169E+03  7.6543E-02 -1.9809E-01
  1.4191E+03  7.6117E-02 -1.9789E-01
  1.4213E+03  7.5709E-02 -1.9770E-01
  1.4235E+03  7.5298E-02 -1.9750E-01
  1.4257E+03  7.4867E-02 -1.9731E-01
  1.4279E+03  7.4402E-02 -1.9711E-01
  1.4301E+03  7.3907E-02 -1.9692E-01
  1.4323E+03  7.3395E-02 -1.9672E-01
  1.4345E+03  7.2889E-02 -1.9652E-01
  1.4366E+03  7.2408E-02 -1.9632E-01
  1.4388E+03  7.1964E-02 -1.9612E-01
  1.4410E+03  7.1557E-02 -1.9592E-01
  1.4432E+03  7.1171E-02 -1.9572E-01
  1.4454E+03  7.0785E-02 -1.9552E-01
  1.4476E+03  7.0378E-02 -1.9532E-01
  1.4498E+03  6.9935E-02 -1.9511E-01
  1.4520E+03  6.9457E-02 -1.9491E-01
  1.4542E+03  6.8957E-02 -1.9471E-01
  1.4564E+03  6.8458E-02 -1.9450E-01
  1.4585E+03  6.7982E-02 -1.9429E-01
  1.4607E+03  6.7545E-02 -1.9409E-01
  1.4629E+03  6.7148E-02 -1.9388E-01
  1.4651E+03  6.6780E-02 -1.9367E-01
  1.4673E+03  6.6417E-02 -1.9346E-01
  1.4695E+03  6.6038E-02 -1.9325E-01
  1.4717E+03  6.5625E-02 -1.9304E-01
  1.4739E+03  6.5175E-02 -1.9283E-01
  1.4761E+03  6.4698E-02 -1.9262E-01
  1.4783E+03  6.4215E-02 -1.9241E-01
  1.4804E+03  6.3748E-02 -1.9220E-01
  1.4826E+03  6.3317E-02 -1.9198E-01
  1.4848E+03  6.2925E-02 -1.9177E-01
  1.4870E+03  6.2565E-02 -1.9155E-01
  1.4892E+03  6.2216E-02 -1.9134E-01
  1.4914E+03  6.1857E-02 -1.9112E-01
  1.4936E+03  6.1469E-02 -1.9090E-01
  1.4958E+03  6.1046E-02 -1.9069E-01
  1.4980E+03  6.0595E-02 -1.9047E-01
  1.5002E+03  6.0132E-02 -1.9025E-01
  1.5023E+03  5.9680E-02 -1.9003E-01
  1.5045E+03  5.9257E-02 -1.8981E-01
  1.5067E+03  5.8869E-02 -1.8959E-01
  1.5089E+03  5.8512E-02 -1.8937E-01
  1.5111E+03  5.8170E-02 -1.8915E-01
  1.5133E+03  5.7822E-02 -1.8893E-01
  1.5155E+03  5.7453E-02 -1.8871E-01
  1.5177E+03  5.7053E-02 -1.8848E-01
  1.5199E+03  5.6626E-02 -1.8826E-01
  1.5221E+03  5.6186E-02 -1.8804E-01
  1.5242E+03  5.5751E-02 -1.8781E-01
  1.5264E+03  5.5337E-02 -1.8759E-01
  1.5286E+03  5.4953E-02 -1.8736E-01
  1.5308E+03  5.4595E-02 -1.8713E-01
  1.5330E+03  5.4252E-02 -1.8691E-01
  1.5352E+03  5.3909E-02 -1.8668E-01
  1.5374E+03  5.3550E-02 -1.8645E-01
  1.5396E+03  5.3168E-02 -1.8622E-01
  1.5418E+03  5.2765E-02 -1.8600E-01
  1.5440E+03  5.2348E-02 -1.8577E-01
  1.5461E+03  5.1933E-02 -1.8554E-01
  1.5483E+03  5.1531E-02 -1.8531E-01
  1.5505E+03  5.1151E-02 -1.8508E-01
  1.5527E+03  5.0791E-02 -1.8484E-01
  1.5549E+03  5.0445E-02 -1.8461E-01
  1.5571E+03  5.0101E-02 -1.8438E-01
  1.5593E+03  4.9748E-02 -1.8414E-01
  1.5615E+03  4.9380E-02 -1.8391E-01
  1.5637E+03  4.8996E-02 -1.8368E-01
  1.5659E+03  4.8602E-02 -1.8344E-01
  1.5680E+03  4.8207E-02 -1.8321E-01
  1.5702E+03  4.7822E-02 -1.8297E-01
  1.5724E+03  4.7450E-02 -1.8274E-01
  1.5746E+03  4.7094E-02 -1.8250E-01
  1.5768E+03  4.6747E-02 -1.8226E-01
  1.5790E+03  4.6402E-02 -1.8202E-01
  1.5812E+03  4.6052E-02 -1.8179E-01
  1.5834E+03  4.5693E-02 -1.8155E-01
  1.5856E+03  4.5323E-02 -1.8131E-01
  1.5878E+03  4.4949E-02 -1.8107E-01
  1.5899E+03  4.4575E-02 -1.8083E-01
  1.5921E+03  4.4209E-02 -1.8059E-01
  1.5943E+03  4.3853E-02 -1.8035E-01
  1.5965E+03  4.3507E-02 -1.8011E-01
  1.5987E+03  4.3165E-02 -1.7987E-01
  1.6009E+03  4.2823E-02 -1.7962E-01
  1.6031E+03  4.2476E-02 -1.7938E-01
  1.6053E+03  4.2122E-02 -1.7914E-01
  1.6075E+03  4.1762E-02 -1.7889E-01
  1.6097E+03  4.1402E-02 -1.7865E-01
  1.6118E+03  4.1047E-02 -1.7841E-01
  1.6140E+03  4.0701E-02 -1.7816E-01
  1.6162E+03  4.0365E-02 -1.7792E-01
  1.6184E+03  4.0035E-02 -1.7767E-01
  1.6206E+03  3.9705E-02 -1.7742E-01
  1.6228E+03  3.9369E-02 -1.7718E-01
  1.6250E+03  3.9025E-02 -1.7693E-01
  1.6272E+03  3.8673E-02 -1.7668E-01
  1.6294E+03  3.8318E-02 -1.7643E-01
  1.6316E+03  3.7966E-02 -1.7619E-01
  1.6337E+03  3.7625E-02 -1.7594E-01
  1.6359E+03  3.7297E-02 -1.7569E-01
  1.6381E+03  3.6981E-02 -1.7544E-01
  1.6403E+03  3.6670E-02 -1.7519E-01
  1.6425E+03  3.6356E-02 -1.7494E-01
  1.6447E+03  3.6031E-02 -1.7469E-01
  1.6469E+03  3.5692E-02 -1.7444E-01
  1.6491E+03  3.5341E-02 -1.7419E-01
  1.6513E+03  3.4986E-02 -1.7394E-01
  1.6535E+03  3.4637E-02 -1.7368E-01
  1.6556E+03  3.4301E-02 -1.7343E-01
  1.6578E+03  3.3984E-02 -1.7318E-01
  1.6600E+03  3.3683E-02 -1.7292E-01
  1.6622E+03  3.3389E-02 -1.7267E-01
  1.6644E+03  3.3092E-02 -1.7242E-01
  1.6666E+03  3.2780E-02 -1.7216E-01
  1.6688E+03  3.2449E-02 -1.7191E-01
  1.6710E+03  3.2101E-02 -1.7165E-01
  1.6732E+03  3.1746E-02 -1.7140E-01
  1.6754E+03  3.1397E-02 -1.7114E-01
  1.6775E+03  3.1064E-02 -1.7088E-01
  1.6797E+03  3.0755E-02 -1.7063E-01
  1.6819E+03  3.0467E-02 -1.7037E-01
  1.6841E+03  3.0190E-02 -1.7011E-01
  1.6863E+03  2.9910E-02 -1.6986E-01
  1.6885E+03  2.9613E-02 -1.6960E-01
  1.6907E+03  2.9291E-02 -1.6934E-01
  1.6929E+03  2.8947E-02 -1.6908E-01
  1.6951E+03  2.8590E-02 -1.6882E-01
  1.6973E+03  2.8236E-02 -1.6856E-01
  1.6994E+03  2.7900E-02 -1.6830E-01
  1.7016E+03  2.7592E-02 -1.6804E-01
  1.7038E+03  2.7312E-02 -1.6778E-01
  1.7060E+03  2.7050E-02 -1.6752E-01
  1.7082E+03  2.6791E-02 -1.6726E-01
  1.7104E+03  2.6517E-02 -1.6700E-01
  1.7126E+03  2.6216E-02 -1.6674E-01
  1.7148E+03  2.5887E-02 -1.6648E-01
  1.7170E+03  2.5538E-02 -1.6621E-01
  1.7192E+03  2.5184E-02 -1.6595E-01
  1.7213E+03  2.4845E-02 -1.6569E-01
  1.7235E+03  2.4531E-02 -1.6543E-01
  1.7257E+03  2.4249E-02 -1.6516E-01
  1.7279E+03  2.3990E-02 -1.6490E-01
  1.7301E+03  2.3740E-02 -1.6463E-01
  1.7323E+03  2.3482E-02 -1.6437E-01
  1.7345E+03  2.3201E-02 -1.6410E-01
  1.7367E+03  2.2894E-02 -1.6384E-01
  1.7389E+03  2.2564E-02 -1.6358E-01
  1.7411E+03  2.2227E-02 -1.6331E-01
  1.7432E+03  2.1898E-02 -1.6304E-01
  1.7454E+03  2.1591E-02 -1.6278E-01
  1.7476E+03  2.1312E-02 -1.6251E-01
  1.7498E+03  2.1055E-02 -1.6224E-01
  1.7520E+03  2.0809E-02 -1.6198E-01
  1.7542E+03  2.0558E-02 -1.6171E-01
  1.7564E+03  2.0289E-02 -1.6144E-01
  1.7586E+03  1.9996E-02 -1.6118E-01
  1.7608E+03  1.9682E-02 -1.6091E-01
  1.7630E+03  1.9360E-02 -1.6064E-01
  1.7651E+03  1.9045E-02 -1.6037E-01
  1.7673E+03  1.8749E-02 -1.6010E-01
  1.7695E+03  1.8479E-02 -1.5983E-01
  1.7717E+03  1.8232E-02 -1.5956E-01
  1.7739E+03  1.7995E-02 -1.5929E-01
  1.7761E+03  1.7756E-02 -1.5903E-01
  1.7783E+03  1.7501E-02 -1.5876E-01
  1.7805E+03  1.7223E-02 -1.5849E-01
  1.7827E+03  1.6925E-02 -1.5822E-01
  1.7849E+03  1.6616E-02 -1.5795E-01
  1.7870E+03  1.6311E-02 -1.5768E-01
  1.7892E+03  1.6023E-02 -1.5740E-01
  1.7914E+03  1.5759E-02 -1.5713E-01
  1.7936E+03  1.5517E-02 -1.5686E-01
  1.7958E+03  1.5288E-02 -1.5659E-01
  1.7980E+03  1.5061E-02 -1.5632E-01
  1.8002E+03  1.4821E-02 -1.5605E-01
  1.8024E+03  1.4561E-02 -1.5578E-01
  1.8046E+03  1.4282E-02 -1.5550E-01
  1.8068E+03  1.3991E-02 -1.5523E-01
  1.8089E+03  1.3700E-02 -1.5496E-01
  1.8111E+03  1.3420E-02 -1.5469E-01
  1.8133E+03  1.3161E-02 -1.5441E-01
  1.8155E+03  1.2922E-02 -1.5414E-01
  1.8177E+03  1.2697E-02 -1.5387E-01
  1.8199E+03  1.2475E-02 -1.5359E-01
  1.8221E+03  1.2246E-02 -1.5332E-01
  1.8243E+03  1.2001E-02 -1.5305E-01
  1.8265E+03  1.1740E-02 -1.5277E-01
  1.8287E+03  1.1466E-02 -1.5250E-01
  1.8308E+03  1.1191E-02 -1.5222E-01
  1.8330E+03  1.0923E-02 -1.5195E-01
  1.8352E+03  1.0671E-02 -1.5168E-01
  1.8374E+03  1.0436E-02 -1.5140E-01
  1.8396E+03  1.0213E-02 -1.5113E-01
  1.8418E+03  9.9956E-03 -1.5085E-01
  1.8440E+03  9.7728E-03 -1.5058E-01
  1.8462E+03  9.5384E-03 -1.5030E-01
  1.8484E+03  9.2903E-03 -1.5003E-01
  1.8506E+03  9.0322E-03 -1.4975E-01
  1.8527E+03  8.7715E-03 -1.4947E-01
  1.8549E+03  8.5165E-03 -1.4920E-01
  1.8571E+03  8.2733E-03 -1.4892E-01
  1.8593E+03  8.0437E-03 -1.4865E-01
  1.8615E+03  7.8246E-03 -1.4837E-01
  1.8637E+03  7.6094E-03 -1.4809E-01
  1.8659E+03  7.3908E-03 -1.4782E-01
  1.8681E+03  7.1632E-03 -1.4754E-01
  1.8703E+03  6.9252E-03 -1.4727E-01
  1.8725E+03  6.6798E-03 -1.4699E-01
  1.8746E+03  6.4329E-03 -1.4671E-01
  1.8768E+03  6.1910E-03 -1.4644E-01
  1.8790E+03  5.9589E-03 -1.4616E-01
  1.8812E+03  5.7375E-03 -1.4588E-01
  1.8834E+03  5.5240E-03 -1.4560E-01
  1.8856E+03  5.3126E-03 -1.4533E-01
  1.8878E+03  5.0975E-03 -1.4505E-01
  1.8900E+03  4.8748E-03 -1.4477E-01
  1.8922E+03  4.6442E-03 -1.4449E-01
  1.8944E+03  4.4089E-03 -1.4422E-01
  1.8965E+03  4.1744E-03 -1.4394E-01
  1.8987E+03  3.9462E-03 -1.4366E-01
  1.9009E+03  3.7276E-03 -1.4338E-01
  1.9031E+03  3.5181E-03 -1.4311E-01
  1.9053E+03  3.3139E-03 -1.4283E-01
  1.9075E+03  3.1095E-03 -1.4255E-01
  1.9097E+03  2.8996E-03 -1.4227E-01
  1.9119E+03  2.6816E-03 -1.4199E-01
  1.9141E+03  2.4567E-03 -1.4172E-01
  1.9163E+03  2.2294E-03 -1.4144E-01
  1.9184E+03  2.0059E-03 -1.4116E-01
  1.9206E+03  1.7914E-03 -1.4088E-01
  1.9228E+03  1.5879E-03 -1.4060E-01
  1.9250E+03  1.3934E-03 -1.4032E-01
  1.9272E+03  1.2027E-03 -1.4005E-01
  1.9294E+03  1.0089E-03 -1.3977E-01
  1.9316E+03  8.0675E-04 -1.3949E-01
  1.9338E+03  5.9452E-04 -1.3921E-01
  1.9360E+03  3.7492E-04 -1.3893E-01
  1.9382E+03  1.5423E-04 -1.3865E-01
  1.9403E+03 -6.0081E-05 -1.3837E-01
  1.9425E+03 -2.6234E-04 -1.3810E-01
  1.9447E+03 -4.5099E-04 -1.3782E-01
  1.9469E+03 -6.2940E-04 -1.3754E-01
  1.9491E+03 -8.0472E-04 -1.3726E-01
  1.9513E+03 -9.8520E-04 -1.3698E-01
  1.9535E+03 -1.1770E-03 -1.3670E-01
  1.9557E+03 -1.3817E-03 -1.3642E-01
  1.9579E+03 -1.5955E-03 -1.3614E-01
  1.9601E+03 -1.8104E-03 -1.3587E-01
  1.9622E+03 -2.0173E-03 -1.3559E-01
  1.9644E+03 -2.2096E-03 -1.3531E-01
  1.9666E+03 -2.3856E-03 -1.3503E-01
  1.9688E+03 -2.5492E-03 -1.3475E-01
  1.9710E+03 -2.7091E-03 -1.3447E-01
  1.9732E+03 -2.8750E-03 -1.3419E-01
  1.9754E+03 -3.0545E-03 -1.3391E-01
  1.9776E+03 -3.2495E-03 -1.3364E-01
  1.9798E+03 -3.4560E-03 -1.3336E-01
  1.9820E+03 -3.6651E-03 -1.3308E-01
  1.9841E+03 -3.8663E-03 -1.3280E-01
  1.9863E+03 -4.0516E-03 -1.3252E-01
  1.9885E+03 -4.2184E-03 -1.3224E-01
  1.9907E+03 -4.3704E-03 -1.3196E-01
  1.9929E+03 -4.5169E-03 -1.3168E-01
  1.9951E+03 -4.6686E-03 -1.3141E-01
  1.9973E+03 -4.8344E-03 -1.3113E-01
  1.9995E+03 -5.0176E-03 -1.3085E-01
  2.0017E+03 -5.2146E-03 -1.3057E-01
  2.0039E+03 -5.4165E-03 -1.3029E-01
  2.0060E+03 -5.6121E-03 -1.3001E-01
  2.0082E+03 -5.7920E-03 -1.2974E-01
  2.0104E+03 -5.9523E-03 -1.2946E-01
  2.0126E+03 -6.0957E-03 -1.2918E-01
  2.0148E+03 -6.2312E-03 -1.2890E-01
  2.0170E+03 -6.3702E-03 -1.2862E-01
  2.0192E+03 -6.5225E-03 -1.2835E-01
  2.0214E+03 -6.6929E-03 -1.2807E-01
  2.0236E+03 -6.8793E-03 -1.2779E-01
  2.0258E+03 -7.0734E-03 -1.2751E-01
  2.0279E+03 -7.2636E-03 -1.2724E-01
  2.0301E+03 -7.4396E-03 -1.2696E-01
  2.0323E+03 -7.5959E-03 -1.2668E-01
  2.0345E+03 -7.7336E-03 -1.2640E-01
  2.0367E+03 -7.8604E-03 -1.2612E-01
  2.0389E+03 -7.9876E-03 -1.2585E-01
  2.0411E+03 -8.1259E-03 -1.2557E-01
  2.0433E+03 -8.2817E-03 -1.2529E-01
  2.0455E+03 -8.4547E-03 -1.2502E-01
  2.0477E+03 -8.6382E-03 -1.2474E-01
  2.0498E+03 -8.8216E-03 -1.2446E-01
  2.0520E+03 -8.9941E-03 -1.2419E-01
  2.0542E+03 -9.1488E-03 -1.2391E-01
  2.0564E+03 -9.2849E-03 -1.2363E-01
  2.0586E+03 -9.4082E-03 -1.2336E-01
  2.0608E+03 -9.5286E-03 -1.2308E-01
  2.0630E+03 -9.6563E-03 -1.2280E-01
  2.0652E+03 -9.7986E-03 -1.2253E-01
  2.0674E+03 -9.9569E-03 -1.2225E-01
  2.0696E+03 -1.0127E-02 -1.2198E-01
  2.0717E+03 -1.0299E-02 -1.2170E-01
  2.0739E+03 -1.0463E-02 -1.2142E-01
  2.0761E+03 -1.0613E-02 -1.2115E-01
  2.0783E+03 -1.0747E-02 -1.2087E-01
  2.0805E+03 -1.0868E-02 -1.2060E-01
  2.0827E+03 -1.0985E-02 -1.2032E-01
  2.0849E+03 -1.1106E-02 -1.2005E-01
  2.0871E+03 -1.1240E-02 -1.1977E-01
  2.0893E+03 -1.1387E-02 -1.1950E-01
  2.0915E+03 -1.1545E-02 -1.1922E-01
  2.0936E+03 -1.1705E-02 -1.1895E-01
  2.0958E+03 -1.1861E-02 -1.1867E-01
  2.0980E+03 -1.2004E-02 -1.1840E-01
  2.1002E+03 -1.2132E-02 -1.1812E-01
  2.1024E+03 -1.2248E-02 -1.1785E-01
  2.1046E+03 -1.2359E-02 -1.1757E-01
  2.1068E+03 -1.2474E-02 -1.1730E-01
  2.1090E+03 -1.2599E-02 -1.1703E-01
  2.1112E+03 -1.2736E-02 -1.1675E-01
  2.1134E+03 -1.2883E-02 -1.1648E-01
  2.1155E+03 -1.3034E-02 -1.1621E-01
  2.1177E+03 -1.3181E-02 -1.1593E-01
  2.1199E+03 -1.3317E-02 -1.1566E-01
  2.1221E+03 -1.3440E-02 -1.1539E-01
  2.1243E+03 -1.3551E-02 -1.1511E-01
  2.1265E+03 -1.3657E-02 -1.1484E-01
  2.1287E+03 -1.3764E-02 -1.1457E-01
  2.1309E+03 -1.3879E-02 -1.1430E-01
  2.1331E+03 -1.4005E-02 -1.1402E-01
  2.1353E+03 -1.4141E-02 -1.1375E-01
  2.1374E+03 -1.4281E-02 -1.1348E-01
  2.1396E+03 -1.4417E-02 -1.1321E-01
  2.1418E+03 -1.4545E-02 -1.1294E-01
  2.1440E+03 -1.4661E-02 -1.1267E-01
  2.1462E+03 -1.4767E-02 -1.1239E-01
  2.1484E+03 -1.4867E-02 -1.1212E-01
  2.1506E+03 -1.4969E-02 -1.1185E-01
  2.1528E+03 -1.5076E-02 -1.1158E-01
  2.1550E+03 -1.5193E-02 -1.1131E-01
  2.1572E+03 -1.5318E-02 -1.1104E-01
  2.1593E+03 -1.5445E-02 -1.1077E-01
  2.1615E+03 -1.5570E-02 -1.1050E-01
  2.1637E+03 -1.5687E-02 -1.1023E-01
  2.1659E+03 -1.5794E-02 -1.0996E-01
  2.1681E+03 -1.5892E-02 -1.0969E-01
  2.1703E+03 -1.5986E-02 -1.0942E-01
  2.1725E+03 -1.6081E-02 -1.0915E-01
  2.1747E+03 -1.6183E-02 -1.0888E-01
  2.1769E+03 -1.6292E-02 -1.0862E-01
  2.1791E+03 -1.6407E-02 -1.0835E-01
  2.1812E+03 -1.6524E-02 -1.0808E-01
  2.1834E+03 -1.6636E-02 -1.0781E-01
  2.1856E+03 -1.6741E-02 -1.0754E-01
  2.1878E+03 -1.6837E-02 -1.0728E-01
  2.1900E+03 -1.6926E-02 -1.0701E-01
  2.1922E+03 -1.7013E-02 -1.0674E-01
  2.1944E+03 -1.7102E-02 -1.0647E-01
  2.1966E+03 -1.7197E-02 -1.0621E-01
  2.1988E+03 -1.7300E-02 -1.0594E-01
  2.2010E+03 -1.7407E-02 -1.0567E-01
  2.2031E+03 -1.7514E-02 -1.0541E-01
  2.2053E+03 -1.7616E-02 -1.0514E-01
  2.2075E+03 -1.7710E-02 -1.0488E-01
  2.2097E+03 -1.7795E-02 -1.0461E-01
  2.2119E+03 -1.7874E-02 -1.0434E-01
  2.2141E+03 -1.7952E-02 -1.0408E-01
  2.2163E+03 -1.8034E-02 -1.0381E-01
  2.2185E+03 -1.8124E-02 -1.0355E-01
  2.2207E+03 -1.8221E-02 -1.0329E-01
  2.2229E+03 -1.8322E-02 -1.0302E-01
  2.2250E+03 -1.8422E-02 -1.0276E-01
  2.2272E+03 -1.8515E-02 -1.0249E-01
  2.2294E+03 -1.8598E-02 -1.0223E-01
  2.2316E+03 -1.8673E-02 -1.0197E-01
  2.2338E+03 -1.8742E-02 -1.0170E-01
  2.2360E+03 -1.8811E-02 -1.0144E-01
  2.2382E+03 -1.8886E-02 -1.0118E-01
  2.2404E+03 -1.8970E-02 -1.0092E-01
  2.2426E+03 -1.9062E-02 -1.0066E-01
  2.2448E+03 -1.9158E-02 -1.0039E-01
  2.2469E+03 -1.9252E-02 -1.0013E-01
  2.2491E+03 -1.9338E-02 -9.9871E-02
  2.2513E+03 -1.9413E-02 -9.9610E-02
  2.2535E+03 -1.9478E-02 -9.9349E-02
  2.2557E+03 -1.9538E-02 -9.9088E-02
  2.2579E+03 -1.9598E-02 -9.8828E-02
  2.2601E+03 -1.9665E-02 -9.8568E-02
  2.2623E+03 -1.9742E-02 -9.8308E-02
  2.2645E+03 -1.9828E-02 -9.8049E-02
  2.2667E+03 -1.9919E-02 -9.7790E-02
  2.2688E+03 -2.0009E-02 -9.7531E-02
  2.2710E+03 -2.0090E-02 -9.7272E-02
  2.2732E+03 -2.0159E-02 -9.7014E-02
  2.2754E+03 -2.0216E-02 -9.6755E-02
  2.2776E+03 -2.0267E-02 -9.6497E-02
  2.2798E+03 -2.0318E-02 -9.6240E-02
  2.2820E+03 -2.0376E-02 -9.5982E-02
  2.2842E+03 -2.0445E-02 -9.5726E-02
  2.2864E+03 -2.0524E-02 -9.5469E-02
  2.2886E+03 -2.0610E-02 -9.5213E-02
  2.2907E+03 -2.0694E-02 -9.4956E-02
  2.2929E+03 -2.0771E-02 -9.4700E-02
  2.2951E+03 -2.0835E-02 -9.4444E-02
  2.2973E+03 -2.0887E-02 -9.4189E-02
  2.2995E+03 -2.0931E-02 -9.3933E-02
  2.3017E+03 -2.0973E-02 -9.3679E-02
  2.3039E+03 -2.1022E-02 -9.3424E-02
  2.3061E+03 -2.1081E-02 -9.3170E-02
  2.3083E+03 -2.1153E-02 -9.2916E-02
  2.3105E+03 -2.1232E-02 -9.2663E-02
  2.3126E+03 -2.1311E-02 -9.2409E-02
  2.3148E+03 -2.1384E-02 -9.2156E-02
  2.3170E+03 -2.1444E-02 -9.1903E-02
  2.3192E+03 -2.1492E-02 -9.1650E-02
  2.3214E+03 -2.1529E-02 -9.1398E-02
  2.3236E+03 -2.1565E-02 -9.1145E-02
  2.3258E+03 -2.1604E-02 -9.0894E-02
  2.3280E+03 -2.1655E-02 -9.0643E-02
  2.3302E+03 -2.1717E-02 -9.0392E-02
  2.3324E+03 -2.1788E-02 -9.0141E-02
  2.3345E+03 -2.1861E-02 -8.9891E-02
  2.3367E+03 -2.1929E-02 -8.9640E-02
  2.3389E+03 -2.1986E-02 -8.9390E-02
  2.3411E+03 -2.2030E-02 -8.9140E-02
  2.3433E+03 -2.2063E-02 -8.8891E-02
  2.3455E+03 -2.2092E-02 -8.8642E-02
  2.3477E+03 -2.2124E-02 -8.8393E-02
  2.3499E+03 -2.2166E-02 -8.8145E-02
  2.3521E+03 -2.2219E-02 -8.7897E-02
  2.3543E+03 -2.2281E-02 -8.7649E-02
  2.3564E+03 -2.2347E-02 -8.7402E-02
  2.3586E+03 -2.2410E-02 -8.7155E-02
  2.3608E+03 -2.2464E-02 -8.6908E-02
  2.3630E+03 -2.2504E-02 -8.6661E-02
  2.3652E+03 -2.2534E-02 -8.6414E-02
  2.3674E+03 -2.2558E-02 -8.6168E-02
  2.3696E+03 -2.2583E-02 -8.5923E-02
  2.3718E+03 -2.2616E-02 -8.5678E-02
  2.3740E+03 -2.2660E-02 -8.5433E-02
  2.3762E+03 -2.2713E-02 -8.5188E-02
  2.3783E+03 -2.2772E-02 -8.4944E-02
  2.3805E+03 -2.2828E-02 -8.4700E-02
  2.3827E+03 -2.2877E-02 -8.4456E-02
  2.3849E+03 -2.2914E-02 -8.4213E-02
  2.3871E+03 -2.2941E-02 -8.3969E-02
  2.3893E+03 -2.2961E-02 -8.3727E-02
  2.3915E+03 -2.2981E-02 -8.3484E-02
  2.3937E+03 -2.3007E-02 -8.3242E-02
  2.3959E+03 -2.3042E-02 -8.3000E-02
  2.3981E+03 -2.3086E-02 -8.2759E-02
  2.4002E+03 -2.3136E-02 -8.2518E-02
  2.4024E+03 -2.3184E-02 -8.2278E-02
  2.4046E+03 -2.3226E-02 -8.2037E-02
  2.4068E+03 -2.3259E-02 -8.1797E-02
  2.4090E+03 -2.3281E-02 -8.1557E-02
  2.4112E+03 -2.3298E-02 -8.1317E-02
  2.4134E+03 -2.3314E-02 -8.1078E-02
  2.4156E+03 -2.3335E-02 -8.0839E-02
  2.4178E+03 -2.3363E-02 -8.0601E-02
  2.4200E+03 -2.3400E-02 -8.0363E-02
  2.4221E+03 -2.3440E-02 -8.0126E-02
  2.4243E+03 -2.3480E-02 -7.9888E-02
  2.4265E+03 -2.3515E-02 -7.9651E-02
  2.4287E+03 -2.3540E-02 -7.9414E-02
  2.4309E+03 -2.3558E-02 -7.9178E-02
  2.4331E+03 -2.3569E-02 -7.8942E-02
  2.4353E+03 -2.3581E-02 -7.8706E-02
  2.4375E+03 -2.3596E-02 -7.8471E-02
  2.4397E+03 -2.3619E-02 -7.8236E-02
  2.4419E+03 -2.3648E-02 -7.8001E-02
  2.4440E+03 -2.3681E-02 -7.7767E-02
  2.4462E+03 -2.3714E-02 -7.7533E-02
  2.4484E+03 -2.3741E-02 -7.7300E-02
  2.4506E+03 -2.3760E-02 -7.7066E-02
  2.4528E+03 -2.3771E-02 -7.6833E-02
  2.4550E+03 -2.3778E-02 -7.6601E-02
  2.4572E+03 -2.3784E-02 -7.6369E-02
  2.4594E+03 -2.3795E-02 -7.6137E-02
  2.4616E+03 -2.3811E-02 -7.5905E-02
  2.4638E+03 -2.3834E-02 -7.5675E-02
  2.4659E+03 -2.3860E-02 -7.5444E-02
  2.4681E+03 -2.3884E-02 -7.5214E-02
  2.4703E+03 -2.3904E-02 -7.4984E-02
  2.4725E+03 -2.3916E-02 -7.4754E-02
  2.4747E+03 -2.3921E-02 -7.4525E-02
  2.4769E+03 -2.3923E-02 -7.4296E-02
  2.4791E+03 -2.3925E-02 -7.4067E-02
  2.4813E+03 -2.3931E-02 -7.3839E-02
  2.4835E+03 -2.3943E-02 -7.3611E-02
  2.4857E+03 -2.3960E-02 -7.3384E-02
  2.4878E+03 -2.3979E-02 -7.3157E-02
  2.4900E+03 -2.3996E-02 -7.2930E-02
  2.4922E+03 -2.4008E-02 -7.2704E-02
  2.4944E+03 -2.4012E-02 -7.2478E-02
  2.4966E+03 -2.4011E-02 -7.2252E-02
  2.4988E+03 -2.4007E-02 -7.2027E-02
  2.5010E+03 -2.4004E-02 -7.1802E-02
  2.5032E+03 -2.4006E-02 -7.1578E-02
  2.5054E+03 -2.4014E-02 -7.1354E-02
  2.5076E+03 -2.4027E-02 -7.1131E-02
  2.5097E+03 -2.4041E-02 -7.0907E-02
  2.5119E+03 -2.4052E-02 -7.0685E-02
  2.5141E+03 -2.4057E-02 -7.0462E-02
  2.5163E+03 -2.4055E-02 -7.0240E-02
  2.5185E+03 -2.4047E-02 -7.0018E-02
  2.5207E+03 -2.4037E-02 -6.9797E-02
  2.5229E+03 -2.4029E-02 -6.9576E-02
  2.5251E+03 -2.4026E-02 -6.9355E-02
  2.5273E+03 -2.4030E-02 -6.9135E-02
  2.5295E+03 -2.4039E-02 -6.8915E-02
  2.5316E+03 -2.4049E-02 -6.8696E-02
  2.5338E+03 -2.4055E-02 -6.8477E-02
  2.5360E+03 -2.4054E-02 -6.8258E-02
  2.5382E+03 -2.4046E-02 -6.8040E-02
  2.5404E+03 -2.4032E-02 -6.7822E-02
  2.5426E+03 -2.4016E-02 -6.7604E-02
  2.5448E+03 -2.4003E-02 -6.7387E-02
  2.5470E+03 -2.3995E-02 -6.7170E-02
  2.5492E+03 -2.3995E-02 -6.6954E-02
  2.5514E+03 -2.4000E-02 -6.6738E-02
  2.5535E+03 -2.4006E-02 -6.6523E-02
  2.5557E+03 -2.4008E-02 -6.6308E-02
  2.5579E+03 -2.4004E-02 -6.6093E-02
  2.5601E+03 -2.3991E-02 -6.5878E-02
  2.5623E+03 -2.3971E-02 -6.5664E-02
  2.5645E+03 -2.3950E-02 -6.5451E-02
  2.5667E+03 -2.3930E-02 -6.5237E-02
  2.5689E+03 -2.3917E-02 -6.5025E-02
  2.5711E+03 -2.3912E-02 -6.4813E-02
  2.5733E+03 -2.3912E-02 -6.4601E-02
  2.5754E+03 -2.3915E-02 -6.4389E-02
  2.5776E+03 -2.3914E-02 -6.4178E-02
  2.5798E+03 -2.3906E-02 -6.3967E-02
  2.5820E+03 -2.3890E-02 -6.3756E-02
  2.5842E+03 -2.3865E-02 -6.3546E-02
  2.5864E+03 -2.3838E-02 -6.3337E-02
  2.5886E+03 -2.3813E-02 -6.3127E-02
  2.5908E+03 -2.3794E-02 -6.2919E-02
  2.5930E+03 -2.3783E-02 -6.2710E-02
  2.5952E+03 -2.3779E-02 -6.2503E-02
  2.5973E+03 -2.3778E-02 -6.2295E-02
  2.5995E+03 -2.3774E-02 -6.2088E-02
  2.6017E+03 -2.3763E-02 -6.1881E-02
  2.6039E+03 -2.3743E-02 -6.1674E-02
  2.6061E+03 -2.3715E-02 -6.1468E-02
  2.6083E+03 -2.3683E-02 -6.1263E-02
  2.6105E+03 -2.3652E-02 -6.1057E-02
  2.6127E+03 -2.3627E-02 -6.0853E-02
  2.6149E+03 -2.3610E-02 -6.0649E-02
  2.6171E+03 -2.3601E-02 -6.0445E-02
  2.6192E+03 -2.3595E-02 -6.0241E-02
  2.6214E+03 -2.3588E-02 -6.0038E-02
  2.6236E+03 -2.3574E-02 -5.9835E-02
  2.6258E+03 -2.3551E-02 -5.9633E-02
  2.6280E+03 -2.3520E-02 -5.9431E-02
  2.6302E+03 -2.3484E-02 -5.9229E-02
  2.6324E+03 -2.3448E-02 -5.9028E-02
  2.6346E+03 -2.3417E-02 -5.8827E-02
  2.6368E+03 -2.3394E-02 -5.8627E-02
  2.6390E+03 -2.3379E-02 -5.8428E-02
  2.6411E+03 -2.3368E-02 -5.8228E-02
  2.6433E+03 -2.3357E-02 -5.8029E-02
  2.6455E+03 -2.3340E-02 -5.7830E-02
  2.6477E+03 -2.3315E-02 -5.7632E-02
  2.6499E+03 -2.3281E-02 -5.7434E-02
  2.6521E+03 -2.3242E-02 -5.7237E-02
  2.6543E+03 -2.3201E-02 -5.7040E-02
  2.6565E+03 -2.3165E-02 -5.6843E-02
  2.6587E+03 -2.3137E-02 -5.6647E-02
  2.6609E+03 -2.3116E-02 -5.6451E-02
  2.6630E+03 -2.3100E-02 -5.6256E-02
  2.6652E+03 -2.3084E-02 -5.6061E-02
  2.6674E+03 -2.3064E-02 -5.5867E-02
  2.6696E+03 -2.3036E-02 -5.5673E-02
  2.6718E+03 -2.2999E-02 -5.5479E-02
  2.6740E+03 -2.2957E-02 -5.5285E-02
  2.6762E+03 -2.2914E-02 -5.5092E-02
  2.6784E+03 -2.2873E-02 -5.4900E-02
  2.6806E+03 -2.2840E-02 -5.4708E-02
  2.6828E+03 -2.2813E-02 -5.4517E-02
  2.6849E+03 -2.2792E-02 -5.4326E-02
  2.6871E+03 -2.2771E-02 -5.4135E-02
  2.6893E+03 -2.2747E-02 -5.3945E-02
  2.6915E+03 -2.2716E-02 -5.3755E-02
  2.6937E+03 -2.2677E-02 -5.3565E-02
  2.6959E+03 -2.2633E-02 -5.3376E-02
  2.6981E+03 -2.2587E-02 -5.3187E-02
  2.7003E+03 -2.2543E-02 -5.2999E-02
  2.7025E+03 -2.2505E-02 -5.2811E-02
  2.7047E+03 -2.2474E-02 -5.2624E-02
  2.7068E+03 -2.2447E-02 -5.2437E-02
  2.7090E+03 -2.2421E-02 -5.2251E-02
  2.7112E+03 -2.2393E-02 -5.2065E-02
  2.7134E+03 -2.2358E-02 -5.1879E-02
  2.7156E+03 -2.2317E-02 -5.1693E-02
  2.7178E+03 -2.2270E-02 -5.1509E-02
  2.7200E+03 -2.2221E-02 -5.1324E-02
  2.7222E+03 -2.2175E-02 -5.1140E-02
  2.7244E+03 -2.2134E-02 -5.0957E-02
  2.7266E+03 -2.2098E-02 -5.0774E-02
  2.7287E+03 -2.2066E-02 -5.0591E-02
  2.7309E+03 -2.2035E-02 -5.0409E-02
  2.7331E+03 -2.2002E-02 -5.0227E-02
  2.7353E+03 -2.1963E-02 -5.0045E-02
  2.7375E+03 -2.1918E-02 -4.9864E-02
  2.7397E+03 -2.1869E-02 -4.9683E-02
  2.7419E+03 -2.1818E-02 -4.9503E-02
  2.7441E+03 -2.1769E-02 -4.9323E-02
  2.7463E+03 -2.1725E-02 -4.9144E-02
  2.7485E+03 -2.1686E-02 -4.8965E-02
  2.7506E+03 -2.1650E-02 -4.8787E-02
  2.7528E+03 -2.1614E-02 -4.8609E-02
  2.7550E+03 -2.1576E-02 -4.8431E-02
  2.7572E+03 -2.1532E-02 -4.8254E-02
  2.7594E+03 -2.1484E-02 -4.8077E-02
  2.7616E+03 -2.1431E-02 -4.7901E-02
  2.7638E+03 -2.1377E-02 -4.7725E-02
  2.7660E+03 -2.1326E-02 -4.7550E-02
  2.7682E+03 -2.1279E-02 -4.7375E-02
  2.7704E+03 -2.1236E-02 -4.7200E-02
  2.7725E+03 -2.1197E-02 -4.7026E-02
  2.7747E+03 -2.1157E-02 -4.6852E-02
  2.7769E+03 -2.1115E-02 -4.6679E-02
  2.7791E+03 -2.1067E-02 -4.6506E-02
  2.7813E+03 -2.1014E-02 -4.6333E-02
  2.7835E+03 -2.0958E-02 -4.6161E-02
  2.7857E+03 -2.0901E-02 -4.5990E-02
  2.7879E+03 -2.0847E-02 -4.5819E-02
  2.7901E+03 -2.0797E-02 -4.5648E-02
  2.7923E+03 -2.0752E-02 -4.5478E-02
  2.7944E+03 -2.0709E-02 -4.5308E-02
  2.7966E+03 -2.0665E-02 -4.5138E-02
  2.7988E+03 -2.0619E-02 -4.4969E-02
  2.8010E+03 -2.0567E-02 -4.4801E-02
  2.8032E+03 -2.0511E-02 -4.4633E-02
  2.8054E+03 -2.0451E-02 -4.4465E-02
  2.8076E+03 -2.0391E-02 -4.4297E-02
  2.8098E+03 -2.0334E-02 -4.4131E-02
  2.8120E+03 -2.0281E-02 -4.3964E-02
  2.8142E+03 -2.0233E-02 -4.3798E-02
  2.8163E+03 -2.0187E-02 -4.3633E-02
  2.8185E+03 -2.0140E-02 -4.3468E-02
  2.8207E+03 -2.0090E-02 -4.3303E-02
  2.8229E+03 -2.0035E-02 -4.3139E-02
  2.8251E+03 -1.9975E-02 -4.2975E-02
  2.8273E+03 -1.9911E-02 -4.2811E-02
  2.8295E+03 -1.9848E-02 -4.2648E-02
  2.8317E+03 -1.9787E-02 -4.2486E-02
  2.8339E+03 -1.9732E-02 -4.2324E-02
  2.8361E+03 -1.9681E-02 -4.2162E-02
  2.8382E+03 -1.9633E-02 -4.2001E-02
  2.8404E+03 -1.9584E-02 -4.1841E-02
  2.8426E+03 -1.9531E-02 -4.1680E-02
  2.8448E+03 -1.9473E-02 -4.1520E-02
  2.8470E+03 -1.9409E-02 -4.1361E-02
  2.8492E+03 -1.9342E-02 -4.1202E-02
  2.8514E+03 -1.9275E-02 -4.1043E-02
  2.8536E+03 -1.9211E-02 -4.0885E-02
  2.8558E+03 -1.9153E-02 -4.0727E-02
  2.8580E+03 -1.9099E-02 -4.0570E-02
  2.8601E+03 -1.9049E-02 -4.0413E-02
  2.8623E+03 -1.8998E-02 -4.0257E-02
  2.8645E+03 -1.8943E-02 -4.0101E-02
  2.8667E+03 -1.8883E-02 -3.9945E-02
  2.8689E+03 -1.8816E-02 -3.9790E-02
  2.8711E+03 -1.8746E-02 -3.9635E-02
  2.8733E+03 -1.8676E-02 -3.9481E-02
  2.8755E+03 -1.8608E-02 -3.9327E-02
  2.8777E+03 -1.8546E-02 -3.9174E-02
  2.8799E+03 -1.8490E-02 -3.9021E-02
  2.8820E+03 -1.8437E-02 -3.8868E-02
  2.8842E+03 -1.8384E-02 -3.8716E-02
  2.8864E+03 -1.8328E-02 -3.8565E-02
  2.8886E+03 -1.8266E-02 -3.8413E-02
  2.8908E+03 -1.8197E-02 -3.8262E-02
  2.8930E+03 -1.8124E-02 -3.8112E-02
  2.8952E+03 -1.8051E-02 -3.7962E-02
  2.8974E+03 -1.7980E-02 -3.7813E-02
  2.8996E+03 -1.7915E-02 -3.7664E-02
  2.9018E+03 -1.7856E-02 -3.7515E-02
  2.9039E+03 -1.7800E-02 -3.7367E-02
  2.9061E+03 -1.7745E-02 -3.7219E-02
  2.9083E+03 -1.7688E-02 -3.7072E-02
  2.9105E+03 -1.7624E-02 -3.6925E-02
  2.9127E+03 -1.7554E-02 -3.6778E-02
  2.9149E+03 -1.7479E-02 -3.6632E-02
  2.9171E+03 -1.7403E-02 -3.6487E-02
  2.9193E+03 -1.7329E-02 -3.6341E-02
  2.9215E+03 -1.7261E-02 -3.6197E-02
  2.9237E+03 -1.7198E-02 -3.6053E-02
  2.9258E+03 -1.7140E-02 -3.5909E-02
  2.9280E+03 -1.7083E-02 -3.5765E-02
  2.9302E+03 -1.7024E-02 -3.5622E-02
  2.9324E+03 -1.6958E-02 -3.5480E-02
  2.9346E+03 -1.6887E-02 -3.5338E-02
  2.9368E+03 -1.6811E-02 -3.5196E-02
  2.9390E+03 -1.6732E-02 -3.5054E-02
  2.9412E+03 -1.6656E-02 -3.4914E-02
  2.9434E+03 -1.6585E-02 -3.4773E-02
  2.9456E+03 -1.6519E-02 -3.4633E-02
  2.9477E+03 -1.6458E-02 -3.4494E-02
  2.9499E+03 -1.6399E-02 -3.4355E-02
  2.9521E+03 -1.6338E-02 -3.4216E-02
  2.9543E+03 -1.6271E-02 -3.4078E-02
  2.9565E+03 -1.6198E-02 -3.3940E-02
  2.9587E+03 -1.6121E-02 -3.3802E-02
  2.9609E+03 -1.6041E-02 -3.3665E-02
  2.9631E+03 -1.5963E-02 -3.3529E-02
  2.9653E+03 -1.5889E-02 -3.3393E-02
  2.9675E+03 -1.5821E-02 -3.3257E-02
  2.9696E+03 -1.5757E-02 -3.3122E-02
  2.9718E+03 -1.5694E-02 -3.2987E-02
  2.9740E+03 -1.5631E-02 -3.2853E-02
  2.9762E+03 -1.5563E-02 -3.2719E-02
  2.9784E+03 -1.5489E-02 -3.2585E-02
  2.9806E+03 -1.5410E-02 -3.2452E-02
  2.9828E+03 -1.5330E-02 -3.2319E-02
  2.9850E+03 -1.5250E-02 -3.2187E-02
  2.9872E+03 -1.5174E-02 -3.2055E-02
  2.9894E+03 -1.5102E-02 -3.1924E-02
  2.9915E+03 -1.5035E-02 -3.1793E-02
  2.9937E+03 -1.4970E-02 -3.1663E-02
  2.9959E+03 -1.4904E-02 -3.1533E-02
  2.9981E+03 -1.4834E-02 -3.1403E-02
  3.0000E+03 -1.4770E-02 -3.1291E-02
