# CREATED BY GENE DIAGNOSTICS TOOL on Wed Dec 16 19:11:08 2020
# diag: timetrace, run(s): 0028, time window: 0-3000(1430 steps), species: ions
# original data path: /marconi_scratch/userexternal/cmoreno0/GAM_HP_scan/scanfiles0002/
# normalization: L_ref=1.65m
#
#  t          Re[phi]     Im[phi]   
  0.0000E+00  9.9997E-01  0.0000E+00
  2.1000E+00  9.2561E-01 -2.4463E-03
  4.2000E+00  8.2711E-01 -4.0469E-03
  6.3000E+00  7.7656E-01 -5.7638E-03
  8.4000E+00  7.4445E-01 -7.3626E-03
  1.0500E+01  7.1108E-01 -8.6616E-03
  1.2600E+01  6.7832E-01 -9.6067E-03
  1.4700E+01  6.5078E-01 -1.0253E-02
  1.6800E+01  6.2993E-01 -1.0730E-02
  1.8900E+01  6.1574E-01 -1.1200E-02
  2.1000E+01  6.0784E-01 -1.1803E-02
  2.3100E+01  6.0546E-01 -1.2614E-02
  2.5200E+01  6.0739E-01 -1.3656E-02
  2.7300E+01  6.1205E-01 -1.4903E-02
  2.9400E+01  6.1789E-01 -1.6253E-02
  3.1500E+01  6.2362E-01 -1.7634E-02
  3.3600E+01  6.2835E-01 -1.8978E-02
  3.5700E+01  6.3158E-01 -2.0252E-02
  3.7800E+01  6.3281E-01 -2.1378E-02
  3.9900E+01  6.3248E-01 -2.2414E-02
  4.2000E+01  6.3051E-01 -2.3380E-02
  4.4100E+01  6.2714E-01 -2.4197E-02
  4.6200E+01  6.2385E-01 -2.5050E-02
  4.8300E+01  6.1991E-01 -2.5861E-02
  5.0400E+01  6.1589E-01 -2.6668E-02
  5.2500E+01  6.1239E-01 -2.7521E-02
  5.4600E+01  6.0930E-01 -2.8391E-02
  5.6700E+01  6.0648E-01 -2.9279E-02
  5.8800E+01  6.0405E-01 -3.0186E-02
  6.0900E+01  6.0207E-01 -3.1154E-02
  6.3000E+01  5.9985E-01 -3.2073E-02
  6.5100E+01  5.9831E-01 -3.3055E-02
  6.7200E+01  5.9707E-01 -3.4038E-02
  6.9300E+01  5.9570E-01 -3.4966E-02
  7.1400E+01  5.9483E-01 -3.5979E-02
  7.3500E+01  5.9362E-01 -3.6968E-02
  7.5600E+01  5.9150E-01 -3.7812E-02
  7.7700E+01  5.8979E-01 -3.8693E-02
  7.9800E+01  5.8897E-01 -3.9647E-02
  8.1900E+01  5.8829E-01 -4.0591E-02
  8.4000E+01  5.8728E-01 -4.1487E-02
  8.6100E+01  5.8623E-01 -4.2380E-02
  8.8200E+01  5.8530E-01 -4.3287E-02
  9.0300E+01  5.8445E-01 -4.4196E-02
  9.2400E+01  5.8356E-01 -4.5096E-02
  9.4500E+01  5.8253E-01 -4.5972E-02
  9.6600E+01  5.8149E-01 -4.6845E-02
  9.8700E+01  5.8049E-01 -4.7724E-02
  1.0080E+02  5.7949E-01 -4.8604E-02
  1.0290E+02  5.7845E-01 -4.9479E-02
  1.0500E+02  5.7743E-01 -5.0350E-02
  1.0710E+02  5.7644E-01 -5.1216E-02
  1.0920E+02  5.7547E-01 -5.2078E-02
  1.1130E+02  5.7450E-01 -5.2934E-02
  1.1340E+02  5.7350E-01 -5.3780E-02
  1.1550E+02  5.7244E-01 -5.4620E-02
  1.1760E+02  5.7133E-01 -5.5456E-02
  1.1970E+02  5.7016E-01 -5.6288E-02
  1.2180E+02  5.6896E-01 -5.7117E-02
  1.2390E+02  5.6777E-01 -5.7935E-02
  1.2600E+02  5.6661E-01 -5.8752E-02
  1.2810E+02  5.6548E-01 -5.9567E-02
  1.3020E+02  5.6431E-01 -6.0374E-02
  1.3230E+02  5.6312E-01 -6.1178E-02
  1.3440E+02  5.6192E-01 -6.1979E-02
  1.3650E+02  5.6074E-01 -6.2776E-02
  1.3860E+02  5.5961E-01 -6.3572E-02
  1.4070E+02  5.5849E-01 -6.4365E-02
  1.4280E+02  5.5738E-01 -6.5154E-02
  1.4490E+02  5.5630E-01 -6.5946E-02
  1.4700E+02  5.5524E-01 -6.6734E-02
  1.4910E+02  5.5418E-01 -6.7516E-02
  1.5120E+02  5.5311E-01 -6.8299E-02
  1.5330E+02  5.5202E-01 -6.9081E-02
  1.5540E+02  5.5091E-01 -6.9860E-02
  1.5750E+02  5.4984E-01 -7.0635E-02
  1.5960E+02  5.4888E-01 -7.1408E-02
  1.6170E+02  5.4802E-01 -7.2181E-02
  1.6380E+02  5.4719E-01 -7.2951E-02
  1.6590E+02  5.4632E-01 -7.3718E-02
  1.6800E+02  5.4539E-01 -7.4485E-02
  1.7010E+02  5.4440E-01 -7.5249E-02
  1.7220E+02  5.4342E-01 -7.6011E-02
  1.7430E+02  5.4246E-01 -7.6771E-02
  1.7640E+02  5.4154E-01 -7.7528E-02
  1.7850E+02  5.4062E-01 -7.8283E-02
  1.8060E+02  5.3971E-01 -7.9035E-02
  1.8270E+02  5.3879E-01 -7.9785E-02
  1.8480E+02  5.3787E-01 -8.0532E-02
  1.8690E+02  5.3696E-01 -8.1277E-02
  1.8900E+02  5.3606E-01 -8.2019E-02
  1.9110E+02  5.3519E-01 -8.2760E-02
  1.9320E+02  5.3432E-01 -8.3498E-02
  1.9530E+02  5.3346E-01 -8.4234E-02
  1.9740E+02  5.3260E-01 -8.4968E-02
  1.9950E+02  5.3175E-01 -8.5699E-02
  2.0160E+02  5.3089E-01 -8.6428E-02
  2.0370E+02  5.3004E-01 -8.7154E-02
  2.0580E+02  5.2920E-01 -8.7879E-02
  2.0790E+02  5.2836E-01 -8.8602E-02
  2.1000E+02  5.2752E-01 -8.9323E-02
  2.1210E+02  5.2668E-01 -9.0042E-02
  2.1420E+02  5.2584E-01 -9.0759E-02
  2.1630E+02  5.2501E-01 -9.1473E-02
  2.1840E+02  5.2417E-01 -9.2186E-02
  2.2050E+02  5.2334E-01 -9.2897E-02
  2.2260E+02  5.2252E-01 -9.3606E-02
  2.2470E+02  5.2170E-01 -9.4313E-02
  2.2680E+02  5.2089E-01 -9.5019E-02
  2.2890E+02  5.2008E-01 -9.5722E-02
  2.3100E+02  5.1928E-01 -9.6424E-02
  2.3310E+02  5.1849E-01 -9.7125E-02
  2.3520E+02  5.1771E-01 -9.7823E-02
  2.3730E+02  5.1694E-01 -9.8521E-02
  2.3940E+02  5.1618E-01 -9.9216E-02
  2.4150E+02  5.1544E-01 -9.9910E-02
  2.4360E+02  5.1471E-01 -1.0060E-01
  2.4570E+02  5.1400E-01 -1.0129E-01
  2.4780E+02  5.1328E-01 -1.0198E-01
  2.4990E+02  5.1254E-01 -1.0267E-01
  2.5200E+02  5.1176E-01 -1.0335E-01
  2.5410E+02  5.1094E-01 -1.0403E-01
  2.5620E+02  5.1008E-01 -1.0471E-01
  2.5830E+02  5.0920E-01 -1.0539E-01
  2.6040E+02  5.0831E-01 -1.0607E-01
  2.6250E+02  5.0743E-01 -1.0674E-01
  2.6460E+02  5.0661E-01 -1.0742E-01
  2.6670E+02  5.0585E-01 -1.0809E-01
  2.6880E+02  5.0517E-01 -1.0876E-01
  2.7090E+02  5.0456E-01 -1.0943E-01
  2.7300E+02  5.0398E-01 -1.1009E-01
  2.7510E+02  5.0341E-01 -1.1076E-01
  2.7720E+02  5.0281E-01 -1.1142E-01
  2.7930E+02  5.0214E-01 -1.1208E-01
  2.8140E+02  5.0135E-01 -1.1274E-01
  2.8350E+02  5.0044E-01 -1.1340E-01
  2.8560E+02  4.9944E-01 -1.1406E-01
  2.8770E+02  4.9840E-01 -1.1471E-01
  2.8980E+02  4.9738E-01 -1.1536E-01
  2.9190E+02  4.9644E-01 -1.1601E-01
  2.9400E+02  4.9561E-01 -1.1666E-01
  2.9610E+02  4.9492E-01 -1.1731E-01
  2.9820E+02  4.9441E-01 -1.1795E-01
  3.0030E+02  4.9403E-01 -1.1860E-01
  3.0240E+02  4.9373E-01 -1.1924E-01
  3.0450E+02  4.9339E-01 -1.1988E-01
  3.0660E+02  4.9292E-01 -1.2052E-01
  3.0870E+02  4.9225E-01 -1.2117E-01
  3.1080E+02  4.9136E-01 -1.2180E-01
  3.1290E+02  4.9026E-01 -1.2244E-01
  3.1500E+02  4.8896E-01 -1.2307E-01
  3.1710E+02  4.8752E-01 -1.2370E-01
  3.1920E+02  4.8603E-01 -1.2432E-01
  3.2130E+02  4.8462E-01 -1.2494E-01
  3.2340E+02  4.8341E-01 -1.2556E-01
  3.2550E+02  4.8253E-01 -1.2618E-01
  3.2760E+02  4.8202E-01 -1.2680E-01
  3.2970E+02  4.8186E-01 -1.2741E-01
  3.3180E+02  4.8197E-01 -1.2803E-01
  3.3390E+02  4.8224E-01 -1.2865E-01
  3.3600E+02  4.8253E-01 -1.2927E-01
  3.3810E+02  4.8270E-01 -1.2989E-01
  3.4020E+02  4.8260E-01 -1.3051E-01
  3.4230E+02  4.8214E-01 -1.3113E-01
  3.4440E+02  4.8126E-01 -1.3174E-01
  3.4650E+02  4.7995E-01 -1.3235E-01
  3.4860E+02  4.7829E-01 -1.3296E-01
  3.5070E+02  4.7639E-01 -1.3356E-01
  3.5280E+02  4.7441E-01 -1.3415E-01
  3.5490E+02  4.7250E-01 -1.3474E-01
  3.5700E+02  4.7084E-01 -1.3533E-01
  3.5910E+02  4.6954E-01 -1.3592E-01
  3.6120E+02  4.6867E-01 -1.3650E-01
  3.6330E+02  4.6825E-01 -1.3709E-01
  3.6540E+02  4.6822E-01 -1.3768E-01
  3.6750E+02  4.6849E-01 -1.3827E-01
  3.6960E+02  4.6892E-01 -1.3886E-01
  3.7170E+02  4.6934E-01 -1.3945E-01
  3.7380E+02  4.6961E-01 -1.4004E-01
  3.7590E+02  4.6961E-01 -1.4063E-01
  3.7800E+02  4.6924E-01 -1.4122E-01
  3.8010E+02  4.6847E-01 -1.4180E-01
  3.8220E+02  4.6731E-01 -1.4238E-01
  3.8430E+02  4.6583E-01 -1.4296E-01
  3.8640E+02  4.6415E-01 -1.4353E-01
  3.8850E+02  4.6239E-01 -1.4410E-01
  3.9060E+02  4.6069E-01 -1.4466E-01
  3.9270E+02  4.5915E-01 -1.4522E-01
  3.9480E+02  4.5787E-01 -1.4578E-01
  3.9690E+02  4.5691E-01 -1.4634E-01
  3.9900E+02  4.5626E-01 -1.4689E-01
  4.0110E+02  4.5589E-01 -1.4745E-01
  4.0320E+02  4.5572E-01 -1.4801E-01
  4.0530E+02  4.5567E-01 -1.4857E-01
  4.0740E+02  4.5563E-01 -1.4913E-01
  4.0950E+02  4.5553E-01 -1.4969E-01
  4.1160E+02  4.5526E-01 -1.5025E-01
  4.1370E+02  4.5478E-01 -1.5080E-01
  4.1580E+02  4.5407E-01 -1.5135E-01
  4.1790E+02  4.5315E-01 -1.5190E-01
  4.2000E+02  4.5207E-01 -1.5244E-01
  4.2210E+02  4.5088E-01 -1.5298E-01
  4.2420E+02  4.4964E-01 -1.5352E-01
  4.2630E+02  4.4842E-01 -1.5406E-01
  4.2840E+02  4.4729E-01 -1.5459E-01
  4.3050E+02  4.4630E-01 -1.5512E-01
  4.3260E+02  4.4545E-01 -1.5565E-01
  4.3470E+02  4.4475E-01 -1.5618E-01
  4.3680E+02  4.4416E-01 -1.5671E-01
  4.3890E+02  4.4367E-01 -1.5724E-01
  4.4100E+02  4.4322E-01 -1.5777E-01
  4.4310E+02  4.4277E-01 -1.5830E-01
  4.4520E+02  4.4228E-01 -1.5883E-01
  4.4730E+02  4.4171E-01 -1.5935E-01
  4.4940E+02  4.4105E-01 -1.5988E-01
  4.5150E+02  4.4030E-01 -1.6039E-01
  4.5360E+02  4.3948E-01 -1.6091E-01
  4.5570E+02  4.3861E-01 -1.6142E-01
  4.5780E+02  4.3770E-01 -1.6193E-01
  4.5990E+02  4.3679E-01 -1.6244E-01
  4.6200E+02  4.3589E-01 -1.6295E-01
  4.6410E+02  4.3505E-01 -1.6345E-01
  4.6620E+02  4.3426E-01 -1.6395E-01
  4.6830E+02  4.3354E-01 -1.6446E-01
  4.7040E+02  4.3285E-01 -1.6496E-01
  4.7250E+02  4.3218E-01 -1.6546E-01
  4.7460E+02  4.3153E-01 -1.6596E-01
  4.7670E+02  4.3088E-01 -1.6646E-01
  4.7880E+02  4.3022E-01 -1.6695E-01
  4.8090E+02  4.2955E-01 -1.6745E-01
  4.8300E+02  4.2885E-01 -1.6794E-01
  4.8510E+02  4.2812E-01 -1.6843E-01
  4.8720E+02  4.2736E-01 -1.6892E-01
  4.8930E+02  4.2658E-01 -1.6940E-01
  4.9140E+02  4.2579E-01 -1.6988E-01
  4.9350E+02  4.2500E-01 -1.7036E-01
  4.9560E+02  4.2423E-01 -1.7084E-01
  4.9770E+02  4.2346E-01 -1.7132E-01
  4.9980E+02  4.2271E-01 -1.7180E-01
  5.0190E+02  4.2197E-01 -1.7227E-01
  5.0400E+02  4.2124E-01 -1.7274E-01
  5.0610E+02  4.2052E-01 -1.7321E-01
  5.0820E+02  4.1981E-01 -1.7368E-01
  5.1030E+02  4.1910E-01 -1.7415E-01
  5.1240E+02  4.1837E-01 -1.7462E-01
  5.1450E+02  4.1764E-01 -1.7508E-01
  5.1660E+02  4.1690E-01 -1.7554E-01
  5.1870E+02  4.1615E-01 -1.7600E-01
  5.2080E+02  4.1540E-01 -1.7646E-01
  5.2290E+02  4.1464E-01 -1.7692E-01
  5.2500E+02  4.1387E-01 -1.7737E-01
  5.2710E+02  4.1312E-01 -1.7782E-01
  5.2920E+02  4.1238E-01 -1.7828E-01
  5.3130E+02  4.1164E-01 -1.7872E-01
  5.3340E+02  4.1092E-01 -1.7917E-01
  5.3550E+02  4.1019E-01 -1.7962E-01
  5.3760E+02  4.0947E-01 -1.8006E-01
  5.3970E+02  4.0874E-01 -1.8050E-01
  5.4180E+02  4.0801E-01 -1.8094E-01
  5.4390E+02  4.0727E-01 -1.8138E-01
  5.4600E+02  4.0651E-01 -1.8182E-01
  5.4810E+02  4.0575E-01 -1.8225E-01
  5.5020E+02  4.0500E-01 -1.8268E-01
  5.5230E+02  4.0425E-01 -1.8311E-01
  5.5440E+02  4.0350E-01 -1.8354E-01
  5.5650E+02  4.0277E-01 -1.8397E-01
  5.5860E+02  4.0205E-01 -1.8440E-01
  5.6070E+02  4.0134E-01 -1.8482E-01
  5.6280E+02  4.0065E-01 -1.8524E-01
  5.6490E+02  3.9995E-01 -1.8566E-01
  5.6700E+02  3.9924E-01 -1.8608E-01
  5.6910E+02  3.9852E-01 -1.8649E-01
  5.7120E+02  3.9779E-01 -1.8691E-01
  5.7330E+02  3.9704E-01 -1.8732E-01
  5.7540E+02  3.9628E-01 -1.8773E-01
  5.7750E+02  3.9552E-01 -1.8814E-01
  5.7960E+02  3.9475E-01 -1.8855E-01
  5.8170E+02  3.9400E-01 -1.8895E-01
  5.8380E+02  3.9327E-01 -1.8936E-01
  5.8590E+02  3.9256E-01 -1.8976E-01
  5.8800E+02  3.9187E-01 -1.9016E-01
  5.9010E+02  3.9119E-01 -1.9056E-01
  5.9220E+02  3.9051E-01 -1.9095E-01
  5.9430E+02  3.8983E-01 -1.9135E-01
  5.9640E+02  3.8913E-01 -1.9174E-01
  5.9850E+02  3.8841E-01 -1.9213E-01
  6.0060E+02  3.8765E-01 -1.9252E-01
  6.0270E+02  3.8687E-01 -1.9291E-01
  6.0480E+02  3.8608E-01 -1.9329E-01
  6.0690E+02  3.8529E-01 -1.9367E-01
  6.0900E+02  3.8450E-01 -1.9406E-01
  6.1110E+02  3.8374E-01 -1.9443E-01
  6.1320E+02  3.8299E-01 -1.9481E-01
  6.1530E+02  3.8228E-01 -1.9519E-01
  6.1740E+02  3.8161E-01 -1.9556E-01
  6.1950E+02  3.8096E-01 -1.9593E-01
  6.2160E+02  3.8031E-01 -1.9630E-01
  6.2370E+02  3.7964E-01 -1.9667E-01
  6.2580E+02  3.7894E-01 -1.9704E-01
  6.2790E+02  3.7821E-01 -1.9741E-01
  6.3000E+02  3.7744E-01 -1.9777E-01
  6.3210E+02  3.7663E-01 -1.9813E-01
  6.3420E+02  3.7580E-01 -1.9849E-01
  6.3630E+02  3.7496E-01 -1.9885E-01
  6.3840E+02  3.7412E-01 -1.9920E-01
  6.4050E+02  3.7332E-01 -1.9956E-01
  6.4260E+02  3.7255E-01 -1.9991E-01
  6.4470E+02  3.7184E-01 -2.0026E-01
  6.4680E+02  3.7117E-01 -2.0061E-01
  6.4890E+02  3.7055E-01 -2.0095E-01
  6.5100E+02  3.6994E-01 -2.0130E-01
  6.5310E+02  3.6932E-01 -2.0164E-01
  6.5520E+02  3.6867E-01 -2.0198E-01
  6.5730E+02  3.6797E-01 -2.0232E-01
  6.5940E+02  3.6721E-01 -2.0266E-01
  6.6150E+02  3.6638E-01 -2.0300E-01
  6.6360E+02  3.6551E-01 -2.0333E-01
  6.6570E+02  3.6460E-01 -2.0366E-01
  6.6780E+02  3.6368E-01 -2.0399E-01
  6.6990E+02  3.6280E-01 -2.0432E-01
  6.7200E+02  3.6197E-01 -2.0465E-01
  6.7410E+02  3.6121E-01 -2.0497E-01
  6.7620E+02  3.6055E-01 -2.0529E-01
  6.7830E+02  3.5996E-01 -2.0561E-01
  6.8040E+02  3.5945E-01 -2.0593E-01
  6.8250E+02  3.5897E-01 -2.0625E-01
  6.8460E+02  3.5849E-01 -2.0657E-01
  6.8670E+02  3.5798E-01 -2.0689E-01
  6.8880E+02  3.5739E-01 -2.0720E-01
  6.9090E+02  3.5670E-01 -2.0751E-01
  6.9300E+02  3.5590E-01 -2.0782E-01
  6.9510E+02  3.5500E-01 -2.0813E-01
  6.9720E+02  3.5402E-01 -2.0844E-01
  6.9930E+02  3.5298E-01 -2.0874E-01
  7.0140E+02  3.5195E-01 -2.0904E-01
  7.0350E+02  3.5096E-01 -2.0934E-01
  7.0560E+02  3.5006E-01 -2.0963E-01
  7.0770E+02  3.4927E-01 -2.0993E-01
  7.0980E+02  3.4862E-01 -2.1022E-01
  7.1190E+02  3.4809E-01 -2.1051E-01
  7.1400E+02  3.4767E-01 -2.1080E-01
  7.1610E+02  3.4732E-01 -2.1109E-01
  7.1820E+02  3.4699E-01 -2.1138E-01
  7.2030E+02  3.4663E-01 -2.1167E-01
  7.2240E+02  3.4619E-01 -2.1196E-01
  7.2450E+02  3.4564E-01 -2.1224E-01
  7.2660E+02  3.4495E-01 -2.1253E-01
  7.2870E+02  3.4412E-01 -2.1281E-01
  7.3080E+02  3.4317E-01 -2.1309E-01
  7.3290E+02  3.4212E-01 -2.1336E-01
  7.3500E+02  3.4103E-01 -2.1363E-01
  7.3710E+02  3.3995E-01 -2.1390E-01
  7.3920E+02  3.3893E-01 -2.1417E-01
  7.4130E+02  3.3801E-01 -2.1444E-01
  7.4340E+02  3.3721E-01 -2.1470E-01
  7.4550E+02  3.3656E-01 -2.1496E-01
  7.4760E+02  3.3604E-01 -2.1523E-01
  7.4970E+02  3.3562E-01 -2.1549E-01
  7.5180E+02  3.3527E-01 -2.1575E-01
  7.5390E+02  3.3493E-01 -2.1601E-01
  7.5600E+02  3.3456E-01 -2.1627E-01
  7.5810E+02  3.3411E-01 -2.1653E-01
  7.6020E+02  3.3356E-01 -2.1678E-01
  7.6230E+02  3.3288E-01 -2.1704E-01
  7.6440E+02  3.3208E-01 -2.1729E-01
  7.6650E+02  3.3117E-01 -2.1754E-01
  7.6860E+02  3.3018E-01 -2.1778E-01
  7.7070E+02  3.2916E-01 -2.1802E-01
  7.7280E+02  3.2815E-01 -2.1827E-01
  7.7490E+02  3.2718E-01 -2.1850E-01
  7.7700E+02  3.2629E-01 -2.1874E-01
  7.7910E+02  3.2549E-01 -2.1898E-01
  7.8120E+02  3.2480E-01 -2.1921E-01
  7.8330E+02  3.2421E-01 -2.1945E-01
  7.8540E+02  3.2369E-01 -2.1968E-01
  7.8750E+02  3.2322E-01 -2.1991E-01
  7.8960E+02  3.2276E-01 -2.2014E-01
  7.9170E+02  3.2228E-01 -2.2037E-01
  7.9380E+02  3.2174E-01 -2.2060E-01
  7.9590E+02  3.2114E-01 -2.2083E-01
  7.9800E+02  3.2045E-01 -2.2105E-01
  8.0010E+02  3.1968E-01 -2.2127E-01
  8.0220E+02  3.1885E-01 -2.2149E-01
  8.0430E+02  3.1797E-01 -2.2171E-01
  8.0640E+02  3.1706E-01 -2.2192E-01
  8.0850E+02  3.1616E-01 -2.2213E-01
  8.1060E+02  3.1529E-01 -2.2234E-01
  8.1270E+02  3.1447E-01 -2.2255E-01
  8.1480E+02  3.1371E-01 -2.2276E-01
  8.1690E+02  3.1301E-01 -2.2297E-01
  8.1900E+02  3.1237E-01 -2.2317E-01
  8.2110E+02  3.1177E-01 -2.2338E-01
  8.2320E+02  3.1119E-01 -2.2358E-01
  8.2530E+02  3.1062E-01 -2.2378E-01
  8.2740E+02  3.1003E-01 -2.2398E-01
  8.2950E+02  3.0940E-01 -2.2418E-01
  8.3160E+02  3.0874E-01 -2.2438E-01
  8.3370E+02  3.0804E-01 -2.2457E-01
  8.3580E+02  3.0729E-01 -2.2477E-01
  8.3790E+02  3.0651E-01 -2.2496E-01
  8.4000E+02  3.0571E-01 -2.2515E-01
  8.4210E+02  3.0491E-01 -2.2533E-01
  8.4420E+02  3.0411E-01 -2.2552E-01
  8.4630E+02  3.0334E-01 -2.2570E-01
  8.4840E+02  3.0260E-01 -2.2588E-01
  8.5050E+02  3.0189E-01 -2.2606E-01
  8.5260E+02  3.0121E-01 -2.2624E-01
  8.5470E+02  3.0056E-01 -2.2642E-01
  8.5680E+02  2.9992E-01 -2.2660E-01
  8.5890E+02  2.9928E-01 -2.2677E-01
  8.6100E+02  2.9863E-01 -2.2695E-01
  8.6310E+02  2.9798E-01 -2.2712E-01
  8.6520E+02  2.9730E-01 -2.2729E-01
  8.6730E+02  2.9661E-01 -2.2746E-01
  8.6940E+02  2.9590E-01 -2.2762E-01
  8.7150E+02  2.9518E-01 -2.2779E-01
  8.7360E+02  2.9446E-01 -2.2795E-01
  8.7570E+02  2.9373E-01 -2.2811E-01
  8.7780E+02  2.9302E-01 -2.2827E-01
  8.7990E+02  2.9231E-01 -2.2843E-01
  8.8200E+02  2.9161E-01 -2.2859E-01
  8.8410E+02  2.9092E-01 -2.2874E-01
  8.8620E+02  2.9024E-01 -2.2890E-01
  8.8830E+02  2.8958E-01 -2.2905E-01
  8.9040E+02  2.8891E-01 -2.2920E-01
  8.9250E+02  2.8824E-01 -2.2935E-01
  8.9460E+02  2.8757E-01 -2.2950E-01
  8.9670E+02  2.8690E-01 -2.2964E-01
  8.9880E+02  2.8623E-01 -2.2979E-01
  9.0090E+02  2.8555E-01 -2.2993E-01
  9.0300E+02  2.8487E-01 -2.3007E-01
  9.0510E+02  2.8420E-01 -2.3021E-01
  9.0720E+02  2.8352E-01 -2.3035E-01
  9.0930E+02  2.8285E-01 -2.3049E-01
  9.1140E+02  2.8218E-01 -2.3062E-01
  9.1350E+02  2.8151E-01 -2.3076E-01
  9.1560E+02  2.8084E-01 -2.3089E-01
  9.1770E+02  2.8016E-01 -2.3102E-01
  9.1980E+02  2.7949E-01 -2.3115E-01
  9.2190E+02  2.7881E-01 -2.3128E-01
  9.2400E+02  2.7814E-01 -2.3140E-01
  9.2610E+02  2.7747E-01 -2.3153E-01
  9.2820E+02  2.7680E-01 -2.3165E-01
  9.3030E+02  2.7614E-01 -2.3177E-01
  9.3240E+02  2.7548E-01 -2.3190E-01
  9.3450E+02  2.7483E-01 -2.3201E-01
  9.3660E+02  2.7418E-01 -2.3213E-01
  9.3870E+02  2.7353E-01 -2.3225E-01
  9.4080E+02  2.7289E-01 -2.3236E-01
  9.4290E+02  2.7224E-01 -2.3247E-01
  9.4500E+02  2.7159E-01 -2.3259E-01
  9.4710E+02  2.7092E-01 -2.3270E-01
  9.4920E+02  2.7025E-01 -2.3280E-01
  9.5130E+02  2.6958E-01 -2.3291E-01
  9.5340E+02  2.6891E-01 -2.3302E-01
  9.5550E+02  2.6823E-01 -2.3312E-01
  9.5760E+02  2.6756E-01 -2.3322E-01
  9.5970E+02  2.6690E-01 -2.3333E-01
  9.6180E+02  2.6625E-01 -2.3343E-01
  9.6390E+02  2.6561E-01 -2.3352E-01
  9.6600E+02  2.6498E-01 -2.3362E-01
  9.6810E+02  2.6435E-01 -2.3372E-01
  9.7020E+02  2.6373E-01 -2.3381E-01
  9.7230E+02  2.6310E-01 -2.3390E-01
  9.7440E+02  2.6247E-01 -2.3400E-01
  9.7650E+02  2.6182E-01 -2.3409E-01
  9.7860E+02  2.6116E-01 -2.3417E-01
  9.8070E+02  2.6050E-01 -2.3426E-01
  9.8280E+02  2.5982E-01 -2.3435E-01
  9.8490E+02  2.5914E-01 -2.3443E-01
  9.8700E+02  2.5846E-01 -2.3451E-01
  9.8910E+02  2.5779E-01 -2.3459E-01
  9.9120E+02  2.5714E-01 -2.3467E-01
  9.9330E+02  2.5650E-01 -2.3475E-01
  9.9540E+02  2.5588E-01 -2.3483E-01
  9.9750E+02  2.5527E-01 -2.3491E-01
  9.9960E+02  2.5466E-01 -2.3498E-01
  1.0017E+03  2.5406E-01 -2.3505E-01
  1.0038E+03  2.5345E-01 -2.3513E-01
  1.0059E+03  2.5282E-01 -2.3520E-01
  1.0080E+03  2.5218E-01 -2.3526E-01
  1.0101E+03  2.5152E-01 -2.3533E-01
  1.0122E+03  2.5085E-01 -2.3540E-01
  1.0143E+03  2.5016E-01 -2.3546E-01
  1.0164E+03  2.4947E-01 -2.3553E-01
  1.0185E+03  2.4878E-01 -2.3559E-01
  1.0206E+03  2.4811E-01 -2.3565E-01
  1.0227E+03  2.4746E-01 -2.3571E-01
  1.0248E+03  2.4683E-01 -2.3577E-01
  1.0269E+03  2.4623E-01 -2.3582E-01
  1.0290E+03  2.4564E-01 -2.3588E-01
  1.0311E+03  2.4507E-01 -2.3593E-01
  1.0332E+03  2.4450E-01 -2.3598E-01
  1.0353E+03  2.4392E-01 -2.3604E-01
  1.0374E+03  2.4332E-01 -2.3609E-01
  1.0395E+03  2.4269E-01 -2.3614E-01
  1.0416E+03  2.4204E-01 -2.3618E-01
  1.0437E+03  2.4136E-01 -2.3623E-01
  1.0458E+03  2.4065E-01 -2.3627E-01
  1.0479E+03  2.3994E-01 -2.3632E-01
  1.0500E+03  2.3922E-01 -2.3636E-01
  1.0521E+03  2.3852E-01 -2.3640E-01
  1.0542E+03  2.3784E-01 -2.3644E-01
  1.0563E+03  2.3720E-01 -2.3647E-01
  1.0584E+03  2.3659E-01 -2.3651E-01
  1.0605E+03  2.3602E-01 -2.3655E-01
  1.0626E+03  2.3548E-01 -2.3658E-01
  1.0647E+03  2.3496E-01 -2.3661E-01
  1.0668E+03  2.3444E-01 -2.3665E-01
  1.0689E+03  2.3390E-01 -2.3668E-01
  1.0710E+03  2.3334E-01 -2.3671E-01
  1.0731E+03  2.3274E-01 -2.3673E-01
  1.0752E+03  2.3210E-01 -2.3676E-01
  1.0773E+03  2.3142E-01 -2.3679E-01
  1.0794E+03  2.3070E-01 -2.3681E-01
  1.0815E+03  2.2997E-01 -2.3683E-01
  1.0836E+03  2.2922E-01 -2.3685E-01
  1.0857E+03  2.2849E-01 -2.3687E-01
  1.0878E+03  2.2778E-01 -2.3689E-01
  1.0899E+03  2.2712E-01 -2.3691E-01
  1.0920E+03  2.2650E-01 -2.3692E-01
  1.0941E+03  2.2593E-01 -2.3694E-01
  1.0962E+03  2.2540E-01 -2.3695E-01
  1.0983E+03  2.2491E-01 -2.3697E-01
  1.1004E+03  2.2442E-01 -2.3698E-01
  1.1025E+03  2.2394E-01 -2.3699E-01
  1.1046E+03  2.2343E-01 -2.3700E-01
  1.1067E+03  2.2289E-01 -2.3701E-01
  1.1088E+03  2.2230E-01 -2.3701E-01
  1.1109E+03  2.2166E-01 -2.3702E-01
  1.1130E+03  2.2098E-01 -2.3702E-01
  1.1151E+03  2.2026E-01 -2.3703E-01
  1.1172E+03  2.1952E-01 -2.3703E-01
  1.1193E+03  2.1878E-01 -2.3703E-01
  1.1214E+03  2.1806E-01 -2.3703E-01
  1.1235E+03  2.1736E-01 -2.3702E-01
  1.1256E+03  2.1671E-01 -2.3702E-01
  1.1277E+03  2.1610E-01 -2.3701E-01
  1.1298E+03  2.1555E-01 -2.3701E-01
  1.1319E+03  2.1503E-01 -2.3700E-01
  1.1340E+03  2.1454E-01 -2.3699E-01
  1.1361E+03  2.1406E-01 -2.3699E-01
  1.1382E+03  2.1358E-01 -2.3698E-01
  1.1403E+03  2.1308E-01 -2.3697E-01
  1.1424E+03  2.1254E-01 -2.3696E-01
  1.1445E+03  2.1197E-01 -2.3694E-01
  1.1466E+03  2.1135E-01 -2.3693E-01
  1.1487E+03  2.1069E-01 -2.3691E-01
  1.1508E+03  2.1000E-01 -2.3689E-01
  1.1529E+03  2.0930E-01 -2.3688E-01
  1.1550E+03  2.0859E-01 -2.3686E-01
  1.1571E+03  2.0790E-01 -2.3683E-01
  1.1592E+03  2.0724E-01 -2.3681E-01
  1.1613E+03  2.0661E-01 -2.3679E-01
  1.1634E+03  2.0603E-01 -2.3676E-01
  1.1655E+03  2.0547E-01 -2.3674E-01
  1.1676E+03  2.0495E-01 -2.3671E-01
  1.1697E+03  2.0445E-01 -2.3669E-01
  1.1718E+03  2.0396E-01 -2.3666E-01
  1.1739E+03  2.0346E-01 -2.3663E-01
  1.1760E+03  2.0295E-01 -2.3660E-01
  1.1781E+03  2.0240E-01 -2.3657E-01
  1.1802E+03  2.0183E-01 -2.3654E-01
  1.1823E+03  2.0123E-01 -2.3650E-01
  1.1844E+03  2.0061E-01 -2.3647E-01
  1.1865E+03  1.9996E-01 -2.3643E-01
  1.1886E+03  1.9931E-01 -2.3639E-01
  1.1907E+03  1.9866E-01 -2.3635E-01
  1.1928E+03  1.9803E-01 -2.3631E-01
  1.1949E+03  1.9741E-01 -2.3627E-01
  1.1970E+03  1.9682E-01 -2.3623E-01
  1.1991E+03  1.9625E-01 -2.3619E-01
  1.2012E+03  1.9570E-01 -2.3614E-01
  1.2033E+03  1.9517E-01 -2.3610E-01
  1.2054E+03  1.9466E-01 -2.3605E-01
  1.2075E+03  1.9414E-01 -2.3601E-01
  1.2096E+03  1.9362E-01 -2.3596E-01
  1.2117E+03  1.9309E-01 -2.3591E-01
  1.2138E+03  1.9254E-01 -2.3586E-01
  1.2159E+03  1.9197E-01 -2.3581E-01
  1.2180E+03  1.9139E-01 -2.3576E-01
  1.2201E+03  1.9080E-01 -2.3571E-01
  1.2222E+03  1.9020E-01 -2.3565E-01
  1.2243E+03  1.8960E-01 -2.3560E-01
  1.2264E+03  1.8900E-01 -2.3554E-01
  1.2285E+03  1.8841E-01 -2.3548E-01
  1.2306E+03  1.8784E-01 -2.3543E-01
  1.2327E+03  1.8727E-01 -2.3537E-01
  1.2348E+03  1.8672E-01 -2.3531E-01
  1.2369E+03  1.8617E-01 -2.3524E-01
  1.2390E+03  1.8564E-01 -2.3518E-01
  1.2411E+03  1.8511E-01 -2.3512E-01
  1.2432E+03  1.8457E-01 -2.3506E-01
  1.2453E+03  1.8404E-01 -2.3499E-01
  1.2474E+03  1.8350E-01 -2.3493E-01
  1.2495E+03  1.8296E-01 -2.3486E-01
  1.2516E+03  1.8240E-01 -2.3479E-01
  1.2537E+03  1.8185E-01 -2.3472E-01
  1.2558E+03  1.8128E-01 -2.3465E-01
  1.2579E+03  1.8072E-01 -2.3458E-01
  1.2600E+03  1.8016E-01 -2.3451E-01
  1.2621E+03  1.7960E-01 -2.3443E-01
  1.2642E+03  1.7904E-01 -2.3436E-01
  1.2663E+03  1.7848E-01 -2.3429E-01
  1.2684E+03  1.7794E-01 -2.3421E-01
  1.2705E+03  1.7739E-01 -2.3413E-01
  1.2726E+03  1.7685E-01 -2.3406E-01
  1.2747E+03  1.7632E-01 -2.3398E-01
  1.2768E+03  1.7579E-01 -2.3390E-01
  1.2789E+03  1.7526E-01 -2.3382E-01
  1.2810E+03  1.7473E-01 -2.3374E-01
  1.2831E+03  1.7420E-01 -2.3365E-01
  1.2852E+03  1.7367E-01 -2.3357E-01
  1.2873E+03  1.7313E-01 -2.3349E-01
  1.2894E+03  1.7260E-01 -2.3340E-01
  1.2915E+03  1.7206E-01 -2.3331E-01
  1.2936E+03  1.7152E-01 -2.3323E-01
  1.2957E+03  1.7098E-01 -2.3314E-01
  1.2978E+03  1.7044E-01 -2.3305E-01
  1.2999E+03  1.6990E-01 -2.3296E-01
  1.3020E+03  1.6936E-01 -2.3287E-01
  1.3041E+03  1.6883E-01 -2.3278E-01
  1.3062E+03  1.6830E-01 -2.3269E-01
  1.3083E+03  1.6777E-01 -2.3259E-01
  1.3104E+03  1.6725E-01 -2.3250E-01
  1.3125E+03  1.6674E-01 -2.3240E-01
  1.3146E+03  1.6622E-01 -2.3231E-01
  1.3167E+03  1.6571E-01 -2.3221E-01
  1.3188E+03  1.6520E-01 -2.3211E-01
  1.3209E+03  1.6468E-01 -2.3202E-01
  1.3230E+03  1.6417E-01 -2.3192E-01
  1.3251E+03  1.6365E-01 -2.3182E-01
  1.3272E+03  1.6312E-01 -2.3171E-01
  1.3293E+03  1.6260E-01 -2.3161E-01
  1.3314E+03  1.6207E-01 -2.3151E-01
  1.3335E+03  1.6154E-01 -2.3141E-01
  1.3356E+03  1.6102E-01 -2.3130E-01
  1.3377E+03  1.6050E-01 -2.3120E-01
  1.3398E+03  1.5998E-01 -2.3109E-01
  1.3419E+03  1.5947E-01 -2.3098E-01
  1.3440E+03  1.5897E-01 -2.3087E-01
  1.3461E+03  1.5847E-01 -2.3077E-01
  1.3482E+03  1.5798E-01 -2.3066E-01
  1.3503E+03  1.5748E-01 -2.3055E-01
  1.3524E+03  1.5699E-01 -2.3044E-01
  1.3545E+03  1.5649E-01 -2.3032E-01
  1.3566E+03  1.5598E-01 -2.3021E-01
  1.3587E+03  1.5548E-01 -2.3010E-01
  1.3608E+03  1.5496E-01 -2.2998E-01
  1.3629E+03  1.5445E-01 -2.2987E-01
  1.3650E+03  1.5393E-01 -2.2975E-01
  1.3671E+03  1.5341E-01 -2.2963E-01
  1.3692E+03  1.5290E-01 -2.2952E-01
  1.3713E+03  1.5240E-01 -2.2940E-01
  1.3734E+03  1.5190E-01 -2.2928E-01
  1.3755E+03  1.5141E-01 -2.2916E-01
  1.3776E+03  1.5093E-01 -2.2904E-01
  1.3797E+03  1.5045E-01 -2.2892E-01
  1.3818E+03  1.4998E-01 -2.2879E-01
  1.3839E+03  1.4950E-01 -2.2867E-01
  1.3860E+03  1.4902E-01 -2.2855E-01
  1.3881E+03  1.4854E-01 -2.2842E-01
  1.3902E+03  1.4804E-01 -2.2830E-01
  1.3923E+03  1.4754E-01 -2.2817E-01
  1.3944E+03  1.4703E-01 -2.2804E-01
  1.3965E+03  1.4652E-01 -2.2792E-01
  1.3986E+03  1.4601E-01 -2.2779E-01
  1.4007E+03  1.4550E-01 -2.2766E-01
  1.4028E+03  1.4500E-01 -2.2753E-01
  1.4049E+03  1.4452E-01 -2.2740E-01
  1.4070E+03  1.4404E-01 -2.2727E-01
  1.4091E+03  1.4357E-01 -2.2713E-01
  1.4112E+03  1.4311E-01 -2.2700E-01
  1.4133E+03  1.4266E-01 -2.2687E-01
  1.4154E+03  1.4221E-01 -2.2673E-01
  1.4175E+03  1.4176E-01 -2.2660E-01
  1.4196E+03  1.4130E-01 -2.2646E-01
  1.4217E+03  1.4083E-01 -2.2633E-01
  1.4238E+03  1.4034E-01 -2.2619E-01
  1.4259E+03  1.3985E-01 -2.2605E-01
  1.4280E+03  1.3935E-01 -2.2591E-01
  1.4301E+03  1.3884E-01 -2.2577E-01
  1.4322E+03  1.3833E-01 -2.2563E-01
  1.4343E+03  1.3783E-01 -2.2549E-01
  1.4364E+03  1.3733E-01 -2.2535E-01
  1.4385E+03  1.3685E-01 -2.2521E-01
  1.4406E+03  1.3639E-01 -2.2507E-01
  1.4427E+03  1.3594E-01 -2.2492E-01
  1.4448E+03  1.3551E-01 -2.2478E-01
  1.4469E+03  1.3508E-01 -2.2463E-01
  1.4490E+03  1.3466E-01 -2.2449E-01
  1.4511E+03  1.3423E-01 -2.2434E-01
  1.4532E+03  1.3380E-01 -2.2420E-01
  1.4553E+03  1.3336E-01 -2.2405E-01
  1.4574E+03  1.3289E-01 -2.2390E-01
  1.4595E+03  1.3242E-01 -2.2375E-01
  1.4616E+03  1.3193E-01 -2.2360E-01
  1.4637E+03  1.3143E-01 -2.2345E-01
  1.4658E+03  1.3092E-01 -2.2330E-01
  1.4679E+03  1.3042E-01 -2.2315E-01
  1.4700E+03  1.2993E-01 -2.2300E-01
  1.4721E+03  1.2945E-01 -2.2284E-01
  1.4742E+03  1.2899E-01 -2.2269E-01
  1.4763E+03  1.2855E-01 -2.2253E-01
  1.4784E+03  1.2813E-01 -2.2238E-01
  1.4805E+03  1.2772E-01 -2.2222E-01
  1.4826E+03  1.2732E-01 -2.2207E-01
  1.4847E+03  1.2692E-01 -2.2191E-01
  1.4868E+03  1.2651E-01 -2.2176E-01
  1.4889E+03  1.2610E-01 -2.2160E-01
  1.4910E+03  1.2567E-01 -2.2144E-01
  1.4931E+03  1.2522E-01 -2.2128E-01
  1.4952E+03  1.2475E-01 -2.2112E-01
  1.4973E+03  1.2428E-01 -2.2096E-01
  1.4994E+03  1.2379E-01 -2.2080E-01
  1.5015E+03  1.2330E-01 -2.2064E-01
  1.5036E+03  1.2282E-01 -2.2048E-01
  1.5057E+03  1.2234E-01 -2.2031E-01
  1.5078E+03  1.2188E-01 -2.2015E-01
  1.5099E+03  1.2144E-01 -2.1998E-01
  1.5120E+03  1.2102E-01 -2.1982E-01
  1.5141E+03  1.2062E-01 -2.1966E-01
  1.5162E+03  1.2022E-01 -2.1949E-01
  1.5183E+03  1.1983E-01 -2.1932E-01
  1.5204E+03  1.1944E-01 -2.1916E-01
  1.5225E+03  1.1905E-01 -2.1899E-01
  1.5246E+03  1.1865E-01 -2.1882E-01
  1.5267E+03  1.1823E-01 -2.1865E-01
  1.5288E+03  1.1779E-01 -2.1849E-01
  1.5309E+03  1.1735E-01 -2.1832E-01
  1.5330E+03  1.1689E-01 -2.1815E-01
  1.5351E+03  1.1642E-01 -2.1797E-01
  1.5372E+03  1.1596E-01 -2.1780E-01
  1.5393E+03  1.1550E-01 -2.1763E-01
  1.5414E+03  1.1505E-01 -2.1746E-01
  1.5435E+03  1.1461E-01 -2.1728E-01
  1.5456E+03  1.1419E-01 -2.1711E-01
  1.5477E+03  1.1378E-01 -2.1694E-01
  1.5498E+03  1.1339E-01 -2.1676E-01
  1.5519E+03  1.1300E-01 -2.1659E-01
  1.5540E+03  1.1262E-01 -2.1641E-01
  1.5561E+03  1.1223E-01 -2.1624E-01
  1.5582E+03  1.1184E-01 -2.1606E-01
  1.5603E+03  1.1144E-01 -2.1588E-01
  1.5624E+03  1.1104E-01 -2.1570E-01
  1.5645E+03  1.1062E-01 -2.1553E-01
  1.5666E+03  1.1019E-01 -2.1535E-01
  1.5687E+03  1.0976E-01 -2.1517E-01
  1.5708E+03  1.0932E-01 -2.1499E-01
  1.5729E+03  1.0888E-01 -2.1481E-01
  1.5750E+03  1.0845E-01 -2.1463E-01
  1.5771E+03  1.0803E-01 -2.1445E-01
  1.5792E+03  1.0761E-01 -2.1426E-01
  1.5813E+03  1.0721E-01 -2.1408E-01
  1.5834E+03  1.0681E-01 -2.1390E-01
  1.5855E+03  1.0642E-01 -2.1371E-01
  1.5876E+03  1.0604E-01 -2.1353E-01
  1.5897E+03  1.0566E-01 -2.1335E-01
  1.5918E+03  1.0528E-01 -2.1316E-01
  1.5939E+03  1.0489E-01 -2.1298E-01
  1.5960E+03  1.0450E-01 -2.1279E-01
  1.5981E+03  1.0411E-01 -2.1261E-01
  1.6002E+03  1.0371E-01 -2.1242E-01
  1.6023E+03  1.0330E-01 -2.1223E-01
  1.6044E+03  1.0289E-01 -2.1204E-01
  1.6065E+03  1.0248E-01 -2.1186E-01
  1.6086E+03  1.0207E-01 -2.1167E-01
  1.6107E+03  1.0167E-01 -2.1148E-01
  1.6128E+03  1.0127E-01 -2.1129E-01
  1.6149E+03  1.0087E-01 -2.1110E-01
  1.6170E+03  1.0048E-01 -2.1091E-01
  1.6191E+03  1.0010E-01 -2.1072E-01
  1.6212E+03  9.9718E-02 -2.1053E-01
  1.6233E+03  9.9341E-02 -2.1033E-01
  1.6254E+03  9.8966E-02 -2.1014E-01
  1.6275E+03  9.8591E-02 -2.0995E-01
  1.6296E+03  9.8215E-02 -2.0976E-01
  1.6317E+03  9.7837E-02 -2.0956E-01
  1.6338E+03  9.7456E-02 -2.0937E-01
  1.6359E+03  9.7073E-02 -2.0918E-01
  1.6380E+03  9.6687E-02 -2.0898E-01
  1.6401E+03  9.6301E-02 -2.0879E-01
  1.6422E+03  9.5914E-02 -2.0859E-01
  1.6443E+03  9.5527E-02 -2.0839E-01
  1.6464E+03  9.5143E-02 -2.0820E-01
  1.6485E+03  9.4761E-02 -2.0800E-01
  1.6506E+03  9.4382E-02 -2.0780E-01
  1.6527E+03  9.4008E-02 -2.0760E-01
  1.6548E+03  9.3637E-02 -2.0741E-01
  1.6569E+03  9.3269E-02 -2.0721E-01
  1.6590E+03  9.2903E-02 -2.0701E-01
  1.6611E+03  9.2540E-02 -2.0681E-01
  1.6632E+03  9.2177E-02 -2.0661E-01
  1.6653E+03  9.1814E-02 -2.0641E-01
  1.6674E+03  9.1450E-02 -2.0621E-01
  1.6695E+03  9.1085E-02 -2.0601E-01
  1.6716E+03  9.0719E-02 -2.0581E-01
  1.6737E+03  9.0351E-02 -2.0561E-01
  1.6758E+03  8.9982E-02 -2.0541E-01
  1.6779E+03  8.9613E-02 -2.0520E-01
  1.6800E+03  8.9245E-02 -2.0500E-01
  1.6821E+03  8.8878E-02 -2.0480E-01
  1.6842E+03  8.8513E-02 -2.0459E-01
  1.6863E+03  8.8152E-02 -2.0439E-01
  1.6884E+03  8.7793E-02 -2.0419E-01
  1.6905E+03  8.7438E-02 -2.0398E-01
  1.6926E+03  8.7086E-02 -2.0378E-01
  1.6947E+03  8.6736E-02 -2.0357E-01
  1.6968E+03  8.6387E-02 -2.0336E-01
  1.6989E+03  8.6039E-02 -2.0316E-01
  1.7010E+03  8.5691E-02 -2.0295E-01
  1.7031E+03  8.5342E-02 -2.0275E-01
  1.7052E+03  8.4991E-02 -2.0254E-01
  1.7073E+03  8.4639E-02 -2.0233E-01
  1.7094E+03  8.4285E-02 -2.0212E-01
  1.7115E+03  8.3931E-02 -2.0192E-01
  1.7136E+03  8.3578E-02 -2.0171E-01
  1.7157E+03  8.3225E-02 -2.0150E-01
  1.7178E+03  8.2875E-02 -2.0129E-01
  1.7199E+03  8.2528E-02 -2.0108E-01
  1.7220E+03  8.2184E-02 -2.0087E-01
  1.7241E+03  8.1844E-02 -2.0066E-01
  1.7262E+03  8.1507E-02 -2.0045E-01
  1.7283E+03  8.1172E-02 -2.0024E-01
  1.7304E+03  8.0839E-02 -2.0003E-01
  1.7325E+03  8.0506E-02 -1.9982E-01
  1.7346E+03  8.0172E-02 -1.9961E-01
  1.7367E+03  7.9837E-02 -1.9939E-01
  1.7388E+03  7.9500E-02 -1.9918E-01
  1.7409E+03  7.9161E-02 -1.9897E-01
  1.7430E+03  7.8820E-02 -1.9876E-01
  1.7451E+03  7.8479E-02 -1.9854E-01
  1.7472E+03  7.8138E-02 -1.9833E-01
  1.7493E+03  7.7799E-02 -1.9812E-01
  1.7514E+03  7.7463E-02 -1.9790E-01
  1.7535E+03  7.7130E-02 -1.9769E-01
  1.7556E+03  7.6802E-02 -1.9747E-01
  1.7577E+03  7.6477E-02 -1.9726E-01
  1.7598E+03  7.6157E-02 -1.9704E-01
  1.7619E+03  7.5839E-02 -1.9683E-01
  1.7640E+03  7.5522E-02 -1.9661E-01
  1.7661E+03  7.5205E-02 -1.9640E-01
  1.7682E+03  7.4886E-02 -1.9618E-01
  1.7703E+03  7.4565E-02 -1.9596E-01
  1.7724E+03  7.4241E-02 -1.9575E-01
  1.7745E+03  7.3914E-02 -1.9553E-01
  1.7766E+03  7.3585E-02 -1.9531E-01
  1.7787E+03  7.3254E-02 -1.9509E-01
  1.7808E+03  7.2924E-02 -1.9488E-01
  1.7829E+03  7.2596E-02 -1.9466E-01
  1.7850E+03  7.2272E-02 -1.9444E-01
  1.7871E+03  7.1953E-02 -1.9422E-01
  1.7892E+03  7.1639E-02 -1.9400E-01
  1.7913E+03  7.1331E-02 -1.9378E-01
  1.7934E+03  7.1027E-02 -1.9356E-01
  1.7955E+03  7.0727E-02 -1.9334E-01
  1.7976E+03  7.0428E-02 -1.9312E-01
  1.7997E+03  7.0129E-02 -1.9290E-01
  1.8018E+03  6.9827E-02 -1.9268E-01
  1.8039E+03  6.9522E-02 -1.9246E-01
  1.8060E+03  6.9212E-02 -1.9224E-01
  1.8081E+03  6.8897E-02 -1.9202E-01
  1.8102E+03  6.8579E-02 -1.9180E-01
  1.8123E+03  6.8259E-02 -1.9158E-01
  1.8144E+03  6.7939E-02 -1.9136E-01
  1.8165E+03  6.7621E-02 -1.9113E-01
  1.8186E+03  6.7307E-02 -1.9091E-01
  1.8207E+03  6.6998E-02 -1.9069E-01
  1.8228E+03  6.6697E-02 -1.9047E-01
  1.8249E+03  6.6402E-02 -1.9024E-01
  1.8270E+03  6.6113E-02 -1.9002E-01
  1.8291E+03  6.5829E-02 -1.8980E-01
  1.8312E+03  6.5548E-02 -1.8957E-01
  1.8333E+03  6.5267E-02 -1.8935E-01
  1.8354E+03  6.4984E-02 -1.8912E-01
  1.8375E+03  6.4696E-02 -1.8890E-01
  1.8396E+03  6.4403E-02 -1.8868E-01
  1.8417E+03  6.4105E-02 -1.8845E-01
  1.8438E+03  6.3802E-02 -1.8823E-01
  1.8459E+03  6.3494E-02 -1.8800E-01
  1.8480E+03  6.3185E-02 -1.8778E-01
  1.8501E+03  6.2877E-02 -1.8755E-01
  1.8522E+03  6.2572E-02 -1.8733E-01
  1.8543E+03  6.2273E-02 -1.8710E-01
  1.8564E+03  6.1980E-02 -1.8687E-01
  1.8585E+03  6.1695E-02 -1.8665E-01
  1.8606E+03  6.1418E-02 -1.8642E-01
  1.8627E+03  6.1146E-02 -1.8620E-01
  1.8648E+03  6.0879E-02 -1.8597E-01
  1.8669E+03  6.0614E-02 -1.8574E-01
  1.8690E+03  6.0347E-02 -1.8551E-01
  1.8711E+03  6.0078E-02 -1.8529E-01
  1.8732E+03  5.9804E-02 -1.8506E-01
  1.8753E+03  5.9524E-02 -1.8483E-01
  1.8774E+03  5.9238E-02 -1.8461E-01
  1.8795E+03  5.8948E-02 -1.8438E-01
  1.8816E+03  5.8654E-02 -1.8415E-01
  1.8837E+03  5.8359E-02 -1.8392E-01
  1.8858E+03  5.8066E-02 -1.8369E-01
  1.8879E+03  5.7777E-02 -1.8346E-01
  1.8900E+03  5.7494E-02 -1.8324E-01
  1.8921E+03  5.7217E-02 -1.8301E-01
  1.8942E+03  5.6948E-02 -1.8278E-01
  1.8963E+03  5.6685E-02 -1.8255E-01
  1.8984E+03  5.6428E-02 -1.8232E-01
  1.9005E+03  5.6173E-02 -1.8209E-01
  1.9026E+03  5.5920E-02 -1.8186E-01
  1.9047E+03  5.5666E-02 -1.8163E-01
  1.9068E+03  5.5408E-02 -1.8140E-01
  1.9089E+03  5.5146E-02 -1.8117E-01
  1.9110E+03  5.4880E-02 -1.8094E-01
  1.9131E+03  5.4608E-02 -1.8071E-01
  1.9152E+03  5.4333E-02 -1.8048E-01
  1.9173E+03  5.4056E-02 -1.8025E-01
  1.9194E+03  5.3779E-02 -1.8002E-01
  1.9215E+03  5.3504E-02 -1.7979E-01
  1.9236E+03  5.3232E-02 -1.7956E-01
  1.9257E+03  5.2966E-02 -1.7933E-01
  1.9278E+03  5.2705E-02 -1.7910E-01
  1.9299E+03  5.2450E-02 -1.7886E-01
  1.9320E+03  5.2200E-02 -1.7863E-01
  1.9341E+03  5.1953E-02 -1.7840E-01
  1.9362E+03  5.1710E-02 -1.7817E-01
  1.9383E+03  5.1466E-02 -1.7794E-01
  1.9404E+03  5.1222E-02 -1.7771E-01
  1.9425E+03  5.0976E-02 -1.7748E-01
  1.9446E+03  5.0726E-02 -1.7724E-01
  1.9467E+03  5.0473E-02 -1.7701E-01
  1.9488E+03  5.0217E-02 -1.7678E-01
  1.9509E+03  4.9959E-02 -1.7655E-01
  1.9530E+03  4.9700E-02 -1.7632E-01
  1.9551E+03  4.9442E-02 -1.7608E-01
  1.9572E+03  4.9184E-02 -1.7585E-01
  1.9593E+03  4.8930E-02 -1.7562E-01
  1.9614E+03  4.8680E-02 -1.7538E-01
  1.9635E+03  4.8434E-02 -1.7515E-01
  1.9656E+03  4.8192E-02 -1.7492E-01
  1.9677E+03  4.7953E-02 -1.7469E-01
  1.9698E+03  4.7718E-02 -1.7445E-01
  1.9719E+03  4.7483E-02 -1.7422E-01
  1.9740E+03  4.7250E-02 -1.7399E-01
  1.9761E+03  4.7016E-02 -1.7375E-01
  1.9782E+03  4.6781E-02 -1.7352E-01
  1.9803E+03  4.6544E-02 -1.7329E-01
  1.9824E+03  4.6305E-02 -1.7305E-01
  1.9845E+03  4.6065E-02 -1.7282E-01
  1.9866E+03  4.5823E-02 -1.7259E-01
  1.9887E+03  4.5581E-02 -1.7235E-01
  1.9908E+03  4.5340E-02 -1.7212E-01
  1.9929E+03  4.5100E-02 -1.7188E-01
  1.9950E+03  4.4862E-02 -1.7165E-01
  1.9971E+03  4.4627E-02 -1.7142E-01
  1.9992E+03  4.4394E-02 -1.7118E-01
  2.0013E+03  4.4165E-02 -1.7095E-01
  2.0034E+03  4.3938E-02 -1.7071E-01
  2.0055E+03  4.3713E-02 -1.7048E-01
  2.0076E+03  4.3490E-02 -1.7025E-01
  2.0097E+03  4.3267E-02 -1.7001E-01
  2.0118E+03  4.3044E-02 -1.6978E-01
  2.0139E+03  4.2820E-02 -1.6954E-01
  2.0160E+03  4.2596E-02 -1.6931E-01
  2.0181E+03  4.2371E-02 -1.6907E-01
  2.0202E+03  4.2145E-02 -1.6884E-01
  2.0223E+03  4.1919E-02 -1.6861E-01
  2.0244E+03  4.1693E-02 -1.6837E-01
  2.0265E+03  4.1467E-02 -1.6814E-01
  2.0286E+03  4.1242E-02 -1.6790E-01
  2.0307E+03  4.1019E-02 -1.6767E-01
  2.0328E+03  4.0798E-02 -1.6743E-01
  2.0349E+03  4.0579E-02 -1.6720E-01
  2.0370E+03  4.0362E-02 -1.6696E-01
  2.0391E+03  4.0147E-02 -1.6673E-01
  2.0412E+03  3.9934E-02 -1.6649E-01
  2.0433E+03  3.9723E-02 -1.6626E-01
  2.0454E+03  3.9511E-02 -1.6602E-01
  2.0475E+03  3.9300E-02 -1.6579E-01
  2.0496E+03  3.9089E-02 -1.6555E-01
  2.0517E+03  3.8878E-02 -1.6532E-01
  2.0538E+03  3.8666E-02 -1.6508E-01
  2.0559E+03  3.8453E-02 -1.6485E-01
  2.0580E+03  3.8240E-02 -1.6461E-01
  2.0601E+03  3.8028E-02 -1.6438E-01
  2.0622E+03  3.7816E-02 -1.6414E-01
  2.0643E+03  3.7605E-02 -1.6391E-01
  2.0664E+03  3.7396E-02 -1.6367E-01
  2.0685E+03  3.7189E-02 -1.6344E-01
  2.0706E+03  3.6983E-02 -1.6320E-01
  2.0727E+03  3.6780E-02 -1.6297E-01
  2.0748E+03  3.6578E-02 -1.6273E-01
  2.0769E+03  3.6378E-02 -1.6250E-01
  2.0790E+03  3.6178E-02 -1.6226E-01
  2.0811E+03  3.5980E-02 -1.6203E-01
  2.0832E+03  3.5781E-02 -1.6180E-01
  2.0853E+03  3.5582E-02 -1.6156E-01
  2.0874E+03  3.5382E-02 -1.6133E-01
  2.0895E+03  3.5182E-02 -1.6109E-01
  2.0916E+03  3.4981E-02 -1.6086E-01
  2.0937E+03  3.4781E-02 -1.6062E-01
  2.0958E+03  3.4582E-02 -1.6039E-01
  2.0979E+03  3.4383E-02 -1.6015E-01
  2.1000E+03  3.4185E-02 -1.5992E-01
  2.1021E+03  3.3990E-02 -1.5968E-01
  2.1042E+03  3.3797E-02 -1.5945E-01
  2.1063E+03  3.3605E-02 -1.5921E-01
  2.1084E+03  3.3416E-02 -1.5898E-01
  2.1105E+03  3.3227E-02 -1.5874E-01
  2.1126E+03  3.3040E-02 -1.5851E-01
  2.1147E+03  3.2853E-02 -1.5827E-01
  2.1168E+03  3.2666E-02 -1.5804E-01
  2.1189E+03  3.2479E-02 -1.5780E-01
  2.1210E+03  3.2291E-02 -1.5757E-01
  2.1231E+03  3.2102E-02 -1.5734E-01
  2.1252E+03  3.1913E-02 -1.5710E-01
  2.1273E+03  3.1724E-02 -1.5687E-01
  2.1294E+03  3.1536E-02 -1.5663E-01
  2.1315E+03  3.1348E-02 -1.5640E-01
  2.1336E+03  3.1162E-02 -1.5616E-01
  2.1357E+03  3.0978E-02 -1.5593E-01
  2.1378E+03  3.0797E-02 -1.5570E-01
  2.1399E+03  3.0618E-02 -1.5546E-01
  2.1420E+03  3.0440E-02 -1.5523E-01
  2.1441E+03  3.0265E-02 -1.5499E-01
  2.1462E+03  3.0090E-02 -1.5476E-01
  2.1483E+03  2.9915E-02 -1.5453E-01
  2.1504E+03  2.9741E-02 -1.5429E-01
  2.1525E+03  2.9565E-02 -1.5406E-01
  2.1546E+03  2.9388E-02 -1.5382E-01
  2.1567E+03  2.9210E-02 -1.5359E-01
  2.1588E+03  2.9032E-02 -1.5336E-01
  2.1609E+03  2.8853E-02 -1.5312E-01
  2.1630E+03  2.8675E-02 -1.5289E-01
  2.1651E+03  2.8498E-02 -1.5266E-01
  2.1672E+03  2.8322E-02 -1.5242E-01
  2.1693E+03  2.8149E-02 -1.5219E-01
  2.1714E+03  2.7979E-02 -1.5196E-01
  2.1735E+03  2.7811E-02 -1.5172E-01
  2.1756E+03  2.7646E-02 -1.5149E-01
  2.1777E+03  2.7483E-02 -1.5126E-01
  2.1798E+03  2.7321E-02 -1.5102E-01
  2.1819E+03  2.7159E-02 -1.5079E-01
  2.1840E+03  2.6996E-02 -1.5056E-01
  2.1861E+03  2.6833E-02 -1.5033E-01
  2.1882E+03  2.6668E-02 -1.5009E-01
  2.1903E+03  2.6501E-02 -1.4986E-01
  2.1924E+03  2.6334E-02 -1.4963E-01
  2.1945E+03  2.6165E-02 -1.4940E-01
  2.1966E+03  2.5997E-02 -1.4916E-01
  2.1987E+03  2.5829E-02 -1.4893E-01
  2.2008E+03  2.5663E-02 -1.4870E-01
  2.2029E+03  2.5500E-02 -1.4847E-01
  2.2050E+03  2.5340E-02 -1.4824E-01
  2.2071E+03  2.5183E-02 -1.4800E-01
  2.2092E+03  2.5029E-02 -1.4777E-01
  2.2113E+03  2.4877E-02 -1.4754E-01
  2.2134E+03  2.4726E-02 -1.4731E-01
  2.2155E+03  2.4577E-02 -1.4708E-01
  2.2176E+03  2.4427E-02 -1.4685E-01
  2.2197E+03  2.4276E-02 -1.4662E-01
  2.2218E+03  2.4123E-02 -1.4638E-01
  2.2239E+03  2.3969E-02 -1.4615E-01
  2.2260E+03  2.3813E-02 -1.4592E-01
  2.2281E+03  2.3655E-02 -1.4569E-01
  2.2302E+03  2.3497E-02 -1.4546E-01
  2.2323E+03  2.3340E-02 -1.4523E-01
  2.2344E+03  2.3183E-02 -1.4500E-01
  2.2365E+03  2.3029E-02 -1.4477E-01
  2.2386E+03  2.2878E-02 -1.4454E-01
  2.2407E+03  2.2730E-02 -1.4431E-01
  2.2428E+03  2.2585E-02 -1.4408E-01
  2.2449E+03  2.2443E-02 -1.4385E-01
  2.2470E+03  2.2304E-02 -1.4362E-01
  2.2491E+03  2.2165E-02 -1.4339E-01
  2.2512E+03  2.2027E-02 -1.4316E-01
  2.2533E+03  2.1888E-02 -1.4293E-01
  2.2554E+03  2.1747E-02 -1.4270E-01
  2.2575E+03  2.1605E-02 -1.4247E-01
  2.2596E+03  2.1461E-02 -1.4224E-01
  2.2617E+03  2.1316E-02 -1.4201E-01
  2.2638E+03  2.1170E-02 -1.4178E-01
  2.2659E+03  2.1023E-02 -1.4156E-01
  2.2680E+03  2.0877E-02 -1.4133E-01
  2.2701E+03  2.0733E-02 -1.4110E-01
  2.2722E+03  2.0591E-02 -1.4087E-01
  2.2743E+03  2.0451E-02 -1.4064E-01
  2.2764E+03  2.0315E-02 -1.4041E-01
  2.2785E+03  2.0181E-02 -1.4019E-01
  2.2806E+03  2.0050E-02 -1.3996E-01
  2.2827E+03  1.9921E-02 -1.3973E-01
  2.2848E+03  1.9793E-02 -1.3950E-01
  2.2869E+03  1.9664E-02 -1.3928E-01
  2.2890E+03  1.9535E-02 -1.3905E-01
  2.2911E+03  1.9405E-02 -1.3882E-01
  2.2932E+03  1.9274E-02 -1.3860E-01
  2.2953E+03  1.9141E-02 -1.3837E-01
  2.2974E+03  1.9006E-02 -1.3814E-01
  2.2995E+03  1.8872E-02 -1.3792E-01
  2.3016E+03  1.8737E-02 -1.3769E-01
  2.3037E+03  1.8603E-02 -1.3746E-01
  2.3058E+03  1.8471E-02 -1.3724E-01
  2.3079E+03  1.8341E-02 -1.3701E-01
  2.3100E+03  1.8213E-02 -1.3679E-01
  2.3121E+03  1.8087E-02 -1.3656E-01
  2.3142E+03  1.7964E-02 -1.3633E-01
  2.3163E+03  1.7843E-02 -1.3611E-01
  2.3184E+03  1.7723E-02 -1.3588E-01
  2.3205E+03  1.7604E-02 -1.3566E-01
  2.3226E+03  1.7485E-02 -1.3543E-01
  2.3247E+03  1.7365E-02 -1.3521E-01
  2.3268E+03  1.7245E-02 -1.3499E-01
  2.3289E+03  1.7124E-02 -1.3476E-01
  2.3310E+03  1.7001E-02 -1.3454E-01
  2.3331E+03  1.6879E-02 -1.3431E-01
  2.3352E+03  1.6756E-02 -1.3409E-01
  2.3373E+03  1.6633E-02 -1.3387E-01
  2.3394E+03  1.6511E-02 -1.3364E-01
  2.3415E+03  1.6390E-02 -1.3342E-01
  2.3436E+03  1.6271E-02 -1.3319E-01
  2.3457E+03  1.6154E-02 -1.3297E-01
  2.3478E+03  1.6039E-02 -1.3275E-01
  2.3499E+03  1.5925E-02 -1.3253E-01
  2.3520E+03  1.5813E-02 -1.3230E-01
  2.3541E+03  1.5703E-02 -1.3208E-01
  2.3562E+03  1.5592E-02 -1.3186E-01
  2.3583E+03  1.5482E-02 -1.3164E-01
  2.3604E+03  1.5372E-02 -1.3142E-01
  2.3625E+03  1.5262E-02 -1.3119E-01
  2.3646E+03  1.5150E-02 -1.3097E-01
  2.3667E+03  1.5039E-02 -1.3075E-01
  2.3688E+03  1.4927E-02 -1.3053E-01
  2.3709E+03  1.4815E-02 -1.3031E-01
  2.3730E+03  1.4704E-02 -1.3009E-01
  2.3751E+03  1.4593E-02 -1.2987E-01
  2.3772E+03  1.4483E-02 -1.2965E-01
  2.3793E+03  1.4375E-02 -1.2943E-01
  2.3814E+03  1.4268E-02 -1.2921E-01
  2.3835E+03  1.4163E-02 -1.2899E-01
  2.3856E+03  1.4059E-02 -1.2877E-01
  2.3877E+03  1.3956E-02 -1.2855E-01
  2.3898E+03  1.3854E-02 -1.2833E-01
  2.3919E+03  1.3753E-02 -1.2811E-01
  2.3940E+03  1.3652E-02 -1.2789E-01
  2.3961E+03  1.3551E-02 -1.2767E-01
  2.3982E+03  1.3450E-02 -1.2746E-01
  2.4003E+03  1.3349E-02 -1.2724E-01
  2.4024E+03  1.3247E-02 -1.2702E-01
  2.4045E+03  1.3146E-02 -1.2680E-01
  2.4066E+03  1.3044E-02 -1.2658E-01
  2.4087E+03  1.2943E-02 -1.2637E-01
  2.4108E+03  1.2843E-02 -1.2615E-01
  2.4129E+03  1.2744E-02 -1.2593E-01
  2.4150E+03  1.2646E-02 -1.2572E-01
  2.4171E+03  1.2549E-02 -1.2550E-01
  2.4192E+03  1.2453E-02 -1.2528E-01
  2.4213E+03  1.2358E-02 -1.2507E-01
  2.4234E+03  1.2265E-02 -1.2485E-01
  2.4255E+03  1.2172E-02 -1.2463E-01
  2.4276E+03  1.2080E-02 -1.2442E-01
  2.4297E+03  1.1988E-02 -1.2420E-01
  2.4318E+03  1.1896E-02 -1.2399E-01
  2.4339E+03  1.1804E-02 -1.2377E-01
  2.4360E+03  1.1712E-02 -1.2356E-01
  2.4381E+03  1.1620E-02 -1.2334E-01
  2.4402E+03  1.1528E-02 -1.2313E-01
  2.4423E+03  1.1437E-02 -1.2292E-01
  2.4444E+03  1.1345E-02 -1.2270E-01
  2.4465E+03  1.1255E-02 -1.2249E-01
  2.4486E+03  1.1166E-02 -1.2227E-01
  2.4507E+03  1.1077E-02 -1.2206E-01
  2.4528E+03  1.0990E-02 -1.2185E-01
  2.4549E+03  1.0904E-02 -1.2163E-01
  2.4570E+03  1.0819E-02 -1.2142E-01
  2.4591E+03  1.0734E-02 -1.2121E-01
  2.4612E+03  1.0650E-02 -1.2100E-01
  2.4633E+03  1.0567E-02 -1.2079E-01
  2.4654E+03  1.0484E-02 -1.2057E-01
  2.4675E+03  1.0401E-02 -1.2036E-01
  2.4696E+03  1.0318E-02 -1.2015E-01
  2.4717E+03  1.0234E-02 -1.1994E-01
  2.4738E+03  1.0151E-02 -1.1973E-01
  2.4759E+03  1.0068E-02 -1.1952E-01
  2.4780E+03  9.9857E-03 -1.1931E-01
  2.4801E+03  9.9038E-03 -1.1910E-01
  2.4822E+03  9.8228E-03 -1.1889E-01
  2.4843E+03  9.7428E-03 -1.1868E-01
  2.4864E+03  9.6640E-03 -1.1847E-01
  2.4885E+03  9.5862E-03 -1.1826E-01
  2.4906E+03  9.5094E-03 -1.1805E-01
  2.4927E+03  9.4335E-03 -1.1784E-01
  2.4948E+03  9.3582E-03 -1.1763E-01
  2.4969E+03  9.2833E-03 -1.1743E-01
  2.4990E+03  9.2086E-03 -1.1722E-01
  2.5011E+03  9.1338E-03 -1.1701E-01
  2.5032E+03  9.0589E-03 -1.1680E-01
  2.5053E+03  8.9838E-03 -1.1659E-01
  2.5074E+03  8.9088E-03 -1.1639E-01
  2.5095E+03  8.8338E-03 -1.1618E-01
  2.5116E+03  8.7593E-03 -1.1597E-01
  2.5137E+03  8.6854E-03 -1.1577E-01
  2.5158E+03  8.6124E-03 -1.1556E-01
  2.5179E+03  8.5405E-03 -1.1536E-01
  2.5200E+03  8.4697E-03 -1.1515E-01
  2.5221E+03  8.4002E-03 -1.1494E-01
  2.5242E+03  8.3317E-03 -1.1474E-01
  2.5263E+03  8.2642E-03 -1.1453E-01
  2.5284E+03  8.1973E-03 -1.1433E-01
  2.5305E+03  8.1307E-03 -1.1412E-01
  2.5326E+03  8.0642E-03 -1.1392E-01
  2.5347E+03  7.9976E-03 -1.1372E-01
  2.5368E+03  7.9307E-03 -1.1351E-01
  2.5389E+03  7.8635E-03 -1.1331E-01
  2.5410E+03  7.7961E-03 -1.1311E-01
  2.5431E+03  7.7287E-03 -1.1290E-01
  2.5452E+03  7.6617E-03 -1.1270E-01
  2.5473E+03  7.5952E-03 -1.1250E-01
  2.5494E+03  7.5297E-03 -1.1230E-01
  2.5515E+03  7.4653E-03 -1.1209E-01
  2.5536E+03  7.4022E-03 -1.1189E-01
  2.5557E+03  7.3404E-03 -1.1169E-01
  2.5578E+03  7.2799E-03 -1.1149E-01
  2.5599E+03  7.2203E-03 -1.1129E-01
  2.5620E+03  7.1615E-03 -1.1109E-01
  2.5641E+03  7.1031E-03 -1.1089E-01
  2.5662E+03  7.0448E-03 -1.1069E-01
  2.5683E+03  6.9862E-03 -1.1049E-01
  2.5704E+03  6.9273E-03 -1.1029E-01
  2.5725E+03  6.8679E-03 -1.1009E-01
  2.5746E+03  6.8081E-03 -1.0989E-01
  2.5767E+03  6.7482E-03 -1.0969E-01
  2.5788E+03  6.6883E-03 -1.0949E-01
  2.5809E+03  6.6290E-03 -1.0929E-01
  2.5830E+03  6.5704E-03 -1.0909E-01
  2.5851E+03  6.5130E-03 -1.0890E-01
  2.5872E+03  6.4570E-03 -1.0870E-01
  2.5893E+03  6.4023E-03 -1.0850E-01
  2.5914E+03  6.3489E-03 -1.0830E-01
  2.5935E+03  6.2968E-03 -1.0811E-01
  2.5956E+03  6.2456E-03 -1.0791E-01
  2.5977E+03  6.1949E-03 -1.0772E-01
  2.5998E+03  6.1444E-03 -1.0752E-01
  2.6019E+03  6.0937E-03 -1.0732E-01
  2.6040E+03  6.0427E-03 -1.0713E-01
  2.6061E+03  5.9911E-03 -1.0693E-01
  2.6082E+03  5.9390E-03 -1.0674E-01
  2.6103E+03  5.8865E-03 -1.0654E-01
  2.6124E+03  5.8340E-03 -1.0635E-01
  2.6145E+03  5.7817E-03 -1.0615E-01
  2.6166E+03  5.7300E-03 -1.0596E-01
  2.6187E+03  5.6792E-03 -1.0577E-01
  2.6208E+03  5.6296E-03 -1.0557E-01
  2.6229E+03  5.5814E-03 -1.0538E-01
  2.6250E+03  5.5347E-03 -1.0519E-01
  2.6271E+03  5.4892E-03 -1.0500E-01
  2.6292E+03  5.4448E-03 -1.0480E-01
  2.6313E+03  5.4011E-03 -1.0461E-01
  2.6334E+03  5.3578E-03 -1.0442E-01
  2.6355E+03  5.3145E-03 -1.0423E-01
  2.6376E+03  5.2711E-03 -1.0404E-01
  2.6397E+03  5.2271E-03 -1.0385E-01
  2.6418E+03  5.1827E-03 -1.0366E-01
  2.6439E+03  5.1378E-03 -1.0347E-01
  2.6460E+03  5.0927E-03 -1.0328E-01
  2.6481E+03  5.0475E-03 -1.0309E-01
  2.6502E+03  5.0027E-03 -1.0290E-01
  2.6523E+03  4.9586E-03 -1.0271E-01
  2.6544E+03  4.9154E-03 -1.0252E-01
  2.6565E+03  4.8734E-03 -1.0233E-01
  2.6586E+03  4.8327E-03 -1.0214E-01
  2.6607E+03  4.7932E-03 -1.0195E-01
  2.6628E+03  4.7549E-03 -1.0176E-01
  2.6649E+03  4.7174E-03 -1.0158E-01
  2.6670E+03  4.6806E-03 -1.0139E-01
  2.6691E+03  4.6441E-03 -1.0120E-01
  2.6712E+03  4.6076E-03 -1.0102E-01
  2.6733E+03  4.5708E-03 -1.0083E-01
  2.6754E+03  4.5338E-03 -1.0064E-01
  2.6775E+03  4.4963E-03 -1.0046E-01
  2.6796E+03  4.4585E-03 -1.0027E-01
  2.6817E+03  4.4206E-03 -1.0009E-01
  2.6838E+03  4.3828E-03 -9.9902E-02
  2.6859E+03  4.3454E-03 -9.9717E-02
  2.6880E+03  4.3087E-03 -9.9533E-02
  2.6901E+03  4.2728E-03 -9.9349E-02
  2.6922E+03  4.2380E-03 -9.9165E-02
  2.6943E+03  4.2042E-03 -9.8981E-02
  2.6964E+03  4.1716E-03 -9.8798E-02
  2.6985E+03  4.1398E-03 -9.8615E-02
  2.7006E+03  4.1088E-03 -9.8433E-02
  2.7027E+03  4.0783E-03 -9.8250E-02
  2.7048E+03  4.0481E-03 -9.8068E-02
  2.7069E+03  4.0179E-03 -9.7886E-02
  2.7090E+03  3.9876E-03 -9.7705E-02
  2.7111E+03  3.9571E-03 -9.7524E-02
  2.7132E+03  3.9264E-03 -9.7343E-02
  2.7153E+03  3.8955E-03 -9.7162E-02
  2.7174E+03  3.8646E-03 -9.6982E-02
  2.7195E+03  3.8339E-03 -9.6801E-02
  2.7216E+03  3.8036E-03 -9.6622E-02
  2.7237E+03  3.7739E-03 -9.6442E-02
  2.7258E+03  3.7450E-03 -9.6263E-02
  2.7279E+03  3.7169E-03 -9.6084E-02
  2.7300E+03  3.6897E-03 -9.5905E-02
  2.7321E+03  3.6634E-03 -9.5727E-02
  2.7342E+03  3.6378E-03 -9.5549E-02
  2.7363E+03  3.6129E-03 -9.5371E-02
  2.7384E+03  3.5884E-03 -9.5194E-02
  2.7405E+03  3.5642E-03 -9.5017E-02
  2.7426E+03  3.5400E-03 -9.4840E-02
  2.7447E+03  3.5159E-03 -9.4664E-02
  2.7468E+03  3.4917E-03 -9.4487E-02
  2.7489E+03  3.4674E-03 -9.4311E-02
  2.7510E+03  3.4430E-03 -9.4136E-02
  2.7531E+03  3.4188E-03 -9.3960E-02
  2.7552E+03  3.3948E-03 -9.3785E-02
  2.7573E+03  3.3711E-03 -9.3610E-02
  2.7594E+03  3.3480E-03 -9.3436E-02
  2.7615E+03  3.3256E-03 -9.3262E-02
  2.7636E+03  3.3038E-03 -9.3088E-02
  2.7657E+03  3.2828E-03 -9.2914E-02
  2.7678E+03  3.2625E-03 -9.2741E-02
  2.7699E+03  3.2429E-03 -9.2568E-02
  2.7720E+03  3.2237E-03 -9.2395E-02
  2.7741E+03  3.2050E-03 -9.2223E-02
  2.7762E+03  3.1865E-03 -9.2051E-02
  2.7783E+03  3.1682E-03 -9.1879E-02
  2.7804E+03  3.1499E-03 -9.1708E-02
  2.7825E+03  3.1316E-03 -9.1537E-02
  2.7846E+03  3.1133E-03 -9.1366E-02
  2.7867E+03  3.0951E-03 -9.1195E-02
  2.7888E+03  3.0771E-03 -9.1025E-02
  2.7909E+03  3.0592E-03 -9.0855E-02
  2.7930E+03  3.0418E-03 -9.0685E-02
  2.7951E+03  3.0248E-03 -9.0516E-02
  2.7972E+03  3.0084E-03 -9.0347E-02
  2.7993E+03  2.9927E-03 -9.0178E-02
  2.8014E+03  2.9776E-03 -9.0010E-02
  2.8035E+03  2.9630E-03 -8.9842E-02
  2.8056E+03  2.9491E-03 -8.9674E-02
  2.8077E+03  2.9356E-03 -8.9506E-02
  2.8098E+03  2.9224E-03 -8.9339E-02
  2.8119E+03  2.9094E-03 -8.9172E-02
  2.8140E+03  2.8966E-03 -8.9005E-02
  2.8161E+03  2.8838E-03 -8.8839E-02
  2.8182E+03  2.8711E-03 -8.8673E-02
  2.8203E+03  2.8584E-03 -8.8507E-02
  2.8224E+03  2.8458E-03 -8.8342E-02
  2.8245E+03  2.8334E-03 -8.8177E-02
  2.8266E+03  2.8214E-03 -8.8012E-02
  2.8287E+03  2.8097E-03 -8.7848E-02
  2.8308E+03  2.7985E-03 -8.7683E-02
  2.8329E+03  2.7878E-03 -8.7520E-02
  2.8350E+03  2.7777E-03 -8.7356E-02
  2.8371E+03  2.7683E-03 -8.7193E-02
  2.8392E+03  2.7593E-03 -8.7030E-02
  2.8413E+03  2.7508E-03 -8.6867E-02
  2.8434E+03  2.7426E-03 -8.6705E-02
  2.8455E+03  2.7348E-03 -8.6543E-02
  2.8476E+03  2.7270E-03 -8.6381E-02
  2.8497E+03  2.7193E-03 -8.6220E-02
  2.8518E+03  2.7117E-03 -8.6059E-02
  2.8539E+03  2.7041E-03 -8.5898E-02
  2.8560E+03  2.6966E-03 -8.5737E-02
  2.8581E+03  2.6893E-03 -8.5577E-02
  2.8602E+03  2.6822E-03 -8.5417E-02
  2.8623E+03  2.6754E-03 -8.5258E-02
  2.8644E+03  2.6691E-03 -8.5099E-02
  2.8665E+03  2.6634E-03 -8.4940E-02
  2.8686E+03  2.6582E-03 -8.4781E-02
  2.8707E+03  2.6535E-03 -8.4623E-02
  2.8728E+03  2.6494E-03 -8.4465E-02
  2.8749E+03  2.6457E-03 -8.4307E-02
  2.8770E+03  2.6424E-03 -8.4150E-02
  2.8791E+03  2.6394E-03 -8.3993E-02
  2.8812E+03  2.6364E-03 -8.3836E-02
  2.8833E+03  2.6336E-03 -8.3679E-02
  2.8854E+03  2.6307E-03 -8.3523E-02
  2.8875E+03  2.6279E-03 -8.3367E-02
  2.8896E+03  2.6250E-03 -8.3212E-02
  2.8917E+03  2.6223E-03 -8.3057E-02
  2.8938E+03  2.6198E-03 -8.2902E-02
  2.8959E+03  2.6176E-03 -8.2747E-02
  2.8980E+03  2.6159E-03 -8.2593E-02
  2.9001E+03  2.6147E-03 -8.2439E-02
  2.9022E+03  2.6141E-03 -8.2285E-02
  2.9043E+03  2.6140E-03 -8.2132E-02
  2.9064E+03  2.6145E-03 -8.1979E-02
  2.9085E+03  2.6155E-03 -8.1826E-02
  2.9106E+03  2.6168E-03 -8.1674E-02
  2.9127E+03  2.6184E-03 -8.1522E-02
  2.9148E+03  2.6201E-03 -8.1370E-02
  2.9169E+03  2.6218E-03 -8.1219E-02
  2.9190E+03  2.6234E-03 -8.1067E-02
  2.9211E+03  2.6250E-03 -8.0917E-02
  2.9232E+03  2.6266E-03 -8.0766E-02
  2.9253E+03  2.6282E-03 -8.0616E-02
  2.9274E+03  2.6300E-03 -8.0466E-02
  2.9295E+03  2.6320E-03 -8.0316E-02
  2.9316E+03  2.6345E-03 -8.0167E-02
  2.9337E+03  2.6375E-03 -8.0018E-02
  2.9358E+03  2.6411E-03 -7.9869E-02
  2.9379E+03  2.6453E-03 -7.9721E-02
  2.9400E+03  2.6500E-03 -7.9573E-02
  2.9421E+03  2.6553E-03 -7.9425E-02
  2.9442E+03  2.6610E-03 -7.9278E-02
  2.9463E+03  2.6669E-03 -7.9131E-02
  2.9484E+03  2.6730E-03 -7.8984E-02
  2.9505E+03  2.6790E-03 -7.8838E-02
  2.9526E+03  2.6850E-03 -7.8692E-02
  2.9547E+03  2.6909E-03 -7.8546E-02
  2.9568E+03  2.6967E-03 -7.8400E-02
  2.9589E+03  2.7024E-03 -7.8255E-02
  2.9610E+03  2.7082E-03 -7.8110E-02
  2.9631E+03  2.7142E-03 -7.7966E-02
  2.9652E+03  2.7206E-03 -7.7821E-02
  2.9673E+03  2.7275E-03 -7.7677E-02
  2.9694E+03  2.7349E-03 -7.7534E-02
  2.9715E+03  2.7429E-03 -7.7390E-02
  2.9736E+03  2.7516E-03 -7.7247E-02
  2.9757E+03  2.7608E-03 -7.7105E-02
  2.9778E+03  2.7705E-03 -7.6962E-02
  2.9799E+03  2.7804E-03 -7.6820E-02
  2.9820E+03  2.7905E-03 -7.6679E-02
  2.9841E+03  2.8007E-03 -7.6537E-02
  2.9862E+03  2.8108E-03 -7.6396E-02
  2.9883E+03  2.8208E-03 -7.6255E-02
  2.9904E+03  2.8306E-03 -7.6115E-02
  2.9925E+03  2.8403E-03 -7.5975E-02
  2.9946E+03  2.8501E-03 -7.5835E-02
  2.9967E+03  2.8599E-03 -7.5695E-02
  2.9988E+03  2.8700E-03 -7.5556E-02
  3.0000E+03  2.8759E-03 -7.5476E-02
