# CREATED BY GENE DIAGNOSTICS TOOL on Fri Dec 11 19:29:05 2020
# diag: gamdiag, run(s): 0001, time window: 0-1500(1341 steps), species: ions
# original data path: /marconi_scratch/userexternal/cmoreno0/GAM_HP_scan/LHD_s0.25_alpha-pi10_npol1_nz0256/
# normalization: L_ref=1.65m
#
# xind= 0, x/a= 0.5, q= 2.1464562
# Fit:    0.0037856909,8.2642055e+21,4.1320994e+21
# Analytic (Gao, Zhou/Yu): 0.078523524,1.3002793e-11,2.0557429
#  t          Re[phi]     Im[phi]   
  0.0000E+00  9.9994E-01  0.0000E+00
  1.1200E+00  8.5250E-01 -5.0393E-02
  2.2400E+00  6.4560E-01 -8.1098E-02
  3.3600E+00  3.5531E-01 -8.6672E-02
  4.4800E+00  5.6781E-02 -6.5527E-02
  5.6000E+00 -2.0546E-01 -2.3661E-02
  6.7200E+00 -3.9179E-01  2.8211E-02
  7.8400E+00 -4.8268E-01  7.7344E-02
  8.9600E+00 -4.7567E-01  1.1207E-01
  1.0080E+01 -3.8223E-01  1.2411E-01
  1.1200E+01 -2.2566E-01  1.1005E-01
  1.2320E+01 -3.6718E-02  7.1881E-02
  1.3440E+01  1.5242E-01  1.6452E-02
  1.4560E+01  3.1299E-01 -4.6048E-02
  1.5680E+01  4.2721E-01 -1.0431E-01
  1.6800E+01  4.6909E-01 -1.4738E-01
  1.7920E+01  4.5671E-01 -1.6713E-01
  1.9040E+01  3.8362E-01 -1.6039E-01
  2.0160E+01  2.6848E-01 -1.2765E-01
  2.1280E+01  1.2826E-01 -7.4123E-02
  2.2400E+01 -1.5398E-02 -8.3430E-03
  2.3520E+01 -1.4244E-01  5.9102E-02
  2.4640E+01 -2.3595E-01  1.1730E-01
  2.5760E+01 -2.8551E-01  1.5682E-01
  2.6880E+01 -2.8793E-01  1.7125E-01
  2.8000E+01 -2.4677E-01  1.5826E-01
  2.9120E+01 -1.7146E-01  1.1989E-01
  3.0240E+01 -7.5467E-02  6.2164E-02
  3.1360E+01  2.5588E-02 -5.8648E-03
  3.2480E+01  1.1844E-01 -7.3672E-02
  3.3600E+01  1.9010E-01 -1.3075E-01
  3.4720E+01  2.3139E-01 -1.6867E-01
  3.5840E+01  2.3933E-01 -1.8145E-01
  3.6960E+01  2.1509E-01 -1.6760E-01
  3.8080E+01  1.6441E-01 -1.2925E-01
  3.9200E+01  9.5584E-02 -7.2461E-02
  4.0320E+01  1.9686E-02 -5.8237E-03
  4.1440E+01 -5.2781E-02  6.0641E-02
  4.2560E+01 -1.1267E-01  1.1714E-01
  4.3680E+01 -1.5282E-01  1.5553E-01
  4.4800E+01 -1.6995E-01  1.7050E-01
  4.5920E+01 -1.6367E-01  1.6027E-01
  4.7040E+01 -1.3700E-01  1.2687E-01
  4.8160E+01 -9.5394E-02  7.5623E-02
  4.9280E+01 -4.5941E-02  1.4416E-02
  5.0400E+01  4.1246E-03 -4.7660E-02
  5.1520E+01  4.7254E-02 -1.0145E-01
  5.2640E+01  8.0037E-02 -1.3943E-01
  5.3760E+01  9.7028E-02 -1.5642E-01
  5.4880E+01  9.8883E-02 -1.5047E-01
  5.6000E+01  8.5930E-02 -1.2299E-01
  5.7120E+01  6.1432E-02 -7.8452E-02
  5.8240E+01  2.9907E-02 -2.3682E-02
  5.9360E+01 -3.9386E-03  3.3198E-02
  6.0480E+01 -3.5667E-02  8.4016E-02
  6.1600E+01 -6.1634E-02  1.2173E-01
  6.2720E+01 -7.9547E-02  1.4142E-01
  6.3840E+01 -8.8103E-02  1.4092E-01
  6.4960E+01 -8.6814E-02  1.2097E-01
  6.6080E+01 -7.6734E-02  8.5023E-02
  6.7200E+01 -5.9808E-02  3.8639E-02
  6.8320E+01 -3.8496E-02 -1.1353E-02
  6.9440E+01 -1.6902E-02 -5.7771E-02
  7.0560E+01  2.6141E-03 -9.4162E-02
  7.1680E+01  1.7486E-02 -1.1568E-01
  7.2800E+01  2.6694E-02 -1.1976E-01
  7.3920E+01  3.0197E-02 -1.0644E-01
  7.5040E+01  2.8781E-02 -7.8258E-02
  7.6160E+01  2.3453E-02 -3.9796E-02
  7.7280E+01  1.5350E-02  3.0880E-03
  7.8400E+01  5.5666E-03  4.4172E-02
  7.9520E+01 -4.9242E-03  7.7778E-02
  8.0640E+01 -1.5214E-02  9.9550E-02
  8.1760E+01 -2.4482E-02  1.0700E-01
  8.2880E+01 -3.1954E-02  9.9751E-02
  8.4000E+01 -3.7018E-02  7.9477E-02
  8.5120E+01 -3.9387E-02  4.9573E-02
  8.6240E+01 -3.8744E-02  1.4600E-02
  8.7360E+01 -3.5360E-02 -2.0412E-02
  8.8480E+01 -2.9526E-02 -5.0656E-02
  8.9600E+01 -2.1823E-02 -7.2218E-02
  9.0720E+01 -1.2869E-02 -8.2565E-02
  9.1840E+01 -3.4343E-03 -8.0841E-02
  9.2960E+01  5.6397E-03 -6.7889E-02
  9.4080E+01  1.3539E-02 -4.6055E-02
  9.5200E+01  1.9503E-02 -1.8788E-02
  9.6320E+01  2.2954E-02  9.8948E-03
  9.7440E+01  2.3526E-02  3.5987E-02
  9.8560E+01  2.1053E-02  5.6055E-02
  9.9680E+01  1.5659E-02  6.7682E-02
  1.0080E+02  7.8017E-03  6.9749E-02
  1.0192E+02 -1.6799E-03  6.2510E-02
  1.0304E+02 -1.1693E-02  4.7468E-02
  1.0416E+02 -2.0965E-02  2.7097E-02
  1.0528E+02 -2.8244E-02  4.4359E-03
  1.0640E+02 -3.2472E-02 -1.7357E-02
  1.0752E+02 -3.2907E-02 -3.5441E-02
  1.0864E+02 -2.9255E-02 -4.7663E-02
  1.0976E+02 -2.1755E-02 -5.2794E-02
  1.1088E+02 -1.1203E-02 -5.0638E-02
  1.1200E+02  1.0936E-03 -4.1975E-02
  1.1312E+02  1.3510E-02 -2.8379E-02
  1.1424E+02  2.4339E-02 -1.1956E-02
  1.1536E+02  3.2087E-02  4.9782E-03
  1.1648E+02  3.5689E-02  2.0204E-02
  1.1760E+02  3.4644E-02  3.1879E-02
  1.1872E+02  2.9093E-02  3.8746E-02
  1.1984E+02  1.9795E-02  4.0249E-02
  1.2096E+02  8.0789E-03  3.6547E-02
  1.2208E+02 -4.3796E-03  2.8439E-02
  1.2320E+02 -1.5760E-02  1.7211E-02
  1.2432E+02 -2.4439E-02  4.4406E-03
  1.2544E+02 -2.9211E-02 -8.2157E-03
  1.2656E+02 -2.9458E-02 -1.9224E-02
  1.2768E+02 -2.5201E-02 -2.7349E-02
  1.2880E+02 -1.7083E-02 -3.1784E-02
  1.2992E+02 -6.2698E-03 -3.2214E-02
  1.3104E+02  5.6995E-03 -2.8823E-02
  1.3216E+02  1.7147E-02 -2.2238E-02
  1.3328E+02  2.6504E-02 -1.3427E-02
  1.3440E+02  3.2553E-02 -3.5651E-03
  1.3552E+02  3.4593E-02  6.1070E-03
  1.3664E+02  3.2536E-02  1.4430E-02
  1.3776E+02  2.6862E-02  2.0453E-02
  1.3888E+02  1.8517E-02  2.3539E-02
  1.4000E+02  8.6986E-03  2.3431E-02
  1.4112E+02 -1.3139E-03  2.0271E-02
  1.4224E+02 -1.0289E-02  1.4581E-02
  1.4336E+02 -1.7111E-02  7.1704E-03
  1.4448E+02 -2.0867E-02 -9.7806E-04
  1.4560E+02 -2.0988E-02 -8.8521E-03
  1.4672E+02 -1.7414E-02 -1.5534E-02
  1.4784E+02 -1.0685E-02 -2.0296E-02
  1.4896E+02 -1.8595E-03 -2.2661E-02
  1.5008E+02  7.6856E-03 -2.2436E-02
  1.5120E+02  1.6533E-02 -1.9723E-02
  1.5232E+02  2.3459E-02 -1.4905E-02
  1.5344E+02  2.7607E-02 -8.6023E-03
  1.5456E+02  2.8589E-02 -1.6059E-03
  1.5568E+02  2.6499E-02  5.2136E-03
  1.5680E+02  2.1854E-02  1.1010E-02
  1.5792E+02  1.5446E-02  1.5069E-02
  1.5904E+02  8.1929E-03  1.6901E-02
  1.6016E+02  1.0222E-03  1.6315E-02
  1.6128E+02 -5.2016E-03  1.3438E-02
  1.6240E+02 -9.7365E-03  8.6935E-03
  1.6352E+02 -1.2047E-02  2.7345E-03
  1.6464E+02 -1.1896E-02 -3.6486E-03
  1.6576E+02 -9.3969E-03 -9.6321E-03
  1.6688E+02 -4.9783E-03 -1.4462E-02
  1.6800E+02  7.0303E-04 -1.7547E-02
  1.6912E+02  6.8773E-03 -1.8536E-02
  1.7024E+02  1.2755E-02 -1.7355E-02
  1.7136E+02  1.7602E-02 -1.4214E-02
  1.7248E+02  2.0819E-02 -9.5659E-03
  1.7360E+02  2.2022E-02 -4.0445E-03
  1.7472E+02  2.1115E-02  1.6252E-03
  1.7584E+02  1.8311E-02  6.7165E-03
  1.7696E+02  1.4086E-02  1.0591E-02
  1.7808E+02  9.0807E-03  1.2777E-02
  1.7920E+02  3.9888E-03  1.3029E-02
  1.8032E+02 -5.3809E-04  1.1358E-02
  1.8144E+02 -3.9535E-03  8.0293E-03
  1.8256E+02 -5.8662E-03  3.5170E-03
  1.8368E+02 -6.0913E-03 -1.5595E-03
  1.8480E+02 -4.6892E-03 -6.5213E-03
  1.8592E+02 -1.9570E-03 -1.0717E-02
  1.8704E+02  1.6443E-03 -1.3606E-02
  1.8816E+02  5.6034E-03 -1.4830E-02
  1.8928E+02  9.4515E-03 -1.4264E-02
  1.9040E+02  1.2793E-02 -1.2036E-02
  1.9152E+02  1.5288E-02 -8.4986E-03
  1.9264E+02  1.6647E-02 -4.1699E-03
  1.9376E+02  1.6677E-02  3.4943E-04
  1.9488E+02  1.5355E-02  4.4628E-03
  1.9600E+02  1.2886E-02  7.6521E-03
  1.9712E+02  9.6644E-03  9.5358E-03
  1.9824E+02  6.1748E-03  9.9098E-03
  1.9936E+02  2.8783E-03  8.7719E-03
  2.0048E+02  1.4015E-04  6.3214E-03
  2.0160E+02 -1.7818E-03  2.9315E-03
  2.0272E+02 -2.7192E-03 -9.0742E-04
  2.0384E+02 -2.5833E-03 -4.6622E-03
  2.0496E+02 -1.3785E-03 -7.8358E-03
  2.0608E+02  7.6766E-04 -1.0035E-02
  2.0720E+02  3.5868E-03 -1.1017E-02
  2.0832E+02  6.6858E-03 -1.0708E-02
  2.0944E+02  9.6063E-03 -9.2020E-03
  2.1056E+02  1.1915E-02 -6.7359E-03
  2.1168E+02  1.3298E-02 -3.6567E-03
  2.1280E+02  1.3613E-02 -3.7705E-04
  2.1392E+02  1.2901E-02  2.6744E-03
  2.1504E+02  1.1335E-02  5.1069E-03
  2.1616E+02  9.1631E-03  6.6195E-03
  2.1728E+02  6.6548E-03  7.0438E-03
  2.1840E+02  4.0833E-03  6.3660E-03
  2.1952E+02  1.7226E-03  4.7244E-03
  2.2064E+02 -1.5790E-04  2.3827E-03
  2.2176E+02 -1.3197E-03 -3.1563E-04
  2.2288E+02 -1.5997E-03 -2.9999E-03
  2.2400E+02 -9.5614E-04 -5.3231E-03
  2.2512E+02  5.0864E-04 -7.0036E-03
  2.2624E+02  2.5623E-03 -7.8545E-03
  2.2736E+02  4.8891E-03 -7.8013E-03
  2.2848E+02  7.1503E-03 -6.8850E-03
  2.2960E+02  9.0396E-03 -5.2539E-03
  2.3072E+02  1.0321E-02 -3.1419E-03
  2.3184E+02  1.0852E-02 -8.3636E-04
  2.3296E+02  1.0590E-02  1.3600E-03
  2.3408E+02  9.5952E-03  3.1692E-03
  2.3520E+02  8.0148E-03  4.3736E-03
  2.3632E+02  6.0643E-03  4.8422E-03
  2.3744E+02  3.9990E-03  4.5449E-03
  2.3856E+02  2.0839E-03  3.5520E-03
  2.3968E+02  5.5977E-04  2.0208E-03
  2.4080E+02 -3.9200E-04  1.7138E-04
  2.4192E+02 -6.7868E-04 -1.7439E-03
  2.4304E+02 -3.0758E-04 -3.4725E-03
  2.4416E+02  6.2610E-04 -4.7943E-03
  2.4528E+02  1.9675E-03 -5.5489E-03
  2.4640E+02  3.5311E-03 -5.6572E-03
  2.4752E+02  5.1217E-03 -5.1296E-03
  2.4864E+02  6.5488E-03 -4.0616E-03
  2.4976E+02  7.6441E-03 -2.6173E-03
  2.5088E+02  8.2809E-03 -1.0033E-03
  2.5200E+02  8.3893E-03  5.6102E-04
  2.5312E+02  7.9585E-03  1.8737E-03
  2.5424E+02  7.0328E-03  2.7778E-03
  2.5536E+02  5.7091E-03  3.1804E-03
  2.5648E+02  4.1413E-03  3.0614E-03
  2.5760E+02  2.5358E-03  2.4690E-03
  2.5872E+02  1.1246E-03  1.5066E-03
  2.5984E+02  1.1690E-04  3.1408E-04
  2.6096E+02 -3.5194E-04 -9.5095E-04
  2.6208E+02 -2.4608E-04 -2.1306E-03
  2.6320E+02  3.7803E-04 -3.0831E-03
  2.6432E+02  1.4003E-03 -3.6986E-03
  2.6544E+02  2.6664E-03 -3.9128E-03
  2.6656E+02  4.0062E-03 -3.7140E-03
  2.6768E+02  5.2462E-03 -3.1442E-03
  2.6880E+02  6.2246E-03 -2.2902E-03
  2.6992E+02  6.8136E-03 -1.2706E-03
  2.7104E+02  6.9419E-03 -2.1931E-04
  2.7216E+02  6.6075E-03  7.3197E-04
  2.7328E+02  5.8744E-03  1.4687E-03
  2.7440E+02  4.8556E-03  1.9072E-03
  2.7552E+02  3.6911E-03  2.0037E-03
  2.7664E+02  2.5277E-03  1.7597E-03
  2.7776E+02  1.5039E-03  1.2201E-03
  2.7888E+02  7.3887E-04  4.6598E-04
  2.8000E+02  3.2060E-04 -3.9782E-04
  2.8112E+02  2.9511E-04 -1.2575E-03
  2.8224E+02  6.5872E-04 -2.0058E-03
  2.8336E+02  1.3568E-03 -2.5550E-03
  2.8448E+02  2.2888E-03 -2.8467E-03
  2.8560E+02  3.3204E-03 -2.8569E-03
  2.8672E+02  4.3010E-03 -2.5963E-03
  2.8784E+02  5.0907E-03 -2.1069E-03
  2.8896E+02  5.5870E-03 -1.4562E-03
  2.9008E+02  5.7429E-03 -7.2962E-04
  2.9120E+02  5.5655E-03 -2.0369E-05
  2.9232E+02  5.0977E-03  5.8200E-04
  2.9344E+02  4.4002E-03  1.0045E-03
  2.9456E+02  3.5466E-03  1.2014E-03
  2.9568E+02  2.6336E-03  1.1589E-03
  2.9680E+02  1.7842E-03  8.9386E-04
  2.9792E+02  1.1317E-03  4.4759E-04
  2.9904E+02  7.8203E-04 -1.2149E-04
  3.0016E+02  7.7959E-04 -7.4417E-04
  3.0128E+02  1.0970E-03 -1.3460E-03
  3.0240E+02  1.6535E-03 -1.8539E-03
  3.0352E+02  2.3468E-03 -2.2052E-03
  3.0464E+02  3.0770E-03 -2.3570E-03
  3.0576E+02  3.7560E-03 -2.2930E-03
  3.0688E+02  4.3079E-03 -2.0266E-03
  3.0800E+02  4.6720E-03 -1.5978E-03
  3.0912E+02  4.8105E-03 -1.0670E-03
  3.1024E+02  4.7156E-03 -5.0647E-04
  3.1136E+02  4.4094E-03  9.9274E-06
  3.1248E+02  3.9363E-03  4.1619E-04
  3.1360E+02  3.3555E-03  6.6325E-04
  3.1472E+02  2.7365E-03  7.2497E-04
  3.1584E+02  2.1579E-03  6.0025E-04
  3.1696E+02  1.7000E-03  3.1111E-04
  3.1808E+02  1.4307E-03 -1.0178E-04
  3.1920E+02  1.3867E-03 -5.8482E-04
  3.2032E+02  1.5610E-03 -1.0772E-03
  3.2144E+02  1.9069E-03 -1.5172E-03
  3.2256E+02  2.3551E-03 -1.8489E-03
  3.2368E+02  2.8349E-03 -2.0303E-03
  3.2480E+02  3.2895E-03 -2.0403E-03
  3.2592E+02  3.6780E-03 -1.8820E-03
  3.2704E+02  3.9694E-03 -1.5830E-03
  3.2816E+02  4.1365E-03 -1.1896E-03
  3.2928E+02  4.1559E-03 -7.5848E-04
  3.3040E+02  4.0159E-03 -3.4772E-04
  3.3152E+02  3.7269E-03 -8.8022E-06
  3.3264E+02  3.3273E-03  2.1891E-04
  3.3376E+02  2.8793E-03  3.1124E-04
  3.3488E+02  2.4545E-03  2.6073E-04
  3.3600E+02  2.1152E-03  7.6912E-05
  3.3712E+02  1.9012E-03 -2.1445E-04
  3.3824E+02  1.8266E-03 -5.7401E-04
  3.3936E+02  1.8858E-03 -9.5369E-04
  3.4048E+02  2.0608E-03 -1.3033E-03
  3.4160E+02  2.3265E-03 -1.5781E-03
  3.4272E+02  2.6518E-03 -1.7449E-03
  3.4384E+02  2.9991E-03 -1.7865E-03
  3.4496E+02  3.3259E-03 -1.7029E-03
  3.4608E+02  3.5893E-03 -1.5103E-03
  3.4720E+02  3.7525E-03 -1.2379E-03
  3.4832E+02  3.7932E-03 -9.2334E-04
  3.4944E+02  3.7100E-03 -6.0795E-04
  3.5056E+02  3.5227E-03 -3.3217E-04
  3.5168E+02  3.2655E-03 -1.3076E-04
  3.5280E+02  2.9759E-03 -2.8269E-05
  3.5392E+02  2.6864E-03 -3.5407E-05
  3.5504E+02  2.4245E-03 -1.4735E-04
  3.5616E+02  2.2171E-03 -3.4507E-04
  3.5728E+02  2.0925E-03 -5.9928E-04
  3.5840E+02  2.0746E-03 -8.7568E-04
  3.5952E+02  2.1712E-03 -1.1398E-03
  3.6064E+02  2.3668E-03 -1.3603E-03
  3.6176E+02  2.6247E-03 -1.5119E-03
  3.6288E+02  2.8990E-03 -1.5774E-03
  3.6400E+02  3.1481E-03 -1.5500E-03
  3.6512E+02  3.3424E-03 -1.4348E-03
  3.6624E+02  3.4654E-03 -1.2490E-03
  3.6736E+02  3.5101E-03 -1.0189E-03
  3.6848E+02  3.4763E-03 -7.7668E-04
  3.6960E+02  3.3704E-03 -5.5499E-04
  3.7072E+02  3.2060E-03 -3.8246E-04
  3.7184E+02  3.0043E-03 -2.8007E-04
  3.7296E+02  2.7908E-03 -2.5872E-04
  3.7408E+02  2.5917E-03 -3.1820E-04
  3.7520E+02  2.4306E-03 -4.4774E-04
  3.7632E+02  2.3269E-03 -6.2787E-04
  3.7744E+02  2.2950E-03 -8.3366E-04
  3.7856E+02  2.3411E-03 -1.0383E-03
  3.7968E+02  2.4601E-03 -1.2167E-03
  3.8080E+02  2.6326E-03 -1.3478E-03
  3.8192E+02  2.8279E-03 -1.4166E-03
  3.8304E+02  3.0125E-03 -1.4158E-03
  3.8416E+02  3.1598E-03 -1.3464E-03
  3.8528E+02  3.2556E-03 -1.2182E-03
  3.8640E+02  3.2977E-03 -1.0497E-03
  3.8752E+02  3.2911E-03 -8.6499E-04
  3.8864E+02  3.2415E-03 -6.9025E-04
  3.8976E+02  3.1540E-03 -5.4936E-04
  3.9088E+02  3.0344E-03 -4.6003E-04
  3.9200E+02  2.8925E-03 -4.3156E-04
  3.9312E+02  2.7443E-03 -4.6432E-04
  3.9424E+02  2.6105E-03 -5.5072E-04
  3.9536E+02  2.5110E-03 -6.7700E-04
  3.9648E+02  2.4599E-03 -8.2532E-04
  3.9760E+02  2.4627E-03 -9.7605E-04
  3.9872E+02  2.5174E-03 -1.1102E-03
  3.9984E+02  2.6172E-03 -1.2116E-03
  4.0096E+02  2.7509E-03 -1.2696E-03
  4.0208E+02  2.9018E-03 -1.2792E-03
  4.0320E+02  3.0475E-03 -1.2417E-03
  4.0432E+02  3.1628E-03 -1.1634E-03
  4.0544E+02  3.2278E-03 -1.0548E-03
  4.0656E+02  3.2342E-03 -9.2908E-04
  4.0768E+02  3.1876E-03 -8.0188E-04
  4.0880E+02  3.1031E-03 -6.8938E-04
  4.0992E+02  2.9980E-03 -6.0639E-04
  4.1104E+02  2.8866E-03 -5.6383E-04
  4.1216E+02  2.7798E-03 -5.6673E-04
  4.1328E+02  2.6865E-03 -6.1343E-04
  4.1440E+02  2.6167E-03 -6.9619E-04
  4.1552E+02  2.5802E-03 -8.0282E-04
  4.1664E+02  2.5832E-03 -9.1871E-04
  4.1776E+02  2.6251E-03 -1.0288E-03
  4.1888E+02  2.6978E-03 -1.1192E-03
  4.2000E+02  2.7883E-03 -1.1787E-03
  4.2112E+02  2.8826E-03 -1.2002E-03
  4.2224E+02  2.9689E-03 -1.1819E-03
  4.2336E+02  3.0371E-03 -1.1271E-03
  4.2448E+02  3.0792E-03 -1.0439E-03
  4.2560E+02  3.0910E-03 -9.4420E-04
  4.2672E+02  3.0738E-03 -8.4154E-04
  4.2784E+02  3.0347E-03 -7.4997E-04
  4.2896E+02  2.9821E-03 -6.8192E-04
  4.3008E+02  2.9222E-03 -6.4630E-04
  4.3120E+02  2.8574E-03 -6.4682E-04
  4.3232E+02  2.7902E-03 -6.8148E-04
  4.3344E+02  2.7267E-03 -7.4334E-04
  4.3456E+02  2.6771E-03 -8.2227E-04
  4.3568E+02  2.6509E-03 -9.0689E-04
  4.3680E+02  2.6528E-03 -9.8610E-04
  4.3792E+02  2.6819E-03 -1.0502E-03
  4.3904E+02  2.7336E-03 -1.0920E-03
  4.4016E+02  2.8016E-03 -1.1075E-03
  4.4128E+02  2.8776E-03 -1.0962E-03
  4.4240E+02  2.9497E-03 -1.0611E-03
  4.4352E+02  3.0050E-03 -1.0076E-03
  4.4464E+02  3.0328E-03 -9.4268E-04
  4.4576E+02  3.0295E-03 -8.7416E-04
  4.4688E+02  2.9987E-03 -8.1025E-04
  4.4800E+02  2.9488E-03 -7.5881E-04
  4.4912E+02  2.8893E-03 -7.2633E-04
  4.5024E+02  2.8285E-03 -7.1687E-04
  4.5136E+02  2.7732E-03 -7.3132E-04
  4.5248E+02  2.7276E-03 -7.6716E-04
  4.5360E+02  2.6938E-03 -8.1875E-04
  4.5472E+02  2.6724E-03 -8.7823E-04
  4.5584E+02  2.6644E-03 -9.3679E-04
  4.5696E+02  2.6724E-03 -9.8634E-04
  4.5808E+02  2.6995E-03 -1.0209E-03
  4.5920E+02  2.7456E-03 -1.0372E-03
  4.6032E+02  2.8036E-03 -1.0348E-03
  4.6144E+02  2.8608E-03 -1.0153E-03
  4.6256E+02  2.9037E-03 -9.8156E-04
  4.6368E+02  2.9244E-03 -9.3747E-04
  4.6480E+02  2.9225E-03 -8.8822E-04
  4.6592E+02  2.9035E-03 -8.3997E-04
  4.6704E+02  2.8723E-03 -7.9909E-04
  4.6816E+02  2.8316E-03 -7.7084E-04
  4.6928E+02  2.7824E-03 -7.5837E-04
  4.7040E+02  2.7288E-03 -7.6232E-04
  4.7152E+02  2.6787E-03 -7.8123E-04
  4.7264E+02  2.6416E-03 -8.1213E-04
  4.7376E+02  2.6233E-03 -8.5101E-04
  4.7488E+02  2.6235E-03 -8.9297E-04
  4.7600E+02  2.6378E-03 -9.3250E-04
  4.7712E+02  2.6609E-03 -9.6419E-04
  4.7824E+02  2.6890E-03 -9.8371E-04
  4.7936E+02  2.7190E-03 -9.8856E-04
  4.8048E+02  2.7467E-03 -9.7842E-04
  4.8160E+02  2.7671E-03 -9.5494E-04
  4.8272E+02  2.7768E-03 -9.2140E-04
  4.8384E+02  2.7758E-03 -8.8237E-04
  4.8496E+02  2.7667E-03 -8.4329E-04
  4.8608E+02  2.7522E-03 -8.0968E-04
  4.8720E+02  2.7326E-03 -7.8613E-04
  4.8832E+02  2.7059E-03 -7.7530E-04
  4.8944E+02  2.6706E-03 -7.7753E-04
  4.9056E+02  2.6287E-03 -7.9099E-04
  4.9168E+02  2.5865E-03 -8.1256E-04
  4.9280E+02  2.5525E-03 -8.3870E-04
  4.9392E+02  2.5342E-03 -8.6608E-04
  4.9504E+02  2.5346E-03 -8.9181E-04
  4.9616E+02  2.5511E-03 -9.1332E-04
  4.9728E+02  2.5771E-03 -9.2831E-04
  4.9840E+02  2.6049E-03 -9.3487E-04
  4.9952E+02  2.6288E-03 -9.3191E-04
  5.0064E+02  2.6459E-03 -9.1951E-04
  5.0176E+02  2.6548E-03 -8.9915E-04
  5.0288E+02  2.6549E-03 -8.7347E-04
  5.0400E+02  2.6454E-03 -8.4583E-04
  5.0512E+02  2.6271E-03 -8.1977E-04
  5.0624E+02  2.6024E-03 -7.9857E-04
  5.0736E+02  2.5750E-03 -7.8489E-04
  5.0848E+02  2.5483E-03 -7.8040E-04
  5.0960E+02  2.5239E-03 -7.8548E-04
  5.1072E+02  2.5020E-03 -7.9898E-04
  5.1184E+02  2.4829E-03 -8.1843E-04
  5.1296E+02  2.4678E-03 -8.4058E-04
  5.1408E+02  2.4593E-03 -8.6208E-04
  5.1520E+02  2.4597E-03 -8.8009E-04
  5.1632E+02  2.4690E-03 -8.9257E-04
  5.1744E+02  2.4842E-03 -8.9833E-04
  5.1856E+02  2.5007E-03 -8.9690E-04
  5.1968E+02  2.5143E-03 -8.8852E-04
  5.2080E+02  2.5227E-03 -8.7424E-04
  5.2192E+02  2.5259E-03 -8.5594E-04
  5.2304E+02  2.5241E-03 -8.3612E-04
  5.2416E+02  2.5173E-03 -8.1745E-04
  5.2528E+02  2.5044E-03 -8.0226E-04
  5.2640E+02  2.4851E-03 -7.9217E-04
  5.2752E+02  2.4609E-03 -7.8797E-04
  5.2864E+02  2.4358E-03 -7.8973E-04
  5.2976E+02  2.4138E-03 -7.9698E-04
  5.3088E+02  2.3978E-03 -8.0872E-04
  5.3200E+02  2.3879E-03 -8.2338E-04
  5.3312E+02  2.3831E-03 -8.3889E-04
  5.3424E+02  2.3824E-03 -8.5299E-04
  5.3536E+02  2.3863E-03 -8.6374E-04
  5.3648E+02  2.3956E-03 -8.6991E-04
  5.3760E+02  2.4095E-03 -8.7111E-04
  5.3872E+02  2.4252E-03 -8.6762E-04
  5.3984E+02  2.4379E-03 -8.6008E-04
  5.4096E+02  2.4437E-03 -8.4931E-04
  5.4208E+02  2.4411E-03 -8.3639E-04
  5.4320E+02  2.4314E-03 -8.2273E-04
  5.4432E+02  2.4178E-03 -8.1005E-04
  5.4544E+02  2.4029E-03 -8.0013E-04
  5.4656E+02  2.3888E-03 -7.9448E-04
  5.4768E+02  2.3764E-03 -7.9393E-04
  5.4880E+02  2.3657E-03 -7.9853E-04
  5.4992E+02  2.3564E-03 -8.0743E-04
  5.5104E+02  2.3486E-03 -8.1913E-04
  5.5216E+02  2.3429E-03 -8.3176E-04
  5.5328E+02  2.3410E-03 -8.4355E-04
  5.5440E+02  2.3443E-03 -8.5310E-04
  5.5552E+02  2.3526E-03 -8.5951E-04
  5.5664E+02  2.3639E-03 -8.6232E-04
  5.5776E+02  2.3750E-03 -8.6138E-04
  5.5888E+02  2.3832E-03 -8.5688E-04
  5.6000E+02  2.3873E-03 -8.4936E-04
  5.6112E+02  2.3877E-03 -8.3985E-04
  5.6224E+02  2.3857E-03 -8.2975E-04
  5.6336E+02  2.3823E-03 -8.2062E-04
  5.6448E+02  2.3777E-03 -8.1388E-04
  5.6560E+02  2.3718E-03 -8.1052E-04
  5.6672E+02  2.3640E-03 -8.1086E-04
  5.6784E+02  2.3543E-03 -8.1460E-04
  5.6896E+02  2.3437E-03 -8.2094E-04
  5.7008E+02  2.3349E-03 -8.2890E-04
  5.7120E+02  2.3304E-03 -8.3754E-04
  5.7232E+02  2.3317E-03 -8.4606E-04
  5.7344E+02  2.3380E-03 -8.5373E-04
  5.7456E+02  2.3469E-03 -8.5984E-04
  5.7568E+02  2.3562E-03 -8.6368E-04
  5.7680E+02  2.3646E-03 -8.6480E-04
  5.7792E+02  2.3719E-03 -8.6314E-04
  5.7904E+02  2.3778E-03 -8.5910E-04
  5.8016E+02  2.3818E-03 -8.5344E-04
  5.8128E+02  2.3832E-03 -8.4710E-04
  5.8240E+02  2.3817E-03 -8.4101E-04
  5.8352E+02  2.3777E-03 -8.3604E-04
  5.8464E+02  2.3722E-03 -8.3290E-04
  5.8576E+02  2.3664E-03 -8.3212E-04
  5.8688E+02  2.3613E-03 -8.3389E-04
  5.8800E+02  2.3573E-03 -8.3809E-04
  5.8912E+02  2.3547E-03 -8.4421E-04
  5.9024E+02  2.3531E-03 -8.5143E-04
  5.9136E+02  2.3528E-03 -8.5880E-04
  5.9248E+02  2.3543E-03 -8.6543E-04
  5.9360E+02  2.3583E-03 -8.7062E-04
  5.9472E+02  2.3646E-03 -8.7399E-04
  5.9584E+02  2.3723E-03 -8.7542E-04
  5.9696E+02  2.3800E-03 -8.7498E-04
  5.9808E+02  2.3862E-03 -8.7288E-04
  5.9920E+02  2.3902E-03 -8.6952E-04
  6.0032E+02  2.3919E-03 -8.6544E-04
  6.0144E+02  2.3916E-03 -8.6128E-04
  6.0256E+02  2.3893E-03 -8.5769E-04
  6.0368E+02  2.3855E-03 -8.5522E-04
  6.0480E+02  2.3806E-03 -8.5425E-04
  6.0592E+02  2.3756E-03 -8.5496E-04
  6.0704E+02  2.3714E-03 -8.5736E-04
  6.0816E+02  2.3687E-03 -8.6124E-04
  6.0928E+02  2.3675E-03 -8.6618E-04
  6.1040E+02  2.3674E-03 -8.7160E-04
  6.1152E+02  2.3679E-03 -8.7679E-04
  6.1264E+02  2.3691E-03 -8.8109E-04
  6.1376E+02  2.3716E-03 -8.8406E-04
  6.1488E+02  2.3756E-03 -8.8552E-04
  6.1600E+02  2.3808E-03 -8.8558E-04
  6.1712E+02  2.3858E-03 -8.8444E-04
  6.1824E+02  2.3890E-03 -8.8235E-04
  6.1936E+02  2.3894E-03 -8.7956E-04
  6.2048E+02  2.3870E-03 -8.7634E-04
  6.2160E+02  2.3827E-03 -8.7312E-04
  6.2272E+02  2.3776E-03 -8.7037E-04
  6.2384E+02  2.3725E-03 -8.6857E-04
  6.2496E+02  2.3679E-03 -8.6807E-04
  6.2608E+02  2.3643E-03 -8.6905E-04
  6.2720E+02  2.3616E-03 -8.7141E-04
  6.2832E+02  2.3593E-03 -8.7484E-04
  6.2944E+02  2.3568E-03 -8.7876E-04
  6.3056E+02  2.3539E-03 -8.8252E-04
  6.3168E+02  2.3512E-03 -8.8554E-04
  6.3280E+02  2.3498E-03 -8.8746E-04
  6.3392E+02  2.3500E-03 -8.8820E-04
  6.3504E+02  2.3517E-03 -8.8787E-04
  6.3616E+02  2.3534E-03 -8.8665E-04
  6.3728E+02  2.3540E-03 -8.8472E-04
  6.3840E+02  2.3527E-03 -8.8226E-04
  6.3952E+02  2.3493E-03 -8.7946E-04
  6.4064E+02  2.3441E-03 -8.7657E-04
  6.4176E+02  2.3380E-03 -8.7393E-04
  6.4288E+02  2.3317E-03 -8.7186E-04
  6.4400E+02  2.3256E-03 -8.7065E-04
  6.4512E+02  2.3199E-03 -8.7044E-04
  6.4624E+02  2.3143E-03 -8.7120E-04
  6.4736E+02  2.3089E-03 -8.7271E-04
  6.4848E+02  2.3038E-03 -8.7464E-04
  6.4960E+02  2.2994E-03 -8.7664E-04
  6.5072E+02  2.2959E-03 -8.7837E-04
  6.5184E+02  2.2930E-03 -8.7955E-04
  6.5296E+02  2.2906E-03 -8.7999E-04
  6.5408E+02  2.2881E-03 -8.7956E-04
  6.5520E+02  2.2852E-03 -8.7826E-04
  6.5632E+02  2.2818E-03 -8.7618E-04
  6.5744E+02  2.2779E-03 -8.7352E-04
  6.5856E+02  2.2734E-03 -8.7056E-04
  6.5968E+02  2.2683E-03 -8.6762E-04
  6.6080E+02  2.2626E-03 -8.6499E-04
  6.6192E+02  2.2562E-03 -8.6287E-04
  6.6304E+02  2.2491E-03 -8.6139E-04
  6.6416E+02  2.2414E-03 -8.6055E-04
  6.6528E+02  2.2335E-03 -8.6027E-04
  6.6640E+02  2.2261E-03 -8.6045E-04
  6.6752E+02  2.2196E-03 -8.6095E-04
  6.6864E+02  2.2142E-03 -8.6163E-04
  6.6976E+02  2.2097E-03 -8.6231E-04
  6.7088E+02  2.2057E-03 -8.6277E-04
  6.7200E+02  2.2017E-03 -8.6282E-04
  6.7312E+02  2.1977E-03 -8.6228E-04
  6.7424E+02  2.1935E-03 -8.6109E-04
  6.7536E+02  2.1890E-03 -8.5929E-04
  6.7648E+02  2.1841E-03 -8.5698E-04
  6.7760E+02  2.1785E-03 -8.5434E-04
  6.7872E+02  2.1726E-03 -8.5158E-04
  6.7984E+02  2.1665E-03 -8.4895E-04
  6.8096E+02  2.1605E-03 -8.4671E-04
  6.8208E+02  2.1545E-03 -8.4503E-04
  6.8320E+02  2.1483E-03 -8.4397E-04
  6.8432E+02  2.1416E-03 -8.4347E-04
  6.8544E+02  2.1345E-03 -8.4336E-04
  6.8656E+02  2.1277E-03 -8.4347E-04
  6.8768E+02  2.1217E-03 -8.4366E-04
  6.8880E+02  2.1169E-03 -8.4383E-04
  6.8992E+02  2.1129E-03 -8.4389E-04
  6.9104E+02  2.1095E-03 -8.4374E-04
  6.9216E+02  2.1062E-03 -8.4328E-04
  6.9328E+02  2.1026E-03 -8.4243E-04
  6.9440E+02  2.0987E-03 -8.4115E-04
  6.9552E+02  2.0948E-03 -8.3951E-04
  6.9664E+02  2.0909E-03 -8.3763E-04
  6.9776E+02  2.0869E-03 -8.3569E-04
  6.9888E+02  2.0826E-03 -8.3385E-04
  7.0000E+02  2.0778E-03 -8.3223E-04
  7.0112E+02  2.0727E-03 -8.3090E-04
  7.0224E+02  2.0676E-03 -8.2993E-04
  7.0336E+02  2.0631E-03 -8.2938E-04
  7.0448E+02  2.0592E-03 -8.2926E-04
  7.0560E+02  2.0557E-03 -8.2953E-04
  7.0672E+02  2.0525E-03 -8.3004E-04
  7.0784E+02  2.0493E-03 -8.3062E-04
  7.0896E+02  2.0464E-03 -8.3110E-04
  7.1008E+02  2.0440E-03 -8.3135E-04
  7.1120E+02  2.0421E-03 -8.3133E-04
  7.1232E+02  2.0408E-03 -8.3102E-04
  7.1344E+02  2.0397E-03 -8.3048E-04
  7.1456E+02  2.0387E-03 -8.2976E-04
  7.1568E+02  2.0375E-03 -8.2892E-04
  7.1680E+02  2.0360E-03 -8.2804E-04
  7.1792E+02  2.0343E-03 -8.2720E-04
  7.1904E+02  2.0325E-03 -8.2649E-04
  7.2016E+02  2.0308E-03 -8.2602E-04
  7.2128E+02  2.0292E-03 -8.2584E-04
  7.2240E+02  2.0277E-03 -8.2597E-04
  7.2352E+02  2.0263E-03 -8.2641E-04
  7.2464E+02  2.0253E-03 -8.2710E-04
  7.2576E+02  2.0249E-03 -8.2800E-04
  7.2688E+02  2.0250E-03 -8.2903E-04
  7.2800E+02  2.0256E-03 -8.3010E-04
  7.2912E+02  2.0263E-03 -8.3111E-04
  7.3024E+02  2.0273E-03 -8.3197E-04
  7.3136E+02  2.0284E-03 -8.3263E-04
  7.3248E+02  2.0298E-03 -8.3308E-04
  7.3360E+02  2.0313E-03 -8.3335E-04
  7.3472E+02  2.0328E-03 -8.3350E-04
  7.3584E+02  2.0343E-03 -8.3358E-04
  7.3696E+02  2.0359E-03 -8.3371E-04
  7.3808E+02  2.0375E-03 -8.3396E-04
  7.3920E+02  2.0390E-03 -8.3441E-04
  7.4032E+02  2.0404E-03 -8.3508E-04
  7.4144E+02  2.0417E-03 -8.3597E-04
  7.4256E+02  2.0432E-03 -8.3707E-04
  7.4368E+02  2.0452E-03 -8.3837E-04
  7.4480E+02  2.0475E-03 -8.3984E-04
  7.4592E+02  2.0501E-03 -8.4143E-04
  7.4704E+02  2.0528E-03 -8.4304E-04
  7.4816E+02  2.0556E-03 -8.4460E-04
  7.4928E+02  2.0587E-03 -8.4604E-04
  7.5040E+02  2.0622E-03 -8.4734E-04
  7.5152E+02  2.0660E-03 -8.4853E-04
  7.5264E+02  2.0698E-03 -8.4961E-04
  7.5376E+02  2.0734E-03 -8.5060E-04
  7.5488E+02  2.0768E-03 -8.5152E-04
  7.5600E+02  2.0799E-03 -8.5240E-04
  7.5712E+02  2.0831E-03 -8.5330E-04
  7.5824E+02  2.0864E-03 -8.5429E-04
  7.5936E+02  2.0898E-03 -8.5543E-04
  7.6048E+02  2.0931E-03 -8.5674E-04
  7.6160E+02  2.0963E-03 -8.5823E-04
  7.6272E+02  2.0994E-03 -8.5984E-04
  7.6384E+02  2.1026E-03 -8.6153E-04
  7.6496E+02  2.1060E-03 -8.6327E-04
  7.6608E+02  2.1097E-03 -8.6504E-04
  7.6720E+02  2.1136E-03 -8.6678E-04
  7.6832E+02  2.1174E-03 -8.6846E-04
  7.6944E+02  2.1213E-03 -8.7003E-04
  7.7056E+02  2.1251E-03 -8.7147E-04
  7.7168E+02  2.1288E-03 -8.7277E-04
  7.7280E+02  2.1325E-03 -8.7394E-04
  7.7392E+02  2.1360E-03 -8.7503E-04
  7.7504E+02  2.1394E-03 -8.7607E-04
  7.7616E+02  2.1426E-03 -8.7711E-04
  7.7728E+02  2.1456E-03 -8.7818E-04
  7.7840E+02  2.1482E-03 -8.7929E-04
  7.7952E+02  2.1507E-03 -8.8045E-04
  7.8064E+02  2.1532E-03 -8.8168E-04
  7.8176E+02  2.1559E-03 -8.8301E-04
  7.8288E+02  2.1585E-03 -8.8442E-04
  7.8400E+02  2.1609E-03 -8.8587E-04
  7.8512E+02  2.1631E-03 -8.8730E-04
  7.8624E+02  2.1652E-03 -8.8866E-04
  7.8736E+02  2.1672E-03 -8.8990E-04
  7.8848E+02  2.1693E-03 -8.9102E-04
  7.8960E+02  2.1715E-03 -8.9202E-04
  7.9072E+02  2.1734E-03 -8.9292E-04
  7.9184E+02  2.1751E-03 -8.9371E-04
  7.9296E+02  2.1764E-03 -8.9438E-04
  7.9408E+02  2.1774E-03 -8.9496E-04
  7.9520E+02  2.1781E-03 -8.9547E-04
  7.9632E+02  2.1787E-03 -8.9595E-04
  7.9744E+02  2.1790E-03 -8.9643E-04
  7.9856E+02  2.1791E-03 -8.9693E-04
  7.9968E+02  2.1790E-03 -8.9746E-04
  8.0080E+02  2.1787E-03 -8.9802E-04
  8.0192E+02  2.1781E-03 -8.9858E-04
  8.0304E+02  2.1772E-03 -8.9912E-04
  8.0416E+02  2.1763E-03 -8.9961E-04
  8.0528E+02  2.1753E-03 -9.0004E-04
  8.0640E+02  2.1742E-03 -9.0038E-04
  8.0752E+02  2.1729E-03 -9.0063E-04
  8.0864E+02  2.1714E-03 -9.0077E-04
  8.0976E+02  2.1696E-03 -9.0078E-04
  8.1088E+02  2.1675E-03 -9.0065E-04
  8.1200E+02  2.1650E-03 -9.0040E-04
  8.1312E+02  2.1624E-03 -9.0004E-04
  8.1424E+02  2.1596E-03 -8.9961E-04
  8.1536E+02  2.1565E-03 -8.9914E-04
  8.1648E+02  2.1531E-03 -8.9864E-04
  8.1760E+02  2.1493E-03 -8.9813E-04
  8.1872E+02  2.1452E-03 -8.9760E-04
  8.1984E+02  2.1409E-03 -8.9705E-04
  8.2096E+02  2.1365E-03 -8.9649E-04
  8.2208E+02  2.1319E-03 -8.9590E-04
  8.2320E+02  2.1272E-03 -8.9529E-04
  8.2432E+02  2.1222E-03 -8.9462E-04
  8.2544E+02  2.1170E-03 -8.9387E-04
  8.2656E+02  2.1116E-03 -8.9302E-04
  8.2768E+02  2.1061E-03 -8.9208E-04
  8.2880E+02  2.1005E-03 -8.9104E-04
  8.2992E+02  2.0945E-03 -8.8989E-04
  8.3104E+02  2.0883E-03 -8.8865E-04
  8.3216E+02  2.0818E-03 -8.8730E-04
  8.3328E+02  2.0752E-03 -8.8588E-04
  8.3440E+02  2.0684E-03 -8.8442E-04
  8.3552E+02  2.0615E-03 -8.8294E-04
  8.3664E+02  2.0542E-03 -8.8146E-04
  8.3776E+02  2.0467E-03 -8.7996E-04
  8.3888E+02  2.0389E-03 -8.7844E-04
  8.4000E+02  2.0311E-03 -8.7691E-04
  8.4112E+02  2.0232E-03 -8.7535E-04
  8.4224E+02  2.0152E-03 -8.7379E-04
  8.4336E+02  2.0072E-03 -8.7220E-04
  8.4448E+02  1.9991E-03 -8.7059E-04
  8.4560E+02  1.9908E-03 -8.6892E-04
  8.4672E+02  1.9823E-03 -8.6719E-04
  8.4784E+02  1.9738E-03 -8.6538E-04
  8.4896E+02  1.9651E-03 -8.6349E-04
  8.5008E+02  1.9565E-03 -8.6155E-04
  8.5120E+02  1.9479E-03 -8.5956E-04
  8.5232E+02  1.9391E-03 -8.5756E-04
  8.5344E+02  1.9302E-03 -8.5555E-04
  8.5456E+02  1.9211E-03 -8.5353E-04
  8.5568E+02  1.9119E-03 -8.5150E-04
  8.5680E+02  1.9027E-03 -8.4947E-04
  8.5792E+02  1.8935E-03 -8.4746E-04
  8.5904E+02  1.8844E-03 -8.4548E-04
  8.6016E+02  1.8753E-03 -8.4354E-04
  8.6128E+02  1.8662E-03 -8.4162E-04
  8.6240E+02  1.8571E-03 -8.3971E-04
  8.6352E+02  1.8481E-03 -8.3780E-04
  8.6464E+02  1.8390E-03 -8.3588E-04
  8.6576E+02  1.8301E-03 -8.3393E-04
  8.6688E+02  1.8212E-03 -8.3198E-04
  8.6800E+02  1.8125E-03 -8.3002E-04
  8.6912E+02  1.8038E-03 -8.2806E-04
  8.7024E+02  1.7953E-03 -8.2611E-04
  8.7136E+02  1.7867E-03 -8.2418E-04
  8.7248E+02  1.7782E-03 -8.2227E-04
  8.7360E+02  1.7698E-03 -8.2039E-04
  8.7472E+02  1.7614E-03 -8.1853E-04
  8.7584E+02  1.7532E-03 -8.1672E-04
  8.7696E+02  1.7452E-03 -8.1497E-04
  8.7808E+02  1.7374E-03 -8.1328E-04
  8.7920E+02  1.7297E-03 -8.1166E-04
  8.8032E+02  1.7222E-03 -8.1010E-04
  8.8144E+02  1.7149E-03 -8.0860E-04
  8.8256E+02  1.7077E-03 -8.0715E-04
  8.8368E+02  1.7008E-03 -8.0573E-04
  8.8480E+02  1.6941E-03 -8.0436E-04
  8.8592E+02  1.6876E-03 -8.0302E-04
  8.8704E+02  1.6813E-03 -8.0172E-04
  8.8816E+02  1.6753E-03 -8.0046E-04
  8.8928E+02  1.6695E-03 -7.9924E-04
  8.9040E+02  1.6638E-03 -7.9807E-04
  8.9152E+02  1.6585E-03 -7.9696E-04
  8.9264E+02  1.6534E-03 -7.9592E-04
  8.9376E+02  1.6485E-03 -7.9496E-04
  8.9488E+02  1.6438E-03 -7.9409E-04
  8.9600E+02  1.6394E-03 -7.9329E-04
  8.9712E+02  1.6353E-03 -7.9258E-04
  8.9824E+02  1.6314E-03 -7.9196E-04
  8.9936E+02  1.6279E-03 -7.9142E-04
  9.0048E+02  1.6246E-03 -7.9096E-04
  9.0160E+02  1.6216E-03 -7.9058E-04
  9.0272E+02  1.6190E-03 -7.9028E-04
  9.0384E+02  1.6166E-03 -7.9004E-04
  9.0496E+02  1.6146E-03 -7.8988E-04
  9.0608E+02  1.6129E-03 -7.8978E-04
  9.0720E+02  1.6115E-03 -7.8975E-04
  9.0832E+02  1.6103E-03 -7.8979E-04
  9.0944E+02  1.6095E-03 -7.8991E-04
  9.1056E+02  1.6089E-03 -7.9009E-04
  9.1168E+02  1.6086E-03 -7.9035E-04
  9.1280E+02  1.6086E-03 -7.9069E-04
  9.1392E+02  1.6090E-03 -7.9112E-04
  9.1504E+02  1.6096E-03 -7.9164E-04
  9.1616E+02  1.6106E-03 -7.9227E-04
  9.1728E+02  1.6118E-03 -7.9298E-04
  9.1840E+02  1.6133E-03 -7.9378E-04
  9.1952E+02  1.6151E-03 -7.9466E-04
  9.2064E+02  1.6172E-03 -7.9562E-04
  9.2176E+02  1.6197E-03 -7.9665E-04
  9.2288E+02  1.6225E-03 -7.9777E-04
  9.2400E+02  1.6256E-03 -7.9896E-04
  9.2512E+02  1.6289E-03 -8.0022E-04
  9.2624E+02  1.6324E-03 -8.0153E-04
  9.2736E+02  1.6362E-03 -8.0290E-04
  9.2848E+02  1.6403E-03 -8.0431E-04
  9.2960E+02  1.6447E-03 -8.0580E-04
  9.3072E+02  1.6494E-03 -8.0736E-04
  9.3184E+02  1.6543E-03 -8.0900E-04
  9.3296E+02  1.6595E-03 -8.1071E-04
  9.3408E+02  1.6648E-03 -8.1249E-04
  9.3520E+02  1.6703E-03 -8.1433E-04
  9.3632E+02  1.6760E-03 -8.1623E-04
  9.3744E+02  1.6820E-03 -8.1819E-04
  9.3856E+02  1.6882E-03 -8.2020E-04
  9.3968E+02  1.6946E-03 -8.2228E-04
  9.4080E+02  1.7013E-03 -8.2441E-04
  9.4192E+02  1.7081E-03 -8.2659E-04
  9.4304E+02  1.7152E-03 -8.2881E-04
  9.4416E+02  1.7223E-03 -8.3107E-04
  9.4528E+02  1.7296E-03 -8.3336E-04
  9.4640E+02  1.7370E-03 -8.3567E-04
  9.4752E+02  1.7445E-03 -8.3800E-04
  9.4864E+02  1.7522E-03 -8.4035E-04
  9.4976E+02  1.7601E-03 -8.4274E-04
  9.5088E+02  1.7680E-03 -8.4516E-04
  9.5200E+02  1.7761E-03 -8.4762E-04
  9.5312E+02  1.7841E-03 -8.5010E-04
  9.5424E+02  1.7922E-03 -8.5259E-04
  9.5536E+02  1.8004E-03 -8.5510E-04
  9.5648E+02  1.8086E-03 -8.5763E-04
  9.5760E+02  1.8170E-03 -8.6016E-04
  9.5872E+02  1.8254E-03 -8.6271E-04
  9.5984E+02  1.8338E-03 -8.6526E-04
  9.6096E+02  1.8422E-03 -8.6782E-04
  9.6208E+02  1.8505E-03 -8.7037E-04
  9.6320E+02  1.8589E-03 -8.7290E-04
  9.6432E+02  1.8672E-03 -8.7542E-04
  9.6544E+02  1.8755E-03 -8.7791E-04
  9.6656E+02  1.8838E-03 -8.8039E-04
  9.6768E+02  1.8920E-03 -8.8285E-04
  9.6880E+02  1.9001E-03 -8.8528E-04
  9.6992E+02  1.9081E-03 -8.8768E-04
  9.7104E+02  1.9161E-03 -8.9006E-04
  9.7216E+02  1.9239E-03 -8.9241E-04
  9.7328E+02  1.9316E-03 -8.9473E-04
  9.7440E+02  1.9392E-03 -8.9702E-04
  9.7552E+02  1.9467E-03 -8.9927E-04
  9.7664E+02  1.9540E-03 -9.0148E-04
  9.7776E+02  1.9612E-03 -9.0365E-04
  9.7888E+02  1.9682E-03 -9.0578E-04
  9.8000E+02  1.9750E-03 -9.0785E-04
  9.8112E+02  1.9816E-03 -9.0987E-04
  9.8224E+02  1.9881E-03 -9.1182E-04
  9.8336E+02  1.9943E-03 -9.1372E-04
  9.8448E+02  2.0004E-03 -9.1555E-04
  9.8560E+02  2.0062E-03 -9.1732E-04
  9.8672E+02  2.0118E-03 -9.1902E-04
  9.8784E+02  2.0171E-03 -9.2065E-04
  9.8896E+02  2.0222E-03 -9.2221E-04
  9.9008E+02  2.0270E-03 -9.2369E-04
  9.9120E+02  2.0316E-03 -9.2510E-04
  9.9232E+02  2.0359E-03 -9.2644E-04
  9.9344E+02  2.0400E-03 -9.2771E-04
  9.9456E+02  2.0437E-03 -9.2890E-04
  9.9568E+02  2.0472E-03 -9.3002E-04
  9.9680E+02  2.0503E-03 -9.3105E-04
  9.9792E+02  2.0532E-03 -9.3200E-04
  9.9904E+02  2.0558E-03 -9.3287E-04
  1.0002E+03  2.0580E-03 -9.3365E-04
  1.0013E+03  2.0600E-03 -9.3435E-04
  1.0024E+03  2.0616E-03 -9.3495E-04
  1.0035E+03  2.0629E-03 -9.3546E-04
  1.0046E+03  2.0639E-03 -9.3587E-04
  1.0058E+03  2.0645E-03 -9.3619E-04
  1.0069E+03  2.0648E-03 -9.3642E-04
  1.0080E+03  2.0648E-03 -9.3656E-04
  1.0091E+03  2.0645E-03 -9.3661E-04
  1.0102E+03  2.0638E-03 -9.3657E-04
  1.0114E+03  2.0627E-03 -9.3643E-04
  1.0125E+03  2.0614E-03 -9.3621E-04
  1.0136E+03  2.0596E-03 -9.3589E-04
  1.0147E+03  2.0576E-03 -9.3549E-04
  1.0158E+03  2.0552E-03 -9.3499E-04
  1.0170E+03  2.0525E-03 -9.3440E-04
  1.0181E+03  2.0494E-03 -9.3372E-04
  1.0192E+03  2.0460E-03 -9.3295E-04
  1.0203E+03  2.0423E-03 -9.3209E-04
  1.0214E+03  2.0382E-03 -9.3115E-04
  1.0226E+03  2.0339E-03 -9.3011E-04
  1.0237E+03  2.0291E-03 -9.2899E-04
  1.0248E+03  2.0241E-03 -9.2777E-04
  1.0259E+03  2.0187E-03 -9.2646E-04
  1.0270E+03  2.0130E-03 -9.2507E-04
  1.0282E+03  2.0071E-03 -9.2360E-04
  1.0293E+03  2.0008E-03 -9.2205E-04
  1.0304E+03  1.9942E-03 -9.2043E-04
  1.0315E+03  1.9874E-03 -9.1873E-04
  1.0326E+03  1.9802E-03 -9.1696E-04
  1.0338E+03  1.9727E-03 -9.1511E-04
  1.0349E+03  1.9650E-03 -9.1319E-04
  1.0360E+03  1.9570E-03 -9.1120E-04
  1.0371E+03  1.9487E-03 -9.0915E-04
  1.0382E+03  1.9402E-03 -9.0703E-04
  1.0394E+03  1.9315E-03 -9.0485E-04
  1.0405E+03  1.9225E-03 -9.0261E-04
  1.0416E+03  1.9133E-03 -9.0031E-04
  1.0427E+03  1.9038E-03 -8.9795E-04
  1.0438E+03  1.8942E-03 -8.9554E-04
  1.0450E+03  1.8844E-03 -8.9307E-04
  1.0461E+03  1.8743E-03 -8.9056E-04
  1.0472E+03  1.8641E-03 -8.8801E-04
  1.0483E+03  1.8537E-03 -8.8541E-04
  1.0494E+03  1.8431E-03 -8.8277E-04
  1.0506E+03  1.8323E-03 -8.8009E-04
  1.0517E+03  1.8215E-03 -8.7739E-04
  1.0528E+03  1.8105E-03 -8.7465E-04
  1.0539E+03  1.7994E-03 -8.7189E-04
  1.0550E+03  1.7881E-03 -8.6911E-04
  1.0562E+03  1.7767E-03 -8.6631E-04
  1.0573E+03  1.7653E-03 -8.6348E-04
  1.0584E+03  1.7538E-03 -8.6064E-04
  1.0595E+03  1.7422E-03 -8.5779E-04
  1.0606E+03  1.7306E-03 -8.5493E-04
  1.0618E+03  1.7189E-03 -8.5206E-04
  1.0629E+03  1.7071E-03 -8.4919E-04
  1.0640E+03  1.6954E-03 -8.4632E-04
  1.0651E+03  1.6836E-03 -8.4345E-04
  1.0662E+03  1.6718E-03 -8.4058E-04
  1.0674E+03  1.6601E-03 -8.3773E-04
  1.0685E+03  1.6483E-03 -8.3489E-04
  1.0696E+03  1.6366E-03 -8.3206E-04
  1.0707E+03  1.6249E-03 -8.2926E-04
  1.0718E+03  1.6133E-03 -8.2648E-04
  1.0730E+03  1.6017E-03 -8.2373E-04
  1.0741E+03  1.5902E-03 -8.2101E-04
  1.0752E+03  1.5788E-03 -8.1831E-04
  1.0763E+03  1.5675E-03 -8.1565E-04
  1.0774E+03  1.5563E-03 -8.1303E-04
  1.0786E+03  1.5453E-03 -8.1044E-04
  1.0797E+03  1.5343E-03 -8.0790E-04
  1.0808E+03  1.5235E-03 -8.0541E-04
  1.0819E+03  1.5128E-03 -8.0296E-04
  1.0830E+03  1.5023E-03 -8.0056E-04
  1.0842E+03  1.4919E-03 -7.9821E-04
  1.0853E+03  1.4818E-03 -7.9591E-04
  1.0864E+03  1.4718E-03 -7.9368E-04
  1.0875E+03  1.4620E-03 -7.9150E-04
  1.0886E+03  1.4524E-03 -7.8939E-04
  1.0898E+03  1.4430E-03 -7.8735E-04
  1.0909E+03  1.4338E-03 -7.8537E-04
  1.0920E+03  1.4249E-03 -7.8346E-04
  1.0931E+03  1.4162E-03 -7.8163E-04
  1.0942E+03  1.4077E-03 -7.7986E-04
  1.0954E+03  1.3995E-03 -7.7817E-04
  1.0965E+03  1.3915E-03 -7.7655E-04
  1.0976E+03  1.3839E-03 -7.7502E-04
  1.0987E+03  1.3764E-03 -7.7356E-04
  1.0998E+03  1.3693E-03 -7.7219E-04
  1.1010E+03  1.3624E-03 -7.7089E-04
  1.1021E+03  1.3558E-03 -7.6968E-04
  1.1032E+03  1.3495E-03 -7.6855E-04
  1.1043E+03  1.3435E-03 -7.6751E-04
  1.1054E+03  1.3378E-03 -7.6655E-04
  1.1066E+03  1.3324E-03 -7.6568E-04
  1.1077E+03  1.3274E-03 -7.6491E-04
  1.1088E+03  1.3226E-03 -7.6422E-04
  1.1099E+03  1.3181E-03 -7.6362E-04
  1.1110E+03  1.3139E-03 -7.6310E-04
  1.1122E+03  1.3101E-03 -7.6268E-04
  1.1133E+03  1.3066E-03 -7.6235E-04
  1.1144E+03  1.3034E-03 -7.6211E-04
  1.1155E+03  1.3006E-03 -7.6197E-04
  1.1166E+03  1.2980E-03 -7.6191E-04
  1.1178E+03  1.2958E-03 -7.6194E-04
  1.1189E+03  1.2939E-03 -7.6207E-04
  1.1200E+03  1.2923E-03 -7.6228E-04
  1.1211E+03  1.2911E-03 -7.6258E-04
  1.1222E+03  1.2902E-03 -7.6297E-04
  1.1234E+03  1.2896E-03 -7.6345E-04
  1.1245E+03  1.2893E-03 -7.6401E-04
  1.1256E+03  1.2894E-03 -7.6466E-04
  1.1267E+03  1.2897E-03 -7.6540E-04
  1.1278E+03  1.2904E-03 -7.6622E-04
  1.1290E+03  1.2914E-03 -7.6713E-04
  1.1301E+03  1.2927E-03 -7.6812E-04
  1.1312E+03  1.2943E-03 -7.6919E-04
  1.1323E+03  1.2962E-03 -7.7034E-04
  1.1334E+03  1.2984E-03 -7.7157E-04
  1.1346E+03  1.3009E-03 -7.7287E-04
  1.1357E+03  1.3037E-03 -7.7425E-04
  1.1368E+03  1.3067E-03 -7.7571E-04
  1.1379E+03  1.3101E-03 -7.7723E-04
  1.1390E+03  1.3137E-03 -7.7883E-04
  1.1402E+03  1.3176E-03 -7.8049E-04
  1.1413E+03  1.3217E-03 -7.8222E-04
  1.1424E+03  1.3261E-03 -7.8401E-04
  1.1435E+03  1.3308E-03 -7.8586E-04
  1.1446E+03  1.3357E-03 -7.8778E-04
  1.1458E+03  1.3408E-03 -7.8975E-04
  1.1469E+03  1.3462E-03 -7.9177E-04
  1.1480E+03  1.3517E-03 -7.9385E-04
  1.1491E+03  1.3575E-03 -7.9598E-04
  1.1502E+03  1.3635E-03 -7.9816E-04
  1.1514E+03  1.3697E-03 -8.0038E-04
  1.1525E+03  1.3761E-03 -8.0265E-04
  1.1536E+03  1.3827E-03 -8.0496E-04
  1.1547E+03  1.3894E-03 -8.0730E-04
  1.1558E+03  1.3963E-03 -8.0968E-04
  1.1570E+03  1.4034E-03 -8.1209E-04
  1.1581E+03  1.4106E-03 -8.1453E-04
  1.1592E+03  1.4180E-03 -8.1700E-04
  1.1603E+03  1.4254E-03 -8.1950E-04
  1.1614E+03  1.4330E-03 -8.2201E-04
  1.1626E+03  1.4407E-03 -8.2455E-04
  1.1637E+03  1.4486E-03 -8.2710E-04
  1.1648E+03  1.4565E-03 -8.2967E-04
  1.1659E+03  1.4645E-03 -8.3224E-04
  1.1670E+03  1.4726E-03 -8.3483E-04
  1.1682E+03  1.4807E-03 -8.3742E-04
  1.1693E+03  1.4889E-03 -8.4002E-04
  1.1704E+03  1.4971E-03 -8.4261E-04
  1.1715E+03  1.5054E-03 -8.4520E-04
  1.1726E+03  1.5137E-03 -8.4779E-04
  1.1738E+03  1.5221E-03 -8.5037E-04
  1.1749E+03  1.5304E-03 -8.5294E-04
  1.1760E+03  1.5388E-03 -8.5550E-04
  1.1771E+03  1.5471E-03 -8.5804E-04
  1.1782E+03  1.5555E-03 -8.6056E-04
  1.1794E+03  1.5638E-03 -8.6306E-04
  1.1805E+03  1.5721E-03 -8.6554E-04
  1.1816E+03  1.5803E-03 -8.6799E-04
  1.1827E+03  1.5885E-03 -8.7042E-04
  1.1838E+03  1.5966E-03 -8.7282E-04
  1.1850E+03  1.6047E-03 -8.7518E-04
  1.1861E+03  1.6127E-03 -8.7751E-04
  1.1872E+03  1.6206E-03 -8.7980E-04
  1.1883E+03  1.6284E-03 -8.8206E-04
  1.1894E+03  1.6361E-03 -8.8427E-04
  1.1906E+03  1.6437E-03 -8.8644E-04
  1.1917E+03  1.6512E-03 -8.8856E-04
  1.1928E+03  1.6586E-03 -8.9064E-04
  1.1939E+03  1.6659E-03 -8.9267E-04
  1.1950E+03  1.6730E-03 -8.9465E-04
  1.1962E+03  1.6800E-03 -8.9657E-04
  1.1973E+03  1.6868E-03 -8.9845E-04
  1.1984E+03  1.6935E-03 -9.0026E-04
  1.1995E+03  1.7000E-03 -9.0202E-04
  1.2006E+03  1.7064E-03 -9.0372E-04
  1.2018E+03  1.7125E-03 -9.0537E-04
  1.2029E+03  1.7186E-03 -9.0695E-04
  1.2040E+03  1.7244E-03 -9.0846E-04
  1.2051E+03  1.7301E-03 -9.0992E-04
  1.2062E+03  1.7355E-03 -9.1131E-04
  1.2074E+03  1.7408E-03 -9.1264E-04
  1.2085E+03  1.7458E-03 -9.1390E-04
  1.2096E+03  1.7507E-03 -9.1509E-04
  1.2107E+03  1.7553E-03 -9.1622E-04
  1.2118E+03  1.7598E-03 -9.1727E-04
  1.2130E+03  1.7640E-03 -9.1826E-04
  1.2141E+03  1.7681E-03 -9.1918E-04
  1.2152E+03  1.7719E-03 -9.2003E-04
  1.2163E+03  1.7754E-03 -9.2081E-04
  1.2174E+03  1.7788E-03 -9.2152E-04
  1.2186E+03  1.7819E-03 -9.2215E-04
  1.2197E+03  1.7848E-03 -9.2272E-04
  1.2208E+03  1.7875E-03 -9.2321E-04
  1.2219E+03  1.7899E-03 -9.2364E-04
  1.2230E+03  1.7921E-03 -9.2399E-04
  1.2242E+03  1.7941E-03 -9.2428E-04
  1.2253E+03  1.7959E-03 -9.2449E-04
  1.2264E+03  1.7974E-03 -9.2463E-04
  1.2275E+03  1.7987E-03 -9.2471E-04
  1.2286E+03  1.7997E-03 -9.2471E-04
  1.2298E+03  1.8006E-03 -9.2465E-04
  1.2309E+03  1.8012E-03 -9.2452E-04
  1.2320E+03  1.8015E-03 -9.2432E-04
  1.2331E+03  1.8016E-03 -9.2406E-04
  1.2342E+03  1.8016E-03 -9.2373E-04
  1.2354E+03  1.8012E-03 -9.2333E-04
  1.2365E+03  1.8007E-03 -9.2288E-04
  1.2376E+03  1.7999E-03 -9.2235E-04
  1.2387E+03  1.7989E-03 -9.2177E-04
  1.2398E+03  1.7977E-03 -9.2113E-04
  1.2410E+03  1.7963E-03 -9.2043E-04
  1.2421E+03  1.7947E-03 -9.1967E-04
  1.2432E+03  1.7928E-03 -9.1885E-04
  1.2443E+03  1.7908E-03 -9.1797E-04
  1.2454E+03  1.7885E-03 -9.1705E-04
  1.2466E+03  1.7861E-03 -9.1607E-04
  1.2477E+03  1.7834E-03 -9.1503E-04
  1.2488E+03  1.7806E-03 -9.1395E-04
  1.2499E+03  1.7775E-03 -9.1282E-04
  1.2510E+03  1.7743E-03 -9.1164E-04
  1.2522E+03  1.7709E-03 -9.1042E-04
  1.2533E+03  1.7674E-03 -9.0916E-04
  1.2544E+03  1.7636E-03 -9.0785E-04
  1.2555E+03  1.7597E-03 -9.0650E-04
  1.2566E+03  1.7556E-03 -9.0511E-04
  1.2578E+03  1.7514E-03 -9.0369E-04
  1.2589E+03  1.7470E-03 -9.0223E-04
  1.2600E+03  1.7424E-03 -9.0073E-04
  1.2611E+03  1.7377E-03 -8.9921E-04
  1.2622E+03  1.7329E-03 -8.9765E-04
  1.2634E+03  1.7279E-03 -8.9607E-04
  1.2645E+03  1.7228E-03 -8.9446E-04
  1.2656E+03  1.7176E-03 -8.9283E-04
  1.2667E+03  1.7123E-03 -8.9117E-04
  1.2678E+03  1.7068E-03 -8.8949E-04
  1.2690E+03  1.7012E-03 -8.8780E-04
  1.2701E+03  1.6955E-03 -8.8608E-04
  1.2712E+03  1.6898E-03 -8.8435E-04
  1.2723E+03  1.6839E-03 -8.8261E-04
  1.2734E+03  1.6779E-03 -8.8085E-04
  1.2746E+03  1.6719E-03 -8.7908E-04
  1.2757E+03  1.6658E-03 -8.7731E-04
  1.2768E+03  1.6596E-03 -8.7553E-04
  1.2779E+03  1.6533E-03 -8.7374E-04
  1.2790E+03  1.6470E-03 -8.7195E-04
  1.2802E+03  1.6406E-03 -8.7015E-04
  1.2813E+03  1.6342E-03 -8.6836E-04
  1.2824E+03  1.6277E-03 -8.6657E-04
  1.2835E+03  1.6212E-03 -8.6478E-04
  1.2846E+03  1.6146E-03 -8.6300E-04
  1.2858E+03  1.6080E-03 -8.6122E-04
  1.2869E+03  1.6014E-03 -8.5945E-04
  1.2880E+03  1.5947E-03 -8.5769E-04
  1.2891E+03  1.5880E-03 -8.5594E-04
  1.2902E+03  1.5813E-03 -8.5420E-04
  1.2914E+03  1.5746E-03 -8.5248E-04
  1.2925E+03  1.5679E-03 -8.5077E-04
  1.2936E+03  1.5612E-03 -8.4908E-04
  1.2947E+03  1.5545E-03 -8.4740E-04
  1.2958E+03  1.5478E-03 -8.4574E-04
  1.2970E+03  1.5411E-03 -8.4410E-04
  1.2981E+03  1.5345E-03 -8.4249E-04
  1.2992E+03  1.5278E-03 -8.4089E-04
  1.3003E+03  1.5212E-03 -8.3932E-04
  1.3014E+03  1.5146E-03 -8.3777E-04
  1.3026E+03  1.5080E-03 -8.3625E-04
  1.3037E+03  1.5015E-03 -8.3475E-04
  1.3048E+03  1.4950E-03 -8.3328E-04
  1.3059E+03  1.4885E-03 -8.3184E-04
  1.3070E+03  1.4821E-03 -8.3042E-04
  1.3082E+03  1.4757E-03 -8.2904E-04
  1.3093E+03  1.4694E-03 -8.2768E-04
  1.3104E+03  1.4631E-03 -8.2635E-04
  1.3115E+03  1.4569E-03 -8.2506E-04
  1.3126E+03  1.4507E-03 -8.2380E-04
  1.3138E+03  1.4446E-03 -8.2257E-04
  1.3149E+03  1.4386E-03 -8.2137E-04
  1.3160E+03  1.4326E-03 -8.2021E-04
  1.3171E+03  1.4267E-03 -8.1907E-04
  1.3182E+03  1.4208E-03 -8.1798E-04
  1.3194E+03  1.4150E-03 -8.1691E-04
  1.3205E+03  1.4093E-03 -8.1588E-04
  1.3216E+03  1.4037E-03 -8.1489E-04
  1.3227E+03  1.3981E-03 -8.1393E-04
  1.3238E+03  1.3926E-03 -8.1300E-04
  1.3250E+03  1.3872E-03 -8.1211E-04
  1.3261E+03  1.3819E-03 -8.1125E-04
  1.3272E+03  1.3766E-03 -8.1043E-04
  1.3283E+03  1.3715E-03 -8.0965E-04
  1.3294E+03  1.3664E-03 -8.0889E-04
  1.3306E+03  1.3614E-03 -8.0818E-04
  1.3317E+03  1.3565E-03 -8.0749E-04
  1.3328E+03  1.3516E-03 -8.0685E-04
  1.3339E+03  1.3469E-03 -8.0623E-04
  1.3350E+03  1.3422E-03 -8.0565E-04
  1.3362E+03  1.3376E-03 -8.0510E-04
  1.3373E+03  1.3331E-03 -8.0459E-04
  1.3384E+03  1.3287E-03 -8.0411E-04
  1.3395E+03  1.3243E-03 -8.0366E-04
  1.3406E+03  1.3201E-03 -8.0324E-04
  1.3418E+03  1.3159E-03 -8.0285E-04
  1.3429E+03  1.3119E-03 -8.0250E-04
  1.3440E+03  1.3079E-03 -8.0218E-04
  1.3451E+03  1.3040E-03 -8.0188E-04
  1.3462E+03  1.3002E-03 -8.0162E-04
  1.3474E+03  1.2964E-03 -8.0139E-04
  1.3485E+03  1.2928E-03 -8.0118E-04
  1.3496E+03  1.2892E-03 -8.0100E-04
  1.3507E+03  1.2858E-03 -8.0085E-04
  1.3518E+03  1.2824E-03 -8.0073E-04
  1.3530E+03  1.2791E-03 -8.0063E-04
  1.3541E+03  1.2758E-03 -8.0056E-04
  1.3552E+03  1.2727E-03 -8.0051E-04
  1.3563E+03  1.2696E-03 -8.0049E-04
  1.3574E+03  1.2666E-03 -8.0049E-04
  1.3586E+03  1.2637E-03 -8.0051E-04
  1.3597E+03  1.2609E-03 -8.0056E-04
  1.3608E+03  1.2582E-03 -8.0063E-04
  1.3619E+03  1.2555E-03 -8.0072E-04
  1.3630E+03  1.2529E-03 -8.0083E-04
  1.3642E+03  1.2504E-03 -8.0096E-04
  1.3653E+03  1.2480E-03 -8.0111E-04
  1.3664E+03  1.2457E-03 -8.0128E-04
  1.3675E+03  1.2434E-03 -8.0146E-04
  1.3686E+03  1.2412E-03 -8.0167E-04
  1.3698E+03  1.2391E-03 -8.0189E-04
  1.3709E+03  1.2370E-03 -8.0212E-04
  1.3720E+03  1.2350E-03 -8.0237E-04
  1.3731E+03  1.2331E-03 -8.0264E-04
  1.3742E+03  1.2313E-03 -8.0292E-04
  1.3754E+03  1.2295E-03 -8.0321E-04
  1.3765E+03  1.2278E-03 -8.0352E-04
  1.3776E+03  1.2262E-03 -8.0384E-04
  1.3787E+03  1.2247E-03 -8.0417E-04
  1.3798E+03  1.2232E-03 -8.0451E-04
  1.3810E+03  1.2218E-03 -8.0486E-04
  1.3821E+03  1.2205E-03 -8.0523E-04
  1.3832E+03  1.2192E-03 -8.0560E-04
  1.3843E+03  1.2180E-03 -8.0598E-04
  1.3854E+03  1.2169E-03 -8.0638E-04
  1.3866E+03  1.2158E-03 -8.0678E-04
  1.3877E+03  1.2148E-03 -8.0718E-04
  1.3888E+03  1.2139E-03 -8.0760E-04
  1.3899E+03  1.2131E-03 -8.0802E-04
  1.3910E+03  1.2123E-03 -8.0845E-04
  1.3922E+03  1.2116E-03 -8.0889E-04
  1.3933E+03  1.2109E-03 -8.0933E-04
  1.3944E+03  1.2103E-03 -8.0978E-04
  1.3955E+03  1.2098E-03 -8.1024E-04
  1.3966E+03  1.2094E-03 -8.1070E-04
  1.3978E+03  1.2090E-03 -8.1117E-04
  1.3989E+03  1.2087E-03 -8.1164E-04
  1.4000E+03  1.2085E-03 -8.1211E-04
  1.4011E+03  1.2083E-03 -8.1259E-04
  1.4022E+03  1.2082E-03 -8.1308E-04
  1.4034E+03  1.2082E-03 -8.1356E-04
  1.4045E+03  1.2082E-03 -8.1406E-04
  1.4056E+03  1.2083E-03 -8.1455E-04
  1.4067E+03  1.2085E-03 -8.1505E-04
  1.4078E+03  1.2087E-03 -8.1556E-04
  1.4090E+03  1.2091E-03 -8.1607E-04
  1.4101E+03  1.2094E-03 -8.1658E-04
  1.4112E+03  1.2099E-03 -8.1709E-04
  1.4123E+03  1.2104E-03 -8.1761E-04
  1.4134E+03  1.2110E-03 -8.1814E-04
  1.4146E+03  1.2117E-03 -8.1866E-04
  1.4157E+03  1.2125E-03 -8.1919E-04
  1.4168E+03  1.2133E-03 -8.1973E-04
  1.4179E+03  1.2142E-03 -8.2026E-04
  1.4190E+03  1.2151E-03 -8.2080E-04
  1.4202E+03  1.2162E-03 -8.2135E-04
  1.4213E+03  1.2173E-03 -8.2190E-04
  1.4224E+03  1.2185E-03 -8.2245E-04
  1.4235E+03  1.2197E-03 -8.2301E-04
  1.4246E+03  1.2211E-03 -8.2357E-04
  1.4258E+03  1.2225E-03 -8.2414E-04
  1.4269E+03  1.2240E-03 -8.2471E-04
  1.4280E+03  1.2255E-03 -8.2528E-04
  1.4291E+03  1.2272E-03 -8.2586E-04
  1.4302E+03  1.2289E-03 -8.2645E-04
  1.4314E+03  1.2307E-03 -8.2704E-04
  1.4325E+03  1.2326E-03 -8.2763E-04
  1.4336E+03  1.2345E-03 -8.2823E-04
  1.4347E+03  1.2365E-03 -8.2883E-04
  1.4358E+03  1.2386E-03 -8.2944E-04
  1.4370E+03  1.2408E-03 -8.3006E-04
  1.4381E+03  1.2430E-03 -8.3068E-04
  1.4392E+03  1.2453E-03 -8.3131E-04
  1.4403E+03  1.2477E-03 -8.3194E-04
  1.4414E+03  1.2502E-03 -8.3258E-04
  1.4426E+03  1.2527E-03 -8.3323E-04
  1.4437E+03  1.2553E-03 -8.3388E-04
  1.4448E+03  1.2580E-03 -8.3454E-04
  1.4459E+03  1.2608E-03 -8.3520E-04
  1.4470E+03  1.2636E-03 -8.3587E-04
  1.4482E+03  1.2665E-03 -8.3655E-04
  1.4493E+03  1.2695E-03 -8.3723E-04
  1.4504E+03  1.2725E-03 -8.3792E-04
  1.4515E+03  1.2756E-03 -8.3862E-04
  1.4526E+03  1.2788E-03 -8.3932E-04
  1.4538E+03  1.2820E-03 -8.4003E-04
  1.4549E+03  1.2853E-03 -8.4074E-04
  1.4560E+03  1.2887E-03 -8.4146E-04
  1.4571E+03  1.2921E-03 -8.4219E-04
  1.4582E+03  1.2956E-03 -8.4292E-04
  1.4594E+03  1.2991E-03 -8.4366E-04
  1.4605E+03  1.3027E-03 -8.4441E-04
  1.4616E+03  1.3064E-03 -8.4516E-04
  1.4627E+03  1.3101E-03 -8.4592E-04
  1.4638E+03  1.3139E-03 -8.4668E-04
  1.4650E+03  1.3177E-03 -8.4744E-04
  1.4661E+03  1.3215E-03 -8.4822E-04
  1.4672E+03  1.3254E-03 -8.4899E-04
  1.4683E+03  1.3293E-03 -8.4977E-04
  1.4694E+03  1.3333E-03 -8.5056E-04
  1.4706E+03  1.3373E-03 -8.5135E-04
  1.4717E+03  1.3414E-03 -8.5214E-04
  1.4728E+03  1.3455E-03 -8.5294E-04
  1.4739E+03  1.3496E-03 -8.5373E-04
  1.4750E+03  1.3537E-03 -8.5453E-04
  1.4762E+03  1.3579E-03 -8.5534E-04
  1.4773E+03  1.3620E-03 -8.5614E-04
  1.4784E+03  1.3662E-03 -8.5695E-04
  1.4795E+03  1.3704E-03 -8.5775E-04
  1.4806E+03  1.3747E-03 -8.5856E-04
  1.4818E+03  1.3789E-03 -8.5936E-04
  1.4829E+03  1.3831E-03 -8.6017E-04
  1.4840E+03  1.3874E-03 -8.6097E-04
  1.4851E+03  1.3916E-03 -8.6177E-04
  1.4862E+03  1.3958E-03 -8.6257E-04
  1.4874E+03  1.4000E-03 -8.6336E-04
  1.4885E+03  1.4042E-03 -8.6415E-04
  1.4896E+03  1.4084E-03 -8.6494E-04
  1.4907E+03  1.4126E-03 -8.6572E-04
  1.4918E+03  1.4167E-03 -8.6649E-04
  1.4930E+03  1.4209E-03 -8.6726E-04
  1.4941E+03  1.4249E-03 -8.6802E-04
  1.4952E+03  1.4290E-03 -8.6877E-04
  1.4963E+03  1.4330E-03 -8.6952E-04
  1.4974E+03  1.4370E-03 -8.7025E-04
  1.4986E+03  1.4409E-03 -8.7098E-04
  1.4997E+03  1.4447E-03 -8.7169E-04
  1.5000E+03  1.4458E-03 -8.7189E-04
