# CREATED BY GENE DIAGNOSTICS TOOL on Fri Dec 11 19:29:51 2020
# diag: gamdiag, run(s): 0003, time window: 0-1500(1353 steps), species: ions
# original data path: /marconi_scratch/userexternal/cmoreno0/GAM_HP_scan/LHD_s0.25_alpha-pi10_npol1_nz0256/
# normalization: L_ref=1.65m
#
# xind= 0, x/a= 0.5, q= 2.1464562
# Fit:    0.017064875,31.72427,6.897459
# Analytic (Gao, Zhou/Yu): 0.078523524,0.0022632021,2.082034
#  t          Re[phi]     Im[phi]   
  0.0000E+00  9.9994E-01  0.0000E+00
  1.1100E+00  8.5670E-01 -1.6764E-02
  2.2200E+00  6.5740E-01 -2.7233E-02
  3.3300E+00  3.7683E-01 -2.9667E-02
  4.4400E+00  8.6233E-02 -2.3439E-02
  5.5500E+00 -1.7236E-01 -1.0298E-02
  6.6600E+00 -3.6111E-01  6.5157E-03
  7.7700E+00 -4.6067E-01  2.3044E-02
  8.8800E+00 -4.6749E-01  3.5561E-02
  9.9900E+00 -3.9101E-01  4.1275E-02
  1.1100E+01 -2.5169E-01  3.8821E-02
  1.2210E+01 -7.7157E-02  2.8462E-02
  1.3320E+01  1.0316E-01  1.1980E-02
  1.4430E+01  2.6223E-01 -7.7299E-03
  1.5540E+01  3.8234E-01 -2.7328E-02
  1.6650E+01  4.4036E-01 -4.3210E-02
  1.7760E+01  4.4574E-01 -5.2944E-02
  1.8870E+01  3.9775E-01 -5.4659E-02
  1.9980E+01  3.0584E-01 -4.8434E-02
  2.1090E+01  1.8657E-01 -3.4941E-02
  2.2200E+01  5.7215E-02 -1.6464E-02
  2.3310E+01 -6.4024E-02  4.2392E-03
  2.4420E+01 -1.6149E-01  2.3971E-02
  2.5530E+01 -2.2411E-01  3.9761E-02
  2.6640E+01 -2.4671E-01  4.9269E-02
  2.7750E+01 -2.2983E-01  5.1150E-02
  2.8860E+01 -1.7924E-01  4.5225E-02
  2.9970E+01 -1.0460E-01  3.2474E-02
  3.1080E+01 -1.8016E-02  1.4858E-02
  3.2190E+01  6.9167E-02 -4.9905E-03
  3.3300E+01  1.4292E-01 -2.4159E-02
  3.4410E+01  1.9869E-01 -3.9999E-02
  3.5520E+01  2.2494E-01 -5.0209E-02
  3.6630E+01  2.2567E-01 -5.3613E-02
  3.7740E+01  1.9927E-01 -4.9786E-02
  3.8850E+01  1.5303E-01 -3.9511E-02
  3.9960E+01  9.3496E-02 -2.4369E-02
  4.1070E+01  2.9871E-02 -6.6032E-03
  4.2180E+01 -2.9788E-02  1.1258E-02
  4.3290E+01 -7.7918E-02  2.6752E-02
  4.4400E+01 -1.0968E-01  3.7830E-02
  4.5510E+01 -1.2182E-01  4.3113E-02
  4.6620E+01 -1.1480E-01  4.2076E-02
  4.7730E+01 -9.0897E-02  3.5072E-02
  4.8840E+01 -5.4983E-02  2.3275E-02
  4.9950E+01 -1.1833E-02  8.4369E-03
  5.1060E+01  3.0683E-02 -7.2792E-03
  5.2170E+01  6.9487E-02 -2.1746E-02
  5.3280E+01  9.8011E-02 -3.3057E-02
  5.4390E+01  1.1406E-01 -3.9792E-02
  5.5500E+01  1.1654E-01 -4.1246E-02
  5.6610E+01  1.0593E-01 -3.7412E-02
  5.7720E+01  8.4987E-02 -2.9030E-02
  5.8830E+01  5.7267E-02 -1.7409E-02
  5.9940E+01  2.6624E-02 -4.2402E-03
  6.1050E+01 -2.8838E-03  8.6570E-03
  6.2160E+01 -2.7827E-02  1.9586E-02
  6.3270E+01 -4.5310E-02  2.7189E-02
  6.4380E+01 -5.3488E-02  3.0614E-02
  6.5490E+01 -5.1941E-02  2.9585E-02
  6.6600E+01 -4.1357E-02  2.4426E-02
  6.7710E+01 -2.3734E-02  1.5989E-02
  6.8820E+01 -2.1754E-03  5.5270E-03
  6.9930E+01  1.9896E-02 -5.4752E-03
  7.1040E+01  3.9525E-02 -1.5521E-02
  7.2150E+01  5.4224E-02 -2.3312E-02
  7.3260E+01  6.2460E-02 -2.7902E-02
  7.4370E+01  6.4012E-02 -2.8833E-02
  7.5480E+01  5.9458E-02 -2.6169E-02
  7.6590E+01  5.0219E-02 -2.0457E-02
  7.7700E+01  3.8075E-02 -1.2634E-02
  7.8810E+01  2.4968E-02 -3.8695E-03
  7.9920E+01  1.2507E-02  4.6165E-03
  8.1030E+01  1.9730E-03  1.1717E-02
  8.2140E+01 -5.7290E-03  1.6587E-02
  8.3250E+01 -1.0211E-02  1.8736E-02
  8.4360E+01 -1.1264E-02  1.8062E-02
  8.5470E+01 -9.1648E-03  1.4840E-02
  8.6580E+01 -4.0834E-03  9.6405E-03
  8.7690E+01  3.1747E-03  3.2531E-03
  8.8800E+01  1.1937E-02 -3.4483E-03
  8.9910E+01  2.1094E-02 -9.6044E-03
  9.1020E+01  2.9653E-02 -1.4483E-02
  9.2130E+01  3.6534E-02 -1.7554E-02
  9.3240E+01  4.0891E-02 -1.8540E-02
  9.4350E+01  4.2184E-02 -1.7434E-02
  9.5460E+01  4.0292E-02 -1.4486E-02
  9.6570E+01  3.5582E-02 -1.0158E-02
  9.7680E+01  2.8880E-02 -5.0622E-03
  9.8790E+01  2.1299E-02  1.1780E-04
  9.9900E+01  1.4008E-02  4.7177E-03
  1.0101E+02  8.0075E-03  8.1752E-03
  1.0212E+02  4.0649E-03  1.0099E-02
  1.0323E+02  2.5274E-03  1.0314E-02
  1.0434E+02  3.4409E-03  8.8728E-03
  1.0545E+02  6.4162E-03  6.0445E-03
  1.0656E+02  1.0752E-02  2.2667E-03
  1.0767E+02  1.5600E-02 -1.9152E-03
  1.0878E+02  2.0181E-02 -5.9296E-03
  1.0989E+02  2.3962E-02 -9.2581E-03
  1.1100E+02  2.6677E-02 -1.1508E-02
  1.1211E+02  2.8231E-02 -1.2456E-02
  1.1322E+02  2.8638E-02 -1.2069E-02
  1.1433E+02  2.7976E-02 -1.0486E-02
  1.1544E+02  2.6424E-02 -7.9950E-03
  1.1655E+02  2.4275E-02 -4.9791E-03
  1.1766E+02  2.1863E-02 -1.8632E-03
  1.1877E+02  1.9478E-02  9.4445E-04
  1.1988E+02  1.7278E-02  3.1073E-03
  1.2099E+02  1.5329E-02  4.3989E-03
  1.2210E+02  1.3657E-02  4.7257E-03
  1.2321E+02  1.2406E-02  4.1230E-03
  1.2432E+02  1.1801E-02  2.7366E-03
  1.2543E+02  1.2069E-02  7.9050E-04
  1.2654E+02  1.3254E-02 -1.4446E-03
  1.2765E+02  1.5148E-02 -3.6843E-03
  1.2876E+02  1.7363E-02 -5.6590E-03
  1.2987E+02  1.9512E-02 -7.1448E-03
  1.3098E+02  2.1326E-02 -7.9889E-03
  1.3209E+02  2.2680E-02 -8.1279E-03
  1.3320E+02  2.3518E-02 -7.5913E-03
  1.3431E+02  2.3805E-02 -6.4913E-03
  1.3542E+02  2.3508E-02 -5.0016E-03
  1.3653E+02  2.2629E-02 -3.3308E-03
  1.3764E+02  2.1194E-02 -1.6928E-03
  1.3875E+02  1.9291E-02 -2.8032E-04
  1.3986E+02  1.7094E-02  7.5682E-04
  1.4097E+02  1.4913E-02  1.3234E-03
  1.4208E+02  1.3156E-02  1.3821E-03
  1.4319E+02  1.2197E-02  9.5077E-04
  1.4430E+02  1.2221E-02  9.7855E-05
  1.4541E+02  1.3143E-02 -1.0631E-03
  1.4652E+02  1.4661E-02 -2.3832E-03
  1.4763E+02  1.6397E-02 -3.6944E-03
  1.4874E+02  1.8025E-02 -4.8319E-03
  1.4985E+02  1.9335E-02 -5.6572E-03
  1.5096E+02  2.0245E-02 -6.0784E-03
  1.5207E+02  2.0766E-02 -6.0621E-03
  1.5318E+02  2.0963E-02 -5.6355E-03
  1.5429E+02  2.0885E-02 -4.8793E-03
  1.5540E+02  2.0518E-02 -3.9114E-03
  1.5651E+02  1.9781E-02 -2.8659E-03
  1.5762E+02  1.8611E-02 -1.8724E-03
  1.5873E+02  1.7058E-02 -1.0415E-03
  1.5984E+02  1.5355E-02 -4.5737E-04
  1.6095E+02  1.3874E-02 -1.7499E-04
  1.6206E+02  1.2991E-02 -2.1901E-04
  1.6317E+02  1.2927E-02 -5.8093E-04
  1.6428E+02  1.3659E-02 -1.2159E-03
  1.6539E+02  1.4939E-02 -2.0431E-03
  1.6650E+02  1.6404E-02 -2.9531E-03
  1.6761E+02  1.7718E-02 -3.8223E-03
  1.6872E+02  1.8657E-02 -4.5330E-03
  1.6983E+02  1.9134E-02 -4.9924E-03
  1.7094E+02  1.9182E-02 -5.1471E-03
  1.7205E+02  1.8913E-02 -4.9904E-03
  1.7316E+02  1.8472E-02 -4.5611E-03
  1.7427E+02  1.7982E-02 -3.9348E-03
  1.7538E+02  1.7495E-02 -3.2096E-03
  1.7649E+02  1.6993E-02 -2.4886E-03
  1.7760E+02  1.6431E-02 -1.8645E-03
  1.7871E+02  1.5806E-02 -1.4081E-03
  1.7982E+02  1.5196E-02 -1.1635E-03
  1.8093E+02  1.4726E-02 -1.1476E-03
  1.8204E+02  1.4516E-02 -1.3505E-03
  1.8315E+02  1.4621E-02 -1.7389E-03
  1.8426E+02  1.5027E-02 -2.2591E-03
  1.8537E+02  1.5663E-02 -2.8432E-03
  1.8648E+02  1.6416E-02 -3.4173E-03
  1.8759E+02  1.7145E-02 -3.9103E-03
  1.8870E+02  1.7707E-02 -4.2624E-03
  1.8981E+02  1.7990E-02 -4.4323E-03
  1.9092E+02  1.7952E-02 -4.4028E-03
  1.9203E+02  1.7628E-02 -4.1837E-03
  1.9314E+02  1.7111E-02 -3.8112E-03
  1.9425E+02  1.6517E-02 -3.3419E-03
  1.9536E+02  1.5950E-02 -2.8446E-03
  1.9647E+02  1.5491E-02 -2.3893E-03
  1.9758E+02  1.5182E-02 -2.0368E-03
  1.9869E+02  1.5037E-02 -1.8307E-03
  1.9980E+02  1.5042E-02 -1.7924E-03
  2.0091E+02  1.5174E-02 -1.9187E-03
  2.0202E+02  1.5398E-02 -2.1843E-03
  2.0313E+02  1.5665E-02 -2.5461E-03
  2.0424E+02  1.5916E-02 -2.9502E-03
  2.0535E+02  1.6093E-02 -3.3399E-03
  2.0646E+02  1.6173E-02 -3.6637E-03
  2.0757E+02  1.6178E-02 -3.8829E-03
  2.0868E+02  1.6158E-02 -3.9766E-03
  2.0979E+02  1.6157E-02 -3.9435E-03
  2.1090E+02  1.6174E-02 -3.7994E-03
  2.1201E+02  1.6168E-02 -3.5724E-03
  2.1312E+02  1.6084E-02 -3.2972E-03
  2.1423E+02  1.5890E-02 -3.0102E-03
  2.1534E+02  1.5606E-02 -2.7460E-03
  2.1645E+02  1.5300E-02 -2.5353E-03
  2.1756E+02  1.5057E-02 -2.4026E-03
  2.1867E+02  1.4939E-02 -2.3631E-03
  2.1978E+02  1.4954E-02 -2.4205E-03
  2.2089E+02  1.5061E-02 -2.5648E-03
  2.2200E+02  1.5190E-02 -2.7731E-03
  2.2311E+02  1.5287E-02 -3.0136E-03
  2.2422E+02  1.5331E-02 -3.2513E-03
  2.2533E+02  1.5337E-02 -3.4543E-03
  2.2644E+02  1.5332E-02 -3.5986E-03
  2.2755E+02  1.5344E-02 -3.6707E-03
  2.2866E+02  1.5386E-02 -3.6683E-03
  2.2977E+02  1.5457E-02 -3.5992E-03
  2.3088E+02  1.5537E-02 -3.4792E-03
  2.3199E+02  1.5585E-02 -3.3282E-03
  2.3310E+02  1.5550E-02 -3.1668E-03
  2.3421E+02  1.5400E-02 -3.0134E-03
  2.3532E+02  1.5149E-02 -2.8837E-03
  2.3643E+02  1.4856E-02 -2.7903E-03
  2.3754E+02  1.4607E-02 -2.7434E-03
  2.3865E+02  1.4466E-02 -2.7492E-03
  2.3976E+02  1.4451E-02 -2.8078E-03
  2.4087E+02  1.4531E-02 -2.9122E-03
  2.4198E+02  1.4658E-02 -3.0483E-03
  2.4309E+02  1.4793E-02 -3.1972E-03
  2.4420E+02  1.4918E-02 -3.3390E-03
  2.4531E+02  1.5032E-02 -3.4562E-03
  2.4642E+02  1.5128E-02 -3.5355E-03
  2.4753E+02  1.5188E-02 -3.5691E-03
  2.4864E+02  1.5190E-02 -3.5551E-03
  2.4975E+02  1.5123E-02 -3.4972E-03
  2.5086E+02  1.4992E-02 -3.4045E-03
  2.5197E+02  1.4822E-02 -3.2905E-03
  2.5308E+02  1.4647E-02 -3.1716E-03
  2.5419E+02  1.4501E-02 -3.0647E-03
  2.5530E+02  1.4405E-02 -2.9847E-03
  2.5641E+02  1.4368E-02 -2.9423E-03
  2.5752E+02  1.4377E-02 -2.9426E-03
  2.5863E+02  1.4411E-02 -2.9841E-03
  2.5974E+02  1.4452E-02 -3.0593E-03
  2.6085E+02  1.4496E-02 -3.1566E-03
  2.6196E+02  1.4544E-02 -3.2624E-03
  2.6307E+02  1.4599E-02 -3.3631E-03
  2.6418E+02  1.4647E-02 -3.4465E-03
  2.6529E+02  1.4667E-02 -3.5032E-03
  2.6640E+02  1.4644E-02 -3.5273E-03
  2.6751E+02  1.4582E-02 -3.5173E-03
  2.6862E+02  1.4504E-02 -3.4770E-03
  2.6973E+02  1.4432E-02 -3.4143E-03
  2.7084E+02  1.4375E-02 -3.3399E-03
  2.7195E+02  1.4325E-02 -3.2653E-03
  2.7306E+02  1.4268E-02 -3.2004E-03
  2.7417E+02  1.4198E-02 -3.1531E-03
  2.7528E+02  1.4130E-02 -3.1283E-03
  2.7639E+02  1.4083E-02 -3.1284E-03
  2.7750E+02  1.4076E-02 -3.1530E-03
  2.7861E+02  1.4108E-02 -3.1991E-03
  2.7972E+02  1.4162E-02 -3.2610E-03
  2.8083E+02  1.4212E-02 -3.3307E-03
  2.8194E+02  1.4233E-02 -3.3985E-03
  2.8305E+02  1.4214E-02 -3.4552E-03
  2.8416E+02  1.4159E-02 -3.4933E-03
  2.8527E+02  1.4083E-02 -3.5085E-03
  2.8638E+02  1.4005E-02 -3.5008E-03
  2.8749E+02  1.3943E-02 -3.4735E-03
  2.8860E+02  1.3905E-02 -3.4331E-03
  2.8971E+02  1.3887E-02 -3.3869E-03
  2.9082E+02  1.3880E-02 -3.3425E-03
  2.9193E+02  1.3873E-02 -3.3060E-03
  2.9304E+02  1.3863E-02 -3.2819E-03
  2.9415E+02  1.3852E-02 -3.2728E-03
  2.9526E+02  1.3843E-02 -3.2791E-03
  2.9637E+02  1.3831E-02 -3.2993E-03
  2.9748E+02  1.3801E-02 -3.3300E-03
  2.9859E+02  1.3744E-02 -3.3662E-03
  2.9970E+02  1.3665E-02 -3.4025E-03
  3.0081E+02  1.3586E-02 -3.4344E-03
  3.0192E+02  1.3540E-02 -3.4593E-03
  3.0303E+02  1.3549E-02 -3.4766E-03
  3.0414E+02  1.3610E-02 -3.4868E-03
  3.0525E+02  1.3689E-02 -3.4909E-03
  3.0636E+02  1.3745E-02 -3.4891E-03
  3.0747E+02  1.3746E-02 -3.4811E-03
  3.0858E+02  1.3690E-02 -3.4667E-03
  3.0969E+02  1.3602E-02 -3.4471E-03
  3.1080E+02  1.3512E-02 -3.4250E-03
  3.1191E+02  1.3444E-02 -3.4043E-03
  3.1302E+02  1.3407E-02 -3.3893E-03
  3.1413E+02  1.3396E-02 -3.3830E-03
  3.1524E+02  1.3404E-02 -3.3871E-03
  3.1635E+02  1.3424E-02 -3.4015E-03
  3.1746E+02  1.3448E-02 -3.4242E-03
  3.1857E+02  1.3468E-02 -3.4520E-03
  3.1968E+02  1.3480E-02 -3.4811E-03
  3.2079E+02  1.3479E-02 -3.5078E-03
  3.2190E+02  1.3465E-02 -3.5290E-03
  3.2301E+02  1.3438E-02 -3.5425E-03
  3.2412E+02  1.3404E-02 -3.5475E-03
  3.2523E+02  1.3373E-02 -3.5442E-03
  3.2634E+02  1.3352E-02 -3.5344E-03
  3.2745E+02  1.3342E-02 -3.5208E-03
  3.2856E+02  1.3339E-02 -3.5062E-03
  3.2967E+02  1.3333E-02 -3.4932E-03
  3.3078E+02  1.3320E-02 -3.4838E-03
  3.3189E+02  1.3302E-02 -3.4791E-03
  3.3300E+02  1.3284E-02 -3.4798E-03
  3.3411E+02  1.3272E-02 -3.4861E-03
  3.3522E+02  1.3268E-02 -3.4974E-03
  3.3633E+02  1.3272E-02 -3.5131E-03
  3.3744E+02  1.3279E-02 -3.5314E-03
  3.3855E+02  1.3277E-02 -3.5505E-03
  3.3966E+02  1.3253E-02 -3.5677E-03
  3.4077E+02  1.3204E-02 -3.5808E-03
  3.4188E+02  1.3143E-02 -3.5880E-03
  3.4299E+02  1.3096E-02 -3.5893E-03
  3.4410E+02  1.3082E-02 -3.5864E-03
  3.4521E+02  1.3101E-02 -3.5816E-03
  3.4632E+02  1.3131E-02 -3.5769E-03
  3.4743E+02  1.3144E-02 -3.5736E-03
  3.4854E+02  1.3124E-02 -3.5713E-03
  3.4965E+02  1.3071E-02 -3.5697E-03
  3.5076E+02  1.3004E-02 -3.5685E-03
  3.5187E+02  1.2942E-02 -3.5679E-03
  3.5298E+02  1.2899E-02 -3.5691E-03
  3.5409E+02  1.2875E-02 -3.5731E-03
  3.5520E+02  1.2865E-02 -3.5802E-03
  3.5631E+02  1.2858E-02 -3.5901E-03
  3.5742E+02  1.2849E-02 -3.6016E-03
  3.5853E+02  1.2838E-02 -3.6135E-03
  3.5964E+02  1.2825E-02 -3.6245E-03
  3.6075E+02  1.2804E-02 -3.6335E-03
  3.6186E+02  1.2768E-02 -3.6395E-03
  3.6297E+02  1.2715E-02 -3.6418E-03
  3.6408E+02  1.2654E-02 -3.6403E-03
  3.6519E+02  1.2601E-02 -3.6359E-03
  3.6630E+02  1.2563E-02 -3.6301E-03
  3.6741E+02  1.2540E-02 -3.6246E-03
  3.6852E+02  1.2525E-02 -3.6210E-03
  3.6963E+02  1.2516E-02 -3.6200E-03
  3.7074E+02  1.2510E-02 -3.6222E-03
  3.7185E+02  1.2503E-02 -3.6275E-03
  3.7296E+02  1.2486E-02 -3.6351E-03
  3.7407E+02  1.2451E-02 -3.6437E-03
  3.7518E+02  1.2402E-02 -3.6519E-03
  3.7629E+02  1.2352E-02 -3.6587E-03
  3.7740E+02  1.2318E-02 -3.6641E-03
  3.7851E+02  1.2305E-02 -3.6686E-03
  3.7962E+02  1.2304E-02 -3.6725E-03
  3.8073E+02  1.2300E-02 -3.6758E-03
  3.8184E+02  1.2285E-02 -3.6782E-03
  3.8295E+02  1.2260E-02 -3.6795E-03
  3.8406E+02  1.2235E-02 -3.6796E-03
  3.8517E+02  1.2218E-02 -3.6793E-03
  3.8628E+02  1.2208E-02 -3.6792E-03
  3.8739E+02  1.2198E-02 -3.6798E-03
  3.8850E+02  1.2184E-02 -3.6812E-03
  3.8961E+02  1.2171E-02 -3.6836E-03
  3.9072E+02  1.2165E-02 -3.6870E-03
  3.9183E+02  1.2171E-02 -3.6917E-03
  3.9294E+02  1.2184E-02 -3.6978E-03
  3.9405E+02  1.2191E-02 -3.7048E-03
  3.9516E+02  1.2183E-02 -3.7119E-03
  3.9627E+02  1.2162E-02 -3.7180E-03
  3.9738E+02  1.2139E-02 -3.7227E-03
  3.9849E+02  1.2123E-02 -3.7260E-03
  3.9960E+02  1.2119E-02 -3.7284E-03
  4.0071E+02  1.2125E-02 -3.7304E-03
  4.0182E+02  1.2138E-02 -3.7327E-03
  4.0293E+02  1.2157E-02 -3.7356E-03
  4.0404E+02  1.2175E-02 -3.7391E-03
  4.0515E+02  1.2187E-02 -3.7432E-03
  4.0626E+02  1.2186E-02 -3.7474E-03
  4.0737E+02  1.2176E-02 -3.7513E-03
  4.0848E+02  1.2164E-02 -3.7548E-03
  4.0959E+02  1.2159E-02 -3.7581E-03
  4.1070E+02  1.2161E-02 -3.7617E-03
  4.1181E+02  1.2168E-02 -3.7658E-03
  4.1292E+02  1.2174E-02 -3.7705E-03
  4.1403E+02  1.2175E-02 -3.7755E-03
  4.1514E+02  1.2173E-02 -3.7807E-03
  4.1625E+02  1.2172E-02 -3.7858E-03
  4.1736E+02  1.2174E-02 -3.7908E-03
  4.1847E+02  1.2177E-02 -3.7957E-03
  4.1958E+02  1.2182E-02 -3.8004E-03
  4.2069E+02  1.2182E-02 -3.8049E-03
  4.2180E+02  1.2174E-02 -3.8089E-03
  4.2291E+02  1.2157E-02 -3.8122E-03
  4.2402E+02  1.2135E-02 -3.8147E-03
  4.2513E+02  1.2117E-02 -3.8167E-03
  4.2624E+02  1.2112E-02 -3.8188E-03
  4.2735E+02  1.2118E-02 -3.8217E-03
  4.2846E+02  1.2125E-02 -3.8258E-03
  4.2957E+02  1.2120E-02 -3.8308E-03
  4.3068E+02  1.2097E-02 -3.8359E-03
  4.3179E+02  1.2062E-02 -3.8403E-03
  4.3290E+02  1.2026E-02 -3.8439E-03
  4.3401E+02  1.2000E-02 -3.8469E-03
  4.3512E+02  1.1987E-02 -3.8499E-03
  4.3623E+02  1.1978E-02 -3.8532E-03
  4.3734E+02  1.1965E-02 -3.8570E-03
  4.3845E+02  1.1941E-02 -3.8608E-03
  4.3956E+02  1.1908E-02 -3.8642E-03
  4.4067E+02  1.1871E-02 -3.8670E-03
  4.4178E+02  1.1837E-02 -3.8692E-03
  4.4289E+02  1.1807E-02 -3.8711E-03
  4.4400E+02  1.1781E-02 -3.8729E-03
  4.4511E+02  1.1756E-02 -3.8751E-03
  4.4622E+02  1.1729E-02 -3.8775E-03
  4.4733E+02  1.1697E-02 -3.8801E-03
  4.4844E+02  1.1660E-02 -3.8827E-03
  4.4955E+02  1.1620E-02 -3.8851E-03
  4.5066E+02  1.1578E-02 -3.8872E-03
  4.5177E+02  1.1537E-02 -3.8891E-03
  4.5288E+02  1.1498E-02 -3.8910E-03
  4.5399E+02  1.1461E-02 -3.8928E-03
  4.5510E+02  1.1428E-02 -3.8948E-03
  4.5621E+02  1.1398E-02 -3.8969E-03
  4.5732E+02  1.1369E-02 -3.8993E-03
  4.5843E+02  1.1339E-02 -3.9019E-03
  4.5954E+02  1.1306E-02 -3.9044E-03
  4.6065E+02  1.1268E-02 -3.9065E-03
  4.6176E+02  1.1223E-02 -3.9081E-03
  4.6287E+02  1.1175E-02 -3.9090E-03
  4.6398E+02  1.1130E-02 -3.9092E-03
  4.6509E+02  1.1094E-02 -3.9093E-03
  4.6620E+02  1.1072E-02 -3.9099E-03
  4.6731E+02  1.1060E-02 -3.9114E-03
  4.6842E+02  1.1046E-02 -3.9139E-03
  4.6953E+02  1.1021E-02 -3.9169E-03
  4.7064E+02  1.0984E-02 -3.9198E-03
  4.7175E+02  1.0941E-02 -3.9221E-03
  4.7286E+02  1.0905E-02 -3.9236E-03
  4.7397E+02  1.0882E-02 -3.9248E-03
  4.7508E+02  1.0869E-02 -3.9262E-03
  4.7619E+02  1.0859E-02 -3.9281E-03
  4.7730E+02  1.0844E-02 -3.9303E-03
  4.7841E+02  1.0825E-02 -3.9325E-03
  4.7952E+02  1.0804E-02 -3.9345E-03
  4.8063E+02  1.0787E-02 -3.9363E-03
  4.8174E+02  1.0775E-02 -3.9381E-03
  4.8285E+02  1.0770E-02 -3.9401E-03
  4.8396E+02  1.0768E-02 -3.9425E-03
  4.8507E+02  1.0766E-02 -3.9451E-03
  4.8618E+02  1.0763E-02 -3.9480E-03
  4.8729E+02  1.0758E-02 -3.9510E-03
  4.8840E+02  1.0753E-02 -3.9539E-03
  4.8951E+02  1.0750E-02 -3.9566E-03
  4.9062E+02  1.0749E-02 -3.9593E-03
  4.9173E+02  1.0753E-02 -3.9620E-03
  4.9284E+02  1.0761E-02 -3.9649E-03
  4.9395E+02  1.0774E-02 -3.9682E-03
  4.9506E+02  1.0787E-02 -3.9718E-03
  4.9617E+02  1.0799E-02 -3.9756E-03
  4.9728E+02  1.0807E-02 -3.9794E-03
  4.9839E+02  1.0815E-02 -3.9831E-03
  4.9950E+02  1.0825E-02 -3.9867E-03
  5.0061E+02  1.0839E-02 -3.9902E-03
  5.0172E+02  1.0855E-02 -3.9937E-03
  5.0283E+02  1.0874E-02 -3.9975E-03
  5.0394E+02  1.0893E-02 -4.0014E-03
  5.0505E+02  1.0911E-02 -4.0056E-03
  5.0616E+02  1.0927E-02 -4.0098E-03
  5.0727E+02  1.0941E-02 -4.0140E-03
  5.0838E+02  1.0953E-02 -4.0182E-03
  5.0949E+02  1.0967E-02 -4.0222E-03
  5.1060E+02  1.0986E-02 -4.0263E-03
  5.1171E+02  1.1008E-02 -4.0306E-03
  5.1282E+02  1.1030E-02 -4.0352E-03
  5.1393E+02  1.1048E-02 -4.0401E-03
  5.1504E+02  1.1061E-02 -4.0449E-03
  5.1615E+02  1.1072E-02 -4.0495E-03
  5.1726E+02  1.1082E-02 -4.0538E-03
  5.1837E+02  1.1094E-02 -4.0580E-03
  5.1948E+02  1.1107E-02 -4.0622E-03
  5.2059E+02  1.1119E-02 -4.0664E-03
  5.2170E+02  1.1129E-02 -4.0706E-03
  5.2281E+02  1.1134E-02 -4.0748E-03
  5.2392E+02  1.1137E-02 -4.0789E-03
  5.2503E+02  1.1141E-02 -4.0829E-03
  5.2614E+02  1.1146E-02 -4.0870E-03
  5.2725E+02  1.1152E-02 -4.0912E-03
  5.2836E+02  1.1155E-02 -4.0956E-03
  5.2947E+02  1.1154E-02 -4.1000E-03
  5.3058E+02  1.1148E-02 -4.1042E-03
  5.3169E+02  1.1138E-02 -4.1081E-03
  5.3280E+02  1.1127E-02 -4.1117E-03
  5.3391E+02  1.1115E-02 -4.1150E-03
  5.3502E+02  1.1103E-02 -4.1182E-03
  5.3613E+02  1.1090E-02 -4.1212E-03
  5.3724E+02  1.1076E-02 -4.1243E-03
  5.3835E+02  1.1063E-02 -4.1275E-03
  5.3946E+02  1.1047E-02 -4.1308E-03
  5.4057E+02  1.1028E-02 -4.1341E-03
  5.4168E+02  1.1005E-02 -4.1372E-03
  5.4279E+02  1.0979E-02 -4.1402E-03
  5.4390E+02  1.0951E-02 -4.1429E-03
  5.4501E+02  1.0921E-02 -4.1453E-03
  5.4612E+02  1.0889E-02 -4.1474E-03
  5.4723E+02  1.0857E-02 -4.1494E-03
  5.4834E+02  1.0825E-02 -4.1513E-03
  5.4945E+02  1.0795E-02 -4.1531E-03
  5.5056E+02  1.0765E-02 -4.1552E-03
  5.5167E+02  1.0733E-02 -4.1573E-03
  5.5278E+02  1.0697E-02 -4.1594E-03
  5.5389E+02  1.0656E-02 -4.1613E-03
  5.5500E+02  1.0613E-02 -4.1628E-03
  5.5611E+02  1.0572E-02 -4.1641E-03
  5.5722E+02  1.0532E-02 -4.1652E-03
  5.5833E+02  1.0493E-02 -4.1662E-03
  5.5944E+02  1.0454E-02 -4.1673E-03
  5.6055E+02  1.0413E-02 -4.1683E-03
  5.6166E+02  1.0372E-02 -4.1693E-03
  5.6277E+02  1.0330E-02 -4.1703E-03
  5.6388E+02  1.0289E-02 -4.1712E-03
  5.6499E+02  1.0246E-02 -4.1720E-03
  5.6610E+02  1.0204E-02 -4.1727E-03
  5.6721E+02  1.0161E-02 -4.1734E-03
  5.6832E+02  1.0120E-02 -4.1740E-03
  5.6943E+02  1.0081E-02 -4.1746E-03
  5.7054E+02  1.0043E-02 -4.1752E-03
  5.7165E+02  1.0003E-02 -4.1758E-03
  5.7276E+02  9.9628E-03 -4.1763E-03
  5.7387E+02  9.9220E-03 -4.1768E-03
  5.7498E+02  9.8832E-03 -4.1771E-03
  5.7609E+02  9.8474E-03 -4.1774E-03
  5.7720E+02  9.8144E-03 -4.1778E-03
  5.7831E+02  9.7829E-03 -4.1784E-03
  5.7942E+02  9.7514E-03 -4.1791E-03
  5.8053E+02  9.7188E-03 -4.1798E-03
  5.8164E+02  9.6853E-03 -4.1804E-03
  5.8275E+02  9.6519E-03 -4.1810E-03
  5.8386E+02  9.6202E-03 -4.1814E-03
  5.8497E+02  9.5917E-03 -4.1817E-03
  5.8608E+02  9.5670E-03 -4.1822E-03
  5.8719E+02  9.5454E-03 -4.1828E-03
  5.8830E+02  9.5252E-03 -4.1837E-03
  5.8941E+02  9.5047E-03 -4.1848E-03
  5.9052E+02  9.4833E-03 -4.1859E-03
  5.9163E+02  9.4615E-03 -4.1870E-03
  5.9274E+02  9.4409E-03 -4.1880E-03
  5.9385E+02  9.4227E-03 -4.1889E-03
  5.9496E+02  9.4075E-03 -4.1899E-03
  5.9607E+02  9.3948E-03 -4.1910E-03
  5.9718E+02  9.3839E-03 -4.1922E-03
  5.9829E+02  9.3741E-03 -4.1935E-03
  5.9940E+02  9.3653E-03 -4.1950E-03
  6.0051E+02  9.3573E-03 -4.1966E-03
  6.0162E+02  9.3502E-03 -4.1983E-03
  6.0273E+02  9.3440E-03 -4.2000E-03
  6.0384E+02  9.3391E-03 -4.2018E-03
  6.0495E+02  9.3359E-03 -4.2036E-03
  6.0606E+02  9.3347E-03 -4.2055E-03
  6.0717E+02  9.3351E-03 -4.2075E-03
  6.0828E+02  9.3364E-03 -4.2097E-03
  6.0939E+02  9.3380E-03 -4.2119E-03
  6.1050E+02  9.3404E-03 -4.2141E-03
  6.1161E+02  9.3446E-03 -4.2164E-03
  6.1272E+02  9.3511E-03 -4.2189E-03
  6.1383E+02  9.3596E-03 -4.2214E-03
  6.1494E+02  9.3684E-03 -4.2242E-03
  6.1605E+02  9.3765E-03 -4.2270E-03
  6.1716E+02  9.3837E-03 -4.2298E-03
  6.1827E+02  9.3917E-03 -4.2325E-03
  6.1938E+02  9.4019E-03 -4.2353E-03
  6.2049E+02  9.4148E-03 -4.2382E-03
  6.2160E+02  9.4295E-03 -4.2412E-03
  6.2271E+02  9.4444E-03 -4.2444E-03
  6.2382E+02  9.4584E-03 -4.2477E-03
  6.2493E+02  9.4719E-03 -4.2510E-03
  6.2604E+02  9.4858E-03 -4.2544E-03
  6.2715E+02  9.5010E-03 -4.2578E-03
  6.2826E+02  9.5169E-03 -4.2612E-03
  6.2937E+02  9.5328E-03 -4.2647E-03
  6.3048E+02  9.5482E-03 -4.2681E-03
  6.3159E+02  9.5638E-03 -4.2716E-03
  6.3270E+02  9.5803E-03 -4.2752E-03
  6.3381E+02  9.5980E-03 -4.2788E-03
  6.3492E+02  9.6160E-03 -4.2825E-03
  6.3603E+02  9.6331E-03 -4.2863E-03
  6.3714E+02  9.6486E-03 -4.2901E-03
  6.3825E+02  9.6630E-03 -4.2938E-03
  6.3936E+02  9.6774E-03 -4.2975E-03
  6.4047E+02  9.6927E-03 -4.3012E-03
  6.4158E+02  9.7087E-03 -4.3049E-03
  6.4269E+02  9.7247E-03 -4.3087E-03
  6.4380E+02  9.7396E-03 -4.3125E-03
  6.4491E+02  9.7528E-03 -4.3163E-03
  6.4602E+02  9.7643E-03 -4.3201E-03
  6.4713E+02  9.7747E-03 -4.3238E-03
  6.4824E+02  9.7851E-03 -4.3275E-03
  6.4935E+02  9.7959E-03 -4.3311E-03
  6.5046E+02  9.8069E-03 -4.3347E-03
  6.5157E+02  9.8171E-03 -4.3384E-03
  6.5268E+02  9.8253E-03 -4.3420E-03
  6.5379E+02  9.8313E-03 -4.3457E-03
  6.5490E+02  9.8356E-03 -4.3492E-03
  6.5601E+02  9.8393E-03 -4.3526E-03
  6.5712E+02  9.8426E-03 -4.3560E-03
  6.5823E+02  9.8454E-03 -4.3593E-03
  6.5934E+02  9.8472E-03 -4.3626E-03
  6.6045E+02  9.8475E-03 -4.3659E-03
  6.6156E+02  9.8466E-03 -4.3691E-03
  6.6267E+02  9.8444E-03 -4.3722E-03
  6.6378E+02  9.8409E-03 -4.3753E-03
  6.6489E+02  9.8360E-03 -4.3784E-03
  6.6600E+02  9.8298E-03 -4.3813E-03
  6.6711E+02  9.8224E-03 -4.3841E-03
  6.6822E+02  9.8139E-03 -4.3869E-03
  6.6933E+02  9.8046E-03 -4.3896E-03
  6.7044E+02  9.7944E-03 -4.3922E-03
  6.7155E+02  9.7831E-03 -4.3948E-03
  6.7266E+02  9.7706E-03 -4.3973E-03
  6.7377E+02  9.7566E-03 -4.3997E-03
  6.7488E+02  9.7412E-03 -4.4021E-03
  6.7599E+02  9.7247E-03 -4.4043E-03
  6.7710E+02  9.7076E-03 -4.4065E-03
  6.7821E+02  9.6902E-03 -4.4086E-03
  6.7932E+02  9.6723E-03 -4.4106E-03
  6.8043E+02  9.6532E-03 -4.4126E-03
  6.8154E+02  9.6325E-03 -4.4145E-03
  6.8265E+02  9.6106E-03 -4.4164E-03
  6.8376E+02  9.5882E-03 -4.4181E-03
  6.8487E+02  9.5659E-03 -4.4198E-03
  6.8598E+02  9.5436E-03 -4.4214E-03
  6.8709E+02  9.5209E-03 -4.4229E-03
  6.8820E+02  9.4969E-03 -4.4245E-03
  6.8931E+02  9.4719E-03 -4.4260E-03
  6.9042E+02  9.4463E-03 -4.4273E-03
  6.9153E+02  9.4207E-03 -4.4286E-03
  6.9264E+02  9.3956E-03 -4.4299E-03
  6.9375E+02  9.3705E-03 -4.4311E-03
  6.9486E+02  9.3450E-03 -4.4323E-03
  6.9597E+02  9.3189E-03 -4.4335E-03
  6.9708E+02  9.2925E-03 -4.4346E-03
  6.9819E+02  9.2662E-03 -4.4357E-03
  6.9930E+02  9.2403E-03 -4.4367E-03
  7.0041E+02  9.2147E-03 -4.4377E-03
  7.0152E+02  9.1891E-03 -4.4387E-03
  7.0263E+02  9.1632E-03 -4.4396E-03
  7.0374E+02  9.1371E-03 -4.4406E-03
  7.0485E+02  9.1110E-03 -4.4414E-03
  7.0596E+02  9.0857E-03 -4.4423E-03
  7.0707E+02  9.0613E-03 -4.4431E-03
  7.0818E+02  9.0377E-03 -4.4440E-03
  7.0929E+02  9.0143E-03 -4.4449E-03
  7.1040E+02  8.9906E-03 -4.4458E-03
  7.1151E+02  8.9663E-03 -4.4466E-03
  7.1262E+02  8.9419E-03 -4.4475E-03
  7.1373E+02  8.9181E-03 -4.4482E-03
  7.1484E+02  8.8958E-03 -4.4490E-03
  7.1595E+02  8.8748E-03 -4.4497E-03
  7.1706E+02  8.8545E-03 -4.4506E-03
  7.1817E+02  8.8342E-03 -4.4515E-03
  7.1928E+02  8.8132E-03 -4.4524E-03
  7.2039E+02  8.7919E-03 -4.4533E-03
  7.2150E+02  8.7711E-03 -4.4541E-03
  7.2261E+02  8.7512E-03 -4.4549E-03
  7.2372E+02  8.7325E-03 -4.4558E-03
  7.2483E+02  8.7145E-03 -4.4566E-03
  7.2594E+02  8.6969E-03 -4.4575E-03
  7.2705E+02  8.6794E-03 -4.4585E-03
  7.2816E+02  8.6619E-03 -4.4595E-03
  7.2927E+02  8.6446E-03 -4.4604E-03
  7.3038E+02  8.6274E-03 -4.4614E-03
  7.3149E+02  8.6105E-03 -4.4624E-03
  7.3260E+02  8.5944E-03 -4.4633E-03
  7.3371E+02  8.5790E-03 -4.4643E-03
  7.3482E+02  8.5644E-03 -4.4653E-03
  7.3593E+02  8.5499E-03 -4.4664E-03
  7.3704E+02  8.5352E-03 -4.4675E-03
  7.3815E+02  8.5204E-03 -4.4686E-03
  7.3926E+02  8.5057E-03 -4.4697E-03
  7.4037E+02  8.4915E-03 -4.4707E-03
  7.4148E+02  8.4778E-03 -4.4718E-03
  7.4259E+02  8.4646E-03 -4.4729E-03
  7.4370E+02  8.4518E-03 -4.4741E-03
  7.4481E+02  8.4391E-03 -4.4753E-03
  7.4592E+02  8.4266E-03 -4.4764E-03
  7.4703E+02  8.4140E-03 -4.4777E-03
  7.4814E+02  8.4016E-03 -4.4789E-03
  7.4925E+02  8.3894E-03 -4.4801E-03
  7.5036E+02  8.3775E-03 -4.4813E-03
  7.5147E+02  8.3659E-03 -4.4825E-03
  7.5258E+02  8.3545E-03 -4.4838E-03
  7.5369E+02  8.3433E-03 -4.4850E-03
  7.5480E+02  8.3323E-03 -4.4863E-03
  7.5591E+02  8.3215E-03 -4.4876E-03
  7.5702E+02  8.3110E-03 -4.4889E-03
  7.5813E+02  8.3007E-03 -4.4902E-03
  7.5924E+02  8.2906E-03 -4.4915E-03
  7.6035E+02  8.2806E-03 -4.4928E-03
  7.6146E+02  8.2708E-03 -4.4942E-03
  7.6257E+02  8.2611E-03 -4.4955E-03
  7.6368E+02  8.2516E-03 -4.4969E-03
  7.6479E+02  8.2426E-03 -4.4982E-03
  7.6590E+02  8.2340E-03 -4.4996E-03
  7.6701E+02  8.2257E-03 -4.5010E-03
  7.6812E+02  8.2176E-03 -4.5024E-03
  7.6923E+02  8.2095E-03 -4.5038E-03
  7.7034E+02  8.2015E-03 -4.5052E-03
  7.7145E+02  8.1939E-03 -4.5067E-03
  7.7256E+02  8.1868E-03 -4.5081E-03
  7.7367E+02  8.1800E-03 -4.5095E-03
  7.7478E+02  8.1734E-03 -4.5110E-03
  7.7589E+02  8.1670E-03 -4.5125E-03
  7.7700E+02  8.1608E-03 -4.5140E-03
  7.7811E+02  8.1551E-03 -4.5155E-03
  7.7922E+02  8.1500E-03 -4.5170E-03
  7.8033E+02  8.1452E-03 -4.5185E-03
  7.8144E+02  8.1406E-03 -4.5201E-03
  7.8255E+02  8.1361E-03 -4.5216E-03
  7.8366E+02  8.1317E-03 -4.5232E-03
  7.8477E+02  8.1275E-03 -4.5248E-03
  7.8588E+02  8.1239E-03 -4.5263E-03
  7.8699E+02  8.1207E-03 -4.5279E-03
  7.8810E+02  8.1180E-03 -4.5295E-03
  7.8921E+02  8.1158E-03 -4.5312E-03
  7.9032E+02  8.1137E-03 -4.5329E-03
  7.9143E+02  8.1118E-03 -4.5345E-03
  7.9254E+02  8.1098E-03 -4.5362E-03
  7.9365E+02  8.1080E-03 -4.5380E-03
  7.9476E+02  8.1063E-03 -4.5396E-03
  7.9587E+02  8.1051E-03 -4.5413E-03
  7.9698E+02  8.1043E-03 -4.5431E-03
  7.9809E+02  8.1039E-03 -4.5448E-03
  7.9920E+02  8.1037E-03 -4.5466E-03
  8.0031E+02  8.1036E-03 -4.5483E-03
  8.0142E+02  8.1035E-03 -4.5501E-03
  8.0253E+02  8.1034E-03 -4.5520E-03
  8.0364E+02  8.1032E-03 -4.5538E-03
  8.0475E+02  8.1029E-03 -4.5556E-03
  8.0586E+02  8.1028E-03 -4.5574E-03
  8.0697E+02  8.1031E-03 -4.5592E-03
  8.0808E+02  8.1036E-03 -4.5610E-03
  8.0919E+02  8.1043E-03 -4.5628E-03
  8.1030E+02  8.1046E-03 -4.5647E-03
  8.1141E+02  8.1045E-03 -4.5666E-03
  8.1252E+02  8.1041E-03 -4.5684E-03
  8.1363E+02  8.1038E-03 -4.5703E-03
  8.1474E+02  8.1035E-03 -4.5721E-03
  8.1585E+02  8.1034E-03 -4.5739E-03
  8.1696E+02  8.1030E-03 -4.5758E-03
  8.1807E+02  8.1023E-03 -4.5776E-03
  8.1918E+02  8.1011E-03 -4.5795E-03
  8.2029E+02  8.0998E-03 -4.5813E-03
  8.2140E+02  8.0984E-03 -4.5831E-03
  8.2251E+02  8.0968E-03 -4.5849E-03
  8.2362E+02  8.0949E-03 -4.5868E-03
  8.2473E+02  8.0926E-03 -4.5886E-03
  8.2584E+02  8.0898E-03 -4.5903E-03
  8.2695E+02  8.0867E-03 -4.5921E-03
  8.2806E+02  8.0834E-03 -4.5939E-03
  8.2917E+02  8.0799E-03 -4.5956E-03
  8.3028E+02  8.0761E-03 -4.5973E-03
  8.3139E+02  8.0718E-03 -4.5990E-03
  8.3250E+02  8.0672E-03 -4.6007E-03
  8.3361E+02  8.0623E-03 -4.6024E-03
  8.3472E+02  8.0570E-03 -4.6041E-03
  8.3583E+02  8.0513E-03 -4.6057E-03
  8.3694E+02  8.0453E-03 -4.6074E-03
  8.3805E+02  8.0390E-03 -4.6090E-03
  8.3916E+02  8.0324E-03 -4.6106E-03
  8.4027E+02  8.0257E-03 -4.6121E-03
  8.4138E+02  8.0186E-03 -4.6137E-03
  8.4249E+02  8.0113E-03 -4.6152E-03
  8.4360E+02  8.0037E-03 -4.6167E-03
  8.4471E+02  7.9959E-03 -4.6182E-03
  8.4582E+02  7.9879E-03 -4.6197E-03
  8.4693E+02  7.9798E-03 -4.6212E-03
  8.4804E+02  7.9716E-03 -4.6226E-03
  8.4915E+02  7.9632E-03 -4.6241E-03
  8.5026E+02  7.9547E-03 -4.6255E-03
  8.5137E+02  7.9461E-03 -4.6269E-03
  8.5248E+02  7.9376E-03 -4.6283E-03
  8.5359E+02  7.9291E-03 -4.6297E-03
  8.5470E+02  7.9207E-03 -4.6311E-03
  8.5581E+02  7.9123E-03 -4.6324E-03
  8.5692E+02  7.9041E-03 -4.6338E-03
  8.5803E+02  7.8958E-03 -4.6352E-03
  8.5914E+02  7.8876E-03 -4.6365E-03
  8.6025E+02  7.8796E-03 -4.6379E-03
  8.6136E+02  7.8719E-03 -4.6392E-03
  8.6247E+02  7.8646E-03 -4.6406E-03
  8.6358E+02  7.8575E-03 -4.6419E-03
  8.6469E+02  7.8507E-03 -4.6433E-03
  8.6580E+02  7.8440E-03 -4.6446E-03
  8.6691E+02  7.8375E-03 -4.6460E-03
  8.6802E+02  7.8314E-03 -4.6474E-03
  8.6913E+02  7.8257E-03 -4.6488E-03
  8.7024E+02  7.8204E-03 -4.6501E-03
  8.7135E+02  7.8155E-03 -4.6515E-03
  8.7246E+02  7.8109E-03 -4.6530E-03
  8.7357E+02  7.8068E-03 -4.6544E-03
  8.7468E+02  7.8030E-03 -4.6558E-03
  8.7579E+02  7.7995E-03 -4.6573E-03
  8.7690E+02  7.7963E-03 -4.6588E-03
  8.7801E+02  7.7934E-03 -4.6603E-03
  8.7912E+02  7.7909E-03 -4.6618E-03
  8.8023E+02  7.7888E-03 -4.6633E-03
  8.8134E+02  7.7871E-03 -4.6648E-03
  8.8245E+02  7.7857E-03 -4.6663E-03
  8.8356E+02  7.7845E-03 -4.6679E-03
  8.8467E+02  7.7836E-03 -4.6695E-03
  8.8578E+02  7.7828E-03 -4.6711E-03
  8.8689E+02  7.7823E-03 -4.6727E-03
  8.8800E+02  7.7819E-03 -4.6743E-03
  8.8911E+02  7.7817E-03 -4.6760E-03
  8.9022E+02  7.7816E-03 -4.6776E-03
  8.9133E+02  7.7816E-03 -4.6793E-03
  8.9244E+02  7.7816E-03 -4.6810E-03
  8.9355E+02  7.7817E-03 -4.6827E-03
  8.9466E+02  7.7817E-03 -4.6843E-03
  8.9577E+02  7.7817E-03 -4.6860E-03
  8.9688E+02  7.7816E-03 -4.6878E-03
  8.9799E+02  7.7812E-03 -4.6895E-03
  8.9910E+02  7.7807E-03 -4.6912E-03
  9.0021E+02  7.7799E-03 -4.6929E-03
  9.0132E+02  7.7789E-03 -4.6946E-03
  9.0243E+02  7.7776E-03 -4.6963E-03
  9.0354E+02  7.7761E-03 -4.6980E-03
  9.0465E+02  7.7742E-03 -4.6997E-03
  9.0576E+02  7.7720E-03 -4.7014E-03
  9.0687E+02  7.7692E-03 -4.7030E-03
  9.0798E+02  7.7660E-03 -4.7047E-03
  9.0909E+02  7.7622E-03 -4.7063E-03
  9.1020E+02  7.7580E-03 -4.7079E-03
  9.1131E+02  7.7533E-03 -4.7095E-03
  9.1242E+02  7.7481E-03 -4.7111E-03
  9.1353E+02  7.7424E-03 -4.7127E-03
  9.1464E+02  7.7360E-03 -4.7142E-03
  9.1575E+02  7.7290E-03 -4.7157E-03
  9.1686E+02  7.7215E-03 -4.7172E-03
  9.1797E+02  7.7133E-03 -4.7186E-03
  9.1908E+02  7.7046E-03 -4.7200E-03
  9.2019E+02  7.6953E-03 -4.7214E-03
  9.2130E+02  7.6854E-03 -4.7228E-03
  9.2241E+02  7.6748E-03 -4.7241E-03
  9.2352E+02  7.6637E-03 -4.7254E-03
  9.2463E+02  7.6520E-03 -4.7266E-03
  9.2574E+02  7.6398E-03 -4.7278E-03
  9.2685E+02  7.6270E-03 -4.7290E-03
  9.2796E+02  7.6137E-03 -4.7301E-03
  9.2907E+02  7.5999E-03 -4.7312E-03
  9.3018E+02  7.5857E-03 -4.7323E-03
  9.3129E+02  7.5710E-03 -4.7333E-03
  9.3240E+02  7.5558E-03 -4.7343E-03
  9.3351E+02  7.5402E-03 -4.7353E-03
  9.3462E+02  7.5242E-03 -4.7362E-03
  9.3573E+02  7.5080E-03 -4.7371E-03
  9.3684E+02  7.4915E-03 -4.7379E-03
  9.3795E+02  7.4747E-03 -4.7388E-03
  9.3906E+02  7.4577E-03 -4.7395E-03
  9.4017E+02  7.4404E-03 -4.7403E-03
  9.4128E+02  7.4230E-03 -4.7410E-03
  9.4239E+02  7.4054E-03 -4.7417E-03
  9.4350E+02  7.3877E-03 -4.7424E-03
  9.4461E+02  7.3701E-03 -4.7430E-03
  9.4572E+02  7.3524E-03 -4.7436E-03
  9.4683E+02  7.3347E-03 -4.7442E-03
  9.4794E+02  7.3170E-03 -4.7448E-03
  9.4905E+02  7.2995E-03 -4.7454E-03
  9.5016E+02  7.2821E-03 -4.7459E-03
  9.5127E+02  7.2648E-03 -4.7464E-03
  9.5238E+02  7.2477E-03 -4.7469E-03
  9.5349E+02  7.2307E-03 -4.7474E-03
  9.5460E+02  7.2140E-03 -4.7479E-03
  9.5571E+02  7.1976E-03 -4.7484E-03
  9.5682E+02  7.1815E-03 -4.7488E-03
  9.5793E+02  7.1657E-03 -4.7493E-03
  9.5904E+02  7.1502E-03 -4.7497E-03
  9.6015E+02  7.1350E-03 -4.7502E-03
  9.6126E+02  7.1202E-03 -4.7506E-03
  9.6237E+02  7.1058E-03 -4.7511E-03
  9.6348E+02  7.0917E-03 -4.7516E-03
  9.6459E+02  7.0781E-03 -4.7520E-03
  9.6570E+02  7.0649E-03 -4.7525E-03
  9.6681E+02  7.0521E-03 -4.7530E-03
  9.6792E+02  7.0397E-03 -4.7534E-03
  9.6903E+02  7.0278E-03 -4.7539E-03
  9.7014E+02  7.0163E-03 -4.7544E-03
  9.7125E+02  7.0051E-03 -4.7550E-03
  9.7236E+02  6.9944E-03 -4.7555E-03
  9.7347E+02  6.9841E-03 -4.7560E-03
  9.7458E+02  6.9743E-03 -4.7566E-03
  9.7569E+02  6.9649E-03 -4.7572E-03
  9.7680E+02  6.9559E-03 -4.7578E-03
  9.7791E+02  6.9473E-03 -4.7584E-03
  9.7902E+02  6.9390E-03 -4.7590E-03
  9.8013E+02  6.9311E-03 -4.7596E-03
  9.8124E+02  6.9236E-03 -4.7603E-03
  9.8235E+02  6.9165E-03 -4.7609E-03
  9.8346E+02  6.9097E-03 -4.7616E-03
  9.8457E+02  6.9031E-03 -4.7623E-03
  9.8568E+02  6.8968E-03 -4.7631E-03
  9.8679E+02  6.8909E-03 -4.7638E-03
  9.8790E+02  6.8852E-03 -4.7646E-03
  9.8901E+02  6.8798E-03 -4.7653E-03
  9.9012E+02  6.8746E-03 -4.7661E-03
  9.9123E+02  6.8697E-03 -4.7669E-03
  9.9234E+02  6.8649E-03 -4.7677E-03
  9.9345E+02  6.8602E-03 -4.7686E-03
  9.9456E+02  6.8557E-03 -4.7694E-03
  9.9567E+02  6.8514E-03 -4.7703E-03
  9.9678E+02  6.8472E-03 -4.7712E-03
  9.9789E+02  6.8431E-03 -4.7720E-03
  9.9900E+02  6.8391E-03 -4.7729E-03
  1.0001E+03  6.8351E-03 -4.7738E-03
  1.0012E+03  6.8311E-03 -4.7748E-03
  1.0023E+03  6.8272E-03 -4.7757E-03
  1.0034E+03  6.8233E-03 -4.7766E-03
  1.0045E+03  6.8193E-03 -4.7775E-03
  1.0057E+03  6.8153E-03 -4.7785E-03
  1.0068E+03  6.8113E-03 -4.7794E-03
  1.0079E+03  6.8072E-03 -4.7804E-03
  1.0090E+03  6.8031E-03 -4.7813E-03
  1.0101E+03  6.7989E-03 -4.7822E-03
  1.0112E+03  6.7945E-03 -4.7832E-03
  1.0123E+03  6.7900E-03 -4.7841E-03
  1.0134E+03  6.7853E-03 -4.7851E-03
  1.0145E+03  6.7806E-03 -4.7860E-03
  1.0156E+03  6.7756E-03 -4.7869E-03
  1.0168E+03  6.7705E-03 -4.7878E-03
  1.0179E+03  6.7652E-03 -4.7888E-03
  1.0190E+03  6.7597E-03 -4.7897E-03
  1.0201E+03  6.7541E-03 -4.7906E-03
  1.0212E+03  6.7482E-03 -4.7915E-03
  1.0223E+03  6.7421E-03 -4.7923E-03
  1.0234E+03  6.7357E-03 -4.7932E-03
  1.0245E+03  6.7292E-03 -4.7941E-03
  1.0256E+03  6.7224E-03 -4.7949E-03
  1.0267E+03  6.7154E-03 -4.7957E-03
  1.0279E+03  6.7082E-03 -4.7965E-03
  1.0290E+03  6.7007E-03 -4.7973E-03
  1.0301E+03  6.6930E-03 -4.7981E-03
  1.0312E+03  6.6851E-03 -4.7989E-03
  1.0323E+03  6.6770E-03 -4.7996E-03
  1.0334E+03  6.6686E-03 -4.8004E-03
  1.0345E+03  6.6600E-03 -4.8011E-03
  1.0356E+03  6.6512E-03 -4.8018E-03
  1.0367E+03  6.6422E-03 -4.8025E-03
  1.0378E+03  6.6330E-03 -4.8032E-03
  1.0390E+03  6.6237E-03 -4.8038E-03
  1.0401E+03  6.6141E-03 -4.8044E-03
  1.0412E+03  6.6044E-03 -4.8051E-03
  1.0423E+03  6.5946E-03 -4.8057E-03
  1.0434E+03  6.5845E-03 -4.8062E-03
  1.0445E+03  6.5744E-03 -4.8068E-03
  1.0456E+03  6.5642E-03 -4.8074E-03
  1.0467E+03  6.5539E-03 -4.8079E-03
  1.0478E+03  6.5435E-03 -4.8084E-03
  1.0489E+03  6.5331E-03 -4.8089E-03
  1.0501E+03  6.5226E-03 -4.8094E-03
  1.0512E+03  6.5121E-03 -4.8099E-03
  1.0523E+03  6.5016E-03 -4.8104E-03
  1.0534E+03  6.4911E-03 -4.8109E-03
  1.0545E+03  6.4807E-03 -4.8113E-03
  1.0556E+03  6.4703E-03 -4.8118E-03
  1.0567E+03  6.4601E-03 -4.8122E-03
  1.0578E+03  6.4499E-03 -4.8127E-03
  1.0589E+03  6.4399E-03 -4.8131E-03
  1.0600E+03  6.4300E-03 -4.8135E-03
  1.0612E+03  6.4203E-03 -4.8140E-03
  1.0623E+03  6.4108E-03 -4.8144E-03
  1.0634E+03  6.4016E-03 -4.8148E-03
  1.0645E+03  6.3926E-03 -4.8153E-03
  1.0656E+03  6.3838E-03 -4.8157E-03
  1.0667E+03  6.3753E-03 -4.8161E-03
  1.0678E+03  6.3671E-03 -4.8166E-03
  1.0689E+03  6.3592E-03 -4.8170E-03
  1.0700E+03  6.3517E-03 -4.8175E-03
  1.0711E+03  6.3445E-03 -4.8180E-03
  1.0723E+03  6.3378E-03 -4.8185E-03
  1.0734E+03  6.3314E-03 -4.8190E-03
  1.0745E+03  6.3253E-03 -4.8195E-03
  1.0756E+03  6.3197E-03 -4.8200E-03
  1.0767E+03  6.3146E-03 -4.8205E-03
  1.0778E+03  6.3098E-03 -4.8211E-03
  1.0789E+03  6.3056E-03 -4.8217E-03
  1.0800E+03  6.3017E-03 -4.8223E-03
  1.0811E+03  6.2984E-03 -4.8229E-03
  1.0822E+03  6.2954E-03 -4.8235E-03
  1.0834E+03  6.2930E-03 -4.8242E-03
  1.0845E+03  6.2910E-03 -4.8249E-03
  1.0856E+03  6.2894E-03 -4.8256E-03
  1.0867E+03  6.2884E-03 -4.8263E-03
  1.0878E+03  6.2877E-03 -4.8271E-03
  1.0889E+03  6.2875E-03 -4.8279E-03
  1.0900E+03  6.2878E-03 -4.8287E-03
  1.0911E+03  6.2885E-03 -4.8295E-03
  1.0922E+03  6.2896E-03 -4.8304E-03
  1.0933E+03  6.2911E-03 -4.8313E-03
  1.0945E+03  6.2930E-03 -4.8322E-03
  1.0956E+03  6.2953E-03 -4.8332E-03
  1.0967E+03  6.2979E-03 -4.8341E-03
  1.0978E+03  6.3009E-03 -4.8351E-03
  1.0989E+03  6.3041E-03 -4.8362E-03
  1.1000E+03  6.3077E-03 -4.8372E-03
  1.1011E+03  6.3115E-03 -4.8383E-03
  1.1022E+03  6.3155E-03 -4.8394E-03
  1.1033E+03  6.3198E-03 -4.8405E-03
  1.1044E+03  6.3242E-03 -4.8416E-03
  1.1056E+03  6.3288E-03 -4.8428E-03
  1.1067E+03  6.3336E-03 -4.8440E-03
  1.1078E+03  6.3384E-03 -4.8452E-03
  1.1089E+03  6.3432E-03 -4.8464E-03
  1.1100E+03  6.3482E-03 -4.8476E-03
  1.1111E+03  6.3531E-03 -4.8489E-03
  1.1122E+03  6.3580E-03 -4.8501E-03
  1.1133E+03  6.3628E-03 -4.8514E-03
  1.1144E+03  6.3676E-03 -4.8527E-03
  1.1156E+03  6.3722E-03 -4.8540E-03
  1.1167E+03  6.3766E-03 -4.8553E-03
  1.1178E+03  6.3808E-03 -4.8566E-03
  1.1189E+03  6.3849E-03 -4.8579E-03
  1.1200E+03  6.3887E-03 -4.8592E-03
  1.1211E+03  6.3922E-03 -4.8605E-03
  1.1222E+03  6.3953E-03 -4.8618E-03
  1.1233E+03  6.3982E-03 -4.8630E-03
  1.1244E+03  6.4006E-03 -4.8643E-03
  1.1255E+03  6.4027E-03 -4.8656E-03
  1.1267E+03  6.4043E-03 -4.8669E-03
  1.1278E+03  6.4055E-03 -4.8681E-03
  1.1289E+03  6.4063E-03 -4.8694E-03
  1.1300E+03  6.4066E-03 -4.8706E-03
  1.1311E+03  6.4063E-03 -4.8718E-03
  1.1322E+03  6.4055E-03 -4.8730E-03
  1.1333E+03  6.4042E-03 -4.8741E-03
  1.1344E+03  6.4023E-03 -4.8753E-03
  1.1355E+03  6.3999E-03 -4.8764E-03
  1.1366E+03  6.3969E-03 -4.8775E-03
  1.1378E+03  6.3933E-03 -4.8785E-03
  1.1389E+03  6.3891E-03 -4.8795E-03
  1.1400E+03  6.3843E-03 -4.8805E-03
  1.1411E+03  6.3790E-03 -4.8815E-03
  1.1422E+03  6.3730E-03 -4.8824E-03
  1.1433E+03  6.3665E-03 -4.8834E-03
  1.1444E+03  6.3594E-03 -4.8842E-03
  1.1455E+03  6.3517E-03 -4.8851E-03
  1.1466E+03  6.3434E-03 -4.8859E-03
  1.1477E+03  6.3346E-03 -4.8866E-03
  1.1489E+03  6.3252E-03 -4.8874E-03
  1.1500E+03  6.3153E-03 -4.8880E-03
  1.1511E+03  6.3049E-03 -4.8887E-03
  1.1522E+03  6.2940E-03 -4.8893E-03
  1.1533E+03  6.2826E-03 -4.8899E-03
  1.1544E+03  6.2707E-03 -4.8905E-03
  1.1555E+03  6.2585E-03 -4.8910E-03
  1.1566E+03  6.2458E-03 -4.8914E-03
  1.1577E+03  6.2328E-03 -4.8919E-03
  1.1588E+03  6.2194E-03 -4.8923E-03
  1.1600E+03  6.2056E-03 -4.8927E-03
  1.1611E+03  6.1916E-03 -4.8930E-03
  1.1622E+03  6.1773E-03 -4.8933E-03
  1.1633E+03  6.1628E-03 -4.8936E-03
  1.1644E+03  6.1481E-03 -4.8939E-03
  1.1655E+03  6.1332E-03 -4.8941E-03
  1.1666E+03  6.1182E-03 -4.8943E-03
  1.1677E+03  6.1031E-03 -4.8945E-03
  1.1688E+03  6.0879E-03 -4.8946E-03
  1.1699E+03  6.0726E-03 -4.8947E-03
  1.1711E+03  6.0574E-03 -4.8949E-03
  1.1722E+03  6.0422E-03 -4.8949E-03
  1.1733E+03  6.0270E-03 -4.8950E-03
  1.1744E+03  6.0119E-03 -4.8951E-03
  1.1755E+03  5.9969E-03 -4.8951E-03
  1.1766E+03  5.9821E-03 -4.8951E-03
  1.1777E+03  5.9674E-03 -4.8952E-03
  1.1788E+03  5.9529E-03 -4.8952E-03
  1.1799E+03  5.9387E-03 -4.8952E-03
  1.1810E+03  5.9247E-03 -4.8952E-03
  1.1822E+03  5.9109E-03 -4.8952E-03
  1.1833E+03  5.8974E-03 -4.8952E-03
  1.1844E+03  5.8843E-03 -4.8952E-03
  1.1855E+03  5.8715E-03 -4.8952E-03
  1.1866E+03  5.8590E-03 -4.8952E-03
  1.1877E+03  5.8468E-03 -4.8952E-03
  1.1888E+03  5.8351E-03 -4.8952E-03
  1.1899E+03  5.8236E-03 -4.8952E-03
  1.1910E+03  5.8126E-03 -4.8952E-03
  1.1921E+03  5.8020E-03 -4.8952E-03
  1.1933E+03  5.7918E-03 -4.8953E-03
  1.1944E+03  5.7820E-03 -4.8953E-03
  1.1955E+03  5.7726E-03 -4.8954E-03
  1.1966E+03  5.7635E-03 -4.8954E-03
  1.1977E+03  5.7549E-03 -4.8955E-03
  1.1988E+03  5.7467E-03 -4.8956E-03
  1.1999E+03  5.7388E-03 -4.8958E-03
  1.2010E+03  5.7314E-03 -4.8959E-03
  1.2021E+03  5.7243E-03 -4.8960E-03
  1.2032E+03  5.7176E-03 -4.8962E-03
  1.2044E+03  5.7113E-03 -4.8964E-03
  1.2055E+03  5.7053E-03 -4.8966E-03
  1.2066E+03  5.6996E-03 -4.8968E-03
  1.2077E+03  5.6942E-03 -4.8971E-03
  1.2088E+03  5.6891E-03 -4.8973E-03
  1.2099E+03  5.6844E-03 -4.8976E-03
  1.2110E+03  5.6799E-03 -4.8979E-03
  1.2121E+03  5.6756E-03 -4.8982E-03
  1.2132E+03  5.6716E-03 -4.8985E-03
  1.2143E+03  5.6678E-03 -4.8988E-03
  1.2155E+03  5.6642E-03 -4.8992E-03
  1.2166E+03  5.6608E-03 -4.8995E-03
  1.2177E+03  5.6575E-03 -4.8999E-03
  1.2188E+03  5.6544E-03 -4.9003E-03
  1.2199E+03  5.6514E-03 -4.9007E-03
  1.2210E+03  5.6486E-03 -4.9011E-03
  1.2221E+03  5.6458E-03 -4.9015E-03
  1.2232E+03  5.6431E-03 -4.9020E-03
  1.2243E+03  5.6405E-03 -4.9024E-03
  1.2254E+03  5.6379E-03 -4.9029E-03
  1.2266E+03  5.6353E-03 -4.9033E-03
  1.2277E+03  5.6328E-03 -4.9038E-03
  1.2288E+03  5.6303E-03 -4.9043E-03
  1.2299E+03  5.6278E-03 -4.9048E-03
  1.2310E+03  5.6252E-03 -4.9053E-03
  1.2321E+03  5.6226E-03 -4.9057E-03
  1.2332E+03  5.6200E-03 -4.9062E-03
  1.2343E+03  5.6173E-03 -4.9067E-03
  1.2354E+03  5.6146E-03 -4.9072E-03
  1.2365E+03  5.6119E-03 -4.9077E-03
  1.2377E+03  5.6090E-03 -4.9082E-03
  1.2388E+03  5.6061E-03 -4.9087E-03
  1.2399E+03  5.6031E-03 -4.9092E-03
  1.2410E+03  5.6001E-03 -4.9097E-03
  1.2421E+03  5.5969E-03 -4.9102E-03
  1.2432E+03  5.5937E-03 -4.9107E-03
  1.2443E+03  5.5904E-03 -4.9112E-03
  1.2454E+03  5.5870E-03 -4.9117E-03
  1.2465E+03  5.5835E-03 -4.9121E-03
  1.2476E+03  5.5800E-03 -4.9126E-03
  1.2488E+03  5.5764E-03 -4.9131E-03
  1.2499E+03  5.5727E-03 -4.9136E-03
  1.2510E+03  5.5689E-03 -4.9140E-03
  1.2521E+03  5.5651E-03 -4.9145E-03
  1.2532E+03  5.5612E-03 -4.9149E-03
  1.2543E+03  5.5572E-03 -4.9154E-03
  1.2554E+03  5.5531E-03 -4.9158E-03
  1.2565E+03  5.5490E-03 -4.9162E-03
  1.2576E+03  5.5449E-03 -4.9167E-03
  1.2587E+03  5.5407E-03 -4.9171E-03
  1.2599E+03  5.5365E-03 -4.9175E-03
  1.2610E+03  5.5322E-03 -4.9179E-03
  1.2621E+03  5.5278E-03 -4.9183E-03
  1.2632E+03  5.5234E-03 -4.9187E-03
  1.2643E+03  5.5190E-03 -4.9191E-03
  1.2654E+03  5.5146E-03 -4.9195E-03
  1.2665E+03  5.5101E-03 -4.9199E-03
  1.2676E+03  5.5056E-03 -4.9202E-03
  1.2687E+03  5.5010E-03 -4.9206E-03
  1.2698E+03  5.4964E-03 -4.9210E-03
  1.2710E+03  5.4918E-03 -4.9213E-03
  1.2721E+03  5.4872E-03 -4.9217E-03
  1.2732E+03  5.4825E-03 -4.9220E-03
  1.2743E+03  5.4778E-03 -4.9224E-03
  1.2754E+03  5.4730E-03 -4.9227E-03
  1.2765E+03  5.4682E-03 -4.9230E-03
  1.2776E+03  5.4633E-03 -4.9233E-03
  1.2787E+03  5.4584E-03 -4.9237E-03
  1.2798E+03  5.4535E-03 -4.9240E-03
  1.2809E+03  5.4485E-03 -4.9243E-03
  1.2821E+03  5.4434E-03 -4.9246E-03
  1.2832E+03  5.4382E-03 -4.9248E-03
  1.2843E+03  5.4330E-03 -4.9251E-03
  1.2854E+03  5.4277E-03 -4.9254E-03
  1.2865E+03  5.4224E-03 -4.9257E-03
  1.2876E+03  5.4169E-03 -4.9259E-03
  1.2887E+03  5.4114E-03 -4.9262E-03
  1.2898E+03  5.4057E-03 -4.9264E-03
  1.2909E+03  5.4000E-03 -4.9267E-03
  1.2920E+03  5.3941E-03 -4.9269E-03
  1.2932E+03  5.3881E-03 -4.9271E-03
  1.2943E+03  5.3820E-03 -4.9273E-03
  1.2954E+03  5.3758E-03 -4.9276E-03
  1.2965E+03  5.3695E-03 -4.9278E-03
  1.2976E+03  5.3631E-03 -4.9279E-03
  1.2987E+03  5.3565E-03 -4.9281E-03
  1.2998E+03  5.3498E-03 -4.9283E-03
  1.3009E+03  5.3429E-03 -4.9284E-03
  1.3020E+03  5.3360E-03 -4.9286E-03
  1.3031E+03  5.3289E-03 -4.9287E-03
  1.3043E+03  5.3216E-03 -4.9289E-03
  1.3054E+03  5.3143E-03 -4.9290E-03
  1.3065E+03  5.3068E-03 -4.9291E-03
  1.3076E+03  5.2991E-03 -4.9292E-03
  1.3087E+03  5.2914E-03 -4.9293E-03
  1.3098E+03  5.2835E-03 -4.9294E-03
  1.3109E+03  5.2755E-03 -4.9294E-03
  1.3120E+03  5.2674E-03 -4.9295E-03
  1.3131E+03  5.2592E-03 -4.9295E-03
  1.3142E+03  5.2509E-03 -4.9296E-03
  1.3154E+03  5.2425E-03 -4.9296E-03
  1.3165E+03  5.2340E-03 -4.9296E-03
  1.3176E+03  5.2254E-03 -4.9296E-03
  1.3187E+03  5.2168E-03 -4.9296E-03
  1.3198E+03  5.2081E-03 -4.9296E-03
  1.3209E+03  5.1993E-03 -4.9296E-03
  1.3220E+03  5.1906E-03 -4.9296E-03
  1.3231E+03  5.1818E-03 -4.9295E-03
  1.3242E+03  5.1730E-03 -4.9295E-03
  1.3253E+03  5.1641E-03 -4.9295E-03
  1.3265E+03  5.1553E-03 -4.9294E-03
  1.3276E+03  5.1466E-03 -4.9293E-03
  1.3287E+03  5.1378E-03 -4.9293E-03
  1.3298E+03  5.1291E-03 -4.9292E-03
  1.3309E+03  5.1205E-03 -4.9291E-03
  1.3320E+03  5.1119E-03 -4.9290E-03
  1.3331E+03  5.1034E-03 -4.9289E-03
  1.3342E+03  5.0951E-03 -4.9289E-03
  1.3353E+03  5.0868E-03 -4.9288E-03
  1.3364E+03  5.0787E-03 -4.9287E-03
  1.3376E+03  5.0707E-03 -4.9286E-03
  1.3387E+03  5.0628E-03 -4.9285E-03
  1.3398E+03  5.0552E-03 -4.9284E-03
  1.3409E+03  5.0477E-03 -4.9283E-03
  1.3420E+03  5.0403E-03 -4.9282E-03
  1.3431E+03  5.0332E-03 -4.9281E-03
  1.3442E+03  5.0263E-03 -4.9281E-03
  1.3453E+03  5.0196E-03 -4.9280E-03
  1.3464E+03  5.0131E-03 -4.9279E-03
  1.3475E+03  5.0068E-03 -4.9279E-03
  1.3487E+03  5.0008E-03 -4.9278E-03
  1.3498E+03  4.9951E-03 -4.9278E-03
  1.3509E+03  4.9895E-03 -4.9277E-03
  1.3520E+03  4.9843E-03 -4.9277E-03
  1.3531E+03  4.9793E-03 -4.9277E-03
  1.3542E+03  4.9745E-03 -4.9276E-03
  1.3553E+03  4.9701E-03 -4.9276E-03
  1.3564E+03  4.9659E-03 -4.9277E-03
  1.3575E+03  4.9619E-03 -4.9277E-03
  1.3586E+03  4.9582E-03 -4.9277E-03
  1.3598E+03  4.9548E-03 -4.9278E-03
  1.3609E+03  4.9517E-03 -4.9278E-03
  1.3620E+03  4.9488E-03 -4.9279E-03
  1.3631E+03  4.9462E-03 -4.9280E-03
  1.3642E+03  4.9438E-03 -4.9281E-03
  1.3653E+03  4.9417E-03 -4.9282E-03
  1.3664E+03  4.9398E-03 -4.9283E-03
  1.3675E+03  4.9381E-03 -4.9285E-03
  1.3686E+03  4.9367E-03 -4.9286E-03
  1.3697E+03  4.9355E-03 -4.9288E-03
  1.3709E+03  4.9345E-03 -4.9290E-03
  1.3720E+03  4.9337E-03 -4.9291E-03
  1.3731E+03  4.9330E-03 -4.9294E-03
  1.3742E+03  4.9325E-03 -4.9296E-03
  1.3753E+03  4.9322E-03 -4.9298E-03
  1.3764E+03  4.9320E-03 -4.9301E-03
  1.3775E+03  4.9320E-03 -4.9303E-03
  1.3786E+03  4.9321E-03 -4.9306E-03
  1.3797E+03  4.9322E-03 -4.9309E-03
  1.3808E+03  4.9325E-03 -4.9311E-03
  1.3820E+03  4.9328E-03 -4.9314E-03
  1.3831E+03  4.9331E-03 -4.9318E-03
  1.3842E+03  4.9335E-03 -4.9321E-03
  1.3853E+03  4.9340E-03 -4.9324E-03
  1.3864E+03  4.9344E-03 -4.9327E-03
  1.3875E+03  4.9348E-03 -4.9330E-03
  1.3886E+03  4.9351E-03 -4.9334E-03
  1.3897E+03  4.9354E-03 -4.9337E-03
  1.3908E+03  4.9356E-03 -4.9341E-03
  1.3919E+03  4.9358E-03 -4.9344E-03
  1.3931E+03  4.9358E-03 -4.9348E-03
  1.3942E+03  4.9357E-03 -4.9351E-03
  1.3953E+03  4.9355E-03 -4.9355E-03
  1.3964E+03  4.9352E-03 -4.9358E-03
  1.3975E+03  4.9346E-03 -4.9361E-03
  1.3986E+03  4.9339E-03 -4.9365E-03
  1.3997E+03  4.9330E-03 -4.9368E-03
  1.4008E+03  4.9319E-03 -4.9371E-03
  1.4019E+03  4.9305E-03 -4.9375E-03
  1.4030E+03  4.9289E-03 -4.9378E-03
  1.4042E+03  4.9271E-03 -4.9381E-03
  1.4053E+03  4.9250E-03 -4.9384E-03
  1.4064E+03  4.9226E-03 -4.9386E-03
  1.4075E+03  4.9200E-03 -4.9389E-03
  1.4086E+03  4.9171E-03 -4.9392E-03
  1.4097E+03  4.9139E-03 -4.9394E-03
  1.4108E+03  4.9104E-03 -4.9396E-03
  1.4119E+03  4.9066E-03 -4.9398E-03
  1.4130E+03  4.9025E-03 -4.9400E-03
  1.4141E+03  4.8980E-03 -4.9402E-03
  1.4153E+03  4.8933E-03 -4.9404E-03
  1.4164E+03  4.8883E-03 -4.9405E-03
  1.4175E+03  4.8829E-03 -4.9406E-03
  1.4186E+03  4.8773E-03 -4.9407E-03
  1.4197E+03  4.8713E-03 -4.9408E-03
  1.4208E+03  4.8650E-03 -4.9409E-03
  1.4219E+03  4.8585E-03 -4.9409E-03
  1.4230E+03  4.8516E-03 -4.9409E-03
  1.4241E+03  4.8445E-03 -4.9410E-03
  1.4252E+03  4.8371E-03 -4.9409E-03
  1.4264E+03  4.8294E-03 -4.9409E-03
  1.4275E+03  4.8215E-03 -4.9408E-03
  1.4286E+03  4.8133E-03 -4.9408E-03
  1.4297E+03  4.8049E-03 -4.9407E-03
  1.4308E+03  4.7962E-03 -4.9405E-03
  1.4319E+03  4.7874E-03 -4.9404E-03
  1.4330E+03  4.7784E-03 -4.9402E-03
  1.4341E+03  4.7691E-03 -4.9401E-03
  1.4352E+03  4.7597E-03 -4.9399E-03
  1.4363E+03  4.7502E-03 -4.9397E-03
  1.4375E+03  4.7406E-03 -4.9394E-03
  1.4386E+03  4.7308E-03 -4.9392E-03
  1.4397E+03  4.7209E-03 -4.9389E-03
  1.4408E+03  4.7109E-03 -4.9386E-03
  1.4419E+03  4.7009E-03 -4.9383E-03
  1.4430E+03  4.6909E-03 -4.9380E-03
  1.4441E+03  4.6808E-03 -4.9377E-03
  1.4452E+03  4.6707E-03 -4.9374E-03
  1.4463E+03  4.6606E-03 -4.9370E-03
  1.4474E+03  4.6505E-03 -4.9367E-03
  1.4486E+03  4.6405E-03 -4.9363E-03
  1.4497E+03  4.6306E-03 -4.9359E-03
  1.4508E+03  4.6207E-03 -4.9355E-03
  1.4519E+03  4.6109E-03 -4.9351E-03
  1.4530E+03  4.6013E-03 -4.9347E-03
  1.4541E+03  4.5917E-03 -4.9343E-03
  1.4552E+03  4.5823E-03 -4.9339E-03
  1.4563E+03  4.5731E-03 -4.9335E-03
  1.4574E+03  4.5640E-03 -4.9331E-03
  1.4585E+03  4.5552E-03 -4.9327E-03
  1.4597E+03  4.5465E-03 -4.9323E-03
  1.4608E+03  4.5380E-03 -4.9319E-03
  1.4619E+03  4.5298E-03 -4.9315E-03
  1.4630E+03  4.5218E-03 -4.9311E-03
  1.4641E+03  4.5140E-03 -4.9307E-03
  1.4652E+03  4.5065E-03 -4.9304E-03
  1.4663E+03  4.4992E-03 -4.9300E-03
  1.4674E+03  4.4922E-03 -4.9296E-03
  1.4685E+03  4.4855E-03 -4.9293E-03
  1.4696E+03  4.4790E-03 -4.9289E-03
  1.4708E+03  4.4728E-03 -4.9286E-03
  1.4719E+03  4.4669E-03 -4.9282E-03
  1.4730E+03  4.4612E-03 -4.9279E-03
  1.4741E+03  4.4559E-03 -4.9276E-03
  1.4752E+03  4.4508E-03 -4.9273E-03
  1.4763E+03  4.4460E-03 -4.9270E-03
  1.4774E+03  4.4414E-03 -4.9267E-03
  1.4785E+03  4.4371E-03 -4.9265E-03
  1.4796E+03  4.4331E-03 -4.9262E-03
  1.4807E+03  4.4293E-03 -4.9260E-03
  1.4819E+03  4.4258E-03 -4.9258E-03
  1.4830E+03  4.4225E-03 -4.9256E-03
  1.4841E+03  4.4194E-03 -4.9254E-03
  1.4852E+03  4.4166E-03 -4.9252E-03
  1.4863E+03  4.4140E-03 -4.9250E-03
  1.4874E+03  4.4115E-03 -4.9249E-03
  1.4885E+03  4.4093E-03 -4.9247E-03
  1.4896E+03  4.4072E-03 -4.9246E-03
  1.4907E+03  4.4053E-03 -4.9245E-03
  1.4918E+03  4.4035E-03 -4.9244E-03
  1.4930E+03  4.4018E-03 -4.9243E-03
  1.4941E+03  4.4003E-03 -4.9242E-03
  1.4952E+03  4.3989E-03 -4.9242E-03
  1.4963E+03  4.3975E-03 -4.9241E-03
  1.4974E+03  4.3962E-03 -4.9241E-03
  1.4985E+03  4.3950E-03 -4.9240E-03
  1.4996E+03  4.3938E-03 -4.9240E-03
  1.5000E+03  4.3934E-03 -4.9240E-03
