# CREATED BY GENE DIAGNOSTICS TOOL on Tue Mar 16 14:47:11 2021
# diag: timetrace, run(s): 0031, time window: 0-300(2185 steps), species: ions
# original data path: /ptmp/cmor/HP_GAM_scans/LHD_s0.25_alpha-pi10_npol1_nz0256/
# normalization: L_ref=1.65m
#
#  t          Re[phi]     Im[phi]   
  0.0000E+00  9.9997E-01  0.0000E+00
  1.3740E-01  9.9653E-01 -3.0747E-04
  2.7480E-01  9.8678E-01 -6.0241E-04
  4.1220E-01  9.7220E-01 -8.8313E-04
  5.4960E-01  9.5461E-01 -1.1550E-03
  6.8700E-01  9.3567E-01 -1.4223E-03
  8.2440E-01  9.1658E-01 -1.6853E-03
  9.6180E-01  8.9808E-01 -1.9431E-03
  1.0992E+00  8.8041E-01 -2.1955E-03
  1.2366E+00  8.6355E-01 -2.4440E-03
  1.3740E+00  8.4726E-01 -2.6906E-03
  1.5114E+00  8.3127E-01 -2.9367E-03
  1.6488E+00  8.1530E-01 -3.1823E-03
  1.7862E+00  7.9911E-01 -3.4266E-03
  1.9236E+00  7.8254E-01 -3.6682E-03
  2.0610E+00  7.6547E-01 -3.9053E-03
  2.1984E+00  7.4787E-01 -4.1364E-03
  2.3358E+00  7.2974E-01 -4.3605E-03
  2.4732E+00  7.1114E-01 -4.5767E-03
  2.6106E+00  6.9216E-01 -4.7842E-03
  2.7480E+00  6.7291E-01 -4.9829E-03
  2.8854E+00  6.5351E-01 -5.1725E-03
  3.0228E+00  6.3408E-01 -5.3526E-03
  3.1602E+00  6.1473E-01 -5.5229E-03
  3.2976E+00  5.9556E-01 -5.6833E-03
  3.4350E+00  5.7666E-01 -5.8334E-03
  3.5724E+00  5.5808E-01 -5.9728E-03
  3.7098E+00  5.3988E-01 -6.1013E-03
  3.8472E+00  5.2209E-01 -6.2186E-03
  3.9846E+00  5.0474E-01 -6.3245E-03
  4.1220E+00  4.8783E-01 -6.4188E-03
  4.2594E+00  4.7137E-01 -6.5014E-03
  4.3968E+00  4.5538E-01 -6.5724E-03
  4.5342E+00  4.3985E-01 -6.6317E-03
  4.6716E+00  4.2480E-01 -6.6796E-03
  4.8090E+00  4.1021E-01 -6.7162E-03
  4.9464E+00  3.9611E-01 -6.7418E-03
  5.0838E+00  3.8247E-01 -6.7565E-03
  5.2212E+00  3.6932E-01 -6.7607E-03
  5.3586E+00  3.5664E-01 -6.7547E-03
  5.4960E+00  3.4444E-01 -6.7389E-03
  5.6334E+00  3.3270E-01 -6.7136E-03
  5.7708E+00  3.2142E-01 -6.6794E-03
  5.9082E+00  3.1061E-01 -6.6366E-03
  6.0456E+00  3.0023E-01 -6.5857E-03
  6.1830E+00  2.9029E-01 -6.5273E-03
  6.3204E+00  2.8078E-01 -6.4617E-03
  6.4578E+00  2.7167E-01 -6.3895E-03
  6.5952E+00  2.6296E-01 -6.3113E-03
  6.7326E+00  2.5464E-01 -6.2276E-03
  6.8700E+00  2.4668E-01 -6.1387E-03
  7.0074E+00  2.3908E-01 -6.0453E-03
  7.1448E+00  2.3182E-01 -5.9477E-03
  7.2822E+00  2.2489E-01 -5.8464E-03
  7.4196E+00  2.1828E-01 -5.7419E-03
  7.5570E+00  2.1196E-01 -5.6346E-03
  7.6944E+00  2.0593E-01 -5.5249E-03
  7.8318E+00  2.0017E-01 -5.4132E-03
  7.9692E+00  1.9468E-01 -5.3000E-03
  8.1066E+00  1.8943E-01 -5.1855E-03
  8.2440E+00  1.8442E-01 -5.0701E-03
  8.3814E+00  1.7963E-01 -4.9543E-03
  8.5188E+00  1.7506E-01 -4.8381E-03
  8.6562E+00  1.7069E-01 -4.7221E-03
  8.7936E+00  1.6651E-01 -4.6063E-03
  8.9310E+00  1.6251E-01 -4.4912E-03
  9.0684E+00  1.5869E-01 -4.3769E-03
  9.2058E+00  1.5503E-01 -4.2636E-03
  9.3432E+00  1.5153E-01 -4.1516E-03
  9.4806E+00  1.4817E-01 -4.0411E-03
  9.6180E+00  1.4495E-01 -3.9321E-03
  9.7554E+00  1.4186E-01 -3.8249E-03
  9.8928E+00  1.3890E-01 -3.7196E-03
  1.0030E+01  1.3605E-01 -3.6164E-03
  1.0168E+01  1.3332E-01 -3.5154E-03
  1.0305E+01  1.3070E-01 -3.4167E-03
  1.0442E+01  1.2817E-01 -3.3203E-03
  1.0580E+01  1.2574E-01 -3.2263E-03
  1.0717E+01  1.2341E-01 -3.1347E-03
  1.0855E+01  1.2116E-01 -3.0457E-03
  1.0992E+01  1.1899E-01 -2.9591E-03
  1.1129E+01  1.1690E-01 -2.8751E-03
  1.1267E+01  1.1488E-01 -2.7938E-03
  1.1404E+01  1.1293E-01 -2.7150E-03
  1.1542E+01  1.1105E-01 -2.6387E-03
  1.1679E+01  1.0924E-01 -2.5651E-03
  1.1816E+01  1.0748E-01 -2.4939E-03
  1.1954E+01  1.0578E-01 -2.4252E-03
  1.2091E+01  1.0414E-01 -2.3591E-03
  1.2229E+01  1.0255E-01 -2.2955E-03
  1.2366E+01  1.0101E-01 -2.2343E-03
  1.2503E+01  9.9522E-02 -2.1756E-03
  1.2641E+01  9.8076E-02 -2.1191E-03
  1.2778E+01  9.6674E-02 -2.0648E-03
  1.2916E+01  9.5312E-02 -2.0126E-03
  1.3053E+01  9.3990E-02 -1.9623E-03
  1.3190E+01  9.2706E-02 -1.9138E-03
  1.3328E+01  9.1458E-02 -1.8670E-03
  1.3465E+01  9.0244E-02 -1.8217E-03
  1.3603E+01  8.9062E-02 -1.7777E-03
  1.3740E+01  8.7911E-02 -1.7348E-03
  1.3877E+01  8.6790E-02 -1.6927E-03
  1.4015E+01  8.5697E-02 -1.6514E-03
  1.4152E+01  8.4631E-02 -1.6104E-03
  1.4290E+01  8.3590E-02 -1.5696E-03
  1.4427E+01  8.2575E-02 -1.5287E-03
  1.4564E+01  8.1584E-02 -1.4876E-03
  1.4702E+01  8.0617E-02 -1.4460E-03
  1.4839E+01  7.9674E-02 -1.4038E-03
  1.4977E+01  7.8753E-02 -1.3608E-03
  1.5114E+01  7.7855E-02 -1.3169E-03
  1.5251E+01  7.6978E-02 -1.2720E-03
  1.5389E+01  7.6123E-02 -1.2263E-03
  1.5526E+01  7.5290E-02 -1.1798E-03
  1.5664E+01  7.4480E-02 -1.1325E-03
  1.5801E+01  7.3694E-02 -1.0844E-03
  1.5938E+01  7.2931E-02 -1.0357E-03
  1.6076E+01  7.2193E-02 -9.8662E-04
  1.6213E+01  7.1480E-02 -9.3732E-04
  1.6351E+01  7.0794E-02 -8.8819E-04
  1.6488E+01  7.0135E-02 -8.3961E-04
  1.6625E+01  6.9507E-02 -7.9188E-04
  1.6763E+01  6.8908E-02 -7.4527E-04
  1.6900E+01  6.8342E-02 -7.0003E-04
  1.7038E+01  6.7806E-02 -6.5645E-04
  1.7175E+01  6.7302E-02 -6.1488E-04
  1.7312E+01  6.6831E-02 -5.7570E-04
  1.7450E+01  6.6391E-02 -5.3932E-04
  1.7587E+01  6.5986E-02 -5.0609E-04
  1.7725E+01  6.5614E-02 -4.7636E-04
  1.7862E+01  6.5279E-02 -4.5046E-04
  1.7999E+01  6.4981E-02 -4.2872E-04
  1.8137E+01  6.4719E-02 -4.1148E-04
  1.8274E+01  6.4495E-02 -3.9912E-04
  1.8412E+01  6.4308E-02 -3.9202E-04
  1.8549E+01  6.4159E-02 -3.9057E-04
  1.8686E+01  6.4046E-02 -3.9509E-04
  1.8824E+01  6.3972E-02 -4.0583E-04
  1.8961E+01  6.3934E-02 -4.2299E-04
  1.9099E+01  6.3934E-02 -4.4668E-04
  1.9236E+01  6.3972E-02 -4.7706E-04
  1.9373E+01  6.4045E-02 -5.1428E-04
  1.9511E+01  6.4154E-02 -5.5852E-04
  1.9648E+01  6.4296E-02 -6.0986E-04
  1.9786E+01  6.4469E-02 -6.6830E-04
  1.9923E+01  6.4672E-02 -7.3375E-04
  2.0060E+01  6.4902E-02 -8.0602E-04
  2.0198E+01  6.5158E-02 -8.8484E-04
  2.0335E+01  6.5436E-02 -9.6988E-04
  2.0473E+01  6.5736E-02 -1.0608E-03
  2.0610E+01  6.6054E-02 -1.1572E-03
  2.0747E+01  6.6389E-02 -1.2587E-03
  2.0885E+01  6.6739E-02 -1.3651E-03
  2.1022E+01  6.7101E-02 -1.4760E-03
  2.1160E+01  6.7473E-02 -1.5911E-03
  2.1297E+01  6.7851E-02 -1.7099E-03
  2.1434E+01  6.8232E-02 -1.8321E-03
  2.1572E+01  6.8614E-02 -1.9572E-03
  2.1709E+01  6.8994E-02 -2.0849E-03
  2.1847E+01  6.9368E-02 -2.2147E-03
  2.1984E+01  6.9734E-02 -2.3463E-03
  2.2121E+01  7.0088E-02 -2.4792E-03
  2.2259E+01  7.0428E-02 -2.6128E-03
  2.2396E+01  7.0751E-02 -2.7465E-03
  2.2534E+01  7.1054E-02 -2.8799E-03
  2.2671E+01  7.1335E-02 -3.0125E-03
  2.2808E+01  7.1593E-02 -3.1437E-03
  2.2946E+01  7.1823E-02 -3.2727E-03
  2.3083E+01  7.2025E-02 -3.3992E-03
  2.3221E+01  7.2196E-02 -3.5229E-03
  2.3358E+01  7.2333E-02 -3.6435E-03
  2.3495E+01  7.2435E-02 -3.7603E-03
  2.3633E+01  7.2498E-02 -3.8730E-03
  2.3770E+01  7.2522E-02 -3.9814E-03
  2.3908E+01  7.2502E-02 -4.0850E-03
  2.4045E+01  7.2439E-02 -4.1834E-03
  2.4182E+01  7.2330E-02 -4.2762E-03
  2.4320E+01  7.2174E-02 -4.3629E-03
  2.4457E+01  7.1970E-02 -4.4432E-03
  2.4595E+01  7.1716E-02 -4.5169E-03
  2.4732E+01  7.1413E-02 -4.5840E-03
  2.4869E+01  7.1060E-02 -4.6444E-03
  2.5007E+01  7.0657E-02 -4.6977E-03
  2.5144E+01  7.0204E-02 -4.7439E-03
  2.5282E+01  6.9700E-02 -4.7830E-03
  2.5419E+01  6.9146E-02 -4.8149E-03
  2.5556E+01  6.8542E-02 -4.8396E-03
  2.5694E+01  6.7889E-02 -4.8568E-03
  2.5831E+01  6.7186E-02 -4.8665E-03
  2.5969E+01  6.6434E-02 -4.8687E-03
  2.6106E+01  6.5634E-02 -4.8632E-03
  2.6243E+01  6.4784E-02 -4.8502E-03
  2.6381E+01  6.3887E-02 -4.8297E-03
  2.6518E+01  6.2942E-02 -4.8020E-03
  2.6656E+01  6.1951E-02 -4.7672E-03
  2.6793E+01  6.0915E-02 -4.7255E-03
  2.6930E+01  5.9837E-02 -4.6770E-03
  2.7068E+01  5.8718E-02 -4.6218E-03
  2.7205E+01  5.7561E-02 -4.5602E-03
  2.7343E+01  5.6368E-02 -4.4924E-03
  2.7480E+01  5.5142E-02 -4.4184E-03
  2.7617E+01  5.3883E-02 -4.3384E-03
  2.7755E+01  5.2594E-02 -4.2528E-03
  2.7892E+01  5.1277E-02 -4.1616E-03
  2.8030E+01  4.9931E-02 -4.0652E-03
  2.8167E+01  4.8558E-02 -3.9639E-03
  2.8304E+01  4.7159E-02 -3.8578E-03
  2.8442E+01  4.5735E-02 -3.7475E-03
  2.8579E+01  4.4289E-02 -3.6331E-03
  2.8717E+01  4.2823E-02 -3.5150E-03
  2.8854E+01  4.1340E-02 -3.3935E-03
  2.8991E+01  3.9843E-02 -3.2688E-03
  2.9129E+01  3.8336E-02 -3.1411E-03
  2.9266E+01  3.6820E-02 -3.0108E-03
  2.9404E+01  3.5299E-02 -2.8781E-03
  2.9541E+01  3.3775E-02 -2.7432E-03
  2.9678E+01  3.2250E-02 -2.6064E-03
  2.9816E+01  3.0725E-02 -2.4681E-03
  2.9953E+01  2.9201E-02 -2.3286E-03
  3.0091E+01  2.7681E-02 -2.1882E-03
  3.0228E+01  2.6163E-02 -2.0472E-03
  3.0365E+01  2.4651E-02 -1.9059E-03
  3.0503E+01  2.3144E-02 -1.7645E-03
  3.0640E+01  2.1645E-02 -1.6234E-03
  3.0778E+01  2.0155E-02 -1.4828E-03
  3.0915E+01  1.8677E-02 -1.3428E-03
  3.1052E+01  1.7214E-02 -1.2035E-03
  3.1190E+01  1.5767E-02 -1.0651E-03
  3.1327E+01  1.4339E-02 -9.2803E-04
  3.1465E+01  1.2932E-02 -7.9228E-04
  3.1602E+01  1.1546E-02 -6.5795E-04
  3.1739E+01  1.0183E-02 -5.2529E-04
  3.1877E+01  8.8439E-03 -3.9461E-04
  3.2014E+01  7.5301E-03 -2.6617E-04
  3.2152E+01  6.2422E-03 -1.4009E-04
  3.2289E+01  4.9806E-03 -1.6571E-05
  3.2426E+01  3.7454E-03  1.0417E-04
  3.2564E+01  2.5367E-03  2.2199E-04
  3.2701E+01  1.3543E-03  3.3685E-04
  3.2839E+01  1.9875E-04  4.4869E-04
  3.2976E+01 -9.2896E-04  5.5738E-04
  3.3113E+01 -2.0277E-03  6.6278E-04
  3.3251E+01 -3.0964E-03  7.6481E-04
  3.3388E+01 -4.1339E-03  8.6346E-04
  3.3526E+01 -5.1392E-03  9.5870E-04
  3.3663E+01 -6.1118E-03  1.0505E-03
  3.3800E+01 -7.0511E-03  1.1387E-03
  3.3938E+01 -7.9566E-03  1.2235E-03
  3.4075E+01 -8.8280E-03  1.3047E-03
  3.4213E+01 -9.6647E-03  1.3825E-03
  3.4350E+01 -1.0466E-02  1.4569E-03
  3.4487E+01 -1.1232E-02  1.5277E-03
  3.4625E+01 -1.1963E-02  1.5949E-03
  3.4762E+01 -1.2660E-02  1.6586E-03
  3.4900E+01 -1.3324E-02  1.7188E-03
  3.5037E+01 -1.3955E-02  1.7755E-03
  3.5174E+01 -1.4556E-02  1.8291E-03
  3.5312E+01 -1.5127E-02  1.8794E-03
  3.5449E+01 -1.5669E-02  1.9266E-03
  3.5587E+01 -1.6182E-02  1.9706E-03
  3.5724E+01 -1.6666E-02  2.0111E-03
  3.5861E+01 -1.7120E-02  2.0482E-03
  3.5999E+01 -1.7544E-02  2.0819E-03
  3.6136E+01 -1.7938E-02  2.1121E-03
  3.6274E+01 -1.8301E-02  2.1390E-03
  3.6411E+01 -1.8634E-02  2.1625E-03
  3.6548E+01 -1.8935E-02  2.1828E-03
  3.6686E+01 -1.9205E-02  2.2000E-03
  3.6823E+01 -1.9445E-02  2.2142E-03
  3.6961E+01 -1.9656E-02  2.2259E-03
  3.7098E+01 -1.9836E-02  2.2352E-03
  3.7235E+01 -1.9988E-02  2.2422E-03
  3.7373E+01 -2.0112E-02  2.2468E-03
  3.7510E+01 -2.0207E-02  2.2488E-03
  3.7648E+01 -2.0276E-02  2.2483E-03
  3.7785E+01 -2.0320E-02  2.2456E-03
  3.7922E+01 -2.0340E-02  2.2409E-03
  3.8060E+01 -2.0337E-02  2.2342E-03
  3.8197E+01 -2.0312E-02  2.2255E-03
  3.8335E+01 -2.0267E-02  2.2145E-03
  3.8472E+01 -2.0204E-02  2.2013E-03
  3.8609E+01 -2.0122E-02  2.1861E-03
  3.8747E+01 -2.0024E-02  2.1690E-03
  3.8884E+01 -1.9907E-02  2.1500E-03
  3.9022E+01 -1.9773E-02  2.1291E-03
  3.9159E+01 -1.9621E-02  2.1062E-03
  3.9296E+01 -1.9452E-02  2.0813E-03
  3.9434E+01 -1.9266E-02  2.0548E-03
  3.9571E+01 -1.9064E-02  2.0268E-03
  3.9709E+01 -1.8844E-02  1.9974E-03
  3.9846E+01 -1.8606E-02  1.9665E-03
  3.9983E+01 -1.8350E-02  1.9344E-03
  4.0121E+01 -1.8078E-02  1.9012E-03
  4.0258E+01 -1.7789E-02  1.8670E-03
  4.0396E+01 -1.7485E-02  1.8319E-03
  4.0533E+01 -1.7166E-02  1.7959E-03
  4.0670E+01 -1.6833E-02  1.7586E-03
  4.0808E+01 -1.6485E-02  1.7202E-03
  4.0945E+01 -1.6123E-02  1.6807E-03
  4.1083E+01 -1.5749E-02  1.6405E-03
  4.1220E+01 -1.5365E-02  1.5997E-03
  4.1357E+01 -1.4973E-02  1.5584E-03
  4.1495E+01 -1.4572E-02  1.5164E-03
  4.1632E+01 -1.4164E-02  1.4735E-03
  4.1770E+01 -1.3749E-02  1.4298E-03
  4.1907E+01 -1.3328E-02  1.3853E-03
  4.2044E+01 -1.2899E-02  1.3400E-03
  4.2182E+01 -1.2464E-02  1.2939E-03
  4.2319E+01 -1.2024E-02  1.2471E-03
  4.2457E+01 -1.1578E-02  1.1997E-03
  4.2594E+01 -1.1128E-02  1.1517E-03
  4.2731E+01 -1.0673E-02  1.1033E-03
  4.2869E+01 -1.0213E-02  1.0544E-03
  4.3006E+01 -9.7470E-03  1.0050E-03
  4.3144E+01 -9.2748E-03  9.5497E-04
  4.3281E+01 -8.7965E-03  9.0437E-04
  4.3418E+01 -8.3126E-03  8.5317E-04
  4.3556E+01 -7.8238E-03  8.0138E-04
  4.3693E+01 -7.3307E-03  7.4904E-04
  4.3831E+01 -6.8336E-03  6.9623E-04
  4.3968E+01 -6.3324E-03  6.4304E-04
  4.4105E+01 -5.8268E-03  5.8949E-04
  4.4243E+01 -5.3166E-03  5.3556E-04
  4.4380E+01 -4.8017E-03  4.8125E-04
  4.4518E+01 -4.2826E-03  4.2663E-04
  4.4655E+01 -3.7599E-03  3.7189E-04
  4.4792E+01 -3.2346E-03  3.1722E-04
  4.4930E+01 -2.7073E-03  2.6272E-04
  4.5067E+01 -2.1784E-03  2.0834E-04
  4.5205E+01 -1.6483E-03  1.5394E-04
  4.5342E+01 -1.1171E-03  9.9377E-05
  4.5479E+01 -5.8477E-04  4.4584E-05
  4.5617E+01 -5.1703E-05 -1.0432E-05
  4.5754E+01  4.8169E-04 -6.5661E-05
  4.5892E+01  1.0148E-03 -1.2112E-04
  4.6029E+01  1.5473E-03 -1.7688E-04
  4.6166E+01  2.0790E-03 -2.3304E-04
  4.6304E+01  2.6100E-03 -2.8973E-04
  4.6441E+01  3.1404E-03 -3.4700E-04
  4.6579E+01  3.6700E-03 -4.0476E-04
  4.6716E+01  4.1988E-03 -4.6282E-04
  4.6853E+01  4.7266E-03 -5.2104E-04
  4.6991E+01  5.2541E-03 -5.7942E-04
  4.7128E+01  5.7816E-03 -6.3803E-04
  4.7266E+01  6.3095E-03 -6.9688E-04
  4.7403E+01  6.8377E-03 -7.5587E-04
  4.7540E+01  7.3657E-03 -8.1478E-04
  4.7678E+01  7.8929E-03 -8.7338E-04
  4.7815E+01  8.4191E-03 -9.3156E-04
  4.7953E+01  8.9445E-03 -9.8930E-04
  4.8090E+01  9.4696E-03 -1.0467E-03
  4.8227E+01  9.9947E-03 -1.1037E-03
  4.8365E+01  1.0520E-02 -1.1604E-03
  4.8502E+01  1.1045E-02 -1.2169E-03
  4.8640E+01  1.1569E-02 -1.2730E-03
  4.8777E+01  1.2091E-02 -1.3289E-03
  4.8914E+01  1.2611E-02 -1.3844E-03
  4.9052E+01  1.3128E-02 -1.4398E-03
  4.9189E+01  1.3641E-02 -1.4951E-03
  4.9327E+01  1.4151E-02 -1.5504E-03
  4.9464E+01  1.4656E-02 -1.6059E-03
  4.9601E+01  1.5158E-02 -1.6614E-03
  4.9739E+01  1.5657E-02 -1.7171E-03
  4.9876E+01  1.6154E-02 -1.7729E-03
  5.0014E+01  1.6649E-02 -1.8289E-03
  5.0151E+01  1.7144E-02 -1.8850E-03
  5.0288E+01  1.7638E-02 -1.9410E-03
  5.0426E+01  1.8132E-02 -1.9969E-03
  5.0563E+01  1.8625E-02 -2.0526E-03
  5.0701E+01  1.9118E-02 -2.1079E-03
  5.0838E+01  1.9610E-02 -2.1630E-03
  5.0975E+01  2.0101E-02 -2.2177E-03
  5.1113E+01  2.0589E-02 -2.2719E-03
  5.1250E+01  2.1076E-02 -2.3256E-03
  5.1388E+01  2.1561E-02 -2.3788E-03
  5.1525E+01  2.2044E-02 -2.4314E-03
  5.1662E+01  2.2525E-02 -2.4837E-03
  5.1800E+01  2.3005E-02 -2.5358E-03
  5.1937E+01  2.3483E-02 -2.5879E-03
  5.2075E+01  2.3959E-02 -2.6397E-03
  5.2212E+01  2.4433E-02 -2.6909E-03
  5.2349E+01  2.4904E-02 -2.7418E-03
  5.2487E+01  2.5372E-02 -2.7928E-03
  5.2624E+01  2.5837E-02 -2.8440E-03
  5.2762E+01  2.6298E-02 -2.8956E-03
  5.2899E+01  2.6755E-02 -2.9471E-03
  5.3036E+01  2.7207E-02 -2.9979E-03
  5.3174E+01  2.7654E-02 -3.0480E-03
  5.3311E+01  2.8097E-02 -3.0977E-03
  5.3449E+01  2.8539E-02 -3.1479E-03
  5.3586E+01  2.8980E-02 -3.1989E-03
  5.3723E+01  2.9420E-02 -3.2504E-03
  5.3861E+01  2.9858E-02 -3.3012E-03
  5.3998E+01  3.0292E-02 -3.3505E-03
  5.4136E+01  3.0724E-02 -3.3982E-03
  5.4273E+01  3.1155E-02 -3.4455E-03
  5.4410E+01  3.1588E-02 -3.4938E-03
  5.4548E+01  3.2025E-02 -3.5436E-03
  5.4685E+01  3.2463E-02 -3.5941E-03
  5.4823E+01  3.2898E-02 -3.6435E-03
  5.4960E+01  3.3329E-02 -3.6904E-03
  5.5097E+01  3.3754E-02 -3.7350E-03
  5.5235E+01  3.4176E-02 -3.7788E-03
  5.5372E+01  3.4600E-02 -3.8242E-03
  5.5510E+01  3.5027E-02 -3.8722E-03
  5.5647E+01  3.5455E-02 -3.9218E-03
  5.5784E+01  3.5878E-02 -3.9703E-03
  5.5922E+01  3.6291E-02 -4.0151E-03
  5.6059E+01  3.6694E-02 -4.0555E-03
  5.6197E+01  3.7093E-02 -4.0936E-03
  5.6334E+01  3.7494E-02 -4.1331E-03
  5.6471E+01  3.7905E-02 -4.1769E-03
  5.6609E+01  3.8324E-02 -4.2256E-03
  5.6746E+01  3.8744E-02 -4.2766E-03
  5.6884E+01  3.9156E-02 -4.3255E-03
  5.7021E+01  3.9549E-02 -4.3690E-03
  5.7158E+01  3.9924E-02 -4.4068E-03
  5.7296E+01  4.0287E-02 -4.4417E-03
  5.7433E+01  4.0648E-02 -4.4781E-03
  5.7571E+01  4.1015E-02 -4.5197E-03
  5.7708E+01  4.1392E-02 -4.5665E-03
  5.7845E+01  4.1772E-02 -4.6155E-03
  5.7983E+01  4.2147E-02 -4.6621E-03
  5.8120E+01  4.2512E-02 -4.7024E-03
  5.8258E+01  4.2865E-02 -4.7360E-03
  5.8395E+01  4.3215E-02 -4.7663E-03
  5.8532E+01  4.3572E-02 -4.7983E-03
  5.8670E+01  4.3944E-02 -4.8366E-03
  5.8807E+01  4.4330E-02 -4.8824E-03
  5.8945E+01  4.4721E-02 -4.9328E-03
  5.9082E+01  4.5101E-02 -4.9824E-03
  5.9219E+01  4.5456E-02 -5.0255E-03
  5.9357E+01  4.5778E-02 -5.0592E-03
  5.9494E+01  4.6072E-02 -5.0845E-03
  5.9632E+01  4.6351E-02 -5.1061E-03
  5.9769E+01  4.6632E-02 -5.1295E-03
  5.9906E+01  4.6929E-02 -5.1592E-03
  6.0044E+01  4.7250E-02 -5.1966E-03
  6.0181E+01  4.7593E-02 -5.2394E-03
  6.0319E+01  4.7948E-02 -5.2836E-03
  6.0456E+01  4.8306E-02 -5.3246E-03
  6.0593E+01  4.8657E-02 -5.3600E-03
  6.0731E+01  4.8999E-02 -5.3897E-03
  6.0868E+01  4.9332E-02 -5.4162E-03
  6.1006E+01  4.9662E-02 -5.4433E-03
  6.1143E+01  4.9990E-02 -5.4739E-03
  6.1280E+01  5.0317E-02 -5.5089E-03
  6.1418E+01  5.0636E-02 -5.5468E-03
  6.1555E+01  5.0939E-02 -5.5838E-03
  6.1693E+01  5.1218E-02 -5.6162E-03
  6.1830E+01  5.1470E-02 -5.6412E-03
  6.1967E+01  5.1697E-02 -5.6586E-03
  6.2105E+01  5.1909E-02 -5.6706E-03
  6.2242E+01  5.2120E-02 -5.6812E-03
  6.2380E+01  5.2345E-02 -5.6947E-03
  6.2517E+01  5.2594E-02 -5.7141E-03
  6.2654E+01  5.2870E-02 -5.7404E-03
  6.2792E+01  5.3170E-02 -5.7724E-03
  6.2929E+01  5.3484E-02 -5.8073E-03
  6.3067E+01  5.3797E-02 -5.8414E-03
  6.3204E+01  5.4099E-02 -5.8717E-03
  6.3341E+01  5.4377E-02 -5.8963E-03
  6.3479E+01  5.4629E-02 -5.9150E-03
  6.3616E+01  5.4853E-02 -5.9291E-03
  6.3754E+01  5.5053E-02 -5.9406E-03
  6.3891E+01  5.5236E-02 -5.9517E-03
  6.4028E+01  5.5406E-02 -5.9638E-03
  6.4166E+01  5.5568E-02 -5.9774E-03
  6.4303E+01  5.5725E-02 -5.9919E-03
  6.4441E+01  5.5879E-02 -6.0060E-03
  6.4578E+01  5.6029E-02 -6.0184E-03
  6.4715E+01  5.6178E-02 -6.0283E-03
  6.4853E+01  5.6329E-02 -6.0355E-03
  6.4990E+01  5.6485E-02 -6.0410E-03
  6.5128E+01  5.6650E-02 -6.0463E-03
  6.5265E+01  5.6827E-02 -6.0530E-03
  6.5402E+01  5.7016E-02 -6.0619E-03
  6.5540E+01  5.7216E-02 -6.0732E-03
  6.5677E+01  5.7423E-02 -6.0862E-03
  6.5815E+01  5.7630E-02 -6.0997E-03
  6.5952E+01  5.7831E-02 -6.1124E-03
  6.6089E+01  5.8022E-02 -6.1231E-03
  6.6227E+01  5.8198E-02 -6.1311E-03
  6.6364E+01  5.8358E-02 -6.1361E-03
  6.6502E+01  5.8504E-02 -6.1382E-03
  6.6639E+01  5.8637E-02 -6.1380E-03
  6.6776E+01  5.8762E-02 -6.1363E-03
  6.6914E+01  5.8882E-02 -6.1338E-03
  6.7051E+01  5.9000E-02 -6.1313E-03
  6.7189E+01  5.9119E-02 -6.1292E-03
  6.7326E+01  5.9240E-02 -6.1276E-03
  6.7463E+01  5.9363E-02 -6.1261E-03
  6.7601E+01  5.9487E-02 -6.1242E-03
  6.7738E+01  5.9613E-02 -6.1216E-03
  6.7876E+01  5.9738E-02 -6.1181E-03
  6.8013E+01  5.9864E-02 -6.1138E-03
  6.8150E+01  5.9990E-02 -6.1093E-03
  6.8288E+01  6.0115E-02 -6.1052E-03
  6.8425E+01  6.0239E-02 -6.1018E-03
  6.8563E+01  6.0357E-02 -6.0994E-03
  6.8700E+01  6.0467E-02 -6.0973E-03
  6.8837E+01  6.0566E-02 -6.0949E-03
  6.8975E+01  6.0650E-02 -6.0911E-03
  6.9112E+01  6.0716E-02 -6.0852E-03
  6.9250E+01  6.0763E-02 -6.0764E-03
  6.9387E+01  6.0792E-02 -6.0646E-03
  6.9524E+01  6.0804E-02 -6.0502E-03
  6.9662E+01  6.0803E-02 -6.0337E-03
  6.9799E+01  6.0793E-02 -6.0159E-03
  6.9937E+01  6.0778E-02 -5.9979E-03
  7.0074E+01  6.0761E-02 -5.9805E-03
  7.0211E+01  6.0747E-02 -5.9641E-03
  7.0349E+01  6.0735E-02 -5.9490E-03
  7.0486E+01  6.0727E-02 -5.9351E-03
  7.0624E+01  6.0722E-02 -5.9217E-03
  7.0761E+01  6.0720E-02 -5.9084E-03
  7.0898E+01  6.0719E-02 -5.8946E-03
  7.1036E+01  6.0718E-02 -5.8801E-03
  7.1173E+01  6.0718E-02 -5.8652E-03
  7.1311E+01  6.0719E-02 -5.8504E-03
  7.1448E+01  6.0722E-02 -5.8362E-03
  7.1585E+01  6.0727E-02 -5.8233E-03
  7.1723E+01  6.0734E-02 -5.8117E-03
  7.1860E+01  6.0743E-02 -5.8010E-03
  7.1998E+01  6.0751E-02 -5.7905E-03
  7.2135E+01  6.0758E-02 -5.7791E-03
  7.2272E+01  6.0762E-02 -5.7658E-03
  7.2410E+01  6.0761E-02 -5.7501E-03
  7.2547E+01  6.0757E-02 -5.7317E-03
  7.2685E+01  6.0749E-02 -5.7113E-03
  7.2822E+01  6.0740E-02 -5.6896E-03
  7.2959E+01  6.0733E-02 -5.6678E-03
  7.3097E+01  6.0728E-02 -5.6470E-03
  7.3234E+01  6.0727E-02 -5.6278E-03
  7.3372E+01  6.0731E-02 -5.6106E-03
  7.3509E+01  6.0738E-02 -5.5953E-03
  7.3646E+01  6.0747E-02 -5.5815E-03
  7.3784E+01  6.0755E-02 -5.5684E-03
  7.3921E+01  6.0758E-02 -5.5555E-03
  7.4059E+01  6.0756E-02 -5.5418E-03
  7.4196E+01  6.0746E-02 -5.5270E-03
  7.4333E+01  6.0726E-02 -5.5107E-03
  7.4471E+01  6.0696E-02 -5.4927E-03
  7.4608E+01  6.0658E-02 -5.4732E-03
  7.4746E+01  6.0610E-02 -5.4524E-03
  7.4883E+01  6.0556E-02 -5.4311E-03
  7.5020E+01  6.0497E-02 -5.4096E-03
  7.5158E+01  6.0434E-02 -5.3888E-03
  7.5295E+01  6.0368E-02 -5.3689E-03
  7.5433E+01  6.0300E-02 -5.3505E-03
  7.5570E+01  6.0230E-02 -5.3334E-03
  7.5707E+01  6.0156E-02 -5.3176E-03
  7.5845E+01  6.0079E-02 -5.3027E-03
  7.5982E+01  5.9994E-02 -5.2884E-03
  7.6120E+01  5.9902E-02 -5.2742E-03
  7.6257E+01  5.9801E-02 -5.2598E-03
  7.6394E+01  5.9690E-02 -5.2448E-03
  7.6532E+01  5.9569E-02 -5.2290E-03
  7.6669E+01  5.9438E-02 -5.2120E-03
  7.6807E+01  5.9299E-02 -5.1940E-03
  7.6944E+01  5.9155E-02 -5.1748E-03
  7.7081E+01  5.9007E-02 -5.1547E-03
  7.7219E+01  5.8861E-02 -5.1343E-03
  7.7356E+01  5.8717E-02 -5.1141E-03
  7.7494E+01  5.8580E-02 -5.0949E-03
  7.7631E+01  5.8450E-02 -5.0773E-03
  7.7768E+01  5.8330E-02 -5.0617E-03
  7.7906E+01  5.8218E-02 -5.0482E-03
  7.8043E+01  5.8114E-02 -5.0364E-03
  7.8181E+01  5.8016E-02 -5.0256E-03
  7.8318E+01  5.7922E-02 -5.0147E-03
  7.8455E+01  5.7829E-02 -5.0029E-03
  7.8593E+01  5.7738E-02 -4.9895E-03
  7.8730E+01  5.7648E-02 -4.9742E-03
  7.8868E+01  5.7561E-02 -4.9574E-03
  7.9005E+01  5.7479E-02 -4.9399E-03
  7.9142E+01  5.7404E-02 -4.9226E-03
  7.9280E+01  5.7338E-02 -4.9068E-03
  7.9417E+01  5.7284E-02 -4.8934E-03
  7.9555E+01  5.7241E-02 -4.8829E-03
  7.9692E+01  5.7208E-02 -4.8750E-03
  7.9829E+01  5.7184E-02 -4.8693E-03
  7.9967E+01  5.7163E-02 -4.8646E-03
  8.0104E+01  5.7144E-02 -4.8597E-03
  8.0242E+01  5.7121E-02 -4.8532E-03
  8.0379E+01  5.7093E-02 -4.8442E-03
  8.0516E+01  5.7057E-02 -4.8322E-03
  8.0654E+01  5.7013E-02 -4.8176E-03
  8.0791E+01  5.6961E-02 -4.8011E-03
  8.0929E+01  5.6903E-02 -4.7838E-03
  8.1066E+01  5.6841E-02 -4.7670E-03
  8.1203E+01  5.6777E-02 -4.7519E-03
  8.1341E+01  5.6712E-02 -4.7393E-03
  8.1478E+01  5.6647E-02 -4.7294E-03
  8.1616E+01  5.6579E-02 -4.7222E-03
  8.1753E+01  5.6510E-02 -4.7172E-03
  8.1890E+01  5.6436E-02 -4.7136E-03
  8.2028E+01  5.6355E-02 -4.7109E-03
  8.2165E+01  5.6267E-02 -4.7081E-03
  8.2303E+01  5.6168E-02 -4.7049E-03
  8.2440E+01  5.6057E-02 -4.7009E-03
  8.2577E+01  5.5934E-02 -4.6958E-03
  8.2715E+01  5.5798E-02 -4.6896E-03
  8.2852E+01  5.5649E-02 -4.6821E-03
  8.2990E+01  5.5489E-02 -4.6732E-03
  8.3127E+01  5.5317E-02 -4.6630E-03
  8.3264E+01  5.5138E-02 -4.6514E-03
  8.3402E+01  5.4952E-02 -4.6389E-03
  8.3539E+01  5.4763E-02 -4.6260E-03
  8.3677E+01  5.4576E-02 -4.6134E-03
  8.3814E+01  5.4392E-02 -4.6022E-03
  8.3951E+01  5.4216E-02 -4.5930E-03
  8.4089E+01  5.4050E-02 -4.5865E-03
  8.4226E+01  5.3896E-02 -4.5829E-03
  8.4364E+01  5.3753E-02 -4.5821E-03
  8.4501E+01  5.3622E-02 -4.5834E-03
  8.4638E+01  5.3501E-02 -4.5862E-03
  8.4776E+01  5.3387E-02 -4.5896E-03
  8.4913E+01  5.3279E-02 -4.5927E-03
  8.5051E+01  5.3174E-02 -4.5950E-03
  8.5188E+01  5.3071E-02 -4.5959E-03
  8.5325E+01  5.2967E-02 -4.5952E-03
  8.5463E+01  5.2864E-02 -4.5929E-03
  8.5600E+01  5.2760E-02 -4.5888E-03
  8.5738E+01  5.2656E-02 -4.5832E-03
  8.5875E+01  5.2554E-02 -4.5759E-03
  8.6012E+01  5.2455E-02 -4.5674E-03
  8.6150E+01  5.2364E-02 -4.5578E-03
  8.6287E+01  5.2281E-02 -4.5476E-03
  8.6425E+01  5.2211E-02 -4.5374E-03
  8.6562E+01  5.2155E-02 -4.5281E-03
  8.6699E+01  5.2115E-02 -4.5203E-03
  8.6837E+01  5.2093E-02 -4.5147E-03
  8.6974E+01  5.2088E-02 -4.5119E-03
  8.7112E+01  5.2100E-02 -4.5121E-03
  8.7249E+01  5.2127E-02 -4.5153E-03
  8.7386E+01  5.2165E-02 -4.5210E-03
  8.7524E+01  5.2211E-02 -4.5285E-03
  8.7661E+01  5.2260E-02 -4.5368E-03
  8.7799E+01  5.2308E-02 -4.5450E-03
  8.7936E+01  5.2351E-02 -4.5518E-03
  8.8073E+01  5.2385E-02 -4.5564E-03
  8.8211E+01  5.2409E-02 -4.5581E-03
  8.8348E+01  5.2420E-02 -4.5566E-03
  8.8486E+01  5.2418E-02 -4.5522E-03
  8.8623E+01  5.2405E-02 -4.5453E-03
  8.8760E+01  5.2381E-02 -4.5370E-03
  8.8898E+01  5.2351E-02 -4.5285E-03
  8.9035E+01  5.2314E-02 -4.5209E-03
  8.9173E+01  5.2274E-02 -4.5154E-03
  8.9310E+01  5.2232E-02 -4.5128E-03
  8.9447E+01  5.2189E-02 -4.5135E-03
  8.9585E+01  5.2144E-02 -4.5174E-03
  8.9722E+01  5.2096E-02 -4.5241E-03
  8.9860E+01  5.2044E-02 -4.5329E-03
  8.9997E+01  5.1986E-02 -4.5425E-03
  9.0134E+01  5.1919E-02 -4.5519E-03
  9.0272E+01  5.1842E-02 -4.5600E-03
  9.0409E+01  5.1752E-02 -4.5661E-03
  9.0547E+01  5.1651E-02 -4.5699E-03
  9.0684E+01  5.1537E-02 -4.5714E-03
  9.0821E+01  5.1413E-02 -4.5710E-03
  9.0959E+01  5.1280E-02 -4.5694E-03
  9.1096E+01  5.1140E-02 -4.5673E-03
  9.1234E+01  5.0995E-02 -4.5656E-03
  9.1371E+01  5.0849E-02 -4.5651E-03
  9.1508E+01  5.0702E-02 -4.5660E-03
  9.1646E+01  5.0557E-02 -4.5687E-03
  9.1783E+01  5.0415E-02 -4.5730E-03
  9.1921E+01  5.0276E-02 -4.5783E-03
  9.2058E+01  5.0141E-02 -4.5841E-03
  9.2195E+01  5.0010E-02 -4.5897E-03
  9.2333E+01  4.9883E-02 -4.5947E-03
  9.2470E+01  4.9760E-02 -4.5985E-03
  9.2608E+01  4.9643E-02 -4.6012E-03
  9.2745E+01  4.9532E-02 -4.6029E-03
  9.2882E+01  4.9428E-02 -4.6040E-03
  9.3020E+01  4.9333E-02 -4.6051E-03
  9.3157E+01  4.9248E-02 -4.6068E-03
  9.3295E+01  4.9173E-02 -4.6097E-03
  9.3432E+01  4.9109E-02 -4.6140E-03
  9.3569E+01  4.9057E-02 -4.6198E-03
  9.3707E+01  4.9016E-02 -4.6267E-03
  9.3844E+01  4.8985E-02 -4.6342E-03
  9.3982E+01  4.8965E-02 -4.6418E-03
  9.4119E+01  4.8954E-02 -4.6489E-03
  9.4256E+01  4.8952E-02 -4.6549E-03
  9.4394E+01  4.8958E-02 -4.6595E-03
  9.4531E+01  4.8971E-02 -4.6628E-03
  9.4669E+01  4.8993E-02 -4.6651E-03
  9.4806E+01  4.9023E-02 -4.6668E-03
  9.4943E+01  4.9060E-02 -4.6685E-03
  9.5081E+01  4.9106E-02 -4.6710E-03
  9.5218E+01  4.9159E-02 -4.6746E-03
  9.5356E+01  4.9220E-02 -4.6797E-03
  9.5493E+01  4.9287E-02 -4.6863E-03
  9.5630E+01  4.9359E-02 -4.6943E-03
  9.5768E+01  4.9435E-02 -4.7031E-03
  9.5905E+01  4.9512E-02 -4.7124E-03
  9.6043E+01  4.9590E-02 -4.7215E-03
  9.6180E+01  4.9667E-02 -4.7300E-03
  9.6317E+01  4.9742E-02 -4.7377E-03
  9.6455E+01  4.9814E-02 -4.7444E-03
  9.6592E+01  4.9882E-02 -4.7502E-03
  9.6730E+01  4.9946E-02 -4.7555E-03
  9.6867E+01  5.0006E-02 -4.7607E-03
  9.7004E+01  5.0062E-02 -4.7661E-03
  9.7142E+01  5.0113E-02 -4.7720E-03
  9.7279E+01  5.0160E-02 -4.7787E-03
  9.7417E+01  5.0201E-02 -4.7862E-03
  9.7554E+01  5.0238E-02 -4.7945E-03
  9.7691E+01  5.0268E-02 -4.8034E-03
  9.7829E+01  5.0291E-02 -4.8128E-03
  9.7966E+01  5.0307E-02 -4.8224E-03
  9.8104E+01  5.0315E-02 -4.8322E-03
  9.8241E+01  5.0315E-02 -4.8420E-03
  9.8378E+01  5.0307E-02 -4.8517E-03
  9.8516E+01  5.0292E-02 -4.8613E-03
  9.8653E+01  5.0268E-02 -4.8707E-03
  9.8791E+01  5.0237E-02 -4.8800E-03
  9.8928E+01  5.0200E-02 -4.8892E-03
  9.9065E+01  5.0157E-02 -4.8982E-03
  9.9203E+01  5.0109E-02 -4.9072E-03
  9.9340E+01  5.0057E-02 -4.9162E-03
  9.9478E+01  5.0000E-02 -4.9252E-03
  9.9615E+01  4.9941E-02 -4.9343E-03
  9.9752E+01  4.9878E-02 -4.9437E-03
  9.9890E+01  4.9813E-02 -4.9534E-03
  1.0003E+02  4.9746E-02 -4.9636E-03
  1.0016E+02  4.9678E-02 -4.9744E-03
  1.0030E+02  4.9608E-02 -4.9856E-03
  1.0044E+02  4.9537E-02 -4.9971E-03
  1.0058E+02  4.9465E-02 -5.0089E-03
  1.0071E+02  4.9393E-02 -5.0208E-03
  1.0085E+02  4.9320E-02 -5.0324E-03
  1.0099E+02  4.9248E-02 -5.0436E-03
  1.0113E+02  4.9177E-02 -5.0544E-03
  1.0126E+02  4.9108E-02 -5.0648E-03
  1.0140E+02  4.9041E-02 -5.0748E-03
  1.0154E+02  4.8976E-02 -5.0846E-03
  1.0168E+02  4.8916E-02 -5.0944E-03
  1.0181E+02  4.8859E-02 -5.1044E-03
  1.0195E+02  4.8808E-02 -5.1148E-03
  1.0209E+02  4.8761E-02 -5.1257E-03
  1.0223E+02  4.8720E-02 -5.1371E-03
  1.0236E+02  4.8684E-02 -5.1489E-03
  1.0250E+02  4.8653E-02 -5.1610E-03
  1.0264E+02  4.8628E-02 -5.1733E-03
  1.0278E+02  4.8609E-02 -5.1854E-03
  1.0291E+02  4.8594E-02 -5.1973E-03
  1.0305E+02  4.8585E-02 -5.2090E-03
  1.0319E+02  4.8581E-02 -5.2202E-03
  1.0332E+02  4.8583E-02 -5.2311E-03
  1.0346E+02  4.8590E-02 -5.2418E-03
  1.0360E+02  4.8603E-02 -5.2524E-03
  1.0374E+02  4.8621E-02 -5.2629E-03
  1.0387E+02  4.8645E-02 -5.2736E-03
  1.0401E+02  4.8676E-02 -5.2845E-03
  1.0415E+02  4.8712E-02 -5.2955E-03
  1.0429E+02  4.8754E-02 -5.3067E-03
  1.0442E+02  4.8801E-02 -5.3181E-03
  1.0456E+02  4.8853E-02 -5.3296E-03
  1.0470E+02  4.8910E-02 -5.3412E-03
  1.0484E+02  4.8972E-02 -5.3529E-03
  1.0497E+02  4.9038E-02 -5.3646E-03
  1.0511E+02  4.9108E-02 -5.3763E-03
  1.0525E+02  4.9181E-02 -5.3881E-03
  1.0539E+02  4.9258E-02 -5.3998E-03
  1.0552E+02  4.9338E-02 -5.4115E-03
  1.0566E+02  4.9420E-02 -5.4234E-03
  1.0580E+02  4.9505E-02 -5.4353E-03
  1.0594E+02  4.9592E-02 -5.4472E-03
  1.0607E+02  4.9682E-02 -5.4592E-03
  1.0621E+02  4.9774E-02 -5.4712E-03
  1.0635E+02  4.9868E-02 -5.4833E-03
  1.0649E+02  4.9964E-02 -5.4955E-03
  1.0662E+02  5.0062E-02 -5.5077E-03
  1.0676E+02  5.0161E-02 -5.5200E-03
  1.0690E+02  5.0261E-02 -5.5324E-03
  1.0703E+02  5.0363E-02 -5.5447E-03
  1.0717E+02  5.0464E-02 -5.5571E-03
  1.0731E+02  5.0567E-02 -5.5697E-03
  1.0745E+02  5.0670E-02 -5.5825E-03
  1.0758E+02  5.0772E-02 -5.5956E-03
  1.0772E+02  5.0874E-02 -5.6089E-03
  1.0786E+02  5.0975E-02 -5.6223E-03
  1.0800E+02  5.1075E-02 -5.6359E-03
  1.0813E+02  5.1173E-02 -5.6495E-03
  1.0827E+02  5.1268E-02 -5.6633E-03
  1.0841E+02  5.1360E-02 -5.6771E-03
  1.0855E+02  5.1449E-02 -5.6909E-03
  1.0868E+02  5.1534E-02 -5.7045E-03
  1.0882E+02  5.1615E-02 -5.7178E-03
  1.0896E+02  5.1692E-02 -5.7309E-03
  1.0910E+02  5.1765E-02 -5.7437E-03
  1.0923E+02  5.1833E-02 -5.7565E-03
  1.0937E+02  5.1897E-02 -5.7694E-03
  1.0951E+02  5.1956E-02 -5.7824E-03
  1.0965E+02  5.2010E-02 -5.7954E-03
  1.0978E+02  5.2060E-02 -5.8085E-03
  1.0992E+02  5.2104E-02 -5.8216E-03
  1.1006E+02  5.2143E-02 -5.8347E-03
  1.1019E+02  5.2178E-02 -5.8480E-03
  1.1033E+02  5.2207E-02 -5.8615E-03
  1.1047E+02  5.2231E-02 -5.8753E-03
  1.1061E+02  5.2250E-02 -5.8892E-03
  1.1074E+02  5.2263E-02 -5.9029E-03
  1.1088E+02  5.2270E-02 -5.9160E-03
  1.1102E+02  5.2271E-02 -5.9286E-03
  1.1116E+02  5.2266E-02 -5.9408E-03
  1.1129E+02  5.2255E-02 -5.9530E-03
  1.1143E+02  5.2239E-02 -5.9655E-03
  1.1157E+02  5.2217E-02 -5.9781E-03
  1.1171E+02  5.2190E-02 -5.9907E-03
  1.1184E+02  5.2158E-02 -6.0029E-03
  1.1198E+02  5.2121E-02 -6.0148E-03
  1.1212E+02  5.2078E-02 -6.0264E-03
  1.1226E+02  5.2031E-02 -6.0379E-03
  1.1239E+02  5.1981E-02 -6.0496E-03
  1.1253E+02  5.1927E-02 -6.0616E-03
  1.1267E+02  5.1870E-02 -6.0735E-03
  1.1281E+02  5.1810E-02 -6.0853E-03
  1.1294E+02  5.1748E-02 -6.0967E-03
  1.1308E+02  5.1684E-02 -6.1078E-03
  1.1322E+02  5.1620E-02 -6.1189E-03
  1.1336E+02  5.1555E-02 -6.1301E-03
  1.1349E+02  5.1491E-02 -6.1415E-03
  1.1363E+02  5.1427E-02 -6.1531E-03
  1.1377E+02  5.1364E-02 -6.1645E-03
  1.1390E+02  5.1303E-02 -6.1754E-03
  1.1404E+02  5.1243E-02 -6.1858E-03
  1.1418E+02  5.1187E-02 -6.1958E-03
  1.1432E+02  5.1135E-02 -6.2056E-03
  1.1445E+02  5.1088E-02 -6.2159E-03
  1.1459E+02  5.1047E-02 -6.2269E-03
  1.1473E+02  5.1012E-02 -6.2385E-03
  1.1487E+02  5.0983E-02 -6.2503E-03
  1.1500E+02  5.0960E-02 -6.2617E-03
  1.1514E+02  5.0941E-02 -6.2723E-03
  1.1528E+02  5.0929E-02 -6.2819E-03
  1.1542E+02  5.0923E-02 -6.2909E-03
  1.1555E+02  5.0924E-02 -6.3000E-03
  1.1569E+02  5.0933E-02 -6.3098E-03
  1.1583E+02  5.0950E-02 -6.3205E-03
  1.1597E+02  5.0975E-02 -6.3317E-03
  1.1610E+02  5.1009E-02 -6.3431E-03
  1.1624E+02  5.1050E-02 -6.3540E-03
  1.1638E+02  5.1098E-02 -6.3643E-03
  1.1652E+02  5.1153E-02 -6.3741E-03
  1.1665E+02  5.1215E-02 -6.3837E-03
  1.1679E+02  5.1284E-02 -6.3936E-03
  1.1693E+02  5.1360E-02 -6.4039E-03
  1.1706E+02  5.1444E-02 -6.4146E-03
  1.1720E+02  5.1535E-02 -6.4254E-03
  1.1734E+02  5.1633E-02 -6.4361E-03
  1.1748E+02  5.1737E-02 -6.4467E-03
  1.1761E+02  5.1848E-02 -6.4573E-03
  1.1775E+02  5.1965E-02 -6.4679E-03
  1.1789E+02  5.2088E-02 -6.4789E-03
  1.1803E+02  5.2216E-02 -6.4899E-03
  1.1816E+02  5.2348E-02 -6.5009E-03
  1.1830E+02  5.2484E-02 -6.5114E-03
  1.1844E+02  5.2623E-02 -6.5213E-03
  1.1858E+02  5.2765E-02 -6.5304E-03
  1.1871E+02  5.2911E-02 -6.5390E-03
  1.1885E+02  5.3060E-02 -6.5477E-03
  1.1899E+02  5.3213E-02 -6.5571E-03
  1.1913E+02  5.3369E-02 -6.5674E-03
  1.1926E+02  5.3528E-02 -6.5787E-03
  1.1940E+02  5.3688E-02 -6.5907E-03
  1.1954E+02  5.3847E-02 -6.6025E-03
  1.1968E+02  5.4003E-02 -6.6136E-03
  1.1981E+02  5.4156E-02 -6.6234E-03
  1.1995E+02  5.4305E-02 -6.6319E-03
  1.2009E+02  5.4450E-02 -6.6395E-03
  1.2023E+02  5.4590E-02 -6.6471E-03
  1.2036E+02  5.4727E-02 -6.6554E-03
  1.2050E+02  5.4861E-02 -6.6647E-03
  1.2064E+02  5.4991E-02 -6.6750E-03
  1.2077E+02  5.5117E-02 -6.6860E-03
  1.2091E+02  5.5238E-02 -6.6971E-03
  1.2105E+02  5.5351E-02 -6.7076E-03
  1.2119E+02  5.5457E-02 -6.7172E-03
  1.2132E+02  5.5554E-02 -6.7260E-03
  1.2146E+02  5.5643E-02 -6.7341E-03
  1.2160E+02  5.5724E-02 -6.7419E-03
  1.2174E+02  5.5797E-02 -6.7497E-03
  1.2187E+02  5.5862E-02 -6.7578E-03
  1.2201E+02  5.5920E-02 -6.7662E-03
  1.2215E+02  5.5971E-02 -6.7748E-03
  1.2229E+02  5.6014E-02 -6.7836E-03
  1.2242E+02  5.6050E-02 -6.7924E-03
  1.2256E+02  5.6078E-02 -6.8013E-03
  1.2270E+02  5.6098E-02 -6.8101E-03
  1.2284E+02  5.6109E-02 -6.8189E-03
  1.2297E+02  5.6112E-02 -6.8274E-03
  1.2311E+02  5.6105E-02 -6.8356E-03
  1.2325E+02  5.6089E-02 -6.8433E-03
  1.2339E+02  5.6065E-02 -6.8504E-03
  1.2352E+02  5.6032E-02 -6.8571E-03
  1.2366E+02  5.5993E-02 -6.8636E-03
  1.2380E+02  5.5947E-02 -6.8702E-03
  1.2393E+02  5.5895E-02 -6.8772E-03
  1.2407E+02  5.5839E-02 -6.8849E-03
  1.2421E+02  5.5777E-02 -6.8933E-03
  1.2435E+02  5.5710E-02 -6.9022E-03
  1.2448E+02  5.5638E-02 -6.9113E-03
  1.2462E+02  5.5559E-02 -6.9200E-03
  1.2476E+02  5.5473E-02 -6.9279E-03
  1.2490E+02  5.5381E-02 -6.9348E-03
  1.2503E+02  5.5283E-02 -6.9406E-03
  1.2517E+02  5.5180E-02 -6.9455E-03
  1.2531E+02  5.5073E-02 -6.9502E-03
  1.2545E+02  5.4964E-02 -6.9550E-03
  1.2558E+02  5.4854E-02 -6.9605E-03
  1.2572E+02  5.4743E-02 -6.9668E-03
  1.2586E+02  5.4633E-02 -6.9739E-03
  1.2600E+02  5.4523E-02 -6.9816E-03
  1.2613E+02  5.4413E-02 -6.9893E-03
  1.2627E+02  5.4303E-02 -6.9968E-03
  1.2641E+02  5.4192E-02 -7.0037E-03
  1.2655E+02  5.4082E-02 -7.0098E-03
  1.2668E+02  5.3971E-02 -7.0152E-03
  1.2682E+02  5.3861E-02 -7.0201E-03
  1.2696E+02  5.3754E-02 -7.0248E-03
  1.2710E+02  5.3649E-02 -7.0294E-03
  1.2723E+02  5.3548E-02 -7.0343E-03
  1.2737E+02  5.3453E-02 -7.0395E-03
  1.2751E+02  5.3363E-02 -7.0451E-03
  1.2764E+02  5.3279E-02 -7.0509E-03
  1.2778E+02  5.3201E-02 -7.0568E-03
  1.2792E+02  5.3130E-02 -7.0627E-03
  1.2806E+02  5.3065E-02 -7.0684E-03
  1.2819E+02  5.3006E-02 -7.0738E-03
  1.2833E+02  5.2953E-02 -7.0789E-03
  1.2847E+02  5.2907E-02 -7.0836E-03
  1.2861E+02  5.2866E-02 -7.0881E-03
  1.2874E+02  5.2832E-02 -7.0922E-03
  1.2888E+02  5.2805E-02 -7.0962E-03
  1.2902E+02  5.2784E-02 -7.1001E-03
  1.2916E+02  5.2771E-02 -7.1040E-03
  1.2929E+02  5.2764E-02 -7.1080E-03
  1.2943E+02  5.2765E-02 -7.1123E-03
  1.2957E+02  5.2772E-02 -7.1168E-03
  1.2971E+02  5.2787E-02 -7.1217E-03
  1.2984E+02  5.2809E-02 -7.1268E-03
  1.2998E+02  5.2836E-02 -7.1321E-03
  1.3012E+02  5.2870E-02 -7.1373E-03
  1.3026E+02  5.2910E-02 -7.1424E-03
  1.3039E+02  5.2955E-02 -7.1471E-03
  1.3053E+02  5.3006E-02 -7.1513E-03
  1.3067E+02  5.3062E-02 -7.1552E-03
  1.3080E+02  5.3123E-02 -7.1587E-03
  1.3094E+02  5.3189E-02 -7.1622E-03
  1.3108E+02  5.3261E-02 -7.1658E-03
  1.3122E+02  5.3339E-02 -7.1697E-03
  1.3135E+02  5.3422E-02 -7.1740E-03
  1.3149E+02  5.3509E-02 -7.1786E-03
  1.3163E+02  5.3601E-02 -7.1835E-03
  1.3177E+02  5.3697E-02 -7.1887E-03
  1.3190E+02  5.3796E-02 -7.1939E-03
  1.3204E+02  5.3898E-02 -7.1992E-03
  1.3218E+02  5.4001E-02 -7.2043E-03
  1.3232E+02  5.4106E-02 -7.2092E-03
  1.3245E+02  5.4211E-02 -7.2140E-03
  1.3259E+02  5.4317E-02 -7.2186E-03
  1.3273E+02  5.4424E-02 -7.2230E-03
  1.3287E+02  5.4530E-02 -7.2274E-03
  1.3300E+02  5.4637E-02 -7.2317E-03
  1.3314E+02  5.4744E-02 -7.2362E-03
  1.3328E+02  5.4850E-02 -7.2409E-03
  1.3342E+02  5.4955E-02 -7.2457E-03
  1.3355E+02  5.5060E-02 -7.2507E-03
  1.3369E+02  5.5164E-02 -7.2558E-03
  1.3383E+02  5.5266E-02 -7.2609E-03
  1.3397E+02  5.5366E-02 -7.2661E-03
  1.3410E+02  5.5464E-02 -7.2711E-03
  1.3424E+02  5.5559E-02 -7.2761E-03
  1.3438E+02  5.5651E-02 -7.2810E-03
  1.3451E+02  5.5739E-02 -7.2859E-03
  1.3465E+02  5.5823E-02 -7.2907E-03
  1.3479E+02  5.5904E-02 -7.2955E-03
  1.3493E+02  5.5980E-02 -7.3002E-03
  1.3506E+02  5.6052E-02 -7.3050E-03
  1.3520E+02  5.6120E-02 -7.3098E-03
  1.3534E+02  5.6183E-02 -7.3145E-03
  1.3548E+02  5.6241E-02 -7.3194E-03
  1.3561E+02  5.6295E-02 -7.3243E-03
  1.3575E+02  5.6344E-02 -7.3293E-03
  1.3589E+02  5.6388E-02 -7.3343E-03
  1.3603E+02  5.6428E-02 -7.3394E-03
  1.3616E+02  5.6462E-02 -7.3445E-03
  1.3630E+02  5.6492E-02 -7.3495E-03
  1.3644E+02  5.6516E-02 -7.3543E-03
  1.3658E+02  5.6535E-02 -7.3589E-03
  1.3671E+02  5.6550E-02 -7.3632E-03
  1.3685E+02  5.6560E-02 -7.3674E-03
  1.3699E+02  5.6565E-02 -7.3715E-03
  1.3713E+02  5.6567E-02 -7.3756E-03
  1.3726E+02  5.6565E-02 -7.3797E-03
  1.3740E+02  5.6560E-02 -7.3839E-03
  1.3754E+02  5.6552E-02 -7.3883E-03
  1.3767E+02  5.6542E-02 -7.3927E-03
  1.3781E+02  5.6530E-02 -7.3972E-03
  1.3795E+02  5.6515E-02 -7.4017E-03
  1.3809E+02  5.6499E-02 -7.4062E-03
  1.3822E+02  5.6481E-02 -7.4106E-03
  1.3836E+02  5.6460E-02 -7.4150E-03
  1.3850E+02  5.6437E-02 -7.4194E-03
  1.3864E+02  5.6412E-02 -7.4237E-03
  1.3877E+02  5.6385E-02 -7.4279E-03
  1.3891E+02  5.6355E-02 -7.4321E-03
  1.3905E+02  5.6322E-02 -7.4362E-03
  1.3919E+02  5.6288E-02 -7.4403E-03
  1.3932E+02  5.6251E-02 -7.4445E-03
  1.3946E+02  5.6212E-02 -7.4488E-03
  1.3960E+02  5.6171E-02 -7.4531E-03
  1.3974E+02  5.6129E-02 -7.4576E-03
  1.3987E+02  5.6085E-02 -7.4620E-03
  1.4001E+02  5.6039E-02 -7.4665E-03
  1.4015E+02  5.5993E-02 -7.4709E-03
  1.4029E+02  5.5945E-02 -7.4753E-03
  1.4042E+02  5.5897E-02 -7.4797E-03
  1.4056E+02  5.5847E-02 -7.4840E-03
  1.4070E+02  5.5797E-02 -7.4884E-03
  1.4084E+02  5.5745E-02 -7.4928E-03
  1.4097E+02  5.5693E-02 -7.4973E-03
  1.4111E+02  5.5640E-02 -7.5020E-03
  1.4125E+02  5.5586E-02 -7.5068E-03
  1.4138E+02  5.5532E-02 -7.5117E-03
  1.4152E+02  5.5477E-02 -7.5166E-03
  1.4166E+02  5.5422E-02 -7.5214E-03
  1.4180E+02  5.5366E-02 -7.5262E-03
  1.4193E+02  5.5311E-02 -7.5308E-03
  1.4207E+02  5.5256E-02 -7.5353E-03
  1.4221E+02  5.5202E-02 -7.5399E-03
  1.4235E+02  5.5150E-02 -7.5444E-03
  1.4248E+02  5.5099E-02 -7.5490E-03
  1.4262E+02  5.5050E-02 -7.5537E-03
  1.4276E+02  5.5004E-02 -7.5585E-03
  1.4290E+02  5.4960E-02 -7.5633E-03
  1.4303E+02  5.4919E-02 -7.5681E-03
  1.4317E+02  5.4880E-02 -7.5728E-03
  1.4331E+02  5.4844E-02 -7.5773E-03
  1.4345E+02  5.4811E-02 -7.5816E-03
  1.4358E+02  5.4780E-02 -7.5859E-03
  1.4372E+02  5.4751E-02 -7.5901E-03
  1.4386E+02  5.4725E-02 -7.5943E-03
  1.4400E+02  5.4700E-02 -7.5985E-03
  1.4413E+02  5.4678E-02 -7.6029E-03
  1.4427E+02  5.4658E-02 -7.6074E-03
  1.4441E+02  5.4640E-02 -7.6120E-03
  1.4454E+02  5.4624E-02 -7.6167E-03
  1.4468E+02  5.4610E-02 -7.6214E-03
  1.4482E+02  5.4598E-02 -7.6260E-03
  1.4496E+02  5.4587E-02 -7.6306E-03
  1.4509E+02  5.4578E-02 -7.6351E-03
  1.4523E+02  5.4570E-02 -7.6396E-03
  1.4537E+02  5.4564E-02 -7.6441E-03
  1.4551E+02  5.4558E-02 -7.6486E-03
  1.4564E+02  5.4554E-02 -7.6531E-03
  1.4578E+02  5.4550E-02 -7.6576E-03
  1.4592E+02  5.4547E-02 -7.6622E-03
  1.4606E+02  5.4543E-02 -7.6667E-03
  1.4619E+02  5.4538E-02 -7.6713E-03
  1.4633E+02  5.4533E-02 -7.6758E-03
  1.4647E+02  5.4527E-02 -7.6802E-03
  1.4661E+02  5.4520E-02 -7.6846E-03
  1.4674E+02  5.4511E-02 -7.6890E-03
  1.4688E+02  5.4501E-02 -7.6934E-03
  1.4702E+02  5.4489E-02 -7.6978E-03
  1.4716E+02  5.4477E-02 -7.7022E-03
  1.4729E+02  5.4464E-02 -7.7068E-03
  1.4743E+02  5.4450E-02 -7.7114E-03
  1.4757E+02  5.4436E-02 -7.7162E-03
  1.4771E+02  5.4422E-02 -7.7211E-03
  1.4784E+02  5.4409E-02 -7.7261E-03
  1.4798E+02  5.4396E-02 -7.7311E-03
  1.4812E+02  5.4384E-02 -7.7361E-03
  1.4825E+02  5.4373E-02 -7.7411E-03
  1.4839E+02  5.4363E-02 -7.7460E-03
  1.4853E+02  5.4355E-02 -7.7506E-03
  1.4867E+02  5.4347E-02 -7.7552E-03
  1.4880E+02  5.4342E-02 -7.7595E-03
  1.4894E+02  5.4339E-02 -7.7637E-03
  1.4908E+02  5.4338E-02 -7.7678E-03
  1.4922E+02  5.4339E-02 -7.7719E-03
  1.4935E+02  5.4344E-02 -7.7760E-03
  1.4949E+02  5.4351E-02 -7.7802E-03
  1.4963E+02  5.4362E-02 -7.7845E-03
  1.4977E+02  5.4377E-02 -7.7891E-03
  1.4990E+02  5.4394E-02 -7.7938E-03
  1.5004E+02  5.4415E-02 -7.7987E-03
  1.5018E+02  5.4439E-02 -7.8038E-03
  1.5032E+02  5.4466E-02 -7.8088E-03
  1.5045E+02  5.4495E-02 -7.8137E-03
  1.5059E+02  5.4525E-02 -7.8186E-03
  1.5073E+02  5.4558E-02 -7.8233E-03
  1.5087E+02  5.4592E-02 -7.8278E-03
  1.5100E+02  5.4627E-02 -7.8322E-03
  1.5114E+02  5.4663E-02 -7.8366E-03
  1.5128E+02  5.4700E-02 -7.8409E-03
  1.5141E+02  5.4738E-02 -7.8454E-03
  1.5155E+02  5.4776E-02 -7.8500E-03
  1.5169E+02  5.4816E-02 -7.8547E-03
  1.5183E+02  5.4856E-02 -7.8597E-03
  1.5196E+02  5.4896E-02 -7.8647E-03
  1.5210E+02  5.4936E-02 -7.8699E-03
  1.5224E+02  5.4977E-02 -7.8752E-03
  1.5238E+02  5.5016E-02 -7.8804E-03
  1.5251E+02  5.5055E-02 -7.8856E-03
  1.5265E+02  5.5092E-02 -7.8907E-03
  1.5279E+02  5.5127E-02 -7.8957E-03
  1.5293E+02  5.5161E-02 -7.9007E-03
  1.5306E+02  5.5192E-02 -7.9056E-03
  1.5320E+02  5.5221E-02 -7.9106E-03
  1.5334E+02  5.5248E-02 -7.9156E-03
  1.5348E+02  5.5273E-02 -7.9207E-03
  1.5361E+02  5.5295E-02 -7.9260E-03
  1.5375E+02  5.5316E-02 -7.9315E-03
  1.5389E+02  5.5335E-02 -7.9371E-03
  1.5403E+02  5.5353E-02 -7.9429E-03
  1.5416E+02  5.5370E-02 -7.9488E-03
  1.5430E+02  5.5386E-02 -7.9549E-03
  1.5444E+02  5.5402E-02 -7.9611E-03
  1.5458E+02  5.5418E-02 -7.9674E-03
  1.5471E+02  5.5435E-02 -7.9738E-03
  1.5485E+02  5.5452E-02 -7.9804E-03
  1.5499E+02  5.5469E-02 -7.9871E-03
  1.5512E+02  5.5488E-02 -7.9938E-03
  1.5526E+02  5.5507E-02 -8.0006E-03
  1.5540E+02  5.5528E-02 -8.0074E-03
  1.5554E+02  5.5549E-02 -8.0142E-03
  1.5567E+02  5.5572E-02 -8.0209E-03
  1.5581E+02  5.5597E-02 -8.0276E-03
  1.5595E+02  5.5623E-02 -8.0344E-03
  1.5609E+02  5.5650E-02 -8.0411E-03
  1.5622E+02  5.5679E-02 -8.0479E-03
  1.5636E+02  5.5709E-02 -8.0547E-03
  1.5650E+02  5.5740E-02 -8.0617E-03
  1.5664E+02  5.5773E-02 -8.0688E-03
  1.5677E+02  5.5807E-02 -8.0761E-03
  1.5691E+02  5.5841E-02 -8.0834E-03
  1.5705E+02  5.5876E-02 -8.0908E-03
  1.5719E+02  5.5911E-02 -8.0982E-03
  1.5732E+02  5.5946E-02 -8.1055E-03
  1.5746E+02  5.5980E-02 -8.1129E-03
  1.5760E+02  5.6014E-02 -8.1202E-03
  1.5774E+02  5.6046E-02 -8.1276E-03
  1.5787E+02  5.6076E-02 -8.1351E-03
  1.5801E+02  5.6103E-02 -8.1427E-03
  1.5815E+02  5.6128E-02 -8.1504E-03
  1.5828E+02  5.6149E-02 -8.1583E-03
  1.5842E+02  5.6167E-02 -8.1664E-03
  1.5856E+02  5.6180E-02 -8.1745E-03
  1.5870E+02  5.6188E-02 -8.1826E-03
  1.5883E+02  5.6191E-02 -8.1906E-03
  1.5897E+02  5.6189E-02 -8.1985E-03
  1.5911E+02  5.6182E-02 -8.2063E-03
  1.5925E+02  5.6169E-02 -8.2139E-03
  1.5938E+02  5.6151E-02 -8.2214E-03
  1.5952E+02  5.6127E-02 -8.2289E-03
  1.5966E+02  5.6099E-02 -8.2363E-03
  1.5980E+02  5.6067E-02 -8.2438E-03
  1.5993E+02  5.6030E-02 -8.2514E-03
  1.6007E+02  5.5989E-02 -8.2589E-03
  1.6021E+02  5.5945E-02 -8.2666E-03
  1.6035E+02  5.5898E-02 -8.2741E-03
  1.6048E+02  5.5847E-02 -8.2817E-03
  1.6062E+02  5.5795E-02 -8.2892E-03
  1.6076E+02  5.5740E-02 -8.2965E-03
  1.6090E+02  5.5683E-02 -8.3037E-03
  1.6103E+02  5.5624E-02 -8.3108E-03
  1.6117E+02  5.5565E-02 -8.3178E-03
  1.6131E+02  5.5505E-02 -8.3247E-03
  1.6145E+02  5.5445E-02 -8.3316E-03
  1.6158E+02  5.5385E-02 -8.3385E-03
  1.6172E+02  5.5327E-02 -8.3453E-03
  1.6186E+02  5.5270E-02 -8.3520E-03
  1.6199E+02  5.5215E-02 -8.3586E-03
  1.6213E+02  5.5163E-02 -8.3651E-03
  1.6227E+02  5.5114E-02 -8.3715E-03
  1.6241E+02  5.5069E-02 -8.3777E-03
  1.6254E+02  5.5028E-02 -8.3838E-03
  1.6268E+02  5.4991E-02 -8.3898E-03
  1.6282E+02  5.4959E-02 -8.3957E-03
  1.6296E+02  5.4931E-02 -8.4014E-03
  1.6309E+02  5.4908E-02 -8.4070E-03
  1.6323E+02  5.4889E-02 -8.4126E-03
  1.6337E+02  5.4875E-02 -8.4180E-03
  1.6351E+02  5.4866E-02 -8.4234E-03
  1.6364E+02  5.4861E-02 -8.4287E-03
  1.6378E+02  5.4859E-02 -8.4339E-03
  1.6392E+02  5.4862E-02 -8.4391E-03
  1.6406E+02  5.4868E-02 -8.4443E-03
  1.6419E+02  5.4878E-02 -8.4494E-03
  1.6433E+02  5.4890E-02 -8.4546E-03
  1.6447E+02  5.4905E-02 -8.4599E-03
  1.6461E+02  5.4921E-02 -8.4651E-03
  1.6474E+02  5.4940E-02 -8.4704E-03
  1.6488E+02  5.4959E-02 -8.4758E-03
  1.6502E+02  5.4978E-02 -8.4811E-03
  1.6515E+02  5.4998E-02 -8.4863E-03
  1.6529E+02  5.5017E-02 -8.4915E-03
  1.6543E+02  5.5034E-02 -8.4965E-03
  1.6557E+02  5.5050E-02 -8.5015E-03
  1.6570E+02  5.5064E-02 -8.5062E-03
  1.6584E+02  5.5076E-02 -8.5108E-03
  1.6598E+02  5.5084E-02 -8.5152E-03
  1.6612E+02  5.5090E-02 -8.5196E-03
  1.6625E+02  5.5093E-02 -8.5241E-03
  1.6639E+02  5.5093E-02 -8.5285E-03
  1.6653E+02  5.5091E-02 -8.5331E-03
  1.6667E+02  5.5086E-02 -8.5378E-03
  1.6680E+02  5.5079E-02 -8.5426E-03
  1.6694E+02  5.5071E-02 -8.5475E-03
  1.6708E+02  5.5061E-02 -8.5527E-03
  1.6722E+02  5.5050E-02 -8.5581E-03
  1.6735E+02  5.5038E-02 -8.5638E-03
  1.6749E+02  5.5026E-02 -8.5697E-03
  1.6763E+02  5.5014E-02 -8.5756E-03
  1.6777E+02  5.5002E-02 -8.5816E-03
  1.6790E+02  5.4990E-02 -8.5875E-03
  1.6804E+02  5.4979E-02 -8.5933E-03
  1.6818E+02  5.4969E-02 -8.5990E-03
  1.6832E+02  5.4960E-02 -8.6045E-03
  1.6845E+02  5.4952E-02 -8.6100E-03
  1.6859E+02  5.4946E-02 -8.6153E-03
  1.6873E+02  5.4942E-02 -8.6206E-03
  1.6886E+02  5.4941E-02 -8.6260E-03
  1.6900E+02  5.4942E-02 -8.6314E-03
  1.6914E+02  5.4947E-02 -8.6370E-03
  1.6928E+02  5.4956E-02 -8.6428E-03
  1.6941E+02  5.4969E-02 -8.6488E-03
  1.6955E+02  5.4986E-02 -8.6551E-03
  1.6969E+02  5.5008E-02 -8.6616E-03
  1.6983E+02  5.5035E-02 -8.6682E-03
  1.6996E+02  5.5066E-02 -8.6750E-03
  1.7010E+02  5.5102E-02 -8.6819E-03
  1.7024E+02  5.5143E-02 -8.6889E-03
  1.7038E+02  5.5188E-02 -8.6959E-03
  1.7051E+02  5.5237E-02 -8.7029E-03
  1.7065E+02  5.5289E-02 -8.7098E-03
  1.7079E+02  5.5345E-02 -8.7168E-03
  1.7093E+02  5.5404E-02 -8.7236E-03
  1.7106E+02  5.5464E-02 -8.7304E-03
  1.7120E+02  5.5527E-02 -8.7372E-03
  1.7134E+02  5.5590E-02 -8.7440E-03
  1.7148E+02  5.5655E-02 -8.7509E-03
  1.7161E+02  5.5719E-02 -8.7580E-03
  1.7175E+02  5.5782E-02 -8.7652E-03
  1.7189E+02  5.5845E-02 -8.7725E-03
  1.7202E+02  5.5905E-02 -8.7799E-03
  1.7216E+02  5.5963E-02 -8.7872E-03
  1.7230E+02  5.6018E-02 -8.7946E-03
  1.7244E+02  5.6070E-02 -8.8021E-03
  1.7257E+02  5.6117E-02 -8.8097E-03
  1.7271E+02  5.6160E-02 -8.8174E-03
  1.7285E+02  5.6197E-02 -8.8252E-03
  1.7299E+02  5.6230E-02 -8.8330E-03
  1.7312E+02  5.6256E-02 -8.8408E-03
  1.7326E+02  5.6276E-02 -8.8484E-03
  1.7340E+02  5.6289E-02 -8.8560E-03
  1.7354E+02  5.6297E-02 -8.8634E-03
  1.7367E+02  5.6297E-02 -8.8709E-03
  1.7381E+02  5.6292E-02 -8.8785E-03
  1.7395E+02  5.6280E-02 -8.8861E-03
  1.7409E+02  5.6261E-02 -8.8938E-03
  1.7422E+02  5.6237E-02 -8.9015E-03
  1.7436E+02  5.6207E-02 -8.9091E-03
  1.7450E+02  5.6171E-02 -8.9166E-03
  1.7464E+02  5.6130E-02 -8.9240E-03
  1.7477E+02  5.6084E-02 -8.9314E-03
  1.7491E+02  5.6034E-02 -8.9388E-03
  1.7505E+02  5.5979E-02 -8.9462E-03
  1.7519E+02  5.5920E-02 -8.9536E-03
  1.7532E+02  5.5859E-02 -8.9610E-03
  1.7546E+02  5.5795E-02 -8.9685E-03
  1.7560E+02  5.5729E-02 -8.9760E-03
  1.7573E+02  5.5662E-02 -8.9835E-03
  1.7587E+02  5.5594E-02 -8.9910E-03
  1.7601E+02  5.5527E-02 -8.9984E-03
  1.7615E+02  5.5461E-02 -9.0058E-03
  1.7628E+02  5.5396E-02 -9.0131E-03
  1.7642E+02  5.5334E-02 -9.0201E-03
  1.7656E+02  5.5275E-02 -9.0270E-03
  1.7670E+02  5.5219E-02 -9.0337E-03
  1.7683E+02  5.5168E-02 -9.0402E-03
  1.7697E+02  5.5121E-02 -9.0466E-03
  1.7711E+02  5.5079E-02 -9.0528E-03
  1.7725E+02  5.5042E-02 -9.0590E-03
  1.7738E+02  5.5011E-02 -9.0653E-03
  1.7752E+02  5.4986E-02 -9.0716E-03
  1.7766E+02  5.4966E-02 -9.0779E-03
  1.7780E+02  5.4952E-02 -9.0843E-03
  1.7793E+02  5.4944E-02 -9.0908E-03
  1.7807E+02  5.4941E-02 -9.0975E-03
  1.7821E+02  5.4944E-02 -9.1041E-03
  1.7835E+02  5.4951E-02 -9.1108E-03
  1.7848E+02  5.4964E-02 -9.1175E-03
  1.7862E+02  5.4980E-02 -9.1240E-03
  1.7876E+02  5.5001E-02 -9.1302E-03
  1.7889E+02  5.5026E-02 -9.1362E-03
  1.7903E+02  5.5054E-02 -9.1419E-03
  1.7917E+02  5.5085E-02 -9.1473E-03
  1.7931E+02  5.5119E-02 -9.1526E-03
  1.7944E+02  5.5155E-02 -9.1580E-03
  1.7958E+02  5.5194E-02 -9.1635E-03
  1.7972E+02  5.5234E-02 -9.1691E-03
  1.7986E+02  5.5275E-02 -9.1750E-03
  1.7999E+02  5.5317E-02 -9.1810E-03
  1.8013E+02  5.5359E-02 -9.1871E-03
  1.8027E+02  5.5401E-02 -9.1930E-03
  1.8041E+02  5.5441E-02 -9.1989E-03
  1.8054E+02  5.5480E-02 -9.2046E-03
  1.8068E+02  5.5517E-02 -9.2103E-03
  1.8082E+02  5.5552E-02 -9.2158E-03
  1.8096E+02  5.5584E-02 -9.2214E-03
  1.8109E+02  5.5613E-02 -9.2270E-03
  1.8123E+02  5.5640E-02 -9.2327E-03
  1.8137E+02  5.5663E-02 -9.2383E-03
  1.8151E+02  5.5683E-02 -9.2439E-03
  1.8164E+02  5.5700E-02 -9.2494E-03
  1.8178E+02  5.5713E-02 -9.2548E-03
  1.8192E+02  5.5722E-02 -9.2603E-03
  1.8206E+02  5.5727E-02 -9.2657E-03
  1.8219E+02  5.5728E-02 -9.2711E-03
  1.8233E+02  5.5726E-02 -9.2766E-03
  1.8247E+02  5.5721E-02 -9.2820E-03
  1.8260E+02  5.5712E-02 -9.2875E-03
  1.8274E+02  5.5699E-02 -9.2930E-03
  1.8288E+02  5.5685E-02 -9.2985E-03
  1.8302E+02  5.5667E-02 -9.3039E-03
  1.8315E+02  5.5648E-02 -9.3093E-03
  1.8329E+02  5.5627E-02 -9.3147E-03
  1.8343E+02  5.5605E-02 -9.3200E-03
  1.8357E+02  5.5582E-02 -9.3253E-03
  1.8370E+02  5.5559E-02 -9.3305E-03
  1.8384E+02  5.5536E-02 -9.3358E-03
  1.8398E+02  5.5514E-02 -9.3410E-03
  1.8412E+02  5.5493E-02 -9.3462E-03
  1.8425E+02  5.5473E-02 -9.3514E-03
  1.8439E+02  5.5455E-02 -9.3566E-03
  1.8453E+02  5.5439E-02 -9.3618E-03
  1.8467E+02  5.5425E-02 -9.3670E-03
  1.8480E+02  5.5414E-02 -9.3721E-03
  1.8494E+02  5.5406E-02 -9.3773E-03
  1.8508E+02  5.5402E-02 -9.3824E-03
  1.8522E+02  5.5401E-02 -9.3875E-03
  1.8535E+02  5.5404E-02 -9.3927E-03
  1.8549E+02  5.5411E-02 -9.3978E-03
  1.8563E+02  5.5422E-02 -9.4030E-03
  1.8576E+02  5.5437E-02 -9.4083E-03
  1.8590E+02  5.5456E-02 -9.4135E-03
  1.8604E+02  5.5479E-02 -9.4188E-03
  1.8618E+02  5.5505E-02 -9.4241E-03
  1.8631E+02  5.5536E-02 -9.4292E-03
  1.8645E+02  5.5570E-02 -9.4343E-03
  1.8659E+02  5.5608E-02 -9.4393E-03
  1.8673E+02  5.5649E-02 -9.4442E-03
  1.8686E+02  5.5694E-02 -9.4492E-03
  1.8700E+02  5.5742E-02 -9.4541E-03
  1.8714E+02  5.5794E-02 -9.4592E-03
  1.8728E+02  5.5848E-02 -9.4645E-03
  1.8741E+02  5.5905E-02 -9.4699E-03
  1.8755E+02  5.5965E-02 -9.4754E-03
  1.8769E+02  5.6026E-02 -9.4811E-03
  1.8783E+02  5.6089E-02 -9.4867E-03
  1.8796E+02  5.6152E-02 -9.4923E-03
  1.8810E+02  5.6216E-02 -9.4978E-03
  1.8824E+02  5.6279E-02 -9.5032E-03
  1.8838E+02  5.6340E-02 -9.5086E-03
  1.8851E+02  5.6400E-02 -9.5138E-03
  1.8865E+02  5.6458E-02 -9.5191E-03
  1.8879E+02  5.6513E-02 -9.5243E-03
  1.8893E+02  5.6564E-02 -9.5297E-03
  1.8906E+02  5.6612E-02 -9.5351E-03
  1.8920E+02  5.6655E-02 -9.5406E-03
  1.8934E+02  5.6694E-02 -9.5461E-03
  1.8947E+02  5.6729E-02 -9.5517E-03
  1.8961E+02  5.6758E-02 -9.5573E-03
  1.8975E+02  5.6783E-02 -9.5630E-03
  1.8989E+02  5.6802E-02 -9.5686E-03
  1.9002E+02  5.6817E-02 -9.5743E-03
  1.9016E+02  5.6827E-02 -9.5799E-03
  1.9030E+02  5.6832E-02 -9.5856E-03
  1.9044E+02  5.6832E-02 -9.5912E-03
  1.9057E+02  5.6828E-02 -9.5967E-03
  1.9071E+02  5.6819E-02 -9.6023E-03
  1.9085E+02  5.6806E-02 -9.6078E-03
  1.9099E+02  5.6788E-02 -9.6133E-03
  1.9112E+02  5.6767E-02 -9.6188E-03
  1.9126E+02  5.6741E-02 -9.6243E-03
  1.9140E+02  5.6711E-02 -9.6298E-03
  1.9154E+02  5.6678E-02 -9.6353E-03
  1.9167E+02  5.6641E-02 -9.6409E-03
  1.9181E+02  5.6601E-02 -9.6465E-03
  1.9195E+02  5.6557E-02 -9.6521E-03
  1.9209E+02  5.6511E-02 -9.6578E-03
  1.9222E+02  5.6462E-02 -9.6634E-03
  1.9236E+02  5.6411E-02 -9.6690E-03
  1.9250E+02  5.6359E-02 -9.6747E-03
  1.9263E+02  5.6304E-02 -9.6802E-03
  1.9277E+02  5.6248E-02 -9.6858E-03
  1.9291E+02  5.6192E-02 -9.6913E-03
  1.9305E+02  5.6135E-02 -9.6968E-03
  1.9318E+02  5.6078E-02 -9.7023E-03
  1.9332E+02  5.6022E-02 -9.7078E-03
  1.9346E+02  5.5967E-02 -9.7134E-03
  1.9360E+02  5.5912E-02 -9.7190E-03
  1.9373E+02  5.5860E-02 -9.7246E-03
  1.9387E+02  5.5810E-02 -9.7302E-03
  1.9401E+02  5.5763E-02 -9.7358E-03
  1.9415E+02  5.5718E-02 -9.7415E-03
  1.9428E+02  5.5676E-02 -9.7472E-03
  1.9442E+02  5.5638E-02 -9.7528E-03
  1.9456E+02  5.5603E-02 -9.7584E-03
  1.9470E+02  5.5572E-02 -9.7640E-03
  1.9483E+02  5.5545E-02 -9.7695E-03
  1.9497E+02  5.5521E-02 -9.7750E-03
  1.9511E+02  5.5501E-02 -9.7805E-03
  1.9525E+02  5.5485E-02 -9.7860E-03
  1.9538E+02  5.5473E-02 -9.7914E-03
  1.9552E+02  5.5464E-02 -9.7969E-03
  1.9566E+02  5.5459E-02 -9.8024E-03
  1.9580E+02  5.5458E-02 -9.8080E-03
  1.9593E+02  5.5460E-02 -9.8135E-03
  1.9607E+02  5.5466E-02 -9.8191E-03
  1.9621E+02  5.5474E-02 -9.8246E-03
  1.9634E+02  5.5486E-02 -9.8301E-03
  1.9648E+02  5.5501E-02 -9.8356E-03
  1.9662E+02  5.5518E-02 -9.8410E-03
  1.9676E+02  5.5538E-02 -9.8464E-03
  1.9689E+02  5.5559E-02 -9.8517E-03
  1.9703E+02  5.5582E-02 -9.8571E-03
  1.9717E+02  5.5607E-02 -9.8624E-03
  1.9731E+02  5.5632E-02 -9.8677E-03
  1.9744E+02  5.5658E-02 -9.8731E-03
  1.9758E+02  5.5684E-02 -9.8785E-03
  1.9772E+02  5.5709E-02 -9.8838E-03
  1.9786E+02  5.5734E-02 -9.8892E-03
  1.9799E+02  5.5756E-02 -9.8946E-03
  1.9813E+02  5.5776E-02 -9.8999E-03
  1.9827E+02  5.5794E-02 -9.9052E-03
  1.9841E+02  5.5808E-02 -9.9105E-03
  1.9854E+02  5.5819E-02 -9.9157E-03
  1.9868E+02  5.5827E-02 -9.9209E-03
  1.9882E+02  5.5830E-02 -9.9261E-03
  1.9896E+02  5.5828E-02 -9.9313E-03
  1.9909E+02  5.5822E-02 -9.9365E-03
  1.9923E+02  5.5810E-02 -9.9416E-03
  1.9937E+02  5.5794E-02 -9.9468E-03
  1.9950E+02  5.5773E-02 -9.9520E-03
  1.9964E+02  5.5746E-02 -9.9572E-03
  1.9978E+02  5.5714E-02 -9.9624E-03
  1.9992E+02  5.5677E-02 -9.9676E-03
  2.0005E+02  5.5636E-02 -9.9727E-03
  2.0019E+02  5.5589E-02 -9.9779E-03
  2.0033E+02  5.5538E-02 -9.9830E-03
  2.0047E+02  5.5484E-02 -9.9881E-03
  2.0060E+02  5.5425E-02 -9.9932E-03
  2.0074E+02  5.5364E-02 -9.9983E-03
  2.0088E+02  5.5301E-02 -1.0003E-02
  2.0102E+02  5.5235E-02 -1.0008E-02
  2.0115E+02  5.5168E-02 -1.0013E-02
  2.0129E+02  5.5100E-02 -1.0018E-02
  2.0143E+02  5.5032E-02 -1.0023E-02
  2.0157E+02  5.4963E-02 -1.0028E-02
  2.0170E+02  5.4895E-02 -1.0033E-02
  2.0184E+02  5.4827E-02 -1.0038E-02
  2.0198E+02  5.4760E-02 -1.0042E-02
  2.0212E+02  5.4694E-02 -1.0047E-02
  2.0225E+02  5.4629E-02 -1.0052E-02
  2.0239E+02  5.4566E-02 -1.0056E-02
  2.0253E+02  5.4504E-02 -1.0061E-02
  2.0267E+02  5.4445E-02 -1.0066E-02
  2.0280E+02  5.4388E-02 -1.0070E-02
  2.0294E+02  5.4334E-02 -1.0075E-02
  2.0308E+02  5.4283E-02 -1.0079E-02
  2.0321E+02  5.4235E-02 -1.0084E-02
  2.0335E+02  5.4191E-02 -1.0088E-02
  2.0349E+02  5.4151E-02 -1.0093E-02
  2.0363E+02  5.4115E-02 -1.0097E-02
  2.0376E+02  5.4083E-02 -1.0102E-02
  2.0390E+02  5.4055E-02 -1.0106E-02
  2.0404E+02  5.4032E-02 -1.0111E-02
  2.0418E+02  5.4012E-02 -1.0115E-02
  2.0431E+02  5.3996E-02 -1.0120E-02
  2.0445E+02  5.3984E-02 -1.0124E-02
  2.0459E+02  5.3976E-02 -1.0128E-02
  2.0473E+02  5.3970E-02 -1.0133E-02
  2.0486E+02  5.3967E-02 -1.0138E-02
  2.0500E+02  5.3967E-02 -1.0142E-02
  2.0514E+02  5.3970E-02 -1.0147E-02
  2.0528E+02  5.3974E-02 -1.0151E-02
  2.0541E+02  5.3981E-02 -1.0156E-02
  2.0555E+02  5.3990E-02 -1.0161E-02
  2.0569E+02  5.4001E-02 -1.0165E-02
  2.0583E+02  5.4014E-02 -1.0170E-02
  2.0596E+02  5.4029E-02 -1.0175E-02
  2.0610E+02  5.4045E-02 -1.0180E-02
  2.0624E+02  5.4063E-02 -1.0184E-02
  2.0637E+02  5.4082E-02 -1.0189E-02
  2.0651E+02  5.4102E-02 -1.0194E-02
  2.0665E+02  5.4124E-02 -1.0199E-02
  2.0679E+02  5.4146E-02 -1.0204E-02
  2.0692E+02  5.4168E-02 -1.0209E-02
  2.0706E+02  5.4191E-02 -1.0214E-02
  2.0720E+02  5.4214E-02 -1.0219E-02
  2.0734E+02  5.4237E-02 -1.0225E-02
  2.0747E+02  5.4261E-02 -1.0230E-02
  2.0761E+02  5.4284E-02 -1.0235E-02
  2.0775E+02  5.4307E-02 -1.0241E-02
  2.0789E+02  5.4329E-02 -1.0246E-02
  2.0802E+02  5.4351E-02 -1.0252E-02
  2.0816E+02  5.4373E-02 -1.0258E-02
  2.0830E+02  5.4394E-02 -1.0263E-02
  2.0844E+02  5.4415E-02 -1.0269E-02
  2.0857E+02  5.4435E-02 -1.0275E-02
  2.0871E+02  5.4454E-02 -1.0281E-02
  2.0885E+02  5.4471E-02 -1.0287E-02
  2.0899E+02  5.4488E-02 -1.0293E-02
  2.0912E+02  5.4504E-02 -1.0299E-02
  2.0926E+02  5.4518E-02 -1.0305E-02
  2.0940E+02  5.4531E-02 -1.0311E-02
  2.0954E+02  5.4542E-02 -1.0317E-02
  2.0967E+02  5.4552E-02 -1.0323E-02
  2.0981E+02  5.4561E-02 -1.0330E-02
  2.0995E+02  5.4568E-02 -1.0336E-02
  2.1008E+02  5.4573E-02 -1.0342E-02
  2.1022E+02  5.4577E-02 -1.0348E-02
  2.1036E+02  5.4580E-02 -1.0354E-02
  2.1050E+02  5.4581E-02 -1.0360E-02
  2.1063E+02  5.4580E-02 -1.0367E-02
  2.1077E+02  5.4579E-02 -1.0373E-02
  2.1091E+02  5.4576E-02 -1.0379E-02
  2.1105E+02  5.4572E-02 -1.0385E-02
  2.1118E+02  5.4568E-02 -1.0391E-02
  2.1132E+02  5.4564E-02 -1.0397E-02
  2.1146E+02  5.4559E-02 -1.0403E-02
  2.1160E+02  5.4555E-02 -1.0409E-02
  2.1173E+02  5.4552E-02 -1.0415E-02
  2.1187E+02  5.4550E-02 -1.0421E-02
  2.1201E+02  5.4550E-02 -1.0427E-02
  2.1215E+02  5.4552E-02 -1.0433E-02
  2.1228E+02  5.4557E-02 -1.0439E-02
  2.1242E+02  5.4565E-02 -1.0445E-02
  2.1256E+02  5.4575E-02 -1.0450E-02
  2.1270E+02  5.4590E-02 -1.0456E-02
  2.1283E+02  5.4607E-02 -1.0462E-02
  2.1297E+02  5.4629E-02 -1.0467E-02
  2.1311E+02  5.4654E-02 -1.0473E-02
  2.1324E+02  5.4683E-02 -1.0478E-02
  2.1338E+02  5.4716E-02 -1.0484E-02
  2.1352E+02  5.4752E-02 -1.0489E-02
  2.1366E+02  5.4792E-02 -1.0494E-02
  2.1379E+02  5.4835E-02 -1.0500E-02
  2.1393E+02  5.4881E-02 -1.0505E-02
  2.1407E+02  5.4930E-02 -1.0510E-02
  2.1421E+02  5.4982E-02 -1.0515E-02
  2.1434E+02  5.5036E-02 -1.0521E-02
  2.1448E+02  5.5092E-02 -1.0526E-02
  2.1462E+02  5.5149E-02 -1.0531E-02
  2.1476E+02  5.5208E-02 -1.0536E-02
  2.1489E+02  5.5268E-02 -1.0541E-02
  2.1503E+02  5.5329E-02 -1.0546E-02
  2.1517E+02  5.5390E-02 -1.0551E-02
  2.1531E+02  5.5450E-02 -1.0556E-02
  2.1544E+02  5.5510E-02 -1.0561E-02
  2.1558E+02  5.5569E-02 -1.0566E-02
  2.1572E+02  5.5626E-02 -1.0570E-02
  2.1586E+02  5.5681E-02 -1.0575E-02
  2.1599E+02  5.5734E-02 -1.0580E-02
  2.1613E+02  5.5784E-02 -1.0585E-02
  2.1627E+02  5.5830E-02 -1.0590E-02
  2.1641E+02  5.5874E-02 -1.0594E-02
  2.1654E+02  5.5913E-02 -1.0599E-02
  2.1668E+02  5.5949E-02 -1.0604E-02
  2.1682E+02  5.5980E-02 -1.0609E-02
  2.1695E+02  5.6006E-02 -1.0613E-02
  2.1709E+02  5.6028E-02 -1.0618E-02
  2.1723E+02  5.6045E-02 -1.0623E-02
  2.1737E+02  5.6058E-02 -1.0628E-02
  2.1750E+02  5.6067E-02 -1.0632E-02
  2.1764E+02  5.6071E-02 -1.0637E-02
  2.1778E+02  5.6072E-02 -1.0642E-02
  2.1792E+02  5.6069E-02 -1.0647E-02
  2.1805E+02  5.6064E-02 -1.0652E-02
  2.1819E+02  5.6056E-02 -1.0656E-02
  2.1833E+02  5.6045E-02 -1.0661E-02
  2.1847E+02  5.6034E-02 -1.0666E-02
  2.1860E+02  5.6021E-02 -1.0671E-02
  2.1874E+02  5.6008E-02 -1.0676E-02
  2.1888E+02  5.5994E-02 -1.0681E-02
  2.1902E+02  5.5981E-02 -1.0686E-02
  2.1915E+02  5.5968E-02 -1.0691E-02
  2.1929E+02  5.5956E-02 -1.0696E-02
  2.1943E+02  5.5945E-02 -1.0701E-02
  2.1957E+02  5.5935E-02 -1.0706E-02
  2.1970E+02  5.5927E-02 -1.0711E-02
  2.1984E+02  5.5920E-02 -1.0716E-02
  2.1998E+02  5.5915E-02 -1.0721E-02
  2.2011E+02  5.5912E-02 -1.0726E-02
  2.2025E+02  5.5911E-02 -1.0731E-02
  2.2039E+02  5.5912E-02 -1.0736E-02
  2.2053E+02  5.5916E-02 -1.0741E-02
  2.2066E+02  5.5922E-02 -1.0746E-02
  2.2080E+02  5.5931E-02 -1.0752E-02
  2.2094E+02  5.5942E-02 -1.0757E-02
  2.2108E+02  5.5955E-02 -1.0762E-02
  2.2121E+02  5.5971E-02 -1.0767E-02
  2.2135E+02  5.5989E-02 -1.0772E-02
  2.2149E+02  5.6008E-02 -1.0777E-02
  2.2163E+02  5.6030E-02 -1.0782E-02
  2.2176E+02  5.6052E-02 -1.0787E-02
  2.2190E+02  5.6075E-02 -1.0792E-02
  2.2204E+02  5.6099E-02 -1.0797E-02
  2.2218E+02  5.6123E-02 -1.0802E-02
  2.2231E+02  5.6148E-02 -1.0807E-02
  2.2245E+02  5.6172E-02 -1.0812E-02
  2.2259E+02  5.6195E-02 -1.0817E-02
  2.2273E+02  5.6218E-02 -1.0822E-02
  2.2286E+02  5.6240E-02 -1.0827E-02
  2.2300E+02  5.6262E-02 -1.0832E-02
  2.2314E+02  5.6283E-02 -1.0837E-02
  2.2328E+02  5.6303E-02 -1.0842E-02
  2.2341E+02  5.6323E-02 -1.0847E-02
  2.2355E+02  5.6342E-02 -1.0852E-02
  2.2369E+02  5.6361E-02 -1.0857E-02
  2.2382E+02  5.6379E-02 -1.0862E-02
  2.2396E+02  5.6397E-02 -1.0867E-02
  2.2410E+02  5.6415E-02 -1.0871E-02
  2.2424E+02  5.6432E-02 -1.0876E-02
  2.2437E+02  5.6448E-02 -1.0881E-02
  2.2451E+02  5.6465E-02 -1.0886E-02
  2.2465E+02  5.6481E-02 -1.0891E-02
  2.2479E+02  5.6497E-02 -1.0896E-02
  2.2492E+02  5.6513E-02 -1.0901E-02
  2.2506E+02  5.6529E-02 -1.0906E-02
  2.2520E+02  5.6545E-02 -1.0911E-02
  2.2534E+02  5.6562E-02 -1.0916E-02
  2.2547E+02  5.6579E-02 -1.0920E-02
  2.2561E+02  5.6597E-02 -1.0925E-02
  2.2575E+02  5.6616E-02 -1.0930E-02
  2.2589E+02  5.6635E-02 -1.0935E-02
  2.2602E+02  5.6655E-02 -1.0940E-02
  2.2616E+02  5.6675E-02 -1.0945E-02
  2.2630E+02  5.6695E-02 -1.0950E-02
  2.2644E+02  5.6714E-02 -1.0955E-02
  2.2657E+02  5.6733E-02 -1.0960E-02
  2.2671E+02  5.6750E-02 -1.0964E-02
  2.2685E+02  5.6765E-02 -1.0969E-02
  2.2698E+02  5.6778E-02 -1.0974E-02
  2.2712E+02  5.6788E-02 -1.0979E-02
  2.2726E+02  5.6794E-02 -1.0984E-02
  2.2740E+02  5.6797E-02 -1.0989E-02
  2.2753E+02  5.6795E-02 -1.0994E-02
  2.2767E+02  5.6790E-02 -1.0999E-02
  2.2781E+02  5.6779E-02 -1.1004E-02
  2.2795E+02  5.6764E-02 -1.1009E-02
  2.2808E+02  5.6743E-02 -1.1014E-02
  2.2822E+02  5.6717E-02 -1.1019E-02
  2.2836E+02  5.6686E-02 -1.1024E-02
  2.2850E+02  5.6648E-02 -1.1030E-02
  2.2863E+02  5.6605E-02 -1.1035E-02
  2.2877E+02  5.6556E-02 -1.1040E-02
  2.2891E+02  5.6502E-02 -1.1045E-02
  2.2905E+02  5.6441E-02 -1.1050E-02
  2.2918E+02  5.6375E-02 -1.1055E-02
  2.2932E+02  5.6304E-02 -1.1060E-02
  2.2946E+02  5.6228E-02 -1.1065E-02
  2.2960E+02  5.6147E-02 -1.1070E-02
  2.2973E+02  5.6062E-02 -1.1075E-02
  2.2987E+02  5.5973E-02 -1.1080E-02
  2.3001E+02  5.5882E-02 -1.1085E-02
  2.3015E+02  5.5788E-02 -1.1090E-02
  2.3028E+02  5.5692E-02 -1.1095E-02
  2.3042E+02  5.5595E-02 -1.1100E-02
  2.3056E+02  5.5498E-02 -1.1105E-02
  2.3069E+02  5.5400E-02 -1.1110E-02
  2.3083E+02  5.5303E-02 -1.1115E-02
  2.3097E+02  5.5207E-02 -1.1120E-02
  2.3111E+02  5.5113E-02 -1.1124E-02
  2.3124E+02  5.5021E-02 -1.1129E-02
  2.3138E+02  5.4932E-02 -1.1134E-02
  2.3152E+02  5.4846E-02 -1.1138E-02
  2.3166E+02  5.4763E-02 -1.1143E-02
  2.3179E+02  5.4686E-02 -1.1148E-02
  2.3193E+02  5.4612E-02 -1.1152E-02
  2.3207E+02  5.4544E-02 -1.1157E-02
  2.3221E+02  5.4481E-02 -1.1161E-02
  2.3234E+02  5.4423E-02 -1.1166E-02
  2.3248E+02  5.4372E-02 -1.1170E-02
  2.3262E+02  5.4326E-02 -1.1175E-02
  2.3276E+02  5.4286E-02 -1.1180E-02
  2.3289E+02  5.4251E-02 -1.1184E-02
  2.3303E+02  5.4223E-02 -1.1189E-02
  2.3317E+02  5.4199E-02 -1.1193E-02
  2.3331E+02  5.4181E-02 -1.1198E-02
  2.3344E+02  5.4167E-02 -1.1202E-02
  2.3358E+02  5.4157E-02 -1.1207E-02
  2.3372E+02  5.4151E-02 -1.1212E-02
  2.3385E+02  5.4149E-02 -1.1216E-02
  2.3399E+02  5.4148E-02 -1.1221E-02
  2.3413E+02  5.4150E-02 -1.1226E-02
  2.3427E+02  5.4154E-02 -1.1230E-02
  2.3440E+02  5.4158E-02 -1.1235E-02
  2.3454E+02  5.4162E-02 -1.1239E-02
  2.3468E+02  5.4165E-02 -1.1244E-02
  2.3482E+02  5.4168E-02 -1.1249E-02
  2.3495E+02  5.4169E-02 -1.1254E-02
  2.3509E+02  5.4169E-02 -1.1258E-02
  2.3523E+02  5.4165E-02 -1.1263E-02
  2.3537E+02  5.4159E-02 -1.1268E-02
  2.3550E+02  5.4150E-02 -1.1273E-02
  2.3564E+02  5.4137E-02 -1.1277E-02
  2.3578E+02  5.4121E-02 -1.1282E-02
  2.3592E+02  5.4102E-02 -1.1287E-02
  2.3605E+02  5.4079E-02 -1.1292E-02
  2.3619E+02  5.4052E-02 -1.1297E-02
  2.3633E+02  5.4022E-02 -1.1302E-02
  2.3647E+02  5.3989E-02 -1.1307E-02
  2.3660E+02  5.3954E-02 -1.1312E-02
  2.3674E+02  5.3916E-02 -1.1317E-02
  2.3688E+02  5.3875E-02 -1.1321E-02
  2.3702E+02  5.3833E-02 -1.1326E-02
  2.3715E+02  5.3789E-02 -1.1331E-02
  2.3729E+02  5.3744E-02 -1.1336E-02
  2.3743E+02  5.3698E-02 -1.1341E-02
  2.3756E+02  5.3652E-02 -1.1346E-02
  2.3770E+02  5.3606E-02 -1.1351E-02
  2.3784E+02  5.3561E-02 -1.1356E-02
  2.3798E+02  5.3516E-02 -1.1361E-02
  2.3811E+02  5.3473E-02 -1.1366E-02
  2.3825E+02  5.3431E-02 -1.1371E-02
  2.3839E+02  5.3392E-02 -1.1376E-02
  2.3853E+02  5.3355E-02 -1.1381E-02
  2.3866E+02  5.3321E-02 -1.1386E-02
  2.3880E+02  5.3290E-02 -1.1391E-02
  2.3894E+02  5.3262E-02 -1.1396E-02
  2.3908E+02  5.3238E-02 -1.1401E-02
  2.3921E+02  5.3218E-02 -1.1406E-02
  2.3935E+02  5.3202E-02 -1.1411E-02
  2.3949E+02  5.3189E-02 -1.1416E-02
  2.3963E+02  5.3180E-02 -1.1421E-02
  2.3976E+02  5.3175E-02 -1.1426E-02
  2.3990E+02  5.3173E-02 -1.1431E-02
  2.4004E+02  5.3174E-02 -1.1436E-02
  2.4018E+02  5.3178E-02 -1.1441E-02
  2.4031E+02  5.3184E-02 -1.1446E-02
  2.4045E+02  5.3192E-02 -1.1451E-02
  2.4059E+02  5.3202E-02 -1.1455E-02
  2.4072E+02  5.3212E-02 -1.1460E-02
  2.4086E+02  5.3223E-02 -1.1465E-02
  2.4100E+02  5.3233E-02 -1.1470E-02
  2.4114E+02  5.3243E-02 -1.1475E-02
  2.4127E+02  5.3252E-02 -1.1479E-02
  2.4141E+02  5.3259E-02 -1.1484E-02
  2.4155E+02  5.3264E-02 -1.1489E-02
  2.4169E+02  5.3267E-02 -1.1494E-02
  2.4182E+02  5.3267E-02 -1.1499E-02
  2.4196E+02  5.3264E-02 -1.1503E-02
  2.4210E+02  5.3258E-02 -1.1508E-02
  2.4224E+02  5.3249E-02 -1.1513E-02
  2.4237E+02  5.3236E-02 -1.1518E-02
  2.4251E+02  5.3220E-02 -1.1523E-02
  2.4265E+02  5.3202E-02 -1.1528E-02
  2.4279E+02  5.3180E-02 -1.1533E-02
  2.4292E+02  5.3154E-02 -1.1537E-02
  2.4306E+02  5.3127E-02 -1.1542E-02
  2.4320E+02  5.3096E-02 -1.1547E-02
  2.4334E+02  5.3063E-02 -1.1552E-02
  2.4347E+02  5.3028E-02 -1.1557E-02
  2.4361E+02  5.2991E-02 -1.1562E-02
  2.4375E+02  5.2953E-02 -1.1567E-02
  2.4389E+02  5.2913E-02 -1.1572E-02
  2.4402E+02  5.2873E-02 -1.1577E-02
  2.4416E+02  5.2832E-02 -1.1582E-02
  2.4430E+02  5.2792E-02 -1.1586E-02
  2.4443E+02  5.2752E-02 -1.1591E-02
  2.4457E+02  5.2714E-02 -1.1596E-02
  2.4471E+02  5.2678E-02 -1.1601E-02
  2.4485E+02  5.2644E-02 -1.1606E-02
  2.4498E+02  5.2614E-02 -1.1611E-02
  2.4512E+02  5.2587E-02 -1.1616E-02
  2.4526E+02  5.2565E-02 -1.1621E-02
  2.4540E+02  5.2548E-02 -1.1626E-02
  2.4553E+02  5.2536E-02 -1.1631E-02
  2.4567E+02  5.2530E-02 -1.1636E-02
  2.4581E+02  5.2530E-02 -1.1641E-02
  2.4595E+02  5.2536E-02 -1.1645E-02
  2.4608E+02  5.2548E-02 -1.1650E-02
  2.4622E+02  5.2567E-02 -1.1655E-02
  2.4636E+02  5.2591E-02 -1.1660E-02
  2.4650E+02  5.2622E-02 -1.1665E-02
  2.4663E+02  5.2657E-02 -1.1670E-02
  2.4677E+02  5.2698E-02 -1.1675E-02
  2.4691E+02  5.2743E-02 -1.1680E-02
  2.4705E+02  5.2792E-02 -1.1685E-02
  2.4718E+02  5.2844E-02 -1.1690E-02
  2.4732E+02  5.2900E-02 -1.1695E-02
  2.4746E+02  5.2957E-02 -1.1700E-02
  2.4759E+02  5.3017E-02 -1.1705E-02
  2.4773E+02  5.3077E-02 -1.1710E-02
  2.4787E+02  5.3138E-02 -1.1715E-02
  2.4801E+02  5.3199E-02 -1.1720E-02
  2.4814E+02  5.3259E-02 -1.1725E-02
  2.4828E+02  5.3318E-02 -1.1730E-02
  2.4842E+02  5.3376E-02 -1.1735E-02
  2.4856E+02  5.3431E-02 -1.1739E-02
  2.4869E+02  5.3482E-02 -1.1744E-02
  2.4883E+02  5.3531E-02 -1.1749E-02
  2.4897E+02  5.3575E-02 -1.1754E-02
  2.4911E+02  5.3616E-02 -1.1759E-02
  2.4924E+02  5.3651E-02 -1.1764E-02
  2.4938E+02  5.3681E-02 -1.1769E-02
  2.4952E+02  5.3705E-02 -1.1774E-02
  2.4966E+02  5.3724E-02 -1.1779E-02
  2.4979E+02  5.3737E-02 -1.1784E-02
  2.4993E+02  5.3744E-02 -1.1789E-02
  2.5007E+02  5.3745E-02 -1.1794E-02
  2.5021E+02  5.3741E-02 -1.1799E-02
  2.5034E+02  5.3732E-02 -1.1804E-02
  2.5048E+02  5.3717E-02 -1.1808E-02
  2.5062E+02  5.3698E-02 -1.1813E-02
  2.5076E+02  5.3675E-02 -1.1818E-02
  2.5089E+02  5.3648E-02 -1.1823E-02
  2.5103E+02  5.3618E-02 -1.1828E-02
  2.5117E+02  5.3586E-02 -1.1833E-02
  2.5130E+02  5.3551E-02 -1.1838E-02
  2.5144E+02  5.3515E-02 -1.1842E-02
  2.5158E+02  5.3478E-02 -1.1847E-02
  2.5172E+02  5.3440E-02 -1.1852E-02
  2.5185E+02  5.3402E-02 -1.1856E-02
  2.5199E+02  5.3364E-02 -1.1861E-02
  2.5213E+02  5.3327E-02 -1.1866E-02
  2.5227E+02  5.3291E-02 -1.1870E-02
  2.5240E+02  5.3256E-02 -1.1875E-02
  2.5254E+02  5.3224E-02 -1.1879E-02
  2.5268E+02  5.3193E-02 -1.1884E-02
  2.5282E+02  5.3165E-02 -1.1888E-02
  2.5295E+02  5.3140E-02 -1.1893E-02
  2.5309E+02  5.3118E-02 -1.1897E-02
  2.5323E+02  5.3099E-02 -1.1902E-02
  2.5337E+02  5.3084E-02 -1.1906E-02
  2.5350E+02  5.3074E-02 -1.1911E-02
  2.5364E+02  5.3067E-02 -1.1915E-02
  2.5378E+02  5.3065E-02 -1.1920E-02
  2.5392E+02  5.3067E-02 -1.1924E-02
  2.5405E+02  5.3074E-02 -1.1928E-02
  2.5419E+02  5.3085E-02 -1.1933E-02
  2.5433E+02  5.3100E-02 -1.1937E-02
  2.5446E+02  5.3119E-02 -1.1941E-02
  2.5460E+02  5.3142E-02 -1.1946E-02
  2.5474E+02  5.3169E-02 -1.1950E-02
  2.5488E+02  5.3198E-02 -1.1954E-02
  2.5501E+02  5.3230E-02 -1.1959E-02
  2.5515E+02  5.3264E-02 -1.1963E-02
  2.5529E+02  5.3300E-02 -1.1967E-02
  2.5543E+02  5.3336E-02 -1.1972E-02
  2.5556E+02  5.3373E-02 -1.1976E-02
  2.5570E+02  5.3410E-02 -1.1980E-02
  2.5584E+02  5.3446E-02 -1.1984E-02
  2.5598E+02  5.3482E-02 -1.1989E-02
  2.5611E+02  5.3516E-02 -1.1993E-02
  2.5625E+02  5.3549E-02 -1.1997E-02
  2.5639E+02  5.3579E-02 -1.2002E-02
  2.5653E+02  5.3608E-02 -1.2006E-02
  2.5666E+02  5.3634E-02 -1.2010E-02
  2.5680E+02  5.3658E-02 -1.2015E-02
  2.5694E+02  5.3679E-02 -1.2019E-02
  2.5708E+02  5.3698E-02 -1.2023E-02
  2.5721E+02  5.3715E-02 -1.2028E-02
  2.5735E+02  5.3730E-02 -1.2032E-02
  2.5749E+02  5.3742E-02 -1.2037E-02
  2.5763E+02  5.3753E-02 -1.2041E-02
  2.5776E+02  5.3762E-02 -1.2046E-02
  2.5790E+02  5.3770E-02 -1.2050E-02
  2.5804E+02  5.3777E-02 -1.2054E-02
  2.5817E+02  5.3782E-02 -1.2059E-02
  2.5831E+02  5.3788E-02 -1.2063E-02
  2.5845E+02  5.3793E-02 -1.2068E-02
  2.5859E+02  5.3798E-02 -1.2072E-02
  2.5872E+02  5.3805E-02 -1.2077E-02
  2.5886E+02  5.3812E-02 -1.2082E-02
  2.5900E+02  5.3820E-02 -1.2086E-02
  2.5914E+02  5.3830E-02 -1.2091E-02
  2.5927E+02  5.3843E-02 -1.2095E-02
  2.5941E+02  5.3857E-02 -1.2100E-02
  2.5955E+02  5.3875E-02 -1.2105E-02
  2.5969E+02  5.3895E-02 -1.2109E-02
  2.5982E+02  5.3918E-02 -1.2114E-02
  2.5996E+02  5.3944E-02 -1.2119E-02
  2.6010E+02  5.3974E-02 -1.2124E-02
  2.6024E+02  5.4008E-02 -1.2129E-02
  2.6037E+02  5.4045E-02 -1.2133E-02
  2.6051E+02  5.4085E-02 -1.2138E-02
  2.6065E+02  5.4130E-02 -1.2143E-02
  2.6079E+02  5.4179E-02 -1.2148E-02
  2.6092E+02  5.4231E-02 -1.2153E-02
  2.6106E+02  5.4286E-02 -1.2158E-02
  2.6120E+02  5.4346E-02 -1.2163E-02
  2.6133E+02  5.4408E-02 -1.2168E-02
  2.6147E+02  5.4473E-02 -1.2173E-02
  2.6161E+02  5.4540E-02 -1.2178E-02
  2.6175E+02  5.4609E-02 -1.2183E-02
  2.6188E+02  5.4679E-02 -1.2188E-02
  2.6202E+02  5.4750E-02 -1.2194E-02
  2.6216E+02  5.4821E-02 -1.2199E-02
  2.6230E+02  5.4891E-02 -1.2204E-02
  2.6243E+02  5.4959E-02 -1.2209E-02
  2.6257E+02  5.5024E-02 -1.2215E-02
  2.6271E+02  5.5087E-02 -1.2220E-02
  2.6285E+02  5.5145E-02 -1.2225E-02
  2.6298E+02  5.5199E-02 -1.2230E-02
  2.6312E+02  5.5248E-02 -1.2236E-02
  2.6326E+02  5.5292E-02 -1.2241E-02
  2.6340E+02  5.5329E-02 -1.2246E-02
  2.6353E+02  5.5359E-02 -1.2252E-02
  2.6367E+02  5.5382E-02 -1.2257E-02
  2.6381E+02  5.5398E-02 -1.2262E-02
  2.6395E+02  5.5406E-02 -1.2268E-02
  2.6408E+02  5.5406E-02 -1.2273E-02
  2.6422E+02  5.5398E-02 -1.2278E-02
  2.6436E+02  5.5381E-02 -1.2284E-02
  2.6450E+02  5.5357E-02 -1.2289E-02
  2.6463E+02  5.5325E-02 -1.2294E-02
  2.6477E+02  5.5284E-02 -1.2299E-02
  2.6491E+02  5.5236E-02 -1.2304E-02
  2.6504E+02  5.5180E-02 -1.2310E-02
  2.6518E+02  5.5116E-02 -1.2315E-02
  2.6532E+02  5.5046E-02 -1.2320E-02
  2.6546E+02  5.4968E-02 -1.2325E-02
  2.6559E+02  5.4884E-02 -1.2330E-02
  2.6573E+02  5.4794E-02 -1.2335E-02
  2.6587E+02  5.4698E-02 -1.2340E-02
  2.6601E+02  5.4598E-02 -1.2345E-02
  2.6614E+02  5.4492E-02 -1.2349E-02
  2.6628E+02  5.4383E-02 -1.2354E-02
  2.6642E+02  5.4270E-02 -1.2359E-02
  2.6656E+02  5.4155E-02 -1.2364E-02
  2.6669E+02  5.4038E-02 -1.2368E-02
  2.6683E+02  5.3920E-02 -1.2373E-02
  2.6697E+02  5.3803E-02 -1.2377E-02
  2.6711E+02  5.3685E-02 -1.2382E-02
  2.6724E+02  5.3570E-02 -1.2386E-02
  2.6738E+02  5.3457E-02 -1.2391E-02
  2.6752E+02  5.3347E-02 -1.2395E-02
  2.6766E+02  5.3240E-02 -1.2399E-02
  2.6779E+02  5.3139E-02 -1.2404E-02
  2.6793E+02  5.3042E-02 -1.2408E-02
  2.6807E+02  5.2951E-02 -1.2412E-02
  2.6820E+02  5.2866E-02 -1.2416E-02
  2.6834E+02  5.2788E-02 -1.2421E-02
  2.6848E+02  5.2718E-02 -1.2425E-02
  2.6862E+02  5.2654E-02 -1.2429E-02
  2.6875E+02  5.2599E-02 -1.2433E-02
  2.6889E+02  5.2551E-02 -1.2437E-02
  2.6903E+02  5.2511E-02 -1.2441E-02
  2.6917E+02  5.2480E-02 -1.2446E-02
  2.6930E+02  5.2457E-02 -1.2450E-02
  2.6944E+02  5.2443E-02 -1.2454E-02
  2.6958E+02  5.2437E-02 -1.2458E-02
  2.6972E+02  5.2439E-02 -1.2462E-02
  2.6985E+02  5.2450E-02 -1.2466E-02
  2.6999E+02  5.2468E-02 -1.2470E-02
  2.7013E+02  5.2494E-02 -1.2475E-02
  2.7027E+02  5.2528E-02 -1.2479E-02
  2.7040E+02  5.2568E-02 -1.2483E-02
  2.7054E+02  5.2615E-02 -1.2488E-02
  2.7068E+02  5.2668E-02 -1.2492E-02
  2.7082E+02  5.2728E-02 -1.2496E-02
  2.7095E+02  5.2792E-02 -1.2501E-02
  2.7109E+02  5.2861E-02 -1.2505E-02
  2.7123E+02  5.2935E-02 -1.2510E-02
  2.7137E+02  5.3012E-02 -1.2514E-02
  2.7150E+02  5.3092E-02 -1.2519E-02
  2.7164E+02  5.3175E-02 -1.2524E-02
  2.7178E+02  5.3259E-02 -1.2528E-02
  2.7191E+02  5.3345E-02 -1.2533E-02
  2.7205E+02  5.3431E-02 -1.2538E-02
  2.7219E+02  5.3517E-02 -1.2542E-02
  2.7233E+02  5.3603E-02 -1.2547E-02
  2.7246E+02  5.3688E-02 -1.2552E-02
  2.7260E+02  5.3771E-02 -1.2557E-02
  2.7274E+02  5.3852E-02 -1.2562E-02
  2.7288E+02  5.3930E-02 -1.2567E-02
  2.7301E+02  5.4006E-02 -1.2572E-02
  2.7315E+02  5.4078E-02 -1.2577E-02
  2.7329E+02  5.4147E-02 -1.2582E-02
  2.7343E+02  5.4212E-02 -1.2587E-02
  2.7356E+02  5.4273E-02 -1.2592E-02
  2.7370E+02  5.4329E-02 -1.2597E-02
  2.7384E+02  5.4381E-02 -1.2602E-02
  2.7398E+02  5.4427E-02 -1.2607E-02
  2.7411E+02  5.4468E-02 -1.2613E-02
  2.7425E+02  5.4505E-02 -1.2618E-02
  2.7439E+02  5.4535E-02 -1.2623E-02
  2.7453E+02  5.4561E-02 -1.2628E-02
  2.7466E+02  5.4581E-02 -1.2633E-02
  2.7480E+02  5.4596E-02 -1.2638E-02
  2.7494E+02  5.4606E-02 -1.2644E-02
  2.7507E+02  5.4611E-02 -1.2649E-02
  2.7521E+02  5.4612E-02 -1.2654E-02
  2.7535E+02  5.4608E-02 -1.2659E-02
  2.7549E+02  5.4601E-02 -1.2664E-02
  2.7562E+02  5.4590E-02 -1.2669E-02
  2.7576E+02  5.4575E-02 -1.2674E-02
  2.7590E+02  5.4557E-02 -1.2679E-02
  2.7604E+02  5.4537E-02 -1.2684E-02
  2.7617E+02  5.4515E-02 -1.2688E-02
  2.7631E+02  5.4491E-02 -1.2693E-02
  2.7645E+02  5.4465E-02 -1.2698E-02
  2.7659E+02  5.4437E-02 -1.2703E-02
  2.7672E+02  5.4409E-02 -1.2707E-02
  2.7686E+02  5.4381E-02 -1.2712E-02
  2.7700E+02  5.4351E-02 -1.2716E-02
  2.7714E+02  5.4322E-02 -1.2721E-02
  2.7727E+02  5.4293E-02 -1.2725E-02
  2.7741E+02  5.4264E-02 -1.2730E-02
  2.7755E+02  5.4235E-02 -1.2734E-02
  2.7769E+02  5.4207E-02 -1.2739E-02
  2.7782E+02  5.4180E-02 -1.2743E-02
  2.7796E+02  5.4153E-02 -1.2747E-02
  2.7810E+02  5.4127E-02 -1.2751E-02
  2.7824E+02  5.4102E-02 -1.2756E-02
  2.7837E+02  5.4077E-02 -1.2760E-02
  2.7851E+02  5.4053E-02 -1.2764E-02
  2.7865E+02  5.4029E-02 -1.2768E-02
  2.7878E+02  5.4006E-02 -1.2772E-02
  2.7892E+02  5.3983E-02 -1.2776E-02
  2.7906E+02  5.3960E-02 -1.2780E-02
  2.7920E+02  5.3937E-02 -1.2784E-02
  2.7933E+02  5.3914E-02 -1.2788E-02
  2.7947E+02  5.3890E-02 -1.2792E-02
  2.7961E+02  5.3866E-02 -1.2796E-02
  2.7975E+02  5.3840E-02 -1.2800E-02
  2.7988E+02  5.3812E-02 -1.2804E-02
  2.8002E+02  5.3783E-02 -1.2808E-02
  2.8016E+02  5.3751E-02 -1.2812E-02
  2.8030E+02  5.3716E-02 -1.2816E-02
  2.8043E+02  5.3679E-02 -1.2820E-02
  2.8057E+02  5.3639E-02 -1.2824E-02
  2.8071E+02  5.3595E-02 -1.2828E-02
  2.8085E+02  5.3548E-02 -1.2832E-02
  2.8098E+02  5.3497E-02 -1.2836E-02
  2.8112E+02  5.3443E-02 -1.2840E-02
  2.8126E+02  5.3386E-02 -1.2844E-02
  2.8140E+02  5.3326E-02 -1.2848E-02
  2.8153E+02  5.3263E-02 -1.2852E-02
  2.8167E+02  5.3197E-02 -1.2856E-02
  2.8181E+02  5.3128E-02 -1.2860E-02
  2.8194E+02  5.3057E-02 -1.2864E-02
  2.8208E+02  5.2983E-02 -1.2868E-02
  2.8222E+02  5.2907E-02 -1.2872E-02
  2.8236E+02  5.2829E-02 -1.2876E-02
  2.8249E+02  5.2749E-02 -1.2880E-02
  2.8263E+02  5.2667E-02 -1.2884E-02
  2.8277E+02  5.2584E-02 -1.2888E-02
  2.8291E+02  5.2499E-02 -1.2892E-02
  2.8304E+02  5.2413E-02 -1.2896E-02
  2.8318E+02  5.2327E-02 -1.2900E-02
  2.8332E+02  5.2240E-02 -1.2904E-02
  2.8346E+02  5.2153E-02 -1.2908E-02
  2.8359E+02  5.2067E-02 -1.2912E-02
  2.8373E+02  5.1981E-02 -1.2916E-02
  2.8387E+02  5.1898E-02 -1.2920E-02
  2.8401E+02  5.1817E-02 -1.2925E-02
  2.8414E+02  5.1738E-02 -1.2929E-02
  2.8428E+02  5.1663E-02 -1.2933E-02
  2.8442E+02  5.1591E-02 -1.2937E-02
  2.8456E+02  5.1524E-02 -1.2941E-02
  2.8469E+02  5.1461E-02 -1.2945E-02
  2.8483E+02  5.1403E-02 -1.2949E-02
  2.8497E+02  5.1350E-02 -1.2953E-02
  2.8511E+02  5.1302E-02 -1.2958E-02
  2.8524E+02  5.1260E-02 -1.2962E-02
  2.8538E+02  5.1223E-02 -1.2966E-02
  2.8552E+02  5.1192E-02 -1.2970E-02
  2.8565E+02  5.1167E-02 -1.2974E-02
  2.8579E+02  5.1147E-02 -1.2978E-02
  2.8593E+02  5.1133E-02 -1.2982E-02
  2.8607E+02  5.1124E-02 -1.2986E-02
  2.8620E+02  5.1120E-02 -1.2990E-02
  2.8634E+02  5.1121E-02 -1.2994E-02
  2.8648E+02  5.1128E-02 -1.2998E-02
  2.8662E+02  5.1139E-02 -1.3002E-02
  2.8675E+02  5.1154E-02 -1.3006E-02
  2.8689E+02  5.1174E-02 -1.3010E-02
  2.8703E+02  5.1198E-02 -1.3014E-02
  2.8717E+02  5.1226E-02 -1.3018E-02
  2.8730E+02  5.1258E-02 -1.3022E-02
  2.8744E+02  5.1293E-02 -1.3026E-02
  2.8758E+02  5.1331E-02 -1.3029E-02
  2.8772E+02  5.1372E-02 -1.3033E-02
  2.8785E+02  5.1415E-02 -1.3037E-02
  2.8799E+02  5.1460E-02 -1.3041E-02
  2.8813E+02  5.1507E-02 -1.3045E-02
  2.8827E+02  5.1555E-02 -1.3049E-02
  2.8840E+02  5.1604E-02 -1.3052E-02
  2.8854E+02  5.1654E-02 -1.3056E-02
  2.8868E+02  5.1704E-02 -1.3060E-02
  2.8881E+02  5.1754E-02 -1.3063E-02
  2.8895E+02  5.1803E-02 -1.3067E-02
  2.8909E+02  5.1851E-02 -1.3071E-02
  2.8923E+02  5.1899E-02 -1.3075E-02
  2.8936E+02  5.1944E-02 -1.3078E-02
  2.8950E+02  5.1988E-02 -1.3082E-02
  2.8964E+02  5.2029E-02 -1.3086E-02
  2.8978E+02  5.2068E-02 -1.3089E-02
  2.8991E+02  5.2103E-02 -1.3093E-02
  2.9005E+02  5.2136E-02 -1.3097E-02
  2.9019E+02  5.2164E-02 -1.3100E-02
  2.9033E+02  5.2188E-02 -1.3104E-02
  2.9046E+02  5.2208E-02 -1.3108E-02
  2.9060E+02  5.2223E-02 -1.3112E-02
  2.9074E+02  5.2234E-02 -1.3115E-02
  2.9088E+02  5.2239E-02 -1.3119E-02
  2.9101E+02  5.2240E-02 -1.3123E-02
  2.9115E+02  5.2235E-02 -1.3127E-02
  2.9129E+02  5.2226E-02 -1.3130E-02
  2.9143E+02  5.2212E-02 -1.3134E-02
  2.9156E+02  5.2192E-02 -1.3138E-02
  2.9170E+02  5.2168E-02 -1.3142E-02
  2.9184E+02  5.2139E-02 -1.3146E-02
  2.9198E+02  5.2106E-02 -1.3149E-02
  2.9211E+02  5.2068E-02 -1.3153E-02
  2.9225E+02  5.2026E-02 -1.3157E-02
  2.9239E+02  5.1981E-02 -1.3161E-02
  2.9252E+02  5.1932E-02 -1.3165E-02
  2.9266E+02  5.1880E-02 -1.3169E-02
  2.9280E+02  5.1825E-02 -1.3173E-02
  2.9294E+02  5.1768E-02 -1.3177E-02
  2.9307E+02  5.1709E-02 -1.3180E-02
  2.9321E+02  5.1648E-02 -1.3184E-02
  2.9335E+02  5.1587E-02 -1.3188E-02
  2.9349E+02  5.1525E-02 -1.3192E-02
  2.9362E+02  5.1463E-02 -1.3196E-02
  2.9376E+02  5.1401E-02 -1.3200E-02
  2.9390E+02  5.1341E-02 -1.3204E-02
  2.9404E+02  5.1282E-02 -1.3209E-02
  2.9417E+02  5.1224E-02 -1.3213E-02
  2.9431E+02  5.1169E-02 -1.3217E-02
  2.9445E+02  5.1116E-02 -1.3221E-02
  2.9459E+02  5.1066E-02 -1.3225E-02
  2.9472E+02  5.1019E-02 -1.3229E-02
  2.9486E+02  5.0976E-02 -1.3233E-02
  2.9500E+02  5.0936E-02 -1.3238E-02
  2.9514E+02  5.0900E-02 -1.3242E-02
  2.9527E+02  5.0869E-02 -1.3246E-02
  2.9541E+02  5.0842E-02 -1.3250E-02
  2.9555E+02  5.0819E-02 -1.3254E-02
  2.9568E+02  5.0802E-02 -1.3259E-02
  2.9582E+02  5.0789E-02 -1.3263E-02
  2.9596E+02  5.0781E-02 -1.3267E-02
  2.9610E+02  5.0779E-02 -1.3272E-02
  2.9623E+02  5.0781E-02 -1.3276E-02
  2.9637E+02  5.0789E-02 -1.3280E-02
  2.9651E+02  5.0801E-02 -1.3285E-02
  2.9665E+02  5.0817E-02 -1.3289E-02
  2.9678E+02  5.0838E-02 -1.3294E-02
  2.9692E+02  5.0863E-02 -1.3298E-02
  2.9706E+02  5.0891E-02 -1.3302E-02
  2.9720E+02  5.0922E-02 -1.3307E-02
  2.9733E+02  5.0955E-02 -1.3312E-02
  2.9747E+02  5.0991E-02 -1.3316E-02
  2.9761E+02  5.1027E-02 -1.3321E-02
  2.9775E+02  5.1065E-02 -1.3325E-02
  2.9788E+02  5.1104E-02 -1.3330E-02
  2.9802E+02  5.1142E-02 -1.3335E-02
  2.9816E+02  5.1180E-02 -1.3339E-02
  2.9830E+02  5.1218E-02 -1.3344E-02
  2.9843E+02  5.1255E-02 -1.3349E-02
  2.9857E+02  5.1290E-02 -1.3353E-02
  2.9871E+02  5.1324E-02 -1.3358E-02
  2.9885E+02  5.1357E-02 -1.3363E-02
  2.9898E+02  5.1388E-02 -1.3368E-02
  2.9912E+02  5.1417E-02 -1.3372E-02
  2.9926E+02  5.1444E-02 -1.3377E-02
  2.9939E+02  5.1469E-02 -1.3382E-02
  2.9953E+02  5.1492E-02 -1.3387E-02
  2.9967E+02  5.1513E-02 -1.3391E-02
  2.9981E+02  5.1531E-02 -1.3396E-02
  2.9994E+02  5.1547E-02 -1.3401E-02
  3.0000E+02  5.1553E-02 -1.3403E-02
