# CREATED BY GENE DIAGNOSTICS TOOL on Wed Mar 10 12:18:47 2021
# diag: timetrace, run(s): 0018, time window: 0-2000(1390 steps), species: ions
# original data path: /marconi_scratch/userexternal/cmoreno0/GAMZF_convergence/lhd_surface/scanfiles0002/
# normalization: L_ref=1.65m
#
#  t          Re[phi]     Im[phi]   
  0.0000E+00  9.9997E-01  0.0000E+00
  1.4400E+00  8.4368E-01 -3.0100E-03
  2.8800E+00  6.4597E-01 -5.4619E-03
  4.3200E+00  4.3765E-01 -6.8057E-03
  5.7600E+00  2.8042E-01 -6.8012E-03
  7.2000E+00  1.8010E-01 -5.7416E-03
  8.6400E+00  1.2296E-01 -4.2279E-03
  1.0080E+01  9.2300E-02 -2.7831E-03
  1.1520E+01  7.5986E-02 -1.6798E-03
  1.2960E+01  6.6922E-02 -9.5689E-04
  1.4400E+01  6.1570E-02 -5.0514E-04
  1.5840E+01  5.8711E-02 -2.7423E-04
  1.7280E+01  5.8251E-02 -4.1443E-04
  1.8720E+01  5.9734E-02 -1.0535E-03
  2.0160E+01  6.1211E-02 -2.0673E-03
  2.1600E+01  6.0174E-02 -3.0027E-03
  2.3040E+01  5.3964E-02 -3.4033E-03
  2.4480E+01  4.2552E-02 -2.9895E-03
  2.5920E+01  2.6809E-02 -1.8540E-03
  2.7360E+01  9.3228E-03 -2.7928E-04
  2.8800E+01 -6.8128E-03  1.3290E-03
  3.0240E+01 -1.9347E-02  2.6485E-03
  3.1680E+01 -2.6645E-02  3.4969E-03
  3.3120E+01 -2.9270E-02  3.7418E-03
  3.4560E+01 -2.7820E-02  3.4455E-03
  3.6000E+01 -2.2642E-02  2.8331E-03
  3.7440E+01 -1.4943E-02  2.0758E-03
  3.8880E+01 -6.8939E-03  1.1832E-03
  4.0320E+01  1.6042E-03  1.7968E-04
  4.1760E+01  1.0458E-02 -7.0170E-04
  4.3200E+01  1.8980E-02 -1.4311E-03
  4.4640E+01  2.5676E-02 -2.0738E-03
  4.6080E+01  3.0749E-02 -2.6617E-03
  4.7520E+01  3.5245E-02 -3.1570E-03
  4.8960E+01  3.9782E-02 -3.5776E-03
  5.0400E+01  4.4857E-02 -3.8916E-03
  5.1840E+01  5.0237E-02 -4.2104E-03
  5.3280E+01  5.4863E-02 -4.4877E-03
  5.4720E+01  5.7881E-02 -4.7932E-03
  5.6160E+01  5.9268E-02 -5.0248E-03
  5.7600E+01  5.9914E-02 -5.2420E-03
  5.9040E+01  6.0604E-02 -5.3891E-03
  6.0480E+01  6.2101E-02 -5.4249E-03
  6.1920E+01  6.4213E-02 -5.3670E-03
  6.3360E+01  6.5743E-02 -5.1826E-03
  6.4800E+01  6.5929E-02 -4.8778E-03
  6.6240E+01  6.4860E-02 -4.4982E-03
  6.7680E+01  6.2572E-02 -4.1375E-03
  6.9120E+01  5.9335E-02 -3.8541E-03
  7.0560E+01  5.6118E-02 -3.5745E-03
  7.2000E+01  5.4108E-02 -3.3547E-03
  7.3440E+01  5.3348E-02 -3.2308E-03
  7.4880E+01  5.2822E-02 -3.1279E-03
  7.6320E+01  5.1764E-02 -2.9931E-03
  7.7760E+01  5.0368E-02 -2.8906E-03
  7.9200E+01  4.8659E-02 -2.8575E-03
  8.0640E+01  4.6819E-02 -2.8813E-03
  8.2080E+01  4.4945E-02 -2.8918E-03
  8.3520E+01  4.3697E-02 -2.9463E-03
  8.4960E+01  4.4080E-02 -3.0305E-03
  8.6400E+01  4.5708E-02 -3.1260E-03
  8.7840E+01  4.7207E-02 -3.2347E-03
  8.9280E+01  4.8188E-02 -3.3470E-03
  9.0720E+01  4.9019E-02 -3.4478E-03
  9.2160E+01  4.9454E-02 -3.5762E-03
  9.3600E+01  4.9459E-02 -3.7554E-03
  9.5040E+01  4.9030E-02 -3.9231E-03
  9.6480E+01  4.8898E-02 -4.0806E-03
  9.7920E+01  4.9339E-02 -4.3104E-03
  9.9360E+01  4.9973E-02 -4.5605E-03
  1.0080E+02  5.0219E-02 -4.8018E-03
  1.0224E+02  4.9912E-02 -4.9990E-03
  1.0368E+02  4.9259E-02 -5.1090E-03
  1.0512E+02  4.9264E-02 -5.1047E-03
  1.0656E+02  5.0146E-02 -5.0662E-03
  1.0800E+02  5.1717E-02 -5.0360E-03
  1.0944E+02  5.3496E-02 -5.0011E-03
  1.1088E+02  5.4801E-02 -4.9826E-03
  1.1232E+02  5.4947E-02 -4.9910E-03
  1.1376E+02  5.4720E-02 -5.0843E-03
  1.1520E+02  5.4798E-02 -5.2445E-03
  1.1664E+02  5.4857E-02 -5.3799E-03
  1.1808E+02  5.4865E-02 -5.5295E-03
  1.1952E+02  5.4635E-02 -5.7002E-03
  1.2096E+02  5.4198E-02 -5.8111E-03
  1.2240E+02  5.3809E-02 -5.8785E-03
  1.2384E+02  5.4186E-02 -5.8897E-03
  1.2528E+02  5.5832E-02 -5.8537E-03
  1.2672E+02  5.8270E-02 -5.8022E-03
  1.2816E+02  5.9869E-02 -5.7299E-03
  1.2960E+02  5.9581E-02 -5.6751E-03
  1.3104E+02  5.7561E-02 -5.6507E-03
  1.3248E+02  5.4813E-02 -5.6400E-03
  1.3392E+02  5.2815E-02 -5.6401E-03
  1.3536E+02  5.2247E-02 -5.6961E-03
  1.3680E+02  5.3081E-02 -5.8103E-03
  1.3824E+02  5.3897E-02 -5.9295E-03
  1.3968E+02  5.4094E-02 -6.0447E-03
  1.4112E+02  5.4055E-02 -6.0972E-03
  1.4256E+02  5.4579E-02 -6.1017E-03
  1.4400E+02  5.5489E-02 -6.0997E-03
  1.4544E+02  5.5688E-02 -6.0625E-03
  1.4688E+02  5.4713E-02 -6.0207E-03
  1.4832E+02  5.3451E-02 -5.9811E-03
  1.4976E+02  5.2691E-02 -5.9576E-03
  1.5120E+02  5.2561E-02 -5.9896E-03
  1.5264E+02  5.2739E-02 -6.0756E-03
  1.5408E+02  5.2901E-02 -6.2294E-03
  1.5552E+02  5.2467E-02 -6.4335E-03
  1.5696E+02  5.1333E-02 -6.6750E-03
  1.5840E+02  5.0470E-02 -6.8972E-03
  1.5984E+02  5.1130E-02 -7.0867E-03
  1.6128E+02  5.3304E-02 -7.2224E-03
  1.6272E+02  5.5135E-02 -7.3313E-03
  1.6416E+02  5.5200E-02 -7.4165E-03
  1.6560E+02  5.3743E-02 -7.4531E-03
  1.6704E+02  5.2162E-02 -7.4538E-03
  1.6848E+02  5.1549E-02 -7.4005E-03
  1.6992E+02  5.1891E-02 -7.3020E-03
  1.7136E+02  5.2385E-02 -7.1911E-03
  1.7280E+02  5.2350E-02 -7.0833E-03
  1.7424E+02  5.2017E-02 -6.9696E-03
  1.7568E+02  5.2025E-02 -6.9375E-03
  1.7712E+02  5.2008E-02 -6.9929E-03
  1.7856E+02  5.1658E-02 -7.0645E-03
  1.8000E+02  5.1661E-02 -7.1803E-03
  1.8144E+02  5.2592E-02 -7.3312E-03
  1.8288E+02  5.4020E-02 -7.4502E-03
  1.8432E+02  5.4935E-02 -7.5336E-03
  1.8576E+02  5.4569E-02 -7.5770E-03
  1.8720E+02  5.3036E-02 -7.5742E-03
  1.8864E+02  5.1351E-02 -7.5693E-03
  1.9008E+02  5.1211E-02 -7.5789E-03
  1.9152E+02  5.3366E-02 -7.6050E-03
  1.9296E+02  5.6276E-02 -7.6607E-03
  1.9440E+02  5.7724E-02 -7.7230E-03
  1.9584E+02  5.7209E-02 -7.8278E-03
  1.9728E+02  5.6090E-02 -7.9529E-03
  1.9872E+02  5.5548E-02 -8.0745E-03
  2.0016E+02  5.5550E-02 -8.1605E-03
  2.0160E+02  5.5359E-02 -8.2356E-03
  2.0304E+02  5.4417E-02 -8.2838E-03
  2.0448E+02  5.3178E-02 -8.3045E-03
  2.0592E+02  5.2766E-02 -8.2949E-03
  2.0736E+02  5.3836E-02 -8.2518E-03
  2.0880E+02  5.5980E-02 -8.1990E-03
  2.1024E+02  5.8100E-02 -8.1546E-03
  2.1168E+02  5.9357E-02 -8.1305E-03
  2.1312E+02  5.9298E-02 -8.1592E-03
  2.1456E+02  5.7811E-02 -8.2046E-03
  2.1600E+02  5.5983E-02 -8.2633E-03
  2.1744E+02  5.5213E-02 -8.3362E-03
  2.1888E+02  5.5724E-02 -8.3997E-03
  2.2032E+02  5.6545E-02 -8.4467E-03
  2.2176E+02  5.7157E-02 -8.5104E-03
  2.2320E+02  5.8043E-02 -8.5868E-03
  2.2464E+02  5.9034E-02 -8.6801E-03
  2.2608E+02  5.9524E-02 -8.7809E-03
  2.2752E+02  5.9192E-02 -8.8646E-03
  2.2896E+02  5.8468E-02 -8.9157E-03
  2.3040E+02  5.7621E-02 -8.9375E-03
  2.3184E+02  5.6363E-02 -8.9323E-03
  2.3328E+02  5.4789E-02 -8.9519E-03
  2.3472E+02  5.3736E-02 -9.0004E-03
  2.3616E+02  5.3826E-02 -9.0568E-03
  2.3760E+02  5.4733E-02 -9.1224E-03
  2.3904E+02  5.5418E-02 -9.1877E-03
  2.4048E+02  5.5258E-02 -9.2354E-03
  2.4192E+02  5.4411E-02 -9.2938E-03
  2.4336E+02  5.3555E-02 -9.3479E-03
  2.4480E+02  5.3094E-02 -9.3855E-03
  2.4624E+02  5.2952E-02 -9.4293E-03
  2.4768E+02  5.2966E-02 -9.4589E-03
  2.4912E+02  5.2729E-02 -9.4504E-03
  2.5056E+02  5.1983E-02 -9.4215E-03
  2.5200E+02  5.1001E-02 -9.3854E-03
  2.5344E+02  5.0804E-02 -9.3360E-03
  2.5488E+02  5.2055E-02 -9.3068E-03
  2.5632E+02  5.4040E-02 -9.3265E-03
  2.5776E+02  5.5192E-02 -9.3709E-03
  2.5920E+02  5.4691E-02 -9.4404E-03
  2.6064E+02  5.3005E-02 -9.5135E-03
  2.6208E+02  5.1378E-02 -9.5704E-03
  2.6352E+02  5.0710E-02 -9.6173E-03
  2.6496E+02  5.1050E-02 -9.6329E-03
  2.6640E+02  5.1567E-02 -9.6461E-03
  2.6784E+02  5.1109E-02 -9.6736E-03
  2.6928E+02  4.9552E-02 -9.7042E-03
  2.7072E+02  4.8012E-02 -9.7391E-03
  2.7216E+02  4.7485E-02 -9.7728E-03
  2.7360E+02  4.7728E-02 -9.8001E-03
  2.7504E+02  4.7982E-02 -9.8285E-03
  2.7648E+02  4.8177E-02 -9.8658E-03
  2.7792E+02  4.8561E-02 -9.9175E-03
  2.7936E+02  4.8695E-02 -9.9879E-03
  2.8080E+02  4.7642E-02 -1.0070E-02
  2.8224E+02  4.5384E-02 -1.0132E-02
  2.8368E+02  4.3098E-02 -1.0159E-02
  2.8512E+02  4.2282E-02 -1.0163E-02
  2.8656E+02  4.3378E-02 -1.0167E-02
  2.8800E+02  4.5491E-02 -1.0189E-02
  2.8944E+02  4.7272E-02 -1.0251E-02
  2.9088E+02  4.7692E-02 -1.0330E-02
  2.9232E+02  4.6720E-02 -1.0417E-02
  2.9376E+02  4.4991E-02 -1.0496E-02
  2.9520E+02  4.3406E-02 -1.0561E-02
  2.9664E+02  4.2859E-02 -1.0602E-02
  2.9808E+02  4.3725E-02 -1.0633E-02
  2.9952E+02  4.5358E-02 -1.0669E-02
  3.0096E+02  4.6564E-02 -1.0705E-02
  3.0240E+02  4.6916E-02 -1.0747E-02
  3.0384E+02  4.7038E-02 -1.0810E-02
  3.0528E+02  4.7816E-02 -1.0892E-02
  3.0672E+02  4.9040E-02 -1.0980E-02
  3.0816E+02  4.9635E-02 -1.1068E-02
  3.0960E+02  4.8879E-02 -1.1130E-02
  3.1104E+02  4.7349E-02 -1.1157E-02
  3.1248E+02  4.6387E-02 -1.1159E-02
  3.1392E+02  4.6917E-02 -1.1137E-02
  3.1536E+02  4.8772E-02 -1.1096E-02
  3.1680E+02  5.0647E-02 -1.1067E-02
  3.1824E+02  5.1156E-02 -1.1051E-02
  3.1968E+02  4.9839E-02 -1.1043E-02
  3.2112E+02  4.7276E-02 -1.1031E-02
  3.2256E+02  4.4718E-02 -1.1015E-02
  3.2400E+02  4.3573E-02 -1.1011E-02
  3.2544E+02  4.4557E-02 -1.1044E-02
  3.2688E+02  4.6785E-02 -1.1104E-02
  3.2832E+02  4.8624E-02 -1.1180E-02
  3.2976E+02  4.9036E-02 -1.1242E-02
  3.3120E+02  4.8172E-02 -1.1277E-02
  3.3264E+02  4.6758E-02 -1.1276E-02
  3.3408E+02  4.5465E-02 -1.1258E-02
  3.3552E+02  4.4779E-02 -1.1251E-02
  3.3696E+02  4.5167E-02 -1.1262E-02
  3.3840E+02  4.6551E-02 -1.1298E-02
  3.3984E+02  4.8132E-02 -1.1357E-02
  3.4128E+02  4.8826E-02 -1.1412E-02
  3.4272E+02  4.8027E-02 -1.1454E-02
  3.4416E+02  4.6419E-02 -1.1485E-02
  3.4560E+02  4.5520E-02 -1.1526E-02
  3.4704E+02  4.6080E-02 -1.1583E-02
  3.4848E+02  4.7107E-02 -1.1659E-02
  3.4992E+02  4.7445E-02 -1.1739E-02
  3.5136E+02  4.7303E-02 -1.1805E-02
  3.5280E+02  4.7556E-02 -1.1846E-02
  3.5424E+02  4.8284E-02 -1.1867E-02
  3.5568E+02  4.8693E-02 -1.1882E-02
  3.5712E+02  4.8334E-02 -1.1903E-02
  3.5856E+02  4.7407E-02 -1.1928E-02
  3.6000E+02  4.6494E-02 -1.1948E-02
  3.6144E+02  4.6285E-02 -1.1961E-02
  3.6288E+02  4.6847E-02 -1.1962E-02
  3.6432E+02  4.7298E-02 -1.1963E-02
  3.6576E+02  4.6819E-02 -1.1968E-02
  3.6720E+02  4.6014E-02 -1.1984E-02
  3.6864E+02  4.6317E-02 -1.2009E-02
  3.7008E+02  4.7908E-02 -1.2045E-02
  3.7152E+02  4.9350E-02 -1.2090E-02
  3.7296E+02  4.9448E-02 -1.2134E-02
  3.7440E+02  4.8578E-02 -1.2167E-02
  3.7584E+02  4.7830E-02 -1.2188E-02
  3.7728E+02  4.7753E-02 -1.2202E-02
  3.7872E+02  4.8021E-02 -1.2206E-02
  3.8016E+02  4.7993E-02 -1.2207E-02
  3.8160E+02  4.7477E-02 -1.2213E-02
  3.8304E+02  4.7063E-02 -1.2226E-02
  3.8448E+02  4.7249E-02 -1.2241E-02
  3.8592E+02  4.7733E-02 -1.2262E-02
  3.8736E+02  4.7825E-02 -1.2289E-02
  3.8880E+02  4.7353E-02 -1.2317E-02
  3.9024E+02  4.6737E-02 -1.2352E-02
  3.9168E+02  4.6755E-02 -1.2387E-02
  3.9312E+02  4.7940E-02 -1.2418E-02
  3.9456E+02  4.9784E-02 -1.2453E-02
  3.9600E+02  5.0749E-02 -1.2491E-02
  3.9744E+02  4.9757E-02 -1.2525E-02
  3.9888E+02  4.7629E-02 -1.2546E-02
  4.0032E+02  4.6096E-02 -1.2547E-02
  4.0176E+02  4.5976E-02 -1.2533E-02
  4.0320E+02  4.6829E-02 -1.2520E-02
  4.0464E+02  4.8271E-02 -1.2527E-02
  4.0608E+02  5.0074E-02 -1.2570E-02
  4.0752E+02  5.1440E-02 -1.2648E-02
  4.0896E+02  5.1337E-02 -1.2729E-02
  4.1040E+02  4.9794E-02 -1.2791E-02
  4.1184E+02  4.7899E-02 -1.2826E-02
  4.1328E+02  4.6684E-02 -1.2844E-02
  4.1472E+02  4.6343E-02 -1.2863E-02
  4.1616E+02  4.6345E-02 -1.2887E-02
  4.1760E+02  4.6228E-02 -1.2910E-02
  4.1904E+02  4.6178E-02 -1.2930E-02
  4.2048E+02  4.6642E-02 -1.2941E-02
  4.2192E+02  4.7521E-02 -1.2942E-02
  4.2336E+02  4.8040E-02 -1.2944E-02
  4.2480E+02  4.7825E-02 -1.2954E-02
  4.2624E+02  4.7439E-02 -1.2975E-02
  4.2768E+02  4.7635E-02 -1.3004E-02
  4.2912E+02  4.8337E-02 -1.3038E-02
  4.3056E+02  4.8809E-02 -1.3067E-02
  4.3200E+02  4.8596E-02 -1.3088E-02
  4.3344E+02  4.7887E-02 -1.3103E-02
  4.3488E+02  4.7023E-02 -1.3116E-02
  4.3632E+02  4.6236E-02 -1.3128E-02
  4.3776E+02  4.5665E-02 -1.3136E-02
  4.3920E+02  4.5312E-02 -1.3148E-02
  4.4064E+02  4.5338E-02 -1.3163E-02
  4.4208E+02  4.5843E-02 -1.3181E-02
  4.4352E+02  4.6380E-02 -1.3212E-02
  4.4496E+02  4.6118E-02 -1.3255E-02
  4.4640E+02  4.4922E-02 -1.3297E-02
  4.4784E+02  4.3840E-02 -1.3335E-02
  4.4928E+02  4.3954E-02 -1.3367E-02
  4.5072E+02  4.5065E-02 -1.3389E-02
  4.5216E+02  4.5797E-02 -1.3404E-02
  4.5360E+02  4.5204E-02 -1.3408E-02
  4.5504E+02  4.3863E-02 -1.3403E-02
  4.5648E+02  4.3245E-02 -1.3392E-02
  4.5792E+02  4.3985E-02 -1.3384E-02
  4.5936E+02  4.5267E-02 -1.3386E-02
  4.6080E+02  4.5881E-02 -1.3406E-02
  4.6224E+02  4.5606E-02 -1.3440E-02
  4.6368E+02  4.5114E-02 -1.3474E-02
  4.6512E+02  4.4934E-02 -1.3505E-02
  4.6656E+02  4.4952E-02 -1.3536E-02
  4.6800E+02  4.4881E-02 -1.3567E-02
  4.6944E+02  4.4835E-02 -1.3596E-02
  4.7088E+02  4.5126E-02 -1.3621E-02
  4.7232E+02  4.5687E-02 -1.3643E-02
  4.7376E+02  4.6138E-02 -1.3662E-02
  4.7520E+02  4.6206E-02 -1.3685E-02
  4.7664E+02  4.5907E-02 -1.3715E-02
  4.7808E+02  4.5487E-02 -1.3749E-02
  4.7952E+02  4.5170E-02 -1.3776E-02
  4.8096E+02  4.4971E-02 -1.3792E-02
  4.8240E+02  4.4779E-02 -1.3797E-02
  4.8384E+02  4.4507E-02 -1.3806E-02
  4.8528E+02  4.4266E-02 -1.3822E-02
  4.8672E+02  4.4218E-02 -1.3841E-02
  4.8816E+02  4.4477E-02 -1.3855E-02
  4.8960E+02  4.5193E-02 -1.3870E-02
  4.9104E+02  4.6418E-02 -1.3887E-02
  4.9248E+02  4.7686E-02 -1.3913E-02
  4.9392E+02  4.7921E-02 -1.3943E-02
  4.9536E+02  4.6445E-02 -1.3965E-02
  4.9680E+02  4.3896E-02 -1.3970E-02
  4.9824E+02  4.1872E-02 -1.3963E-02
  4.9968E+02  4.1534E-02 -1.3946E-02
  5.0112E+02  4.2923E-02 -1.3934E-02
  5.0256E+02  4.4999E-02 -1.3938E-02
  5.0400E+02  4.6187E-02 -1.3962E-02
  5.0544E+02  4.5515E-02 -1.3998E-02
  5.0688E+02  4.3624E-02 -1.4030E-02
  5.0832E+02  4.2106E-02 -1.4048E-02
  5.0976E+02  4.1779E-02 -1.4055E-02
  5.1120E+02  4.2150E-02 -1.4059E-02
  5.1264E+02  4.2503E-02 -1.4071E-02
  5.1408E+02  4.2793E-02 -1.4091E-02
  5.1552E+02  4.3299E-02 -1.4118E-02
  5.1696E+02  4.4005E-02 -1.4148E-02
  5.1840E+02  4.4524E-02 -1.4170E-02
  5.1984E+02  4.4613E-02 -1.4181E-02
  5.2128E+02  4.4433E-02 -1.4188E-02
  5.2272E+02  4.4301E-02 -1.4198E-02
  5.2416E+02  4.4391E-02 -1.4214E-02
  5.2560E+02  4.4527E-02 -1.4234E-02
  5.2704E+02  4.4400E-02 -1.4254E-02
  5.2848E+02  4.3993E-02 -1.4272E-02
  5.2992E+02  4.3638E-02 -1.4291E-02
  5.3136E+02  4.3697E-02 -1.4310E-02
  5.3280E+02  4.4308E-02 -1.4331E-02
  5.3424E+02  4.5284E-02 -1.4354E-02
  5.3568E+02  4.6072E-02 -1.4380E-02
  5.3712E+02  4.6243E-02 -1.4406E-02
  5.3856E+02  4.6083E-02 -1.4430E-02
  5.4000E+02  4.6068E-02 -1.4450E-02
  5.4144E+02  4.5890E-02 -1.4462E-02
  5.4288E+02  4.5122E-02 -1.4466E-02
  5.4432E+02  4.4325E-02 -1.4468E-02
  5.4576E+02  4.4370E-02 -1.4466E-02
  5.4720E+02  4.5055E-02 -1.4465E-02
  5.4864E+02  4.5330E-02 -1.4467E-02
  5.5008E+02  4.4699E-02 -1.4466E-02
  5.5152E+02  4.3526E-02 -1.4462E-02
  5.5296E+02  4.2420E-02 -1.4458E-02
  5.5440E+02  4.1805E-02 -1.4457E-02
  5.5584E+02  4.2097E-02 -1.4456E-02
  5.5728E+02  4.3396E-02 -1.4457E-02
  5.5872E+02  4.4949E-02 -1.4463E-02
  5.6016E+02  4.5568E-02 -1.4476E-02
  5.6160E+02  4.4744E-02 -1.4494E-02
  5.6304E+02  4.3114E-02 -1.4511E-02
  5.6448E+02  4.1923E-02 -1.4521E-02
  5.6592E+02  4.2021E-02 -1.4528E-02
  5.6736E+02  4.3044E-02 -1.4532E-02
  5.6880E+02  4.3954E-02 -1.4540E-02
  5.7024E+02  4.4316E-02 -1.4554E-02
  5.7168E+02  4.4420E-02 -1.4576E-02
  5.7312E+02  4.4267E-02 -1.4600E-02
  5.7456E+02  4.3574E-02 -1.4618E-02
  5.7600E+02  4.2735E-02 -1.4631E-02
  5.7744E+02  4.2651E-02 -1.4643E-02
  5.7888E+02  4.3491E-02 -1.4658E-02
  5.8032E+02  4.4472E-02 -1.4672E-02
  5.8176E+02  4.4874E-02 -1.4680E-02
  5.8320E+02  4.4622E-02 -1.4683E-02
  5.8464E+02  4.4007E-02 -1.4685E-02
  5.8608E+02  4.3376E-02 -1.4685E-02
  5.8752E+02  4.3051E-02 -1.4683E-02
  5.8896E+02  4.3076E-02 -1.4683E-02
  5.9040E+02  4.2960E-02 -1.4685E-02
  5.9184E+02  4.2330E-02 -1.4695E-02
  5.9328E+02  4.1534E-02 -1.4709E-02
  5.9472E+02  4.1249E-02 -1.4720E-02
  5.9616E+02  4.1558E-02 -1.4726E-02
  5.9760E+02  4.1902E-02 -1.4728E-02
  5.9904E+02  4.1693E-02 -1.4731E-02
  6.0048E+02  4.0934E-02 -1.4735E-02
  6.0192E+02  4.0237E-02 -1.4740E-02
  6.0336E+02  4.0252E-02 -1.4744E-02
  6.0480E+02  4.1036E-02 -1.4744E-02
  6.0624E+02  4.2183E-02 -1.4749E-02
  6.0768E+02  4.3213E-02 -1.4762E-02
  6.0912E+02  4.3538E-02 -1.4776E-02
  6.1056E+02  4.2716E-02 -1.4779E-02
  6.1200E+02  4.1179E-02 -1.4768E-02
  6.1344E+02  4.0178E-02 -1.4754E-02
  6.1488E+02  4.0344E-02 -1.4755E-02
  6.1632E+02  4.0936E-02 -1.4777E-02
  6.1776E+02  4.1145E-02 -1.4808E-02
  6.1920E+02  4.1329E-02 -1.4835E-02
  6.2064E+02  4.2168E-02 -1.4856E-02
  6.2208E+02  4.3273E-02 -1.4874E-02
  6.2352E+02  4.3620E-02 -1.4894E-02
  6.2496E+02  4.3030E-02 -1.4915E-02
  6.2640E+02  4.2309E-02 -1.4932E-02
  6.2784E+02  4.1983E-02 -1.4942E-02
  6.2928E+02  4.1711E-02 -1.4948E-02
  6.3072E+02  4.1098E-02 -1.4950E-02
  6.3216E+02  4.0439E-02 -1.4951E-02
  6.3360E+02  4.0419E-02 -1.4956E-02
  6.3504E+02  4.1242E-02 -1.4966E-02
  6.3648E+02  4.2379E-02 -1.4975E-02
  6.3792E+02  4.2946E-02 -1.4984E-02
  6.3936E+02  4.2478E-02 -1.4990E-02
  6.4080E+02  4.1351E-02 -1.4992E-02
  6.4224E+02  4.0415E-02 -1.4987E-02
  6.4368E+02  4.0327E-02 -1.4981E-02
  6.4512E+02  4.1029E-02 -1.4977E-02
  6.4656E+02  4.1778E-02 -1.4974E-02
  6.4800E+02  4.1772E-02 -1.4970E-02
  6.4944E+02  4.0946E-02 -1.4962E-02
  6.5088E+02  4.0001E-02 -1.4953E-02
  6.5232E+02  3.9669E-02 -1.4951E-02
  6.5376E+02  3.9992E-02 -1.4959E-02
  6.5520E+02  4.0475E-02 -1.4977E-02
  6.5664E+02  4.0668E-02 -1.5000E-02
  6.5808E+02  4.0526E-02 -1.5020E-02
  6.5952E+02  4.0225E-02 -1.5035E-02
  6.6096E+02  3.9893E-02 -1.5046E-02
  6.6240E+02  3.9611E-02 -1.5051E-02
  6.6384E+02  3.9463E-02 -1.5051E-02
  6.6528E+02  3.9430E-02 -1.5050E-02
  6.6672E+02  3.9462E-02 -1.5054E-02
  6.6816E+02  3.9675E-02 -1.5066E-02
  6.6960E+02  4.0188E-02 -1.5083E-02
  6.7104E+02  4.0798E-02 -1.5104E-02
  6.7248E+02  4.1100E-02 -1.5124E-02
  6.7392E+02  4.0902E-02 -1.5141E-02
  6.7536E+02  4.0387E-02 -1.5155E-02
  6.7680E+02  3.9952E-02 -1.5168E-02
  6.7824E+02  3.9821E-02 -1.5178E-02
  6.7968E+02  3.9766E-02 -1.5185E-02
  6.8112E+02  3.9321E-02 -1.5188E-02
  6.8256E+02  3.8278E-02 -1.5189E-02
  6.8400E+02  3.7070E-02 -1.5188E-02
  6.8544E+02  3.6610E-02 -1.5187E-02
  6.8688E+02  3.7499E-02 -1.5193E-02
  6.8832E+02  3.9431E-02 -1.5208E-02
  6.8976E+02  4.1254E-02 -1.5227E-02
  6.9120E+02  4.1854E-02 -1.5242E-02
  6.9264E+02  4.0983E-02 -1.5251E-02
  6.9408E+02  3.9591E-02 -1.5254E-02
  6.9552E+02  3.8927E-02 -1.5252E-02
  6.9696E+02  3.9200E-02 -1.5246E-02
  6.9840E+02  3.9512E-02 -1.5239E-02
  6.9984E+02  3.9334E-02 -1.5233E-02
  7.0128E+02  3.9197E-02 -1.5231E-02
  7.0272E+02  3.9644E-02 -1.5237E-02
  7.0416E+02  4.0342E-02 -1.5252E-02
  7.0560E+02  4.0570E-02 -1.5270E-02
  7.0704E+02  4.0093E-02 -1.5286E-02
  7.0848E+02  3.9314E-02 -1.5298E-02
  7.0992E+02  3.8800E-02 -1.5306E-02
  7.1136E+02  3.8808E-02 -1.5311E-02
  7.1280E+02  3.9154E-02 -1.5314E-02
  7.1424E+02  3.9441E-02 -1.5316E-02
  7.1568E+02  3.9410E-02 -1.5318E-02
  7.1712E+02  3.9064E-02 -1.5317E-02
  7.1856E+02  3.8497E-02 -1.5314E-02
  7.2000E+02  3.7959E-02 -1.5308E-02
  7.2144E+02  3.7981E-02 -1.5302E-02
  7.2288E+02  3.8848E-02 -1.5301E-02
  7.2432E+02  3.9889E-02 -1.5309E-02
  7.2576E+02  4.0029E-02 -1.5324E-02
  7.2720E+02  3.9045E-02 -1.5338E-02
  7.2864E+02  3.7651E-02 -1.5342E-02
  7.3008E+02  3.6669E-02 -1.5335E-02
  7.3152E+02  3.6629E-02 -1.5320E-02
  7.3296E+02  3.7662E-02 -1.5308E-02
  7.3440E+02  3.9193E-02 -1.5307E-02
  7.3584E+02  4.0158E-02 -1.5321E-02
  7.3728E+02  3.9905E-02 -1.5340E-02
  7.3872E+02  3.8802E-02 -1.5352E-02
  7.4016E+02  3.7841E-02 -1.5354E-02
  7.4160E+02  3.7681E-02 -1.5352E-02
  7.4304E+02  3.8165E-02 -1.5351E-02
  7.4448E+02  3.8573E-02 -1.5353E-02
  7.4592E+02  3.8419E-02 -1.5352E-02
  7.4736E+02  3.7978E-02 -1.5350E-02
  7.4880E+02  3.7979E-02 -1.5347E-02
  7.5024E+02  3.8607E-02 -1.5345E-02
  7.5168E+02  3.9293E-02 -1.5345E-02
  7.5312E+02  3.9445E-02 -1.5348E-02
  7.5456E+02  3.9027E-02 -1.5355E-02
  7.5600E+02  3.8361E-02 -1.5366E-02
  7.5744E+02  3.7937E-02 -1.5374E-02
  7.5888E+02  3.8169E-02 -1.5375E-02
  7.6032E+02  3.8749E-02 -1.5373E-02
  7.6176E+02  3.8768E-02 -1.5375E-02
  7.6320E+02  3.7972E-02 -1.5379E-02
  7.6464E+02  3.7235E-02 -1.5382E-02
  7.6608E+02  3.7312E-02 -1.5383E-02
  7.6752E+02  3.7899E-02 -1.5380E-02
  7.6896E+02  3.8381E-02 -1.5374E-02
  7.7040E+02  3.8696E-02 -1.5372E-02
  7.7184E+02  3.8917E-02 -1.5376E-02
  7.7328E+02  3.8688E-02 -1.5382E-02
  7.7472E+02  3.7768E-02 -1.5386E-02
  7.7616E+02  3.6698E-02 -1.5381E-02
  7.7760E+02  3.6278E-02 -1.5371E-02
  7.7904E+02  3.6688E-02 -1.5365E-02
  7.8048E+02  3.7472E-02 -1.5365E-02
  7.8192E+02  3.8152E-02 -1.5369E-02
  7.8336E+02  3.8573E-02 -1.5375E-02
  7.8480E+02  3.8762E-02 -1.5385E-02
  7.8624E+02  3.8545E-02 -1.5398E-02
  7.8768E+02  3.7797E-02 -1.5411E-02
  7.8912E+02  3.6954E-02 -1.5418E-02
  7.9056E+02  3.6800E-02 -1.5414E-02
  7.9200E+02  3.7433E-02 -1.5404E-02
  7.9344E+02  3.7981E-02 -1.5395E-02
  7.9488E+02  3.7717E-02 -1.5389E-02
  7.9632E+02  3.7012E-02 -1.5385E-02
  7.9776E+02  3.6751E-02 -1.5385E-02
  7.9920E+02  3.7260E-02 -1.5385E-02
  8.0064E+02  3.8100E-02 -1.5390E-02
  8.0208E+02  3.8580E-02 -1.5401E-02
  8.0352E+02  3.8302E-02 -1.5419E-02
  8.0496E+02  3.7486E-02 -1.5437E-02
  8.0640E+02  3.7009E-02 -1.5448E-02
  8.0784E+02  3.7646E-02 -1.5449E-02
  8.0928E+02  3.9091E-02 -1.5443E-02
  8.1072E+02  4.0138E-02 -1.5439E-02
  8.1216E+02  4.0024E-02 -1.5440E-02
  8.1360E+02  3.9184E-02 -1.5443E-02
  8.1504E+02  3.8517E-02 -1.5447E-02
  8.1648E+02  3.8331E-02 -1.5448E-02
  8.1792E+02  3.8296E-02 -1.5447E-02
  8.1936E+02  3.8161E-02 -1.5443E-02
  8.2080E+02  3.8131E-02 -1.5440E-02
  8.2224E+02  3.8447E-02 -1.5438E-02
  8.2368E+02  3.8833E-02 -1.5438E-02
  8.2512E+02  3.8715E-02 -1.5441E-02
  8.2656E+02  3.7969E-02 -1.5442E-02
  8.2800E+02  3.7095E-02 -1.5440E-02
  8.2944E+02  3.6583E-02 -1.5433E-02
  8.3088E+02  3.6407E-02 -1.5422E-02
  8.3232E+02  3.6329E-02 -1.5413E-02
  8.3376E+02  3.6323E-02 -1.5409E-02
  8.3520E+02  3.6447E-02 -1.5407E-02
  8.3664E+02  3.6644E-02 -1.5403E-02
  8.3808E+02  3.6859E-02 -1.5396E-02
  8.3952E+02  3.7124E-02 -1.5392E-02
  8.4096E+02  3.7305E-02 -1.5394E-02
  8.4240E+02  3.7098E-02 -1.5406E-02
  8.4384E+02  3.6479E-02 -1.5420E-02
  8.4528E+02  3.5852E-02 -1.5426E-02
  8.4672E+02  3.5524E-02 -1.5422E-02
  8.4816E+02  3.5396E-02 -1.5412E-02
  8.4960E+02  3.5339E-02 -1.5405E-02
  8.5104E+02  3.5595E-02 -1.5403E-02
  8.5248E+02  3.6313E-02 -1.5409E-02
  8.5392E+02  3.6998E-02 -1.5420E-02
  8.5536E+02  3.7001E-02 -1.5433E-02
  8.5680E+02  3.6408E-02 -1.5443E-02
  8.5824E+02  3.5899E-02 -1.5450E-02
  8.5968E+02  3.5785E-02 -1.5454E-02
  8.6112E+02  3.5731E-02 -1.5455E-02
  8.6256E+02  3.5466E-02 -1.5452E-02
  8.6400E+02  3.5296E-02 -1.5448E-02
  8.6544E+02  3.5602E-02 -1.5446E-02
  8.6688E+02  3.6183E-02 -1.5446E-02
  8.6832E+02  3.6343E-02 -1.5445E-02
  8.6976E+02  3.5706E-02 -1.5441E-02
  8.7120E+02  3.4719E-02 -1.5435E-02
  8.7264E+02  3.4245E-02 -1.5431E-02
  8.7408E+02  3.4636E-02 -1.5431E-02
  8.7552E+02  3.5378E-02 -1.5434E-02
  8.7696E+02  3.5746E-02 -1.5437E-02
  8.7840E+02  3.5572E-02 -1.5436E-02
  8.7984E+02  3.5184E-02 -1.5433E-02
  8.8128E+02  3.4864E-02 -1.5430E-02
  8.8272E+02  3.4612E-02 -1.5425E-02
  8.8416E+02  3.4335E-02 -1.5416E-02
  8.8560E+02  3.4150E-02 -1.5410E-02
  8.8704E+02  3.4471E-02 -1.5410E-02
  8.8848E+02  3.5421E-02 -1.5416E-02
  8.8992E+02  3.6259E-02 -1.5422E-02
  8.9136E+02  3.5945E-02 -1.5423E-02
  8.9280E+02  3.4456E-02 -1.5419E-02
  8.9424E+02  3.2957E-02 -1.5412E-02
  8.9568E+02  3.2528E-02 -1.5407E-02
  8.9712E+02  3.3171E-02 -1.5407E-02
  8.9856E+02  3.4198E-02 -1.5410E-02
  9.0000E+02  3.5128E-02 -1.5413E-02
  9.0144E+02  3.5773E-02 -1.5419E-02
  9.0288E+02  3.5975E-02 -1.5429E-02
  9.0432E+02  3.5647E-02 -1.5437E-02
  9.0576E+02  3.4919E-02 -1.5439E-02
  9.0720E+02  3.4072E-02 -1.5435E-02
  9.0864E+02  3.3495E-02 -1.5425E-02
  9.1008E+02  3.3487E-02 -1.5414E-02
  9.1152E+02  3.3830E-02 -1.5408E-02
  9.1296E+02  3.3957E-02 -1.5411E-02
  9.1440E+02  3.3776E-02 -1.5419E-02
  9.1584E+02  3.3759E-02 -1.5424E-02
  9.1728E+02  3.4090E-02 -1.5423E-02
  9.1872E+02  3.4387E-02 -1.5421E-02
  9.2016E+02  3.4303E-02 -1.5418E-02
  9.2160E+02  3.3911E-02 -1.5416E-02
  9.2304E+02  3.3485E-02 -1.5415E-02
  9.2448E+02  3.3268E-02 -1.5415E-02
  9.2592E+02  3.3392E-02 -1.5414E-02
  9.2736E+02  3.3766E-02 -1.5413E-02
  9.2880E+02  3.4097E-02 -1.5411E-02
  9.3024E+02  3.4128E-02 -1.5404E-02
  9.3168E+02  3.3847E-02 -1.5394E-02
  9.3312E+02  3.3468E-02 -1.5386E-02
  9.3456E+02  3.3343E-02 -1.5385E-02
  9.3600E+02  3.3804E-02 -1.5391E-02
  9.3744E+02  3.4671E-02 -1.5399E-02
  9.3888E+02  3.5120E-02 -1.5406E-02
  9.4032E+02  3.4581E-02 -1.5409E-02
  9.4176E+02  3.3564E-02 -1.5409E-02
  9.4320E+02  3.3041E-02 -1.5409E-02
  9.4464E+02  3.3381E-02 -1.5410E-02
  9.4608E+02  3.4173E-02 -1.5410E-02
  9.4752E+02  3.4721E-02 -1.5409E-02
  9.4896E+02  3.4480E-02 -1.5408E-02
  9.5040E+02  3.3549E-02 -1.5407E-02
  9.5184E+02  3.2819E-02 -1.5402E-02
  9.5328E+02  3.3100E-02 -1.5392E-02
  9.5472E+02  3.4191E-02 -1.5384E-02
  9.5616E+02  3.5017E-02 -1.5380E-02
  9.5760E+02  3.4763E-02 -1.5377E-02
  9.5904E+02  3.3644E-02 -1.5369E-02
  9.6048E+02  3.2668E-02 -1.5356E-02
  9.6192E+02  3.2660E-02 -1.5342E-02
  9.6336E+02  3.3503E-02 -1.5336E-02
  9.6480E+02  3.4327E-02 -1.5337E-02
  9.6624E+02  3.4504E-02 -1.5342E-02
  9.6768E+02  3.4297E-02 -1.5345E-02
  9.6912E+02  3.4321E-02 -1.5345E-02
  9.7056E+02  3.4575E-02 -1.5345E-02
  9.7200E+02  3.4529E-02 -1.5344E-02
  9.7344E+02  3.3972E-02 -1.5343E-02
  9.7488E+02  3.3251E-02 -1.5341E-02
  9.7632E+02  3.2790E-02 -1.5336E-02
  9.7776E+02  3.2857E-02 -1.5328E-02
  9.7920E+02  3.3460E-02 -1.5322E-02
  9.8064E+02  3.4195E-02 -1.5322E-02
  9.8208E+02  3.4485E-02 -1.5330E-02
  9.8352E+02  3.4196E-02 -1.5339E-02
  9.8496E+02  3.3666E-02 -1.5343E-02
  9.8640E+02  3.3160E-02 -1.5341E-02
  9.8784E+02  3.2687E-02 -1.5336E-02
  9.8928E+02  3.2335E-02 -1.5330E-02
  9.9072E+02  3.2355E-02 -1.5322E-02
  9.9216E+02  3.2797E-02 -1.5313E-02
  9.9360E+02  3.3351E-02 -1.5305E-02
  9.9504E+02  3.3702E-02 -1.5304E-02
  9.9648E+02  3.3819E-02 -1.5309E-02
  9.9792E+02  3.3748E-02 -1.5318E-02
  9.9936E+02  3.3442E-02 -1.5325E-02
  1.0008E+03  3.2890E-02 -1.5327E-02
  1.0022E+03  3.2312E-02 -1.5323E-02
  1.0037E+03  3.2025E-02 -1.5315E-02
  1.0051E+03  3.2097E-02 -1.5307E-02
  1.0066E+03  3.2272E-02 -1.5301E-02
  1.0080E+03  3.2325E-02 -1.5296E-02
  1.0094E+03  3.2377E-02 -1.5293E-02
  1.0109E+03  3.2649E-02 -1.5292E-02
  1.0123E+03  3.3004E-02 -1.5294E-02
  1.0138E+03  3.3121E-02 -1.5301E-02
  1.0152E+03  3.3042E-02 -1.5310E-02
  1.0166E+03  3.3067E-02 -1.5319E-02
  1.0181E+03  3.3190E-02 -1.5322E-02
  1.0195E+03  3.3092E-02 -1.5316E-02
  1.0210E+03  3.2754E-02 -1.5302E-02
  1.0224E+03  3.2564E-02 -1.5287E-02
  1.0238E+03  3.2727E-02 -1.5278E-02
  1.0253E+03  3.2933E-02 -1.5275E-02
  1.0267E+03  3.2776E-02 -1.5274E-02
  1.0282E+03  3.2292E-02 -1.5270E-02
  1.0296E+03  3.1926E-02 -1.5264E-02
  1.0310E+03  3.2006E-02 -1.5260E-02
  1.0325E+03  3.2432E-02 -1.5259E-02
  1.0339E+03  3.2838E-02 -1.5262E-02
  1.0354E+03  3.2921E-02 -1.5266E-02
  1.0368E+03  3.2632E-02 -1.5269E-02
  1.0382E+03  3.2230E-02 -1.5268E-02
  1.0397E+03  3.2052E-02 -1.5260E-02
  1.0411E+03  3.2179E-02 -1.5250E-02
  1.0426E+03  3.2423E-02 -1.5244E-02
  1.0440E+03  3.2609E-02 -1.5243E-02
  1.0454E+03  3.2624E-02 -1.5245E-02
  1.0469E+03  3.2367E-02 -1.5246E-02
  1.0483E+03  3.1957E-02 -1.5242E-02
  1.0498E+03  3.1791E-02 -1.5235E-02
  1.0512E+03  3.2206E-02 -1.5232E-02
  1.0526E+03  3.3032E-02 -1.5237E-02
  1.0541E+03  3.3638E-02 -1.5248E-02
  1.0555E+03  3.3522E-02 -1.5256E-02
  1.0570E+03  3.2851E-02 -1.5256E-02
  1.0584E+03  3.2223E-02 -1.5249E-02
  1.0598E+03  3.2044E-02 -1.5239E-02
  1.0613E+03  3.2198E-02 -1.5231E-02
  1.0627E+03  3.2334E-02 -1.5227E-02
  1.0642E+03  3.2340E-02 -1.5227E-02
  1.0656E+03  3.2494E-02 -1.5229E-02
  1.0670E+03  3.2959E-02 -1.5230E-02
  1.0685E+03  3.3354E-02 -1.5233E-02
  1.0699E+03  3.3236E-02 -1.5236E-02
  1.0714E+03  3.2762E-02 -1.5236E-02
  1.0728E+03  3.2415E-02 -1.5231E-02
  1.0742E+03  3.2411E-02 -1.5225E-02
  1.0757E+03  3.2640E-02 -1.5223E-02
  1.0771E+03  3.2861E-02 -1.5222E-02
  1.0786E+03  3.2867E-02 -1.5222E-02
  1.0800E+03  3.2716E-02 -1.5219E-02
  1.0814E+03  3.2716E-02 -1.5215E-02
  1.0829E+03  3.3025E-02 -1.5211E-02
  1.0843E+03  3.3412E-02 -1.5212E-02
  1.0858E+03  3.3589E-02 -1.5216E-02
  1.0872E+03  3.3589E-02 -1.5219E-02
  1.0886E+03  3.3620E-02 -1.5218E-02
  1.0901E+03  3.3663E-02 -1.5216E-02
  1.0915E+03  3.3463E-02 -1.5215E-02
  1.0930E+03  3.2918E-02 -1.5213E-02
  1.0944E+03  3.2175E-02 -1.5207E-02
  1.0958E+03  3.1570E-02 -1.5200E-02
  1.0973E+03  3.1540E-02 -1.5194E-02
  1.0987E+03  3.2297E-02 -1.5189E-02
  1.1002E+03  3.3404E-02 -1.5191E-02
  1.1016E+03  3.4083E-02 -1.5197E-02
  1.1030E+03  3.3928E-02 -1.5203E-02
  1.1045E+03  3.3084E-02 -1.5205E-02
  1.1059E+03  3.2075E-02 -1.5203E-02
  1.1074E+03  3.1581E-02 -1.5199E-02
  1.1088E+03  3.1917E-02 -1.5192E-02
  1.1102E+03  3.2652E-02 -1.5184E-02
  1.1117E+03  3.3126E-02 -1.5181E-02
  1.1131E+03  3.3115E-02 -1.5182E-02
  1.1146E+03  3.2780E-02 -1.5186E-02
  1.1160E+03  3.2297E-02 -1.5191E-02
  1.1174E+03  3.1928E-02 -1.5190E-02
  1.1189E+03  3.2024E-02 -1.5185E-02
  1.1203E+03  3.2569E-02 -1.5182E-02
  1.1218E+03  3.3014E-02 -1.5186E-02
  1.1232E+03  3.2920E-02 -1.5195E-02
  1.1246E+03  3.2506E-02 -1.5200E-02
  1.1261E+03  3.2225E-02 -1.5200E-02
  1.1275E+03  3.2158E-02 -1.5195E-02
  1.1290E+03  3.2247E-02 -1.5190E-02
  1.1304E+03  3.2643E-02 -1.5184E-02
  1.1318E+03  3.3334E-02 -1.5182E-02
  1.1333E+03  3.3830E-02 -1.5186E-02
  1.1347E+03  3.3624E-02 -1.5191E-02
  1.1362E+03  3.2763E-02 -1.5192E-02
  1.1376E+03  3.1847E-02 -1.5188E-02
  1.1390E+03  3.1539E-02 -1.5182E-02
  1.1405E+03  3.1997E-02 -1.5172E-02
  1.1419E+03  3.2707E-02 -1.5164E-02
  1.1434E+03  3.3047E-02 -1.5159E-02
  1.1448E+03  3.2930E-02 -1.5158E-02
  1.1462E+03  3.2698E-02 -1.5158E-02
  1.1477E+03  3.2648E-02 -1.5156E-02
  1.1491E+03  3.2774E-02 -1.5152E-02
  1.1506E+03  3.2841E-02 -1.5149E-02
  1.1520E+03  3.2532E-02 -1.5148E-02
  1.1534E+03  3.1835E-02 -1.5149E-02
  1.1549E+03  3.1250E-02 -1.5147E-02
  1.1563E+03  3.1330E-02 -1.5141E-02
  1.1578E+03  3.1877E-02 -1.5133E-02
  1.1592E+03  3.2125E-02 -1.5126E-02
  1.1606E+03  3.1778E-02 -1.5123E-02
  1.1621E+03  3.1351E-02 -1.5123E-02
  1.1635E+03  3.1344E-02 -1.5126E-02
  1.1650E+03  3.1611E-02 -1.5129E-02
  1.1664E+03  3.1813E-02 -1.5130E-02
  1.1678E+03  3.1875E-02 -1.5130E-02
  1.1693E+03  3.1831E-02 -1.5131E-02
  1.1707E+03  3.1659E-02 -1.5134E-02
  1.1722E+03  3.1430E-02 -1.5134E-02
  1.1736E+03  3.1322E-02 -1.5132E-02
  1.1750E+03  3.1375E-02 -1.5131E-02
  1.1765E+03  3.1422E-02 -1.5132E-02
  1.1779E+03  3.1298E-02 -1.5134E-02
  1.1794E+03  3.1062E-02 -1.5134E-02
  1.1808E+03  3.0961E-02 -1.5133E-02
  1.1822E+03  3.1119E-02 -1.5135E-02
  1.1837E+03  3.1320E-02 -1.5140E-02
  1.1851E+03  3.1273E-02 -1.5145E-02
  1.1866E+03  3.1040E-02 -1.5147E-02
  1.1880E+03  3.0874E-02 -1.5144E-02
  1.1894E+03  3.0758E-02 -1.5139E-02
  1.1909E+03  3.0457E-02 -1.5133E-02
  1.1923E+03  3.0080E-02 -1.5127E-02
  1.1938E+03  3.0092E-02 -1.5124E-02
  1.1952E+03  3.0678E-02 -1.5126E-02
  1.1966E+03  3.1379E-02 -1.5131E-02
  1.1981E+03  3.1608E-02 -1.5133E-02
  1.1995E+03  3.1273E-02 -1.5131E-02
  1.2010E+03  3.0688E-02 -1.5126E-02
  1.2024E+03  3.0159E-02 -1.5120E-02
  1.2038E+03  2.9837E-02 -1.5113E-02
  1.2053E+03  2.9795E-02 -1.5108E-02
  1.2067E+03  2.9981E-02 -1.5105E-02
  1.2082E+03  3.0242E-02 -1.5108E-02
  1.2096E+03  3.0442E-02 -1.5114E-02
  1.2110E+03  3.0521E-02 -1.5116E-02
  1.2125E+03  3.0419E-02 -1.5114E-02
  1.2139E+03  3.0143E-02 -1.5114E-02
  1.2154E+03  2.9869E-02 -1.5119E-02
  1.2168E+03  2.9872E-02 -1.5125E-02
  1.2182E+03  3.0231E-02 -1.5130E-02
  1.2197E+03  3.0581E-02 -1.5129E-02
  1.2211E+03  3.0445E-02 -1.5126E-02
  1.2226E+03  2.9840E-02 -1.5126E-02
  1.2240E+03  2.9278E-02 -1.5127E-02
  1.2254E+03  2.9147E-02 -1.5127E-02
  1.2269E+03  2.9390E-02 -1.5124E-02
  1.2283E+03  2.9774E-02 -1.5120E-02
  1.2298E+03  3.0149E-02 -1.5117E-02
  1.2312E+03  3.0393E-02 -1.5120E-02
  1.2326E+03  3.0291E-02 -1.5127E-02
  1.2341E+03  2.9771E-02 -1.5131E-02
  1.2355E+03  2.9226E-02 -1.5131E-02
  1.2370E+03  2.9261E-02 -1.5128E-02
  1.2384E+03  2.9892E-02 -1.5124E-02
  1.2398E+03  3.0363E-02 -1.5121E-02
  1.2413E+03  3.0071E-02 -1.5117E-02
  1.2427E+03  2.9313E-02 -1.5112E-02
  1.2442E+03  2.8892E-02 -1.5107E-02
  1.2456E+03  2.9124E-02 -1.5106E-02
  1.2470E+03  2.9624E-02 -1.5108E-02
  1.2485E+03  2.9909E-02 -1.5110E-02
  1.2499E+03  2.9920E-02 -1.5112E-02
  1.2514E+03  2.9887E-02 -1.5115E-02
  1.2528E+03  2.9994E-02 -1.5120E-02
  1.2542E+03  3.0172E-02 -1.5122E-02
  1.2557E+03  3.0117E-02 -1.5123E-02
  1.2571E+03  2.9626E-02 -1.5121E-02
  1.2586E+03  2.9013E-02 -1.5118E-02
  1.2600E+03  2.8870E-02 -1.5113E-02
  1.2614E+03  2.9344E-02 -1.5110E-02
  1.2629E+03  3.0019E-02 -1.5109E-02
  1.2643E+03  3.0383E-02 -1.5110E-02
  1.2658E+03  3.0170E-02 -1.5110E-02
  1.2672E+03  2.9450E-02 -1.5109E-02
  1.2686E+03  2.8635E-02 -1.5108E-02
  1.2701E+03  2.8202E-02 -1.5106E-02
  1.2715E+03  2.8279E-02 -1.5105E-02
  1.2730E+03  2.8660E-02 -1.5104E-02
  1.2744E+03  2.9129E-02 -1.5103E-02
  1.2758E+03  2.9531E-02 -1.5103E-02
  1.2773E+03  2.9624E-02 -1.5106E-02
  1.2787E+03  2.9248E-02 -1.5109E-02
  1.2802E+03  2.8649E-02 -1.5107E-02
  1.2816E+03  2.8347E-02 -1.5101E-02
  1.2830E+03  2.8597E-02 -1.5099E-02
  1.2845E+03  2.9161E-02 -1.5101E-02
  1.2859E+03  2.9627E-02 -1.5107E-02
  1.2874E+03  2.9715E-02 -1.5110E-02
  1.2888E+03  2.9465E-02 -1.5110E-02
  1.2902E+03  2.9182E-02 -1.5110E-02
  1.2917E+03  2.9123E-02 -1.5110E-02
  1.2931E+03  2.9218E-02 -1.5111E-02
  1.2946E+03  2.9335E-02 -1.5115E-02
  1.2960E+03  2.9509E-02 -1.5121E-02
  1.2974E+03  2.9696E-02 -1.5127E-02
  1.2989E+03  2.9672E-02 -1.5129E-02
  1.3003E+03  2.9417E-02 -1.5127E-02
  1.3018E+03  2.9278E-02 -1.5121E-02
  1.3032E+03  2.9473E-02 -1.5118E-02
  1.3046E+03  2.9781E-02 -1.5119E-02
  1.3061E+03  2.9833E-02 -1.5123E-02
  1.3075E+03  2.9515E-02 -1.5126E-02
  1.3090E+03  2.9011E-02 -1.5126E-02
  1.3104E+03  2.8688E-02 -1.5126E-02
  1.3118E+03  2.8883E-02 -1.5126E-02
  1.3133E+03  2.9495E-02 -1.5125E-02
  1.3147E+03  2.9961E-02 -1.5127E-02
  1.3162E+03  2.9917E-02 -1.5131E-02
  1.3176E+03  2.9699E-02 -1.5133E-02
  1.3190E+03  2.9743E-02 -1.5133E-02
  1.3205E+03  2.9880E-02 -1.5131E-02
  1.3219E+03  2.9654E-02 -1.5130E-02
  1.3234E+03  2.9106E-02 -1.5129E-02
  1.3248E+03  2.8803E-02 -1.5130E-02
  1.3262E+03  2.9126E-02 -1.5133E-02
  1.3277E+03  2.9747E-02 -1.5134E-02
  1.3291E+03  2.9950E-02 -1.5130E-02
  1.3306E+03  2.9529E-02 -1.5125E-02
  1.3320E+03  2.9129E-02 -1.5121E-02
  1.3334E+03  2.9423E-02 -1.5123E-02
  1.3349E+03  3.0132E-02 -1.5131E-02
  1.3363E+03  3.0355E-02 -1.5142E-02
  1.3378E+03  2.9801E-02 -1.5149E-02
  1.3392E+03  2.9108E-02 -1.5150E-02
  1.3406E+03  2.8925E-02 -1.5146E-02
  1.3421E+03  2.9209E-02 -1.5139E-02
  1.3435E+03  2.9615E-02 -1.5135E-02
  1.3450E+03  2.9947E-02 -1.5134E-02
  1.3464E+03  3.0107E-02 -1.5139E-02
  1.3478E+03  3.0033E-02 -1.5146E-02
  1.3493E+03  2.9850E-02 -1.5151E-02
  1.3507E+03  2.9771E-02 -1.5152E-02
  1.3522E+03  2.9798E-02 -1.5154E-02
  1.3536E+03  2.9748E-02 -1.5158E-02
  1.3550E+03  2.9552E-02 -1.5161E-02
  1.3565E+03  2.9381E-02 -1.5162E-02
  1.3579E+03  2.9437E-02 -1.5161E-02
  1.3594E+03  2.9744E-02 -1.5161E-02
  1.3608E+03  3.0093E-02 -1.5163E-02
  1.3622E+03  3.0257E-02 -1.5167E-02
  1.3637E+03  3.0167E-02 -1.5172E-02
  1.3651E+03  2.9894E-02 -1.5176E-02
  1.3666E+03  2.9563E-02 -1.5178E-02
  1.3680E+03  2.9362E-02 -1.5174E-02
  1.3694E+03  2.9504E-02 -1.5168E-02
  1.3709E+03  2.9912E-02 -1.5164E-02
  1.3723E+03  3.0116E-02 -1.5165E-02
  1.3738E+03  2.9799E-02 -1.5168E-02
  1.3752E+03  2.9290E-02 -1.5168E-02
  1.3766E+03  2.9155E-02 -1.5166E-02
  1.3781E+03  2.9464E-02 -1.5166E-02
  1.3795E+03  2.9861E-02 -1.5169E-02
  1.3810E+03  3.0111E-02 -1.5175E-02
  1.3824E+03  3.0198E-02 -1.5180E-02
  1.3838E+03  3.0024E-02 -1.5183E-02
  1.3853E+03  2.9518E-02 -1.5182E-02
  1.3867E+03  2.8955E-02 -1.5178E-02
  1.3882E+03  2.8803E-02 -1.5175E-02
  1.3896E+03  2.9152E-02 -1.5176E-02
  1.3910E+03  2.9610E-02 -1.5180E-02
  1.3925E+03  2.9817E-02 -1.5184E-02
  1.3939E+03  2.9780E-02 -1.5188E-02
  1.3954E+03  2.9665E-02 -1.5194E-02
  1.3968E+03  2.9520E-02 -1.5200E-02
  1.3982E+03  2.9391E-02 -1.5204E-02
  1.3997E+03  2.9431E-02 -1.5204E-02
  1.4011E+03  2.9705E-02 -1.5202E-02
  1.4026E+03  2.9964E-02 -1.5203E-02
  1.4040E+03  2.9955E-02 -1.5206E-02
  1.4054E+03  2.9826E-02 -1.5210E-02
  1.4069E+03  2.9903E-02 -1.5212E-02
  1.4083E+03  3.0139E-02 -1.5215E-02
  1.4098E+03  3.0153E-02 -1.5218E-02
  1.4112E+03  2.9830E-02 -1.5220E-02
  1.4126E+03  2.9508E-02 -1.5220E-02
  1.4141E+03  2.9528E-02 -1.5221E-02
  1.4155E+03  2.9764E-02 -1.5222E-02
  1.4170E+03  2.9811E-02 -1.5225E-02
  1.4184E+03  2.9557E-02 -1.5228E-02
  1.4198E+03  2.9305E-02 -1.5230E-02
  1.4213E+03  2.9298E-02 -1.5230E-02
  1.4227E+03  2.9420E-02 -1.5230E-02
  1.4242E+03  2.9463E-02 -1.5232E-02
  1.4256E+03  2.9401E-02 -1.5235E-02
  1.4270E+03  2.9308E-02 -1.5236E-02
  1.4285E+03  2.9229E-02 -1.5236E-02
  1.4299E+03  2.9260E-02 -1.5232E-02
  1.4314E+03  2.9465E-02 -1.5227E-02
  1.4328E+03  2.9642E-02 -1.5229E-02
  1.4342E+03  2.9419E-02 -1.5236E-02
  1.4357E+03  2.8772E-02 -1.5244E-02
  1.4371E+03  2.8249E-02 -1.5246E-02
  1.4386E+03  2.8365E-02 -1.5242E-02
  1.4400E+03  2.9020E-02 -1.5239E-02
  1.4414E+03  2.9644E-02 -1.5244E-02
  1.4429E+03  2.9765E-02 -1.5254E-02
  1.4443E+03  2.9335E-02 -1.5265E-02
  1.4458E+03  2.8758E-02 -1.5273E-02
  1.4472E+03  2.8570E-02 -1.5276E-02
  1.4486E+03  2.8924E-02 -1.5277E-02
  1.4501E+03  2.9465E-02 -1.5281E-02
  1.4515E+03  2.9707E-02 -1.5287E-02
  1.4530E+03  2.9445E-02 -1.5290E-02
  1.4544E+03  2.8863E-02 -1.5292E-02
  1.4558E+03  2.8428E-02 -1.5293E-02
  1.4573E+03  2.8461E-02 -1.5294E-02
  1.4587E+03  2.8798E-02 -1.5297E-02
  1.4602E+03  2.9019E-02 -1.5301E-02
  1.4616E+03  2.9013E-02 -1.5307E-02
  1.4630E+03  2.9030E-02 -1.5314E-02
  1.4645E+03  2.9186E-02 -1.5319E-02
  1.4659E+03  2.9268E-02 -1.5323E-02
  1.4674E+03  2.9129E-02 -1.5323E-02
  1.4688E+03  2.8930E-02 -1.5320E-02
  1.4702E+03  2.8808E-02 -1.5318E-02
  1.4717E+03  2.8687E-02 -1.5318E-02
  1.4731E+03  2.8581E-02 -1.5319E-02
  1.4746E+03  2.8661E-02 -1.5318E-02
  1.4760E+03  2.8905E-02 -1.5318E-02
  1.4774E+03  2.9061E-02 -1.5322E-02
  1.4789E+03  2.8998E-02 -1.5327E-02
  1.4803E+03  2.8782E-02 -1.5330E-02
  1.4818E+03  2.8571E-02 -1.5332E-02
  1.4832E+03  2.8516E-02 -1.5335E-02
  1.4846E+03  2.8628E-02 -1.5338E-02
  1.4861E+03  2.8726E-02 -1.5344E-02
  1.4875E+03  2.8726E-02 -1.5351E-02
  1.4890E+03  2.8796E-02 -1.5358E-02
  1.4904E+03  2.9040E-02 -1.5362E-02
  1.4918E+03  2.9247E-02 -1.5365E-02
  1.4933E+03  2.9155E-02 -1.5368E-02
  1.4947E+03  2.8854E-02 -1.5371E-02
  1.4962E+03  2.8677E-02 -1.5375E-02
  1.4976E+03  2.8771E-02 -1.5381E-02
  1.4990E+03  2.8922E-02 -1.5385E-02
  1.5005E+03  2.8837E-02 -1.5386E-02
  1.5019E+03  2.8462E-02 -1.5386E-02
  1.5034E+03  2.8071E-02 -1.5387E-02
  1.5048E+03  2.8077E-02 -1.5391E-02
  1.5062E+03  2.8539E-02 -1.5395E-02
  1.5077E+03  2.8988E-02 -1.5397E-02
  1.5091E+03  2.8956E-02 -1.5399E-02
  1.5106E+03  2.8543E-02 -1.5402E-02
  1.5120E+03  2.8141E-02 -1.5405E-02
  1.5134E+03  2.7946E-02 -1.5406E-02
  1.5149E+03  2.7964E-02 -1.5405E-02
  1.5163E+03  2.8180E-02 -1.5404E-02
  1.5178E+03  2.8518E-02 -1.5405E-02
  1.5192E+03  2.8839E-02 -1.5409E-02
  1.5206E+03  2.9029E-02 -1.5412E-02
  1.5221E+03  2.8962E-02 -1.5414E-02
  1.5235E+03  2.8542E-02 -1.5418E-02
  1.5250E+03  2.7952E-02 -1.5422E-02
  1.5264E+03  2.7661E-02 -1.5426E-02
  1.5278E+03  2.7928E-02 -1.5429E-02
  1.5293E+03  2.8458E-02 -1.5432E-02
  1.5307E+03  2.8776E-02 -1.5437E-02
  1.5322E+03  2.8770E-02 -1.5442E-02
  1.5336E+03  2.8662E-02 -1.5446E-02
  1.5350E+03  2.8582E-02 -1.5452E-02
  1.5365E+03  2.8491E-02 -1.5459E-02
  1.5379E+03  2.8340E-02 -1.5464E-02
  1.5394E+03  2.8133E-02 -1.5466E-02
  1.5408E+03  2.7921E-02 -1.5467E-02
  1.5422E+03  2.7824E-02 -1.5469E-02
  1.5437E+03  2.7947E-02 -1.5471E-02
  1.5451E+03  2.8232E-02 -1.5475E-02
  1.5466E+03  2.8483E-02 -1.5480E-02
  1.5480E+03  2.8496E-02 -1.5485E-02
  1.5494E+03  2.8212E-02 -1.5490E-02
  1.5509E+03  2.7840E-02 -1.5494E-02
  1.5523E+03  2.7726E-02 -1.5498E-02
  1.5538E+03  2.7919E-02 -1.5502E-02
  1.5552E+03  2.8102E-02 -1.5505E-02
  1.5566E+03  2.8059E-02 -1.5506E-02
  1.5581E+03  2.7974E-02 -1.5508E-02
  1.5595E+03  2.8070E-02 -1.5510E-02
  1.5610E+03  2.8239E-02 -1.5512E-02
  1.5624E+03  2.8255E-02 -1.5514E-02
  1.5638E+03  2.8093E-02 -1.5517E-02
  1.5653E+03  2.7886E-02 -1.5523E-02
  1.5667E+03  2.7703E-02 -1.5529E-02
  1.5682E+03  2.7561E-02 -1.5534E-02
  1.5696E+03  2.7560E-02 -1.5536E-02
  1.5710E+03  2.7783E-02 -1.5537E-02
  1.5725E+03  2.8087E-02 -1.5541E-02
  1.5739E+03  2.8171E-02 -1.5547E-02
  1.5754E+03  2.7945E-02 -1.5552E-02
  1.5768E+03  2.7622E-02 -1.5553E-02
  1.5782E+03  2.7473E-02 -1.5553E-02
  1.5797E+03  2.7555E-02 -1.5556E-02
  1.5811E+03  2.7762E-02 -1.5561E-02
  1.5826E+03  2.8009E-02 -1.5566E-02
  1.5840E+03  2.8257E-02 -1.5570E-02
  1.5854E+03  2.8377E-02 -1.5576E-02
  1.5869E+03  2.8142E-02 -1.5581E-02
  1.5883E+03  2.7543E-02 -1.5586E-02
  1.5898E+03  2.6939E-02 -1.5589E-02
  1.5912E+03  2.6788E-02 -1.5591E-02
  1.5926E+03  2.7247E-02 -1.5593E-02
  1.5941E+03  2.8040E-02 -1.5597E-02
  1.5955E+03  2.8599E-02 -1.5604E-02
  1.5970E+03  2.8479E-02 -1.5611E-02
  1.5984E+03  2.7752E-02 -1.5617E-02
  1.5998E+03  2.6972E-02 -1.5620E-02
  1.6013E+03  2.6713E-02 -1.5619E-02
  1.6027E+03  2.7083E-02 -1.5619E-02
  1.6042E+03  2.7650E-02 -1.5625E-02
  1.6056E+03  2.7891E-02 -1.5636E-02
  1.6070E+03  2.7748E-02 -1.5647E-02
  1.6085E+03  2.7538E-02 -1.5652E-02
  1.6099E+03  2.7439E-02 -1.5650E-02
  1.6114E+03  2.7379E-02 -1.5647E-02
  1.6128E+03  2.7338E-02 -1.5646E-02
  1.6142E+03  2.7373E-02 -1.5648E-02
  1.6157E+03  2.7407E-02 -1.5653E-02
  1.6171E+03  2.7288E-02 -1.5662E-02
  1.6186E+03  2.7047E-02 -1.5668E-02
  1.6200E+03  2.6871E-02 -1.5671E-02
  1.6214E+03  2.6832E-02 -1.5673E-02
  1.6229E+03  2.6848E-02 -1.5675E-02
  1.6243E+03  2.6963E-02 -1.5680E-02
  1.6258E+03  2.7336E-02 -1.5688E-02
  1.6272E+03  2.7831E-02 -1.5698E-02
  1.6286E+03  2.7956E-02 -1.5707E-02
  1.6301E+03  2.7449E-02 -1.5712E-02
  1.6315E+03  2.6638E-02 -1.5713E-02
  1.6330E+03  2.6171E-02 -1.5715E-02
  1.6344E+03  2.6414E-02 -1.5719E-02
  1.6358E+03  2.7120E-02 -1.5723E-02
  1.6373E+03  2.7673E-02 -1.5727E-02
  1.6387E+03  2.7743E-02 -1.5732E-02
  1.6402E+03  2.7489E-02 -1.5736E-02
  1.6416E+03  2.7163E-02 -1.5740E-02
  1.6430E+03  2.6893E-02 -1.5746E-02
  1.6445E+03  2.6811E-02 -1.5752E-02
  1.6459E+03  2.7000E-02 -1.5759E-02
  1.6474E+03  2.7281E-02 -1.5765E-02
  1.6488E+03  2.7399E-02 -1.5771E-02
  1.6502E+03  2.7311E-02 -1.5774E-02
  1.6517E+03  2.7170E-02 -1.5775E-02
  1.6531E+03  2.7067E-02 -1.5777E-02
  1.6546E+03  2.6970E-02 -1.5780E-02
  1.6560E+03  2.6849E-02 -1.5784E-02
  1.6574E+03  2.6724E-02 -1.5788E-02
  1.6589E+03  2.6656E-02 -1.5793E-02
  1.6603E+03  2.6781E-02 -1.5798E-02
  1.6618E+03  2.7181E-02 -1.5803E-02
  1.6632E+03  2.7585E-02 -1.5808E-02
  1.6646E+03  2.7512E-02 -1.5812E-02
  1.6661E+03  2.6933E-02 -1.5815E-02
  1.6675E+03  2.6412E-02 -1.5818E-02
  1.6690E+03  2.6435E-02 -1.5823E-02
  1.6704E+03  2.6906E-02 -1.5829E-02
  1.6718E+03  2.7386E-02 -1.5834E-02
  1.6733E+03  2.7536E-02 -1.5837E-02
  1.6747E+03  2.7355E-02 -1.5842E-02
  1.6762E+03  2.7111E-02 -1.5848E-02
  1.6776E+03  2.7033E-02 -1.5852E-02
  1.6790E+03  2.7098E-02 -1.5855E-02
  1.6805E+03  2.7191E-02 -1.5859E-02
  1.6819E+03  2.7300E-02 -1.5863E-02
  1.6834E+03  2.7381E-02 -1.5869E-02
  1.6848E+03  2.7272E-02 -1.5876E-02
  1.6862E+03  2.6931E-02 -1.5882E-02
  1.6877E+03  2.6656E-02 -1.5885E-02
  1.6891E+03  2.6785E-02 -1.5888E-02
  1.6906E+03  2.7263E-02 -1.5894E-02
  1.6920E+03  2.7682E-02 -1.5903E-02
  1.6934E+03  2.7692E-02 -1.5911E-02
  1.6949E+03  2.7265E-02 -1.5917E-02
  1.6963E+03  2.6723E-02 -1.5920E-02
  1.6978E+03  2.6556E-02 -1.5921E-02
  1.6992E+03  2.6947E-02 -1.5923E-02
  1.7006E+03  2.7480E-02 -1.5927E-02
  1.7021E+03  2.7569E-02 -1.5933E-02
  1.7035E+03  2.7188E-02 -1.5938E-02
  1.7050E+03  2.6814E-02 -1.5942E-02
  1.7064E+03  2.6777E-02 -1.5947E-02
  1.7078E+03  2.6954E-02 -1.5952E-02
  1.7093E+03  2.7057E-02 -1.5957E-02
  1.7107E+03  2.6964E-02 -1.5960E-02
  1.7122E+03  2.6808E-02 -1.5963E-02
  1.7136E+03  2.6831E-02 -1.5969E-02
  1.7150E+03  2.7067E-02 -1.5975E-02
  1.7165E+03  2.7269E-02 -1.5982E-02
  1.7179E+03  2.7228E-02 -1.5988E-02
  1.7194E+03  2.7049E-02 -1.5993E-02
  1.7208E+03  2.6976E-02 -1.5997E-02
  1.7222E+03  2.7083E-02 -1.6003E-02
  1.7237E+03  2.7241E-02 -1.6010E-02
  1.7251E+03  2.7268E-02 -1.6017E-02
  1.7266E+03  2.7099E-02 -1.6023E-02
  1.7280E+03  2.6868E-02 -1.6027E-02
  1.7294E+03  2.6833E-02 -1.6032E-02
  1.7309E+03  2.7079E-02 -1.6036E-02
  1.7323E+03  2.7382E-02 -1.6042E-02
  1.7338E+03  2.7486E-02 -1.6049E-02
  1.7352E+03  2.7403E-02 -1.6057E-02
  1.7366E+03  2.7282E-02 -1.6066E-02
  1.7381E+03  2.7131E-02 -1.6074E-02
  1.7395E+03  2.6942E-02 -1.6078E-02
  1.7410E+03  2.6878E-02 -1.6077E-02
  1.7424E+03  2.7049E-02 -1.6077E-02
  1.7438E+03  2.7234E-02 -1.6082E-02
  1.7453E+03  2.7172E-02 -1.6090E-02
  1.7467E+03  2.6953E-02 -1.6097E-02
  1.7482E+03  2.6891E-02 -1.6099E-02
  1.7496E+03  2.7055E-02 -1.6099E-02
  1.7510E+03  2.7145E-02 -1.6102E-02
  1.7525E+03  2.6882E-02 -1.6108E-02
  1.7539E+03  2.6442E-02 -1.6115E-02
  1.7554E+03  2.6324E-02 -1.6122E-02
  1.7568E+03  2.6738E-02 -1.6129E-02
  1.7582E+03  2.7337E-02 -1.6135E-02
  1.7597E+03  2.7596E-02 -1.6141E-02
  1.7611E+03  2.7330E-02 -1.6148E-02
  1.7626E+03  2.6809E-02 -1.6156E-02
  1.7640E+03  2.6468E-02 -1.6162E-02
  1.7654E+03  2.6533E-02 -1.6165E-02
  1.7669E+03  2.6846E-02 -1.6168E-02
  1.7683E+03  2.7083E-02 -1.6174E-02
  1.7698E+03  2.7086E-02 -1.6183E-02
  1.7712E+03  2.6980E-02 -1.6192E-02
  1.7726E+03  2.6934E-02 -1.6198E-02
  1.7741E+03  2.6902E-02 -1.6202E-02
  1.7755E+03  2.6745E-02 -1.6206E-02
  1.7770E+03  2.6579E-02 -1.6212E-02
  1.7784E+03  2.6713E-02 -1.6218E-02
  1.7798E+03  2.7153E-02 -1.6225E-02
  1.7813E+03  2.7481E-02 -1.6231E-02
  1.7827E+03  2.7324E-02 -1.6236E-02
  1.7842E+03  2.6834E-02 -1.6241E-02
  1.7856E+03  2.6506E-02 -1.6244E-02
  1.7870E+03  2.6597E-02 -1.6248E-02
  1.7885E+03  2.6890E-02 -1.6253E-02
  1.7899E+03  2.7077E-02 -1.6259E-02
  1.7914E+03  2.7129E-02 -1.6266E-02
  1.7928E+03  2.7141E-02 -1.6273E-02
  1.7942E+03  2.7109E-02 -1.6278E-02
  1.7957E+03  2.7032E-02 -1.6282E-02
  1.7971E+03  2.7004E-02 -1.6286E-02
  1.7986E+03  2.7052E-02 -1.6293E-02
  1.8000E+03  2.7087E-02 -1.6303E-02
  1.8014E+03  2.7017E-02 -1.6310E-02
  1.8029E+03  2.6830E-02 -1.6312E-02
  1.8043E+03  2.6609E-02 -1.6313E-02
  1.8058E+03  2.6489E-02 -1.6318E-02
  1.8072E+03  2.6570E-02 -1.6326E-02
  1.8086E+03  2.6825E-02 -1.6334E-02
  1.8101E+03  2.7120E-02 -1.6341E-02
  1.8115E+03  2.7311E-02 -1.6346E-02
  1.8130E+03  2.7323E-02 -1.6353E-02
  1.8144E+03  2.7140E-02 -1.6362E-02
  1.8158E+03  2.6815E-02 -1.6371E-02
  1.8173E+03  2.6479E-02 -1.6376E-02
  1.8187E+03  2.6267E-02 -1.6379E-02
  1.8202E+03  2.6226E-02 -1.6380E-02
  1.8216E+03  2.6356E-02 -1.6381E-02
  1.8230E+03  2.6635E-02 -1.6384E-02
  1.8245E+03  2.6912E-02 -1.6389E-02
  1.8259E+03  2.7012E-02 -1.6398E-02
  1.8274E+03  2.6948E-02 -1.6407E-02
  1.8288E+03  2.6834E-02 -1.6414E-02
  1.8302E+03  2.6647E-02 -1.6422E-02
  1.8317E+03  2.6321E-02 -1.6430E-02
  1.8331E+03  2.5994E-02 -1.6437E-02
  1.8346E+03  2.5899E-02 -1.6441E-02
  1.8360E+03  2.6107E-02 -1.6443E-02
  1.8374E+03  2.6483E-02 -1.6446E-02
  1.8389E+03  2.6837E-02 -1.6450E-02
  1.8403E+03  2.6979E-02 -1.6457E-02
  1.8418E+03  2.6819E-02 -1.6466E-02
  1.8432E+03  2.6464E-02 -1.6475E-02
  1.8446E+03  2.6178E-02 -1.6483E-02
  1.8461E+03  2.6117E-02 -1.6490E-02
  1.8475E+03  2.6210E-02 -1.6495E-02
  1.8490E+03  2.6322E-02 -1.6498E-02
  1.8504E+03  2.6385E-02 -1.6500E-02
  1.8518E+03  2.6408E-02 -1.6504E-02
  1.8533E+03  2.6450E-02 -1.6511E-02
  1.8547E+03  2.6545E-02 -1.6519E-02
  1.8562E+03  2.6554E-02 -1.6528E-02
  1.8576E+03  2.6325E-02 -1.6536E-02
  1.8590E+03  2.5991E-02 -1.6544E-02
  1.8605E+03  2.5872E-02 -1.6550E-02
  1.8619E+03  2.6068E-02 -1.6554E-02
  1.8634E+03  2.6367E-02 -1.6559E-02
  1.8648E+03  2.6535E-02 -1.6564E-02
  1.8662E+03  2.6475E-02 -1.6569E-02
  1.8677E+03  2.6224E-02 -1.6576E-02
  1.8691E+03  2.5941E-02 -1.6582E-02
  1.8706E+03  2.5831E-02 -1.6588E-02
  1.8720E+03  2.5952E-02 -1.6593E-02
  1.8734E+03  2.6185E-02 -1.6598E-02
  1.8749E+03  2.6403E-02 -1.6606E-02
  1.8763E+03  2.6528E-02 -1.6614E-02
  1.8778E+03  2.6455E-02 -1.6622E-02
  1.8792E+03  2.6153E-02 -1.6628E-02
  1.8806E+03  2.5837E-02 -1.6631E-02
  1.8821E+03  2.5773E-02 -1.6633E-02
  1.8835E+03  2.5968E-02 -1.6636E-02
  1.8850E+03  2.6236E-02 -1.6643E-02
  1.8864E+03  2.6427E-02 -1.6651E-02
  1.8878E+03  2.6426E-02 -1.6659E-02
  1.8893E+03  2.6156E-02 -1.6666E-02
  1.8907E+03  2.5780E-02 -1.6671E-02
  1.8922E+03  2.5657E-02 -1.6673E-02
  1.8936E+03  2.5926E-02 -1.6679E-02
  1.8950E+03  2.6269E-02 -1.6688E-02
  1.8965E+03  2.6257E-02 -1.6697E-02
  1.8979E+03  2.5844E-02 -1.6704E-02
  1.8994E+03  2.5440E-02 -1.6709E-02
  1.9008E+03  2.5476E-02 -1.6714E-02
  1.9022E+03  2.5938E-02 -1.6720E-02
  1.9037E+03  2.6380E-02 -1.6726E-02
  1.9051E+03  2.6420E-02 -1.6732E-02
  1.9066E+03  2.6125E-02 -1.6739E-02
  1.9080E+03  2.5815E-02 -1.6747E-02
  1.9094E+03  2.5653E-02 -1.6754E-02
  1.9109E+03  2.5605E-02 -1.6758E-02
  1.9123E+03  2.5660E-02 -1.6760E-02
  1.9138E+03  2.5806E-02 -1.6763E-02
  1.9152E+03  2.5927E-02 -1.6769E-02
  1.9166E+03  2.5940E-02 -1.6777E-02
  1.9181E+03  2.5899E-02 -1.6784E-02
  1.9195E+03  2.5850E-02 -1.6789E-02
  1.9210E+03  2.5728E-02 -1.6794E-02
  1.9224E+03  2.5540E-02 -1.6799E-02
  1.9238E+03  2.5445E-02 -1.6804E-02
  1.9253E+03  2.5553E-02 -1.6810E-02
  1.9267E+03  2.5776E-02 -1.6817E-02
  1.9282E+03  2.5956E-02 -1.6825E-02
  1.9296E+03  2.6011E-02 -1.6831E-02
  1.9310E+03  2.5900E-02 -1.6836E-02
  1.9325E+03  2.5642E-02 -1.6841E-02
  1.9339E+03  2.5384E-02 -1.6845E-02
  1.9354E+03  2.5324E-02 -1.6849E-02
  1.9368E+03  2.5472E-02 -1.6855E-02
  1.9382E+03  2.5592E-02 -1.6862E-02
  1.9397E+03  2.5481E-02 -1.6870E-02
  1.9411E+03  2.5284E-02 -1.6876E-02
  1.9426E+03  2.5354E-02 -1.6881E-02
  1.9440E+03  2.5753E-02 -1.6889E-02
  1.9454E+03  2.6074E-02 -1.6898E-02
  1.9469E+03  2.5929E-02 -1.6907E-02
  1.9483E+03  2.5458E-02 -1.6914E-02
  1.9498E+03  2.5112E-02 -1.6918E-02
  1.9512E+03  2.5084E-02 -1.6922E-02
  1.9526E+03  2.5193E-02 -1.6925E-02
  1.9541E+03  2.5275E-02 -1.6930E-02
  1.9555E+03  2.5394E-02 -1.6936E-02
  1.9570E+03  2.5600E-02 -1.6944E-02
  1.9584E+03  2.5739E-02 -1.6951E-02
  1.9598E+03  2.5654E-02 -1.6956E-02
  1.9613E+03  2.5427E-02 -1.6962E-02
  1.9627E+03  2.5252E-02 -1.6969E-02
  1.9642E+03  2.5195E-02 -1.6978E-02
  1.9656E+03  2.5198E-02 -1.6986E-02
  1.9670E+03  2.5241E-02 -1.6990E-02
  1.9685E+03  2.5350E-02 -1.6994E-02
  1.9699E+03  2.5462E-02 -1.6998E-02
  1.9714E+03  2.5456E-02 -1.7004E-02
  1.9728E+03  2.5345E-02 -1.7009E-02
  1.9742E+03  2.5273E-02 -1.7013E-02
  1.9757E+03  2.5245E-02 -1.7018E-02
  1.9771E+03  2.5133E-02 -1.7026E-02
  1.9786E+03  2.4981E-02 -1.7034E-02
  1.9800E+03  2.5002E-02 -1.7040E-02
  1.9814E+03  2.5214E-02 -1.7045E-02
  1.9829E+03  2.5339E-02 -1.7052E-02
  1.9843E+03  2.5159E-02 -1.7057E-02
  1.9858E+03  2.4782E-02 -1.7060E-02
  1.9872E+03  2.4526E-02 -1.7063E-02
  1.9886E+03  2.4583E-02 -1.7069E-02
  1.9901E+03  2.4884E-02 -1.7075E-02
  1.9915E+03  2.5208E-02 -1.7082E-02
  1.9930E+03  2.5369E-02 -1.7090E-02
  1.9944E+03  2.5269E-02 -1.7098E-02
  1.9958E+03  2.4943E-02 -1.7106E-02
  1.9973E+03  2.4616E-02 -1.7114E-02
  1.9987E+03  2.4557E-02 -1.7121E-02
  2.0000E+03  2.4775E-02 -1.7126E-02
