# CREATED BY GENE DIAGNOSTICS TOOL on Wed Mar 10 12:14:08 2021
# diag: timetrace, run(s): 0011, time window: 0-2000(1390 steps), species: ions
# original data path: /marconi_scratch/userexternal/cmoreno0/GAMZF_convergence/lhd_surface/scanfiles0002/
# normalization: L_ref=1.65m
#
#  t          Re[phi]     Im[phi]   
  0.0000E+00  9.9997E-01  0.0000E+00
  1.4400E+00  8.4368E-01 -3.0100E-03
  2.8800E+00  6.4597E-01 -5.4619E-03
  4.3200E+00  4.3765E-01 -6.8054E-03
  5.7600E+00  2.8042E-01 -6.8004E-03
  7.2000E+00  1.8010E-01 -5.7400E-03
  8.6400E+00  1.2296E-01 -4.2253E-03
  1.0080E+01  9.2297E-02 -2.7797E-03
  1.1520E+01  7.5982E-02 -1.6758E-03
  1.2960E+01  6.6917E-02 -9.5241E-04
  1.4400E+01  6.1566E-02 -5.0030E-04
  1.5840E+01  5.8710E-02 -2.6930E-04
  1.7280E+01  5.8251E-02 -4.0925E-04
  1.8720E+01  5.9737E-02 -1.0482E-03
  2.0160E+01  6.1213E-02 -2.0624E-03
  2.1600E+01  6.0181E-02 -2.9977E-03
  2.3040E+01  5.3963E-02 -3.3987E-03
  2.4480E+01  4.2560E-02 -2.9841E-03
  2.5920E+01  2.6808E-02 -1.8485E-03
  2.7360E+01  9.3130E-03 -2.7320E-04
  2.8800E+01 -6.8190E-03  1.3352E-03
  3.0240E+01 -1.9358E-02  2.6558E-03
  3.1680E+01 -2.6643E-02  3.5077E-03
  3.3120E+01 -2.9262E-02  3.7519E-03
  3.4560E+01 -2.7833E-02  3.4518E-03
  3.6000E+01 -2.2670E-02  2.8399E-03
  3.7440E+01 -1.4950E-02  2.0884E-03
  3.8880E+01 -6.8966E-03  1.1966E-03
  4.0320E+01  1.6042E-03  1.8567E-04
  4.1760E+01  1.0462E-02 -6.9694E-04
  4.3200E+01  1.9001E-02 -1.4231E-03
  4.4640E+01  2.5683E-02 -2.0632E-03
  4.6080E+01  3.0729E-02 -2.6521E-03
  4.7520E+01  3.5209E-02 -3.1479E-03
  4.8960E+01  3.9754E-02 -3.5681E-03
  5.0400E+01  4.4841E-02 -3.8756E-03
  5.1840E+01  5.0229E-02 -4.1912E-03
  5.3280E+01  5.4868E-02 -4.4630E-03
  5.4720E+01  5.7888E-02 -4.7706E-03
  5.6160E+01  5.9273E-02 -5.0006E-03
  5.7600E+01  5.9921E-02 -5.2250E-03
  5.9040E+01  6.0586E-02 -5.3816E-03
  6.0480E+01  6.2084E-02 -5.4206E-03
  6.1920E+01  6.4239E-02 -5.3653E-03
  6.3360E+01  6.5800E-02 -5.1782E-03
  6.4800E+01  6.5995E-02 -4.8622E-03
  6.6240E+01  6.4971E-02 -4.4674E-03
  6.7680E+01  6.2741E-02 -4.0984E-03
  6.9120E+01  5.9495E-02 -3.8183E-03
  7.0560E+01  5.6214E-02 -3.5415E-03
  7.2000E+01  5.4171E-02 -3.3292E-03
  7.3440E+01  5.3419E-02 -3.2215E-03
  7.4880E+01  5.2915E-02 -3.1274E-03
  7.6320E+01  5.1863E-02 -2.9886E-03
  7.7760E+01  5.0445E-02 -2.8788E-03
  7.9200E+01  4.8661E-02 -2.8461E-03
  8.0640E+01  4.6763E-02 -2.8748E-03
  8.2080E+01  4.4855E-02 -2.8819E-03
  8.3520E+01  4.3559E-02 -2.9398E-03
  8.4960E+01  4.3916E-02 -3.0251E-03
  8.6400E+01  4.5550E-02 -3.1180E-03
  8.7840E+01  4.7084E-02 -3.2230E-03
  8.9280E+01  4.8151E-02 -3.3290E-03
  9.0720E+01  4.9070E-02 -3.4166E-03
  9.2160E+01  4.9493E-02 -3.5371E-03
  9.3600E+01  4.9423E-02 -3.7171E-03
  9.5040E+01  4.8919E-02 -3.8806E-03
  9.6480E+01  4.8839E-02 -4.0279E-03
  9.7920E+01  4.9413E-02 -4.2620E-03
  9.9360E+01  5.0143E-02 -4.5223E-03
  1.0080E+02  5.0374E-02 -4.7751E-03
  1.0224E+02  4.9973E-02 -4.9837E-03
  1.0368E+02  4.9186E-02 -5.0941E-03
  1.0512E+02  4.9139E-02 -5.0691E-03
  1.0656E+02  5.0035E-02 -5.0092E-03
  1.0800E+02  5.1728E-02 -4.9662E-03
  1.0944E+02  5.3719E-02 -4.9161E-03
  1.1088E+02  5.5234E-02 -4.8854E-03
  1.1232E+02  5.5357E-02 -4.8903E-03
  1.1376E+02  5.4975E-02 -5.0011E-03
  1.1520E+02  5.4896E-02 -5.1964E-03
  1.1664E+02  5.4790E-02 -5.3577E-03
  1.1808E+02  5.4728E-02 -5.5348E-03
  1.1952E+02  5.4526E-02 -5.7363E-03
  1.2096E+02  5.4145E-02 -5.8580E-03
  1.2240E+02  5.3778E-02 -5.9272E-03
  1.2384E+02  5.4161E-02 -5.9283E-03
  1.2528E+02  5.5847E-02 -5.8675E-03
  1.2672E+02  5.8322E-02 -5.7807E-03
  1.2816E+02  5.9845E-02 -5.6649E-03
  1.2960E+02  5.9438E-02 -5.5744E-03
  1.3104E+02  5.7340E-02 -5.5317E-03
  1.3248E+02  5.4556E-02 -5.5153E-03
  1.3392E+02  5.2602E-02 -5.5188E-03
  1.3536E+02  5.2132E-02 -5.6009E-03
  1.3680E+02  5.3153E-02 -5.7597E-03
  1.3824E+02  5.4039E-02 -5.9226E-03
  1.3968E+02  5.4226E-02 -6.0724E-03
  1.4112E+02  5.4138E-02 -6.1289E-03
  1.4256E+02  5.4625E-02 -6.1116E-03
  1.4400E+02  5.5495E-02 -6.0836E-03
  1.4544E+02  5.5644E-02 -6.0062E-03
  1.4688E+02  5.4627E-02 -5.9225E-03
  1.4832E+02  5.3337E-02 -5.8462E-03
  1.4976E+02  5.2537E-02 -5.7968E-03
  1.5120E+02  5.2397E-02 -5.8250E-03
  1.5264E+02  5.2656E-02 -5.9222E-03
  1.5408E+02  5.2969E-02 -6.1086E-03
  1.5552E+02  5.2669E-02 -6.3593E-03
  1.5696E+02  5.1632E-02 -6.6561E-03
  1.5840E+02  5.0812E-02 -6.9234E-03
  1.5984E+02  5.1428E-02 -7.1451E-03
  1.6128E+02  5.3543E-02 -7.2885E-03
  1.6272E+02  5.5269E-02 -7.3875E-03
  1.6416E+02  5.5201E-02 -7.4555E-03
  1.6560E+02  5.3676E-02 -7.4618E-03
  1.6704E+02  5.2105E-02 -7.4345E-03
  1.6848E+02  5.1463E-02 -7.3534E-03
  1.6992E+02  5.1715E-02 -7.2247E-03
  1.7136E+02  5.2161E-02 -7.0847E-03
  1.7280E+02  5.2088E-02 -6.9466E-03
  1.7424E+02  5.1699E-02 -6.7875E-03
  1.7568E+02  5.1733E-02 -6.7364E-03
  1.7712E+02  5.1775E-02 -6.8014E-03
  1.7856E+02  5.1476E-02 -6.8783E-03
  1.8000E+02  5.1560E-02 -7.0077E-03
  1.8144E+02  5.2549E-02 -7.1801E-03
  1.8288E+02  5.4005E-02 -7.3037E-03
  1.8432E+02  5.4878E-02 -7.3830E-03
  1.8576E+02  5.4395E-02 -7.4209E-03
  1.8720E+02  5.2763E-02 -7.4098E-03
  1.8864E+02  5.1003E-02 -7.4078E-03
  1.9008E+02  5.0851E-02 -7.4305E-03
  1.9152E+02  5.3114E-02 -7.4702E-03
  1.9296E+02  5.6140E-02 -7.5400E-03
  1.9440E+02  5.7621E-02 -7.6056E-03
  1.9584E+02  5.7060E-02 -7.7262E-03
  1.9728E+02  5.5939E-02 -7.8736E-03
  1.9872E+02  5.5445E-02 -8.0183E-03
  2.0016E+02  5.5494E-02 -8.1080E-03
  2.0160E+02  5.5307E-02 -8.1856E-03
  2.0304E+02  5.4282E-02 -8.2299E-03
  2.0448E+02  5.2973E-02 -8.2379E-03
  2.0592E+02  5.2546E-02 -8.2114E-03
  2.0736E+02  5.3690E-02 -8.1343E-03
  2.0880E+02  5.5990E-02 -8.0370E-03
  2.1024E+02  5.8215E-02 -7.9481E-03
  2.1168E+02  5.9481E-02 -7.8829E-03
  2.1312E+02  5.9371E-02 -7.8968E-03
  2.1456E+02  5.7749E-02 -7.9400E-03
  2.1600E+02  5.5800E-02 -8.0151E-03
  2.1744E+02  5.4969E-02 -8.1209E-03
  2.1888E+02  5.5502E-02 -8.2118E-03
  2.2032E+02  5.6402E-02 -8.2703E-03
  2.2176E+02  5.7072E-02 -8.3489E-03
  2.2320E+02  5.8034E-02 -8.4386E-03
  2.2464E+02  5.9020E-02 -8.5496E-03
  2.2608E+02  5.9451E-02 -8.6669E-03
  2.2752E+02  5.9002E-02 -8.7532E-03
  2.2896E+02  5.8177E-02 -8.7869E-03
  2.3040E+02  5.7299E-02 -8.7775E-03
  2.3184E+02  5.6034E-02 -8.7304E-03
  2.3328E+02  5.4481E-02 -8.7280E-03
  2.3472E+02  5.3471E-02 -8.7782E-03
  2.3616E+02  5.3624E-02 -8.8465E-03
  2.3760E+02  5.4614E-02 -8.9306E-03
  2.3904E+02  5.5328E-02 -9.0193E-03
  2.4048E+02  5.5130E-02 -9.0746E-03
  2.4192E+02  5.4202E-02 -9.1417E-03
  2.4336E+02  5.3292E-02 -9.1941E-03
  2.4480E+02  5.2866E-02 -9.2139E-03
  2.4624E+02  5.2823E-02 -9.2433E-03
  2.4768E+02  5.2970E-02 -9.2621E-03
  2.4912E+02  5.2761E-02 -9.2327E-03
  2.5056E+02  5.1930E-02 -9.1836E-03
  2.5200E+02  5.0830E-02 -9.1353E-03
  2.5344E+02  5.0630E-02 -9.0688E-03
  2.5488E+02  5.2004E-02 -9.0284E-03
  2.5632E+02  5.4130E-02 -9.0508E-03
  2.5776E+02  5.5327E-02 -9.0944E-03
  2.5920E+02  5.4740E-02 -9.1697E-03
  2.6064E+02  5.2867E-02 -9.2532E-03
  2.6208E+02  5.1095E-02 -9.3189E-03
  2.6352E+02  5.0337E-02 -9.3807E-03
  2.6496E+02  5.0663E-02 -9.3972E-03
  2.6640E+02  5.1266E-02 -9.4021E-03
  2.6784E+02  5.0946E-02 -9.4239E-03
  2.6928E+02  4.9515E-02 -9.4521E-03
  2.7072E+02  4.8003E-02 -9.4872E-03
  2.7216E+02  4.7433E-02 -9.5168E-03
  2.7360E+02  4.7614E-02 -9.5352E-03
  2.7504E+02  4.7800E-02 -9.5499E-03
  2.7648E+02  4.7945E-02 -9.5738E-03
  2.7792E+02  4.8373E-02 -9.6212E-03
  2.7936E+02  4.8581E-02 -9.6988E-03
  2.8080E+02  4.7503E-02 -9.8001E-03
  2.8224E+02  4.5157E-02 -9.8715E-03
  2.8368E+02  4.2823E-02 -9.8874E-03
  2.8512E+02  4.2077E-02 -9.8681E-03
  2.8656E+02  4.3301E-02 -9.8481E-03
  2.8800E+02  4.5492E-02 -9.8490E-03
  2.8944E+02  4.7256E-02 -9.9069E-03
  2.9088E+02  4.7599E-02 -9.9897E-03
  2.9232E+02  4.6543E-02 -1.0082E-02
  2.9376E+02  4.4738E-02 -1.0164E-02
  2.9520E+02  4.3053E-02 -1.0229E-02
  2.9664E+02  4.2399E-02 -1.0266E-02
  2.9808E+02  4.3209E-02 -1.0294E-02
  2.9952E+02  4.4858E-02 -1.0336E-02
  3.0096E+02  4.6110E-02 -1.0379E-02
  3.0240E+02  4.6522E-02 -1.0427E-02
  3.0384E+02  4.6710E-02 -1.0502E-02
  3.0528E+02  4.7584E-02 -1.0601E-02
  3.0672E+02  4.8948E-02 -1.0707E-02
  3.0816E+02  4.9720E-02 -1.0815E-02
  3.0960E+02  4.9044E-02 -1.0883E-02
  3.1104E+02  4.7481E-02 -1.0895E-02
  3.1248E+02  4.6444E-02 -1.0876E-02
  3.1392E+02  4.6912E-02 -1.0828E-02
  3.1536E+02  4.8792E-02 -1.0754E-02
  3.1680E+02  5.0737E-02 -1.0704E-02
  3.1824E+02  5.1250E-02 -1.0670E-02
  3.1968E+02  4.9814E-02 -1.0651E-02
  3.2112E+02  4.7043E-02 -1.0627E-02
  3.2256E+02  4.4316E-02 -1.0595E-02
  3.2400E+02  4.3157E-02 -1.0580E-02
  3.2544E+02  4.4299E-02 -1.0626E-02
  3.2688E+02  4.6679E-02 -1.0708E-02
  3.2832E+02  4.8584E-02 -1.0804E-02
  3.2976E+02  4.8960E-02 -1.0869E-02
  3.3120E+02  4.7986E-02 -1.0893E-02
  3.3264E+02  4.6435E-02 -1.0869E-02
  3.3408E+02  4.5033E-02 -1.0821E-02
  3.3552E+02  4.4298E-02 -1.0796E-02
  3.3696E+02  4.4725E-02 -1.0796E-02
  3.3840E+02  4.6213E-02 -1.0832E-02
  3.3984E+02  4.7934E-02 -1.0898E-02
  3.4128E+02  4.8723E-02 -1.0958E-02
  3.4272E+02  4.7879E-02 -1.1002E-02
  3.4416E+02  4.6144E-02 -1.1030E-02
  3.4560E+02  4.5163E-02 -1.1073E-02
  3.4704E+02  4.5768E-02 -1.1136E-02
  3.4848E+02  4.6913E-02 -1.1225E-02
  3.4992E+02  4.7372E-02 -1.1320E-02
  3.5136E+02  4.7364E-02 -1.1399E-02
  3.5280E+02  4.7748E-02 -1.1444E-02
  3.5424E+02  4.8561E-02 -1.1461E-02
  3.5568E+02  4.8952E-02 -1.1466E-02
  3.5712E+02  4.8467E-02 -1.1478E-02
  3.5856E+02  4.7347E-02 -1.1500E-02
  3.6000E+02  4.6242E-02 -1.1513E-02
  3.6144E+02  4.5948E-02 -1.1515E-02
  3.6288E+02  4.6527E-02 -1.1493E-02
  3.6432E+02  4.7031E-02 -1.1471E-02
  3.6576E+02  4.6545E-02 -1.1460E-02
  3.6720E+02  4.5718E-02 -1.1472E-02
  3.6864E+02  4.6068E-02 -1.1504E-02
  3.7008E+02  4.7786E-02 -1.1553E-02
  3.7152E+02  4.9336E-02 -1.1610E-02
  3.7296E+02  4.9417E-02 -1.1657E-02
  3.7440E+02  4.8454E-02 -1.1687E-02
  3.7584E+02  4.7657E-02 -1.1704E-02
  3.7728E+02  4.7642E-02 -1.1710E-02
  3.7872E+02  4.7994E-02 -1.1709E-02
  3.8016E+02  4.7992E-02 -1.1705E-02
  3.8160E+02  4.7397E-02 -1.1710E-02
  3.8304E+02  4.6864E-02 -1.1726E-02
  3.8448E+02  4.7005E-02 -1.1738E-02
  3.8592E+02  4.7537E-02 -1.1754E-02
  3.8736E+02  4.7675E-02 -1.1776E-02
  3.8880E+02  4.7207E-02 -1.1795E-02
  3.9024E+02  4.6585E-02 -1.1826E-02
  3.9168E+02  4.6638E-02 -1.1856E-02
  3.9312E+02  4.7892E-02 -1.1880E-02
  3.9456E+02  4.9814E-02 -1.1912E-02
  3.9600E+02  5.0818E-02 -1.1950E-02
  3.9744E+02  4.9778E-02 -1.1987E-02
  3.9888E+02  4.7599E-02 -1.2013E-02
  4.0032E+02  4.6058E-02 -1.2012E-02
  4.0176E+02  4.5971E-02 -1.1990E-02
  4.0320E+02  4.6873E-02 -1.1962E-02
  4.0464E+02  4.8385E-02 -1.1957E-02
  4.0608E+02  5.0282E-02 -1.2007E-02
  4.0752E+02  5.1737E-02 -1.2109E-02
  4.0896E+02  5.1630E-02 -1.2213E-02
  4.1040E+02  4.9967E-02 -1.2290E-02
  4.1184E+02  4.7860E-02 -1.2330E-02
  4.1328E+02  4.6435E-02 -1.2346E-02
  4.1472E+02  4.5960E-02 -1.2364E-02
  4.1616E+02  4.5909E-02 -1.2387E-02
  4.1760E+02  4.5795E-02 -1.2402E-02
  4.1904E+02  4.5771E-02 -1.2416E-02
  4.2048E+02  4.6253E-02 -1.2414E-02
  4.2192E+02  4.7161E-02 -1.2395E-02
  4.2336E+02  4.7726E-02 -1.2374E-02
  4.2480E+02  4.7558E-02 -1.2364E-02
  4.2624E+02  4.7209E-02 -1.2376E-02
  4.2768E+02  4.7467E-02 -1.2408E-02
  4.2912E+02  4.8253E-02 -1.2453E-02
  4.3056E+02  4.8789E-02 -1.2491E-02
  4.3200E+02  4.8579E-02 -1.2517E-02
  4.3344E+02  4.7818E-02 -1.2531E-02
  4.3488E+02  4.6873E-02 -1.2538E-02
  4.3632E+02  4.6032E-02 -1.2547E-02
  4.3776E+02  4.5481E-02 -1.2549E-02
  4.3920E+02  4.5211E-02 -1.2558E-02
  4.4064E+02  4.5329E-02 -1.2573E-02
  4.4208E+02  4.5884E-02 -1.2584E-02
  4.4352E+02  4.6391E-02 -1.2617E-02
  4.4496E+02  4.6052E-02 -1.2670E-02
  4.4640E+02  4.4787E-02 -1.2720E-02
  4.4784E+02  4.3685E-02 -1.2767E-02
  4.4928E+02  4.3841E-02 -1.2804E-02
  4.5072E+02  4.5041E-02 -1.2826E-02
  4.5216E+02  4.5848E-02 -1.2838E-02
  4.5360E+02  4.5265E-02 -1.2833E-02
  4.5504E+02  4.3883E-02 -1.2811E-02
  4.5648E+02  4.3229E-02 -1.2780E-02
  4.5792E+02  4.3960E-02 -1.2751E-02
  4.5936E+02  4.5218E-02 -1.2738E-02
  4.6080E+02  4.5757E-02 -1.2748E-02
  4.6224E+02  4.5409E-02 -1.2778E-02
  4.6368E+02  4.4896E-02 -1.2810E-02
  4.6512E+02  4.4734E-02 -1.2840E-02
  4.6656E+02  4.4767E-02 -1.2874E-02
  4.6800E+02  4.4683E-02 -1.2913E-02
  4.6944E+02  4.4630E-02 -1.2949E-02
  4.7088E+02  4.4988E-02 -1.2981E-02
  4.7232E+02  4.5676E-02 -1.3009E-02
  4.7376E+02  4.6231E-02 -1.3028E-02
  4.7520E+02  4.6326E-02 -1.3057E-02
  4.7664E+02  4.5977E-02 -1.3095E-02
  4.7808E+02  4.5515E-02 -1.3136E-02
  4.7952E+02  4.5196E-02 -1.3162E-02
  4.8096E+02  4.4968E-02 -1.3166E-02
  4.8240E+02  4.4714E-02 -1.3157E-02
  4.8384E+02  4.4391E-02 -1.3156E-02
  4.8528E+02  4.4156E-02 -1.3175E-02
  4.8672E+02  4.4185E-02 -1.3201E-02
  4.8816E+02  4.4548E-02 -1.3219E-02
  4.8960E+02  4.5358E-02 -1.3235E-02
  4.9104E+02  4.6665E-02 -1.3248E-02
  4.9248E+02  4.8010E-02 -1.3270E-02
  4.9392E+02  4.8263E-02 -1.3298E-02
  4.9536E+02  4.6713E-02 -1.3313E-02
  4.9680E+02  4.4041E-02 -1.3314E-02
  4.9824E+02  4.1929E-02 -1.3305E-02
  4.9968E+02  4.1586E-02 -1.3285E-02
  5.0112E+02  4.3056E-02 -1.3268E-02
  5.0256E+02  4.5236E-02 -1.3262E-02
  5.0400E+02  4.6441E-02 -1.3276E-02
  5.0544E+02  4.5653E-02 -1.3307E-02
  5.0688E+02  4.3588E-02 -1.3339E-02
  5.0832E+02  4.1946E-02 -1.3356E-02
  5.0976E+02  4.1606E-02 -1.3360E-02
  5.1120E+02  4.2024E-02 -1.3361E-02
  5.1264E+02  4.2421E-02 -1.3375E-02
  5.1408E+02  4.2730E-02 -1.3403E-02
  5.1552E+02  4.3254E-02 -1.3442E-02
  5.1696E+02  4.3991E-02 -1.3482E-02
  5.1840E+02  4.4525E-02 -1.3506E-02
  5.1984E+02  4.4615E-02 -1.3509E-02
  5.2128E+02  4.4436E-02 -1.3502E-02
  5.2272E+02  4.4308E-02 -1.3499E-02
  5.2416E+02  4.4392E-02 -1.3509E-02
  5.2560E+02  4.4492E-02 -1.3525E-02
  5.2704E+02  4.4324E-02 -1.3546E-02
  5.2848E+02  4.3921E-02 -1.3567E-02
  5.2992E+02  4.3620E-02 -1.3589E-02
  5.3136E+02  4.3747E-02 -1.3615E-02
  5.3280E+02  4.4456E-02 -1.3642E-02
  5.3424E+02  4.5577E-02 -1.3673E-02
  5.3568E+02  4.6516E-02 -1.3707E-02
  5.3712E+02  4.6763E-02 -1.3735E-02
  5.3856E+02  4.6595E-02 -1.3760E-02
  5.4000E+02  4.6537E-02 -1.3779E-02
  5.4144E+02  4.6290E-02 -1.3788E-02
  5.4288E+02  4.5428E-02 -1.3793E-02
  5.4432E+02  4.4564E-02 -1.3798E-02
  5.4576E+02  4.4610E-02 -1.3798E-02
  5.4720E+02  4.5332E-02 -1.3795E-02
  5.4864E+02  4.5610E-02 -1.3792E-02
  5.5008E+02  4.4917E-02 -1.3785E-02
  5.5152E+02  4.3637E-02 -1.3778E-02
  5.5296E+02  4.2426E-02 -1.3774E-02
  5.5440E+02  4.1740E-02 -1.3774E-02
  5.5584E+02  4.2026E-02 -1.3773E-02
  5.5728E+02  4.3399E-02 -1.3767E-02
  5.5872E+02  4.5047E-02 -1.3764E-02
  5.6016E+02  4.5706E-02 -1.3769E-02
  5.6160E+02  4.4826E-02 -1.3782E-02
  5.6304E+02  4.3084E-02 -1.3796E-02
  5.6448E+02  4.1811E-02 -1.3807E-02
  5.6592E+02  4.1936E-02 -1.3813E-02
  5.6736E+02  4.3078E-02 -1.3816E-02
  5.6880E+02  4.4105E-02 -1.3827E-02
  5.7024E+02  4.4518E-02 -1.3847E-02
  5.7168E+02  4.4630E-02 -1.3878E-02
  5.7312E+02  4.4482E-02 -1.3907E-02
  5.7456E+02  4.3801E-02 -1.3926E-02
  5.7600E+02  4.2996E-02 -1.3939E-02
  5.7744E+02  4.3016E-02 -1.3959E-02
  5.7888E+02  4.4014E-02 -1.3983E-02
  5.8032E+02  4.5126E-02 -1.4002E-02
  5.8176E+02  4.5570E-02 -1.4004E-02
  5.8320E+02  4.5263E-02 -1.3993E-02
  5.8464E+02  4.4543E-02 -1.3984E-02
  5.8608E+02  4.3826E-02 -1.3976E-02
  5.8752E+02  4.3473E-02 -1.3973E-02
  5.8896E+02  4.3508E-02 -1.3974E-02
  5.9040E+02  4.3365E-02 -1.3976E-02
  5.9184E+02  4.2622E-02 -1.3989E-02
  5.9328E+02  4.1671E-02 -1.4010E-02
  5.9472E+02  4.1288E-02 -1.4030E-02
  5.9616E+02  4.1571E-02 -1.4039E-02
  5.9760E+02  4.1896E-02 -1.4040E-02
  5.9904E+02  4.1621E-02 -1.4041E-02
  6.0048E+02  4.0777E-02 -1.4044E-02
  6.0192E+02  4.0065E-02 -1.4050E-02
  6.0336E+02  4.0174E-02 -1.4051E-02
  6.0480E+02  4.1101E-02 -1.4046E-02
  6.0624E+02  4.2338E-02 -1.4049E-02
  6.0768E+02  4.3378E-02 -1.4065E-02
  6.0912E+02  4.3652E-02 -1.4081E-02
  6.1056E+02  4.2738E-02 -1.4079E-02
  6.1200E+02  4.1112E-02 -1.4057E-02
  6.1344E+02  4.0096E-02 -1.4032E-02
  6.1488E+02  4.0342E-02 -1.4033E-02
  6.1632E+02  4.1043E-02 -1.4068E-02
  6.1776E+02  4.1323E-02 -1.4116E-02
  6.1920E+02  4.1559E-02 -1.4148E-02
  6.2064E+02  4.2472E-02 -1.4165E-02
  6.2208E+02  4.3649E-02 -1.4177E-02
  6.2352E+02  4.4012E-02 -1.4195E-02
  6.2496E+02  4.3383E-02 -1.4217E-02
  6.2640E+02  4.2624E-02 -1.4237E-02
  6.2784E+02  4.2290E-02 -1.4248E-02
  6.2928E+02  4.2000E-02 -1.4257E-02
  6.3072E+02  4.1336E-02 -1.4264E-02
  6.3216E+02  4.0647E-02 -1.4276E-02
  6.3360E+02  4.0685E-02 -1.4296E-02
  6.3504E+02  4.1628E-02 -1.4320E-02
  6.3648E+02  4.2883E-02 -1.4337E-02
  6.3792E+02  4.3496E-02 -1.4345E-02
  6.3936E+02  4.2992E-02 -1.4343E-02
  6.4080E+02  4.1806E-02 -1.4330E-02
  6.4224E+02  4.0846E-02 -1.4308E-02
  6.4368E+02  4.0795E-02 -1.4292E-02
  6.4512E+02  4.1559E-02 -1.4286E-02
  6.4656E+02  4.2344E-02 -1.4283E-02
  6.4800E+02  4.2331E-02 -1.4278E-02
  6.4944E+02  4.1482E-02 -1.4264E-02
  6.5088E+02  4.0522E-02 -1.4252E-02
  6.5232E+02  4.0171E-02 -1.4252E-02
  6.5376E+02  4.0456E-02 -1.4271E-02
  6.5520E+02  4.0902E-02 -1.4304E-02
  6.5664E+02  4.1085E-02 -1.4338E-02
  6.5808E+02  4.0939E-02 -1.4363E-02
  6.5952E+02  4.0610E-02 -1.4378E-02
  6.6096E+02  4.0195E-02 -1.4390E-02
  6.6240E+02  3.9792E-02 -1.4394E-02
  6.6384E+02  3.9546E-02 -1.4388E-02
  6.6528E+02  3.9494E-02 -1.4377E-02
  6.6672E+02  3.9602E-02 -1.4373E-02
  6.6816E+02  3.9954E-02 -1.4381E-02
  6.6960E+02  4.0641E-02 -1.4404E-02
  6.7104E+02  4.1402E-02 -1.4433E-02
  6.7248E+02  4.1773E-02 -1.4460E-02
  6.7392E+02  4.1522E-02 -1.4476E-02
  6.7536E+02  4.0852E-02 -1.4485E-02
  6.7680E+02  4.0254E-02 -1.4494E-02
  6.7824E+02  4.0049E-02 -1.4501E-02
  6.7968E+02  4.0014E-02 -1.4509E-02
  6.8112E+02  3.9589E-02 -1.4517E-02
  6.8256E+02  3.8463E-02 -1.4521E-02
  6.8400E+02  3.7079E-02 -1.4520E-02
  6.8544E+02  3.6481E-02 -1.4520E-02
  6.8688E+02  3.7395E-02 -1.4532E-02
  6.8832E+02  3.9533E-02 -1.4557E-02
  6.8976E+02  4.1613E-02 -1.4584E-02
  6.9120E+02  4.2347E-02 -1.4603E-02
  6.9264E+02  4.1428E-02 -1.4612E-02
  6.9408E+02  3.9902E-02 -1.4617E-02
  6.9552E+02  3.9176E-02 -1.4616E-02
  6.9696E+02  3.9516E-02 -1.4608E-02
  6.9840E+02  3.9930E-02 -1.4597E-02
  6.9984E+02  3.9790E-02 -1.4586E-02
  7.0128E+02  3.9650E-02 -1.4581E-02
  7.0272E+02  4.0134E-02 -1.4590E-02
  7.0416E+02  4.0931E-02 -1.4611E-02
  7.0560E+02  4.1276E-02 -1.4636E-02
  7.0704E+02  4.0867E-02 -1.4659E-02
  7.0848E+02  4.0065E-02 -1.4677E-02
  7.0992E+02  3.9463E-02 -1.4689E-02
  7.1136E+02  3.9380E-02 -1.4694E-02
  7.1280E+02  3.9683E-02 -1.4692E-02
  7.1424E+02  3.9960E-02 -1.4689E-02
  7.1568E+02  3.9907E-02 -1.4691E-02
  7.1712E+02  3.9504E-02 -1.4695E-02
  7.1856E+02  3.8864E-02 -1.4695E-02
  7.2000E+02  3.8286E-02 -1.4688E-02
  7.2144E+02  3.8355E-02 -1.4681E-02
  7.2288E+02  3.9353E-02 -1.4681E-02
  7.2432E+02  4.0524E-02 -1.4695E-02
  7.2576E+02  4.0679E-02 -1.4718E-02
  7.2720E+02  3.9563E-02 -1.4739E-02
  7.2864E+02  3.7964E-02 -1.4744E-02
  7.3008E+02  3.6809E-02 -1.4732E-02
  7.3152E+02  3.6726E-02 -1.4709E-02
  7.3296E+02  3.7878E-02 -1.4691E-02
  7.3440E+02  3.9612E-02 -1.4691E-02
  7.3584E+02  4.0722E-02 -1.4713E-02
  7.3728E+02  4.0472E-02 -1.4742E-02
  7.3872E+02  3.9268E-02 -1.4762E-02
  7.4016E+02  3.8224E-02 -1.4766E-02
  7.4160E+02  3.8072E-02 -1.4761E-02
  7.4304E+02  3.8641E-02 -1.4758E-02
  7.4448E+02  3.9136E-02 -1.4759E-02
  7.4592E+02  3.9023E-02 -1.4758E-02
  7.4736E+02  3.8607E-02 -1.4757E-02
  7.4880E+02  3.8679E-02 -1.4758E-02
  7.5024E+02  3.9414E-02 -1.4759E-02
  7.5168E+02  4.0151E-02 -1.4760E-02
  7.5312E+02  4.0250E-02 -1.4760E-02
  7.5456E+02  3.9706E-02 -1.4765E-02
  7.5600E+02  3.8920E-02 -1.4778E-02
  7.5744E+02  3.8450E-02 -1.4790E-02
  7.5888E+02  3.8738E-02 -1.4794E-02
  7.6032E+02  3.9422E-02 -1.4796E-02
  7.6176E+02  3.9472E-02 -1.4803E-02
  7.6320E+02  3.8598E-02 -1.4816E-02
  7.6464E+02  3.7771E-02 -1.4828E-02
  7.6608E+02  3.7837E-02 -1.4833E-02
  7.6752E+02  3.8471E-02 -1.4828E-02
  7.6896E+02  3.8995E-02 -1.4818E-02
  7.7040E+02  3.9349E-02 -1.4815E-02
  7.7184E+02  3.9610E-02 -1.4822E-02
  7.7328E+02  3.9361E-02 -1.4834E-02
  7.7472E+02  3.8298E-02 -1.4840E-02
  7.7616E+02  3.7026E-02 -1.4833E-02
  7.7760E+02  3.6482E-02 -1.4819E-02
  7.7904E+02  3.6934E-02 -1.4812E-02
  7.8048E+02  3.7890E-02 -1.4814E-02
  7.8192E+02  3.8759E-02 -1.4819E-02
  7.8336E+02  3.9294E-02 -1.4827E-02
  7.8480E+02  3.9503E-02 -1.4841E-02
  7.8624E+02  3.9223E-02 -1.4862E-02
  7.8768E+02  3.8369E-02 -1.4886E-02
  7.8912E+02  3.7439E-02 -1.4897E-02
  7.9056E+02  3.7259E-02 -1.4893E-02
  7.9200E+02  3.7906E-02 -1.4878E-02
  7.9344E+02  3.8446E-02 -1.4867E-02
  7.9488E+02  3.8123E-02 -1.4861E-02
  7.9632E+02  3.7354E-02 -1.4862E-02
  7.9776E+02  3.7080E-02 -1.4866E-02
  7.9920E+02  3.7632E-02 -1.4867E-02
  8.0064E+02  3.8536E-02 -1.4868E-02
  8.0208E+02  3.9037E-02 -1.4878E-02
  8.0352E+02  3.8706E-02 -1.4901E-02
  8.0496E+02  3.7804E-02 -1.4930E-02
  8.0640E+02  3.7319E-02 -1.4952E-02
  8.0784E+02  3.8100E-02 -1.4956E-02
  8.0928E+02  3.9774E-02 -1.4951E-02
  8.1072E+02  4.0976E-02 -1.4947E-02
  8.1216E+02  4.0866E-02 -1.4949E-02
  8.1360E+02  3.9960E-02 -1.4955E-02
  8.1504E+02  3.9279E-02 -1.4961E-02
  8.1648E+02  3.9153E-02 -1.4967E-02
  8.1792E+02  3.9183E-02 -1.4972E-02
  8.1936E+02  3.9069E-02 -1.4975E-02
  8.2080E+02  3.9032E-02 -1.4974E-02
  8.2224E+02  3.9351E-02 -1.4972E-02
  8.2368E+02  3.9732E-02 -1.4975E-02
  8.2512E+02  3.9553E-02 -1.4984E-02
  8.2656E+02  3.8701E-02 -1.4993E-02
  8.2800E+02  3.7734E-02 -1.4994E-02
  8.2944E+02  3.7183E-02 -1.4984E-02
  8.3088E+02  3.6995E-02 -1.4967E-02
  8.3232E+02  3.6904E-02 -1.4952E-02
  8.3376E+02  3.6895E-02 -1.4944E-02
  8.3520E+02  3.7049E-02 -1.4940E-02
  8.3664E+02  3.7297E-02 -1.4934E-02
  8.3808E+02  3.7533E-02 -1.4926E-02
  8.3952E+02  3.7770E-02 -1.4923E-02
  8.4096E+02  3.7889E-02 -1.4930E-02
  8.4240E+02  3.7612E-02 -1.4950E-02
  8.4384E+02  3.6932E-02 -1.4973E-02
  8.4528E+02  3.6252E-02 -1.4985E-02
  8.4672E+02  3.5864E-02 -1.4982E-02
  8.4816E+02  3.5670E-02 -1.4970E-02
  8.4960E+02  3.5591E-02 -1.4962E-02
  8.5104E+02  3.5943E-02 -1.4963E-02
  8.5248E+02  3.6866E-02 -1.4975E-02
  8.5392E+02  3.7740E-02 -1.4992E-02
  8.5536E+02  3.7800E-02 -1.5010E-02
  8.5680E+02  3.7142E-02 -1.5022E-02
  8.5824E+02  3.6563E-02 -1.5028E-02
  8.5968E+02  3.6438E-02 -1.5032E-02
  8.6112E+02  3.6391E-02 -1.5035E-02
  8.6256E+02  3.6112E-02 -1.5033E-02
  8.6400E+02  3.5935E-02 -1.5031E-02
  8.6544E+02  3.6273E-02 -1.5034E-02
  8.6688E+02  3.6903E-02 -1.5039E-02
  8.6832E+02  3.7080E-02 -1.5039E-02
  8.6976E+02  3.6395E-02 -1.5033E-02
  8.7120E+02  3.5327E-02 -1.5027E-02
  8.7264E+02  3.4808E-02 -1.5027E-02
  8.7408E+02  3.5226E-02 -1.5034E-02
  8.7552E+02  3.6038E-02 -1.5045E-02
  8.7696E+02  3.6452E-02 -1.5053E-02
  8.7840E+02  3.6256E-02 -1.5054E-02
  8.7984E+02  3.5805E-02 -1.5054E-02
  8.8128E+02  3.5451E-02 -1.5054E-02
  8.8272E+02  3.5213E-02 -1.5049E-02
  8.8416E+02  3.4963E-02 -1.5038E-02
  8.8560E+02  3.4781E-02 -1.5030E-02
  8.8704E+02  3.5118E-02 -1.5035E-02
  8.8848E+02  3.6133E-02 -1.5048E-02
  8.8992E+02  3.7031E-02 -1.5058E-02
  8.9136E+02  3.6668E-02 -1.5058E-02
  8.9280E+02  3.5019E-02 -1.5050E-02
  8.9424E+02  3.3373E-02 -1.5042E-02
  8.9568E+02  3.2925E-02 -1.5041E-02
  8.9712E+02  3.3671E-02 -1.5048E-02
  8.9856E+02  3.4858E-02 -1.5055E-02
  9.0000E+02  3.5970E-02 -1.5059E-02
  9.0144E+02  3.6779E-02 -1.5065E-02
  9.0288E+02  3.7053E-02 -1.5076E-02
  9.0432E+02  3.6665E-02 -1.5091E-02
  9.0576E+02  3.5787E-02 -1.5103E-02
  9.0720E+02  3.4796E-02 -1.5107E-02
  9.0864E+02  3.4166E-02 -1.5098E-02
  9.1008E+02  3.4212E-02 -1.5082E-02
  9.1152E+02  3.4631E-02 -1.5074E-02
  9.1296E+02  3.4756E-02 -1.5081E-02
  9.1440E+02  3.4490E-02 -1.5099E-02
  9.1584E+02  3.4413E-02 -1.5110E-02
  9.1728E+02  3.4767E-02 -1.5112E-02
  9.1872E+02  3.5106E-02 -1.5108E-02
  9.2016E+02  3.4996E-02 -1.5104E-02
  9.2160E+02  3.4508E-02 -1.5099E-02
  9.2304E+02  3.3992E-02 -1.5095E-02
  9.2448E+02  3.3757E-02 -1.5097E-02
  9.2592E+02  3.3936E-02 -1.5102E-02
  9.2736E+02  3.4387E-02 -1.5110E-02
  9.2880E+02  3.4756E-02 -1.5114E-02
  9.3024E+02  3.4775E-02 -1.5109E-02
  9.3168E+02  3.4465E-02 -1.5098E-02
  9.3312E+02  3.4064E-02 -1.5091E-02
  9.3456E+02  3.3953E-02 -1.5097E-02
  9.3600E+02  3.4502E-02 -1.5110E-02
  9.3744E+02  3.5519E-02 -1.5122E-02
  9.3888E+02  3.6070E-02 -1.5127E-02
  9.4032E+02  3.5483E-02 -1.5127E-02
  9.4176E+02  3.4300E-02 -1.5131E-02
  9.4320E+02  3.3640E-02 -1.5142E-02
  9.4464E+02  3.3977E-02 -1.5155E-02
  9.4608E+02  3.4878E-02 -1.5163E-02
  9.4752E+02  3.5524E-02 -1.5165E-02
  9.4896E+02  3.5261E-02 -1.5166E-02
  9.5040E+02  3.4209E-02 -1.5170E-02
  9.5184E+02  3.3385E-02 -1.5168E-02
  9.5328E+02  3.3684E-02 -1.5157E-02
  9.5472E+02  3.4842E-02 -1.5147E-02
  9.5616E+02  3.5668E-02 -1.5140E-02
  9.5760E+02  3.5309E-02 -1.5133E-02
  9.5904E+02  3.4057E-02 -1.5121E-02
  9.6048E+02  3.3037E-02 -1.5105E-02
  9.6192E+02  3.3124E-02 -1.5092E-02
  9.6336E+02  3.4145E-02 -1.5089E-02
  9.6480E+02  3.5102E-02 -1.5097E-02
  9.6624E+02  3.5295E-02 -1.5107E-02
  9.6768E+02  3.5048E-02 -1.5112E-02
  9.6912E+02  3.5076E-02 -1.5114E-02
  9.7056E+02  3.5384E-02 -1.5116E-02
  9.7200E+02  3.5362E-02 -1.5120E-02
  9.7344E+02  3.4758E-02 -1.5126E-02
  9.7488E+02  3.3964E-02 -1.5129E-02
  9.7632E+02  3.3468E-02 -1.5127E-02
  9.7776E+02  3.3567E-02 -1.5119E-02
  9.7920E+02  3.4257E-02 -1.5112E-02
  9.8064E+02  3.5088E-02 -1.5118E-02
  9.8208E+02  3.5409E-02 -1.5135E-02
  9.8352E+02  3.5052E-02 -1.5152E-02
  9.8496E+02  3.4383E-02 -1.5157E-02
  9.8640E+02  3.3734E-02 -1.5152E-02
  9.8784E+02  3.3179E-02 -1.5146E-02
  9.8928E+02  3.2851E-02 -1.5140E-02
  9.9072E+02  3.2994E-02 -1.5133E-02
  9.9216E+02  3.3594E-02 -1.5123E-02
  9.9360E+02  3.4252E-02 -1.5115E-02
  9.9504E+02  3.4618E-02 -1.5114E-02
  9.9648E+02  3.4699E-02 -1.5127E-02
  9.9792E+02  3.4588E-02 -1.5146E-02
  9.9936E+02  3.4231E-02 -1.5162E-02
  1.0008E+03  3.3580E-02 -1.5165E-02
  1.0022E+03  3.2864E-02 -1.5157E-02
  1.0037E+03  3.2459E-02 -1.5145E-02
  1.0051E+03  3.2484E-02 -1.5137E-02
  1.0066E+03  3.2671E-02 -1.5135E-02
  1.0080E+03  3.2757E-02 -1.5135E-02
  1.0094E+03  3.2847E-02 -1.5137E-02
  1.0109E+03  3.3178E-02 -1.5141E-02
  1.0123E+03  3.3616E-02 -1.5149E-02
  1.0138E+03  3.3815E-02 -1.5161E-02
  1.0152E+03  3.3803E-02 -1.5179E-02
  1.0166E+03  3.3868E-02 -1.5196E-02
  1.0181E+03  3.3982E-02 -1.5205E-02
  1.0195E+03  3.3825E-02 -1.5199E-02
  1.0210E+03  3.3426E-02 -1.5179E-02
  1.0224E+03  3.3234E-02 -1.5158E-02
  1.0238E+03  3.3439E-02 -1.5148E-02
  1.0253E+03  3.3667E-02 -1.5147E-02
  1.0267E+03  3.3470E-02 -1.5148E-02
  1.0282E+03  3.2915E-02 -1.5145E-02
  1.0296E+03  3.2505E-02 -1.5140E-02
  1.0310E+03  3.2603E-02 -1.5136E-02
  1.0325E+03  3.3097E-02 -1.5139E-02
  1.0339E+03  3.3568E-02 -1.5147E-02
  1.0354E+03  3.3662E-02 -1.5159E-02
  1.0368E+03  3.3327E-02 -1.5170E-02
  1.0382E+03  3.2870E-02 -1.5173E-02
  1.0397E+03  3.2680E-02 -1.5163E-02
  1.0411E+03  3.2825E-02 -1.5148E-02
  1.0426E+03  3.3070E-02 -1.5140E-02
  1.0440E+03  3.3238E-02 -1.5143E-02
  1.0454E+03  3.3253E-02 -1.5153E-02
  1.0469E+03  3.3020E-02 -1.5159E-02
  1.0483E+03  3.2630E-02 -1.5157E-02
  1.0498E+03  3.2470E-02 -1.5150E-02
  1.0512E+03  3.2915E-02 -1.5150E-02
  1.0526E+03  3.3808E-02 -1.5161E-02
  1.0541E+03  3.4474E-02 -1.5177E-02
  1.0555E+03  3.4353E-02 -1.5189E-02
  1.0570E+03  3.3621E-02 -1.5189E-02
  1.0584E+03  3.2930E-02 -1.5181E-02
  1.0598E+03  3.2721E-02 -1.5171E-02
  1.0613E+03  3.2872E-02 -1.5163E-02
  1.0627E+03  3.3026E-02 -1.5162E-02
  1.0642E+03  3.3060E-02 -1.5168E-02
  1.0656E+03  3.3254E-02 -1.5175E-02
  1.0670E+03  3.3768E-02 -1.5180E-02
  1.0685E+03  3.4169E-02 -1.5185E-02
  1.0699E+03  3.3977E-02 -1.5190E-02
  1.0714E+03  3.3373E-02 -1.5191E-02
  1.0728E+03  3.2899E-02 -1.5185E-02
  1.0742E+03  3.2824E-02 -1.5180E-02
  1.0757E+03  3.3069E-02 -1.5178E-02
  1.0771E+03  3.3382E-02 -1.5179E-02
  1.0786E+03  3.3507E-02 -1.5182E-02
  1.0800E+03  3.3464E-02 -1.5183E-02
  1.0814E+03  3.3560E-02 -1.5183E-02
  1.0829E+03  3.3963E-02 -1.5185E-02
  1.0843E+03  3.4405E-02 -1.5190E-02
  1.0858E+03  3.4573E-02 -1.5196E-02
  1.0872E+03  3.4537E-02 -1.5199E-02
  1.0886E+03  3.4559E-02 -1.5199E-02
  1.0901E+03  3.4608E-02 -1.5200E-02
  1.0915E+03  3.4359E-02 -1.5204E-02
  1.0930E+03  3.3678E-02 -1.5206E-02
  1.0944E+03  3.2759E-02 -1.5200E-02
  1.0958E+03  3.2031E-02 -1.5191E-02
  1.0973E+03  3.2004E-02 -1.5183E-02
  1.0987E+03  3.2902E-02 -1.5182E-02
  1.1002E+03  3.4203E-02 -1.5190E-02
  1.1016E+03  3.5018E-02 -1.5203E-02
  1.1030E+03  3.4867E-02 -1.5212E-02
  1.1045E+03  3.3881E-02 -1.5215E-02
  1.1059E+03  3.2653E-02 -1.5216E-02
  1.1074E+03  3.2010E-02 -1.5215E-02
  1.1088E+03  3.2367E-02 -1.5207E-02
  1.1102E+03  3.3233E-02 -1.5197E-02
  1.1117E+03  3.3812E-02 -1.5191E-02
  1.1131E+03  3.3811E-02 -1.5196E-02
  1.1146E+03  3.3406E-02 -1.5208E-02
  1.1160E+03  3.2808E-02 -1.5220E-02
  1.1174E+03  3.2327E-02 -1.5223E-02
  1.1189E+03  3.2390E-02 -1.5219E-02
  1.1203E+03  3.3002E-02 -1.5216E-02
  1.1218E+03  3.3541E-02 -1.5222E-02
  1.1232E+03  3.3483E-02 -1.5235E-02
  1.1246E+03  3.3057E-02 -1.5246E-02
  1.1261E+03  3.2762E-02 -1.5250E-02
  1.1275E+03  3.2690E-02 -1.5249E-02
  1.1290E+03  3.2769E-02 -1.5245E-02
  1.1304E+03  3.3179E-02 -1.5238E-02
  1.1318E+03  3.3939E-02 -1.5235E-02
  1.1333E+03  3.4513E-02 -1.5242E-02
  1.1347E+03  3.4318E-02 -1.5253E-02
  1.1362E+03  3.3393E-02 -1.5260E-02
  1.1376E+03  3.2406E-02 -1.5261E-02
  1.1390E+03  3.2097E-02 -1.5257E-02
  1.1405E+03  3.2624E-02 -1.5247E-02
  1.1419E+03  3.3412E-02 -1.5234E-02
  1.1434E+03  3.3792E-02 -1.5227E-02
  1.1448E+03  3.3691E-02 -1.5226E-02
  1.1462E+03  3.3466E-02 -1.5229E-02
  1.1477E+03  3.3411E-02 -1.5229E-02
  1.1491E+03  3.3526E-02 -1.5225E-02
  1.1506E+03  3.3597E-02 -1.5221E-02
  1.1520E+03  3.3276E-02 -1.5221E-02
  1.1534E+03  3.2507E-02 -1.5226E-02
  1.1549E+03  3.1826E-02 -1.5229E-02
  1.1563E+03  3.1873E-02 -1.5225E-02
  1.1578E+03  3.2461E-02 -1.5217E-02
  1.1592E+03  3.2735E-02 -1.5211E-02
  1.1606E+03  3.2343E-02 -1.5210E-02
  1.1621E+03  3.1859E-02 -1.5214E-02
  1.1635E+03  3.1856E-02 -1.5219E-02
  1.1650E+03  3.2176E-02 -1.5224E-02
  1.1664E+03  3.2420E-02 -1.5223E-02
  1.1678E+03  3.2493E-02 -1.5223E-02
  1.1693E+03  3.2439E-02 -1.5228E-02
  1.1707E+03  3.2254E-02 -1.5234E-02
  1.1722E+03  3.2022E-02 -1.5236E-02
  1.1736E+03  3.1943E-02 -1.5235E-02
  1.1750E+03  3.2053E-02 -1.5237E-02
  1.1765E+03  3.2162E-02 -1.5245E-02
  1.1779E+03  3.2066E-02 -1.5250E-02
  1.1794E+03  3.1802E-02 -1.5251E-02
  1.1808E+03  3.1631E-02 -1.5250E-02
  1.1822E+03  3.1722E-02 -1.5255E-02
  1.1837E+03  3.1881E-02 -1.5265E-02
  1.1851E+03  3.1804E-02 -1.5275E-02
  1.1866E+03  3.1551E-02 -1.5281E-02
  1.1880E+03  3.1392E-02 -1.5281E-02
  1.1894E+03  3.1303E-02 -1.5277E-02
  1.1909E+03  3.1022E-02 -1.5271E-02
  1.1923E+03  3.0658E-02 -1.5267E-02
  1.1938E+03  3.0718E-02 -1.5268E-02
  1.1952E+03  3.1397E-02 -1.5275E-02
  1.1966E+03  3.2178E-02 -1.5285E-02
  1.1981E+03  3.2409E-02 -1.5288E-02
  1.1995E+03  3.2004E-02 -1.5283E-02
  1.2010E+03  3.1336E-02 -1.5275E-02
  1.2024E+03  3.0750E-02 -1.5267E-02
  1.2038E+03  3.0393E-02 -1.5258E-02
  1.2053E+03  3.0332E-02 -1.5251E-02
  1.2067E+03  3.0527E-02 -1.5250E-02
  1.2082E+03  3.0842E-02 -1.5258E-02
  1.2096E+03  3.1129E-02 -1.5268E-02
  1.2110E+03  3.1280E-02 -1.5272E-02
  1.2125E+03  3.1181E-02 -1.5269E-02
  1.2139E+03  3.0824E-02 -1.5269E-02
  1.2154E+03  3.0436E-02 -1.5279E-02
  1.2168E+03  3.0380E-02 -1.5293E-02
  1.2182E+03  3.0785E-02 -1.5301E-02
  1.2197E+03  3.1215E-02 -1.5300E-02
  1.2211E+03  3.1070E-02 -1.5297E-02
  1.2226E+03  3.0341E-02 -1.5299E-02
  1.2240E+03  2.9652E-02 -1.5309E-02
  1.2254E+03  2.9492E-02 -1.5317E-02
  1.2269E+03  2.9799E-02 -1.5318E-02
  1.2283E+03  3.0270E-02 -1.5313E-02
  1.2298E+03  3.0723E-02 -1.5309E-02
  1.2312E+03  3.1031E-02 -1.5313E-02
  1.2326E+03  3.0941E-02 -1.5322E-02
  1.2341E+03  3.0331E-02 -1.5329E-02
  1.2355E+03  2.9622E-02 -1.5329E-02
  1.2370E+03  2.9539E-02 -1.5325E-02
  1.2384E+03  3.0182E-02 -1.5319E-02
  1.2398E+03  3.0739E-02 -1.5314E-02
  1.2413E+03  3.0488E-02 -1.5309E-02
  1.2427E+03  2.9702E-02 -1.5304E-02
  1.2442E+03  2.9265E-02 -1.5302E-02
  1.2456E+03  2.9549E-02 -1.5305E-02
  1.2470E+03  3.0141E-02 -1.5309E-02
  1.2485E+03  3.0495E-02 -1.5312E-02
  1.2499E+03  3.0534E-02 -1.5314E-02
  1.2514E+03  3.0513E-02 -1.5321E-02
  1.2528E+03  3.0644E-02 -1.5329E-02
  1.2542E+03  3.0849E-02 -1.5337E-02
  1.2557E+03  3.0773E-02 -1.5340E-02
  1.2571E+03  3.0190E-02 -1.5339E-02
  1.2586E+03  2.9490E-02 -1.5335E-02
  1.2600E+03  2.9365E-02 -1.5330E-02
  1.2614E+03  2.9958E-02 -1.5329E-02
  1.2629E+03  3.0762E-02 -1.5333E-02
  1.2643E+03  3.1191E-02 -1.5338E-02
  1.2658E+03  3.0956E-02 -1.5338E-02
  1.2672E+03  3.0130E-02 -1.5336E-02
  1.2686E+03  2.9153E-02 -1.5336E-02
  1.2701E+03  2.8578E-02 -1.5337E-02
  1.2715E+03  2.8599E-02 -1.5338E-02
  1.2730E+03  2.9010E-02 -1.5337E-02
  1.2744E+03  2.9543E-02 -1.5333E-02
  1.2758E+03  2.9980E-02 -1.5331E-02
  1.2773E+03  3.0033E-02 -1.5336E-02
  1.2787E+03  2.9550E-02 -1.5342E-02
  1.2802E+03  2.8850E-02 -1.5341E-02
  1.2816E+03  2.8534E-02 -1.5333E-02
  1.2830E+03  2.8865E-02 -1.5330E-02
  1.2845E+03  2.9533E-02 -1.5335E-02
  1.2859E+03  3.0057E-02 -1.5345E-02
  1.2874E+03  3.0143E-02 -1.5351E-02
  1.2888E+03  2.9886E-02 -1.5353E-02
  1.2902E+03  2.9640E-02 -1.5355E-02
  1.2917E+03  2.9650E-02 -1.5358E-02
  1.2931E+03  2.9794E-02 -1.5362E-02
  1.2946E+03  2.9932E-02 -1.5368E-02
  1.2960E+03  3.0137E-02 -1.5376E-02
  1.2974E+03  3.0362E-02 -1.5385E-02
  1.2989E+03  3.0321E-02 -1.5389E-02
  1.3003E+03  2.9980E-02 -1.5387E-02
  1.3018E+03  2.9769E-02 -1.5378E-02
  1.3032E+03  2.9970E-02 -1.5372E-02
  1.3046E+03  3.0333E-02 -1.5375E-02
  1.3061E+03  3.0417E-02 -1.5382E-02
  1.3075E+03  3.0079E-02 -1.5388E-02
  1.3090E+03  2.9518E-02 -1.5391E-02
  1.3104E+03  2.9149E-02 -1.5393E-02
  1.3118E+03  2.9363E-02 -1.5393E-02
  1.3133E+03  3.0047E-02 -1.5393E-02
  1.3147E+03  3.0560E-02 -1.5397E-02
  1.3162E+03  3.0498E-02 -1.5405E-02
  1.3176E+03  3.0256E-02 -1.5411E-02
  1.3190E+03  3.0335E-02 -1.5412E-02
  1.3205E+03  3.0520E-02 -1.5409E-02
  1.3219E+03  3.0261E-02 -1.5405E-02
  1.3234E+03  2.9600E-02 -1.5405E-02
  1.3248E+03  2.9215E-02 -1.5410E-02
  1.3262E+03  2.9569E-02 -1.5418E-02
  1.3277E+03  3.0275E-02 -1.5421E-02
  1.3291E+03  3.0486E-02 -1.5415E-02
  1.3306E+03  2.9971E-02 -1.5405E-02
  1.3320E+03  2.9506E-02 -1.5399E-02
  1.3334E+03  2.9878E-02 -1.5403E-02
  1.3349E+03  3.0740E-02 -1.5415E-02
  1.3363E+03  3.1003E-02 -1.5430E-02
  1.3378E+03  3.0318E-02 -1.5439E-02
  1.3392E+03  2.9455E-02 -1.5439E-02
  1.3406E+03  2.9202E-02 -1.5434E-02
  1.3421E+03  2.9512E-02 -1.5426E-02
  1.3435E+03  2.9970E-02 -1.5420E-02
  1.3450E+03  3.0343E-02 -1.5421E-02
  1.3464E+03  3.0540E-02 -1.5429E-02
  1.3478E+03  3.0492E-02 -1.5439E-02
  1.3493E+03  3.0318E-02 -1.5444E-02
  1.3507E+03  3.0224E-02 -1.5445E-02
  1.3522E+03  3.0219E-02 -1.5450E-02
  1.3536E+03  3.0126E-02 -1.5459E-02
  1.3550E+03  2.9894E-02 -1.5467E-02
  1.3565E+03  2.9713E-02 -1.5469E-02
  1.3579E+03  2.9800E-02 -1.5468E-02
  1.3594E+03  3.0176E-02 -1.5469E-02
  1.3608E+03  3.0603E-02 -1.5474E-02
  1.3622E+03  3.0812E-02 -1.5481E-02
  1.3637E+03  3.0708E-02 -1.5489E-02
  1.3651E+03  3.0353E-02 -1.5497E-02
  1.3666E+03  2.9902E-02 -1.5498E-02
  1.3680E+03  2.9615E-02 -1.5492E-02
  1.3694E+03  2.9792E-02 -1.5482E-02
  1.3709E+03  3.0344E-02 -1.5477E-02
  1.3723E+03  3.0656E-02 -1.5481E-02
  1.3738E+03  3.0296E-02 -1.5487E-02
  1.3752E+03  2.9669E-02 -1.5487E-02
  1.3766E+03  2.9499E-02 -1.5482E-02
  1.3781E+03  2.9889E-02 -1.5481E-02
  1.3795E+03  3.0382E-02 -1.5487E-02
  1.3810E+03  3.0650E-02 -1.5497E-02
  1.3824E+03  3.0677E-02 -1.5503E-02
  1.3838E+03  3.0382E-02 -1.5503E-02
  1.3853E+03  2.9725E-02 -1.5498E-02
  1.3867E+03  2.9044E-02 -1.5492E-02
  1.3882E+03  2.8875E-02 -1.5489E-02
  1.3896E+03  2.9297E-02 -1.5492E-02
  1.3910E+03  2.9825E-02 -1.5498E-02
  1.3925E+03  3.0027E-02 -1.5503E-02
  1.3939E+03  2.9934E-02 -1.5508E-02
  1.3954E+03  2.9776E-02 -1.5516E-02
  1.3968E+03  2.9623E-02 -1.5527E-02
  1.3982E+03  2.9504E-02 -1.5533E-02
  1.3997E+03  2.9575E-02 -1.5532E-02
  1.4011E+03  2.9909E-02 -1.5529E-02
  1.4026E+03  3.0241E-02 -1.5529E-02
  1.4040E+03  3.0300E-02 -1.5533E-02
  1.4054E+03  3.0254E-02 -1.5537E-02
  1.4069E+03  3.0432E-02 -1.5543E-02
  1.4083E+03  3.0718E-02 -1.5550E-02
  1.4098E+03  3.0671E-02 -1.5557E-02
  1.4112E+03  3.0226E-02 -1.5560E-02
  1.4126E+03  2.9833E-02 -1.5559E-02
  1.4141E+03  2.9875E-02 -1.5558E-02
  1.4155E+03  3.0156E-02 -1.5559E-02
  1.4170E+03  3.0203E-02 -1.5563E-02
  1.4184E+03  2.9917E-02 -1.5570E-02
  1.4198E+03  2.9663E-02 -1.5574E-02
  1.4213E+03  2.9700E-02 -1.5573E-02
  1.4227E+03  2.9859E-02 -1.5573E-02
  1.4242E+03  2.9890E-02 -1.5574E-02
  1.4256E+03  2.9782E-02 -1.5577E-02
  1.4270E+03  2.9646E-02 -1.5581E-02
  1.4285E+03  2.9544E-02 -1.5580E-02
  1.4299E+03  2.9577E-02 -1.5572E-02
  1.4314E+03  2.9810E-02 -1.5562E-02
  1.4328E+03  2.9995E-02 -1.5560E-02
  1.4342E+03  2.9700E-02 -1.5572E-02
  1.4357E+03  2.8912E-02 -1.5585E-02
  1.4371E+03  2.8289E-02 -1.5587E-02
  1.4386E+03  2.8433E-02 -1.5577E-02
  1.4400E+03  2.9223E-02 -1.5569E-02
  1.4414E+03  2.9993E-02 -1.5574E-02
  1.4429E+03  3.0194E-02 -1.5589E-02
  1.4443E+03  2.9755E-02 -1.5607E-02
  1.4458E+03  2.9123E-02 -1.5620E-02
  1.4472E+03  2.8899E-02 -1.5625E-02
  1.4486E+03  2.9262E-02 -1.5628E-02
  1.4501E+03  2.9833E-02 -1.5632E-02
  1.4515E+03  3.0080E-02 -1.5636E-02
  1.4530E+03  2.9772E-02 -1.5638E-02
  1.4544E+03  2.9108E-02 -1.5640E-02
  1.4558E+03  2.8619E-02 -1.5644E-02
  1.4573E+03  2.8681E-02 -1.5647E-02
  1.4587E+03  2.9108E-02 -1.5650E-02
  1.4602E+03  2.9394E-02 -1.5656E-02
  1.4616E+03  2.9389E-02 -1.5664E-02
  1.4630E+03  2.9391E-02 -1.5673E-02
  1.4645E+03  2.9556E-02 -1.5682E-02
  1.4659E+03  2.9656E-02 -1.5688E-02
  1.4674E+03  2.9524E-02 -1.5687E-02
  1.4688E+03  2.9323E-02 -1.5681E-02
  1.4702E+03  2.9195E-02 -1.5676E-02
  1.4717E+03  2.9043E-02 -1.5676E-02
  1.4731E+03  2.8899E-02 -1.5675E-02
  1.4746E+03  2.8969E-02 -1.5672E-02
  1.4760E+03  2.9222E-02 -1.5670E-02
  1.4774E+03  2.9365E-02 -1.5674E-02
  1.4789E+03  2.9266E-02 -1.5680E-02
  1.4803E+03  2.9019E-02 -1.5684E-02
  1.4818E+03  2.8796E-02 -1.5688E-02
  1.4832E+03  2.8743E-02 -1.5691E-02
  1.4846E+03  2.8857E-02 -1.5694E-02
  1.4861E+03  2.8945E-02 -1.5700E-02
  1.4875E+03  2.8934E-02 -1.5710E-02
  1.4890E+03  2.9036E-02 -1.5719E-02
  1.4904E+03  2.9375E-02 -1.5725E-02
  1.4918E+03  2.9695E-02 -1.5728E-02
  1.4933E+03  2.9661E-02 -1.5729E-02
  1.4947E+03  2.9325E-02 -1.5730E-02
  1.4962E+03  2.9065E-02 -1.5737E-02
  1.4976E+03  2.9114E-02 -1.5747E-02
  1.4990E+03  2.9284E-02 -1.5754E-02
  1.5005E+03  2.9214E-02 -1.5755E-02
  1.5019E+03  2.8762E-02 -1.5752E-02
  1.5034E+03  2.8214E-02 -1.5754E-02
  1.5048E+03  2.8109E-02 -1.5761E-02
  1.5062E+03  2.8601E-02 -1.5765E-02
  1.5077E+03  2.9164E-02 -1.5765E-02
  1.5091E+03  2.9195E-02 -1.5764E-02
  1.5106E+03  2.8749E-02 -1.5767E-02
  1.5120E+03  2.8261E-02 -1.5772E-02
  1.5134E+03  2.7981E-02 -1.5773E-02
  1.5149E+03  2.7955E-02 -1.5771E-02
  1.5163E+03  2.8199E-02 -1.5768E-02
  1.5178E+03  2.8631E-02 -1.5770E-02
  1.5192E+03  2.9061E-02 -1.5774E-02
  1.5206E+03  2.9327E-02 -1.5776E-02
  1.5221E+03  2.9263E-02 -1.5776E-02
  1.5235E+03  2.8755E-02 -1.5779E-02
  1.5250E+03  2.8031E-02 -1.5784E-02
  1.5264E+03  2.7662E-02 -1.5788E-02
  1.5278E+03  2.7961E-02 -1.5790E-02
  1.5293E+03  2.8581E-02 -1.5794E-02
  1.5307E+03  2.8979E-02 -1.5799E-02
  1.5322E+03  2.9037E-02 -1.5804E-02
  1.5336E+03  2.9005E-02 -1.5810E-02
  1.5350E+03  2.8984E-02 -1.5820E-02
  1.5365E+03  2.8874E-02 -1.5831E-02
  1.5379E+03  2.8619E-02 -1.5837E-02
  1.5394E+03  2.8284E-02 -1.5837E-02
  1.5408E+03  2.7988E-02 -1.5834E-02
  1.5422E+03  2.7885E-02 -1.5833E-02
  1.5437E+03  2.8055E-02 -1.5836E-02
  1.5451E+03  2.8388E-02 -1.5842E-02
  1.5466E+03  2.8655E-02 -1.5848E-02
  1.5480E+03  2.8638E-02 -1.5852E-02
  1.5494E+03  2.8291E-02 -1.5857E-02
  1.5509E+03  2.7863E-02 -1.5862E-02
  1.5523E+03  2.7757E-02 -1.5868E-02
  1.5538E+03  2.8010E-02 -1.5872E-02
  1.5552E+03  2.8230E-02 -1.5873E-02
  1.5566E+03  2.8167E-02 -1.5873E-02
  1.5581E+03  2.8064E-02 -1.5876E-02
  1.5595E+03  2.8199E-02 -1.5879E-02
  1.5610E+03  2.8441E-02 -1.5879E-02
  1.5624E+03  2.8493E-02 -1.5877E-02
  1.5638E+03  2.8288E-02 -1.5878E-02
  1.5653E+03  2.7984E-02 -1.5886E-02
  1.5667E+03  2.7708E-02 -1.5897E-02
  1.5682E+03  2.7523E-02 -1.5904E-02
  1.5696E+03  2.7542E-02 -1.5904E-02
  1.5710E+03  2.7832E-02 -1.5904E-02
  1.5725E+03  2.8208E-02 -1.5909E-02
  1.5739E+03  2.8332E-02 -1.5917E-02
  1.5754E+03  2.8096E-02 -1.5921E-02
  1.5768E+03  2.7718E-02 -1.5918E-02
  1.5782E+03  2.7509E-02 -1.5915E-02
  1.5797E+03  2.7571E-02 -1.5917E-02
  1.5811E+03  2.7834E-02 -1.5923E-02
  1.5826E+03  2.8200E-02 -1.5929E-02
  1.5840E+03  2.8578E-02 -1.5933E-02
  1.5854E+03  2.8763E-02 -1.5939E-02
  1.5869E+03  2.8475E-02 -1.5946E-02
  1.5883E+03  2.7734E-02 -1.5953E-02
  1.5898E+03  2.6996E-02 -1.5957E-02
  1.5912E+03  2.6808E-02 -1.5959E-02
  1.5926E+03  2.7341E-02 -1.5960E-02
  1.5941E+03  2.8257E-02 -1.5962E-02
  1.5955E+03  2.8882E-02 -1.5966E-02
  1.5970E+03  2.8707E-02 -1.5973E-02
  1.5984E+03  2.7841E-02 -1.5982E-02
  1.5998E+03  2.6950E-02 -1.5986E-02
  1.6013E+03  2.6697E-02 -1.5984E-02
  1.6027E+03  2.7177E-02 -1.5981E-02
  1.6042E+03  2.7867E-02 -1.5988E-02
  1.6056E+03  2.8158E-02 -1.6004E-02
  1.6070E+03  2.7997E-02 -1.6019E-02
  1.6085E+03  2.7757E-02 -1.6023E-02
  1.6099E+03  2.7639E-02 -1.6016E-02
  1.6114E+03  2.7548E-02 -1.6007E-02
  1.6128E+03  2.7470E-02 -1.6002E-02
  1.6142E+03  2.7488E-02 -1.6002E-02
  1.6157E+03  2.7514E-02 -1.6007E-02
  1.6171E+03  2.7367E-02 -1.6015E-02
  1.6186E+03  2.7092E-02 -1.6022E-02
  1.6200E+03  2.6914E-02 -1.6025E-02
  1.6214E+03  2.6893E-02 -1.6026E-02
  1.6229E+03  2.6901E-02 -1.6028E-02
  1.6243E+03  2.6996E-02 -1.6033E-02
  1.6258E+03  2.7407E-02 -1.6043E-02
  1.6272E+03  2.8001E-02 -1.6055E-02
  1.6286E+03  2.8179E-02 -1.6066E-02
  1.6301E+03  2.7594E-02 -1.6069E-02
  1.6315E+03  2.6614E-02 -1.6067E-02
  1.6330E+03  2.6014E-02 -1.6068E-02
  1.6344E+03  2.6257E-02 -1.6074E-02
  1.6358E+03  2.7082E-02 -1.6081E-02
  1.6373E+03  2.7777E-02 -1.6085E-02
  1.6387E+03  2.7925E-02 -1.6088E-02
  1.6402E+03  2.7661E-02 -1.6090E-02
  1.6416E+03  2.7259E-02 -1.6095E-02
  1.6430E+03  2.6913E-02 -1.6102E-02
  1.6445E+03  2.6831E-02 -1.6110E-02
  1.6459E+03  2.7110E-02 -1.6115E-02
  1.6474E+03  2.7478E-02 -1.6120E-02
  1.6488E+03  2.7598E-02 -1.6125E-02
  1.6502E+03  2.7438E-02 -1.6125E-02
  1.6517E+03  2.7221E-02 -1.6124E-02
  1.6531E+03  2.7085E-02 -1.6126E-02
  1.6546E+03  2.6993E-02 -1.6131E-02
  1.6560E+03  2.6882E-02 -1.6136E-02
  1.6574E+03  2.6727E-02 -1.6138E-02
  1.6589E+03  2.6580E-02 -1.6141E-02
  1.6603E+03  2.6652E-02 -1.6146E-02
  1.6618E+03  2.7115E-02 -1.6152E-02
  1.6632E+03  2.7649E-02 -1.6157E-02
  1.6646E+03  2.7607E-02 -1.6160E-02
  1.6661E+03  2.6890E-02 -1.6161E-02
  1.6675E+03  2.6193E-02 -1.6164E-02
  1.6690E+03  2.6178E-02 -1.6171E-02
  1.6704E+03  2.6769E-02 -1.6179E-02
  1.6718E+03  2.7410E-02 -1.6182E-02
  1.6733E+03  2.7642E-02 -1.6183E-02
  1.6747E+03  2.7450E-02 -1.6187E-02
  1.6762E+03  2.7159E-02 -1.6193E-02
  1.6776E+03  2.7059E-02 -1.6196E-02
  1.6790E+03  2.7132E-02 -1.6196E-02
  1.6805E+03  2.7241E-02 -1.6198E-02
  1.6819E+03  2.7364E-02 -1.6202E-02
  1.6834E+03  2.7443E-02 -1.6206E-02
  1.6848E+03  2.7294E-02 -1.6211E-02
  1.6862E+03  2.6892E-02 -1.6216E-02
  1.6877E+03  2.6603E-02 -1.6220E-02
  1.6891E+03  2.6802E-02 -1.6226E-02
  1.6906E+03  2.7391E-02 -1.6234E-02
  1.6920E+03  2.7877E-02 -1.6244E-02
  1.6934E+03  2.7858E-02 -1.6252E-02
  1.6949E+03  2.7322E-02 -1.6256E-02
  1.6963E+03  2.6666E-02 -1.6257E-02
  1.6978E+03  2.6491E-02 -1.6258E-02
  1.6992E+03  2.7003E-02 -1.6259E-02
  1.7006E+03  2.7668E-02 -1.6263E-02
  1.7021E+03  2.7753E-02 -1.6266E-02
  1.7035E+03  2.7243E-02 -1.6269E-02
  1.7050E+03  2.6762E-02 -1.6271E-02
  1.7064E+03  2.6726E-02 -1.6277E-02
  1.7078E+03  2.6952E-02 -1.6285E-02
  1.7093E+03  2.7045E-02 -1.6288E-02
  1.7107E+03  2.6869E-02 -1.6287E-02
  1.7122E+03  2.6647E-02 -1.6286E-02
  1.7136E+03  2.6701E-02 -1.6288E-02
  1.7150E+03  2.7033E-02 -1.6295E-02
  1.7165E+03  2.7293E-02 -1.6305E-02
  1.7179E+03  2.7234E-02 -1.6312E-02
  1.7194E+03  2.7023E-02 -1.6316E-02
  1.7208E+03  2.6954E-02 -1.6319E-02
  1.7222E+03  2.7076E-02 -1.6324E-02
  1.7237E+03  2.7229E-02 -1.6333E-02
  1.7251E+03  2.7236E-02 -1.6340E-02
  1.7266E+03  2.7053E-02 -1.6345E-02
  1.7280E+03  2.6821E-02 -1.6348E-02
  1.7294E+03  2.6812E-02 -1.6352E-02
  1.7309E+03  2.7114E-02 -1.6358E-02
  1.7323E+03  2.7468E-02 -1.6363E-02
  1.7338E+03  2.7585E-02 -1.6368E-02
  1.7352E+03  2.7491E-02 -1.6376E-02
  1.7366E+03  2.7365E-02 -1.6388E-02
  1.7381E+03  2.7207E-02 -1.6399E-02
  1.7395E+03  2.6993E-02 -1.6402E-02
  1.7410E+03  2.6912E-02 -1.6395E-02
  1.7424E+03  2.7101E-02 -1.6391E-02
  1.7438E+03  2.7293E-02 -1.6397E-02
  1.7453E+03  2.7176E-02 -1.6408E-02
  1.7467E+03  2.6868E-02 -1.6414E-02
  1.7482E+03  2.6774E-02 -1.6411E-02
  1.7496E+03  2.6989E-02 -1.6406E-02
  1.7510E+03  2.7115E-02 -1.6406E-02
  1.7525E+03  2.6778E-02 -1.6410E-02
  1.7539E+03  2.6197E-02 -1.6418E-02
  1.7554E+03  2.6018E-02 -1.6426E-02
  1.7568E+03  2.6527E-02 -1.6433E-02
  1.7582E+03  2.7282E-02 -1.6438E-02
  1.7597E+03  2.7623E-02 -1.6444E-02
  1.7611E+03  2.7323E-02 -1.6452E-02
  1.7626E+03  2.6710E-02 -1.6462E-02
  1.7640E+03  2.6299E-02 -1.6469E-02
  1.7654E+03  2.6359E-02 -1.6470E-02
  1.7669E+03  2.6719E-02 -1.6470E-02
  1.7683E+03  2.6998E-02 -1.6475E-02
  1.7698E+03  2.6999E-02 -1.6485E-02
  1.7712E+03  2.6867E-02 -1.6495E-02
  1.7726E+03  2.6804E-02 -1.6501E-02
  1.7741E+03  2.6755E-02 -1.6504E-02
  1.7755E+03  2.6552E-02 -1.6507E-02
  1.7770E+03  2.6333E-02 -1.6512E-02
  1.7784E+03  2.6478E-02 -1.6518E-02
  1.7798E+03  2.7001E-02 -1.6524E-02
  1.7813E+03  2.7398E-02 -1.6527E-02
  1.7827E+03  2.7213E-02 -1.6530E-02
  1.7842E+03  2.6624E-02 -1.6533E-02
  1.7856E+03  2.6232E-02 -1.6537E-02
  1.7870E+03  2.6350E-02 -1.6539E-02
  1.7885E+03  2.6711E-02 -1.6542E-02
  1.7899E+03  2.6943E-02 -1.6547E-02
  1.7914E+03  2.7027E-02 -1.6555E-02
  1.7928E+03  2.7097E-02 -1.6561E-02
  1.7942E+03  2.7121E-02 -1.6564E-02
  1.7957E+03  2.7036E-02 -1.6563E-02
  1.7971E+03  2.6934E-02 -1.6565E-02
  1.7986E+03  2.6910E-02 -1.6575E-02
  1.8000E+03  2.6943E-02 -1.6589E-02
  1.8014E+03  2.6933E-02 -1.6595E-02
  1.8029E+03  2.6781E-02 -1.6592E-02
  1.8043E+03  2.6503E-02 -1.6589E-02
  1.8058E+03  2.6288E-02 -1.6594E-02
  1.8072E+03  2.6352E-02 -1.6606E-02
  1.8086E+03  2.6704E-02 -1.6617E-02
  1.8101E+03  2.7133E-02 -1.6623E-02
  1.8115E+03  2.7401E-02 -1.6626E-02
  1.8130E+03  2.7410E-02 -1.6630E-02
  1.8144E+03  2.7180E-02 -1.6638E-02
  1.8158E+03  2.6796E-02 -1.6648E-02
  1.8173E+03  2.6403E-02 -1.6655E-02
  1.8187E+03  2.6141E-02 -1.6656E-02
  1.8202E+03  2.6069E-02 -1.6654E-02
  1.8216E+03  2.6200E-02 -1.6650E-02
  1.8230E+03  2.6514E-02 -1.6648E-02
  1.8245E+03  2.6833E-02 -1.6652E-02
  1.8259E+03  2.6951E-02 -1.6662E-02
  1.8274E+03  2.6881E-02 -1.6672E-02
  1.8288E+03  2.6757E-02 -1.6677E-02
  1.8302E+03  2.6542E-02 -1.6684E-02
  1.8317E+03  2.6147E-02 -1.6693E-02
  1.8331E+03  2.5737E-02 -1.6701E-02
  1.8346E+03  2.5602E-02 -1.6702E-02
  1.8360E+03  2.5844E-02 -1.6702E-02
  1.8374E+03  2.6311E-02 -1.6703E-02
  1.8389E+03  2.6771E-02 -1.6706E-02
  1.8403E+03  2.6984E-02 -1.6712E-02
  1.8418E+03  2.6824E-02 -1.6720E-02
  1.8432E+03  2.6402E-02 -1.6730E-02
  1.8446E+03  2.6027E-02 -1.6739E-02
  1.8461E+03  2.5901E-02 -1.6746E-02
  1.8475E+03  2.5977E-02 -1.6750E-02
  1.8490E+03  2.6138E-02 -1.6749E-02
  1.8504E+03  2.6297E-02 -1.6747E-02
  1.8518E+03  2.6410E-02 -1.6750E-02
  1.8533E+03  2.6502E-02 -1.6760E-02
  1.8547E+03  2.6608E-02 -1.6771E-02
  1.8562E+03  2.6592E-02 -1.6780E-02
  1.8576E+03  2.6287E-02 -1.6788E-02
  1.8590E+03  2.5852E-02 -1.6794E-02
  1.8605E+03  2.5666E-02 -1.6798E-02
  1.8619E+03  2.5869E-02 -1.6801E-02
  1.8634E+03  2.6227E-02 -1.6804E-02
  1.8648E+03  2.6448E-02 -1.6806E-02
  1.8662E+03  2.6381E-02 -1.6809E-02
  1.8677E+03  2.6058E-02 -1.6815E-02
  1.8691E+03  2.5696E-02 -1.6822E-02
  1.8706E+03  2.5571E-02 -1.6826E-02
  1.8720E+03  2.5753E-02 -1.6829E-02
  1.8734E+03  2.6067E-02 -1.6834E-02
  1.8749E+03  2.6346E-02 -1.6841E-02
  1.8763E+03  2.6495E-02 -1.6850E-02
  1.8778E+03  2.6394E-02 -1.6859E-02
  1.8792E+03  2.6019E-02 -1.6864E-02
  1.8806E+03  2.5658E-02 -1.6865E-02
  1.8821E+03  2.5636E-02 -1.6862E-02
  1.8835E+03  2.5921E-02 -1.6861E-02
  1.8850E+03  2.6240E-02 -1.6866E-02
  1.8864E+03  2.6416E-02 -1.6874E-02
  1.8878E+03  2.6365E-02 -1.6883E-02
  1.8893E+03  2.6028E-02 -1.6890E-02
  1.8907E+03  2.5589E-02 -1.6892E-02
  1.8922E+03  2.5446E-02 -1.6893E-02
  1.8936E+03  2.5769E-02 -1.6898E-02
  1.8950E+03  2.6182E-02 -1.6910E-02
  1.8965E+03  2.6162E-02 -1.6919E-02
  1.8979E+03  2.5644E-02 -1.6924E-02
  1.8994E+03  2.5142E-02 -1.6929E-02
  1.9008E+03  2.5216E-02 -1.6936E-02
  1.9022E+03  2.5843E-02 -1.6944E-02
  1.9037E+03  2.6433E-02 -1.6947E-02
  1.9051E+03  2.6483E-02 -1.6949E-02
  1.9066E+03  2.6089E-02 -1.6955E-02
  1.9080E+03  2.5672E-02 -1.6966E-02
  1.9094E+03  2.5446E-02 -1.6974E-02
  1.9109E+03  2.5374E-02 -1.6976E-02
  1.9123E+03  2.5448E-02 -1.6972E-02
  1.9138E+03  2.5644E-02 -1.6972E-02
  1.9152E+03  2.5800E-02 -1.6978E-02
  1.9166E+03  2.5808E-02 -1.6986E-02
  1.9181E+03  2.5747E-02 -1.6991E-02
  1.9195E+03  2.5683E-02 -1.6994E-02
  1.9210E+03  2.5530E-02 -1.6996E-02
  1.9224E+03  2.5303E-02 -1.6998E-02
  1.9238E+03  2.5212E-02 -1.7001E-02
  1.9253E+03  2.5383E-02 -1.7007E-02
  1.9267E+03  2.5680E-02 -1.7014E-02
  1.9282E+03  2.5889E-02 -1.7021E-02
  1.9296E+03  2.5917E-02 -1.7026E-02
  1.9310E+03  2.5739E-02 -1.7029E-02
  1.9325E+03  2.5396E-02 -1.7032E-02
  1.9339E+03  2.5057E-02 -1.7033E-02
  1.9354E+03  2.4962E-02 -1.7036E-02
  1.9368E+03  2.5138E-02 -1.7040E-02
  1.9382E+03  2.5306E-02 -1.7048E-02
  1.9397E+03  2.5198E-02 -1.7055E-02
  1.9411E+03  2.4967E-02 -1.7060E-02
  1.9426E+03  2.5051E-02 -1.7065E-02
  1.9440E+03  2.5551E-02 -1.7072E-02
  1.9454E+03  2.5975E-02 -1.7082E-02
  1.9469E+03  2.5824E-02 -1.7093E-02
  1.9483E+03  2.5249E-02 -1.7100E-02
  1.9498E+03  2.4802E-02 -1.7103E-02
  1.9512E+03  2.4729E-02 -1.7103E-02
  1.9526E+03  2.4830E-02 -1.7104E-02
  1.9541E+03  2.4923E-02 -1.7107E-02
  1.9555E+03  2.5098E-02 -1.7114E-02
  1.9570E+03  2.5399E-02 -1.7122E-02
  1.9584E+03  2.5599E-02 -1.7127E-02
  1.9598E+03  2.5488E-02 -1.7129E-02
  1.9613E+03  2.5189E-02 -1.7133E-02
  1.9627E+03  2.4975E-02 -1.7142E-02
  1.9642E+03  2.4942E-02 -1.7153E-02
  1.9656E+03  2.4988E-02 -1.7161E-02
  1.9670E+03  2.5062E-02 -1.7162E-02
  1.9685E+03  2.5199E-02 -1.7162E-02
  1.9699E+03  2.5345E-02 -1.7166E-02
  1.9714E+03  2.5357E-02 -1.7171E-02
  1.9728E+03  2.5238E-02 -1.7174E-02
  1.9742E+03  2.5153E-02 -1.7175E-02
  1.9757E+03  2.5107E-02 -1.7178E-02
  1.9771E+03  2.4954E-02 -1.7186E-02
  1.9786E+03  2.4754E-02 -1.7195E-02
  1.9800E+03  2.4769E-02 -1.7200E-02
  1.9814E+03  2.5011E-02 -1.7204E-02
  1.9829E+03  2.5129E-02 -1.7210E-02
  1.9843E+03  2.4863E-02 -1.7212E-02
  1.9858E+03  2.4382E-02 -1.7210E-02
  1.9872E+03  2.4098E-02 -1.7210E-02
  1.9886E+03  2.4227E-02 -1.7215E-02
  1.9901E+03  2.4630E-02 -1.7222E-02
  1.9915E+03  2.5023E-02 -1.7228E-02
  1.9930E+03  2.5215E-02 -1.7233E-02
  1.9944E+03  2.5107E-02 -1.7240E-02
  1.9958E+03  2.4737E-02 -1.7249E-02
  1.9973E+03  2.4353E-02 -1.7260E-02
  1.9987E+03  2.4283E-02 -1.7267E-02
  2.0000E+03  2.4556E-02 -1.7271E-02
