# CREATED BY GENE DIAGNOSTICS TOOL on Wed Mar 10 12:03:08 2021
# diag: timetrace, run(s): 0004, time window: 0-2000(1390 steps), species: ions
# original data path: /marconi_scratch/userexternal/cmoreno0/GAMZF_convergence/lhd_surface/scanfiles0002/
# normalization: L_ref=1.65m
#
#  t          Re[phi]     Im[phi]   
  0.0000E+00  9.9997E-01  0.0000E+00
  1.4400E+00  8.4368E-01 -3.0100E-03
  2.8800E+00  6.4597E-01 -5.4618E-03
  4.3200E+00  4.3765E-01 -6.8050E-03
  5.7600E+00  2.8041E-01 -6.7995E-03
  7.2000E+00  1.8010E-01 -5.7383E-03
  8.6400E+00  1.2296E-01 -4.2227E-03
  1.0080E+01  9.2294E-02 -2.7762E-03
  1.1520E+01  7.5978E-02 -1.6716E-03
  1.2960E+01  6.6912E-02 -9.4777E-04
  1.4400E+01  6.1562E-02 -4.9525E-04
  1.5840E+01  5.8708E-02 -2.6410E-04
  1.7280E+01  5.8251E-02 -4.0373E-04
  1.8720E+01  5.9741E-02 -1.0425E-03
  2.0160E+01  6.1216E-02 -2.0570E-03
  2.1600E+01  6.0189E-02 -2.9922E-03
  2.3040E+01  5.3960E-02 -3.3936E-03
  2.4480E+01  4.2568E-02 -2.9778E-03
  2.5920E+01  2.6806E-02 -1.8420E-03
  2.7360E+01  9.3014E-03 -2.6609E-04
  2.8800E+01 -6.8263E-03  1.3425E-03
  3.0240E+01 -1.9371E-02  2.6645E-03
  3.1680E+01 -2.6643E-02  3.5203E-03
  3.3120E+01 -2.9255E-02  3.7638E-03
  3.4560E+01 -2.7848E-02  3.4595E-03
  3.6000E+01 -2.2702E-02  2.8484E-03
  3.7440E+01 -1.4961E-02  2.1034E-03
  3.8880E+01 -6.9025E-03  1.2127E-03
  4.0320E+01  1.6007E-03  1.9367E-04
  4.1760E+01  1.0464E-02 -6.9017E-04
  4.3200E+01  1.9022E-02 -1.4127E-03
  4.4640E+01  2.5689E-02 -2.0498E-03
  4.6080E+01  3.0703E-02 -2.6397E-03
  4.7520E+01  3.5164E-02 -3.1359E-03
  4.8960E+01  3.9721E-02 -3.5554E-03
  5.0400E+01  4.4823E-02 -3.8555E-03
  5.1840E+01  5.0224E-02 -4.1672E-03
  5.3280E+01  5.4878E-02 -4.4325E-03
  5.4720E+01  5.7894E-02 -4.7419E-03
  5.6160E+01  5.9273E-02 -4.9695E-03
  5.7600E+01  5.9920E-02 -5.2018E-03
  5.9040E+01  6.0556E-02 -5.3690E-03
  6.0480E+01  6.2057E-02 -5.4115E-03
  6.1920E+01  6.4267E-02 -5.3590E-03
  6.3360E+01  6.5865E-02 -5.1687E-03
  6.4800E+01  6.6064E-02 -4.8394E-03
  6.6240E+01  6.5085E-02 -4.4262E-03
  6.7680E+01  6.2923E-02 -4.0471E-03
  6.9120E+01  5.9670E-02 -3.7710E-03
  7.0560E+01  5.6314E-02 -3.4985E-03
  7.2000E+01  5.4234E-02 -3.2961E-03
  7.3440E+01  5.3490E-02 -3.2084E-03
  7.4880E+01  5.3012E-02 -3.1246E-03
  7.6320E+01  5.1965E-02 -2.9799E-03
  7.7760E+01  5.0520E-02 -2.8599E-03
  7.9200E+01  4.8647E-02 -2.8264E-03
  8.0640E+01  4.6684E-02 -2.8604E-03
  8.2080E+01  4.4741E-02 -2.8637E-03
  8.3520E+01  4.3396E-02 -2.9269E-03
  8.4960E+01  4.3727E-02 -3.0143E-03
  8.6400E+01  4.5364E-02 -3.1042E-03
  8.7840E+01  4.6937E-02 -3.2049E-03
  8.9280E+01  4.8099E-02 -3.3029E-03
  9.0720E+01  4.9112E-02 -3.3731E-03
  9.2160E+01  4.9520E-02 -3.4827E-03
  9.3600E+01  4.9365E-02 -3.6626E-03
  9.5040E+01  4.8776E-02 -3.8199E-03
  9.6480E+01  4.8755E-02 -3.9532E-03
  9.7920E+01  4.9484E-02 -4.1909E-03
  9.9360E+01  5.0329E-02 -4.4619E-03
  1.0080E+02  5.0544E-02 -4.7268E-03
  1.0224E+02  5.0040E-02 -4.9488E-03
  1.0368E+02  4.9096E-02 -5.0598E-03
  1.0512E+02  4.8984E-02 -5.0092E-03
  1.0656E+02  4.9879E-02 -4.9237E-03
  1.0800E+02  5.1705E-02 -4.8666E-03
  1.0944E+02  5.3949E-02 -4.7983E-03
  1.1088E+02  5.5732E-02 -4.7524E-03
  1.1232E+02  5.5836E-02 -4.7535E-03
  1.1376E+02  5.5270E-02 -4.8869E-03
  1.1520E+02  5.5002E-02 -5.1270E-03
  1.1664E+02  5.4679E-02 -5.3205E-03
  1.1808E+02  5.4515E-02 -5.5315E-03
  1.1952E+02  5.4339E-02 -5.7711E-03
  1.2096E+02  5.4034E-02 -5.9037E-03
  1.2240E+02  5.3706E-02 -5.9724E-03
  1.2384E+02  5.4106E-02 -5.9577E-03
  1.2528E+02  5.5844E-02 -5.8608E-03
  1.2672E+02  5.8361E-02 -5.7227E-03
  1.2816E+02  5.9773E-02 -5.5454E-03
  1.2960E+02  5.9206E-02 -5.4053E-03
  1.3104E+02  5.7013E-02 -5.3385E-03
  1.3248E+02  5.4203E-02 -5.3163E-03
  1.3392E+02  5.2340E-02 -5.3273E-03
  1.3536E+02  5.2018E-02 -5.4492E-03
  1.3680E+02  5.3279E-02 -5.6742E-03
  1.3824E+02  5.4237E-02 -5.9025E-03
  1.3968E+02  5.4390E-02 -6.1030E-03
  1.4112E+02  5.4222E-02 -6.1660E-03
  1.4256E+02  5.4641E-02 -6.1168E-03
  1.4400E+02  5.5424E-02 -6.0498E-03
  1.4544E+02  5.5478E-02 -5.9122E-03
  1.4688E+02  5.4408E-02 -5.7660E-03
  1.4832E+02  5.3106E-02 -5.6351E-03
  1.4976E+02  5.2280E-02 -5.5478E-03
  1.5120E+02  5.2152E-02 -5.5709E-03
  1.5264E+02  5.2534E-02 -5.6840E-03
  1.5408E+02  5.3047E-02 -5.9180E-03
  1.5552E+02  5.2919E-02 -6.2360E-03
  1.5696E+02  5.2011E-02 -6.6116E-03
  1.5840E+02  5.1241E-02 -6.9428E-03
  1.5984E+02  5.1779E-02 -7.2098E-03
  1.6128E+02  5.3791E-02 -7.3615E-03
  1.6272E+02  5.5365E-02 -7.4407E-03
  1.6416E+02  5.5106E-02 -7.4773E-03
  1.6560E+02  5.3485E-02 -7.4325E-03
  1.6704E+02  5.1937E-02 -7.3585E-03
  1.6848E+02  5.1263E-02 -7.2344E-03
  1.6992E+02  5.1401E-02 -7.0627E-03
  1.7136E+02  5.1800E-02 -6.8843E-03
  1.7280E+02  5.1698E-02 -6.7069E-03
  1.7424E+02  5.1243E-02 -6.4839E-03
  1.7568E+02  5.1316E-02 -6.4069E-03
  1.7712E+02  5.1430E-02 -6.4875E-03
  1.7856E+02  5.1188E-02 -6.5719E-03
  1.8000E+02  5.1386E-02 -6.7190E-03
  1.8144E+02  5.2466E-02 -6.9190E-03
  1.8288E+02  5.3978E-02 -7.0442E-03
  1.8432E+02  5.4807E-02 -7.1140E-03
  1.8576E+02  5.4175E-02 -7.1428E-03
  1.8720E+02  5.2437E-02 -7.1211E-03
  1.8864E+02  5.0576E-02 -7.1269E-03
  1.9008E+02  5.0378E-02 -7.1739E-03
  1.9152E+02  5.2757E-02 -7.2375E-03
  1.9296E+02  5.5903E-02 -7.3300E-03
  1.9440E+02  5.7391E-02 -7.3997E-03
  1.9584E+02  5.6748E-02 -7.5441E-03
  1.9728E+02  5.5632E-02 -7.7224E-03
  1.9872E+02  5.5211E-02 -7.8982E-03
  2.0016E+02  5.5329E-02 -7.9869E-03
  2.0160E+02  5.5148E-02 -8.0605E-03
  2.0304E+02  5.3993E-02 -8.0920E-03
  2.0448E+02  5.2581E-02 -8.0745E-03
  2.0592E+02  5.2113E-02 -8.0201E-03
  2.0736E+02  5.3336E-02 -7.8861E-03
  2.0880E+02  5.5852E-02 -7.7135E-03
  2.1024E+02  5.8231E-02 -7.5497E-03
  2.1168E+02  5.9512E-02 -7.4147E-03
  2.1312E+02  5.9344E-02 -7.4028E-03
  2.1456E+02  5.7560E-02 -7.4413E-03
  2.1600E+02  5.5478E-02 -7.5456E-03
  2.1744E+02  5.4582E-02 -7.7115E-03
  2.1888E+02  5.5154E-02 -7.8543E-03
  2.2032E+02  5.6167E-02 -7.9371E-03
  2.2176E+02  5.6892E-02 -8.0442E-03
  2.2320E+02  5.7934E-02 -8.1576E-03
  2.2464E+02  5.8877E-02 -8.2976E-03
  2.2608E+02  5.9209E-02 -8.4403E-03
  2.2752E+02  5.8580E-02 -8.5269E-03
  2.2896E+02  5.7612E-02 -8.5251E-03
  2.3040E+02  5.6699E-02 -8.4578E-03
  2.3184E+02  5.5432E-02 -8.3349E-03
  2.3328E+02  5.3936E-02 -8.2903E-03
  2.3472E+02  5.2999E-02 -8.3405E-03
  2.3616E+02  5.3239E-02 -8.4273E-03
  2.3760E+02  5.4346E-02 -8.5393E-03
  2.3904E+02  5.5084E-02 -8.6681E-03
  2.4048E+02  5.4802E-02 -8.7361E-03
  2.4192E+02  5.3737E-02 -8.8163E-03
  2.4336E+02  5.2737E-02 -8.8591E-03
  2.4480E+02  5.2363E-02 -8.8374E-03
  2.4624E+02  5.2456E-02 -8.8286E-03
  2.4768E+02  5.2814E-02 -8.8213E-03
  2.4912E+02  5.2689E-02 -8.7546E-03
  2.5056E+02  5.1791E-02 -8.6757E-03
  2.5200E+02  5.0568E-02 -8.6155E-03
  2.5344E+02  5.0383E-02 -8.5283E-03
  2.5488E+02  5.1910E-02 -8.4735E-03
  2.5632E+02  5.4188E-02 -8.5014E-03
  2.5776E+02  5.5418E-02 -8.5403E-03
  2.5920E+02  5.4693E-02 -8.6210E-03
  2.6064E+02  5.2535E-02 -8.7209E-03
  2.6208E+02  5.0559E-02 -8.8012E-03
  2.6352E+02  4.9669E-02 -8.8920E-03
  2.6496E+02  4.9949E-02 -8.9146E-03
  2.6640E+02  5.0639E-02 -8.9042E-03
  2.6784E+02  5.0498E-02 -8.9143E-03
  2.6928E+02  4.9261E-02 -8.9388E-03
  2.7072E+02  4.7795E-02 -8.9745E-03
  2.7216E+02  4.7172E-02 -8.9937E-03
  2.7360E+02  4.7276E-02 -8.9939E-03
  2.7504E+02  4.7379E-02 -8.9793E-03
  2.7648E+02  4.7441E-02 -8.9707E-03
  2.7792E+02  4.7936E-02 -9.0014E-03
  2.7936E+02  4.8274E-02 -9.0828E-03
  2.8080E+02  4.7199E-02 -9.2115E-03
  2.8224E+02  4.4779E-02 -9.2956E-03
  2.8368E+02  4.2401E-02 -9.2822E-03
  2.8512E+02  4.1729E-02 -9.2134E-03
  2.8656E+02  4.3066E-02 -9.1442E-03
  2.8800E+02  4.5297E-02 -9.1035E-03
  2.8944E+02  4.6988E-02 -9.1550E-03
  2.9088E+02  4.7221E-02 -9.2432E-03
  2.9232E+02  4.6068E-02 -9.3465E-03
  2.9376E+02  4.4178E-02 -9.4277E-03
  2.9520E+02  4.2358E-02 -9.4909E-03
  2.9664E+02  4.1552E-02 -9.5193E-03
  2.9808E+02  4.2273E-02 -9.5423E-03
  2.9952E+02  4.3946E-02 -9.5966E-03
  3.0096E+02  4.5281E-02 -9.6528E-03
  3.0240E+02  4.5811E-02 -9.7101E-03
  3.0384E+02  4.6121E-02 -9.8040E-03
  3.0528E+02  4.7119E-02 -9.9269E-03
  3.0672E+02  4.8655E-02 -1.0062E-02
  3.0816E+02  4.9695E-02 -1.0203E-02
  3.0960E+02  4.9150E-02 -1.0278E-02
  3.1104E+02  4.7568E-02 -1.0259E-02
  3.1248E+02  4.6442E-02 -1.0194E-02
  3.1392E+02  4.6763E-02 -1.0100E-02
  3.1536E+02  4.8578E-02 -9.9667E-03
  3.1680E+02  5.0543E-02 -9.8782E-03
  3.1824E+02  5.1049E-02 -9.8175E-03
  3.1968E+02  4.9495E-02 -9.7826E-03
  3.2112E+02  4.6498E-02 -9.7430E-03
  3.2256E+02  4.3576E-02 -9.6867E-03
  3.2400E+02  4.2398E-02 -9.6510E-03
  3.2544E+02  4.3750E-02 -9.7167E-03
  3.2688E+02  4.6310E-02 -9.8372E-03
  3.2832E+02  4.8301E-02 -9.9614E-03
  3.2976E+02  4.8648E-02 -1.0020E-02
  3.3120E+02  4.7538E-02 -1.0011E-02
  3.3264E+02  4.5786E-02 -9.9330E-03
  3.3408E+02  4.4199E-02 -9.8260E-03
  3.3552E+02  4.3378E-02 -9.7669E-03
  3.3696E+02  4.3847E-02 -9.7478E-03
  3.3840E+02  4.5435E-02 -9.7825E-03
  3.3984E+02  4.7318E-02 -9.8583E-03
  3.4128E+02  4.8247E-02 -9.9250E-03
  3.4272E+02  4.7384E-02 -9.9732E-03
  3.4416E+02  4.5540E-02 -9.9930E-03
  3.4560E+02  4.4500E-02 -1.0033E-02
  3.4704E+02  4.5210E-02 -1.0098E-02
  3.4848E+02  4.6559E-02 -1.0203E-02
  3.4992E+02  4.7210E-02 -1.0321E-02
  3.5136E+02  4.7429E-02 -1.0426E-02
  3.5280E+02  4.8016E-02 -1.0481E-02
  3.5424E+02  4.8929E-02 -1.0488E-02
  3.5568E+02  4.9281E-02 -1.0470E-02
  3.5712E+02  4.8609E-02 -1.0460E-02
  3.5856E+02  4.7183E-02 -1.0472E-02
  3.6000E+02  4.5744E-02 -1.0472E-02
  3.6144E+02  4.5253E-02 -1.0450E-02
  3.6288E+02  4.5770E-02 -1.0378E-02
  3.6432E+02  4.6305E-02 -1.0305E-02
  3.6576E+02  4.5819E-02 -1.0257E-02
  3.6720E+02  4.4997E-02 -1.0264E-02
  3.6864E+02  4.5429E-02 -1.0312E-02
  3.7008E+02  4.7311E-02 -1.0387E-02
  3.7152E+02  4.8989E-02 -1.0463E-02
  3.7296E+02  4.9035E-02 -1.0510E-02
  3.7440E+02  4.7942E-02 -1.0530E-02
  3.7584E+02  4.7069E-02 -1.0531E-02
  3.7728E+02  4.7133E-02 -1.0514E-02
  3.7872E+02  4.7582E-02 -1.0501E-02
  3.8016E+02  4.7642E-02 -1.0491E-02
  3.8160E+02  4.7008E-02 -1.0497E-02
  3.8304E+02  4.6369E-02 -1.0524E-02
  3.8448E+02  4.6467E-02 -1.0534E-02
  3.8592E+02  4.7056E-02 -1.0537E-02
  3.8736E+02  4.7230E-02 -1.0539E-02
  3.8880E+02  4.6752E-02 -1.0532E-02
  3.9024E+02  4.6138E-02 -1.0545E-02
  3.9168E+02  4.6273E-02 -1.0557E-02
  3.9312E+02  4.7633E-02 -1.0562E-02
  3.9456E+02  4.9655E-02 -1.0584E-02
  3.9600E+02  5.0723E-02 -1.0617E-02
  3.9744E+02  4.9642E-02 -1.0660E-02
  3.9888E+02  4.7441E-02 -1.0698E-02
  4.0032E+02  4.5935E-02 -1.0696E-02
  4.0176E+02  4.5898E-02 -1.0659E-02
  4.0320E+02  4.6850E-02 -1.0599E-02
  4.0464E+02  4.8431E-02 -1.0568E-02
  4.0608E+02  5.0411E-02 -1.0631E-02
  4.0752E+02  5.1943E-02 -1.0780E-02
  4.0896E+02  5.1821E-02 -1.0922E-02
  4.1040E+02  5.0052E-02 -1.1021E-02
  4.1184E+02  4.7723E-02 -1.1061E-02
  4.1328E+02  4.6039E-02 -1.1067E-02
  4.1472E+02  4.5360E-02 -1.1078E-02
  4.1616E+02  4.5182E-02 -1.1091E-02
  4.1760E+02  4.5011E-02 -1.1083E-02
  4.1904E+02  4.4989E-02 -1.1080E-02
  4.2048E+02  4.5472E-02 -1.1049E-02
  4.2192E+02  4.6411E-02 -1.0986E-02
  4.2336E+02  4.7052E-02 -1.0915E-02
  4.2480E+02  4.6969E-02 -1.0856E-02
  4.2624E+02  4.6658E-02 -1.0849E-02
  4.2768E+02  4.6973E-02 -1.0887E-02
  4.2912E+02  4.7837E-02 -1.0957E-02
  4.3056E+02  4.8448E-02 -1.1015E-02
  4.3200E+02  4.8244E-02 -1.1048E-02
  4.3344E+02  4.7420E-02 -1.1051E-02
  4.3488E+02  4.6383E-02 -1.1035E-02
  4.3632E+02  4.5500E-02 -1.1029E-02
  4.3776E+02  4.5028E-02 -1.1009E-02
  4.3920E+02  4.4940E-02 -1.1010E-02
  4.4064E+02  4.5220E-02 -1.1028E-02
  4.4208E+02  4.5848E-02 -1.1031E-02
  4.4352E+02  4.6302E-02 -1.1076E-02
  4.4496E+02  4.5878E-02 -1.1151E-02
  4.4640E+02  4.4567E-02 -1.1208E-02
  4.4784E+02  4.3466E-02 -1.1261E-02
  4.4928E+02  4.3669E-02 -1.1295E-02
  4.5072E+02  4.4971E-02 -1.1311E-02
  4.5216E+02  4.5876E-02 -1.1314E-02
  4.5360E+02  4.5306E-02 -1.1292E-02
  4.5504E+02  4.3864E-02 -1.1238E-02
  4.5648E+02  4.3150E-02 -1.1168E-02
  4.5792E+02  4.3839E-02 -1.1100E-02
  4.5936E+02  4.5024E-02 -1.1051E-02
  4.6080E+02  4.5399E-02 -1.1038E-02
  4.6224E+02  4.4907E-02 -1.1059E-02
  4.6368E+02  4.4332E-02 -1.1084E-02
  4.6512E+02  4.4153E-02 -1.1111E-02
  4.6656E+02  4.4191E-02 -1.1144E-02
  4.6800E+02  4.4105E-02 -1.1191E-02
  4.6944E+02  4.4080E-02 -1.1244E-02
  4.7088E+02  4.4571E-02 -1.1295E-02
  4.7232E+02  4.5457E-02 -1.1339E-02
  4.7376E+02  4.6151E-02 -1.1362E-02
  4.7520E+02  4.6291E-02 -1.1405E-02
  4.7664E+02  4.5891E-02 -1.1458E-02
  4.7808E+02  4.5417E-02 -1.1506E-02
  4.7952E+02  4.5156E-02 -1.1513E-02
  4.8096E+02  4.4912E-02 -1.1481E-02
  4.8240E+02  4.4576E-02 -1.1427E-02
  4.8384E+02  4.4185E-02 -1.1400E-02
  4.8528E+02  4.3960E-02 -1.1422E-02
  4.8672E+02  4.4080E-02 -1.1466E-02
  4.8816E+02  4.4559E-02 -1.1492E-02
  4.8960E+02  4.5464E-02 -1.1511E-02
  4.9104E+02  4.6850E-02 -1.1516E-02
  4.9248E+02  4.8275E-02 -1.1527E-02
  4.9392E+02  4.8536E-02 -1.1547E-02
  4.9536E+02  4.6920E-02 -1.1544E-02
  4.9680E+02  4.4159E-02 -1.1530E-02
  4.9824E+02  4.1997E-02 -1.1519E-02
  4.9968E+02  4.1667E-02 -1.1498E-02
  5.0112E+02  4.3226E-02 -1.1478E-02
  5.0256E+02  4.5520E-02 -1.1454E-02
  5.0400E+02  4.6733E-02 -1.1437E-02
  5.0544E+02  4.5808E-02 -1.1449E-02
  5.0688E+02  4.3551E-02 -1.1472E-02
  5.0832E+02  4.1764E-02 -1.1485E-02
  5.0976E+02  4.1417E-02 -1.1486E-02
  5.1120E+02  4.1890E-02 -1.1481E-02
  5.1264E+02  4.2357E-02 -1.1499E-02
  5.1408E+02  4.2694E-02 -1.1543E-02
  5.1552E+02  4.3212E-02 -1.1600E-02
  5.1696E+02  4.3939E-02 -1.1653E-02
  5.1840E+02  4.4426E-02 -1.1674E-02
  5.1984E+02  4.4482E-02 -1.1655E-02
  5.2128E+02  4.4298E-02 -1.1617E-02
  5.2272E+02  4.4184E-02 -1.1586E-02
  5.2416E+02  4.4278E-02 -1.1576E-02
  5.2560E+02  4.4339E-02 -1.1580E-02
  5.2704E+02  4.4116E-02 -1.1601E-02
  5.2848E+02  4.3760E-02 -1.1627E-02
  5.2992E+02  4.3589E-02 -1.1659E-02
  5.3136E+02  4.3826E-02 -1.1703E-02
  5.3280E+02  4.4656E-02 -1.1746E-02
  5.3424E+02  4.5959E-02 -1.1791E-02
  5.3568E+02  4.7109E-02 -1.1839E-02
  5.3712E+02  4.7472E-02 -1.1862E-02
  5.3856E+02  4.7313E-02 -1.1873E-02
  5.4000E+02  4.7206E-02 -1.1875E-02
  5.4144E+02  4.6866E-02 -1.1869E-02
  5.4288E+02  4.5878E-02 -1.1872E-02
  5.4432E+02  4.4937E-02 -1.1888E-02
  5.4576E+02  4.4970E-02 -1.1891E-02
  5.4720E+02  4.5689E-02 -1.1884E-02
  5.4864E+02  4.5936E-02 -1.1868E-02
  5.5008E+02  4.5155E-02 -1.1844E-02
  5.5152E+02  4.3748E-02 -1.1837E-02
  5.5296E+02  4.2411E-02 -1.1842E-02
  5.5440E+02  4.1617E-02 -1.1857E-02
  5.5584E+02  4.1859E-02 -1.1861E-02
  5.5728E+02  4.3298E-02 -1.1837E-02
  5.5872E+02  4.5041E-02 -1.1805E-02
  5.6016E+02  4.5737E-02 -1.1783E-02
  5.6160E+02  4.4798E-02 -1.1770E-02
  5.6304E+02  4.2937E-02 -1.1766E-02
  5.6448E+02  4.1570E-02 -1.1764E-02
  5.6592E+02  4.1737E-02 -1.1762E-02
  5.6736E+02  4.3089E-02 -1.1762E-02
  5.6880E+02  4.4355E-02 -1.1787E-02
  5.7024E+02  4.4920E-02 -1.1834E-02
  5.7168E+02  4.5095E-02 -1.1890E-02
  5.7312E+02  4.4985E-02 -1.1935E-02
  5.7456E+02  4.4352E-02 -1.1954E-02
  5.7600E+02  4.3619E-02 -1.1967E-02
  5.7744E+02  4.3800E-02 -1.2003E-02
  5.7888E+02  4.5016E-02 -1.2048E-02
  5.8032E+02  4.6298E-02 -1.2075E-02
  5.8176E+02  4.6789E-02 -1.2046E-02
  5.8320E+02  4.6374E-02 -1.1987E-02
  5.8464E+02  4.5450E-02 -1.1938E-02
  5.8608E+02  4.4547E-02 -1.1909E-02
  5.8752E+02  4.4115E-02 -1.1906E-02
  5.8896E+02  4.4149E-02 -1.1920E-02
  5.9040E+02  4.3986E-02 -1.1930E-02
  5.9184E+02  4.3108E-02 -1.1958E-02
  5.9328E+02  4.1935E-02 -1.1995E-02
  5.9472E+02  4.1401E-02 -1.2027E-02
  5.9616E+02  4.1633E-02 -1.2038E-02
  5.9760E+02  4.1929E-02 -1.2027E-02
  5.9904E+02  4.1591E-02 -1.2016E-02
  6.0048E+02  4.0677E-02 -1.2016E-02
  6.0192E+02  3.9981E-02 -1.2021E-02
  6.0336E+02  4.0223E-02 -1.2015E-02
  6.0480E+02  4.1336E-02 -1.1998E-02
  6.0624E+02  4.2687E-02 -1.1996E-02
  6.0768E+02  4.3732E-02 -1.2024E-02
  6.0912E+02  4.3936E-02 -1.2045E-02
  6.1056E+02  4.2920E-02 -1.2033E-02
  6.1200E+02  4.1213E-02 -1.1987E-02
  6.1344E+02  4.0219E-02 -1.1944E-02
  6.1488E+02  4.0595E-02 -1.1950E-02
  6.1632E+02  4.1441E-02 -1.2012E-02
  6.1776E+02  4.1793E-02 -1.2086E-02
  6.1920E+02  4.2071E-02 -1.2117E-02
  6.2064E+02  4.3046E-02 -1.2115E-02
  6.2208E+02  4.4291E-02 -1.2104E-02
  6.2352E+02  4.4690E-02 -1.2107E-02
  6.2496E+02  4.4034E-02 -1.2126E-02
  6.2640E+02  4.3245E-02 -1.2148E-02
  6.2784E+02  4.2916E-02 -1.2160E-02
  6.2928E+02  4.2615E-02 -1.2178E-02
  6.3072E+02  4.1897E-02 -1.2205E-02
  6.3216E+02  4.1166E-02 -1.2256E-02
  6.3360E+02  4.1268E-02 -1.2323E-02
  6.3504E+02  4.2329E-02 -1.2386E-02
  6.3648E+02  4.3696E-02 -1.2418E-02
  6.3792E+02  4.4349E-02 -1.2416E-02
  6.3936E+02  4.3804E-02 -1.2376E-02
  6.4080E+02  4.2577E-02 -1.2307E-02
  6.4224E+02  4.1629E-02 -1.2228E-02
  6.4368E+02  4.1655E-02 -1.2183E-02
  6.4512E+02  4.2513E-02 -1.2175E-02
  6.4656E+02  4.3366E-02 -1.2182E-02
  6.4800E+02  4.3393E-02 -1.2182E-02
  6.4944E+02  4.2575E-02 -1.2161E-02
  6.5088E+02  4.1640E-02 -1.2143E-02
  6.5232E+02  4.1266E-02 -1.2156E-02
  6.5376E+02  4.1457E-02 -1.2209E-02
  6.5520E+02  4.1808E-02 -1.2278E-02
  6.5664E+02  4.1949E-02 -1.2340E-02
  6.5808E+02  4.1769E-02 -1.2377E-02
  6.5952E+02  4.1377E-02 -1.2389E-02
  6.6096E+02  4.0837E-02 -1.2402E-02
  6.6240E+02  4.0267E-02 -1.2403E-02
  6.6384E+02  3.9891E-02 -1.2382E-02
  6.6528E+02  3.9829E-02 -1.2340E-02
  6.6672E+02  4.0059E-02 -1.2306E-02
  6.6816E+02  4.0619E-02 -1.2303E-02
  6.6960E+02  4.1568E-02 -1.2338E-02
  6.7104E+02  4.2566E-02 -1.2388E-02
  6.7248E+02  4.3064E-02 -1.2423E-02
  6.7392E+02  4.2771E-02 -1.2427E-02
  6.7536E+02  4.1885E-02 -1.2412E-02
  6.7680E+02  4.1021E-02 -1.2398E-02
  6.7824E+02  4.0668E-02 -1.2395E-02
  6.7968E+02  4.0639E-02 -1.2409E-02
  6.8112E+02  4.0254E-02 -1.2431E-02
  6.8256E+02  3.9048E-02 -1.2444E-02
  6.8400E+02  3.7446E-02 -1.2442E-02
  6.8544E+02  3.6659E-02 -1.2442E-02
  6.8688E+02  3.7570E-02 -1.2466E-02
  6.8832E+02  3.9941E-02 -1.2516E-02
  6.8976E+02  4.2343E-02 -1.2571E-02
  6.9120E+02  4.3264E-02 -1.2609E-02
  6.9264E+02  4.2300E-02 -1.2625E-02
  6.9408E+02  4.0613E-02 -1.2636E-02
  6.9552E+02  3.9796E-02 -1.2637E-02
  6.9696E+02  4.0212E-02 -1.2617E-02
  6.9840E+02  4.0768E-02 -1.2584E-02
  6.9984E+02  4.0700E-02 -1.2552E-02
  7.0128E+02  4.0585E-02 -1.2540E-02
  7.0272E+02  4.1142E-02 -1.2556E-02
  7.0416E+02  4.2101E-02 -1.2588E-02
  7.0560E+02  4.2650E-02 -1.2625E-02
  7.0704E+02  4.2397E-02 -1.2662E-02
  7.0848E+02  4.1620E-02 -1.2695E-02
  7.0992E+02  4.0916E-02 -1.2717E-02
  7.1136E+02  4.0695E-02 -1.2716E-02
  7.1280E+02  4.0889E-02 -1.2697E-02
  7.1424E+02  4.1083E-02 -1.2680E-02
  7.1568E+02  4.0946E-02 -1.2682E-02
  7.1712E+02  4.0446E-02 -1.2696E-02
  7.1856E+02  3.9723E-02 -1.2701E-02
  7.2000E+02  3.9124E-02 -1.2691E-02
  7.2144E+02  3.9285E-02 -1.2680E-02
  7.2288E+02  4.0469E-02 -1.2688E-02
  7.2432E+02  4.1807E-02 -1.2718E-02
  7.2576E+02  4.1992E-02 -1.2763E-02
  7.2720E+02  4.0724E-02 -1.2803E-02
  7.2864E+02  3.8873E-02 -1.2814E-02
  7.3008E+02  3.7483E-02 -1.2788E-02
  7.3152E+02  3.7312E-02 -1.2740E-02
  7.3296E+02  3.8576E-02 -1.2702E-02
  7.3440E+02  4.0526E-02 -1.2699E-02
  7.3584E+02  4.1801E-02 -1.2739E-02
  7.3728E+02  4.1563E-02 -1.2797E-02
  7.3872E+02  4.0257E-02 -1.2838E-02
  7.4016E+02  3.9139E-02 -1.2842E-02
  7.4160E+02  3.9010E-02 -1.2826E-02
  7.4304E+02  3.9695E-02 -1.2813E-02
  7.4448E+02  4.0329E-02 -1.2811E-02
  7.4592E+02  4.0326E-02 -1.2811E-02
  7.4736E+02  4.0010E-02 -1.2817E-02
  7.4880E+02  4.0230E-02 -1.2831E-02
  7.5024E+02  4.1128E-02 -1.2839E-02
  7.5168E+02  4.1925E-02 -1.2837E-02
  7.5312E+02  4.1924E-02 -1.2820E-02
  7.5456E+02  4.1177E-02 -1.2809E-02
  7.5600E+02  4.0196E-02 -1.2819E-02
  7.5744E+02  3.9636E-02 -1.2834E-02
  7.5888E+02  3.9975E-02 -1.2841E-02
  7.6032E+02  4.0789E-02 -1.2851E-02
  7.6176E+02  4.0886E-02 -1.2879E-02
  7.6320E+02  3.9927E-02 -1.2918E-02
  7.6464E+02  3.8996E-02 -1.2957E-02
  7.6608E+02  3.9054E-02 -1.2975E-02
  7.6752E+02  3.9756E-02 -1.2966E-02
  7.6896E+02  4.0343E-02 -1.2947E-02
  7.7040E+02  4.0765E-02 -1.2944E-02
  7.7184E+02  4.1105E-02 -1.2967E-02
  7.7328E+02  4.0854E-02 -1.2997E-02
  7.7472E+02  3.9603E-02 -1.3008E-02
  7.7616E+02  3.8036E-02 -1.2987E-02
  7.7760E+02  3.7287E-02 -1.2952E-02
  7.7904E+02  3.7761E-02 -1.2937E-02
  7.8048E+02  3.8918E-02 -1.2943E-02
  7.8192E+02  4.0035E-02 -1.2952E-02
  7.8336E+02  4.0723E-02 -1.2959E-02
  7.8480E+02  4.0960E-02 -1.2977E-02
  7.8624E+02  4.0605E-02 -1.3009E-02
  7.8768E+02  3.9631E-02 -1.3050E-02
  7.8912E+02  3.8607E-02 -1.3072E-02
  7.9056E+02  3.8396E-02 -1.3065E-02
  7.9200E+02  3.9061E-02 -1.3041E-02
  7.9344E+02  3.9605E-02 -1.3031E-02
  7.9488E+02  3.9234E-02 -1.3031E-02
  7.9632E+02  3.8410E-02 -1.3046E-02
  7.9776E+02  3.8131E-02 -1.3060E-02
  7.9920E+02  3.8727E-02 -1.3057E-02
  8.0064E+02  3.9700E-02 -1.3042E-02
  8.0208E+02  4.0220E-02 -1.3043E-02
  8.0352E+02  3.9830E-02 -1.3075E-02
  8.0496E+02  3.8845E-02 -1.3129E-02
  8.0640E+02  3.8381E-02 -1.3175E-02
  8.0784E+02  3.9349E-02 -1.3188E-02
  8.0928E+02  4.1295E-02 -1.3183E-02
  8.1072E+02  4.2678E-02 -1.3178E-02
  8.1216E+02  4.2556E-02 -1.3182E-02
  8.1360E+02  4.1556E-02 -1.3187E-02
  8.1504E+02  4.0856E-02 -1.3193E-02
  8.1648E+02  4.0817E-02 -1.3207E-02
  8.1792E+02  4.0951E-02 -1.3232E-02
  8.1936E+02  4.0898E-02 -1.3254E-02
  8.2080E+02  4.0876E-02 -1.3264E-02
  8.2224E+02  4.1194E-02 -1.3262E-02
  8.2368E+02  4.1550E-02 -1.3267E-02
  8.2512E+02  4.1289E-02 -1.3295E-02
  8.2656E+02  4.0303E-02 -1.3330E-02
  8.2800E+02  3.9227E-02 -1.3343E-02
  8.2944E+02  3.8633E-02 -1.3326E-02
  8.3088E+02  3.8433E-02 -1.3291E-02
  8.3232E+02  3.8326E-02 -1.3255E-02
  8.3376E+02  3.8305E-02 -1.3228E-02
  8.3520E+02  3.8477E-02 -1.3208E-02
  8.3664E+02  3.8762E-02 -1.3189E-02
  8.3808E+02  3.9009E-02 -1.3179E-02
  8.3952E+02  3.9205E-02 -1.3184E-02
  8.4096E+02  3.9254E-02 -1.3204E-02
  8.4240E+02  3.8900E-02 -1.3244E-02
  8.4384E+02  3.8153E-02 -1.3285E-02
  8.4528E+02  3.7395E-02 -1.3311E-02
  8.4672E+02  3.6912E-02 -1.3315E-02
  8.4816E+02  3.6626E-02 -1.3305E-02
  8.4960E+02  3.6548E-02 -1.3300E-02
  8.5104E+02  3.7057E-02 -1.3310E-02
  8.5248E+02  3.8268E-02 -1.3336E-02
  8.5392E+02  3.9392E-02 -1.3367E-02
  8.5536E+02  3.9536E-02 -1.3393E-02
  8.5680E+02  3.8812E-02 -1.3400E-02
  8.5824E+02  3.8151E-02 -1.3396E-02
  8.5968E+02  3.8006E-02 -1.3392E-02
  8.6112E+02  3.7968E-02 -1.3393E-02
  8.6256E+02  3.7688E-02 -1.3395E-02
  8.6400E+02  3.7534E-02 -1.3403E-02
  8.6544E+02  3.7939E-02 -1.3419E-02
  8.6688E+02  3.8652E-02 -1.3437E-02
  8.6832E+02  3.8874E-02 -1.3440E-02
  8.6976E+02  3.8149E-02 -1.3431E-02
  8.7120E+02  3.6983E-02 -1.3427E-02
  8.7264E+02  3.6375E-02 -1.3439E-02
  8.7408E+02  3.6769E-02 -1.3465E-02
  8.7552E+02  3.7610E-02 -1.3489E-02
  8.7696E+02  3.8049E-02 -1.3496E-02
  8.7840E+02  3.7812E-02 -1.3497E-02
  8.7984E+02  3.7271E-02 -1.3502E-02
  8.8128E+02  3.6855E-02 -1.3511E-02
  8.8272E+02  3.6612E-02 -1.3510E-02
  8.8416E+02  3.6369E-02 -1.3497E-02
  8.8560E+02  3.6166E-02 -1.3490E-02
  8.8704E+02  3.6509E-02 -1.3512E-02
  8.8848E+02  3.7610E-02 -1.3546E-02
  8.8992E+02  3.8608E-02 -1.3565E-02
  8.9136E+02  3.8229E-02 -1.3556E-02
  8.9280E+02  3.6435E-02 -1.3531E-02
  8.9424E+02  3.4656E-02 -1.3513E-02
  8.9568E+02  3.4210E-02 -1.3518E-02
  8.9712E+02  3.5102E-02 -1.3538E-02
  8.9856E+02  3.6514E-02 -1.3553E-02
  9.0000E+02  3.7889E-02 -1.3554E-02
  9.0144E+02  3.8937E-02 -1.3556E-02
  9.0288E+02  3.9312E-02 -1.3570E-02
  9.0432E+02  3.8831E-02 -1.3604E-02
  9.0576E+02  3.7738E-02 -1.3649E-02
  9.0720E+02  3.6541E-02 -1.3681E-02
  9.0864E+02  3.5834E-02 -1.3679E-02
  9.1008E+02  3.5948E-02 -1.3654E-02
  9.1152E+02  3.6460E-02 -1.3639E-02
  9.1296E+02  3.6571E-02 -1.3652E-02
  9.1440E+02  3.6186E-02 -1.3685E-02
  9.1584E+02  3.6023E-02 -1.3706E-02
  9.1728E+02  3.6409E-02 -1.3705E-02
  9.1872E+02  3.6795E-02 -1.3692E-02
  9.2016E+02  3.6636E-02 -1.3675E-02
  9.2160E+02  3.6003E-02 -1.3655E-02
  9.2304E+02  3.5357E-02 -1.3637E-02
  9.2448E+02  3.5091E-02 -1.3638E-02
  9.2592E+02  3.5332E-02 -1.3657E-02
  9.2736E+02  3.5859E-02 -1.3693E-02
  9.2880E+02  3.6259E-02 -1.3723E-02
  9.3024E+02  3.6273E-02 -1.3733E-02
  9.3168E+02  3.5969E-02 -1.3728E-02
  9.3312E+02  3.5595E-02 -1.3732E-02
  9.3456E+02  3.5547E-02 -1.3752E-02
  9.3600E+02  3.6232E-02 -1.3778E-02
  9.3744E+02  3.7456E-02 -1.3789E-02
  9.3888E+02  3.8162E-02 -1.3779E-02
  9.4032E+02  3.7546E-02 -1.3767E-02
  9.4176E+02  3.6177E-02 -1.3781E-02
  9.4320E+02  3.5343E-02 -1.3826E-02
  9.4464E+02  3.5657E-02 -1.3870E-02
  9.4608E+02  3.6666E-02 -1.3897E-02
  9.4752E+02  3.7406E-02 -1.3904E-02
  9.4896E+02  3.7100E-02 -1.3909E-02
  9.5040E+02  3.5885E-02 -1.3919E-02
  9.5184E+02  3.4928E-02 -1.3919E-02
  9.5328E+02  3.5217E-02 -1.3901E-02
  9.5472E+02  3.6415E-02 -1.3879E-02
  9.5616E+02  3.7205E-02 -1.3858E-02
  9.5760E+02  3.6707E-02 -1.3839E-02
  9.5904E+02  3.5323E-02 -1.3815E-02
  9.6048E+02  3.4293E-02 -1.3795E-02
  9.6192E+02  3.4531E-02 -1.3786E-02
  9.6336E+02  3.5790E-02 -1.3799E-02
  9.6480E+02  3.6920E-02 -1.3830E-02
  9.6624E+02  3.7137E-02 -1.3860E-02
  9.6768E+02  3.6842E-02 -1.3871E-02
  9.6912E+02  3.6874E-02 -1.3874E-02
  9.7056E+02  3.7249E-02 -1.3881E-02
  9.7200E+02  3.7255E-02 -1.3897E-02
  9.7344E+02  3.6583E-02 -1.3919E-02
  9.7488E+02  3.5692E-02 -1.3935E-02
  9.7632E+02  3.5161E-02 -1.3935E-02
  9.7776E+02  3.5316E-02 -1.3918E-02
  9.7920E+02  3.6124E-02 -1.3905E-02
  9.8064E+02  3.7070E-02 -1.3917E-02
  9.8208E+02  3.7418E-02 -1.3955E-02
  9.8352E+02  3.6954E-02 -1.3988E-02
  9.8496E+02  3.6079E-02 -1.3994E-02
  9.8640E+02  3.5220E-02 -1.3983E-02
  9.8784E+02  3.4556E-02 -1.3977E-02
  9.8928E+02  3.4277E-02 -1.3980E-02
  9.9072E+02  3.4606E-02 -1.3981E-02
  9.9216E+02  3.5443E-02 -1.3969E-02
  9.9360E+02  3.6264E-02 -1.3951E-02
  9.9504E+02  3.6670E-02 -1.3945E-02
  9.9648E+02  3.6722E-02 -1.3969E-02
  9.9792E+02  3.6576E-02 -1.4012E-02
  9.9936E+02  3.6168E-02 -1.4045E-02
  1.0008E+03  3.5394E-02 -1.4049E-02
  1.0022E+03  3.4481E-02 -1.4030E-02
  1.0037E+03  3.3889E-02 -1.4010E-02
  1.0051E+03  3.3827E-02 -1.4007E-02
  1.0066E+03  3.4016E-02 -1.4021E-02
  1.0080E+03  3.4152E-02 -1.4041E-02
  1.0094E+03  3.4296E-02 -1.4059E-02
  1.0109E+03  3.4698E-02 -1.4076E-02
  1.0123E+03  3.5233E-02 -1.4093E-02
  1.0138E+03  3.5544E-02 -1.4116E-02
  1.0152E+03  3.5628E-02 -1.4146E-02
  1.0166E+03  3.5747E-02 -1.4178E-02
  1.0181E+03  3.5843E-02 -1.4197E-02
  1.0195E+03  3.5611E-02 -1.4190E-02
  1.0210E+03  3.5136E-02 -1.4157E-02
  1.0224E+03  3.4933E-02 -1.4123E-02
  1.0238E+03  3.5165E-02 -1.4108E-02
  1.0253E+03  3.5387E-02 -1.4110E-02
  1.0267E+03  3.5124E-02 -1.4113E-02
  1.0282E+03  3.4487E-02 -1.4109E-02
  1.0296E+03  3.4042E-02 -1.4104E-02
  1.0310E+03  3.4176E-02 -1.4106E-02
  1.0325E+03  3.4753E-02 -1.4119E-02
  1.0339E+03  3.5301E-02 -1.4141E-02
  1.0354E+03  3.5418E-02 -1.4169E-02
  1.0368E+03  3.5044E-02 -1.4193E-02
  1.0382E+03  3.4544E-02 -1.4198E-02
  1.0397E+03  3.4367E-02 -1.4178E-02
  1.0411E+03  3.4561E-02 -1.4151E-02
  1.0426E+03  3.4826E-02 -1.4145E-02
  1.0440E+03  3.4990E-02 -1.4167E-02
  1.0454E+03  3.5029E-02 -1.4204E-02
  1.0469E+03  3.4846E-02 -1.4230E-02
  1.0483E+03  3.4479E-02 -1.4235E-02
  1.0498E+03  3.4297E-02 -1.4228E-02
  1.0512E+03  3.4728E-02 -1.4229E-02
  1.0526E+03  3.5655E-02 -1.4243E-02
  1.0541E+03  3.6364E-02 -1.4263E-02
  1.0555E+03  3.6222E-02 -1.4272E-02
  1.0570E+03  3.5417E-02 -1.4267E-02
  1.0584E+03  3.4656E-02 -1.4256E-02
  1.0598E+03  3.4425E-02 -1.4247E-02
  1.0613E+03  3.4598E-02 -1.4246E-02
  1.0627E+03  3.4808E-02 -1.4258E-02
  1.0642E+03  3.4907E-02 -1.4284E-02
  1.0656E+03  3.5159E-02 -1.4309E-02
  1.0670E+03  3.5704E-02 -1.4321E-02
  1.0685E+03  3.6068E-02 -1.4325E-02
  1.0699E+03  3.5737E-02 -1.4328E-02
  1.0714E+03  3.4924E-02 -1.4327E-02
  1.0728E+03  3.4250E-02 -1.4320E-02
  1.0742E+03  3.4064E-02 -1.4315E-02
  1.0757E+03  3.4343E-02 -1.4315E-02
  1.0771E+03  3.4819E-02 -1.4319E-02
  1.0786E+03  3.5160E-02 -1.4329E-02
  1.0800E+03  3.5325E-02 -1.4343E-02
  1.0814E+03  3.5605E-02 -1.4358E-02
  1.0829E+03  3.6163E-02 -1.4369E-02
  1.0843E+03  3.6680E-02 -1.4380E-02
  1.0858E+03  3.6818E-02 -1.4384E-02
  1.0872E+03  3.6720E-02 -1.4384E-02
  1.0886E+03  3.6718E-02 -1.4384E-02
  1.0901E+03  3.6761E-02 -1.4393E-02
  1.0915E+03  3.6428E-02 -1.4414E-02
  1.0930E+03  3.5556E-02 -1.4430E-02
  1.0944E+03  3.4401E-02 -1.4423E-02
  1.0958E+03  3.3501E-02 -1.4404E-02
  1.0973E+03  3.3465E-02 -1.4392E-02
  1.0987E+03  3.4531E-02 -1.4399E-02
  1.1002E+03  3.6085E-02 -1.4427E-02
  1.1016E+03  3.7091E-02 -1.4457E-02
  1.1030E+03  3.6969E-02 -1.4471E-02
  1.1045E+03  3.5817E-02 -1.4475E-02
  1.1059E+03  3.4302E-02 -1.4481E-02
  1.1074E+03  3.3452E-02 -1.4488E-02
  1.1088E+03  3.3815E-02 -1.4480E-02
  1.1102E+03  3.4833E-02 -1.4462E-02
  1.1117E+03  3.5542E-02 -1.4450E-02
  1.1131E+03  3.5558E-02 -1.4458E-02
  1.1146E+03  3.5084E-02 -1.4485E-02
  1.1160E+03  3.4365E-02 -1.4512E-02
  1.1174E+03  3.3757E-02 -1.4523E-02
  1.1189E+03  3.3780E-02 -1.4523E-02
  1.1203E+03  3.4469E-02 -1.4527E-02
  1.1218E+03  3.5122E-02 -1.4545E-02
  1.1232E+03  3.5114E-02 -1.4572E-02
  1.1246E+03  3.4673E-02 -1.4596E-02
  1.1261E+03  3.4366E-02 -1.4612E-02
  1.1275E+03  3.4292E-02 -1.4619E-02
  1.1290E+03  3.4353E-02 -1.4613E-02
  1.1304E+03  3.4760E-02 -1.4597E-02
  1.1318E+03  3.5585E-02 -1.4587E-02
  1.1333E+03  3.6244E-02 -1.4599E-02
  1.1347E+03  3.6062E-02 -1.4620E-02
  1.1362E+03  3.5069E-02 -1.4637E-02
  1.1376E+03  3.4013E-02 -1.4649E-02
  1.1390E+03  3.3712E-02 -1.4651E-02
  1.1405E+03  3.4319E-02 -1.4635E-02
  1.1419E+03  3.5190E-02 -1.4611E-02
  1.1434E+03  3.5609E-02 -1.4594E-02
  1.1448E+03  3.5529E-02 -1.4596E-02
  1.1462E+03  3.5320E-02 -1.4610E-02
  1.1477E+03  3.5264E-02 -1.4621E-02
  1.1491E+03  3.5376E-02 -1.4619E-02
  1.1506E+03  3.5469E-02 -1.4613E-02
  1.1520E+03  3.5150E-02 -1.4619E-02
  1.1534E+03  3.4301E-02 -1.4635E-02
  1.1549E+03  3.3488E-02 -1.4649E-02
  1.1563E+03  3.3470E-02 -1.4651E-02
  1.1578E+03  3.4088E-02 -1.4644E-02
  1.1592E+03  3.4398E-02 -1.4643E-02
  1.1606E+03  3.3965E-02 -1.4653E-02
  1.1621E+03  3.3423E-02 -1.4668E-02
  1.1635E+03  3.3436E-02 -1.4681E-02
  1.1650E+03  3.3827E-02 -1.4684E-02
  1.1664E+03  3.4119E-02 -1.4677E-02
  1.1678E+03  3.4189E-02 -1.4674E-02
  1.1693E+03  3.4103E-02 -1.4683E-02
  1.1707E+03  3.3887E-02 -1.4691E-02
  1.1722E+03  3.3650E-02 -1.4688E-02
  1.1736E+03  3.3608E-02 -1.4683E-02
  1.1750E+03  3.3795E-02 -1.4695E-02
  1.1765E+03  3.3985E-02 -1.4718E-02
  1.1779E+03  3.3918E-02 -1.4735E-02
  1.1794E+03  3.3595E-02 -1.4740E-02
  1.1808E+03  3.3297E-02 -1.4744E-02
  1.1822E+03  3.3265E-02 -1.4759E-02
  1.1837E+03  3.3355E-02 -1.4783E-02
  1.1851E+03  3.3258E-02 -1.4807E-02
  1.1866E+03  3.3016E-02 -1.4823E-02
  1.1880E+03  3.2895E-02 -1.4826E-02
  1.1894E+03  3.2868E-02 -1.4821E-02
  1.1909E+03  3.2650E-02 -1.4815E-02
  1.1923E+03  3.2340E-02 -1.4817E-02
  1.1938E+03  3.2478E-02 -1.4829E-02
  1.1952E+03  3.3269E-02 -1.4852E-02
  1.1966E+03  3.4134E-02 -1.4870E-02
  1.1981E+03  3.4353E-02 -1.4872E-02
  1.1995E+03  3.3849E-02 -1.4857E-02
  1.2010E+03  3.3060E-02 -1.4843E-02
  1.2024E+03  3.2381E-02 -1.4833E-02
  1.2038E+03  3.1965E-02 -1.4821E-02
  1.2053E+03  3.1875E-02 -1.4810E-02
  1.2067E+03  3.2098E-02 -1.4811E-02
  1.2082E+03  3.2517E-02 -1.4831E-02
  1.2096E+03  3.2955E-02 -1.4854E-02
  1.2110E+03  3.3230E-02 -1.4859E-02
  1.2125E+03  3.3145E-02 -1.4846E-02
  1.2139E+03  3.2670E-02 -1.4844E-02
  1.2154E+03  3.2099E-02 -1.4864E-02
  1.2168E+03  3.1918E-02 -1.4891E-02
  1.2182E+03  3.2336E-02 -1.4905E-02
  1.2197E+03  3.2847E-02 -1.4901E-02
  1.2211E+03  3.2698E-02 -1.4899E-02
  1.2226E+03  3.1828E-02 -1.4918E-02
  1.2240E+03  3.0990E-02 -1.4954E-02
  1.2254E+03  3.0801E-02 -1.4986E-02
  1.2269E+03  3.1198E-02 -1.5002E-02
  1.2283E+03  3.1788E-02 -1.5001E-02
  1.2298E+03  3.2348E-02 -1.4994E-02
  1.2312E+03  3.2747E-02 -1.4994E-02
  1.2326E+03  3.2684E-02 -1.5003E-02
  1.2341E+03  3.1958E-02 -1.5009E-02
  1.2355E+03  3.1009E-02 -1.5007E-02
  1.2370E+03  3.0718E-02 -1.5000E-02
  1.2384E+03  3.1329E-02 -1.4991E-02
  1.2398E+03  3.1983E-02 -1.4983E-02
  1.2413E+03  3.1803E-02 -1.4980E-02
  1.2427E+03  3.1011E-02 -1.4981E-02
  1.2442E+03  3.0577E-02 -1.4986E-02
  1.2456E+03  3.0941E-02 -1.4994E-02
  1.2470E+03  3.1658E-02 -1.4999E-02
  1.2485E+03  3.2115E-02 -1.5001E-02
  1.2499E+03  3.2207E-02 -1.5006E-02
  1.2514E+03  3.2211E-02 -1.5020E-02
  1.2528E+03  3.2372E-02 -1.5037E-02
  1.2542E+03  3.2601E-02 -1.5050E-02
  1.2557E+03  3.2482E-02 -1.5056E-02
  1.2571E+03  3.1785E-02 -1.5056E-02
  1.2586E+03  3.1001E-02 -1.5053E-02
  1.2600E+03  3.0937E-02 -1.5052E-02
  1.2614E+03  3.1709E-02 -1.5062E-02
  1.2629E+03  3.2689E-02 -1.5085E-02
  1.2643E+03  3.3213E-02 -1.5104E-02
  1.2658E+03  3.2973E-02 -1.5108E-02
  1.2672E+03  3.2027E-02 -1.5103E-02
  1.2686E+03  3.0822E-02 -1.5104E-02
  1.2701E+03  3.0013E-02 -1.5111E-02
  1.2715E+03  2.9910E-02 -1.5115E-02
  1.2730E+03  3.0326E-02 -1.5108E-02
  1.2744E+03  3.0918E-02 -1.5092E-02
  1.2758E+03  3.1378E-02 -1.5080E-02
  1.2773E+03  3.1357E-02 -1.5087E-02
  1.2787E+03  3.0722E-02 -1.5103E-02
  1.2802E+03  2.9881E-02 -1.5107E-02
  1.2816E+03  2.9534E-02 -1.5098E-02
  1.2830E+03  2.9948E-02 -1.5099E-02
  1.2845E+03  3.0734E-02 -1.5117E-02
  1.2859E+03  3.1335E-02 -1.5143E-02
  1.2874E+03  3.1450E-02 -1.5156E-02
  1.2888E+03  3.1233E-02 -1.5160E-02
  1.2902E+03  3.1085E-02 -1.5166E-02
  1.2917E+03  3.1215E-02 -1.5177E-02
  1.2931E+03  3.1431E-02 -1.5184E-02
  1.2946E+03  3.1601E-02 -1.5190E-02
  1.2960E+03  3.1856E-02 -1.5199E-02
  1.2974E+03  3.2135E-02 -1.5212E-02
  1.2989E+03  3.2064E-02 -1.5223E-02
  1.3003E+03  3.1592E-02 -1.5222E-02
  1.3018E+03  3.1268E-02 -1.5209E-02
  1.3032E+03  3.1468E-02 -1.5200E-02
  1.3046E+03  3.1894E-02 -1.5206E-02
  1.3061E+03  3.2019E-02 -1.5219E-02
  1.3075E+03  3.1662E-02 -1.5231E-02
  1.3090E+03  3.1039E-02 -1.5238E-02
  1.3104E+03  3.0614E-02 -1.5242E-02
  1.3118E+03  3.0840E-02 -1.5242E-02
  1.3133E+03  3.1597E-02 -1.5243E-02
  1.3147E+03  3.2158E-02 -1.5253E-02
  1.3162E+03  3.2071E-02 -1.5272E-02
  1.3176E+03  3.1810E-02 -1.5291E-02
  1.3190E+03  3.1950E-02 -1.5298E-02
  1.3205E+03  3.2209E-02 -1.5294E-02
  1.3219E+03  3.1918E-02 -1.5288E-02
  1.3234E+03  3.1116E-02 -1.5292E-02
  1.3248E+03  3.0623E-02 -1.5311E-02
  1.3262E+03  3.1003E-02 -1.5338E-02
  1.3277E+03  3.1804E-02 -1.5349E-02
  1.3291E+03  3.2021E-02 -1.5335E-02
  1.3306E+03  3.1403E-02 -1.5313E-02
  1.3320E+03  3.0884E-02 -1.5301E-02
  1.3334E+03  3.1380E-02 -1.5306E-02
  1.3349E+03  3.2442E-02 -1.5320E-02
  1.3363E+03  3.2745E-02 -1.5335E-02
  1.3378E+03  3.1868E-02 -1.5344E-02
  1.3392E+03  3.0759E-02 -1.5346E-02
  1.3406E+03  3.0393E-02 -1.5345E-02
  1.3421E+03  3.0720E-02 -1.5344E-02
  1.3435E+03  3.1224E-02 -1.5342E-02
  1.3450E+03  3.1628E-02 -1.5349E-02
  1.3464E+03  3.1858E-02 -1.5364E-02
  1.3478E+03  3.1853E-02 -1.5376E-02
  1.3493E+03  3.1706E-02 -1.5376E-02
  1.3507E+03  3.1605E-02 -1.5373E-02
  1.3522E+03  3.1562E-02 -1.5385E-02
  1.3536E+03  3.1423E-02 -1.5412E-02
  1.3550E+03  3.1164E-02 -1.5434E-02
  1.3565E+03  3.0995E-02 -1.5438E-02
  1.3579E+03  3.1136E-02 -1.5434E-02
  1.3594E+03  3.1603E-02 -1.5438E-02
  1.3608E+03  3.2126E-02 -1.5452E-02
  1.3622E+03  3.2394E-02 -1.5470E-02
  1.3637E+03  3.2266E-02 -1.5487E-02
  1.3651E+03  3.1792E-02 -1.5498E-02
  1.3666E+03  3.1165E-02 -1.5498E-02
  1.3680E+03  3.0757E-02 -1.5485E-02
  1.3694E+03  3.0991E-02 -1.5468E-02
  1.3709E+03  3.1760E-02 -1.5464E-02
  1.3723E+03  3.2246E-02 -1.5478E-02
  1.3738E+03  3.1857E-02 -1.5492E-02
  1.3752E+03  3.1093E-02 -1.5488E-02
  1.3766E+03  3.0888E-02 -1.5474E-02
  1.3781E+03  3.1389E-02 -1.5471E-02
  1.3795E+03  3.2000E-02 -1.5490E-02
  1.3810E+03  3.2260E-02 -1.5515E-02
  1.3824E+03  3.2153E-02 -1.5527E-02
  1.3838E+03  3.1652E-02 -1.5521E-02
  1.3853E+03  3.0770E-02 -1.5505E-02
  1.3867E+03  2.9918E-02 -1.5492E-02
  1.3882E+03  2.9711E-02 -1.5491E-02
  1.3896E+03  3.0207E-02 -1.5499E-02
  1.3910E+03  3.0805E-02 -1.5508E-02
  1.3925E+03  3.0980E-02 -1.5512E-02
  1.3939E+03  3.0807E-02 -1.5517E-02
  1.3954E+03  3.0600E-02 -1.5532E-02
  1.3968E+03  3.0451E-02 -1.5552E-02
  1.3982E+03  3.0361E-02 -1.5564E-02
  1.3997E+03  3.0478E-02 -1.5566E-02
  1.4011E+03  3.0900E-02 -1.5564E-02
  1.4026E+03  3.1347E-02 -1.5564E-02
  1.4040E+03  3.1533E-02 -1.5568E-02
  1.4054E+03  3.1647E-02 -1.5576E-02
  1.4069E+03  3.1996E-02 -1.5589E-02
  1.4083E+03  3.2360E-02 -1.5609E-02
  1.4098E+03  3.2227E-02 -1.5627E-02
  1.4112E+03  3.1611E-02 -1.5634E-02
  1.4126E+03  3.1106E-02 -1.5632E-02
  1.4141E+03  3.1147E-02 -1.5627E-02
  1.4155E+03  3.1466E-02 -1.5627E-02
  1.4170E+03  3.1511E-02 -1.5637E-02
  1.4184E+03  3.1197E-02 -1.5653E-02
  1.4198E+03  3.0957E-02 -1.5666E-02
  1.4213E+03  3.1057E-02 -1.5669E-02
  1.4227E+03  3.1266E-02 -1.5662E-02
  1.4242E+03  3.1282E-02 -1.5656E-02
  1.4256E+03  3.1101E-02 -1.5656E-02
  1.4270E+03  3.0883E-02 -1.5666E-02
  1.4285E+03  3.0719E-02 -1.5674E-02
  1.4299E+03  3.0727E-02 -1.5662E-02
  1.4314E+03  3.0972E-02 -1.5638E-02
  1.4328E+03  3.1149E-02 -1.5629E-02
  1.4342E+03  3.0758E-02 -1.5649E-02
  1.4357E+03  2.9799E-02 -1.5680E-02
  1.4371E+03  2.9059E-02 -1.5687E-02
  1.4386E+03  2.9238E-02 -1.5664E-02
  1.4400E+03  3.0198E-02 -1.5640E-02
  1.4414E+03  3.1170E-02 -1.5643E-02
  1.4429E+03  3.1510E-02 -1.5672E-02
  1.4443E+03  3.1102E-02 -1.5708E-02
  1.4458E+03  3.0427E-02 -1.5734E-02
  1.4472E+03  3.0156E-02 -1.5747E-02
  1.4486E+03  3.0503E-02 -1.5752E-02
  1.4501E+03  3.1071E-02 -1.5756E-02
  1.4515E+03  3.1294E-02 -1.5754E-02
  1.4530E+03  3.0926E-02 -1.5751E-02
  1.4544E+03  3.0173E-02 -1.5756E-02
  1.4558E+03  2.9631E-02 -1.5767E-02
  1.4573E+03  2.9750E-02 -1.5776E-02
  1.4587E+03  3.0325E-02 -1.5781E-02
  1.4602E+03  3.0730E-02 -1.5788E-02
  1.4616E+03  3.0741E-02 -1.5803E-02
  1.4630E+03  3.0711E-02 -1.5822E-02
  1.4645E+03  3.0860E-02 -1.5839E-02
  1.4659E+03  3.0966E-02 -1.5847E-02
  1.4674E+03  3.0835E-02 -1.5842E-02
  1.4688E+03  3.0629E-02 -1.5831E-02
  1.4702E+03  3.0481E-02 -1.5824E-02
  1.4717E+03  3.0279E-02 -1.5826E-02
  1.4731E+03  3.0077E-02 -1.5828E-02
  1.4746E+03  3.0122E-02 -1.5821E-02
  1.4760E+03  3.0364E-02 -1.5816E-02
  1.4774E+03  3.0466E-02 -1.5821E-02
  1.4789E+03  3.0316E-02 -1.5831E-02
  1.4803E+03  3.0046E-02 -1.5838E-02
  1.4818E+03  2.9832E-02 -1.5846E-02
  1.4832E+03  2.9791E-02 -1.5852E-02
  1.4846E+03  2.9902E-02 -1.5855E-02
  1.4861E+03  2.9968E-02 -1.5861E-02
  1.4875E+03  2.9943E-02 -1.5875E-02
  1.4890E+03  3.0097E-02 -1.5892E-02
  1.4904E+03  3.0574E-02 -1.5903E-02
  1.4918E+03  3.1064E-02 -1.5904E-02
  1.4933E+03  3.1128E-02 -1.5895E-02
  1.4947E+03  3.0761E-02 -1.5890E-02
  1.4962E+03  3.0392E-02 -1.5901E-02
  1.4976E+03  3.0376E-02 -1.5925E-02
  1.4990E+03  3.0571E-02 -1.5945E-02
  1.5005E+03  3.0519E-02 -1.5948E-02
  1.5019E+03  2.9948E-02 -1.5945E-02
  1.5034E+03  2.9154E-02 -1.5952E-02
  1.5048E+03  2.8859E-02 -1.5965E-02
  1.5062E+03  2.9362E-02 -1.5967E-02
  1.5077E+03  3.0075E-02 -1.5958E-02
  1.5091E+03  3.0205E-02 -1.5954E-02
  1.5106E+03  2.9730E-02 -1.5961E-02
  1.5120E+03  2.9131E-02 -1.5973E-02
  1.5134E+03  2.8729E-02 -1.5977E-02
  1.5149E+03  2.8635E-02 -1.5972E-02
  1.5163E+03  2.8915E-02 -1.5969E-02
  1.5178E+03  2.9474E-02 -1.5978E-02
  1.5192E+03  3.0050E-02 -1.5988E-02
  1.5206E+03  3.0410E-02 -1.5987E-02
  1.5221E+03  3.0345E-02 -1.5982E-02
  1.5235E+03  2.9721E-02 -1.5986E-02
  1.5250E+03  2.8826E-02 -1.5993E-02
  1.5264E+03  2.8356E-02 -1.5995E-02
  1.5278E+03  2.8688E-02 -1.5993E-02
  1.5293E+03  2.9419E-02 -1.5993E-02
  1.5307E+03  2.9924E-02 -1.5998E-02
  1.5322E+03  3.0091E-02 -1.6003E-02
  1.5336E+03  3.0203E-02 -1.6014E-02
  1.5350E+03  3.0299E-02 -1.6039E-02
  1.5365E+03  3.0171E-02 -1.6069E-02
  1.5379E+03  2.9755E-02 -1.6083E-02
  1.5394E+03  2.9222E-02 -1.6077E-02
  1.5408E+03  2.8808E-02 -1.6063E-02
  1.5422E+03  2.8700E-02 -1.6054E-02
  1.5437E+03  2.8928E-02 -1.6057E-02
  1.5451E+03  2.9304E-02 -1.6066E-02
  1.5466E+03  2.9568E-02 -1.6073E-02
  1.5480E+03  2.9498E-02 -1.6076E-02
  1.5494E+03  2.9062E-02 -1.6081E-02
  1.5509E+03  2.8561E-02 -1.6093E-02
  1.5523E+03  2.8470E-02 -1.6105E-02
  1.5538E+03  2.8811E-02 -1.6110E-02
  1.5552E+03  2.9089E-02 -1.6109E-02
  1.5566E+03  2.9008E-02 -1.6109E-02
  1.5581E+03  2.8885E-02 -1.6116E-02
  1.5595E+03  2.9073E-02 -1.6124E-02
  1.5610E+03  2.9413E-02 -1.6121E-02
  1.5624E+03  2.9516E-02 -1.6112E-02
  1.5638E+03  2.9246E-02 -1.6110E-02
  1.5653E+03  2.8787E-02 -1.6125E-02
  1.5667E+03  2.8363E-02 -1.6149E-02
  1.5682E+03  2.8112E-02 -1.6161E-02
  1.5696E+03  2.8160E-02 -1.6157E-02
  1.5710E+03  2.8535E-02 -1.6152E-02
  1.5725E+03  2.9002E-02 -1.6162E-02
  1.5739E+03  2.9184E-02 -1.6176E-02
  1.5754E+03  2.8949E-02 -1.6179E-02
  1.5768E+03  2.8508E-02 -1.6169E-02
  1.5782E+03  2.8216E-02 -1.6159E-02
  1.5797E+03  2.8251E-02 -1.6162E-02
  1.5811E+03  2.8601E-02 -1.6173E-02
  1.5826E+03  2.9152E-02 -1.6180E-02
  1.5840E+03  2.9725E-02 -1.6183E-02
  1.5854E+03  3.0010E-02 -1.6190E-02
  1.5869E+03  2.9667E-02 -1.6202E-02
  1.5883E+03  2.8752E-02 -1.6214E-02
  1.5898E+03  2.7841E-02 -1.6223E-02
  1.5912E+03  2.7584E-02 -1.6230E-02
  1.5926E+03  2.8181E-02 -1.6231E-02
  1.5941E+03  2.9218E-02 -1.6227E-02
  1.5955E+03  2.9890E-02 -1.6224E-02
  1.5970E+03  2.9615E-02 -1.6232E-02
  1.5984E+03  2.8565E-02 -1.6250E-02
  1.5998E+03  2.7542E-02 -1.6263E-02
  1.6013E+03  2.7310E-02 -1.6260E-02
  1.6027E+03  2.7934E-02 -1.6251E-02
  1.6042E+03  2.8785E-02 -1.6260E-02
  1.6056E+03  2.9152E-02 -1.6288E-02
  1.6070E+03  2.8980E-02 -1.6314E-02
  1.6085E+03  2.8706E-02 -1.6313E-02
  1.6099E+03  2.8552E-02 -1.6291E-02
  1.6114E+03  2.8400E-02 -1.6268E-02
  1.6128E+03  2.8252E-02 -1.6258E-02
  1.6142E+03  2.8238E-02 -1.6258E-02
  1.6157E+03  2.8263E-02 -1.6263E-02
  1.6171E+03  2.8106E-02 -1.6273E-02
  1.6186E+03  2.7815E-02 -1.6282E-02
  1.6200E+03  2.7661E-02 -1.6288E-02
  1.6214E+03  2.7675E-02 -1.6295E-02
  1.6229E+03  2.7670E-02 -1.6300E-02
  1.6243E+03  2.7722E-02 -1.6305E-02
  1.6258E+03  2.8164E-02 -1.6315E-02
  1.6272E+03  2.8875E-02 -1.6331E-02
  1.6286E+03  2.9130E-02 -1.6344E-02
  1.6301E+03  2.8464E-02 -1.6344E-02
  1.6315E+03  2.7267E-02 -1.6337E-02
  1.6330E+03  2.6463E-02 -1.6337E-02
  1.6344E+03  2.6652E-02 -1.6350E-02
  1.6358E+03  2.7589E-02 -1.6364E-02
  1.6373E+03  2.8461E-02 -1.6372E-02
  1.6387E+03  2.8730E-02 -1.6376E-02
  1.6402E+03  2.8475E-02 -1.6380E-02
  1.6416E+03  2.7990E-02 -1.6387E-02
  1.6430E+03  2.7564E-02 -1.6398E-02
  1.6445E+03  2.7512E-02 -1.6405E-02
  1.6459E+03  2.7932E-02 -1.6405E-02
  1.6474E+03  2.8417E-02 -1.6403E-02
  1.6488E+03  2.8524E-02 -1.6403E-02
  1.6502E+03  2.8252E-02 -1.6400E-02
  1.6517E+03  2.7929E-02 -1.6399E-02
  1.6531E+03  2.7753E-02 -1.6407E-02
  1.6546E+03  2.7677E-02 -1.6421E-02
  1.6560E+03  2.7585E-02 -1.6429E-02
  1.6574E+03  2.7380E-02 -1.6427E-02
  1.6589E+03  2.7100E-02 -1.6426E-02
  1.6603E+03  2.7070E-02 -1.6432E-02
  1.6618E+03  2.7601E-02 -1.6443E-02
  1.6632E+03  2.8314E-02 -1.6450E-02
  1.6646E+03  2.8321E-02 -1.6451E-02
  1.6661E+03  2.7416E-02 -1.6452E-02
  1.6675E+03  2.6474E-02 -1.6460E-02
  1.6690E+03  2.6401E-02 -1.6476E-02
  1.6704E+03  2.7154E-02 -1.6488E-02
  1.6718E+03  2.8021E-02 -1.6487E-02
  1.6733E+03  2.8391E-02 -1.6482E-02
  1.6747E+03  2.8219E-02 -1.6485E-02
  1.6762E+03  2.7882E-02 -1.6490E-02
  1.6776E+03  2.7741E-02 -1.6488E-02
  1.6790E+03  2.7799E-02 -1.6485E-02
  1.6805E+03  2.7900E-02 -1.6489E-02
  1.6819E+03  2.8016E-02 -1.6495E-02
  1.6834E+03  2.8074E-02 -1.6495E-02
  1.6848E+03  2.7868E-02 -1.6493E-02
  1.6862E+03  2.7399E-02 -1.6493E-02
  1.6877E+03  2.7113E-02 -1.6501E-02
  1.6891E+03  2.7424E-02 -1.6514E-02
  1.6906E+03  2.8172E-02 -1.6529E-02
  1.6920E+03  2.8747E-02 -1.6540E-02
  1.6934E+03  2.8685E-02 -1.6545E-02
  1.6949E+03  2.7994E-02 -1.6546E-02
  1.6963E+03  2.7187E-02 -1.6548E-02
  1.6978E+03  2.7012E-02 -1.6552E-02
  1.6992E+03  2.7698E-02 -1.6557E-02
  1.7006E+03  2.8542E-02 -1.6562E-02
  1.7021E+03  2.8612E-02 -1.6564E-02
  1.7035E+03  2.7921E-02 -1.6562E-02
  1.7050E+03  2.7290E-02 -1.6562E-02
  1.7064E+03  2.7249E-02 -1.6571E-02
  1.7078E+03  2.7523E-02 -1.6585E-02
  1.7093E+03  2.7575E-02 -1.6588E-02
  1.7107E+03  2.7264E-02 -1.6577E-02
  1.7122E+03  2.6939E-02 -1.6562E-02
  1.7136E+03  2.7038E-02 -1.6554E-02
  1.7150E+03  2.7509E-02 -1.6561E-02
  1.7165E+03  2.7856E-02 -1.6579E-02
  1.7179E+03  2.7788E-02 -1.6593E-02
  1.7194E+03  2.7554E-02 -1.6598E-02
  1.7208E+03  2.7496E-02 -1.6601E-02
  1.7222E+03  2.7614E-02 -1.6613E-02
  1.7237E+03  2.7725E-02 -1.6630E-02
  1.7251E+03  2.7693E-02 -1.6640E-02
  1.7266E+03  2.7512E-02 -1.6641E-02
  1.7280E+03  2.7311E-02 -1.6639E-02
  1.7294E+03  2.7355E-02 -1.6644E-02
  1.7309E+03  2.7728E-02 -1.6652E-02
  1.7323E+03  2.8143E-02 -1.6656E-02
  1.7338E+03  2.8285E-02 -1.6658E-02
  1.7352E+03  2.8189E-02 -1.6667E-02
  1.7366E+03  2.8074E-02 -1.6690E-02
  1.7381E+03  2.7922E-02 -1.6712E-02
  1.7395E+03  2.7682E-02 -1.6713E-02
  1.7410E+03  2.7576E-02 -1.6694E-02
  1.7424E+03  2.7776E-02 -1.6681E-02
  1.7438E+03  2.7961E-02 -1.6690E-02
  1.7453E+03  2.7748E-02 -1.6710E-02
  1.7467E+03  2.7294E-02 -1.6714E-02
  1.7482E+03  2.7135E-02 -1.6699E-02
  1.7496E+03  2.7407E-02 -1.6681E-02
  1.7510E+03  2.7580E-02 -1.6671E-02
  1.7525E+03  2.7137E-02 -1.6674E-02
  1.7539E+03  2.6356E-02 -1.6686E-02
  1.7554E+03  2.6096E-02 -1.6700E-02
  1.7568E+03  2.6738E-02 -1.6712E-02
  1.7582E+03  2.7713E-02 -1.6720E-02
  1.7597E+03  2.8176E-02 -1.6727E-02
  1.7611E+03  2.7847E-02 -1.6739E-02
  1.7626E+03  2.7124E-02 -1.6756E-02
  1.7640E+03  2.6617E-02 -1.6764E-02
  1.7654E+03  2.6664E-02 -1.6758E-02
  1.7669E+03  2.7081E-02 -1.6751E-02
  1.7683E+03  2.7416E-02 -1.6757E-02
  1.7698E+03  2.7419E-02 -1.6775E-02
  1.7712E+03  2.7257E-02 -1.6791E-02
  1.7726E+03  2.7166E-02 -1.6797E-02
  1.7741E+03  2.7085E-02 -1.6794E-02
  1.7755E+03  2.6809E-02 -1.6795E-02
  1.7770E+03  2.6502E-02 -1.6803E-02
  1.7784E+03  2.6638E-02 -1.6810E-02
  1.7798E+03  2.7250E-02 -1.6812E-02
  1.7813E+03  2.7732E-02 -1.6808E-02
  1.7827E+03  2.7513E-02 -1.6807E-02
  1.7842E+03  2.6795E-02 -1.6812E-02
  1.7856E+03  2.6315E-02 -1.6818E-02
  1.7870E+03  2.6462E-02 -1.6816E-02
  1.7885E+03  2.6908E-02 -1.6811E-02
  1.7899E+03  2.7201E-02 -1.6814E-02
  1.7914E+03  2.7343E-02 -1.6825E-02
  1.7928E+03  2.7512E-02 -1.6835E-02
  1.7942E+03  2.7633E-02 -1.6832E-02
  1.7957E+03  2.7537E-02 -1.6821E-02
  1.7971E+03  2.7311E-02 -1.6819E-02
  1.7986E+03  2.7154E-02 -1.6841E-02
  1.8000E+03  2.7177E-02 -1.6869E-02
  1.8014E+03  2.7277E-02 -1.6875E-02
  1.8029E+03  2.7203E-02 -1.6858E-02
  1.8043E+03  2.6849E-02 -1.6842E-02
  1.8058E+03  2.6485E-02 -1.6848E-02
  1.8072E+03  2.6515E-02 -1.6871E-02
  1.8086E+03  2.7017E-02 -1.6894E-02
  1.8101E+03  2.7652E-02 -1.6902E-02
  1.8115E+03  2.8033E-02 -1.6900E-02
  1.8130E+03  2.8043E-02 -1.6898E-02
  1.8144E+03  2.7762E-02 -1.6903E-02
  1.8158E+03  2.7315E-02 -1.6917E-02
  1.8173E+03  2.6850E-02 -1.6931E-02
  1.8187E+03  2.6510E-02 -1.6935E-02
  1.8202E+03  2.6370E-02 -1.6926E-02
  1.8216E+03  2.6469E-02 -1.6910E-02
  1.8230E+03  2.6798E-02 -1.6896E-02
  1.8245E+03  2.7153E-02 -1.6899E-02
  1.8259E+03  2.7286E-02 -1.6918E-02
  1.8274E+03  2.7210E-02 -1.6932E-02
  1.8288E+03  2.7076E-02 -1.6931E-02
  1.8302E+03  2.6829E-02 -1.6932E-02
  1.8317E+03  2.6344E-02 -1.6944E-02
  1.8331E+03  2.5814E-02 -1.6955E-02
  1.8346E+03  2.5607E-02 -1.6955E-02
  1.8360E+03  2.5882E-02 -1.6949E-02
  1.8374E+03  2.6471E-02 -1.6947E-02
  1.8389E+03  2.7085E-02 -1.6951E-02
  1.8403E+03  2.7404E-02 -1.6957E-02
  1.8418E+03  2.7251E-02 -1.6964E-02
  1.8432E+03  2.6743E-02 -1.6972E-02
  1.8446E+03  2.6249E-02 -1.6985E-02
  1.8461E+03  2.6027E-02 -1.6997E-02
  1.8475E+03  2.6083E-02 -1.7001E-02
  1.8490E+03  2.6336E-02 -1.6993E-02
  1.8504E+03  2.6667E-02 -1.6982E-02
  1.8518E+03  2.6940E-02 -1.6985E-02
  1.8533E+03  2.7117E-02 -1.7004E-02
  1.8547E+03  2.7241E-02 -1.7023E-02
  1.8562E+03  2.7184E-02 -1.7033E-02
  1.8576E+03  2.6763E-02 -1.7038E-02
  1.8590E+03  2.6161E-02 -1.7041E-02
  1.8605E+03  2.5847E-02 -1.7043E-02
  1.8619E+03  2.6026E-02 -1.7045E-02
  1.8634E+03  2.6439E-02 -1.7044E-02
  1.8648E+03  2.6721E-02 -1.7039E-02
  1.8662E+03  2.6639E-02 -1.7038E-02
  1.8677E+03  2.6214E-02 -1.7045E-02
  1.8691E+03  2.5742E-02 -1.7055E-02
  1.8706E+03  2.5603E-02 -1.7059E-02
  1.8720E+03  2.5871E-02 -1.7061E-02
  1.8734E+03  2.6299E-02 -1.7066E-02
  1.8749E+03  2.6667E-02 -1.7075E-02
  1.8763E+03  2.6860E-02 -1.7085E-02
  1.8778E+03  2.6733E-02 -1.7095E-02
  1.8792E+03  2.6268E-02 -1.7102E-02
  1.8806E+03  2.5857E-02 -1.7099E-02
  1.8821E+03  2.5910E-02 -1.7085E-02
  1.8835E+03  2.6325E-02 -1.7074E-02
  1.8850E+03  2.6696E-02 -1.7074E-02
  1.8864E+03  2.6817E-02 -1.7084E-02
  1.8878E+03  2.6674E-02 -1.7096E-02
  1.8893E+03  2.6254E-02 -1.7105E-02
  1.8907E+03  2.5738E-02 -1.7103E-02
  1.8922E+03  2.5556E-02 -1.7100E-02
  1.8936E+03  2.5921E-02 -1.7107E-02
  1.8950E+03  2.6405E-02 -1.7123E-02
  1.8965E+03  2.6376E-02 -1.7131E-02
  1.8979E+03  2.5735E-02 -1.7132E-02
  1.8994E+03  2.5126E-02 -1.7139E-02
  1.9008E+03  2.5280E-02 -1.7157E-02
  1.9022E+03  2.6160E-02 -1.7171E-02
  1.9037E+03  2.6965E-02 -1.7170E-02
  1.9051E+03  2.7027E-02 -1.7161E-02
  1.9066E+03  2.6486E-02 -1.7166E-02
  1.9080E+03  2.5900E-02 -1.7186E-02
  1.9094E+03  2.5564E-02 -1.7202E-02
  1.9109E+03  2.5450E-02 -1.7200E-02
  1.9123E+03  2.5554E-02 -1.7188E-02
  1.9138E+03  2.5831E-02 -1.7182E-02
  1.9152E+03  2.6040E-02 -1.7190E-02
  1.9166E+03  2.6039E-02 -1.7202E-02
  1.9181E+03  2.5952E-02 -1.7203E-02
  1.9195E+03  2.5874E-02 -1.7196E-02
  1.9210E+03  2.5688E-02 -1.7190E-02
  1.9224E+03  2.5416E-02 -1.7187E-02
  1.9238E+03  2.5338E-02 -1.7187E-02
  1.9253E+03  2.5601E-02 -1.7191E-02
  1.9267E+03  2.5993E-02 -1.7198E-02
  1.9282E+03  2.6215E-02 -1.7203E-02
  1.9296E+03  2.6169E-02 -1.7206E-02
  1.9310E+03  2.5862E-02 -1.7207E-02
  1.9325E+03  2.5375E-02 -1.7209E-02
  1.9339E+03  2.4906E-02 -1.7208E-02
  1.9354E+03  2.4742E-02 -1.7207E-02
  1.9368E+03  2.4940E-02 -1.7210E-02
  1.9382E+03  2.5174E-02 -1.7217E-02
  1.9397E+03  2.5087E-02 -1.7225E-02
  1.9411E+03  2.4831E-02 -1.7229E-02
  1.9426E+03  2.4951E-02 -1.7233E-02
  1.9440E+03  2.5595E-02 -1.7239E-02
  1.9454E+03  2.6162E-02 -1.7251E-02
  1.9469E+03  2.6016E-02 -1.7267E-02
  1.9483E+03  2.5315E-02 -1.7280E-02
  1.9498E+03  2.4729E-02 -1.7282E-02
  1.9512E+03  2.4578E-02 -1.7275E-02
  1.9526E+03  2.4643E-02 -1.7270E-02
  1.9541E+03  2.4734E-02 -1.7273E-02
  1.9555E+03  2.4982E-02 -1.7285E-02
  1.9570E+03  2.5419E-02 -1.7296E-02
  1.9584E+03  2.5720E-02 -1.7296E-02
  1.9598E+03  2.5592E-02 -1.7288E-02
  1.9613E+03  2.5203E-02 -1.7288E-02
  1.9627E+03  2.4942E-02 -1.7303E-02
  1.9642E+03  2.4953E-02 -1.7322E-02
  1.9656E+03  2.5078E-02 -1.7328E-02
  1.9670E+03  2.5203E-02 -1.7320E-02
  1.9685E+03  2.5381E-02 -1.7313E-02
  1.9699E+03  2.5582E-02 -1.7319E-02
  1.9714E+03  2.5633E-02 -1.7330E-02
  1.9728E+03  2.5510E-02 -1.7330E-02
  1.9742E+03  2.5398E-02 -1.7322E-02
  1.9757E+03  2.5312E-02 -1.7320E-02
  1.9771E+03  2.5090E-02 -1.7332E-02
  1.9786E+03  2.4807E-02 -1.7345E-02
  1.9800E+03  2.4782E-02 -1.7351E-02
  1.9814E+03  2.5023E-02 -1.7353E-02
  1.9829E+03  2.5094E-02 -1.7353E-02
  1.9843E+03  2.4694E-02 -1.7347E-02
  1.9858E+03  2.4077E-02 -1.7335E-02
  1.9872E+03  2.3781E-02 -1.7328E-02
  1.9886E+03  2.4024E-02 -1.7335E-02
  1.9901E+03  2.4566E-02 -1.7345E-02
  1.9915E+03  2.5044E-02 -1.7351E-02
  1.9930E+03  2.5273E-02 -1.7353E-02
  1.9944E+03  2.5173E-02 -1.7360E-02
  1.9958E+03  2.4766E-02 -1.7374E-02
  1.9973E+03  2.4318E-02 -1.7390E-02
  1.9987E+03  2.4230E-02 -1.7398E-02
  2.0000E+03  2.4575E-02 -1.7398E-02
