# CREATED BY GENE DIAGNOSTICS TOOL on Wed Mar 10 12:04:08 2021
# diag: timetrace, run(s): 0006, time window: 0-2000(1390 steps), species: ions
# original data path: /marconi_scratch/userexternal/cmoreno0/GAMZF_convergence/lhd_surface/scanfiles0002/
# normalization: L_ref=1.65m
#
#  t          Re[phi]     Im[phi]   
  0.0000E+00  9.9997E-01  0.0000E+00
  1.4400E+00  8.4368E-01 -3.0100E-03
  2.8800E+00  6.4597E-01 -5.4618E-03
  4.3200E+00  4.3765E-01 -6.8051E-03
  5.7600E+00  2.8042E-01 -6.7997E-03
  7.2000E+00  1.8010E-01 -5.7388E-03
  8.6400E+00  1.2296E-01 -4.2234E-03
  1.0080E+01  9.2294E-02 -2.7772E-03
  1.1520E+01  7.5979E-02 -1.6728E-03
  1.2960E+01  6.6914E-02 -9.4912E-04
  1.4400E+01  6.1564E-02 -4.9671E-04
  1.5840E+01  5.8709E-02 -2.6562E-04
  1.7280E+01  5.8251E-02 -4.0534E-04
  1.8720E+01  5.9740E-02 -1.0442E-03
  2.0160E+01  6.1215E-02 -2.0586E-03
  2.1600E+01  6.0187E-02 -2.9938E-03
  2.3040E+01  5.3961E-02 -3.3951E-03
  2.4480E+01  4.2565E-02 -2.9797E-03
  2.5920E+01  2.6807E-02 -1.8440E-03
  2.7360E+01  9.3049E-03 -2.6824E-04
  2.8800E+01 -6.8241E-03  1.3403E-03
  3.0240E+01 -1.9367E-02  2.6618E-03
  3.1680E+01 -2.6643E-02  3.5165E-03
  3.3120E+01 -2.9257E-02  3.7602E-03
  3.4560E+01 -2.7843E-02  3.4571E-03
  3.6000E+01 -2.2693E-02  2.8457E-03
  3.7440E+01 -1.4957E-02  2.0988E-03
  3.8880E+01 -6.9004E-03  1.2078E-03
  4.0320E+01  1.6021E-03  1.9115E-04
  4.1760E+01  1.0463E-02 -6.9235E-04
  4.3200E+01  1.9016E-02 -1.4159E-03
  4.4640E+01  2.5688E-02 -2.0539E-03
  4.6080E+01  3.0711E-02 -2.6436E-03
  4.7520E+01  3.5178E-02 -3.1397E-03
  4.8960E+01  3.9731E-02 -3.5594E-03
  5.0400E+01  4.4828E-02 -3.8618E-03
  5.1840E+01  5.0225E-02 -4.1746E-03
  5.3280E+01  5.4875E-02 -4.4419E-03
  5.4720E+01  5.7892E-02 -4.7509E-03
  5.6160E+01  5.9274E-02 -4.9792E-03
  5.7600E+01  5.9921E-02 -5.2092E-03
  5.9040E+01  6.0566E-02 -5.3732E-03
  6.0480E+01  6.2066E-02 -5.4147E-03
  6.1920E+01  6.4259E-02 -5.3614E-03
  6.3360E+01  6.5846E-02 -5.1721E-03
  6.4800E+01  6.6045E-02 -4.8468E-03
  6.6240E+01  6.5053E-02 -4.4393E-03
  6.7680E+01  6.2870E-02 -4.0633E-03
  6.9120E+01  5.9618E-02 -3.7859E-03
  7.0560E+01  5.6285E-02 -3.5120E-03
  7.2000E+01  5.4216E-02 -3.3065E-03
  7.3440E+01  5.3470E-02 -3.2127E-03
  7.4880E+01  5.2984E-02 -3.1258E-03
  7.6320E+01  5.1936E-02 -2.9830E-03
  7.7760E+01  5.0499E-02 -2.8662E-03
  7.9200E+01  4.8653E-02 -2.8331E-03
  8.0640E+01  4.6709E-02 -2.8656E-03
  8.2080E+01  4.4777E-02 -2.8700E-03
  8.3520E+01  4.3446E-02 -2.9315E-03
  8.4960E+01  4.3784E-02 -3.0182E-03
  8.6400E+01  4.5421E-02 -3.1090E-03
  8.7840E+01  4.6982E-02 -3.2110E-03
  8.9280E+01  4.8116E-02 -3.3115E-03
  9.0720E+01  4.9101E-02 -3.3871E-03
  9.2160E+01  4.9514E-02 -3.5002E-03
  9.3600E+01  4.9385E-02 -3.6803E-03
  9.5040E+01  4.8821E-02 -3.8396E-03
  9.6480E+01  4.8782E-02 -3.9774E-03
  9.7920E+01  4.9464E-02 -4.2142E-03
  9.9360E+01  5.0275E-02 -4.4820E-03
  1.0080E+02  5.0494E-02 -4.7435E-03
  1.0224E+02  5.0020E-02 -4.9615E-03
  1.0368E+02  4.9124E-02 -5.0722E-03
  1.0512E+02  4.9032E-02 -5.0295E-03
  1.0656E+02  4.9929E-02 -4.9518E-03
  1.0800E+02  5.1716E-02 -4.8989E-03
  1.0944E+02  5.3883E-02 -4.8362E-03
  1.1088E+02  5.5583E-02 -4.7950E-03
  1.1232E+02  5.5692E-02 -4.7972E-03
  1.1376E+02  5.5182E-02 -4.9237E-03
  1.1520E+02  5.4971E-02 -5.1498E-03
  1.1664E+02  5.4716E-02 -5.3334E-03
  1.1808E+02  5.4586E-02 -5.5340E-03
  1.1952E+02  5.4402E-02 -5.7619E-03
  1.2096E+02  5.4073E-02 -5.8914E-03
  1.2240E+02  5.3733E-02 -5.9606E-03
  1.2384E+02  5.4126E-02 -5.9511E-03
  1.2528E+02  5.5848E-02 -5.8659E-03
  1.2672E+02  5.8352E-02 -5.7445E-03
  1.2816E+02  5.9800E-02 -5.5870E-03
  1.2960E+02  5.9284E-02 -5.4628E-03
  1.3104E+02  5.7121E-02 -5.4036E-03
  1.3248E+02  5.4317E-02 -5.3831E-03
  1.3392E+02  5.2421E-02 -5.3915E-03
  1.3536E+02  5.2051E-02 -5.5002E-03
  1.3680E+02  5.3236E-02 -5.7036E-03
  1.3824E+02  5.4174E-02 -5.9104E-03
  1.3968E+02  5.4340E-02 -6.0945E-03
  1.4112E+02  5.4199E-02 -6.1554E-03
  1.4256E+02  5.4642E-02 -6.1166E-03
  1.4400E+02  5.5456E-02 -6.0624E-03
  1.4544E+02  5.5542E-02 -5.9446E-03
  1.4688E+02  5.4489E-02 -5.8190E-03
  1.4832E+02  5.3188E-02 -5.7061E-03
  1.4976E+02  5.2367E-02 -5.6311E-03
  1.5120E+02  5.2233E-02 -5.6559E-03
  1.5264E+02  5.2574E-02 -5.7639E-03
  1.5408E+02  5.3024E-02 -5.9823E-03
  1.5552E+02  5.2842E-02 -6.2785E-03
  1.5696E+02  5.1894E-02 -6.6285E-03
  1.5840E+02  5.1109E-02 -6.9391E-03
  1.5984E+02  5.1673E-02 -7.1915E-03
  1.6128E+02  5.3720E-02 -7.3408E-03
  1.6272E+02  5.5344E-02 -7.4270E-03
  1.6416E+02  5.5147E-02 -7.4746E-03
  1.6560E+02  5.3558E-02 -7.4472E-03
  1.6704E+02  5.2001E-02 -7.3891E-03
  1.6848E+02  5.1337E-02 -7.2794E-03
  1.6992E+02  5.1511E-02 -7.1216E-03
  1.7136E+02  5.1923E-02 -6.9555E-03
  1.7280E+02  5.1827E-02 -6.7905E-03
  1.7424E+02  5.1392E-02 -6.5882E-03
  1.7568E+02  5.1452E-02 -6.5195E-03
  1.7712E+02  5.1544E-02 -6.5949E-03
  1.7856E+02  5.1285E-02 -6.6769E-03
  1.8000E+02  5.1447E-02 -6.8184E-03
  1.8144E+02  5.2496E-02 -7.0099E-03
  1.8288E+02  5.3988E-02 -7.1351E-03
  1.8432E+02  5.4830E-02 -7.2084E-03
  1.8576E+02  5.4245E-02 -7.2403E-03
  1.8720E+02  5.2537E-02 -7.2220E-03
  1.8864E+02  5.0709E-02 -7.2249E-03
  1.9008E+02  5.0529E-02 -7.2636E-03
  1.9152E+02  5.2875E-02 -7.3190E-03
  1.9296E+02  5.5987E-02 -7.4039E-03
  1.9440E+02  5.7476E-02 -7.4724E-03
  1.9584E+02  5.6862E-02 -7.6090E-03
  1.9728E+02  5.5744E-02 -7.7774E-03
  1.9872E+02  5.5299E-02 -7.9433E-03
  2.0016E+02  5.5395E-02 -8.0331E-03
  2.0160E+02  5.5211E-02 -8.1089E-03
  2.0304E+02  5.4100E-02 -8.1454E-03
  2.0448E+02  5.2721E-02 -8.1371E-03
  2.0592E+02  5.2269E-02 -8.0923E-03
  2.0736E+02  5.3468E-02 -7.9778E-03
  2.0880E+02  5.5915E-02 -7.8312E-03
  2.1024E+02  5.8243E-02 -7.6932E-03
  2.1168E+02  5.9519E-02 -7.5822E-03
  2.1312E+02  5.9369E-02 -7.5793E-03
  2.1456E+02  5.7634E-02 -7.6196E-03
  2.1600E+02  5.5592E-02 -7.7139E-03
  2.1744E+02  5.4714E-02 -7.8588E-03
  2.1888E+02  5.5274E-02 -7.9833E-03
  2.2032E+02  5.6250E-02 -8.0573E-03
  2.2176E+02  5.6960E-02 -8.1542E-03
  2.2320E+02  5.7980E-02 -8.2594E-03
  2.2464E+02  5.8939E-02 -8.3895E-03
  2.2608E+02  5.9304E-02 -8.5239E-03
  2.2752E+02  5.8735E-02 -8.6108E-03
  2.2896E+02  5.7814E-02 -8.6219E-03
  2.3040E+02  5.6911E-02 -8.5751E-03
  2.3184E+02  5.5644E-02 -8.4787E-03
  2.3328E+02  5.4127E-02 -8.4492E-03
  2.3472E+02  5.3166E-02 -8.4999E-03
  2.3616E+02  5.3379E-02 -8.5806E-03
  2.3760E+02  5.4448E-02 -8.6836E-03
  2.3904E+02  5.5180E-02 -8.7988E-03
  2.4048E+02  5.4930E-02 -8.8627E-03
  2.4192E+02  5.3912E-02 -8.9387E-03
  2.4336E+02  5.2943E-02 -8.9856E-03
  2.4480E+02  5.2552E-02 -8.9796E-03
  2.4624E+02  5.2602E-02 -8.9855E-03
  2.4768E+02  5.2888E-02 -8.9881E-03
  2.4912E+02  5.2731E-02 -8.9345E-03
  2.5056E+02  5.1848E-02 -8.8654E-03
  2.5200E+02  5.0659E-02 -8.8085E-03
  2.5344E+02  5.0467E-02 -8.7276E-03
  2.5488E+02  5.1946E-02 -8.6774E-03
  2.5632E+02  5.4180E-02 -8.7035E-03
  2.5776E+02  5.5402E-02 -8.7445E-03
  2.5920E+02  5.4724E-02 -8.8239E-03
  2.6064E+02  5.2661E-02 -8.9184E-03
  2.6208E+02  5.0751E-02 -8.9938E-03
  2.6352E+02  4.9905E-02 -9.0744E-03
  2.6496E+02  5.0203E-02 -9.0945E-03
  2.6640E+02  5.0869E-02 -9.0895E-03
  2.6784E+02  5.0672E-02 -9.1040E-03
  2.6928E+02  4.9371E-02 -9.1297E-03
  2.7072E+02  4.7889E-02 -9.1652E-03
  2.7216E+02  4.7283E-02 -9.1885E-03
  2.7360E+02  4.7411E-02 -9.1954E-03
  2.7504E+02  4.7540E-02 -9.1919E-03
  2.7648E+02  4.7630E-02 -9.1958E-03
  2.7792E+02  4.8103E-02 -9.2338E-03
  2.7936E+02  4.8396E-02 -9.3152E-03
  2.8080E+02  4.7316E-02 -9.4354E-03
  2.8224E+02  4.4915E-02 -9.5159E-03
  2.8368E+02  4.2549E-02 -9.5140E-03
  2.8512E+02  4.1857E-02 -9.4634E-03
  2.8656E+02  4.3165E-02 -9.4120E-03
  2.8800E+02  4.5390E-02 -9.3861E-03
  2.8944E+02  4.7111E-02 -9.4396E-03
  2.9088E+02  4.7380E-02 -9.5258E-03
  2.9232E+02  4.6257E-02 -9.6255E-03
  2.9376E+02  4.4393E-02 -9.7074E-03
  2.9520E+02  4.2616E-02 -9.7718E-03
  2.9664E+02  4.1858E-02 -9.8034E-03
  2.9808E+02  4.2608E-02 -9.8284E-03
  2.9952E+02  4.4272E-02 -9.8786E-03
  3.0096E+02  4.5577E-02 -9.9303E-03
  3.0240E+02  4.6064E-02 -9.9847E-03
  3.0384E+02  4.6331E-02 -1.0073E-02
  3.0528E+02  4.7290E-02 -1.0188E-02
  3.0672E+02  4.8773E-02 -1.0314E-02
  3.0816E+02  4.9724E-02 -1.0444E-02
  3.0960E+02  4.9136E-02 -1.0516E-02
  3.1104E+02  4.7558E-02 -1.0509E-02
  3.1248E+02  4.6459E-02 -1.0461E-02
  3.1392E+02  4.6834E-02 -1.0384E-02
  3.1536E+02  4.8683E-02 -1.0271E-02
  3.1680E+02  5.0651E-02 -1.0196E-02
  3.1824E+02  5.1161E-02 -1.0145E-02
  3.1968E+02  4.9640E-02 -1.0115E-02
  3.2112E+02  4.6710E-02 -1.0081E-02
  3.2256E+02  4.3846E-02 -1.0033E-02
  3.2400E+02  4.2675E-02 -1.0005E-02
  3.2544E+02  4.3960E-02 -1.0064E-02
  3.2688E+02  4.6464E-02 -1.0172E-02
  3.2832E+02  4.8428E-02 -1.0287E-02
  3.2976E+02  4.8782E-02 -1.0350E-02
  3.3120E+02  4.7715E-02 -1.0354E-02
  3.3264E+02  4.6029E-02 -1.0296E-02
  3.3408E+02  4.4507E-02 -1.0211E-02
  3.3552E+02  4.3716E-02 -1.0164E-02
  3.3696E+02  4.4172E-02 -1.0152E-02
  3.3840E+02  4.5732E-02 -1.0187E-02
  3.3984E+02  4.7567E-02 -1.0260E-02
  3.4128E+02  4.8449E-02 -1.0325E-02
  3.4272E+02  4.7587E-02 -1.0372E-02
  3.4416E+02  4.5771E-02 -1.0395E-02
  3.4560E+02  4.4743E-02 -1.0437E-02
  3.4704E+02  4.5413E-02 -1.0503E-02
  3.4848E+02  4.6690E-02 -1.0603E-02
  3.4992E+02  4.7275E-02 -1.0714E-02
  3.5136E+02  4.7416E-02 -1.0810E-02
  3.5280E+02  4.7935E-02 -1.0861E-02
  3.5424E+02  4.8819E-02 -1.0872E-02
  3.5568E+02  4.9186E-02 -1.0864E-02
  3.5712E+02  4.8577E-02 -1.0862E-02
  3.5856E+02  4.7256E-02 -1.0878E-02
  3.6000E+02  4.5935E-02 -1.0883E-02
  3.6144E+02  4.5517E-02 -1.0870E-02
  3.6288E+02  4.6066E-02 -1.0817E-02
  3.6432E+02  4.6596E-02 -1.0763E-02
  3.6576E+02  4.6109E-02 -1.0730E-02
  3.6720E+02  4.5280E-02 -1.0738E-02
  3.6864E+02  4.5683E-02 -1.0781E-02
  3.7008E+02  4.7512E-02 -1.0847E-02
  3.7152E+02  4.9150E-02 -1.0916E-02
  3.7296E+02  4.9209E-02 -1.0964E-02
  3.7440E+02  4.8158E-02 -1.0988E-02
  3.7584E+02  4.7312E-02 -1.0996E-02
  3.7728E+02  4.7351E-02 -1.0989E-02
  3.7872E+02  4.7770E-02 -1.0981E-02
  3.8016E+02  4.7806E-02 -1.0973E-02
  3.8160E+02  4.7175E-02 -1.0978E-02
  3.8304E+02  4.6562E-02 -1.1001E-02
  3.8448E+02  4.6672E-02 -1.1012E-02
  3.8592E+02  4.7243E-02 -1.1019E-02
  3.8736E+02  4.7410E-02 -1.1030E-02
  3.8880E+02  4.6938E-02 -1.1034E-02
  3.9024E+02  4.6320E-02 -1.1054E-02
  3.9168E+02  4.6425E-02 -1.1075E-02
  3.9312E+02  4.7750E-02 -1.1087E-02
  3.9456E+02  4.9741E-02 -1.1114E-02
  3.9600E+02  5.0788E-02 -1.1149E-02
  3.9744E+02  4.9718E-02 -1.1191E-02
  3.9888E+02  4.7519E-02 -1.1224E-02
  4.0032E+02  4.5996E-02 -1.1222E-02
  4.0176E+02  4.5941E-02 -1.1190E-02
  4.0320E+02  4.6879E-02 -1.1143E-02
  4.0464E+02  4.8440E-02 -1.1122E-02
  4.0608E+02  5.0398E-02 -1.1181E-02
  4.0752E+02  5.1910E-02 -1.1313E-02
  4.0896E+02  5.1794E-02 -1.1442E-02
  4.1040E+02  5.0052E-02 -1.1535E-02
  4.1184E+02  4.7787E-02 -1.1577E-02
  4.1328E+02  4.6183E-02 -1.1588E-02
  4.1472E+02  4.5573E-02 -1.1602E-02
  4.1616E+02  4.5444E-02 -1.1620E-02
  4.1760E+02  4.5301E-02 -1.1622E-02
  4.1904E+02  4.5284E-02 -1.1625E-02
  4.2048E+02  4.5769E-02 -1.1605E-02
  4.2192E+02  4.6698E-02 -1.1559E-02
  4.2336E+02  4.7312E-02 -1.1506E-02
  4.2480E+02  4.7197E-02 -1.1465E-02
  4.2624E+02  4.6875E-02 -1.1466E-02
  4.2768E+02  4.7175E-02 -1.1502E-02
  4.2912E+02  4.8018E-02 -1.1563E-02
  4.3056E+02  4.8606E-02 -1.1614E-02
  4.3200E+02  4.8400E-02 -1.1645E-02
  4.3344E+02  4.7595E-02 -1.1654E-02
  4.3488E+02  4.6586E-02 -1.1649E-02
  4.3632E+02  4.5713E-02 -1.1650E-02
  4.3776E+02  4.5209E-02 -1.1639E-02
  4.3920E+02  4.5053E-02 -1.1644E-02
  4.4064E+02  4.5275E-02 -1.1660E-02
  4.4208E+02  4.5877E-02 -1.1666E-02
  4.4352E+02  4.6349E-02 -1.1705E-02
  4.4496E+02  4.5949E-02 -1.1772E-02
  4.4640E+02  4.4647E-02 -1.1828E-02
  4.4784E+02  4.3543E-02 -1.1881E-02
  4.4928E+02  4.3733E-02 -1.1918E-02
  4.5072E+02  4.5005E-02 -1.1938E-02
  4.5216E+02  4.5880E-02 -1.1945E-02
  4.5360E+02  4.5307E-02 -1.1929E-02
  4.5504E+02  4.3887E-02 -1.1887E-02
  4.5648E+02  4.3195E-02 -1.1831E-02
  4.5792E+02  4.3902E-02 -1.1777E-02
  4.5936E+02  4.5115E-02 -1.1742E-02
  4.6080E+02  4.5550E-02 -1.1737E-02
  4.6224E+02  4.5110E-02 -1.1762E-02
  4.6368E+02  4.4559E-02 -1.1790E-02
  4.6512E+02  4.4390E-02 -1.1818E-02
  4.6656E+02  4.4428E-02 -1.1853E-02
  4.6800E+02  4.4339E-02 -1.1898E-02
  4.6944E+02  4.4300E-02 -1.1945E-02
  4.7088E+02  4.4742E-02 -1.1990E-02
  4.7232E+02  4.5560E-02 -1.2027E-02
  4.7376E+02  4.6209E-02 -1.2050E-02
  4.7520E+02  4.6334E-02 -1.2087E-02
  4.7664E+02  4.5949E-02 -1.2135E-02
  4.7808E+02  4.5472E-02 -1.2182E-02
  4.7952E+02  4.5184E-02 -1.2198E-02
  4.8096E+02  4.4940E-02 -1.2181E-02
  4.8240E+02  4.4630E-02 -1.2145E-02
  4.8384E+02  4.4261E-02 -1.2129E-02
  4.8528E+02  4.4033E-02 -1.2151E-02
  4.8672E+02  4.4125E-02 -1.2188E-02
  4.8816E+02  4.4572E-02 -1.2212E-02
  4.8960E+02  4.5450E-02 -1.2230E-02
  4.9104E+02  4.6815E-02 -1.2239E-02
  4.9248E+02  4.8216E-02 -1.2254E-02
  4.9392E+02  4.8478E-02 -1.2277E-02
  4.9536E+02  4.6881E-02 -1.2282E-02
  4.9680E+02  4.4139E-02 -1.2274E-02
  4.9824E+02  4.1986E-02 -1.2264E-02
  4.9968E+02  4.1649E-02 -1.2243E-02
  5.0112E+02  4.3181E-02 -1.2223E-02
  5.0256E+02  4.5440E-02 -1.2205E-02
  5.0400E+02  4.6651E-02 -1.2201E-02
  5.0544E+02  4.5766E-02 -1.2222E-02
  5.0688E+02  4.3565E-02 -1.2249E-02
  5.0832E+02  4.1821E-02 -1.2265E-02
  5.0976E+02  4.1476E-02 -1.2267E-02
  5.1120E+02  4.1933E-02 -1.2265E-02
  5.1264E+02  4.2377E-02 -1.2282E-02
  5.1408E+02  4.2705E-02 -1.2320E-02
  5.1552E+02  4.3229E-02 -1.2372E-02
  5.1696E+02  4.3966E-02 -1.2421E-02
  5.1840E+02  4.4477E-02 -1.2444E-02
  5.1984E+02  4.4548E-02 -1.2435E-02
  5.2128E+02  4.4366E-02 -1.2408E-02
  5.2272E+02  4.4247E-02 -1.2388E-02
  5.2416E+02  4.4334E-02 -1.2386E-02
  5.2560E+02  4.4405E-02 -1.2396E-02
  5.2704E+02  4.4197E-02 -1.2417E-02
  5.2848E+02  4.3819E-02 -1.2441E-02
  5.2992E+02  4.3596E-02 -1.2469E-02
  5.3136E+02  4.3796E-02 -1.2506E-02
  5.3280E+02  4.4588E-02 -1.2543E-02
  5.3424E+02  4.5835E-02 -1.2584E-02
  5.3568E+02  4.6916E-02 -1.2627E-02
  5.3712E+02  4.7241E-02 -1.2654E-02
  5.3856E+02  4.7078E-02 -1.2673E-02
  5.4000E+02  4.6986E-02 -1.2683E-02
  5.4144E+02  4.6677E-02 -1.2684E-02
  5.4288E+02  4.5731E-02 -1.2689E-02
  5.4432E+02  4.4813E-02 -1.2700E-02
  5.4576E+02  4.4852E-02 -1.2703E-02
  5.4720E+02  4.5580E-02 -1.2697E-02
  5.4864E+02  4.5841E-02 -1.2687E-02
  5.5008E+02  4.5090E-02 -1.2669E-02
  5.5152E+02  4.3720E-02 -1.2662E-02
  5.5296E+02  4.2420E-02 -1.2662E-02
  5.5440E+02  4.1662E-02 -1.2671E-02
  5.5584E+02  4.1923E-02 -1.2672E-02
  5.5728E+02  4.3344E-02 -1.2656E-02
  5.5872E+02  4.5060E-02 -1.2636E-02
  5.6016E+02  4.5746E-02 -1.2626E-02
  5.6160E+02  4.4824E-02 -1.2624E-02
  5.6304E+02  4.2997E-02 -1.2629E-02
  5.6448E+02  4.1658E-02 -1.2634E-02
  5.6592E+02  4.1810E-02 -1.2637E-02
  5.6736E+02  4.3086E-02 -1.2638E-02
  5.6880E+02  4.4263E-02 -1.2656E-02
  5.7024E+02  4.4766E-02 -1.2692E-02
  5.7168E+02  4.4912E-02 -1.2737E-02
  5.7312E+02  4.4784E-02 -1.2776E-02
  5.7456E+02  4.4131E-02 -1.2795E-02
  5.7600E+02  4.3372E-02 -1.2809E-02
  5.7744E+02  4.3499E-02 -1.2839E-02
  5.7888E+02  4.4645E-02 -1.2877E-02
  5.8032E+02  4.5874E-02 -1.2903E-02
  5.8176E+02  4.6353E-02 -1.2887E-02
  5.8320E+02  4.5978E-02 -1.2849E-02
  5.8464E+02  4.5130E-02 -1.2817E-02
  5.8608E+02  4.4298E-02 -1.2796E-02
  5.8752E+02  4.3897E-02 -1.2793E-02
  5.8896E+02  4.3936E-02 -1.2800E-02
  5.9040E+02  4.3777E-02 -1.2806E-02
  5.9184E+02  4.2940E-02 -1.2828E-02
  5.9328E+02  4.1840E-02 -1.2859E-02
  5.9472E+02  4.1357E-02 -1.2888E-02
  5.9616E+02  4.1606E-02 -1.2899E-02
  5.9760E+02  4.1911E-02 -1.2894E-02
  5.9904E+02  4.1587E-02 -1.2889E-02
  6.0048E+02  4.0688E-02 -1.2890E-02
  6.0192E+02  3.9981E-02 -1.2897E-02
  6.0336E+02  4.0179E-02 -1.2893E-02
  6.0480E+02  4.1232E-02 -1.2881E-02
  6.0624E+02  4.2546E-02 -1.2881E-02
  6.0768E+02  4.3590E-02 -1.2905E-02
  6.0912E+02  4.3815E-02 -1.2924E-02
  6.1056E+02  4.2830E-02 -1.2916E-02
  6.1200E+02  4.1145E-02 -1.2879E-02
  6.1344E+02  4.0138E-02 -1.2842E-02
  6.1488E+02  4.0470E-02 -1.2846E-02
  6.1632E+02  4.1268E-02 -1.2899E-02
  6.1776E+02  4.1599E-02 -1.2964E-02
  6.1920E+02  4.1867E-02 -1.2998E-02
  6.2064E+02  4.2826E-02 -1.3005E-02
  6.2208E+02  4.4053E-02 -1.3003E-02
  6.2352E+02  4.4438E-02 -1.3013E-02
  6.2496E+02  4.3788E-02 -1.3035E-02
  6.2640E+02  4.3005E-02 -1.3056E-02
  6.2784E+02  4.2671E-02 -1.3068E-02
  6.2928E+02  4.2370E-02 -1.3082E-02
  6.3072E+02  4.1665E-02 -1.3100E-02
  6.3216E+02  4.0948E-02 -1.3135E-02
  6.3360E+02  4.1032E-02 -1.3182E-02
  6.3504E+02  4.2064E-02 -1.3229E-02
  6.3648E+02  4.3404E-02 -1.3257E-02
  6.3792E+02  4.4050E-02 -1.3260E-02
  6.3936E+02  4.3519E-02 -1.3237E-02
  6.4080E+02  4.2301E-02 -1.3192E-02
  6.4224E+02  4.1345E-02 -1.3138E-02
  6.4368E+02  4.1341E-02 -1.3104E-02
  6.4512E+02  4.2167E-02 -1.3097E-02
  6.4656E+02  4.2992E-02 -1.3100E-02
  6.4800E+02  4.2998E-02 -1.3097E-02
  6.4944E+02  4.2161E-02 -1.3078E-02
  6.5088E+02  4.1209E-02 -1.3062E-02
  6.5232E+02  4.0841E-02 -1.3070E-02
  6.5376E+02  4.1067E-02 -1.3109E-02
  6.5520E+02  4.1454E-02 -1.3164E-02
  6.5664E+02  4.1612E-02 -1.3215E-02
  6.5808E+02  4.1448E-02 -1.3248E-02
  6.5952E+02  4.1080E-02 -1.3262E-02
  6.6096E+02  4.0582E-02 -1.3275E-02
  6.6240E+02  4.0066E-02 -1.3277E-02
  6.6384E+02  3.9730E-02 -1.3262E-02
  6.6528E+02  3.9669E-02 -1.3233E-02
  6.6672E+02  3.9855E-02 -1.3212E-02
  6.6816E+02  4.0345E-02 -1.3214E-02
  6.6960E+02  4.1205E-02 -1.3244E-02
  6.7104E+02  4.2121E-02 -1.3286E-02
  6.7248E+02  4.2572E-02 -1.3319E-02
  6.7392E+02  4.2287E-02 -1.3329E-02
  6.7536E+02  4.1471E-02 -1.3325E-02
  6.7680E+02  4.0699E-02 -1.3321E-02
  6.7824E+02  4.0401E-02 -1.3323E-02
  6.7968E+02  4.0375E-02 -1.3334E-02
  6.8112E+02  3.9978E-02 -1.3351E-02
  6.8256E+02  3.8795E-02 -1.3360E-02
  6.8400E+02  3.7262E-02 -1.3359E-02
  6.8544E+02  3.6537E-02 -1.3359E-02
  6.8688E+02  3.7454E-02 -1.3378E-02
  6.8832E+02  3.9756E-02 -1.3418E-02
  6.8976E+02  4.2057E-02 -1.3462E-02
  6.9120E+02  4.2917E-02 -1.3491E-02
  6.9264E+02  4.1965E-02 -1.3504E-02
  6.9408E+02  4.0327E-02 -1.3513E-02
  6.9552E+02  3.9540E-02 -1.3513E-02
  6.9696E+02  3.9933E-02 -1.3500E-02
  6.9840E+02  4.0443E-02 -1.3476E-02
  6.9984E+02  4.0347E-02 -1.3454E-02
  7.0128E+02  4.0219E-02 -1.3445E-02
  7.0272E+02  4.0747E-02 -1.3458E-02
  7.0416E+02  4.1647E-02 -1.3486E-02
  7.0560E+02  4.2124E-02 -1.3519E-02
  7.0704E+02  4.1811E-02 -1.3551E-02
  7.0848E+02  4.1018E-02 -1.3578E-02
  7.0992E+02  4.0344E-02 -1.3597E-02
  7.1136E+02  4.0170E-02 -1.3599E-02
  7.1280E+02  4.0406E-02 -1.3587E-02
  7.1424E+02  4.0637E-02 -1.3575E-02
  7.1568E+02  4.0535E-02 -1.3578E-02
  7.1712E+02  4.0069E-02 -1.3588E-02
  7.1856E+02  3.9370E-02 -1.3592E-02
  7.2000E+02  3.8773E-02 -1.3584E-02
  7.2144E+02  3.8899E-02 -1.3574E-02
  7.2288E+02  4.0021E-02 -1.3578E-02
  7.2432E+02  4.1306E-02 -1.3601E-02
  7.2576E+02  4.1479E-02 -1.3638E-02
  7.2720E+02  4.0256E-02 -1.3670E-02
  7.2864E+02  3.8482E-02 -1.3678E-02
  7.3008E+02  3.7166E-02 -1.3658E-02
  7.3152E+02  3.7027E-02 -1.3621E-02
  7.3296E+02  3.8263E-02 -1.3592E-02
  7.3440E+02  4.0154E-02 -1.3591E-02
  7.3584E+02  4.1383E-02 -1.3625E-02
  7.3728E+02  4.1142E-02 -1.3671E-02
  7.3872E+02  3.9866E-02 -1.3704E-02
  7.4016E+02  3.8767E-02 -1.3708E-02
  7.4160E+02  3.8628E-02 -1.3697E-02
  7.4304E+02  3.9275E-02 -1.3688E-02
  7.4448E+02  3.9860E-02 -1.3688E-02
  7.4592E+02  3.9812E-02 -1.3687E-02
  7.4736E+02  3.9452E-02 -1.3690E-02
  7.4880E+02  3.9618E-02 -1.3698E-02
  7.5024E+02  4.0459E-02 -1.3704E-02
  7.5168E+02  4.1239E-02 -1.3703E-02
  7.5312E+02  4.1275E-02 -1.3695E-02
  7.5456E+02  4.0600E-02 -1.3692E-02
  7.5600E+02  3.9687E-02 -1.3704E-02
  7.5744E+02  3.9161E-02 -1.3720E-02
  7.5888E+02  3.9487E-02 -1.3726E-02
  7.6032E+02  4.0260E-02 -1.3732E-02
  7.6176E+02  4.0340E-02 -1.3751E-02
  7.6320E+02  3.9405E-02 -1.3779E-02
  7.6464E+02  3.8502E-02 -1.3806E-02
  7.6608E+02  3.8559E-02 -1.3819E-02
  7.6752E+02  3.9235E-02 -1.3812E-02
  7.6896E+02  3.9799E-02 -1.3796E-02
  7.7040E+02  4.0197E-02 -1.3792E-02
  7.7184E+02  4.0507E-02 -1.3809E-02
  7.7328E+02  4.0253E-02 -1.3831E-02
  7.7472E+02  3.9062E-02 -1.3841E-02
  7.7616E+02  3.7592E-02 -1.3826E-02
  7.7760E+02  3.6914E-02 -1.3801E-02
  7.7904E+02  3.7386E-02 -1.3790E-02
  7.8048E+02  3.8485E-02 -1.3795E-02
  7.8192E+02  3.9528E-02 -1.3802E-02
  7.8336E+02  4.0170E-02 -1.3810E-02
  7.8480E+02  4.0400E-02 -1.3827E-02
  7.8624E+02  4.0068E-02 -1.3856E-02
  7.8768E+02  3.9130E-02 -1.3891E-02
  7.8912E+02  3.8133E-02 -1.3909E-02
  7.9056E+02  3.7932E-02 -1.3904E-02
  7.9200E+02  3.8589E-02 -1.3883E-02
  7.9344E+02  3.9127E-02 -1.3872E-02
  7.9488E+02  3.8765E-02 -1.3869E-02
  7.9632E+02  3.7951E-02 -1.3878E-02
  7.9776E+02  3.7669E-02 -1.3889E-02
  7.9920E+02  3.8251E-02 -1.3888E-02
  8.0064E+02  3.9201E-02 -1.3880E-02
  8.0208E+02  3.9715E-02 -1.3885E-02
  8.0352E+02  3.9341E-02 -1.3914E-02
  8.0496E+02  3.8378E-02 -1.3958E-02
  8.0640E+02  3.7904E-02 -1.3994E-02
  8.0784E+02  3.8815E-02 -1.4005E-02
  8.0928E+02  4.0681E-02 -1.4000E-02
  8.1072E+02  4.2011E-02 -1.3995E-02
  8.1216E+02  4.1898E-02 -1.3999E-02
  8.1360E+02  4.0931E-02 -1.4005E-02
  8.1504E+02  4.0239E-02 -1.4012E-02
  8.1648E+02  4.0171E-02 -1.4023E-02
  8.1792E+02  4.0269E-02 -1.4040E-02
  8.1936E+02  4.0190E-02 -1.4054E-02
  8.2080E+02  4.0158E-02 -1.4060E-02
  8.2224E+02  4.0474E-02 -1.4057E-02
  8.2368E+02  4.0838E-02 -1.4062E-02
  8.2512E+02  4.0603E-02 -1.4082E-02
  8.2656E+02  3.9660E-02 -1.4106E-02
  8.2800E+02  3.8619E-02 -1.4114E-02
  8.2944E+02  3.8041E-02 -1.4099E-02
  8.3088E+02  3.7847E-02 -1.4072E-02
  8.3232E+02  3.7746E-02 -1.4045E-02
  8.3376E+02  3.7731E-02 -1.4028E-02
  8.3520E+02  3.7901E-02 -1.4015E-02
  8.3664E+02  3.8178E-02 -1.4002E-02
  8.3808E+02  3.8423E-02 -1.3993E-02
  8.3952E+02  3.8628E-02 -1.3994E-02
  8.4096E+02  3.8694E-02 -1.4008E-02
  8.4240E+02  3.8359E-02 -1.4041E-02
  8.4384E+02  3.7630E-02 -1.4076E-02
  8.4528E+02  3.6897E-02 -1.4096E-02
  8.4672E+02  3.6445E-02 -1.4097E-02
  8.4816E+02  3.6188E-02 -1.4086E-02
  8.4960E+02  3.6105E-02 -1.4079E-02
  8.5104E+02  3.6560E-02 -1.4085E-02
  8.5248E+02  3.7679E-02 -1.4106E-02
  8.5392E+02  3.8725E-02 -1.4131E-02
  8.5536E+02  3.8844E-02 -1.4154E-02
  8.5680E+02  3.8140E-02 -1.4165E-02
  8.5824E+02  3.7504E-02 -1.4166E-02
  8.5968E+02  3.7366E-02 -1.4166E-02
  8.6112E+02  3.7325E-02 -1.4168E-02
  8.6256E+02  3.7043E-02 -1.4168E-02
  8.6400E+02  3.6875E-02 -1.4172E-02
  8.6544E+02  3.7253E-02 -1.4182E-02
  8.6688E+02  3.7935E-02 -1.4195E-02
  8.6832E+02  3.8137E-02 -1.4197E-02
  8.6976E+02  3.7421E-02 -1.4189E-02
  8.7120E+02  3.6284E-02 -1.4184E-02
  8.7264E+02  3.5709E-02 -1.4190E-02
  8.7408E+02  3.6119E-02 -1.4208E-02
  8.7552E+02  3.6961E-02 -1.4229E-02
  8.7696E+02  3.7398E-02 -1.4238E-02
  8.7840E+02  3.7177E-02 -1.4241E-02
  8.7984E+02  3.6667E-02 -1.4244E-02
  8.8128E+02  3.6276E-02 -1.4250E-02
  8.8272E+02  3.6041E-02 -1.4247E-02
  8.8416E+02  3.5803E-02 -1.4233E-02
  8.8560E+02  3.5612E-02 -1.4225E-02
  8.8704E+02  3.5955E-02 -1.4239E-02
  8.8848E+02  3.7027E-02 -1.4265E-02
  8.8992E+02  3.7988E-02 -1.4280E-02
  8.9136E+02  3.7604E-02 -1.4276E-02
  8.9280E+02  3.5844E-02 -1.4258E-02
  8.9424E+02  3.4097E-02 -1.4245E-02
  8.9568E+02  3.3642E-02 -1.4248E-02
  8.9712E+02  3.4483E-02 -1.4264E-02
  8.9856E+02  3.5819E-02 -1.4277E-02
  9.0000E+02  3.7107E-02 -1.4279E-02
  9.0144E+02  3.8077E-02 -1.4283E-02
  9.0288E+02  3.8421E-02 -1.4296E-02
  9.0432E+02  3.7974E-02 -1.4322E-02
  9.0576E+02  3.6955E-02 -1.4353E-02
  9.0720E+02  3.5827E-02 -1.4372E-02
  9.0864E+02  3.5147E-02 -1.4368E-02
  9.1008E+02  3.5241E-02 -1.4346E-02
  9.1152E+02  3.5725E-02 -1.4333E-02
  9.1296E+02  3.5841E-02 -1.4345E-02
  9.1440E+02  3.5494E-02 -1.4373E-02
  9.1584E+02  3.5358E-02 -1.4391E-02
  9.1728E+02  3.5732E-02 -1.4392E-02
  9.1872E+02  3.6103E-02 -1.4384E-02
  9.2016E+02  3.5962E-02 -1.4373E-02
  9.2160E+02  3.5377E-02 -1.4360E-02
  9.2304E+02  3.4775E-02 -1.4349E-02
  9.2448E+02  3.4519E-02 -1.4351E-02
  9.2592E+02  3.4743E-02 -1.4365E-02
  9.2736E+02  3.5250E-02 -1.4388E-02
  9.2880E+02  3.5643E-02 -1.4406E-02
  9.3024E+02  3.5658E-02 -1.4408E-02
  9.3168E+02  3.5346E-02 -1.4400E-02
  9.3312E+02  3.4956E-02 -1.4399E-02
  9.3456E+02  3.4881E-02 -1.4414E-02
  9.3600E+02  3.5518E-02 -1.4436E-02
  9.3744E+02  3.6673E-02 -1.4449E-02
  9.3888E+02  3.7325E-02 -1.4445E-02
  9.4032E+02  3.6711E-02 -1.4439E-02
  9.4176E+02  3.5396E-02 -1.4449E-02
  9.4320E+02  3.4615E-02 -1.4480E-02
  9.4464E+02  3.4939E-02 -1.4511E-02
  9.4608E+02  3.5920E-02 -1.4530E-02
  9.4752E+02  3.6636E-02 -1.4536E-02
  9.4896E+02  3.6347E-02 -1.4539E-02
  9.5040E+02  3.5186E-02 -1.4548E-02
  9.5184E+02  3.4275E-02 -1.4548E-02
  9.5328E+02  3.4573E-02 -1.4534E-02
  9.5472E+02  3.5766E-02 -1.4517E-02
  9.5616E+02  3.6572E-02 -1.4504E-02
  9.5760E+02  3.6119E-02 -1.4490E-02
  9.5904E+02  3.4771E-02 -1.4471E-02
  9.6048E+02  3.3735E-02 -1.4452E-02
  9.6192E+02  3.3920E-02 -1.4441E-02
  9.6336E+02  3.5100E-02 -1.4446E-02
  9.6480E+02  3.6174E-02 -1.4466E-02
  9.6624E+02  3.6383E-02 -1.4487E-02
  9.6768E+02  3.6101E-02 -1.4496E-02
  9.6912E+02  3.6131E-02 -1.4498E-02
  9.7056E+02  3.6484E-02 -1.4504E-02
  9.7200E+02  3.6483E-02 -1.4515E-02
  9.7344E+02  3.5835E-02 -1.4531E-02
  9.7488E+02  3.4978E-02 -1.4543E-02
  9.7632E+02  3.4459E-02 -1.4543E-02
  9.7776E+02  3.4596E-02 -1.4531E-02
  9.7920E+02  3.5366E-02 -1.4522E-02
  9.8064E+02  3.6277E-02 -1.4532E-02
  9.8208E+02  3.6618E-02 -1.4563E-02
  9.8352E+02  3.6191E-02 -1.4589E-02
  9.8496E+02  3.5384E-02 -1.4595E-02
  9.8640E+02  3.4594E-02 -1.4585E-02
  9.8784E+02  3.3964E-02 -1.4577E-02
  9.8928E+02  3.3666E-02 -1.4576E-02
  9.9072E+02  3.3932E-02 -1.4572E-02
  9.9216E+02  3.4690E-02 -1.4562E-02
  9.9360E+02  3.5455E-02 -1.4549E-02
  9.9504E+02  3.5842E-02 -1.4547E-02
  9.9648E+02  3.5899E-02 -1.4567E-02
  9.9792E+02  3.5760E-02 -1.4602E-02
  9.9936E+02  3.5366E-02 -1.4629E-02
  1.0008E+03  3.4632E-02 -1.4632E-02
  1.0022E+03  3.3784E-02 -1.4618E-02
  1.0037E+03  3.3256E-02 -1.4600E-02
  1.0051E+03  3.3226E-02 -1.4594E-02
  1.0066E+03  3.3415E-02 -1.4601E-02
  1.0080E+03  3.3534E-02 -1.4612E-02
  1.0094E+03  3.3661E-02 -1.4623E-02
  1.0109E+03  3.4042E-02 -1.4635E-02
  1.0123E+03  3.4549E-02 -1.4649E-02
  1.0138E+03  3.4825E-02 -1.4669E-02
  1.0152E+03  3.4877E-02 -1.4695E-02
  1.0166E+03  3.4977E-02 -1.4723E-02
  1.0181E+03  3.5080E-02 -1.4739E-02
  1.0195E+03  3.4872E-02 -1.4732E-02
  1.0210E+03  3.4422E-02 -1.4704E-02
  1.0224E+03  3.4225E-02 -1.4674E-02
  1.0238E+03  3.4453E-02 -1.4661E-02
  1.0253E+03  3.4682E-02 -1.4663E-02
  1.0267E+03  3.4441E-02 -1.4665E-02
  1.0282E+03  3.3829E-02 -1.4662E-02
  1.0296E+03  3.3391E-02 -1.4657E-02
  1.0310E+03  3.3512E-02 -1.4656E-02
  1.0325E+03  3.4064E-02 -1.4664E-02
  1.0339E+03  3.4589E-02 -1.4681E-02
  1.0354E+03  3.4697E-02 -1.4704E-02
  1.0368E+03  3.4331E-02 -1.4725E-02
  1.0382E+03  3.3837E-02 -1.4730E-02
  1.0397E+03  3.3649E-02 -1.4714E-02
  1.0411E+03  3.3820E-02 -1.4692E-02
  1.0426E+03  3.4073E-02 -1.4683E-02
  1.0440E+03  3.4233E-02 -1.4697E-02
  1.0454E+03  3.4261E-02 -1.4721E-02
  1.0469E+03  3.4062E-02 -1.4738E-02
  1.0483E+03  3.3691E-02 -1.4740E-02
  1.0498E+03  3.3525E-02 -1.4733E-02
  1.0512E+03  3.3971E-02 -1.4735E-02
  1.0526E+03  3.4899E-02 -1.4749E-02
  1.0541E+03  3.5601E-02 -1.4770E-02
  1.0555E+03  3.5470E-02 -1.4781E-02
  1.0570E+03  3.4688E-02 -1.4779E-02
  1.0584E+03  3.3947E-02 -1.4770E-02
  1.0598E+03  3.3719E-02 -1.4760E-02
  1.0613E+03  3.3879E-02 -1.4756E-02
  1.0627E+03  3.4064E-02 -1.4762E-02
  1.0642E+03  3.4136E-02 -1.4778E-02
  1.0656E+03  3.4368E-02 -1.4796E-02
  1.0670E+03  3.4906E-02 -1.4805E-02
  1.0685E+03  3.5288E-02 -1.4810E-02
  1.0699E+03  3.5007E-02 -1.4815E-02
  1.0714E+03  3.4266E-02 -1.4815E-02
  1.0728E+03  3.3660E-02 -1.4809E-02
  1.0742E+03  3.3512E-02 -1.4804E-02
  1.0757E+03  3.3778E-02 -1.4804E-02
  1.0771E+03  3.4197E-02 -1.4807E-02
  1.0786E+03  3.4462E-02 -1.4813E-02
  1.0800E+03  3.4553E-02 -1.4822E-02
  1.0814E+03  3.4767E-02 -1.4830E-02
  1.0829E+03  3.5270E-02 -1.4838E-02
  1.0843E+03  3.5762E-02 -1.4847E-02
  1.0858E+03  3.5911E-02 -1.4853E-02
  1.0872E+03  3.5835E-02 -1.4855E-02
  1.0886E+03  3.5843E-02 -1.4855E-02
  1.0901E+03  3.5890E-02 -1.4860E-02
  1.0915E+03  3.5586E-02 -1.4874E-02
  1.0930E+03  3.4778E-02 -1.4885E-02
  1.0944E+03  3.3698E-02 -1.4879E-02
  1.0958E+03  3.2854E-02 -1.4864E-02
  1.0973E+03  3.2822E-02 -1.4854E-02
  1.0987E+03  3.3837E-02 -1.4858E-02
  1.1002E+03  3.5311E-02 -1.4877E-02
  1.1016E+03  3.6256E-02 -1.4900E-02
  1.1030E+03  3.6123E-02 -1.4912E-02
  1.1045E+03  3.5021E-02 -1.4916E-02
  1.1059E+03  3.3598E-02 -1.4921E-02
  1.1074E+03  3.2814E-02 -1.4924E-02
  1.1088E+03  3.3178E-02 -1.4916E-02
  1.1102E+03  3.4152E-02 -1.4902E-02
  1.1117E+03  3.4821E-02 -1.4893E-02
  1.1131E+03  3.4831E-02 -1.4901E-02
  1.1146E+03  3.4374E-02 -1.4923E-02
  1.1160E+03  3.3687E-02 -1.4945E-02
  1.1174E+03  3.3113E-02 -1.4953E-02
  1.1189E+03  3.3146E-02 -1.4950E-02
  1.1203E+03  3.3811E-02 -1.4950E-02
  1.1218E+03  3.4429E-02 -1.4962E-02
  1.1232E+03  3.4406E-02 -1.4983E-02
  1.1246E+03  3.3971E-02 -1.5001E-02
  1.1261E+03  3.3668E-02 -1.5012E-02
  1.1275E+03  3.3595E-02 -1.5016E-02
  1.1290E+03  3.3663E-02 -1.5013E-02
  1.1304E+03  3.4074E-02 -1.5000E-02
  1.1318E+03  3.4882E-02 -1.4994E-02
  1.1333E+03  3.5516E-02 -1.5005E-02
  1.1347E+03  3.5331E-02 -1.5022E-02
  1.1362E+03  3.4357E-02 -1.5036E-02
  1.1376E+03  3.3321E-02 -1.5045E-02
  1.1390E+03  3.3016E-02 -1.5045E-02
  1.1405E+03  3.3599E-02 -1.5031E-02
  1.1419E+03  3.4445E-02 -1.5012E-02
  1.1434E+03  3.4852E-02 -1.4999E-02
  1.1448E+03  3.4767E-02 -1.4999E-02
  1.1462E+03  3.4552E-02 -1.5009E-02
  1.1477E+03  3.4497E-02 -1.5014E-02
  1.1491E+03  3.4610E-02 -1.5010E-02
  1.1506E+03  3.4695E-02 -1.5005E-02
  1.1520E+03  3.4374E-02 -1.5008E-02
  1.1534E+03  3.3549E-02 -1.5020E-02
  1.1549E+03  3.2779E-02 -1.5030E-02
  1.1563E+03  3.2782E-02 -1.5030E-02
  1.1578E+03  3.3392E-02 -1.5023E-02
  1.1592E+03  3.3688E-02 -1.5020E-02
  1.1606E+03  3.3263E-02 -1.5025E-02
  1.1621E+03  3.2734E-02 -1.5034E-02
  1.1635E+03  3.2739E-02 -1.5044E-02
  1.1650E+03  3.3105E-02 -1.5048E-02
  1.1664E+03  3.3384E-02 -1.5045E-02
  1.1678E+03  3.3459E-02 -1.5043E-02
  1.1693E+03  3.3388E-02 -1.5051E-02
  1.1707E+03  3.3186E-02 -1.5060E-02
  1.1722E+03  3.2953E-02 -1.5060E-02
  1.1736E+03  3.2900E-02 -1.5058E-02
  1.1750E+03  3.3063E-02 -1.5067E-02
  1.1765E+03  3.3228E-02 -1.5083E-02
  1.1779E+03  3.3153E-02 -1.5095E-02
  1.1794E+03  3.2852E-02 -1.5097E-02
  1.1808E+03  3.2600E-02 -1.5098E-02
  1.1822E+03  3.2610E-02 -1.5108E-02
  1.1837E+03  3.2723E-02 -1.5126E-02
  1.1851E+03  3.2628E-02 -1.5145E-02
  1.1866E+03  3.2377E-02 -1.5157E-02
  1.1880E+03  3.2238E-02 -1.5160E-02
  1.1894E+03  3.2187E-02 -1.5156E-02
  1.1909E+03  3.1944E-02 -1.5150E-02
  1.1923E+03  3.1612E-02 -1.5149E-02
  1.1938E+03  3.1722E-02 -1.5157E-02
  1.1952E+03  3.2480E-02 -1.5174E-02
  1.1966E+03  3.3321E-02 -1.5190E-02
  1.1981E+03  3.3545E-02 -1.5192E-02
  1.1995E+03  3.3074E-02 -1.5182E-02
  1.2010E+03  3.2326E-02 -1.5170E-02
  1.2024E+03  3.1680E-02 -1.5160E-02
  1.2038E+03  3.1287E-02 -1.5149E-02
  1.2053E+03  3.1208E-02 -1.5140E-02
  1.2067E+03  3.1419E-02 -1.5140E-02
  1.2082E+03  3.1799E-02 -1.5155E-02
  1.2096E+03  3.2184E-02 -1.5173E-02
  1.2110E+03  3.2415E-02 -1.5177E-02
  1.2125E+03  3.2324E-02 -1.5169E-02
  1.2139E+03  3.1888E-02 -1.5169E-02
  1.2154E+03  3.1379E-02 -1.5186E-02
  1.2168E+03  3.1245E-02 -1.5208E-02
  1.2182E+03  3.1666E-02 -1.5220E-02
  1.2197E+03  3.2155E-02 -1.5218E-02
  1.2211E+03  3.2007E-02 -1.5215E-02
  1.2226E+03  3.1180E-02 -1.5226E-02
  1.2240E+03  3.0386E-02 -1.5250E-02
  1.2254E+03  3.0205E-02 -1.5272E-02
  1.2269E+03  3.0571E-02 -1.5282E-02
  1.2283E+03  3.1123E-02 -1.5279E-02
  1.2298E+03  3.1647E-02 -1.5273E-02
  1.2312E+03  3.2015E-02 -1.5276E-02
  1.2326E+03  3.1940E-02 -1.5286E-02
  1.2341E+03  3.1249E-02 -1.5293E-02
  1.2355E+03  3.0378E-02 -1.5292E-02
  1.2370E+03  3.0158E-02 -1.5287E-02
  1.2384E+03  3.0786E-02 -1.5279E-02
  1.2398E+03  3.1413E-02 -1.5271E-02
  1.2413E+03  3.1212E-02 -1.5266E-02
  1.2427E+03  3.0420E-02 -1.5264E-02
  1.2442E+03  2.9984E-02 -1.5267E-02
  1.2456E+03  3.0322E-02 -1.5274E-02
  1.2470E+03  3.0999E-02 -1.5279E-02
  1.2485E+03  3.1423E-02 -1.5282E-02
  1.2499E+03  3.1497E-02 -1.5286E-02
  1.2514E+03  3.1490E-02 -1.5296E-02
  1.2528E+03  3.1641E-02 -1.5311E-02
  1.2542E+03  3.1861E-02 -1.5323E-02
  1.2557E+03  3.1756E-02 -1.5328E-02
  1.2571E+03  3.1093E-02 -1.5328E-02
  1.2586E+03  3.0331E-02 -1.5324E-02
  1.2600E+03  3.0243E-02 -1.5321E-02
  1.2614E+03  3.0955E-02 -1.5326E-02
  1.2629E+03  3.1878E-02 -1.5340E-02
  1.2643E+03  3.2369E-02 -1.5353E-02
  1.2658E+03  3.2127E-02 -1.5355E-02
  1.2672E+03  3.1217E-02 -1.5350E-02
  1.2686E+03  3.0087E-02 -1.5351E-02
  1.2701E+03  2.9360E-02 -1.5356E-02
  1.2715E+03  2.9305E-02 -1.5359E-02
  1.2730E+03  2.9724E-02 -1.5356E-02
  1.2744E+03  3.0302E-02 -1.5346E-02
  1.2758E+03  3.0758E-02 -1.5339E-02
  1.2773E+03  3.0763E-02 -1.5346E-02
  1.2787E+03  3.0177E-02 -1.5358E-02
  1.2802E+03  2.9382E-02 -1.5360E-02
  1.2816E+03  2.9046E-02 -1.5350E-02
  1.2830E+03  2.9438E-02 -1.5348E-02
  1.2845E+03  3.0190E-02 -1.5360E-02
  1.2859E+03  3.0766E-02 -1.5379E-02
  1.2874E+03  3.0867E-02 -1.5389E-02
  1.2888E+03  3.0630E-02 -1.5393E-02
  1.2902E+03  3.0443E-02 -1.5398E-02
  1.2917E+03  3.0530E-02 -1.5406E-02
  1.2931E+03  3.0722E-02 -1.5413E-02
  1.2946E+03  3.0882E-02 -1.5420E-02
  1.2960E+03  3.1119E-02 -1.5429E-02
  1.2974E+03  3.1381E-02 -1.5440E-02
  1.2989E+03  3.1320E-02 -1.5448E-02
  1.3003E+03  3.0893E-02 -1.5446E-02
  1.3018E+03  3.0607E-02 -1.5434E-02
  1.3032E+03  3.0808E-02 -1.5426E-02
  1.3046E+03  3.1215E-02 -1.5430E-02
  1.3061E+03  3.1327E-02 -1.5442E-02
  1.3075E+03  3.0975E-02 -1.5451E-02
  1.3090E+03  3.0370E-02 -1.5458E-02
  1.3104E+03  2.9963E-02 -1.5461E-02
  1.3118E+03  3.0186E-02 -1.5461E-02
  1.3133E+03  3.0923E-02 -1.5462E-02
  1.3147E+03  3.1471E-02 -1.5470E-02
  1.3162E+03  3.1393E-02 -1.5485E-02
  1.3176E+03  3.1137E-02 -1.5498E-02
  1.3190E+03  3.1257E-02 -1.5502E-02
  1.3205E+03  3.1491E-02 -1.5498E-02
  1.3219E+03  3.1209E-02 -1.5493E-02
  1.3234E+03  3.0450E-02 -1.5494E-02
  1.3248E+03  2.9991E-02 -1.5507E-02
  1.3262E+03  3.0364E-02 -1.5525E-02
  1.3277E+03  3.1135E-02 -1.5533E-02
  1.3291E+03  3.1351E-02 -1.5522E-02
  1.3306E+03  3.0763E-02 -1.5506E-02
  1.3320E+03  3.0257E-02 -1.5498E-02
  1.3334E+03  3.0712E-02 -1.5503E-02
  1.3349E+03  3.1709E-02 -1.5518E-02
  1.3363E+03  3.2001E-02 -1.5534E-02
  1.3378E+03  3.1187E-02 -1.5543E-02
  1.3392E+03  3.0158E-02 -1.5544E-02
  1.3406E+03  2.9832E-02 -1.5540E-02
  1.3421E+03  3.0156E-02 -1.5534E-02
  1.3435E+03  3.0649E-02 -1.5530E-02
  1.3450E+03  3.1047E-02 -1.5533E-02
  1.3464E+03  3.1269E-02 -1.5546E-02
  1.3478E+03  3.1251E-02 -1.5557E-02
  1.3493E+03  3.1094E-02 -1.5560E-02
  1.3507E+03  3.0993E-02 -1.5560E-02
  1.3522E+03  3.0961E-02 -1.5569E-02
  1.3536E+03  3.0833E-02 -1.5589E-02
  1.3550E+03  3.0578E-02 -1.5606E-02
  1.3565E+03  3.0399E-02 -1.5609E-02
  1.3579E+03  3.0519E-02 -1.5607E-02
  1.3594E+03  3.0958E-02 -1.5609E-02
  1.3608E+03  3.1453E-02 -1.5619E-02
  1.3622E+03  3.1703E-02 -1.5632E-02
  1.3637E+03  3.1584E-02 -1.5646E-02
  1.3651E+03  3.1149E-02 -1.5656E-02
  1.3666E+03  3.0580E-02 -1.5657E-02
  1.3680E+03  3.0212E-02 -1.5647E-02
  1.3694E+03  3.0428E-02 -1.5633E-02
  1.3709E+03  3.1126E-02 -1.5628E-02
  1.3723E+03  3.1553E-02 -1.5638E-02
  1.3738E+03  3.1170E-02 -1.5649E-02
  1.3752E+03  3.0447E-02 -1.5647E-02
  1.3766E+03  3.0251E-02 -1.5637E-02
  1.3781E+03  3.0716E-02 -1.5634E-02
  1.3795E+03  3.1290E-02 -1.5647E-02
  1.3810E+03  3.1557E-02 -1.5665E-02
  1.3824E+03  3.1499E-02 -1.5675E-02
  1.3838E+03  3.1070E-02 -1.5671E-02
  1.3853E+03  3.0264E-02 -1.5659E-02
  1.3867E+03  2.9469E-02 -1.5649E-02
  1.3882E+03  2.9276E-02 -1.5647E-02
  1.3896E+03  2.9753E-02 -1.5653E-02
  1.3910E+03  3.0331E-02 -1.5662E-02
  1.3925E+03  3.0517E-02 -1.5667E-02
  1.3939E+03  3.0369E-02 -1.5672E-02
  1.3954E+03  3.0175E-02 -1.5685E-02
  1.3968E+03  3.0022E-02 -1.5701E-02
  1.3982E+03  2.9920E-02 -1.5710E-02
  1.3997E+03  3.0021E-02 -1.5710E-02
  1.4011E+03  3.0413E-02 -1.5707E-02
  1.4026E+03  3.0819E-02 -1.5707E-02
  1.4040E+03  3.0960E-02 -1.5711E-02
  1.4054E+03  3.1017E-02 -1.5717E-02
  1.4069E+03  3.1308E-02 -1.5728E-02
  1.4083E+03  3.1646E-02 -1.5743E-02
  1.4098E+03  3.1541E-02 -1.5757E-02
  1.4112E+03  3.0980E-02 -1.5763E-02
  1.4126E+03  3.0512E-02 -1.5761E-02
  1.4141E+03  3.0558E-02 -1.5758E-02
  1.4155E+03  3.0869E-02 -1.5758E-02
  1.4170E+03  3.0915E-02 -1.5765E-02
  1.4184E+03  3.0608E-02 -1.5777E-02
  1.4198E+03  3.0362E-02 -1.5785E-02
  1.4213E+03  3.0442E-02 -1.5786E-02
  1.4227E+03  3.0635E-02 -1.5783E-02
  1.4242E+03  3.0656E-02 -1.5780E-02
  1.4256E+03  3.0499E-02 -1.5782E-02
  1.4270E+03  3.0311E-02 -1.5790E-02
  1.4285E+03  3.0172E-02 -1.5793E-02
  1.4299E+03  3.0193E-02 -1.5782E-02
  1.4314E+03  3.0438E-02 -1.5764E-02
  1.4328E+03  3.0620E-02 -1.5758E-02
  1.4342E+03  3.0258E-02 -1.5775E-02
  1.4357E+03  2.9350E-02 -1.5798E-02
  1.4371E+03  2.8645E-02 -1.5803E-02
  1.4386E+03  2.8812E-02 -1.5784E-02
  1.4400E+03  2.9719E-02 -1.5767E-02
  1.4414E+03  3.0626E-02 -1.5771E-02
  1.4429E+03  3.0918E-02 -1.5794E-02
  1.4443E+03  3.0497E-02 -1.5822E-02
  1.4458E+03  2.9832E-02 -1.5843E-02
  1.4472E+03  2.9575E-02 -1.5854E-02
  1.4486E+03  2.9931E-02 -1.5859E-02
  1.4501E+03  3.0504E-02 -1.5863E-02
  1.4515E+03  3.0738E-02 -1.5864E-02
  1.4530E+03  3.0388E-02 -1.5863E-02
  1.4544E+03  2.9659E-02 -1.5866E-02
  1.4558E+03  2.9129E-02 -1.5874E-02
  1.4573E+03  2.9225E-02 -1.5881E-02
  1.4587E+03  2.9748E-02 -1.5885E-02
  1.4602E+03  3.0111E-02 -1.5891E-02
  1.4616E+03  3.0116E-02 -1.5902E-02
  1.4630E+03  3.0099E-02 -1.5917E-02
  1.4645E+03  3.0259E-02 -1.5932E-02
  1.4659E+03  3.0369E-02 -1.5939E-02
  1.4674E+03  3.0240E-02 -1.5936E-02
  1.4688E+03  3.0038E-02 -1.5927E-02
  1.4702E+03  2.9899E-02 -1.5921E-02
  1.4717E+03  2.9715E-02 -1.5922E-02
  1.4731E+03  2.9532E-02 -1.5922E-02
  1.4746E+03  2.9586E-02 -1.5916E-02
  1.4760E+03  2.9833E-02 -1.5912E-02
  1.4774E+03  2.9950E-02 -1.5916E-02
  1.4789E+03  2.9817E-02 -1.5924E-02
  1.4803E+03  2.9551E-02 -1.5931E-02
  1.4818E+03  2.9330E-02 -1.5936E-02
  1.4832E+03  2.9281E-02 -1.5941E-02
  1.4846E+03  2.9392E-02 -1.5944E-02
  1.4861E+03  2.9465E-02 -1.5951E-02
  1.4875E+03  2.9445E-02 -1.5963E-02
  1.4890E+03  2.9583E-02 -1.5976E-02
  1.4904E+03  3.0016E-02 -1.5986E-02
  1.4918E+03  3.0453E-02 -1.5988E-02
  1.4933E+03  3.0483E-02 -1.5983E-02
  1.4947E+03  3.0125E-02 -1.5982E-02
  1.4962E+03  2.9790E-02 -1.5991E-02
  1.4976E+03  2.9794E-02 -1.6009E-02
  1.4990E+03  2.9980E-02 -1.6023E-02
  1.5005E+03  2.9923E-02 -1.6025E-02
  1.5019E+03  2.9392E-02 -1.6021E-02
  1.5034E+03  2.8679E-02 -1.6026E-02
  1.5048E+03  2.8449E-02 -1.6036E-02
  1.5062E+03  2.8951E-02 -1.6039E-02
  1.5077E+03  2.9616E-02 -1.6034E-02
  1.5091E+03  2.9715E-02 -1.6032E-02
  1.5106E+03  2.9248E-02 -1.6037E-02
  1.5120E+03  2.8684E-02 -1.6046E-02
  1.5134E+03  2.8321E-02 -1.6049E-02
  1.5149E+03  2.8249E-02 -1.6045E-02
  1.5163E+03  2.8518E-02 -1.6042E-02
  1.5178E+03  2.9037E-02 -1.6047E-02
  1.5192E+03  2.9567E-02 -1.6053E-02
  1.5206E+03  2.9898E-02 -1.6052E-02
  1.5221E+03  2.9834E-02 -1.6049E-02
  1.5235E+03  2.9246E-02 -1.6053E-02
  1.5250E+03  2.8405E-02 -1.6060E-02
  1.5264E+03  2.7966E-02 -1.6063E-02
  1.5278E+03  2.8289E-02 -1.6064E-02
  1.5293E+03  2.8985E-02 -1.6066E-02
  1.5307E+03  2.9456E-02 -1.6071E-02
  1.5322E+03  2.9587E-02 -1.6076E-02
  1.5336E+03  2.9649E-02 -1.6085E-02
  1.5350E+03  2.9703E-02 -1.6103E-02
  1.5365E+03  2.9579E-02 -1.6125E-02
  1.5379E+03  2.9217E-02 -1.6135E-02
  1.5394E+03  2.8750E-02 -1.6130E-02
  1.5408E+03  2.8374E-02 -1.6121E-02
  1.5422E+03  2.8267E-02 -1.6115E-02
  1.5437E+03  2.8478E-02 -1.6118E-02
  1.5451E+03  2.8844E-02 -1.6126E-02
  1.5466E+03  2.9111E-02 -1.6134E-02
  1.5480E+03  2.9059E-02 -1.6137E-02
  1.5494E+03  2.8651E-02 -1.6143E-02
  1.5509E+03  2.8173E-02 -1.6151E-02
  1.5523E+03  2.8076E-02 -1.6160E-02
  1.5538E+03  2.8388E-02 -1.6165E-02
  1.5552E+03  2.8646E-02 -1.6165E-02
  1.5566E+03  2.8569E-02 -1.6165E-02
  1.5581E+03  2.8451E-02 -1.6169E-02
  1.5595E+03  2.8622E-02 -1.6175E-02
  1.5610E+03  2.8933E-02 -1.6173E-02
  1.5624E+03  2.9020E-02 -1.6166E-02
  1.5638E+03  2.8774E-02 -1.6165E-02
  1.5653E+03  2.8367E-02 -1.6177E-02
  1.5667E+03  2.7993E-02 -1.6196E-02
  1.5682E+03  2.7764E-02 -1.6206E-02
  1.5696E+03  2.7803E-02 -1.6204E-02
  1.5710E+03  2.8151E-02 -1.6202E-02
  1.5725E+03  2.8589E-02 -1.6209E-02
  1.5739E+03  2.8751E-02 -1.6221E-02
  1.5754E+03  2.8512E-02 -1.6223E-02
  1.5768E+03  2.8090E-02 -1.6216E-02
  1.5782E+03  2.7824E-02 -1.6209E-02
  1.5797E+03  2.7868E-02 -1.6211E-02
  1.5811E+03  2.8189E-02 -1.6219E-02
  1.5826E+03  2.8679E-02 -1.6226E-02
  1.5840E+03  2.9188E-02 -1.6229E-02
  1.5854E+03  2.9439E-02 -1.6236E-02
  1.5869E+03  2.9111E-02 -1.6247E-02
  1.5883E+03  2.8247E-02 -1.6257E-02
  1.5898E+03  2.7390E-02 -1.6264E-02
  1.5912E+03  2.7157E-02 -1.6268E-02
  1.5926E+03  2.7739E-02 -1.6269E-02
  1.5941E+03  2.8743E-02 -1.6267E-02
  1.5955E+03  2.9406E-02 -1.6267E-02
  1.5970E+03  2.9167E-02 -1.6274E-02
  1.5984E+03  2.8176E-02 -1.6288E-02
  1.5998E+03  2.7195E-02 -1.6297E-02
  1.6013E+03  2.6956E-02 -1.6294E-02
  1.6027E+03  2.7535E-02 -1.6287E-02
  1.6042E+03  2.8335E-02 -1.6296E-02
  1.6056E+03  2.8677E-02 -1.6319E-02
  1.6070E+03  2.8506E-02 -1.6341E-02
  1.6085E+03  2.8243E-02 -1.6342E-02
  1.6099E+03  2.8102E-02 -1.6327E-02
  1.6114E+03  2.7972E-02 -1.6310E-02
  1.6128E+03  2.7849E-02 -1.6302E-02
  1.6142E+03  2.7845E-02 -1.6301E-02
  1.6157E+03  2.7868E-02 -1.6305E-02
  1.6171E+03  2.7709E-02 -1.6314E-02
  1.6186E+03  2.7418E-02 -1.6321E-02
  1.6200E+03  2.7254E-02 -1.6325E-02
  1.6214E+03  2.7254E-02 -1.6328E-02
  1.6229E+03  2.7253E-02 -1.6332E-02
  1.6243E+03  2.7319E-02 -1.6337E-02
  1.6258E+03  2.7753E-02 -1.6347E-02
  1.6272E+03  2.8428E-02 -1.6363E-02
  1.6286E+03  2.8658E-02 -1.6375E-02
  1.6301E+03  2.8016E-02 -1.6377E-02
  1.6315E+03  2.6887E-02 -1.6372E-02
  1.6330E+03  2.6152E-02 -1.6373E-02
  1.6344E+03  2.6366E-02 -1.6383E-02
  1.6358E+03  2.7275E-02 -1.6393E-02
  1.6373E+03  2.8094E-02 -1.6399E-02
  1.6387E+03  2.8324E-02 -1.6401E-02
  1.6402E+03  2.8064E-02 -1.6404E-02
  1.6416E+03  2.7604E-02 -1.6410E-02
  1.6430E+03  2.7200E-02 -1.6419E-02
  1.6445E+03  2.7134E-02 -1.6427E-02
  1.6459E+03  2.7505E-02 -1.6430E-02
  1.6474E+03  2.7953E-02 -1.6432E-02
  1.6488E+03  2.8065E-02 -1.6434E-02
  1.6502E+03  2.7829E-02 -1.6432E-02
  1.6517E+03  2.7539E-02 -1.6430E-02
  1.6531E+03  2.7375E-02 -1.6435E-02
  1.6546E+03  2.7292E-02 -1.6444E-02
  1.6560E+03  2.7195E-02 -1.6450E-02
  1.6574E+03  2.7008E-02 -1.6450E-02
  1.6589E+03  2.6775E-02 -1.6450E-02
  1.6603E+03  2.6781E-02 -1.6457E-02
  1.6618E+03  2.7292E-02 -1.6465E-02
  1.6632E+03  2.7948E-02 -1.6471E-02
  1.6646E+03  2.7939E-02 -1.6473E-02
  1.6661E+03  2.7093E-02 -1.6473E-02
  1.6675E+03  2.6228E-02 -1.6479E-02
  1.6690E+03  2.6173E-02 -1.6490E-02
  1.6704E+03  2.6874E-02 -1.6501E-02
  1.6718E+03  2.7667E-02 -1.6502E-02
  1.6733E+03  2.7991E-02 -1.6500E-02
  1.6747E+03  2.7808E-02 -1.6503E-02
  1.6762E+03  2.7484E-02 -1.6508E-02
  1.6776E+03  2.7358E-02 -1.6508E-02
  1.6790E+03  2.7426E-02 -1.6506E-02
  1.6805E+03  2.7535E-02 -1.6508E-02
  1.6819E+03  2.7657E-02 -1.6512E-02
  1.6834E+03  2.7725E-02 -1.6514E-02
  1.6848E+03  2.7537E-02 -1.6515E-02
  1.6862E+03  2.7087E-02 -1.6518E-02
  1.6877E+03  2.6797E-02 -1.6525E-02
  1.6891E+03  2.7069E-02 -1.6535E-02
  1.6906E+03  2.7765E-02 -1.6547E-02
  1.6920E+03  2.8311E-02 -1.6558E-02
  1.6934E+03  2.8263E-02 -1.6565E-02
  1.6949E+03  2.7622E-02 -1.6567E-02
  1.6963E+03  2.6863E-02 -1.6567E-02
  1.6978E+03  2.6687E-02 -1.6569E-02
  1.6992E+03  2.7316E-02 -1.6572E-02
  1.7006E+03  2.8103E-02 -1.6575E-02
  1.7021E+03  2.8179E-02 -1.6578E-02
  1.7035E+03  2.7547E-02 -1.6577E-02
  1.7050E+03  2.6964E-02 -1.6578E-02
  1.7064E+03  2.6925E-02 -1.6586E-02
  1.7078E+03  2.7186E-02 -1.6597E-02
  1.7093E+03  2.7256E-02 -1.6600E-02
  1.7107E+03  2.6991E-02 -1.6594E-02
  1.7122E+03  2.6701E-02 -1.6584E-02
  1.7136E+03  2.6785E-02 -1.6581E-02
  1.7150E+03  2.7211E-02 -1.6588E-02
  1.7165E+03  2.7528E-02 -1.6602E-02
  1.7179E+03  2.7461E-02 -1.6614E-02
  1.7194E+03  2.7231E-02 -1.6617E-02
  1.7208E+03  2.7168E-02 -1.6620E-02
  1.7222E+03  2.7290E-02 -1.6628E-02
  1.7237E+03  2.7419E-02 -1.6641E-02
  1.7251E+03  2.7401E-02 -1.6650E-02
  1.7266E+03  2.7218E-02 -1.6652E-02
  1.7280E+03  2.7004E-02 -1.6653E-02
  1.7294E+03  2.7029E-02 -1.6658E-02
  1.7309E+03  2.7379E-02 -1.6665E-02
  1.7323E+03  2.7775E-02 -1.6669E-02
  1.7338E+03  2.7907E-02 -1.6672E-02
  1.7352E+03  2.7809E-02 -1.6680E-02
  1.7366E+03  2.7689E-02 -1.6698E-02
  1.7381E+03  2.7534E-02 -1.6715E-02
  1.7395E+03  2.7302E-02 -1.6716E-02
  1.7410E+03  2.7205E-02 -1.6703E-02
  1.7424E+03  2.7404E-02 -1.6693E-02
  1.7438E+03  2.7594E-02 -1.6701E-02
  1.7453E+03  2.7414E-02 -1.6717E-02
  1.7467E+03  2.7010E-02 -1.6722E-02
  1.7482E+03  2.6876E-02 -1.6713E-02
  1.7496E+03  2.7131E-02 -1.6700E-02
  1.7510E+03  2.7288E-02 -1.6694E-02
  1.7525E+03  2.6877E-02 -1.6697E-02
  1.7539E+03  2.6159E-02 -1.6706E-02
  1.7554E+03  2.5923E-02 -1.6717E-02
  1.7568E+03  2.6522E-02 -1.6726E-02
  1.7582E+03  2.7426E-02 -1.6732E-02
  1.7597E+03  2.7850E-02 -1.6738E-02
  1.7611E+03  2.7531E-02 -1.6749E-02
  1.7626E+03  2.6842E-02 -1.6763E-02
  1.7640E+03  2.6368E-02 -1.6771E-02
  1.7654E+03  2.6420E-02 -1.6769E-02
  1.7669E+03  2.6819E-02 -1.6765E-02
  1.7683E+03  2.7135E-02 -1.6770E-02
  1.7698E+03  2.7136E-02 -1.6783E-02
  1.7712E+03  2.6982E-02 -1.6797E-02
  1.7726E+03  2.6900E-02 -1.6803E-02
  1.7741E+03  2.6830E-02 -1.6802E-02
  1.7755E+03  2.6578E-02 -1.6804E-02
  1.7770E+03  2.6301E-02 -1.6810E-02
  1.7784E+03  2.6442E-02 -1.6817E-02
  1.7798E+03  2.7029E-02 -1.6820E-02
  1.7813E+03  2.7485E-02 -1.6820E-02
  1.7827E+03  2.7278E-02 -1.6819E-02
  1.7842E+03  2.6601E-02 -1.6823E-02
  1.7856E+03  2.6150E-02 -1.6827E-02
  1.7870E+03  2.6290E-02 -1.6828E-02
  1.7885E+03  2.6710E-02 -1.6826E-02
  1.7899E+03  2.6982E-02 -1.6830E-02
  1.7914E+03  2.7104E-02 -1.6840E-02
  1.7928E+03  2.7239E-02 -1.6847E-02
  1.7942E+03  2.7327E-02 -1.6846E-02
  1.7957E+03  2.7235E-02 -1.6839E-02
  1.7971E+03  2.7051E-02 -1.6839E-02
  1.7986E+03  2.6940E-02 -1.6855E-02
  1.8000E+03  2.6966E-02 -1.6877E-02
  1.8014E+03  2.7028E-02 -1.6883E-02
  1.8029E+03  2.6926E-02 -1.6871E-02
  1.8043E+03  2.6597E-02 -1.6861E-02
  1.8058E+03  2.6282E-02 -1.6867E-02
  1.8072E+03  2.6324E-02 -1.6886E-02
  1.8086E+03  2.6776E-02 -1.6903E-02
  1.8101E+03  2.7341E-02 -1.6910E-02
  1.8115E+03  2.7685E-02 -1.6909E-02
  1.8130E+03  2.7694E-02 -1.6910E-02
  1.8144E+03  2.7426E-02 -1.6916E-02
  1.8158E+03  2.6997E-02 -1.6928E-02
  1.8173E+03  2.6554E-02 -1.6938E-02
  1.8187E+03  2.6241E-02 -1.6940E-02
  1.8202E+03  2.6128E-02 -1.6934E-02
  1.8216E+03  2.6242E-02 -1.6923E-02
  1.8230E+03  2.6570E-02 -1.6914E-02
  1.8245E+03  2.6916E-02 -1.6918E-02
  1.8259E+03  2.7045E-02 -1.6933E-02
  1.8274E+03  2.6971E-02 -1.6945E-02
  1.8288E+03  2.6840E-02 -1.6946E-02
  1.8302E+03  2.6603E-02 -1.6949E-02
  1.8317E+03  2.6148E-02 -1.6960E-02
  1.8331E+03  2.5657E-02 -1.6969E-02
  1.8346E+03  2.5475E-02 -1.6969E-02
  1.8360E+03  2.5740E-02 -1.6966E-02
  1.8374E+03  2.6290E-02 -1.6964E-02
  1.8389E+03  2.6854E-02 -1.6967E-02
  1.8403E+03  2.7138E-02 -1.6973E-02
  1.8418E+03  2.6982E-02 -1.6981E-02
  1.8432E+03  2.6500E-02 -1.6990E-02
  1.8446E+03  2.6044E-02 -1.7001E-02
  1.8461E+03  2.5852E-02 -1.7011E-02
  1.8475E+03  2.5913E-02 -1.7014E-02
  1.8490E+03  2.6133E-02 -1.7009E-02
  1.8504E+03  2.6404E-02 -1.7001E-02
  1.8518E+03  2.6622E-02 -1.7004E-02
  1.8533E+03  2.6770E-02 -1.7019E-02
  1.8547E+03  2.6888E-02 -1.7035E-02
  1.8562E+03  2.6845E-02 -1.7045E-02
  1.8576E+03  2.6464E-02 -1.7051E-02
  1.8590E+03  2.5920E-02 -1.7055E-02
  1.8605E+03  2.5652E-02 -1.7057E-02
  1.8619E+03  2.5843E-02 -1.7059E-02
  1.8634E+03  2.6241E-02 -1.7060E-02
  1.8648E+03  2.6505E-02 -1.7058E-02
  1.8662E+03  2.6429E-02 -1.7058E-02
  1.8677E+03  2.6036E-02 -1.7065E-02
  1.8691E+03  2.5598E-02 -1.7073E-02
  1.8706E+03  2.5463E-02 -1.7077E-02
  1.8720E+03  2.5703E-02 -1.7079E-02
  1.8734E+03  2.6094E-02 -1.7082E-02
  1.8749E+03  2.6433E-02 -1.7090E-02
  1.8763E+03  2.6611E-02 -1.7099E-02
  1.8778E+03  2.6491E-02 -1.7109E-02
  1.8792E+03  2.6053E-02 -1.7116E-02
  1.8806E+03  2.5657E-02 -1.7114E-02
  1.8821E+03  2.5684E-02 -1.7105E-02
  1.8835E+03  2.6057E-02 -1.7098E-02
  1.8850E+03  2.6413E-02 -1.7099E-02
  1.8864E+03  2.6555E-02 -1.7108E-02
  1.8878E+03  2.6445E-02 -1.7119E-02
  1.8893E+03  2.6051E-02 -1.7126E-02
  1.8907E+03  2.5559E-02 -1.7126E-02
  1.8922E+03  2.5393E-02 -1.7124E-02
  1.8936E+03  2.5748E-02 -1.7131E-02
  1.8950E+03  2.6213E-02 -1.7145E-02
  1.8965E+03  2.6187E-02 -1.7154E-02
  1.8979E+03  2.5581E-02 -1.7156E-02
  1.8994E+03  2.5002E-02 -1.7162E-02
  1.9008E+03  2.5127E-02 -1.7175E-02
  1.9022E+03  2.5922E-02 -1.7186E-02
  1.9037E+03  2.6658E-02 -1.7187E-02
  1.9051E+03  2.6717E-02 -1.7183E-02
  1.9066E+03  2.6224E-02 -1.7188E-02
  1.9080E+03  2.5695E-02 -1.7204E-02
  1.9094E+03  2.5397E-02 -1.7216E-02
  1.9109E+03  2.5298E-02 -1.7215E-02
  1.9123E+03  2.5391E-02 -1.7206E-02
  1.9138E+03  2.5639E-02 -1.7202E-02
  1.9152E+03  2.5830E-02 -1.7208E-02
  1.9166E+03  2.5830E-02 -1.7217E-02
  1.9181E+03  2.5750E-02 -1.7220E-02
  1.9195E+03  2.5676E-02 -1.7217E-02
  1.9210E+03  2.5500E-02 -1.7215E-02
  1.9224E+03  2.5242E-02 -1.7214E-02
  1.9238E+03  2.5160E-02 -1.7216E-02
  1.9253E+03  2.5394E-02 -1.7220E-02
  1.9267E+03  2.5757E-02 -1.7227E-02
  1.9282E+03  2.5979E-02 -1.7233E-02
  1.9296E+03  2.5962E-02 -1.7236E-02
  1.9310E+03  2.5702E-02 -1.7238E-02
  1.9325E+03  2.5266E-02 -1.7239E-02
  1.9339E+03  2.4842E-02 -1.7239E-02
  1.9354E+03  2.4703E-02 -1.7239E-02
  1.9368E+03  2.4896E-02 -1.7242E-02
  1.9382E+03  2.5108E-02 -1.7249E-02
  1.9397E+03  2.5012E-02 -1.7257E-02
  1.9411E+03  2.4761E-02 -1.7262E-02
  1.9426E+03  2.4867E-02 -1.7266E-02
  1.9440E+03  2.5463E-02 -1.7272E-02
  1.9454E+03  2.5983E-02 -1.7284E-02
  1.9469E+03  2.5833E-02 -1.7297E-02
  1.9483E+03  2.5170E-02 -1.7307E-02
  1.9498E+03  2.4628E-02 -1.7309E-02
  1.9512E+03  2.4505E-02 -1.7305E-02
  1.9526E+03  2.4584E-02 -1.7302E-02
  1.9541E+03  2.4678E-02 -1.7305E-02
  1.9555E+03  2.4904E-02 -1.7315E-02
  1.9570E+03  2.5297E-02 -1.7324E-02
  1.9584E+03  2.5562E-02 -1.7326E-02
  1.9598E+03  2.5437E-02 -1.7322E-02
  1.9613E+03  2.5075E-02 -1.7323E-02
  1.9627E+03  2.4828E-02 -1.7335E-02
  1.9642E+03  2.4823E-02 -1.7351E-02
  1.9656E+03  2.4921E-02 -1.7358E-02
  1.9670E+03  2.5029E-02 -1.7354E-02
  1.9685E+03  2.5193E-02 -1.7350E-02
  1.9699E+03  2.5376E-02 -1.7354E-02
  1.9714E+03  2.5413E-02 -1.7362E-02
  1.9728E+03  2.5291E-02 -1.7363E-02
  1.9742E+03  2.5190E-02 -1.7358E-02
  1.9757E+03  2.5120E-02 -1.7358E-02
  1.9771E+03  2.4923E-02 -1.7368E-02
  1.9786E+03  2.4669E-02 -1.7379E-02
  1.9800E+03  2.4661E-02 -1.7384E-02
  1.9814E+03  2.4908E-02 -1.7387E-02
  1.9829E+03  2.4998E-02 -1.7389E-02
  1.9843E+03  2.4642E-02 -1.7387E-02
  1.9858E+03  2.4066E-02 -1.7379E-02
  1.9872E+03  2.3770E-02 -1.7375E-02
  1.9886E+03  2.3974E-02 -1.7381E-02
  1.9901E+03  2.4472E-02 -1.7389E-02
  1.9915E+03  2.4926E-02 -1.7395E-02
  1.9930E+03  2.5143E-02 -1.7398E-02
  1.9944E+03  2.5039E-02 -1.7403E-02
  1.9958E+03  2.4640E-02 -1.7415E-02
  1.9973E+03  2.4212E-02 -1.7429E-02
  1.9987E+03  2.4130E-02 -1.7437E-02
  2.0000E+03  2.4452E-02 -1.7439E-02
