# CREATED BY GENE DIAGNOSTICS TOOL on Sat Dec 12 23:34:45 2020
# diag: timetrace, run(s): 0008, time window: 0-1500(1458 steps), species: ions
# original data path: /marconi_scratch/userexternal/cmoreno0/GAM_HP_scan/LHD_s0.25_alpha-pi20_npol3_nz0768/
# normalization: L_ref=1.65m
#
#  t          Re[phi]     Im[phi]   
  0.0000E+00  9.9996E-01  0.0000E+00
  1.0300E+00  8.7289E-01 -8.1337E-03
  2.0600E+00  7.0211E-01 -1.3594E-02
  3.0900E+00  4.6442E-01 -1.5996E-02
  4.1200E+00  2.1372E-01 -1.4879E-02
  5.1500E+00 -1.4650E-02 -1.0660E-02
  6.1800E+00 -1.9228E-01 -4.2232E-03
  7.2100E+00 -3.0365E-01  3.1718E-03
  8.2400E+00 -3.4608E-01  1.0150E-02
  9.2700E+00 -3.2655E-01  1.5479E-02
  1.0300E+01 -2.5901E-01  1.8321E-02
  1.1330E+01 -1.6196E-01  1.8334E-02
  1.2360E+01 -5.4599E-02  1.5685E-02
  1.3390E+01  4.6992E-02  1.0977E-02
  1.4420E+01  1.3103E-01  5.0545E-03
  1.5450E+01  1.8481E-01 -1.3761E-03
  1.6480E+01  2.1473E-01 -6.9423E-03
  1.7510E+01  2.1632E-01 -1.1644E-02
  1.8540E+01  2.0260E-01 -1.4665E-02
  1.9570E+01  1.7631E-01 -1.6149E-02
  2.0600E+01  1.4412E-01 -1.6128E-02
  2.1630E+01  1.1359E-01 -1.4911E-02
  2.2660E+01  8.8428E-02 -1.2826E-02
  2.3690E+01  7.0875E-02 -1.0261E-02
  2.4720E+01  6.0546E-02 -7.5260E-03
  2.5750E+01  5.5911E-02 -4.8502E-03
  2.6780E+01  5.4760E-02 -2.3842E-03
  2.7810E+01  5.4517E-02 -2.1587E-04
  2.8840E+01  5.3286E-02  1.6314E-03
  2.9870E+01  4.9953E-02  3.1920E-03
  3.0900E+01  4.3500E-02  4.4107E-03
  3.1930E+01  3.6844E-02  5.3119E-03
  3.2960E+01  2.7900E-02  5.8353E-03
  3.3990E+01  2.0759E-02  5.8688E-03
  3.5020E+01  1.6276E-02  5.5395E-03
  3.6050E+01  1.4558E-02  4.5709E-03
  3.7080E+01  1.7252E-02  3.2185E-03
  3.8110E+01  2.3802E-02  1.3595E-03
  3.9140E+01  3.3291E-02 -7.9548E-04
  4.0170E+01  4.4844E-02 -3.1087E-03
  4.1200E+01  5.6934E-02 -5.3650E-03
  4.2230E+01  6.8356E-02 -7.3894E-03
  4.3260E+01  7.7684E-02 -9.0276E-03
  4.4290E+01  8.3932E-02 -1.0167E-02
  4.5320E+01  8.6709E-02 -1.0729E-02
  4.6350E+01  8.6267E-02 -1.0593E-02
  4.7380E+01  8.2882E-02 -9.8593E-03
  4.8410E+01  7.7443E-02 -8.5121E-03
  4.9440E+01  7.0542E-02 -6.8228E-03
  5.0470E+01  6.2312E-02 -4.9645E-03
  5.1500E+01  5.4124E-02 -3.1300E-03
  5.2530E+01  4.6523E-02 -1.4744E-03
  5.3560E+01  4.0734E-02 -1.1124E-05
  5.4590E+01  3.7189E-02  1.1502E-03
  5.5620E+01  3.5464E-02  1.9394E-03
  5.6650E+01  3.5182E-02  2.2692E-03
  5.7680E+01  3.5450E-02  2.0818E-03
  5.8710E+01  3.5849E-02  1.4331E-03
  5.9740E+01  3.6533E-02  4.5171E-04
  6.0770E+01  3.7959E-02 -6.8992E-04
  6.1800E+01  4.0462E-02 -1.8183E-03
  6.2830E+01  4.4116E-02 -2.8415E-03
  6.3860E+01  4.8589E-02 -3.7744E-03
  6.4890E+01  5.2899E-02 -4.6697E-03
  6.5920E+01  5.6432E-02 -5.5796E-03
  6.6950E+01  5.8576E-02 -6.4936E-03
  6.7980E+01  5.9064E-02 -7.2721E-03
  6.9010E+01  5.8202E-02 -7.7628E-03
  7.0040E+01  5.6469E-02 -7.7975E-03
  7.1070E+01  5.4507E-02 -7.3615E-03
  7.2100E+01  5.2649E-02 -6.5005E-03
  7.3130E+01  5.1260E-02 -5.4031E-03
  7.4160E+01  5.0315E-02 -4.2977E-03
  7.5190E+01  4.9709E-02 -3.4077E-03
  7.6220E+01  4.9226E-02 -2.8681E-03
  7.7250E+01  4.8688E-02 -2.6834E-03
  7.8280E+01  4.7866E-02 -2.7146E-03
  7.9310E+01  4.6790E-02 -2.7872E-03
  8.0340E+01  4.5520E-02 -2.7452E-03
  8.1370E+01  4.4253E-02 -2.5622E-03
  8.2400E+01  4.3097E-02 -2.3013E-03
  8.3430E+01  4.2247E-02 -2.0963E-03
  8.4460E+01  4.1810E-02 -2.0767E-03
  8.5490E+01  4.1935E-02 -2.3463E-03
  8.6520E+01  4.2589E-02 -2.9232E-03
  8.7550E+01  4.3704E-02 -3.7508E-03
  8.8580E+01  4.5071E-02 -4.6756E-03
  8.9610E+01  4.6532E-02 -5.5185E-03
  9.0640E+01  4.7896E-02 -6.1236E-03
  9.1670E+01  4.9001E-02 -6.4103E-03
  9.2700E+01  4.9742E-02 -6.4004E-03
  9.3730E+01  5.0040E-02 -6.1725E-03
  9.4760E+01  4.9889E-02 -5.8319E-03
  9.5790E+01  4.9371E-02 -5.4683E-03
  9.6820E+01  4.8589E-02 -5.1343E-03
  9.7850E+01  4.7689E-02 -4.8539E-03
  9.8880E+01  4.6783E-02 -4.6411E-03
  9.9910E+01  4.5927E-02 -4.5041E-03
  1.0094E+02  4.5166E-02 -4.4453E-03
  1.0197E+02  4.4541E-02 -4.4390E-03
  1.0300E+02  4.4119E-02 -4.4366E-03
  1.0403E+02  4.3948E-02 -4.3956E-03
  1.0506E+02  4.3969E-02 -4.3040E-03
  1.0609E+02  4.4083E-02 -4.2031E-03
  1.0712E+02  4.4149E-02 -4.1467E-03
  1.0815E+02  4.4128E-02 -4.1740E-03
  1.0918E+02  4.4079E-02 -4.2887E-03
  1.1021E+02  4.4089E-02 -4.4661E-03
  1.1124E+02  4.4211E-02 -4.6788E-03
  1.1227E+02  4.4400E-02 -4.9050E-03
  1.1330E+02  4.4569E-02 -5.1384E-03
  1.1433E+02  4.4623E-02 -5.3771E-03
  1.1536E+02  4.4561E-02 -5.6186E-03
  1.1639E+02  4.4454E-02 -5.8397E-03
  1.1742E+02  4.4414E-02 -5.9931E-03
  1.1845E+02  4.4502E-02 -6.0248E-03
  1.1948E+02  4.4683E-02 -5.9116E-03
  1.2051E+02  4.4853E-02 -5.6903E-03
  1.2154E+02  4.4907E-02 -5.4482E-03
  1.2257E+02  4.4812E-02 -5.2809E-03
  1.2360E+02  4.4591E-02 -5.2419E-03
  1.2463E+02  4.4297E-02 -5.3231E-03
  1.2566E+02  4.3974E-02 -5.4675E-03
  1.2669E+02  4.3643E-02 -5.5998E-03
  1.2772E+02  4.3332E-02 -5.6605E-03
  1.2875E+02  4.3073E-02 -5.6246E-03
  1.2978E+02  4.2910E-02 -5.5095E-03
  1.3081E+02  4.2883E-02 -5.3648E-03
  1.3184E+02  4.3007E-02 -5.2530E-03
  1.3287E+02  4.3252E-02 -5.2278E-03
  1.3390E+02  4.3528E-02 -5.3146E-03
  1.3493E+02  4.3720E-02 -5.5027E-03
  1.3596E+02  4.3719E-02 -5.7458E-03
  1.3699E+02  4.3473E-02 -5.9780E-03
  1.3802E+02  4.3018E-02 -6.1408E-03
  1.3905E+02  4.2485E-02 -6.2088E-03
  1.4008E+02  4.2069E-02 -6.1973E-03
  1.4111E+02  4.1948E-02 -6.1466E-03
  1.4214E+02  4.2186E-02 -6.0951E-03
  1.4317E+02  4.2673E-02 -6.0646E-03
  1.4420E+02  4.3187E-02 -6.0623E-03
  1.4523E+02  4.3517E-02 -6.0893E-03
  1.4626E+02  4.3570E-02 -6.1418E-03
  1.4729E+02  4.3379E-02 -6.2064E-03
  1.4832E+02  4.3033E-02 -6.2609E-03
  1.4935E+02  4.2613E-02 -6.2861E-03
  1.5038E+02  4.2191E-02 -6.2773E-03
  1.5141E+02  4.1855E-02 -6.2481E-03
  1.5244E+02  4.1698E-02 -6.2215E-03
  1.5347E+02  4.1758E-02 -6.2170E-03
  1.5450E+02  4.1966E-02 -6.2429E-03
  1.5553E+02  4.2175E-02 -6.2929E-03
  1.5656E+02  4.2239E-02 -6.3506E-03
  1.5759E+02  4.2101E-02 -6.3981E-03
  1.5862E+02  4.1817E-02 -6.4280E-03
  1.5965E+02  4.1522E-02 -6.4470E-03
  1.6068E+02  4.1351E-02 -6.4716E-03
  1.6171E+02  4.1369E-02 -6.5147E-03
  1.6274E+02  4.1536E-02 -6.5769E-03
  1.6377E+02  4.1731E-02 -6.6476E-03
  1.6480E+02  4.1823E-02 -6.7130E-03
  1.6583E+02  4.1748E-02 -6.7652E-03
  1.6686E+02  4.1545E-02 -6.8055E-03
  1.6789E+02  4.1314E-02 -6.8428E-03
  1.6892E+02  4.1151E-02 -6.8846E-03
  1.6995E+02  4.1088E-02 -6.9287E-03
  1.7098E+02  4.1085E-02 -6.9613E-03
  1.7201E+02  4.1079E-02 -6.9665E-03
  1.7304E+02  4.1034E-02 -6.9417E-03
  1.7407E+02  4.0968E-02 -6.9048E-03
  1.7510E+02  4.0935E-02 -6.8847E-03
  1.7613E+02  4.0972E-02 -6.9025E-03
  1.7716E+02  4.1061E-02 -6.9597E-03
  1.7819E+02  4.1132E-02 -7.0392E-03
  1.7922E+02  4.1112E-02 -7.1157E-03
  1.8025E+02  4.0973E-02 -7.1674E-03
  1.8128E+02  4.0751E-02 -7.1838E-03
  1.8231E+02  4.0520E-02 -7.1717E-03
  1.8334E+02  4.0356E-02 -7.1549E-03
  1.8437E+02  4.0304E-02 -7.1617E-03
  1.8540E+02  4.0371E-02 -7.2069E-03
  1.8643E+02  4.0522E-02 -7.2810E-03
  1.8746E+02  4.0682E-02 -7.3574E-03
  1.8849E+02  4.0767E-02 -7.4116E-03
  1.8952E+02  4.0719E-02 -7.4353E-03
  1.9055E+02  4.0545E-02 -7.4366E-03
  1.9158E+02  4.0313E-02 -7.4295E-03
  1.9261E+02  4.0116E-02 -7.4269E-03
  1.9364E+02  4.0010E-02 -7.4390E-03
  1.9467E+02  3.9998E-02 -7.4720E-03
  1.9570E+02  4.0032E-02 -7.5243E-03
  1.9673E+02  4.0060E-02 -7.5841E-03
  1.9776E+02  4.0047E-02 -7.6342E-03
  1.9879E+02  3.9984E-02 -7.6616E-03
  1.9982E+02  3.9876E-02 -7.6648E-03
  2.0085E+02  3.9735E-02 -7.6530E-03
  2.0188E+02  3.9576E-02 -7.6404E-03
  2.0291E+02  3.9416E-02 -7.6392E-03
  2.0394E+02  3.9276E-02 -7.6562E-03
  2.0497E+02  3.9170E-02 -7.6910E-03
  2.0600E+02  3.9102E-02 -7.7375E-03
  2.0703E+02  3.9069E-02 -7.7860E-03
  2.0806E+02  3.9054E-02 -7.8283E-03
  2.0909E+02  3.9031E-02 -7.8601E-03
  2.1012E+02  3.8977E-02 -7.8831E-03
  2.1115E+02  3.8888E-02 -7.9044E-03
  2.1218E+02  3.8784E-02 -7.9334E-03
  2.1321E+02  3.8702E-02 -7.9760E-03
  2.1424E+02  3.8664E-02 -8.0292E-03
  2.1527E+02  3.8666E-02 -8.0813E-03
  2.1630E+02  3.8682E-02 -8.1206E-03
  2.1733E+02  3.8683E-02 -8.1446E-03
  2.1836E+02  3.8655E-02 -8.1618E-03
  2.1939E+02  3.8600E-02 -8.1835E-03
  2.2042E+02  3.8528E-02 -8.2140E-03
  2.2145E+02  3.8457E-02 -8.2496E-03
  2.2248E+02  3.8407E-02 -8.2850E-03
  2.2351E+02  3.8386E-02 -8.3188E-03
  2.2454E+02  3.8382E-02 -8.3530E-03
  2.2557E+02  3.8370E-02 -8.3892E-03
  2.2660E+02  3.8337E-02 -8.4251E-03
  2.2763E+02  3.8293E-02 -8.4574E-03
  2.2866E+02  3.8264E-02 -8.4842E-03
  2.2969E+02  3.8265E-02 -8.5064E-03
  2.3072E+02  3.8284E-02 -8.5262E-03
  2.3175E+02  3.8290E-02 -8.5466E-03
  2.3278E+02  3.8263E-02 -8.5705E-03
  2.3381E+02  3.8213E-02 -8.6001E-03
  2.3484E+02  3.8165E-02 -8.6357E-03
  2.3587E+02  3.8145E-02 -8.6754E-03
  2.3690E+02  3.8154E-02 -8.7148E-03
  2.3793E+02  3.8177E-02 -8.7485E-03
  2.3896E+02  3.8196E-02 -8.7723E-03
  2.3999E+02  3.8207E-02 -8.7860E-03
  2.4102E+02  3.8215E-02 -8.7959E-03
  2.4205E+02  3.8221E-02 -8.8114E-03
  2.4308E+02  3.8215E-02 -8.8396E-03
  2.4411E+02  3.8182E-02 -8.8788E-03
  2.4514E+02  3.8124E-02 -8.9193E-03
  2.4617E+02  3.8063E-02 -8.9497E-03
  2.4720E+02  3.8017E-02 -8.9642E-03
  2.4823E+02  3.7983E-02 -8.9648E-03
  2.4926E+02  3.7930E-02 -8.9591E-03
  2.5029E+02  3.7831E-02 -8.9556E-03
  2.5132E+02  3.7693E-02 -8.9602E-03
  2.5235E+02  3.7551E-02 -8.9737E-03
  2.5338E+02  3.7445E-02 -8.9927E-03
  2.5441E+02  3.7387E-02 -9.0126E-03
  2.5544E+02  3.7357E-02 -9.0319E-03
  2.5647E+02  3.7320E-02 -9.0529E-03
  2.5750E+02  3.7247E-02 -9.0777E-03
  2.5853E+02  3.7132E-02 -9.1033E-03
  2.5956E+02  3.6995E-02 -9.1232E-03
  2.6059E+02  3.6874E-02 -9.1334E-03
  2.6162E+02  3.6802E-02 -9.1379E-03
  2.6265E+02  3.6779E-02 -9.1460E-03
  2.6368E+02  3.6767E-02 -9.1646E-03
  2.6471E+02  3.6719E-02 -9.1938E-03
  2.6574E+02  3.6618E-02 -9.2280E-03
  2.6677E+02  3.6487E-02 -9.2614E-03
  2.6780E+02  3.6370E-02 -9.2911E-03
  2.6883E+02  3.6295E-02 -9.3176E-03
  2.6986E+02  3.6256E-02 -9.3426E-03
  2.7089E+02  3.6226E-02 -9.3680E-03
  2.7192E+02  3.6176E-02 -9.3942E-03
  2.7295E+02  3.6095E-02 -9.4198E-03
  2.7398E+02  3.5989E-02 -9.4422E-03
  2.7501E+02  3.5877E-02 -9.4608E-03
  2.7604E+02  3.5775E-02 -9.4791E-03
  2.7707E+02  3.5691E-02 -9.5029E-03
  2.7810E+02  3.5620E-02 -9.5358E-03
  2.7913E+02  3.5551E-02 -9.5765E-03
  2.8016E+02  3.5479E-02 -9.6188E-03
  2.8119E+02  3.5409E-02 -9.6555E-03
  2.8222E+02  3.5350E-02 -9.6823E-03
  2.8325E+02  3.5303E-02 -9.7006E-03
  2.8428E+02  3.5263E-02 -9.7177E-03
  2.8531E+02  3.5225E-02 -9.7431E-03
  2.8634E+02  3.5187E-02 -9.7824E-03
  2.8737E+02  3.5149E-02 -9.8333E-03
  2.8840E+02  3.5116E-02 -9.8862E-03
  2.8943E+02  3.5096E-02 -9.9313E-03
  2.9046E+02  3.5101E-02 -9.9650E-03
  2.9149E+02  3.5134E-02 -9.9906E-03
  2.9252E+02  3.5177E-02 -1.0015E-02
  2.9355E+02  3.5204E-02 -1.0042E-02
  2.9458E+02  3.5194E-02 -1.0074E-02
  2.9561E+02  3.5150E-02 -1.0109E-02
  2.9664E+02  3.5098E-02 -1.0145E-02
  2.9767E+02  3.5063E-02 -1.0178E-02
  2.9870E+02  3.5063E-02 -1.0205E-02
  2.9973E+02  3.5095E-02 -1.0227E-02
  3.0076E+02  3.5146E-02 -1.0249E-02
  3.0179E+02  3.5191E-02 -1.0277E-02
  3.0282E+02  3.5208E-02 -1.0310E-02
  3.0385E+02  3.5184E-02 -1.0343E-02
  3.0488E+02  3.5131E-02 -1.0372E-02
  3.0591E+02  3.5077E-02 -1.0393E-02
  3.0694E+02  3.5054E-02 -1.0410E-02
  3.0797E+02  3.5069E-02 -1.0424E-02
  3.0900E+02  3.5106E-02 -1.0439E-02
  3.1003E+02  3.5138E-02 -1.0456E-02
  3.1106E+02  3.5147E-02 -1.0476E-02
  3.1209E+02  3.5132E-02 -1.0500E-02
  3.1312E+02  3.5107E-02 -1.0527E-02
  3.1415E+02  3.5082E-02 -1.0554E-02
  3.1518E+02  3.5062E-02 -1.0577E-02
  3.1621E+02  3.5043E-02 -1.0594E-02
  3.1724E+02  3.5023E-02 -1.0603E-02
  3.1827E+02  3.5006E-02 -1.0606E-02
  3.1930E+02  3.4996E-02 -1.0611E-02
  3.2033E+02  3.4992E-02 -1.0621E-02
  3.2136E+02  3.4982E-02 -1.0638E-02
  3.2239E+02  3.4952E-02 -1.0659E-02
  3.2342E+02  3.4900E-02 -1.0678E-02
  3.2445E+02  3.4840E-02 -1.0690E-02
  3.2548E+02  3.4791E-02 -1.0698E-02
  3.2651E+02  3.4763E-02 -1.0706E-02
  3.2754E+02  3.4746E-02 -1.0716E-02
  3.2857E+02  3.4726E-02 -1.0729E-02
  3.2960E+02  3.4688E-02 -1.0743E-02
  3.3063E+02  3.4635E-02 -1.0758E-02
  3.3166E+02  3.4577E-02 -1.0770E-02
  3.3269E+02  3.4522E-02 -1.0781E-02
  3.3372E+02  3.4475E-02 -1.0792E-02
  3.3475E+02  3.4433E-02 -1.0805E-02
  3.3578E+02  3.4390E-02 -1.0819E-02
  3.3681E+02  3.4341E-02 -1.0832E-02
  3.3784E+02  3.4283E-02 -1.0845E-02
  3.3887E+02  3.4219E-02 -1.0857E-02
  3.3990E+02  3.4151E-02 -1.0870E-02
  3.4093E+02  3.4081E-02 -1.0885E-02
  3.4196E+02  3.4011E-02 -1.0900E-02
  3.4299E+02  3.3943E-02 -1.0915E-02
  3.4402E+02  3.3876E-02 -1.0930E-02
  3.4505E+02  3.3809E-02 -1.0947E-02
  3.4608E+02  3.3735E-02 -1.0966E-02
  3.4711E+02  3.3651E-02 -1.0985E-02
  3.4814E+02  3.3561E-02 -1.1001E-02
  3.4917E+02  3.3473E-02 -1.1015E-02
  3.5020E+02  3.3396E-02 -1.1030E-02
  3.5123E+02  3.3331E-02 -1.1049E-02
  3.5226E+02  3.3272E-02 -1.1074E-02
  3.5329E+02  3.3213E-02 -1.1103E-02
  3.5432E+02  3.3148E-02 -1.1132E-02
  3.5535E+02  3.3075E-02 -1.1157E-02
  3.5638E+02  3.2999E-02 -1.1178E-02
  3.5741E+02  3.2926E-02 -1.1197E-02
  3.5844E+02  3.2864E-02 -1.1220E-02
  3.5947E+02  3.2814E-02 -1.1248E-02
  3.6050E+02  3.2766E-02 -1.1278E-02
  3.6153E+02  3.2711E-02 -1.1307E-02
  3.6256E+02  3.2647E-02 -1.1332E-02
  3.6359E+02  3.2582E-02 -1.1354E-02
  3.6462E+02  3.2523E-02 -1.1377E-02
  3.6565E+02  3.2476E-02 -1.1404E-02
  3.6668E+02  3.2434E-02 -1.1435E-02
  3.6771E+02  3.2389E-02 -1.1466E-02
  3.6874E+02  3.2336E-02 -1.1494E-02
  3.6977E+02  3.2276E-02 -1.1518E-02
  3.7080E+02  3.2213E-02 -1.1542E-02
  3.7183E+02  3.2153E-02 -1.1567E-02
  3.7286E+02  3.2100E-02 -1.1597E-02
  3.7389E+02  3.2057E-02 -1.1629E-02
  3.7492E+02  3.2019E-02 -1.1658E-02
  3.7595E+02  3.1979E-02 -1.1683E-02
  3.7698E+02  3.1933E-02 -1.1706E-02
  3.7801E+02  3.1883E-02 -1.1732E-02
  3.7904E+02  3.1834E-02 -1.1762E-02
  3.8007E+02  3.1792E-02 -1.1795E-02
  3.8110E+02  3.1755E-02 -1.1826E-02
  3.8213E+02  3.1721E-02 -1.1852E-02
  3.8316E+02  3.1687E-02 -1.1873E-02
  3.8419E+02  3.1650E-02 -1.1894E-02
  3.8522E+02  3.1610E-02 -1.1917E-02
  3.8625E+02  3.1567E-02 -1.1943E-02
  3.8728E+02  3.1522E-02 -1.1972E-02
  3.8831E+02  3.1480E-02 -1.1998E-02
  3.8934E+02  3.1443E-02 -1.2021E-02
  3.9037E+02  3.1412E-02 -1.2039E-02
  3.9140E+02  3.1385E-02 -1.2056E-02
  3.9243E+02  3.1359E-02 -1.2075E-02
  3.9346E+02  3.1332E-02 -1.2096E-02
  3.9449E+02  3.1299E-02 -1.2120E-02
  3.9552E+02  3.1263E-02 -1.2144E-02
  3.9655E+02  3.1227E-02 -1.2164E-02
  3.9758E+02  3.1195E-02 -1.2182E-02
  3.9861E+02  3.1169E-02 -1.2197E-02
  3.9964E+02  3.1146E-02 -1.2213E-02
  4.0067E+02  3.1123E-02 -1.2231E-02
  4.0170E+02  3.1101E-02 -1.2252E-02
  4.0273E+02  3.1082E-02 -1.2274E-02
  4.0376E+02  3.1065E-02 -1.2295E-02
  4.0479E+02  3.1045E-02 -1.2313E-02
  4.0582E+02  3.1021E-02 -1.2329E-02
  4.0685E+02  3.0993E-02 -1.2344E-02
  4.0788E+02  3.0965E-02 -1.2360E-02
  4.0891E+02  3.0940E-02 -1.2377E-02
  4.0994E+02  3.0917E-02 -1.2396E-02
  4.1097E+02  3.0896E-02 -1.2415E-02
  4.1200E+02  3.0874E-02 -1.2432E-02
  4.1303E+02  3.0850E-02 -1.2448E-02
  4.1406E+02  3.0824E-02 -1.2462E-02
  4.1509E+02  3.0792E-02 -1.2474E-02
  4.1612E+02  3.0757E-02 -1.2487E-02
  4.1715E+02  3.0722E-02 -1.2500E-02
  4.1818E+02  3.0691E-02 -1.2515E-02
  4.1921E+02  3.0667E-02 -1.2531E-02
  4.2024E+02  3.0646E-02 -1.2548E-02
  4.2127E+02  3.0625E-02 -1.2561E-02
  4.2230E+02  3.0600E-02 -1.2572E-02
  4.2333E+02  3.0567E-02 -1.2580E-02
  4.2436E+02  3.0529E-02 -1.2591E-02
  4.2539E+02  3.0490E-02 -1.2604E-02
  4.2642E+02  3.0456E-02 -1.2621E-02
  4.2745E+02  3.0429E-02 -1.2635E-02
  4.2848E+02  3.0405E-02 -1.2646E-02
  4.2951E+02  3.0377E-02 -1.2653E-02
  4.3054E+02  3.0343E-02 -1.2661E-02
  4.3157E+02  3.0304E-02 -1.2673E-02
  4.3260E+02  3.0264E-02 -1.2688E-02
  4.3363E+02  3.0228E-02 -1.2702E-02
  4.3466E+02  3.0192E-02 -1.2714E-02
  4.3569E+02  3.0157E-02 -1.2724E-02
  4.3672E+02  3.0120E-02 -1.2733E-02
  4.3775E+02  3.0082E-02 -1.2744E-02
  4.3878E+02  3.0046E-02 -1.2757E-02
  4.3981E+02  3.0012E-02 -1.2770E-02
  4.4084E+02  2.9981E-02 -1.2782E-02
  4.4187E+02  2.9952E-02 -1.2795E-02
  4.4290E+02  2.9923E-02 -1.2809E-02
  4.4393E+02  2.9894E-02 -1.2822E-02
  4.4496E+02  2.9865E-02 -1.2836E-02
  4.4599E+02  2.9840E-02 -1.2849E-02
  4.4702E+02  2.9823E-02 -1.2862E-02
  4.4805E+02  2.9811E-02 -1.2876E-02
  4.4908E+02  2.9799E-02 -1.2892E-02
  4.5011E+02  2.9781E-02 -1.2909E-02
  4.5114E+02  2.9757E-02 -1.2927E-02
  4.5217E+02  2.9731E-02 -1.2944E-02
  4.5320E+02  2.9708E-02 -1.2958E-02
  4.5423E+02  2.9689E-02 -1.2971E-02
  4.5526E+02  2.9674E-02 -1.2986E-02
  4.5629E+02  2.9659E-02 -1.3002E-02
  4.5732E+02  2.9640E-02 -1.3021E-02
  4.5835E+02  2.9617E-02 -1.3042E-02
  4.5938E+02  2.9588E-02 -1.3062E-02
  4.6041E+02  2.9555E-02 -1.3080E-02
  4.6144E+02  2.9524E-02 -1.3095E-02
  4.6247E+02  2.9495E-02 -1.3111E-02
  4.6350E+02  2.9468E-02 -1.3129E-02
  4.6453E+02  2.9442E-02 -1.3149E-02
  4.6556E+02  2.9414E-02 -1.3171E-02
  4.6659E+02  2.9385E-02 -1.3193E-02
  4.6762E+02  2.9355E-02 -1.3212E-02
  4.6865E+02  2.9324E-02 -1.3231E-02
  4.6968E+02  2.9294E-02 -1.3250E-02
  4.7071E+02  2.9265E-02 -1.3271E-02
  4.7174E+02  2.9239E-02 -1.3294E-02
  4.7277E+02  2.9215E-02 -1.3315E-02
  4.7380E+02  2.9189E-02 -1.3336E-02
  4.7483E+02  2.9161E-02 -1.3354E-02
  4.7586E+02  2.9130E-02 -1.3373E-02
  4.7689E+02  2.9097E-02 -1.3392E-02
  4.7792E+02  2.9063E-02 -1.3412E-02
  4.7895E+02  2.9028E-02 -1.3434E-02
  4.7998E+02  2.8992E-02 -1.3454E-02
  4.8101E+02  2.8955E-02 -1.3473E-02
  4.8204E+02  2.8917E-02 -1.3488E-02
  4.8307E+02  2.8876E-02 -1.3503E-02
  4.8410E+02  2.8833E-02 -1.3519E-02
  4.8513E+02  2.8787E-02 -1.3537E-02
  4.8616E+02  2.8740E-02 -1.3557E-02
  4.8719E+02  2.8696E-02 -1.3576E-02
  4.8822E+02  2.8654E-02 -1.3592E-02
  4.8925E+02  2.8613E-02 -1.3606E-02
  4.9028E+02  2.8570E-02 -1.3620E-02
  4.9131E+02  2.8527E-02 -1.3635E-02
  4.9234E+02  2.8485E-02 -1.3653E-02
  4.9337E+02  2.8445E-02 -1.3673E-02
  4.9440E+02  2.8409E-02 -1.3691E-02
  4.9543E+02  2.8376E-02 -1.3706E-02
  4.9646E+02  2.8344E-02 -1.3719E-02
  4.9749E+02  2.8314E-02 -1.3734E-02
  4.9852E+02  2.8284E-02 -1.3752E-02
  4.9955E+02  2.8255E-02 -1.3771E-02
  5.0058E+02  2.8226E-02 -1.3789E-02
  5.0161E+02  2.8196E-02 -1.3804E-02
  5.0264E+02  2.8166E-02 -1.3816E-02
  5.0367E+02  2.8136E-02 -1.3829E-02
  5.0470E+02  2.8107E-02 -1.3844E-02
  5.0573E+02  2.8079E-02 -1.3862E-02
  5.0676E+02  2.8050E-02 -1.3881E-02
  5.0779E+02  2.8018E-02 -1.3898E-02
  5.0882E+02  2.7982E-02 -1.3911E-02
  5.0985E+02  2.7945E-02 -1.3923E-02
  5.1088E+02  2.7909E-02 -1.3935E-02
  5.1191E+02  2.7876E-02 -1.3950E-02
  5.1294E+02  2.7844E-02 -1.3968E-02
  5.1397E+02  2.7811E-02 -1.3986E-02
  5.1500E+02  2.7775E-02 -1.4003E-02
  5.1603E+02  2.7739E-02 -1.4018E-02
  5.1706E+02  2.7703E-02 -1.4033E-02
  5.1809E+02  2.7669E-02 -1.4049E-02
  5.1912E+02  2.7637E-02 -1.4066E-02
  5.2015E+02  2.7605E-02 -1.4082E-02
  5.2118E+02  2.7573E-02 -1.4098E-02
  5.2221E+02  2.7540E-02 -1.4115E-02
  5.2324E+02  2.7506E-02 -1.4133E-02
  5.2427E+02  2.7470E-02 -1.4152E-02
  5.2530E+02  2.7434E-02 -1.4169E-02
  5.2633E+02  2.7398E-02 -1.4182E-02
  5.2736E+02  2.7361E-02 -1.4195E-02
  5.2839E+02  2.7323E-02 -1.4209E-02
  5.2942E+02  2.7284E-02 -1.4226E-02
  5.3045E+02  2.7241E-02 -1.4244E-02
  5.3148E+02  2.7196E-02 -1.4261E-02
  5.3251E+02  2.7149E-02 -1.4274E-02
  5.3354E+02  2.7100E-02 -1.4286E-02
  5.3457E+02  2.7051E-02 -1.4298E-02
  5.3560E+02  2.7002E-02 -1.4312E-02
  5.3663E+02  2.6951E-02 -1.4327E-02
  5.3766E+02  2.6901E-02 -1.4342E-02
  5.3869E+02  2.6849E-02 -1.4356E-02
  5.3972E+02  2.6798E-02 -1.4369E-02
  5.4075E+02  2.6746E-02 -1.4383E-02
  5.4178E+02  2.6694E-02 -1.4396E-02
  5.4281E+02  2.6642E-02 -1.4410E-02
  5.4384E+02  2.6591E-02 -1.4424E-02
  5.4487E+02  2.6542E-02 -1.4438E-02
  5.4590E+02  2.6492E-02 -1.4451E-02
  5.4693E+02  2.6442E-02 -1.4465E-02
  5.4796E+02  2.6391E-02 -1.4478E-02
  5.4899E+02  2.6341E-02 -1.4490E-02
  5.5002E+02  2.6292E-02 -1.4503E-02
  5.5105E+02  2.6245E-02 -1.4515E-02
  5.5208E+02  2.6198E-02 -1.4526E-02
  5.5311E+02  2.6149E-02 -1.4537E-02
  5.5414E+02  2.6100E-02 -1.4549E-02
  5.5517E+02  2.6051E-02 -1.4560E-02
  5.5620E+02  2.6004E-02 -1.4572E-02
  5.5723E+02  2.5958E-02 -1.4584E-02
  5.5826E+02  2.5914E-02 -1.4593E-02
  5.5929E+02  2.5870E-02 -1.4601E-02
  5.6032E+02  2.5826E-02 -1.4610E-02
  5.6135E+02  2.5784E-02 -1.4621E-02
  5.6238E+02  2.5745E-02 -1.4634E-02
  5.6341E+02  2.5709E-02 -1.4647E-02
  5.6444E+02  2.5675E-02 -1.4659E-02
  5.6547E+02  2.5641E-02 -1.4668E-02
  5.6650E+02  2.5608E-02 -1.4676E-02
  5.6753E+02  2.5576E-02 -1.4685E-02
  5.6856E+02  2.5545E-02 -1.4697E-02
  5.6959E+02  2.5517E-02 -1.4711E-02
  5.7062E+02  2.5491E-02 -1.4725E-02
  5.7165E+02  2.5466E-02 -1.4737E-02
  5.7268E+02  2.5441E-02 -1.4748E-02
  5.7371E+02  2.5415E-02 -1.4757E-02
  5.7474E+02  2.5389E-02 -1.4767E-02
  5.7577E+02  2.5363E-02 -1.4778E-02
  5.7680E+02  2.5337E-02 -1.4790E-02
  5.7783E+02  2.5312E-02 -1.4803E-02
  5.7886E+02  2.5287E-02 -1.4816E-02
  5.7989E+02  2.5261E-02 -1.4827E-02
  5.8092E+02  2.5235E-02 -1.4838E-02
  5.8195E+02  2.5209E-02 -1.4849E-02
  5.8298E+02  2.5183E-02 -1.4860E-02
  5.8401E+02  2.5158E-02 -1.4873E-02
  5.8504E+02  2.5134E-02 -1.4887E-02
  5.8607E+02  2.5111E-02 -1.4901E-02
  5.8710E+02  2.5088E-02 -1.4914E-02
  5.8813E+02  2.5066E-02 -1.4926E-02
  5.8916E+02  2.5044E-02 -1.4938E-02
  5.9019E+02  2.5023E-02 -1.4952E-02
  5.9122E+02  2.5002E-02 -1.4968E-02
  5.9225E+02  2.4982E-02 -1.4984E-02
  5.9328E+02  2.4961E-02 -1.4998E-02
  5.9431E+02  2.4940E-02 -1.5011E-02
  5.9534E+02  2.4919E-02 -1.5024E-02
  5.9637E+02  2.4897E-02 -1.5038E-02
  5.9740E+02  2.4874E-02 -1.5053E-02
  5.9843E+02  2.4850E-02 -1.5070E-02
  5.9946E+02  2.4824E-02 -1.5084E-02
  6.0049E+02  2.4796E-02 -1.5097E-02
  6.0152E+02  2.4767E-02 -1.5108E-02
  6.0255E+02  2.4737E-02 -1.5120E-02
  6.0358E+02  2.4705E-02 -1.5134E-02
  6.0461E+02  2.4672E-02 -1.5149E-02
  6.0564E+02  2.4638E-02 -1.5164E-02
  6.0667E+02  2.4603E-02 -1.5177E-02
  6.0770E+02  2.4568E-02 -1.5187E-02
  6.0873E+02  2.4532E-02 -1.5198E-02
  6.0976E+02  2.4496E-02 -1.5211E-02
  6.1079E+02  2.4459E-02 -1.5225E-02
  6.1182E+02  2.4423E-02 -1.5239E-02
  6.1285E+02  2.4388E-02 -1.5253E-02
  6.1388E+02  2.4354E-02 -1.5265E-02
  6.1491E+02  2.4320E-02 -1.5277E-02
  6.1594E+02  2.4286E-02 -1.5289E-02
  6.1697E+02  2.4252E-02 -1.5302E-02
  6.1800E+02  2.4218E-02 -1.5315E-02
  6.1903E+02  2.4184E-02 -1.5328E-02
  6.2006E+02  2.4151E-02 -1.5340E-02
  6.2109E+02  2.4117E-02 -1.5352E-02
  6.2212E+02  2.4084E-02 -1.5363E-02
  6.2315E+02  2.4050E-02 -1.5374E-02
  6.2418E+02  2.4014E-02 -1.5384E-02
  6.2521E+02  2.3978E-02 -1.5395E-02
  6.2624E+02  2.3940E-02 -1.5407E-02
  6.2727E+02  2.3903E-02 -1.5418E-02
  6.2830E+02  2.3865E-02 -1.5429E-02
  6.2933E+02  2.3828E-02 -1.5439E-02
  6.3036E+02  2.3790E-02 -1.5447E-02
  6.3139E+02  2.3752E-02 -1.5456E-02
  6.3242E+02  2.3713E-02 -1.5466E-02
  6.3345E+02  2.3676E-02 -1.5476E-02
  6.3448E+02  2.3639E-02 -1.5487E-02
  6.3551E+02  2.3603E-02 -1.5498E-02
  6.3654E+02  2.3568E-02 -1.5508E-02
  6.3757E+02  2.3534E-02 -1.5518E-02
  6.3860E+02  2.3500E-02 -1.5527E-02
  6.3963E+02  2.3468E-02 -1.5537E-02
  6.4066E+02  2.3437E-02 -1.5547E-02
  6.4169E+02  2.3406E-02 -1.5558E-02
  6.4272E+02  2.3377E-02 -1.5569E-02
  6.4375E+02  2.3348E-02 -1.5580E-02
  6.4478E+02  2.3320E-02 -1.5590E-02
  6.4581E+02  2.3292E-02 -1.5598E-02
  6.4684E+02  2.3265E-02 -1.5607E-02
  6.4787E+02  2.3237E-02 -1.5616E-02
  6.4890E+02  2.3210E-02 -1.5626E-02
  6.4993E+02  2.3183E-02 -1.5636E-02
  6.5096E+02  2.3155E-02 -1.5645E-02
  6.5199E+02  2.3128E-02 -1.5653E-02
  6.5302E+02  2.3101E-02 -1.5662E-02
  6.5405E+02  2.3075E-02 -1.5671E-02
  6.5508E+02  2.3048E-02 -1.5679E-02
  6.5611E+02  2.3022E-02 -1.5687E-02
  6.5714E+02  2.2995E-02 -1.5696E-02
  6.5817E+02  2.2969E-02 -1.5704E-02
  6.5920E+02  2.2944E-02 -1.5713E-02
  6.6023E+02  2.2919E-02 -1.5723E-02
  6.6126E+02  2.2894E-02 -1.5732E-02
  6.6229E+02  2.2870E-02 -1.5741E-02
  6.6332E+02  2.2846E-02 -1.5750E-02
  6.6435E+02  2.2823E-02 -1.5759E-02
  6.6538E+02  2.2799E-02 -1.5768E-02
  6.6641E+02  2.2775E-02 -1.5778E-02
  6.6744E+02  2.2751E-02 -1.5787E-02
  6.6847E+02  2.2726E-02 -1.5797E-02
  6.6950E+02  2.2701E-02 -1.5806E-02
  6.7053E+02  2.2675E-02 -1.5816E-02
  6.7156E+02  2.2649E-02 -1.5824E-02
  6.7259E+02  2.2622E-02 -1.5832E-02
  6.7362E+02  2.2594E-02 -1.5841E-02
  6.7465E+02  2.2565E-02 -1.5850E-02
  6.7568E+02  2.2536E-02 -1.5859E-02
  6.7671E+02  2.2506E-02 -1.5869E-02
  6.7774E+02  2.2475E-02 -1.5878E-02
  6.7877E+02  2.2445E-02 -1.5886E-02
  6.7980E+02  2.2414E-02 -1.5894E-02
  6.8083E+02  2.2383E-02 -1.5902E-02
  6.8186E+02  2.2351E-02 -1.5912E-02
  6.8289E+02  2.2320E-02 -1.5922E-02
  6.8392E+02  2.2290E-02 -1.5932E-02
  6.8495E+02  2.2259E-02 -1.5942E-02
  6.8598E+02  2.2229E-02 -1.5950E-02
  6.8701E+02  2.2198E-02 -1.5959E-02
  6.8804E+02  2.2167E-02 -1.5969E-02
  6.8907E+02  2.2136E-02 -1.5979E-02
  6.9010E+02  2.2106E-02 -1.5989E-02
  6.9113E+02  2.2075E-02 -1.5999E-02
  6.9216E+02  2.2044E-02 -1.6009E-02
  6.9319E+02  2.2012E-02 -1.6018E-02
  6.9422E+02  2.1979E-02 -1.6027E-02
  6.9525E+02  2.1946E-02 -1.6037E-02
  6.9628E+02  2.1912E-02 -1.6046E-02
  6.9731E+02  2.1877E-02 -1.6056E-02
  6.9834E+02  2.1842E-02 -1.6064E-02
  6.9937E+02  2.1806E-02 -1.6073E-02
  7.0040E+02  2.1770E-02 -1.6083E-02
  7.0143E+02  2.1734E-02 -1.6092E-02
  7.0246E+02  2.1697E-02 -1.6100E-02
  7.0349E+02  2.1661E-02 -1.6109E-02
  7.0452E+02  2.1624E-02 -1.6117E-02
  7.0555E+02  2.1588E-02 -1.6126E-02
  7.0658E+02  2.1552E-02 -1.6135E-02
  7.0761E+02  2.1517E-02 -1.6144E-02
  7.0864E+02  2.1482E-02 -1.6153E-02
  7.0967E+02  2.1448E-02 -1.6162E-02
  7.1070E+02  2.1415E-02 -1.6171E-02
  7.1173E+02  2.1381E-02 -1.6180E-02
  7.1276E+02  2.1348E-02 -1.6189E-02
  7.1379E+02  2.1316E-02 -1.6198E-02
  7.1482E+02  2.1284E-02 -1.6206E-02
  7.1585E+02  2.1252E-02 -1.6214E-02
  7.1688E+02  2.1220E-02 -1.6223E-02
  7.1791E+02  2.1188E-02 -1.6231E-02
  7.1894E+02  2.1155E-02 -1.6240E-02
  7.1997E+02  2.1122E-02 -1.6248E-02
  7.2100E+02  2.1089E-02 -1.6255E-02
  7.2203E+02  2.1056E-02 -1.6262E-02
  7.2306E+02  2.1021E-02 -1.6269E-02
  7.2409E+02  2.0987E-02 -1.6276E-02
  7.2512E+02  2.0952E-02 -1.6285E-02
  7.2615E+02  2.0918E-02 -1.6292E-02
  7.2718E+02  2.0884E-02 -1.6299E-02
  7.2821E+02  2.0850E-02 -1.6305E-02
  7.2924E+02  2.0816E-02 -1.6311E-02
  7.3027E+02  2.0782E-02 -1.6319E-02
  7.3130E+02  2.0749E-02 -1.6327E-02
  7.3233E+02  2.0716E-02 -1.6335E-02
  7.3336E+02  2.0685E-02 -1.6342E-02
  7.3439E+02  2.0654E-02 -1.6349E-02
  7.3542E+02  2.0624E-02 -1.6357E-02
  7.3645E+02  2.0594E-02 -1.6364E-02
  7.3748E+02  2.0564E-02 -1.6372E-02
  7.3851E+02  2.0536E-02 -1.6380E-02
  7.3954E+02  2.0508E-02 -1.6388E-02
  7.4057E+02  2.0480E-02 -1.6395E-02
  7.4160E+02  2.0452E-02 -1.6403E-02
  7.4263E+02  2.0424E-02 -1.6411E-02
  7.4366E+02  2.0396E-02 -1.6418E-02
  7.4469E+02  2.0367E-02 -1.6426E-02
  7.4572E+02  2.0339E-02 -1.6433E-02
  7.4675E+02  2.0310E-02 -1.6440E-02
  7.4778E+02  2.0281E-02 -1.6447E-02
  7.4881E+02  2.0251E-02 -1.6453E-02
  7.4984E+02  2.0222E-02 -1.6460E-02
  7.5087E+02  2.0192E-02 -1.6467E-02
  7.5190E+02  2.0163E-02 -1.6474E-02
  7.5293E+02  2.0133E-02 -1.6481E-02
  7.5396E+02  2.0103E-02 -1.6488E-02
  7.5499E+02  2.0074E-02 -1.6495E-02
  7.5602E+02  2.0045E-02 -1.6502E-02
  7.5705E+02  2.0016E-02 -1.6509E-02
  7.5808E+02  1.9988E-02 -1.6516E-02
  7.5911E+02  1.9960E-02 -1.6523E-02
  7.6014E+02  1.9933E-02 -1.6530E-02
  7.6117E+02  1.9905E-02 -1.6537E-02
  7.6220E+02  1.9879E-02 -1.6545E-02
  7.6323E+02  1.9852E-02 -1.6553E-02
  7.6426E+02  1.9826E-02 -1.6560E-02
  7.6529E+02  1.9800E-02 -1.6566E-02
  7.6632E+02  1.9774E-02 -1.6573E-02
  7.6735E+02  1.9748E-02 -1.6580E-02
  7.6838E+02  1.9722E-02 -1.6587E-02
  7.6941E+02  1.9696E-02 -1.6594E-02
  7.7044E+02  1.9669E-02 -1.6600E-02
  7.7147E+02  1.9642E-02 -1.6606E-02
  7.7250E+02  1.9615E-02 -1.6613E-02
  7.7353E+02  1.9588E-02 -1.6619E-02
  7.7456E+02  1.9560E-02 -1.6626E-02
  7.7559E+02  1.9533E-02 -1.6632E-02
  7.7662E+02  1.9505E-02 -1.6637E-02
  7.7765E+02  1.9477E-02 -1.6643E-02
  7.7868E+02  1.9449E-02 -1.6649E-02
  7.7971E+02  1.9421E-02 -1.6656E-02
  7.8074E+02  1.9392E-02 -1.6662E-02
  7.8177E+02  1.9364E-02 -1.6668E-02
  7.8280E+02  1.9336E-02 -1.6674E-02
  7.8383E+02  1.9308E-02 -1.6680E-02
  7.8486E+02  1.9280E-02 -1.6686E-02
  7.8589E+02  1.9252E-02 -1.6692E-02
  7.8692E+02  1.9224E-02 -1.6699E-02
  7.8795E+02  1.9196E-02 -1.6705E-02
  7.8898E+02  1.9167E-02 -1.6711E-02
  7.9001E+02  1.9139E-02 -1.6717E-02
  7.9104E+02  1.9111E-02 -1.6723E-02
  7.9207E+02  1.9082E-02 -1.6729E-02
  7.9310E+02  1.9054E-02 -1.6735E-02
  7.9413E+02  1.9025E-02 -1.6741E-02
  7.9516E+02  1.8997E-02 -1.6746E-02
  7.9619E+02  1.8968E-02 -1.6752E-02
  7.9722E+02  1.8939E-02 -1.6757E-02
  7.9825E+02  1.8910E-02 -1.6763E-02
  7.9928E+02  1.8881E-02 -1.6769E-02
  8.0031E+02  1.8852E-02 -1.6774E-02
  8.0134E+02  1.8823E-02 -1.6780E-02
  8.0237E+02  1.8794E-02 -1.6785E-02
  8.0340E+02  1.8766E-02 -1.6791E-02
  8.0443E+02  1.8737E-02 -1.6797E-02
  8.0546E+02  1.8708E-02 -1.6803E-02
  8.0649E+02  1.8680E-02 -1.6808E-02
  8.0752E+02  1.8651E-02 -1.6814E-02
  8.0855E+02  1.8623E-02 -1.6820E-02
  8.0958E+02  1.8594E-02 -1.6826E-02
  8.1061E+02  1.8565E-02 -1.6832E-02
  8.1164E+02  1.8537E-02 -1.6838E-02
  8.1267E+02  1.8507E-02 -1.6844E-02
  8.1370E+02  1.8478E-02 -1.6849E-02
  8.1473E+02  1.8448E-02 -1.6855E-02
  8.1576E+02  1.8418E-02 -1.6861E-02
  8.1679E+02  1.8388E-02 -1.6867E-02
  8.1782E+02  1.8357E-02 -1.6873E-02
  8.1885E+02  1.8326E-02 -1.6878E-02
  8.1988E+02  1.8295E-02 -1.6884E-02
  8.2091E+02  1.8264E-02 -1.6889E-02
  8.2194E+02  1.8232E-02 -1.6895E-02
  8.2297E+02  1.8201E-02 -1.6900E-02
  8.2400E+02  1.8169E-02 -1.6906E-02
  8.2503E+02  1.8138E-02 -1.6911E-02
  8.2606E+02  1.8106E-02 -1.6916E-02
  8.2709E+02  1.8075E-02 -1.6922E-02
  8.2812E+02  1.8044E-02 -1.6927E-02
  8.2915E+02  1.8013E-02 -1.6933E-02
  8.3018E+02  1.7983E-02 -1.6938E-02
  8.3121E+02  1.7953E-02 -1.6944E-02
  8.3224E+02  1.7922E-02 -1.6949E-02
  8.3327E+02  1.7892E-02 -1.6954E-02
  8.3430E+02  1.7862E-02 -1.6959E-02
  8.3533E+02  1.7832E-02 -1.6964E-02
  8.3636E+02  1.7802E-02 -1.6969E-02
  8.3739E+02  1.7772E-02 -1.6974E-02
  8.3842E+02  1.7743E-02 -1.6979E-02
  8.3945E+02  1.7713E-02 -1.6983E-02
  8.4048E+02  1.7682E-02 -1.6987E-02
  8.4151E+02  1.7652E-02 -1.6992E-02
  8.4254E+02  1.7621E-02 -1.6996E-02
  8.4357E+02  1.7590E-02 -1.7000E-02
  8.4460E+02  1.7560E-02 -1.7005E-02
  8.4563E+02  1.7529E-02 -1.7008E-02
  8.4666E+02  1.7498E-02 -1.7011E-02
  8.4769E+02  1.7467E-02 -1.7015E-02
  8.4872E+02  1.7436E-02 -1.7018E-02
  8.4975E+02  1.7405E-02 -1.7022E-02
  8.5078E+02  1.7375E-02 -1.7026E-02
  8.5181E+02  1.7344E-02 -1.7029E-02
  8.5284E+02  1.7314E-02 -1.7032E-02
  8.5387E+02  1.7284E-02 -1.7035E-02
  8.5490E+02  1.7255E-02 -1.7038E-02
  8.5593E+02  1.7225E-02 -1.7042E-02
  8.5696E+02  1.7196E-02 -1.7045E-02
  8.5799E+02  1.7167E-02 -1.7048E-02
  8.5902E+02  1.7138E-02 -1.7051E-02
  8.6005E+02  1.7110E-02 -1.7054E-02
  8.6108E+02  1.7081E-02 -1.7057E-02
  8.6211E+02  1.7053E-02 -1.7060E-02
  8.6314E+02  1.7025E-02 -1.7063E-02
  8.6417E+02  1.6996E-02 -1.7066E-02
  8.6520E+02  1.6968E-02 -1.7068E-02
  8.6623E+02  1.6939E-02 -1.7071E-02
  8.6726E+02  1.6911E-02 -1.7074E-02
  8.6829E+02  1.6883E-02 -1.7076E-02
  8.6932E+02  1.6854E-02 -1.7079E-02
  8.7035E+02  1.6826E-02 -1.7082E-02
  8.7138E+02  1.6797E-02 -1.7084E-02
  8.7241E+02  1.6768E-02 -1.7087E-02
  8.7344E+02  1.6740E-02 -1.7089E-02
  8.7447E+02  1.6712E-02 -1.7092E-02
  8.7550E+02  1.6684E-02 -1.7094E-02
  8.7653E+02  1.6656E-02 -1.7097E-02
  8.7756E+02  1.6628E-02 -1.7100E-02
  8.7859E+02  1.6601E-02 -1.7102E-02
  8.7962E+02  1.6573E-02 -1.7105E-02
  8.8065E+02  1.6546E-02 -1.7107E-02
  8.8168E+02  1.6519E-02 -1.7110E-02
  8.8271E+02  1.6493E-02 -1.7112E-02
  8.8374E+02  1.6466E-02 -1.7115E-02
  8.8477E+02  1.6439E-02 -1.7118E-02
  8.8580E+02  1.6413E-02 -1.7120E-02
  8.8683E+02  1.6387E-02 -1.7122E-02
  8.8786E+02  1.6360E-02 -1.7124E-02
  8.8889E+02  1.6334E-02 -1.7127E-02
  8.8992E+02  1.6308E-02 -1.7129E-02
  8.9095E+02  1.6282E-02 -1.7132E-02
  8.9198E+02  1.6255E-02 -1.7134E-02
  8.9301E+02  1.6229E-02 -1.7136E-02
  8.9404E+02  1.6203E-02 -1.7138E-02
  8.9507E+02  1.6177E-02 -1.7140E-02
  8.9610E+02  1.6151E-02 -1.7142E-02
  8.9713E+02  1.6125E-02 -1.7144E-02
  8.9816E+02  1.6099E-02 -1.7146E-02
  8.9919E+02  1.6072E-02 -1.7148E-02
  9.0022E+02  1.6046E-02 -1.7150E-02
  9.0125E+02  1.6020E-02 -1.7152E-02
  9.0228E+02  1.5994E-02 -1.7154E-02
  9.0331E+02  1.5968E-02 -1.7156E-02
  9.0434E+02  1.5942E-02 -1.7158E-02
  9.0537E+02  1.5916E-02 -1.7160E-02
  9.0640E+02  1.5889E-02 -1.7162E-02
  9.0743E+02  1.5863E-02 -1.7165E-02
  9.0846E+02  1.5837E-02 -1.7167E-02
  9.0949E+02  1.5810E-02 -1.7169E-02
  9.1052E+02  1.5784E-02 -1.7172E-02
  9.1155E+02  1.5757E-02 -1.7174E-02
  9.1258E+02  1.5730E-02 -1.7176E-02
  9.1361E+02  1.5704E-02 -1.7178E-02
  9.1464E+02  1.5677E-02 -1.7180E-02
  9.1567E+02  1.5650E-02 -1.7183E-02
  9.1670E+02  1.5623E-02 -1.7185E-02
  9.1773E+02  1.5596E-02 -1.7187E-02
  9.1876E+02  1.5569E-02 -1.7189E-02
  9.1979E+02  1.5542E-02 -1.7191E-02
  9.2082E+02  1.5516E-02 -1.7194E-02
  9.2185E+02  1.5489E-02 -1.7196E-02
  9.2288E+02  1.5462E-02 -1.7199E-02
  9.2391E+02  1.5435E-02 -1.7201E-02
  9.2494E+02  1.5409E-02 -1.7204E-02
  9.2597E+02  1.5382E-02 -1.7206E-02
  9.2700E+02  1.5356E-02 -1.7208E-02
  9.2803E+02  1.5329E-02 -1.7211E-02
  9.2906E+02  1.5303E-02 -1.7213E-02
  9.3009E+02  1.5277E-02 -1.7216E-02
  9.3112E+02  1.5250E-02 -1.7218E-02
  9.3215E+02  1.5224E-02 -1.7220E-02
  9.3318E+02  1.5198E-02 -1.7223E-02
  9.3421E+02  1.5171E-02 -1.7225E-02
  9.3524E+02  1.5145E-02 -1.7227E-02
  9.3627E+02  1.5118E-02 -1.7229E-02
  9.3730E+02  1.5092E-02 -1.7231E-02
  9.3833E+02  1.5065E-02 -1.7233E-02
  9.3936E+02  1.5039E-02 -1.7235E-02
  9.4039E+02  1.5012E-02 -1.7237E-02
  9.4142E+02  1.4986E-02 -1.7239E-02
  9.4245E+02  1.4959E-02 -1.7241E-02
  9.4348E+02  1.4933E-02 -1.7243E-02
  9.4451E+02  1.4907E-02 -1.7245E-02
  9.4554E+02  1.4881E-02 -1.7246E-02
  9.4657E+02  1.4855E-02 -1.7248E-02
  9.4760E+02  1.4829E-02 -1.7250E-02
  9.4863E+02  1.4803E-02 -1.7252E-02
  9.4966E+02  1.4777E-02 -1.7253E-02
  9.5069E+02  1.4751E-02 -1.7255E-02
  9.5172E+02  1.4726E-02 -1.7257E-02
  9.5275E+02  1.4700E-02 -1.7258E-02
  9.5378E+02  1.4674E-02 -1.7260E-02
  9.5481E+02  1.4649E-02 -1.7261E-02
  9.5584E+02  1.4623E-02 -1.7263E-02
  9.5687E+02  1.4597E-02 -1.7264E-02
  9.5790E+02  1.4571E-02 -1.7266E-02
  9.5893E+02  1.4545E-02 -1.7267E-02
  9.5996E+02  1.4518E-02 -1.7268E-02
  9.6099E+02  1.4491E-02 -1.7270E-02
  9.6202E+02  1.4465E-02 -1.7271E-02
  9.6305E+02  1.4438E-02 -1.7272E-02
  9.6408E+02  1.4410E-02 -1.7273E-02
  9.6511E+02  1.4383E-02 -1.7274E-02
  9.6614E+02  1.4355E-02 -1.7275E-02
  9.6717E+02  1.4327E-02 -1.7276E-02
  9.6820E+02  1.4299E-02 -1.7277E-02
  9.6923E+02  1.4271E-02 -1.7278E-02
  9.7026E+02  1.4243E-02 -1.7279E-02
  9.7129E+02  1.4215E-02 -1.7280E-02
  9.7232E+02  1.4187E-02 -1.7281E-02
  9.7335E+02  1.4159E-02 -1.7282E-02
  9.7438E+02  1.4130E-02 -1.7283E-02
  9.7541E+02  1.4102E-02 -1.7284E-02
  9.7644E+02  1.4074E-02 -1.7285E-02
  9.7747E+02  1.4046E-02 -1.7285E-02
  9.7850E+02  1.4018E-02 -1.7286E-02
  9.7953E+02  1.3990E-02 -1.7287E-02
  9.8056E+02  1.3962E-02 -1.7288E-02
  9.8159E+02  1.3934E-02 -1.7288E-02
  9.8262E+02  1.3906E-02 -1.7289E-02
  9.8365E+02  1.3878E-02 -1.7289E-02
  9.8468E+02  1.3850E-02 -1.7290E-02
  9.8571E+02  1.3822E-02 -1.7290E-02
  9.8674E+02  1.3795E-02 -1.7291E-02
  9.8777E+02  1.3767E-02 -1.7291E-02
  9.8880E+02  1.3739E-02 -1.7291E-02
  9.8983E+02  1.3712E-02 -1.7292E-02
  9.9086E+02  1.3684E-02 -1.7292E-02
  9.9189E+02  1.3657E-02 -1.7292E-02
  9.9292E+02  1.3630E-02 -1.7292E-02
  9.9395E+02  1.3602E-02 -1.7292E-02
  9.9498E+02  1.3575E-02 -1.7292E-02
  9.9601E+02  1.3548E-02 -1.7292E-02
  9.9704E+02  1.3522E-02 -1.7292E-02
  9.9807E+02  1.3495E-02 -1.7291E-02
  9.9910E+02  1.3468E-02 -1.7291E-02
  1.0001E+03  1.3442E-02 -1.7291E-02
  1.0012E+03  1.3416E-02 -1.7291E-02
  1.0022E+03  1.3389E-02 -1.7291E-02
  1.0032E+03  1.3363E-02 -1.7290E-02
  1.0042E+03  1.3337E-02 -1.7290E-02
  1.0053E+03  1.3312E-02 -1.7289E-02
  1.0063E+03  1.3286E-02 -1.7289E-02
  1.0073E+03  1.3260E-02 -1.7289E-02
  1.0084E+03  1.3235E-02 -1.7288E-02
  1.0094E+03  1.3209E-02 -1.7287E-02
  1.0104E+03  1.3184E-02 -1.7287E-02
  1.0115E+03  1.3158E-02 -1.7286E-02
  1.0125E+03  1.3133E-02 -1.7286E-02
  1.0135E+03  1.3108E-02 -1.7285E-02
  1.0145E+03  1.3083E-02 -1.7285E-02
  1.0156E+03  1.3058E-02 -1.7284E-02
  1.0166E+03  1.3033E-02 -1.7283E-02
  1.0176E+03  1.3008E-02 -1.7283E-02
  1.0187E+03  1.2984E-02 -1.7282E-02
  1.0197E+03  1.2959E-02 -1.7282E-02
  1.0207E+03  1.2934E-02 -1.7281E-02
  1.0218E+03  1.2910E-02 -1.7281E-02
  1.0228E+03  1.2885E-02 -1.7280E-02
  1.0238E+03  1.2860E-02 -1.7279E-02
  1.0248E+03  1.2836E-02 -1.7279E-02
  1.0259E+03  1.2811E-02 -1.7278E-02
  1.0269E+03  1.2786E-02 -1.7278E-02
  1.0279E+03  1.2762E-02 -1.7277E-02
  1.0290E+03  1.2737E-02 -1.7276E-02
  1.0300E+03  1.2712E-02 -1.7276E-02
  1.0310E+03  1.2687E-02 -1.7275E-02
  1.0321E+03  1.2663E-02 -1.7274E-02
  1.0331E+03  1.2638E-02 -1.7274E-02
  1.0341E+03  1.2613E-02 -1.7273E-02
  1.0351E+03  1.2588E-02 -1.7272E-02
  1.0362E+03  1.2563E-02 -1.7271E-02
  1.0372E+03  1.2538E-02 -1.7271E-02
  1.0382E+03  1.2513E-02 -1.7270E-02
  1.0393E+03  1.2488E-02 -1.7269E-02
  1.0403E+03  1.2463E-02 -1.7268E-02
  1.0413E+03  1.2438E-02 -1.7267E-02
  1.0424E+03  1.2413E-02 -1.7266E-02
  1.0434E+03  1.2388E-02 -1.7265E-02
  1.0444E+03  1.2363E-02 -1.7264E-02
  1.0454E+03  1.2338E-02 -1.7263E-02
  1.0465E+03  1.2313E-02 -1.7262E-02
  1.0475E+03  1.2288E-02 -1.7261E-02
  1.0485E+03  1.2263E-02 -1.7260E-02
  1.0496E+03  1.2238E-02 -1.7259E-02
  1.0506E+03  1.2213E-02 -1.7258E-02
  1.0516E+03  1.2188E-02 -1.7256E-02
  1.0527E+03  1.2163E-02 -1.7255E-02
  1.0537E+03  1.2138E-02 -1.7254E-02
  1.0547E+03  1.2113E-02 -1.7253E-02
  1.0557E+03  1.2088E-02 -1.7251E-02
  1.0568E+03  1.2063E-02 -1.7250E-02
  1.0578E+03  1.2038E-02 -1.7248E-02
  1.0588E+03  1.2013E-02 -1.7247E-02
  1.0599E+03  1.1988E-02 -1.7245E-02
  1.0609E+03  1.1963E-02 -1.7244E-02
  1.0619E+03  1.1938E-02 -1.7242E-02
  1.0630E+03  1.1913E-02 -1.7241E-02
  1.0640E+03  1.1889E-02 -1.7239E-02
  1.0650E+03  1.1864E-02 -1.7237E-02
  1.0660E+03  1.1840E-02 -1.7235E-02
  1.0671E+03  1.1815E-02 -1.7233E-02
  1.0681E+03  1.1790E-02 -1.7232E-02
  1.0691E+03  1.1766E-02 -1.7230E-02
  1.0702E+03  1.1742E-02 -1.7228E-02
  1.0712E+03  1.1717E-02 -1.7226E-02
  1.0722E+03  1.1693E-02 -1.7224E-02
  1.0733E+03  1.1668E-02 -1.7222E-02
  1.0743E+03  1.1644E-02 -1.7220E-02
  1.0753E+03  1.1619E-02 -1.7218E-02
  1.0763E+03  1.1594E-02 -1.7216E-02
  1.0774E+03  1.1570E-02 -1.7214E-02
  1.0784E+03  1.1545E-02 -1.7212E-02
  1.0794E+03  1.1520E-02 -1.7210E-02
  1.0805E+03  1.1495E-02 -1.7207E-02
  1.0815E+03  1.1470E-02 -1.7205E-02
  1.0825E+03  1.1445E-02 -1.7203E-02
  1.0836E+03  1.1419E-02 -1.7201E-02
  1.0846E+03  1.1394E-02 -1.7198E-02
  1.0856E+03  1.1369E-02 -1.7196E-02
  1.0866E+03  1.1343E-02 -1.7194E-02
  1.0877E+03  1.1318E-02 -1.7192E-02
  1.0887E+03  1.1292E-02 -1.7189E-02
  1.0897E+03  1.1267E-02 -1.7187E-02
  1.0908E+03  1.1241E-02 -1.7185E-02
  1.0918E+03  1.1216E-02 -1.7182E-02
  1.0928E+03  1.1190E-02 -1.7180E-02
  1.0939E+03  1.1165E-02 -1.7177E-02
  1.0949E+03  1.1139E-02 -1.7175E-02
  1.0959E+03  1.1114E-02 -1.7172E-02
  1.0969E+03  1.1088E-02 -1.7170E-02
  1.0980E+03  1.1063E-02 -1.7167E-02
  1.0990E+03  1.1037E-02 -1.7164E-02
  1.1000E+03  1.1012E-02 -1.7162E-02
  1.1011E+03  1.0987E-02 -1.7159E-02
  1.1021E+03  1.0961E-02 -1.7156E-02
  1.1031E+03  1.0936E-02 -1.7153E-02
  1.1042E+03  1.0911E-02 -1.7150E-02
  1.1052E+03  1.0885E-02 -1.7147E-02
  1.1062E+03  1.0860E-02 -1.7144E-02
  1.1072E+03  1.0835E-02 -1.7141E-02
  1.1083E+03  1.0810E-02 -1.7137E-02
  1.1093E+03  1.0785E-02 -1.7134E-02
  1.1103E+03  1.0760E-02 -1.7131E-02
  1.1114E+03  1.0735E-02 -1.7127E-02
  1.1124E+03  1.0711E-02 -1.7124E-02
  1.1134E+03  1.0686E-02 -1.7120E-02
  1.1145E+03  1.0662E-02 -1.7117E-02
  1.1155E+03  1.0637E-02 -1.7113E-02
  1.1165E+03  1.0613E-02 -1.7109E-02
  1.1175E+03  1.0589E-02 -1.7105E-02
  1.1186E+03  1.0565E-02 -1.7101E-02
  1.1196E+03  1.0541E-02 -1.7097E-02
  1.1206E+03  1.0517E-02 -1.7093E-02
  1.1217E+03  1.0494E-02 -1.7089E-02
  1.1227E+03  1.0470E-02 -1.7085E-02
  1.1237E+03  1.0447E-02 -1.7081E-02
  1.1248E+03  1.0423E-02 -1.7077E-02
  1.1258E+03  1.0400E-02 -1.7073E-02
  1.1268E+03  1.0377E-02 -1.7068E-02
  1.1278E+03  1.0353E-02 -1.7064E-02
  1.1289E+03  1.0330E-02 -1.7060E-02
  1.1299E+03  1.0307E-02 -1.7055E-02
  1.1309E+03  1.0284E-02 -1.7051E-02
  1.1320E+03  1.0262E-02 -1.7047E-02
  1.1330E+03  1.0239E-02 -1.7042E-02
  1.1340E+03  1.0216E-02 -1.7038E-02
  1.1351E+03  1.0193E-02 -1.7034E-02
  1.1361E+03  1.0171E-02 -1.7029E-02
  1.1371E+03  1.0148E-02 -1.7025E-02
  1.1381E+03  1.0126E-02 -1.7021E-02
  1.1392E+03  1.0103E-02 -1.7016E-02
  1.1402E+03  1.0081E-02 -1.7012E-02
  1.1412E+03  1.0058E-02 -1.7008E-02
  1.1423E+03  1.0036E-02 -1.7004E-02
  1.1433E+03  1.0013E-02 -1.7000E-02
  1.1443E+03  9.9905E-03 -1.6996E-02
  1.1454E+03  9.9679E-03 -1.6991E-02
  1.1464E+03  9.9453E-03 -1.6987E-02
  1.1474E+03  9.9226E-03 -1.6983E-02
  1.1484E+03  9.8998E-03 -1.6979E-02
  1.1495E+03  9.8769E-03 -1.6975E-02
  1.1505E+03  9.8541E-03 -1.6971E-02
  1.1515E+03  9.8312E-03 -1.6968E-02
  1.1526E+03  9.8082E-03 -1.6964E-02
  1.1536E+03  9.7853E-03 -1.6960E-02
  1.1546E+03  9.7622E-03 -1.6956E-02
  1.1557E+03  9.7392E-03 -1.6952E-02
  1.1567E+03  9.7161E-03 -1.6949E-02
  1.1577E+03  9.6931E-03 -1.6945E-02
  1.1587E+03  9.6700E-03 -1.6941E-02
  1.1598E+03  9.6469E-03 -1.6938E-02
  1.1608E+03  9.6239E-03 -1.6934E-02
  1.1618E+03  9.6008E-03 -1.6931E-02
  1.1629E+03  9.5778E-03 -1.6927E-02
  1.1639E+03  9.5547E-03 -1.6924E-02
  1.1649E+03  9.5316E-03 -1.6920E-02
  1.1660E+03  9.5086E-03 -1.6917E-02
  1.1670E+03  9.4855E-03 -1.6913E-02
  1.1680E+03  9.4624E-03 -1.6910E-02
  1.1690E+03  9.4392E-03 -1.6906E-02
  1.1701E+03  9.4161E-03 -1.6903E-02
  1.1711E+03  9.3929E-03 -1.6899E-02
  1.1721E+03  9.3698E-03 -1.6895E-02
  1.1732E+03  9.3466E-03 -1.6892E-02
  1.1742E+03  9.3233E-03 -1.6888E-02
  1.1752E+03  9.3001E-03 -1.6885E-02
  1.1763E+03  9.2769E-03 -1.6881E-02
  1.1773E+03  9.2537E-03 -1.6877E-02
  1.1783E+03  9.2305E-03 -1.6874E-02
  1.1793E+03  9.2073E-03 -1.6870E-02
  1.1804E+03  9.1841E-03 -1.6866E-02
  1.1814E+03  9.1610E-03 -1.6862E-02
  1.1824E+03  9.1380E-03 -1.6859E-02
  1.1835E+03  9.1149E-03 -1.6855E-02
  1.1845E+03  9.0919E-03 -1.6851E-02
  1.1855E+03  9.0689E-03 -1.6847E-02
  1.1866E+03  9.0460E-03 -1.6843E-02
  1.1876E+03  9.0232E-03 -1.6839E-02
  1.1886E+03  9.0005E-03 -1.6835E-02
  1.1896E+03  8.9777E-03 -1.6831E-02
  1.1907E+03  8.9550E-03 -1.6827E-02
  1.1917E+03  8.9323E-03 -1.6823E-02
  1.1927E+03  8.9096E-03 -1.6819E-02
  1.1938E+03  8.8871E-03 -1.6814E-02
  1.1948E+03  8.8646E-03 -1.6810E-02
  1.1958E+03  8.8420E-03 -1.6806E-02
  1.1969E+03  8.8195E-03 -1.6801E-02
  1.1979E+03  8.7971E-03 -1.6797E-02
  1.1989E+03  8.7747E-03 -1.6792E-02
  1.1999E+03  8.7524E-03 -1.6788E-02
  1.2010E+03  8.7301E-03 -1.6783E-02
  1.2020E+03  8.7079E-03 -1.6779E-02
  1.2030E+03  8.6857E-03 -1.6774E-02
  1.2041E+03  8.6636E-03 -1.6769E-02
  1.2051E+03  8.6417E-03 -1.6765E-02
  1.2061E+03  8.6198E-03 -1.6760E-02
  1.2072E+03  8.5979E-03 -1.6755E-02
  1.2082E+03  8.5762E-03 -1.6750E-02
  1.2092E+03  8.5545E-03 -1.6745E-02
  1.2102E+03  8.5329E-03 -1.6740E-02
  1.2113E+03  8.5114E-03 -1.6735E-02
  1.2123E+03  8.4899E-03 -1.6730E-02
  1.2133E+03  8.4685E-03 -1.6725E-02
  1.2144E+03  8.4472E-03 -1.6720E-02
  1.2154E+03  8.4259E-03 -1.6715E-02
  1.2164E+03  8.4046E-03 -1.6710E-02
  1.2175E+03  8.3834E-03 -1.6705E-02
  1.2185E+03  8.3622E-03 -1.6699E-02
  1.2195E+03  8.3409E-03 -1.6694E-02
  1.2205E+03  8.3197E-03 -1.6689E-02
  1.2216E+03  8.2984E-03 -1.6683E-02
  1.2226E+03  8.2772E-03 -1.6678E-02
  1.2236E+03  8.2560E-03 -1.6672E-02
  1.2247E+03  8.2347E-03 -1.6667E-02
  1.2257E+03  8.2134E-03 -1.6661E-02
  1.2267E+03  8.1920E-03 -1.6656E-02
  1.2278E+03  8.1706E-03 -1.6650E-02
  1.2288E+03  8.1492E-03 -1.6645E-02
  1.2298E+03  8.1278E-03 -1.6639E-02
  1.2308E+03  8.1064E-03 -1.6633E-02
  1.2319E+03  8.0848E-03 -1.6628E-02
  1.2329E+03  8.0632E-03 -1.6622E-02
  1.2339E+03  8.0416E-03 -1.6616E-02
  1.2350E+03  8.0200E-03 -1.6610E-02
  1.2360E+03  7.9983E-03 -1.6605E-02
  1.2370E+03  7.9766E-03 -1.6599E-02
  1.2381E+03  7.9548E-03 -1.6593E-02
  1.2391E+03  7.9329E-03 -1.6587E-02
  1.2401E+03  7.9110E-03 -1.6581E-02
  1.2411E+03  7.8890E-03 -1.6575E-02
  1.2422E+03  7.8670E-03 -1.6570E-02
  1.2432E+03  7.8449E-03 -1.6564E-02
  1.2442E+03  7.8228E-03 -1.6558E-02
  1.2453E+03  7.8006E-03 -1.6552E-02
  1.2463E+03  7.7783E-03 -1.6546E-02
  1.2473E+03  7.7561E-03 -1.6540E-02
  1.2484E+03  7.7338E-03 -1.6534E-02
  1.2494E+03  7.7114E-03 -1.6528E-02
  1.2504E+03  7.6891E-03 -1.6522E-02
  1.2514E+03  7.6667E-03 -1.6516E-02
  1.2525E+03  7.6444E-03 -1.6510E-02
  1.2535E+03  7.6220E-03 -1.6504E-02
  1.2545E+03  7.5997E-03 -1.6498E-02
  1.2556E+03  7.5774E-03 -1.6492E-02
  1.2566E+03  7.5551E-03 -1.6486E-02
  1.2576E+03  7.5328E-03 -1.6480E-02
  1.2587E+03  7.5106E-03 -1.6474E-02
  1.2597E+03  7.4884E-03 -1.6468E-02
  1.2607E+03  7.4662E-03 -1.6462E-02
  1.2617E+03  7.4441E-03 -1.6456E-02
  1.2628E+03  7.4220E-03 -1.6450E-02
  1.2638E+03  7.3999E-03 -1.6444E-02
  1.2648E+03  7.3779E-03 -1.6438E-02
  1.2659E+03  7.3560E-03 -1.6433E-02
  1.2669E+03  7.3341E-03 -1.6427E-02
  1.2679E+03  7.3122E-03 -1.6421E-02
  1.2690E+03  7.2904E-03 -1.6415E-02
  1.2700E+03  7.2686E-03 -1.6409E-02
  1.2710E+03  7.2469E-03 -1.6403E-02
  1.2720E+03  7.2253E-03 -1.6397E-02
  1.2731E+03  7.2038E-03 -1.6391E-02
  1.2741E+03  7.1824E-03 -1.6385E-02
  1.2751E+03  7.1610E-03 -1.6379E-02
  1.2762E+03  7.1397E-03 -1.6373E-02
  1.2772E+03  7.1185E-03 -1.6367E-02
  1.2782E+03  7.0974E-03 -1.6361E-02
  1.2793E+03  7.0764E-03 -1.6354E-02
  1.2803E+03  7.0555E-03 -1.6348E-02
  1.2813E+03  7.0347E-03 -1.6342E-02
  1.2823E+03  7.0139E-03 -1.6336E-02
  1.2834E+03  6.9932E-03 -1.6330E-02
  1.2844E+03  6.9726E-03 -1.6324E-02
  1.2854E+03  6.9521E-03 -1.6318E-02
  1.2865E+03  6.9317E-03 -1.6312E-02
  1.2875E+03  6.9113E-03 -1.6305E-02
  1.2885E+03  6.8909E-03 -1.6299E-02
  1.2896E+03  6.8705E-03 -1.6293E-02
  1.2906E+03  6.8503E-03 -1.6287E-02
  1.2916E+03  6.8300E-03 -1.6280E-02
  1.2926E+03  6.8098E-03 -1.6274E-02
  1.2937E+03  6.7896E-03 -1.6267E-02
  1.2947E+03  6.7695E-03 -1.6261E-02
  1.2957E+03  6.7493E-03 -1.6255E-02
  1.2968E+03  6.7292E-03 -1.6248E-02
  1.2978E+03  6.7091E-03 -1.6242E-02
  1.2988E+03  6.6891E-03 -1.6235E-02
  1.2999E+03  6.6690E-03 -1.6228E-02
  1.3009E+03  6.6490E-03 -1.6222E-02
  1.3019E+03  6.6290E-03 -1.6215E-02
  1.3029E+03  6.6090E-03 -1.6208E-02
  1.3040E+03  6.5891E-03 -1.6202E-02
  1.3050E+03  6.5692E-03 -1.6195E-02
  1.3060E+03  6.5492E-03 -1.6188E-02
  1.3071E+03  6.5293E-03 -1.6181E-02
  1.3081E+03  6.5094E-03 -1.6174E-02
  1.3091E+03  6.4895E-03 -1.6167E-02
  1.3102E+03  6.4696E-03 -1.6161E-02
  1.3112E+03  6.4497E-03 -1.6154E-02
  1.3122E+03  6.4297E-03 -1.6147E-02
  1.3132E+03  6.4098E-03 -1.6140E-02
  1.3143E+03  6.3898E-03 -1.6132E-02
  1.3153E+03  6.3699E-03 -1.6125E-02
  1.3163E+03  6.3498E-03 -1.6118E-02
  1.3174E+03  6.3298E-03 -1.6111E-02
  1.3184E+03  6.3098E-03 -1.6104E-02
  1.3194E+03  6.2897E-03 -1.6097E-02
  1.3205E+03  6.2697E-03 -1.6090E-02
  1.3215E+03  6.2496E-03 -1.6082E-02
  1.3225E+03  6.2296E-03 -1.6075E-02
  1.3235E+03  6.2095E-03 -1.6068E-02
  1.3246E+03  6.1895E-03 -1.6060E-02
  1.3256E+03  6.1695E-03 -1.6053E-02
  1.3266E+03  6.1495E-03 -1.6046E-02
  1.3277E+03  6.1295E-03 -1.6038E-02
  1.3287E+03  6.1096E-03 -1.6031E-02
  1.3297E+03  6.0897E-03 -1.6024E-02
  1.3308E+03  6.0698E-03 -1.6016E-02
  1.3318E+03  6.0499E-03 -1.6009E-02
  1.3328E+03  6.0301E-03 -1.6001E-02
  1.3338E+03  6.0103E-03 -1.5994E-02
  1.3349E+03  5.9906E-03 -1.5987E-02
  1.3359E+03  5.9708E-03 -1.5979E-02
  1.3369E+03  5.9511E-03 -1.5972E-02
  1.3380E+03  5.9314E-03 -1.5964E-02
  1.3390E+03  5.9118E-03 -1.5956E-02
  1.3400E+03  5.8922E-03 -1.5949E-02
  1.3411E+03  5.8726E-03 -1.5941E-02
  1.3421E+03  5.8530E-03 -1.5934E-02
  1.3431E+03  5.8335E-03 -1.5926E-02
  1.3441E+03  5.8140E-03 -1.5918E-02
  1.3452E+03  5.7946E-03 -1.5911E-02
  1.3462E+03  5.7751E-03 -1.5903E-02
  1.3472E+03  5.7558E-03 -1.5895E-02
  1.3483E+03  5.7364E-03 -1.5888E-02
  1.3493E+03  5.7171E-03 -1.5880E-02
  1.3503E+03  5.6979E-03 -1.5872E-02
  1.3514E+03  5.6787E-03 -1.5865E-02
  1.3524E+03  5.6595E-03 -1.5857E-02
  1.3534E+03  5.6404E-03 -1.5849E-02
  1.3544E+03  5.6213E-03 -1.5841E-02
  1.3555E+03  5.6022E-03 -1.5834E-02
  1.3565E+03  5.5832E-03 -1.5826E-02
  1.3575E+03  5.5642E-03 -1.5818E-02
  1.3586E+03  5.5453E-03 -1.5810E-02
  1.3596E+03  5.5263E-03 -1.5802E-02
  1.3606E+03  5.5074E-03 -1.5795E-02
  1.3617E+03  5.4885E-03 -1.5787E-02
  1.3627E+03  5.4696E-03 -1.5779E-02
  1.3637E+03  5.4507E-03 -1.5771E-02
  1.3648E+03  5.4318E-03 -1.5763E-02
  1.3658E+03  5.4130E-03 -1.5755E-02
  1.3668E+03  5.3941E-03 -1.5747E-02
  1.3678E+03  5.3752E-03 -1.5739E-02
  1.3689E+03  5.3563E-03 -1.5731E-02
  1.3699E+03  5.3375E-03 -1.5723E-02
  1.3709E+03  5.3186E-03 -1.5714E-02
  1.3720E+03  5.2997E-03 -1.5706E-02
  1.3730E+03  5.2809E-03 -1.5698E-02
  1.3740E+03  5.2620E-03 -1.5690E-02
  1.3751E+03  5.2431E-03 -1.5682E-02
  1.3761E+03  5.2243E-03 -1.5673E-02
  1.3771E+03  5.2055E-03 -1.5665E-02
  1.3781E+03  5.1866E-03 -1.5657E-02
  1.3792E+03  5.1678E-03 -1.5648E-02
  1.3802E+03  5.1490E-03 -1.5640E-02
  1.3812E+03  5.1301E-03 -1.5632E-02
  1.3823E+03  5.1113E-03 -1.5623E-02
  1.3833E+03  5.0925E-03 -1.5615E-02
  1.3843E+03  5.0737E-03 -1.5606E-02
  1.3854E+03  5.0549E-03 -1.5597E-02
  1.3864E+03  5.0362E-03 -1.5589E-02
  1.3874E+03  5.0174E-03 -1.5580E-02
  1.3884E+03  4.9986E-03 -1.5571E-02
  1.3895E+03  4.9799E-03 -1.5563E-02
  1.3905E+03  4.9612E-03 -1.5554E-02
  1.3915E+03  4.9425E-03 -1.5545E-02
  1.3926E+03  4.9238E-03 -1.5536E-02
  1.3936E+03  4.9052E-03 -1.5527E-02
  1.3946E+03  4.8866E-03 -1.5518E-02
  1.3957E+03  4.8680E-03 -1.5509E-02
  1.3967E+03  4.8494E-03 -1.5500E-02
  1.3977E+03  4.8309E-03 -1.5491E-02
  1.3987E+03  4.8124E-03 -1.5482E-02
  1.3998E+03  4.7939E-03 -1.5473E-02
  1.4008E+03  4.7755E-03 -1.5464E-02
  1.4018E+03  4.7571E-03 -1.5455E-02
  1.4029E+03  4.7387E-03 -1.5446E-02
  1.4039E+03  4.7203E-03 -1.5437E-02
  1.4049E+03  4.7020E-03 -1.5428E-02
  1.4060E+03  4.6837E-03 -1.5419E-02
  1.4070E+03  4.6654E-03 -1.5409E-02
  1.4080E+03  4.6471E-03 -1.5400E-02
  1.4090E+03  4.6289E-03 -1.5391E-02
  1.4101E+03  4.6106E-03 -1.5382E-02
  1.4111E+03  4.5924E-03 -1.5373E-02
  1.4121E+03  4.5741E-03 -1.5363E-02
  1.4132E+03  4.5559E-03 -1.5354E-02
  1.4142E+03  4.5377E-03 -1.5345E-02
  1.4152E+03  4.5195E-03 -1.5336E-02
  1.4163E+03  4.5013E-03 -1.5326E-02
  1.4173E+03  4.4832E-03 -1.5317E-02
  1.4183E+03  4.4651E-03 -1.5308E-02
  1.4193E+03  4.4469E-03 -1.5299E-02
  1.4204E+03  4.4289E-03 -1.5289E-02
  1.4214E+03  4.4108E-03 -1.5280E-02
  1.4224E+03  4.3927E-03 -1.5271E-02
  1.4235E+03  4.3747E-03 -1.5262E-02
  1.4245E+03  4.3567E-03 -1.5253E-02
  1.4255E+03  4.3388E-03 -1.5243E-02
  1.4266E+03  4.3209E-03 -1.5234E-02
  1.4276E+03  4.3029E-03 -1.5225E-02
  1.4286E+03  4.2851E-03 -1.5216E-02
  1.4296E+03  4.2672E-03 -1.5207E-02
  1.4307E+03  4.2494E-03 -1.5198E-02
  1.4317E+03  4.2316E-03 -1.5189E-02
  1.4327E+03  4.2139E-03 -1.5180E-02
  1.4338E+03  4.1962E-03 -1.5171E-02
  1.4348E+03  4.1784E-03 -1.5162E-02
  1.4358E+03  4.1608E-03 -1.5153E-02
  1.4369E+03  4.1431E-03 -1.5143E-02
  1.4379E+03  4.1255E-03 -1.5134E-02
  1.4389E+03  4.1080E-03 -1.5125E-02
  1.4399E+03  4.0904E-03 -1.5117E-02
  1.4410E+03  4.0729E-03 -1.5108E-02
  1.4420E+03  4.0554E-03 -1.5099E-02
  1.4430E+03  4.0380E-03 -1.5090E-02
  1.4441E+03  4.0206E-03 -1.5081E-02
  1.4451E+03  4.0033E-03 -1.5072E-02
  1.4461E+03  3.9860E-03 -1.5063E-02
  1.4472E+03  3.9688E-03 -1.5054E-02
  1.4482E+03  3.9516E-03 -1.5045E-02
  1.4492E+03  3.9344E-03 -1.5036E-02
  1.4502E+03  3.9173E-03 -1.5027E-02
  1.4513E+03  3.9002E-03 -1.5018E-02
  1.4523E+03  3.8832E-03 -1.5009E-02
  1.4533E+03  3.8662E-03 -1.5000E-02
  1.4544E+03  3.8493E-03 -1.4992E-02
  1.4554E+03  3.8323E-03 -1.4983E-02
  1.4564E+03  3.8155E-03 -1.4974E-02
  1.4575E+03  3.7986E-03 -1.4965E-02
  1.4585E+03  3.7818E-03 -1.4956E-02
  1.4595E+03  3.7650E-03 -1.4947E-02
  1.4605E+03  3.7482E-03 -1.4938E-02
  1.4616E+03  3.7314E-03 -1.4929E-02
  1.4626E+03  3.7146E-03 -1.4920E-02
  1.4636E+03  3.6979E-03 -1.4911E-02
  1.4647E+03  3.6812E-03 -1.4902E-02
  1.4657E+03  3.6645E-03 -1.4893E-02
  1.4667E+03  3.6478E-03 -1.4884E-02
  1.4678E+03  3.6311E-03 -1.4874E-02
  1.4688E+03  3.6145E-03 -1.4865E-02
  1.4698E+03  3.5978E-03 -1.4856E-02
  1.4708E+03  3.5812E-03 -1.4847E-02
  1.4719E+03  3.5645E-03 -1.4838E-02
  1.4729E+03  3.5479E-03 -1.4829E-02
  1.4739E+03  3.5313E-03 -1.4819E-02
  1.4750E+03  3.5147E-03 -1.4810E-02
  1.4760E+03  3.4981E-03 -1.4801E-02
  1.4770E+03  3.4815E-03 -1.4791E-02
  1.4781E+03  3.4650E-03 -1.4782E-02
  1.4791E+03  3.4484E-03 -1.4773E-02
  1.4801E+03  3.4318E-03 -1.4763E-02
  1.4811E+03  3.4153E-03 -1.4754E-02
  1.4822E+03  3.3987E-03 -1.4744E-02
  1.4832E+03  3.3821E-03 -1.4735E-02
  1.4842E+03  3.3656E-03 -1.4726E-02
  1.4853E+03  3.3490E-03 -1.4716E-02
  1.4863E+03  3.3325E-03 -1.4707E-02
  1.4873E+03  3.3160E-03 -1.4697E-02
  1.4884E+03  3.2994E-03 -1.4687E-02
  1.4894E+03  3.2829E-03 -1.4678E-02
  1.4904E+03  3.2664E-03 -1.4668E-02
  1.4914E+03  3.2500E-03 -1.4659E-02
  1.4925E+03  3.2335E-03 -1.4649E-02
  1.4935E+03  3.2170E-03 -1.4639E-02
  1.4945E+03  3.2006E-03 -1.4630E-02
  1.4956E+03  3.1842E-03 -1.4620E-02
  1.4966E+03  3.1678E-03 -1.4610E-02
  1.4976E+03  3.1514E-03 -1.4600E-02
  1.4987E+03  3.1351E-03 -1.4591E-02
  1.4997E+03  3.1187E-03 -1.4581E-02
  1.5000E+03  3.1137E-03 -1.4578E-02
