# CREATED BY GENE DIAGNOSTICS TOOL on Sat Dec 12 22:38:20 2020
# diag: timetrace, run(s): 0025, time window: 0-1500(1553 steps), species: ions
# original data path: /marconi_scratch/userexternal/cmoreno0/GAM_HP_scan/LHD_s0.25_alpha-pi20_npol3_nz0768/
# normalization: L_ref=1.65m
#
#  t          Re[phi]     Im[phi]   
  0.0000E+00  9.9998E-01  0.0000E+00
  9.6700E-01  9.0058E-01 -3.0462E-03
  1.9340E+00  7.7900E-01 -5.3994E-03
  2.9010E+00  6.3102E-01 -7.2822E-03
  3.8680E+00  4.7851E-01 -8.4130E-03
  4.8350E+00  3.4662E-01 -8.7332E-03
  5.8020E+00  2.4284E-01 -8.2518E-03
  6.7690E+00  1.6800E-01 -7.1591E-03
  7.7360E+00  1.1799E-01 -5.7217E-03
  8.7030E+00  8.6858E-02 -4.1978E-03
  9.6700E+00  6.8937E-02 -2.7806E-03
  1.0637E+01  5.9466E-02 -1.5830E-03
  1.1604E+01  5.5050E-02 -6.7311E-04
  1.2571E+01  5.3992E-02 -5.7373E-05
  1.3538E+01  5.4262E-02  4.4468E-04
  1.4505E+01  5.2257E-02  4.1574E-04
  1.5472E+01  5.2086E-02  5.1447E-04
  1.6439E+01  5.4188E-02  2.4043E-04
  1.7406E+01  5.5390E-02 -2.2844E-04
  1.8373E+01  5.5240E-02 -9.5263E-04
  1.9340E+01  5.4471E-02 -1.7763E-03
  2.0307E+01  5.2688E-02 -2.5282E-03
  2.1274E+01  4.8136E-02 -2.9734E-03
  2.2241E+01  4.1895E-02 -3.0325E-03
  2.3208E+01  3.3522E-02 -2.6024E-03
  2.4175E+01  2.3265E-02 -1.7173E-03
  2.5142E+01  1.1966E-02 -4.8409E-04
  2.6109E+01  5.9868E-04  9.4948E-04
  2.7076E+01 -1.0161E-02  2.3714E-03
  2.8043E+01 -1.9449E-02  3.6153E-03
  2.9010E+01 -2.6020E-02  4.6489E-03
  2.9977E+01 -3.0088E-02  5.3318E-03
  3.0944E+01 -3.1276E-02  5.6047E-03
  3.1911E+01 -3.0420E-02  5.4849E-03
  3.2878E+01 -2.7559E-02  5.0972E-03
  3.3845E+01 -2.3028E-02  4.4181E-03
  3.4812E+01 -1.7182E-02  3.6151E-03
  3.5779E+01 -1.0082E-02  2.6038E-03
  3.6746E+01 -2.7694E-03  1.6466E-03
  3.7713E+01  4.8368E-03  6.8758E-04
  3.8680E+01  1.1476E-02 -3.0859E-04
  3.9647E+01  1.7585E-02 -1.0641E-03
  4.0614E+01  2.2661E-02 -1.8735E-03
  4.1581E+01  2.7346E-02 -2.5436E-03
  4.2548E+01  3.1959E-02 -3.0994E-03
  4.3515E+01  3.6547E-02 -3.6465E-03
  4.4482E+01  4.0853E-02 -4.0634E-03
  4.5449E+01  4.4766E-02 -4.4406E-03
  4.6416E+01  4.7771E-02 -4.7285E-03
  4.7383E+01  5.0245E-02 -4.9208E-03
  4.8350E+01  5.1932E-02 -5.1191E-03
  4.9317E+01  5.3484E-02 -5.2741E-03
  5.0284E+01  5.4996E-02 -5.4610E-03
  5.1251E+01  5.6437E-02 -5.6193E-03
  5.2218E+01  5.7917E-02 -5.7539E-03
  5.3185E+01  5.9357E-02 -5.9024E-03
  5.4152E+01  6.0545E-02 -5.9988E-03
  5.5119E+01  6.1513E-02 -6.0155E-03
  5.6086E+01  6.1866E-02 -5.9366E-03
  5.7053E+01  6.1731E-02 -5.7680E-03
  5.8020E+01  6.1287E-02 -5.5564E-03
  5.8987E+01  6.0671E-02 -5.3393E-03
  5.9954E+01  5.9878E-02 -5.1556E-03
  6.0921E+01  5.8898E-02 -4.9481E-03
  6.1888E+01  5.7758E-02 -4.7238E-03
  6.2855E+01  5.6470E-02 -4.4741E-03
  6.3822E+01  5.5223E-02 -4.2189E-03
  6.4789E+01  5.4061E-02 -3.9450E-03
  6.5756E+01  5.2982E-02 -3.6766E-03
  6.6723E+01  5.1922E-02 -3.4171E-03
  6.7690E+01  5.0902E-02 -3.1776E-03
  6.8657E+01  4.9899E-02 -2.9505E-03
  6.9624E+01  4.8918E-02 -2.7542E-03
  7.0591E+01  4.7938E-02 -2.5741E-03
  7.1558E+01  4.6961E-02 -2.4560E-03
  7.2525E+01  4.6030E-02 -2.4056E-03
  7.3492E+01  4.5246E-02 -2.4444E-03
  7.4459E+01  4.4665E-02 -2.5266E-03
  7.5426E+01  4.4287E-02 -2.6083E-03
  7.6393E+01  4.3984E-02 -2.6624E-03
  7.7360E+01  4.3622E-02 -2.6631E-03
  7.8327E+01  4.3203E-02 -2.6658E-03
  7.9294E+01  4.2771E-02 -2.6902E-03
  8.0261E+01  4.2476E-02 -2.7795E-03
  8.1228E+01  4.2419E-02 -2.9238E-03
  8.2195E+01  4.2617E-02 -3.1027E-03
  8.3162E+01  4.2988E-02 -3.2845E-03
  8.4129E+01  4.3407E-02 -3.4427E-03
  8.5096E+01  4.3802E-02 -3.5860E-03
  8.6063E+01  4.4146E-02 -3.7228E-03
  8.7030E+01  4.4479E-02 -3.8814E-03
  8.7997E+01  4.4831E-02 -4.0527E-03
  8.8964E+01  4.5235E-02 -4.2359E-03
  8.9931E+01  4.5682E-02 -4.3992E-03
  9.0898E+01  4.6197E-02 -4.5466E-03
  9.1865E+01  4.6739E-02 -4.6612E-03
  9.2832E+01  4.7286E-02 -4.7557E-03
  9.3799E+01  4.7793E-02 -4.8439E-03
  9.4766E+01  4.8249E-02 -4.9418E-03
  9.5733E+01  4.8673E-02 -5.0631E-03
  9.6700E+01  4.9088E-02 -5.2023E-03
  9.7667E+01  4.9499E-02 -5.3402E-03
  9.8634E+01  4.9893E-02 -5.4565E-03
  9.9601E+01  5.0249E-02 -5.5386E-03
  1.0057E+02  5.0547E-02 -5.5865E-03
  1.0153E+02  5.0760E-02 -5.6042E-03
  1.0250E+02  5.0850E-02 -5.5972E-03
  1.0347E+02  5.0783E-02 -5.5701E-03
  1.0444E+02  5.0553E-02 -5.5294E-03
  1.0540E+02  5.0191E-02 -5.4833E-03
  1.0637E+02  4.9757E-02 -5.4386E-03
  1.0734E+02  4.9294E-02 -5.3985E-03
  1.0830E+02  4.8807E-02 -5.3575E-03
  1.0927E+02  4.8284E-02 -5.3107E-03
  1.1024E+02  4.7718E-02 -5.2550E-03
  1.1120E+02  4.7124E-02 -5.1978E-03
  1.1217E+02  4.6521E-02 -5.1461E-03
  1.1314E+02  4.5933E-02 -5.1097E-03
  1.1411E+02  4.5374E-02 -5.0922E-03
  1.1507E+02  4.4846E-02 -5.0910E-03
  1.1604E+02  4.4352E-02 -5.1022E-03
  1.1701E+02  4.3897E-02 -5.1196E-03
  1.1797E+02  4.3507E-02 -5.1448E-03
  1.1894E+02  4.3212E-02 -5.1800E-03
  1.1991E+02  4.3032E-02 -5.2279E-03
  1.2087E+02  4.2967E-02 -5.2881E-03
  1.2184E+02  4.2994E-02 -5.3556E-03
  1.2281E+02  4.3095E-02 -5.4233E-03
  1.2378E+02  4.3265E-02 -5.4856E-03
  1.2474E+02  4.3501E-02 -5.5398E-03
  1.2571E+02  4.3789E-02 -5.5860E-03
  1.2668E+02  4.4106E-02 -5.6277E-03
  1.2764E+02  4.4437E-02 -5.6678E-03
  1.2861E+02  4.4789E-02 -5.7084E-03
  1.2958E+02  4.5178E-02 -5.7491E-03
  1.3054E+02  4.5600E-02 -5.7864E-03
  1.3151E+02  4.6022E-02 -5.8173E-03
  1.3248E+02  4.6403E-02 -5.8391E-03
  1.3345E+02  4.6734E-02 -5.8531E-03
  1.3441E+02  4.7034E-02 -5.8619E-03
  1.3538E+02  4.7324E-02 -5.8691E-03
  1.3635E+02  4.7600E-02 -5.8773E-03
  1.3731E+02  4.7834E-02 -5.8886E-03
  1.3828E+02  4.8011E-02 -5.9032E-03
  1.3925E+02  4.8137E-02 -5.9198E-03
  1.4021E+02  4.8232E-02 -5.9363E-03
  1.4118E+02  4.8298E-02 -5.9514E-03
  1.4215E+02  4.8309E-02 -5.9657E-03
  1.4312E+02  4.8237E-02 -5.9809E-03
  1.4408E+02  4.8080E-02 -5.9981E-03
  1.4505E+02  4.7865E-02 -6.0177E-03
  1.4602E+02  4.7632E-02 -6.0397E-03
  1.4698E+02  4.7397E-02 -6.0654E-03
  1.4795E+02  4.7144E-02 -6.0959E-03
  1.4892E+02  4.6841E-02 -6.1308E-03
  1.4988E+02  4.6474E-02 -6.1675E-03
  1.5085E+02  4.6063E-02 -6.2023E-03
  1.5182E+02  4.5650E-02 -6.2327E-03
  1.5279E+02  4.5267E-02 -6.2596E-03
  1.5375E+02  4.4912E-02 -6.2878E-03
  1.5472E+02  4.4555E-02 -6.3222E-03
  1.5569E+02  4.4165E-02 -6.3648E-03
  1.5665E+02  4.3743E-02 -6.4130E-03
  1.5762E+02  4.3323E-02 -6.4616E-03
  1.5859E+02  4.2944E-02 -6.5064E-03
  1.5955E+02  4.2618E-02 -6.5468E-03
  1.6052E+02  4.2320E-02 -6.5859E-03
  1.6149E+02  4.2017E-02 -6.6280E-03
  1.6246E+02  4.1692E-02 -6.6754E-03
  1.6342E+02  4.1358E-02 -6.7263E-03
  1.6439E+02  4.1046E-02 -6.7766E-03
  1.6536E+02  4.0784E-02 -6.8236E-03
  1.6632E+02  4.0585E-02 -6.8678E-03
  1.6729E+02  4.0442E-02 -6.9115E-03
  1.6826E+02  4.0339E-02 -6.9571E-03
  1.6922E+02  4.0262E-02 -7.0062E-03
  1.7019E+02  4.0200E-02 -7.0583E-03
  1.7116E+02  4.0153E-02 -7.1109E-03
  1.7213E+02  4.0132E-02 -7.1601E-03
  1.7309E+02  4.0151E-02 -7.2034E-03
  1.7406E+02  4.0218E-02 -7.2411E-03
  1.7503E+02  4.0324E-02 -7.2763E-03
  1.7599E+02  4.0446E-02 -7.3121E-03
  1.7696E+02  4.0560E-02 -7.3494E-03
  1.7793E+02  4.0656E-02 -7.3861E-03
  1.7889E+02  4.0745E-02 -7.4191E-03
  1.7986E+02  4.0846E-02 -7.4462E-03
  1.8083E+02  4.0971E-02 -7.4674E-03
  1.8180E+02  4.1113E-02 -7.4840E-03
  1.8276E+02  4.1259E-02 -7.4984E-03
  1.8373E+02  4.1395E-02 -7.5122E-03
  1.8470E+02  4.1519E-02 -7.5265E-03
  1.8566E+02  4.1642E-02 -7.5420E-03
  1.8663E+02  4.1773E-02 -7.5592E-03
  1.8760E+02  4.1912E-02 -7.5780E-03
  1.8856E+02  4.2052E-02 -7.5980E-03
  1.8953E+02  4.2184E-02 -7.6187E-03
  1.9050E+02  4.2306E-02 -7.6397E-03
  1.9147E+02  4.2423E-02 -7.6607E-03
  1.9243E+02  4.2541E-02 -7.6818E-03
  1.9340E+02  4.2659E-02 -7.7046E-03
  1.9437E+02  4.2769E-02 -7.7308E-03
  1.9533E+02  4.2855E-02 -7.7599E-03
  1.9630E+02  4.2910E-02 -7.7882E-03
  1.9727E+02  4.2940E-02 -7.8115E-03
  1.9823E+02  4.2960E-02 -7.8280E-03
  1.9920E+02  4.2981E-02 -7.8394E-03
  2.0017E+02  4.3002E-02 -7.8491E-03
  2.0114E+02  4.3013E-02 -7.8598E-03
  2.0210E+02  4.3004E-02 -7.8712E-03
  2.0307E+02  4.2977E-02 -7.8814E-03
  2.0404E+02  4.2939E-02 -7.8885E-03
  2.0500E+02  4.2903E-02 -7.8920E-03
  2.0597E+02  4.2875E-02 -7.8931E-03
  2.0694E+02  4.2859E-02 -7.8950E-03
  2.0790E+02  4.2852E-02 -7.9010E-03
  2.0887E+02  4.2846E-02 -7.9129E-03
  2.0984E+02  4.2836E-02 -7.9301E-03
  2.1081E+02  4.2821E-02 -7.9500E-03
  2.1177E+02  4.2805E-02 -7.9706E-03
  2.1274E+02  4.2794E-02 -7.9921E-03
  2.1371E+02  4.2789E-02 -8.0168E-03
  2.1467E+02  4.2787E-02 -8.0469E-03
  2.1564E+02  4.2778E-02 -8.0824E-03
  2.1661E+02  4.2757E-02 -8.1210E-03
  2.1757E+02  4.2722E-02 -8.1604E-03
  2.1854E+02  4.2674E-02 -8.1995E-03
  2.1951E+02  4.2614E-02 -8.2382E-03
  2.2048E+02  4.2545E-02 -8.2759E-03
  2.2144E+02  4.2470E-02 -8.3119E-03
  2.2241E+02  4.2392E-02 -8.3463E-03
  2.2338E+02  4.2308E-02 -8.3801E-03
  2.2434E+02  4.2215E-02 -8.4140E-03
  2.2531E+02  4.2112E-02 -8.4463E-03
  2.2628E+02  4.2008E-02 -8.4746E-03
  2.2724E+02  4.1910E-02 -8.4978E-03
  2.2821E+02  4.1821E-02 -8.5168E-03
  2.2918E+02  4.1738E-02 -8.5336E-03
  2.3015E+02  4.1660E-02 -8.5493E-03
  2.3111E+02  4.1591E-02 -8.5639E-03
  2.3208E+02  4.1537E-02 -8.5771E-03
  2.3305E+02  4.1499E-02 -8.5890E-03
  2.3401E+02  4.1473E-02 -8.6003E-03
  2.3498E+02  4.1452E-02 -8.6114E-03
  2.3595E+02  4.1435E-02 -8.6222E-03
  2.3691E+02  4.1428E-02 -8.6328E-03
  2.3788E+02  4.1435E-02 -8.6440E-03
  2.3885E+02  4.1454E-02 -8.6573E-03
  2.3982E+02  4.1479E-02 -8.6735E-03
  2.4078E+02  4.1502E-02 -8.6923E-03
  2.4175E+02  4.1523E-02 -8.7129E-03
  2.4272E+02  4.1543E-02 -8.7350E-03
  2.4368E+02  4.1563E-02 -8.7584E-03
  2.4465E+02  4.1581E-02 -8.7830E-03
  2.4562E+02  4.1593E-02 -8.8086E-03
  2.4658E+02  4.1594E-02 -8.8358E-03
  2.4755E+02  4.1581E-02 -8.8649E-03
  2.4852E+02  4.1557E-02 -8.8956E-03
  2.4949E+02  4.1522E-02 -8.9267E-03
  2.5045E+02  4.1478E-02 -8.9569E-03
  2.5142E+02  4.1421E-02 -8.9861E-03
  2.5239E+02  4.1346E-02 -9.0155E-03
  2.5335E+02  4.1252E-02 -9.0453E-03
  2.5432E+02  4.1147E-02 -9.0747E-03
  2.5529E+02  4.1036E-02 -9.1022E-03
  2.5625E+02  4.0919E-02 -9.1271E-03
  2.5722E+02  4.0791E-02 -9.1506E-03
  2.5819E+02  4.0646E-02 -9.1741E-03
  2.5916E+02  4.0486E-02 -9.1977E-03
  2.6012E+02  4.0323E-02 -9.2198E-03
  2.6109E+02  4.0163E-02 -9.2387E-03
  2.6206E+02  4.0006E-02 -9.2546E-03
  2.6302E+02  3.9846E-02 -9.2693E-03
  2.6399E+02  3.9680E-02 -9.2841E-03
  2.6496E+02  3.9513E-02 -9.2988E-03
  2.6592E+02  3.9351E-02 -9.3119E-03
  2.6689E+02  3.9201E-02 -9.3223E-03
  2.6786E+02  3.9062E-02 -9.3301E-03
  2.6883E+02  3.8928E-02 -9.3365E-03
  2.6979E+02  3.8798E-02 -9.3423E-03
  2.7076E+02  3.8671E-02 -9.3479E-03
  2.7173E+02  3.8551E-02 -9.3531E-03
  2.7269E+02  3.8440E-02 -9.3576E-03
  2.7366E+02  3.8340E-02 -9.3613E-03
  2.7463E+02  3.8247E-02 -9.3649E-03
  2.7559E+02  3.8158E-02 -9.3688E-03
  2.7656E+02  3.8074E-02 -9.3734E-03
  2.7753E+02  3.7994E-02 -9.3786E-03
  2.7850E+02  3.7919E-02 -9.3846E-03
  2.7946E+02  3.7851E-02 -9.3917E-03
  2.8043E+02  3.7787E-02 -9.4004E-03
  2.8140E+02  3.7726E-02 -9.4109E-03
  2.8236E+02  3.7669E-02 -9.4231E-03
  2.8333E+02  3.7617E-02 -9.4363E-03
  2.8430E+02  3.7568E-02 -9.4506E-03
  2.8526E+02  3.7519E-02 -9.4665E-03
  2.8623E+02  3.7465E-02 -9.4844E-03
  2.8720E+02  3.7409E-02 -9.5039E-03
  2.8817E+02  3.7354E-02 -9.5240E-03
  2.8913E+02  3.7302E-02 -9.5436E-03
  2.9010E+02  3.7248E-02 -9.5631E-03
  2.9107E+02  3.7185E-02 -9.5834E-03
  2.9203E+02  3.7113E-02 -9.6054E-03
  2.9300E+02  3.7033E-02 -9.6281E-03
  2.9397E+02  3.6951E-02 -9.6499E-03
  2.9493E+02  3.6867E-02 -9.6696E-03
  2.9590E+02  3.6776E-02 -9.6874E-03
  2.9687E+02  3.6677E-02 -9.7045E-03
  2.9784E+02  3.6568E-02 -9.7222E-03
  2.9880E+02  3.6452E-02 -9.7404E-03
  2.9977E+02  3.6332E-02 -9.7580E-03
  3.0074E+02  3.6210E-02 -9.7739E-03
  3.0170E+02  3.6084E-02 -9.7877E-03
  3.0267E+02  3.5956E-02 -9.8004E-03
  3.0364E+02  3.5824E-02 -9.8130E-03
  3.0460E+02  3.5688E-02 -9.8261E-03
  3.0557E+02  3.5550E-02 -9.8392E-03
  3.0654E+02  3.5412E-02 -9.8513E-03
  3.0751E+02  3.5277E-02 -9.8620E-03
  3.0847E+02  3.5145E-02 -9.8715E-03
  3.0944E+02  3.5015E-02 -9.8806E-03
  3.1041E+02  3.4888E-02 -9.8899E-03
  3.1137E+02  3.4765E-02 -9.8992E-03
  3.1234E+02  3.4648E-02 -9.9080E-03
  3.1331E+02  3.4537E-02 -9.9159E-03
  3.1427E+02  3.4432E-02 -9.9227E-03
  3.1524E+02  3.4334E-02 -9.9288E-03
  3.1621E+02  3.4242E-02 -9.9342E-03
  3.1718E+02  3.4157E-02 -9.9391E-03
  3.1814E+02  3.4077E-02 -9.9440E-03
  3.1911E+02  3.3999E-02 -9.9493E-03
  3.2008E+02  3.3925E-02 -9.9547E-03
  3.2104E+02  3.3858E-02 -9.9597E-03
  3.2201E+02  3.3798E-02 -9.9635E-03
  3.2298E+02  3.3743E-02 -9.9665E-03
  3.2394E+02  3.3687E-02 -9.9699E-03
  3.2491E+02  3.3632E-02 -9.9748E-03
  3.2588E+02  3.3580E-02 -9.9812E-03
  3.2685E+02  3.3535E-02 -9.9881E-03
  3.2781E+02  3.3497E-02 -9.9945E-03
  3.2878E+02  3.3461E-02 -1.0000E-02
  3.2975E+02  3.3424E-02 -1.0007E-02
  3.3071E+02  3.3388E-02 -1.0015E-02
  3.3168E+02  3.3352E-02 -1.0025E-02
  3.3265E+02  3.3320E-02 -1.0036E-02
  3.3361E+02  3.3289E-02 -1.0047E-02
  3.3458E+02  3.3259E-02 -1.0059E-02
  3.3555E+02  3.3228E-02 -1.0071E-02
  3.3652E+02  3.3197E-02 -1.0083E-02
  3.3748E+02  3.3165E-02 -1.0097E-02
  3.3845E+02  3.3133E-02 -1.0112E-02
  3.3942E+02  3.3102E-02 -1.0128E-02
  3.4038E+02  3.3070E-02 -1.0143E-02
  3.4135E+02  3.3037E-02 -1.0158E-02
  3.4232E+02  3.3002E-02 -1.0172E-02
  3.4328E+02  3.2967E-02 -1.0187E-02
  3.4425E+02  3.2932E-02 -1.0201E-02
  3.4522E+02  3.2897E-02 -1.0214E-02
  3.4619E+02  3.2861E-02 -1.0226E-02
  3.4715E+02  3.2823E-02 -1.0238E-02
  3.4812E+02  3.2782E-02 -1.0249E-02
  3.4909E+02  3.2741E-02 -1.0258E-02
  3.5005E+02  3.2701E-02 -1.0266E-02
  3.5102E+02  3.2661E-02 -1.0272E-02
  3.5199E+02  3.2620E-02 -1.0279E-02
  3.5295E+02  3.2576E-02 -1.0285E-02
  3.5392E+02  3.2533E-02 -1.0291E-02
  3.5489E+02  3.2492E-02 -1.0295E-02
  3.5586E+02  3.2452E-02 -1.0297E-02
  3.5682E+02  3.2410E-02 -1.0300E-02
  3.5779E+02  3.2366E-02 -1.0303E-02
  3.5876E+02  3.2322E-02 -1.0306E-02
  3.5972E+02  3.2281E-02 -1.0309E-02
  3.6069E+02  3.2243E-02 -1.0311E-02
  3.6166E+02  3.2205E-02 -1.0312E-02
  3.6262E+02  3.2166E-02 -1.0314E-02
  3.6359E+02  3.2124E-02 -1.0316E-02
  3.6456E+02  3.2084E-02 -1.0318E-02
  3.6553E+02  3.2047E-02 -1.0321E-02
  3.6649E+02  3.2011E-02 -1.0323E-02
  3.6746E+02  3.1976E-02 -1.0326E-02
  3.6843E+02  3.1939E-02 -1.0328E-02
  3.6939E+02  3.1902E-02 -1.0330E-02
  3.7036E+02  3.1866E-02 -1.0334E-02
  3.7133E+02  3.1831E-02 -1.0338E-02
  3.7229E+02  3.1797E-02 -1.0344E-02
  3.7326E+02  3.1764E-02 -1.0349E-02
  3.7423E+02  3.1731E-02 -1.0354E-02
  3.7520E+02  3.1697E-02 -1.0360E-02
  3.7616E+02  3.1662E-02 -1.0367E-02
  3.7713E+02  3.1628E-02 -1.0375E-02
  3.7810E+02  3.1595E-02 -1.0383E-02
  3.7906E+02  3.1562E-02 -1.0391E-02
  3.8003E+02  3.1527E-02 -1.0399E-02
  3.8100E+02  3.1491E-02 -1.0407E-02
  3.8196E+02  3.1456E-02 -1.0416E-02
  3.8293E+02  3.1422E-02 -1.0424E-02
  3.8390E+02  3.1389E-02 -1.0431E-02
  3.8487E+02  3.1355E-02 -1.0438E-02
  3.8583E+02  3.1320E-02 -1.0445E-02
  3.8680E+02  3.1285E-02 -1.0451E-02
  3.8777E+02  3.1252E-02 -1.0457E-02
  3.8873E+02  3.1220E-02 -1.0462E-02
  3.8970E+02  3.1187E-02 -1.0467E-02
  3.9067E+02  3.1152E-02 -1.0470E-02
  3.9163E+02  3.1114E-02 -1.0474E-02
  3.9260E+02  3.1077E-02 -1.0478E-02
  3.9357E+02  3.1039E-02 -1.0481E-02
  3.9454E+02  3.1001E-02 -1.0483E-02
  3.9550E+02  3.0959E-02 -1.0485E-02
  3.9647E+02  3.0913E-02 -1.0487E-02
  3.9744E+02  3.0866E-02 -1.0490E-02
  3.9840E+02  3.0817E-02 -1.0492E-02
  3.9937E+02  3.0770E-02 -1.0494E-02
  4.0034E+02  3.0721E-02 -1.0496E-02
  4.0130E+02  3.0671E-02 -1.0498E-02
  4.0227E+02  3.0618E-02 -1.0500E-02
  4.0324E+02  3.0564E-02 -1.0503E-02
  4.0421E+02  3.0511E-02 -1.0506E-02
  4.0517E+02  3.0460E-02 -1.0508E-02
  4.0614E+02  3.0409E-02 -1.0510E-02
  4.0711E+02  3.0358E-02 -1.0512E-02
  4.0807E+02  3.0306E-02 -1.0514E-02
  4.0904E+02  3.0254E-02 -1.0517E-02
  4.1001E+02  3.0202E-02 -1.0519E-02
  4.1097E+02  3.0153E-02 -1.0521E-02
  4.1194E+02  3.0105E-02 -1.0523E-02
  4.1291E+02  3.0057E-02 -1.0524E-02
  4.1388E+02  3.0008E-02 -1.0526E-02
  4.1484E+02  2.9958E-02 -1.0527E-02
  4.1581E+02  2.9911E-02 -1.0529E-02
  4.1678E+02  2.9865E-02 -1.0530E-02
  4.1774E+02  2.9819E-02 -1.0531E-02
  4.1871E+02  2.9773E-02 -1.0532E-02
  4.1968E+02  2.9726E-02 -1.0534E-02
  4.2064E+02  2.9680E-02 -1.0535E-02
  4.2161E+02  2.9635E-02 -1.0536E-02
  4.2258E+02  2.9590E-02 -1.0537E-02
  4.2355E+02  2.9545E-02 -1.0538E-02
  4.2451E+02  2.9499E-02 -1.0539E-02
  4.2548E+02  2.9452E-02 -1.0540E-02
  4.2645E+02  2.9407E-02 -1.0541E-02
  4.2741E+02  2.9361E-02 -1.0542E-02
  4.2838E+02  2.9316E-02 -1.0542E-02
  4.2935E+02  2.9270E-02 -1.0542E-02
  4.3031E+02  2.9224E-02 -1.0541E-02
  4.3128E+02  2.9179E-02 -1.0541E-02
  4.3225E+02  2.9135E-02 -1.0541E-02
  4.3322E+02  2.9093E-02 -1.0539E-02
  4.3418E+02  2.9050E-02 -1.0538E-02
  4.3515E+02  2.9008E-02 -1.0536E-02
  4.3612E+02  2.8965E-02 -1.0535E-02
  4.3708E+02  2.8924E-02 -1.0533E-02
  4.3805E+02  2.8883E-02 -1.0531E-02
  4.3902E+02  2.8843E-02 -1.0529E-02
  4.3998E+02  2.8804E-02 -1.0527E-02
  4.4095E+02  2.8763E-02 -1.0524E-02
  4.4192E+02  2.8721E-02 -1.0522E-02
  4.4289E+02  2.8679E-02 -1.0520E-02
  4.4385E+02  2.8637E-02 -1.0518E-02
  4.4482E+02  2.8595E-02 -1.0516E-02
  4.4579E+02  2.8552E-02 -1.0513E-02
  4.4675E+02  2.8508E-02 -1.0511E-02
  4.4772E+02  2.8462E-02 -1.0510E-02
  4.4869E+02  2.8415E-02 -1.0508E-02
  4.4965E+02  2.8368E-02 -1.0507E-02
  4.5062E+02  2.8321E-02 -1.0506E-02
  4.5159E+02  2.8272E-02 -1.0504E-02
  4.5256E+02  2.8222E-02 -1.0503E-02
  4.5352E+02  2.8172E-02 -1.0502E-02
  4.5449E+02  2.8122E-02 -1.0501E-02
  4.5546E+02  2.8071E-02 -1.0500E-02
  4.5642E+02  2.8021E-02 -1.0498E-02
  4.5739E+02  2.7971E-02 -1.0497E-02
  4.5836E+02  2.7922E-02 -1.0495E-02
  4.5932E+02  2.7873E-02 -1.0494E-02
  4.6029E+02  2.7826E-02 -1.0492E-02
  4.6126E+02  2.7779E-02 -1.0490E-02
  4.6223E+02  2.7733E-02 -1.0488E-02
  4.6319E+02  2.7688E-02 -1.0486E-02
  4.6416E+02  2.7645E-02 -1.0483E-02
  4.6513E+02  2.7602E-02 -1.0481E-02
  4.6609E+02  2.7560E-02 -1.0479E-02
  4.6706E+02  2.7519E-02 -1.0476E-02
  4.6803E+02  2.7478E-02 -1.0474E-02
  4.6899E+02  2.7438E-02 -1.0472E-02
  4.6996E+02  2.7397E-02 -1.0469E-02
  4.7093E+02  2.7357E-02 -1.0467E-02
  4.7190E+02  2.7317E-02 -1.0465E-02
  4.7286E+02  2.7277E-02 -1.0462E-02
  4.7383E+02  2.7237E-02 -1.0460E-02
  4.7480E+02  2.7195E-02 -1.0458E-02
  4.7576E+02  2.7154E-02 -1.0456E-02
  4.7673E+02  2.7112E-02 -1.0454E-02
  4.7770E+02  2.7071E-02 -1.0452E-02
  4.7866E+02  2.7029E-02 -1.0449E-02
  4.7963E+02  2.6986E-02 -1.0447E-02
  4.8060E+02  2.6942E-02 -1.0445E-02
  4.8157E+02  2.6898E-02 -1.0444E-02
  4.8253E+02  2.6854E-02 -1.0442E-02
  4.8350E+02  2.6810E-02 -1.0440E-02
  4.8447E+02  2.6765E-02 -1.0438E-02
  4.8543E+02  2.6719E-02 -1.0436E-02
  4.8640E+02  2.6673E-02 -1.0433E-02
  4.8737E+02  2.6628E-02 -1.0431E-02
  4.8833E+02  2.6582E-02 -1.0429E-02
  4.8930E+02  2.6537E-02 -1.0427E-02
  4.9027E+02  2.6492E-02 -1.0424E-02
  4.9124E+02  2.6448E-02 -1.0421E-02
  4.9220E+02  2.6404E-02 -1.0419E-02
  4.9317E+02  2.6362E-02 -1.0416E-02
  4.9414E+02  2.6320E-02 -1.0412E-02
  4.9510E+02  2.6280E-02 -1.0409E-02
  4.9607E+02  2.6240E-02 -1.0406E-02
  4.9704E+02  2.6201E-02 -1.0402E-02
  4.9800E+02  2.6164E-02 -1.0398E-02
  4.9897E+02  2.6127E-02 -1.0394E-02
  4.9994E+02  2.6091E-02 -1.0390E-02
  5.0091E+02  2.6056E-02 -1.0385E-02
  5.0187E+02  2.6021E-02 -1.0381E-02
  5.0284E+02  2.5987E-02 -1.0376E-02
  5.0381E+02  2.5952E-02 -1.0371E-02
  5.0477E+02  2.5919E-02 -1.0366E-02
  5.0574E+02  2.5885E-02 -1.0361E-02
  5.0671E+02  2.5850E-02 -1.0355E-02
  5.0767E+02  2.5815E-02 -1.0350E-02
  5.0864E+02  2.5780E-02 -1.0345E-02
  5.0961E+02  2.5744E-02 -1.0340E-02
  5.1058E+02  2.5708E-02 -1.0335E-02
  5.1154E+02  2.5671E-02 -1.0330E-02
  5.1251E+02  2.5633E-02 -1.0325E-02
  5.1348E+02  2.5594E-02 -1.0321E-02
  5.1444E+02  2.5555E-02 -1.0316E-02
  5.1541E+02  2.5515E-02 -1.0312E-02
  5.1638E+02  2.5474E-02 -1.0308E-02
  5.1734E+02  2.5433E-02 -1.0304E-02
  5.1831E+02  2.5391E-02 -1.0300E-02
  5.1928E+02  2.5349E-02 -1.0296E-02
  5.2025E+02  2.5307E-02 -1.0292E-02
  5.2121E+02  2.5264E-02 -1.0288E-02
  5.2218E+02  2.5222E-02 -1.0285E-02
  5.2315E+02  2.5179E-02 -1.0281E-02
  5.2411E+02  2.5136E-02 -1.0277E-02
  5.2508E+02  2.5094E-02 -1.0274E-02
  5.2605E+02  2.5051E-02 -1.0270E-02
  5.2702E+02  2.5009E-02 -1.0266E-02
  5.2798E+02  2.4967E-02 -1.0261E-02
  5.2895E+02  2.4925E-02 -1.0257E-02
  5.2992E+02  2.4884E-02 -1.0252E-02
  5.3088E+02  2.4844E-02 -1.0247E-02
  5.3185E+02  2.4803E-02 -1.0242E-02
  5.3282E+02  2.4764E-02 -1.0237E-02
  5.3378E+02  2.4724E-02 -1.0231E-02
  5.3475E+02  2.4686E-02 -1.0225E-02
  5.3572E+02  2.4647E-02 -1.0220E-02
  5.3669E+02  2.4609E-02 -1.0214E-02
  5.3765E+02  2.4572E-02 -1.0208E-02
  5.3862E+02  2.4535E-02 -1.0202E-02
  5.3959E+02  2.4499E-02 -1.0196E-02
  5.4055E+02  2.4462E-02 -1.0190E-02
  5.4152E+02  2.4426E-02 -1.0184E-02
  5.4249E+02  2.4391E-02 -1.0178E-02
  5.4345E+02  2.4355E-02 -1.0172E-02
  5.4442E+02  2.4320E-02 -1.0166E-02
  5.4539E+02  2.4285E-02 -1.0160E-02
  5.4636E+02  2.4250E-02 -1.0155E-02
  5.4732E+02  2.4215E-02 -1.0149E-02
  5.4829E+02  2.4181E-02 -1.0143E-02
  5.4926E+02  2.4148E-02 -1.0138E-02
  5.5022E+02  2.4114E-02 -1.0132E-02
  5.5119E+02  2.4081E-02 -1.0127E-02
  5.5216E+02  2.4048E-02 -1.0121E-02
  5.5312E+02  2.4015E-02 -1.0116E-02
  5.5409E+02  2.3983E-02 -1.0110E-02
  5.5506E+02  2.3950E-02 -1.0104E-02
  5.5603E+02  2.3919E-02 -1.0099E-02
  5.5699E+02  2.3887E-02 -1.0093E-02
  5.5796E+02  2.3855E-02 -1.0087E-02
  5.5893E+02  2.3823E-02 -1.0081E-02
  5.5989E+02  2.3791E-02 -1.0075E-02
  5.6086E+02  2.3760E-02 -1.0068E-02
  5.6183E+02  2.3728E-02 -1.0062E-02
  5.6279E+02  2.3696E-02 -1.0055E-02
  5.6376E+02  2.3664E-02 -1.0049E-02
  5.6473E+02  2.3632E-02 -1.0042E-02
  5.6570E+02  2.3600E-02 -1.0035E-02
  5.6666E+02  2.3568E-02 -1.0028E-02
  5.6763E+02  2.3536E-02 -1.0021E-02
  5.6860E+02  2.3504E-02 -1.0014E-02
  5.6956E+02  2.3472E-02 -1.0008E-02
  5.7053E+02  2.3440E-02 -1.0001E-02
  5.7150E+02  2.3408E-02 -9.9936E-03
  5.7246E+02  2.3376E-02 -9.9867E-03
  5.7343E+02  2.3345E-02 -9.9798E-03
  5.7440E+02  2.3313E-02 -9.9729E-03
  5.7537E+02  2.3281E-02 -9.9661E-03
  5.7633E+02  2.3249E-02 -9.9593E-03
  5.7730E+02  2.3218E-02 -9.9525E-03
  5.7827E+02  2.3186E-02 -9.9457E-03
  5.7923E+02  2.3155E-02 -9.9390E-03
  5.8020E+02  2.3124E-02 -9.9324E-03
  5.8117E+02  2.3093E-02 -9.9258E-03
  5.8213E+02  2.3062E-02 -9.9191E-03
  5.8310E+02  2.3031E-02 -9.9124E-03
  5.8407E+02  2.3000E-02 -9.9057E-03
  5.8504E+02  2.2970E-02 -9.8991E-03
  5.8600E+02  2.2939E-02 -9.8925E-03
  5.8697E+02  2.2909E-02 -9.8858E-03
  5.8794E+02  2.2880E-02 -9.8791E-03
  5.8890E+02  2.2850E-02 -9.8723E-03
  5.8987E+02  2.2821E-02 -9.8656E-03
  5.9084E+02  2.2792E-02 -9.8588E-03
  5.9180E+02  2.2763E-02 -9.8520E-03
  5.9277E+02  2.2735E-02 -9.8451E-03
  5.9374E+02  2.2707E-02 -9.8383E-03
  5.9471E+02  2.2679E-02 -9.8314E-03
  5.9567E+02  2.2651E-02 -9.8244E-03
  5.9664E+02  2.2624E-02 -9.8175E-03
  5.9761E+02  2.2597E-02 -9.8105E-03
  5.9857E+02  2.2569E-02 -9.8035E-03
  5.9954E+02  2.2543E-02 -9.7965E-03
  6.0051E+02  2.2516E-02 -9.7895E-03
  6.0147E+02  2.2489E-02 -9.7824E-03
  6.0244E+02  2.2462E-02 -9.7753E-03
  6.0341E+02  2.2436E-02 -9.7683E-03
  6.0438E+02  2.2410E-02 -9.7613E-03
  6.0534E+02  2.2383E-02 -9.7543E-03
  6.0631E+02  2.2357E-02 -9.7473E-03
  6.0728E+02  2.2330E-02 -9.7404E-03
  6.0824E+02  2.2304E-02 -9.7335E-03
  6.0921E+02  2.2278E-02 -9.7267E-03
  6.1018E+02  2.2252E-02 -9.7199E-03
  6.1114E+02  2.2226E-02 -9.7132E-03
  6.1211E+02  2.2200E-02 -9.7066E-03
  6.1308E+02  2.2174E-02 -9.7000E-03
  6.1405E+02  2.2149E-02 -9.6935E-03
  6.1501E+02  2.2123E-02 -9.6870E-03
  6.1598E+02  2.2098E-02 -9.6806E-03
  6.1695E+02  2.2072E-02 -9.6742E-03
  6.1791E+02  2.2047E-02 -9.6680E-03
  6.1888E+02  2.2022E-02 -9.6617E-03
  6.1985E+02  2.1996E-02 -9.6554E-03
  6.2081E+02  2.1971E-02 -9.6492E-03
  6.2178E+02  2.1946E-02 -9.6429E-03
  6.2275E+02  2.1921E-02 -9.6368E-03
  6.2372E+02  2.1896E-02 -9.6306E-03
  6.2468E+02  2.1871E-02 -9.6244E-03
  6.2565E+02  2.1846E-02 -9.6182E-03
  6.2662E+02  2.1821E-02 -9.6119E-03
  6.2758E+02  2.1796E-02 -9.6057E-03
  6.2855E+02  2.1771E-02 -9.5994E-03
  6.2952E+02  2.1746E-02 -9.5930E-03
  6.3048E+02  2.1721E-02 -9.5866E-03
  6.3145E+02  2.1696E-02 -9.5801E-03
  6.3242E+02  2.1671E-02 -9.5736E-03
  6.3339E+02  2.1646E-02 -9.5669E-03
  6.3435E+02  2.1621E-02 -9.5601E-03
  6.3532E+02  2.1596E-02 -9.5532E-03
  6.3629E+02  2.1572E-02 -9.5462E-03
  6.3725E+02  2.1547E-02 -9.5391E-03
  6.3822E+02  2.1522E-02 -9.5319E-03
  6.3919E+02  2.1498E-02 -9.5245E-03
  6.4015E+02  2.1474E-02 -9.5171E-03
  6.4112E+02  2.1450E-02 -9.5096E-03
  6.4209E+02  2.1426E-02 -9.5020E-03
  6.4306E+02  2.1402E-02 -9.4943E-03
  6.4402E+02  2.1379E-02 -9.4866E-03
  6.4499E+02  2.1355E-02 -9.4789E-03
  6.4596E+02  2.1332E-02 -9.4712E-03
  6.4692E+02  2.1309E-02 -9.4635E-03
  6.4789E+02  2.1286E-02 -9.4558E-03
  6.4886E+02  2.1263E-02 -9.4481E-03
  6.4982E+02  2.1240E-02 -9.4405E-03
  6.5079E+02  2.1217E-02 -9.4329E-03
  6.5176E+02  2.1194E-02 -9.4254E-03
  6.5273E+02  2.1172E-02 -9.4180E-03
  6.5369E+02  2.1149E-02 -9.4107E-03
  6.5466E+02  2.1126E-02 -9.4035E-03
  6.5563E+02  2.1103E-02 -9.3963E-03
  6.5659E+02  2.1080E-02 -9.3893E-03
  6.5756E+02  2.1057E-02 -9.3824E-03
  6.5853E+02  2.1034E-02 -9.3755E-03
  6.5949E+02  2.1012E-02 -9.3687E-03
  6.6046E+02  2.0989E-02 -9.3620E-03
  6.6143E+02  2.0966E-02 -9.3554E-03
  6.6240E+02  2.0943E-02 -9.3488E-03
  6.6336E+02  2.0921E-02 -9.3423E-03
  6.6433E+02  2.0898E-02 -9.3357E-03
  6.6530E+02  2.0876E-02 -9.3292E-03
  6.6626E+02  2.0853E-02 -9.3226E-03
  6.6723E+02  2.0831E-02 -9.3161E-03
  6.6820E+02  2.0809E-02 -9.3096E-03
  6.6916E+02  2.0787E-02 -9.3030E-03
  6.7013E+02  2.0765E-02 -9.2963E-03
  6.7110E+02  2.0744E-02 -9.2897E-03
  6.7207E+02  2.0722E-02 -9.2830E-03
  6.7303E+02  2.0700E-02 -9.2763E-03
  6.7400E+02  2.0679E-02 -9.2695E-03
  6.7497E+02  2.0657E-02 -9.2628E-03
  6.7593E+02  2.0636E-02 -9.2560E-03
  6.7690E+02  2.0615E-02 -9.2492E-03
  6.7787E+02  2.0593E-02 -9.2424E-03
  6.7883E+02  2.0572E-02 -9.2357E-03
  6.7980E+02  2.0551E-02 -9.2289E-03
  6.8077E+02  2.0529E-02 -9.2222E-03
  6.8174E+02  2.0508E-02 -9.2156E-03
  6.8270E+02  2.0487E-02 -9.2090E-03
  6.8367E+02  2.0465E-02 -9.2024E-03
  6.8464E+02  2.0444E-02 -9.1959E-03
  6.8560E+02  2.0423E-02 -9.1894E-03
  6.8657E+02  2.0401E-02 -9.1830E-03
  6.8754E+02  2.0380E-02 -9.1766E-03
  6.8850E+02  2.0358E-02 -9.1702E-03
  6.8947E+02  2.0337E-02 -9.1639E-03
  6.9044E+02  2.0316E-02 -9.1575E-03
  6.9141E+02  2.0295E-02 -9.1512E-03
  6.9237E+02  2.0273E-02 -9.1448E-03
  6.9334E+02  2.0252E-02 -9.1385E-03
  6.9431E+02  2.0231E-02 -9.1321E-03
  6.9527E+02  2.0211E-02 -9.1258E-03
  6.9624E+02  2.0190E-02 -9.1193E-03
  6.9721E+02  2.0169E-02 -9.1129E-03
  6.9817E+02  2.0149E-02 -9.1064E-03
  6.9914E+02  2.0129E-02 -9.0999E-03
  7.0011E+02  2.0108E-02 -9.0933E-03
  7.0108E+02  2.0088E-02 -9.0867E-03
  7.0204E+02  2.0068E-02 -9.0801E-03
  7.0301E+02  2.0049E-02 -9.0734E-03
  7.0398E+02  2.0029E-02 -9.0667E-03
  7.0494E+02  2.0009E-02 -9.0599E-03
  7.0591E+02  1.9990E-02 -9.0531E-03
  7.0688E+02  1.9971E-02 -9.0463E-03
  7.0784E+02  1.9952E-02 -9.0395E-03
  7.0881E+02  1.9932E-02 -9.0326E-03
  7.0978E+02  1.9913E-02 -9.0257E-03
  7.1075E+02  1.9894E-02 -9.0189E-03
  7.1171E+02  1.9875E-02 -9.0120E-03
  7.1268E+02  1.9856E-02 -9.0052E-03
  7.1365E+02  1.9838E-02 -8.9984E-03
  7.1461E+02  1.9819E-02 -8.9917E-03
  7.1558E+02  1.9800E-02 -8.9849E-03
  7.1655E+02  1.9781E-02 -8.9783E-03
  7.1751E+02  1.9763E-02 -8.9717E-03
  7.1848E+02  1.9744E-02 -8.9652E-03
  7.1945E+02  1.9725E-02 -8.9587E-03
  7.2042E+02  1.9707E-02 -8.9524E-03
  7.2138E+02  1.9688E-02 -8.9461E-03
  7.2235E+02  1.9670E-02 -8.9399E-03
  7.2332E+02  1.9652E-02 -8.9338E-03
  7.2428E+02  1.9633E-02 -8.9277E-03
  7.2525E+02  1.9615E-02 -8.9218E-03
  7.2622E+02  1.9597E-02 -8.9159E-03
  7.2718E+02  1.9579E-02 -8.9101E-03
  7.2815E+02  1.9561E-02 -8.9044E-03
  7.2912E+02  1.9543E-02 -8.8988E-03
  7.3009E+02  1.9525E-02 -8.8932E-03
  7.3105E+02  1.9507E-02 -8.8877E-03
  7.3202E+02  1.9489E-02 -8.8823E-03
  7.3299E+02  1.9471E-02 -8.8769E-03
  7.3395E+02  1.9454E-02 -8.8716E-03
  7.3492E+02  1.9436E-02 -8.8663E-03
  7.3589E+02  1.9419E-02 -8.8610E-03
  7.3685E+02  1.9401E-02 -8.8558E-03
  7.3782E+02  1.9384E-02 -8.8505E-03
  7.3879E+02  1.9367E-02 -8.8453E-03
  7.3976E+02  1.9349E-02 -8.8401E-03
  7.4072E+02  1.9332E-02 -8.8348E-03
  7.4169E+02  1.9315E-02 -8.8296E-03
  7.4266E+02  1.9298E-02 -8.8243E-03
  7.4362E+02  1.9280E-02 -8.8190E-03
  7.4459E+02  1.9263E-02 -8.8137E-03
  7.4556E+02  1.9246E-02 -8.8083E-03
  7.4652E+02  1.9229E-02 -8.8029E-03
  7.4749E+02  1.9212E-02 -8.7974E-03
  7.4846E+02  1.9195E-02 -8.7919E-03
  7.4943E+02  1.9178E-02 -8.7864E-03
  7.5039E+02  1.9161E-02 -8.7808E-03
  7.5136E+02  1.9145E-02 -8.7752E-03
  7.5233E+02  1.9128E-02 -8.7696E-03
  7.5329E+02  1.9111E-02 -8.7639E-03
  7.5426E+02  1.9094E-02 -8.7583E-03
  7.5523E+02  1.9078E-02 -8.7526E-03
  7.5619E+02  1.9061E-02 -8.7469E-03
  7.5716E+02  1.9045E-02 -8.7412E-03
  7.5813E+02  1.9028E-02 -8.7355E-03
  7.5910E+02  1.9012E-02 -8.7298E-03
  7.6006E+02  1.8996E-02 -8.7241E-03
  7.6103E+02  1.8980E-02 -8.7185E-03
  7.6200E+02  1.8964E-02 -8.7128E-03
  7.6296E+02  1.8948E-02 -8.7072E-03
  7.6393E+02  1.8932E-02 -8.7016E-03
  7.6490E+02  1.8916E-02 -8.6960E-03
  7.6586E+02  1.8901E-02 -8.6905E-03
  7.6683E+02  1.8885E-02 -8.6850E-03
  7.6780E+02  1.8869E-02 -8.6795E-03
  7.6877E+02  1.8854E-02 -8.6740E-03
  7.6973E+02  1.8839E-02 -8.6686E-03
  7.7070E+02  1.8823E-02 -8.6632E-03
  7.7167E+02  1.8808E-02 -8.6579E-03
  7.7263E+02  1.8793E-02 -8.6526E-03
  7.7360E+02  1.8778E-02 -8.6474E-03
  7.7457E+02  1.8763E-02 -8.6422E-03
  7.7553E+02  1.8747E-02 -8.6370E-03
  7.7650E+02  1.8732E-02 -8.6319E-03
  7.7747E+02  1.8717E-02 -8.6269E-03
  7.7844E+02  1.8702E-02 -8.6219E-03
  7.7940E+02  1.8687E-02 -8.6170E-03
  7.8037E+02  1.8672E-02 -8.6121E-03
  7.8134E+02  1.8657E-02 -8.6073E-03
  7.8230E+02  1.8642E-02 -8.6026E-03
  7.8327E+02  1.8627E-02 -8.5979E-03
  7.8424E+02  1.8612E-02 -8.5934E-03
  7.8520E+02  1.8598E-02 -8.5889E-03
  7.8617E+02  1.8583E-02 -8.5846E-03
  7.8714E+02  1.8568E-02 -8.5803E-03
  7.8811E+02  1.8553E-02 -8.5761E-03
  7.8907E+02  1.8539E-02 -8.5720E-03
  7.9004E+02  1.8524E-02 -8.5681E-03
  7.9101E+02  1.8510E-02 -8.5642E-03
  7.9197E+02  1.8495E-02 -8.5604E-03
  7.9294E+02  1.8481E-02 -8.5567E-03
  7.9391E+02  1.8467E-02 -8.5530E-03
  7.9487E+02  1.8452E-02 -8.5494E-03
  7.9584E+02  1.8438E-02 -8.5459E-03
  7.9681E+02  1.8424E-02 -8.5424E-03
  7.9778E+02  1.8410E-02 -8.5389E-03
  7.9874E+02  1.8396E-02 -8.5354E-03
  7.9971E+02  1.8382E-02 -8.5319E-03
  8.0068E+02  1.8368E-02 -8.5284E-03
  8.0164E+02  1.8355E-02 -8.5249E-03
  8.0261E+02  1.8341E-02 -8.5213E-03
  8.0358E+02  1.8327E-02 -8.5177E-03
  8.0454E+02  1.8314E-02 -8.5141E-03
  8.0551E+02  1.8300E-02 -8.5103E-03
  8.0648E+02  1.8287E-02 -8.5065E-03
  8.0745E+02  1.8273E-02 -8.5027E-03
  8.0841E+02  1.8260E-02 -8.4987E-03
  8.0938E+02  1.8246E-02 -8.4948E-03
  8.1035E+02  1.8233E-02 -8.4907E-03
  8.1131E+02  1.8219E-02 -8.4867E-03
  8.1228E+02  1.8206E-02 -8.4825E-03
  8.1325E+02  1.8193E-02 -8.4784E-03
  8.1421E+02  1.8179E-02 -8.4742E-03
  8.1518E+02  1.8166E-02 -8.4701E-03
  8.1615E+02  1.8153E-02 -8.4659E-03
  8.1712E+02  1.8140E-02 -8.4618E-03
  8.1808E+02  1.8127E-02 -8.4576E-03
  8.1905E+02  1.8113E-02 -8.4535E-03
  8.2002E+02  1.8100E-02 -8.4495E-03
  8.2098E+02  1.8087E-02 -8.4455E-03
  8.2195E+02  1.8074E-02 -8.4416E-03
  8.2292E+02  1.8061E-02 -8.4377E-03
  8.2388E+02  1.8048E-02 -8.4339E-03
  8.2485E+02  1.8036E-02 -8.4302E-03
  8.2582E+02  1.8023E-02 -8.4265E-03
  8.2679E+02  1.8010E-02 -8.4230E-03
  8.2775E+02  1.7997E-02 -8.4195E-03
  8.2872E+02  1.7985E-02 -8.4161E-03
  8.2969E+02  1.7972E-02 -8.4128E-03
  8.3065E+02  1.7959E-02 -8.4095E-03
  8.3162E+02  1.7947E-02 -8.4063E-03
  8.3259E+02  1.7934E-02 -8.4032E-03
  8.3355E+02  1.7922E-02 -8.4002E-03
  8.3452E+02  1.7909E-02 -8.3972E-03
  8.3549E+02  1.7897E-02 -8.3942E-03
  8.3646E+02  1.7885E-02 -8.3913E-03
  8.3742E+02  1.7872E-02 -8.3885E-03
  8.3839E+02  1.7860E-02 -8.3856E-03
  8.3936E+02  1.7848E-02 -8.3828E-03
  8.4032E+02  1.7836E-02 -8.3800E-03
  8.4129E+02  1.7824E-02 -8.3773E-03
  8.4226E+02  1.7811E-02 -8.3745E-03
  8.4322E+02  1.7799E-02 -8.3717E-03
  8.4419E+02  1.7787E-02 -8.3690E-03
  8.4516E+02  1.7775E-02 -8.3663E-03
  8.4613E+02  1.7763E-02 -8.3635E-03
  8.4709E+02  1.7751E-02 -8.3608E-03
  8.4806E+02  1.7739E-02 -8.3580E-03
  8.4903E+02  1.7727E-02 -8.3553E-03
  8.4999E+02  1.7716E-02 -8.3526E-03
  8.5096E+02  1.7704E-02 -8.3499E-03
  8.5193E+02  1.7692E-02 -8.3472E-03
  8.5289E+02  1.7680E-02 -8.3445E-03
  8.5386E+02  1.7668E-02 -8.3418E-03
  8.5483E+02  1.7657E-02 -8.3392E-03
  8.5580E+02  1.7645E-02 -8.3366E-03
  8.5676E+02  1.7633E-02 -8.3340E-03
  8.5773E+02  1.7622E-02 -8.3314E-03
  8.5870E+02  1.7610E-02 -8.3289E-03
  8.5966E+02  1.7599E-02 -8.3264E-03
  8.6063E+02  1.7587E-02 -8.3240E-03
  8.6160E+02  1.7576E-02 -8.3216E-03
  8.6256E+02  1.7565E-02 -8.3192E-03
  8.6353E+02  1.7553E-02 -8.3169E-03
  8.6450E+02  1.7542E-02 -8.3147E-03
  8.6547E+02  1.7531E-02 -8.3125E-03
  8.6643E+02  1.7519E-02 -8.3104E-03
  8.6740E+02  1.7508E-02 -8.3083E-03
  8.6837E+02  1.7497E-02 -8.3063E-03
  8.6933E+02  1.7486E-02 -8.3043E-03
  8.7030E+02  1.7474E-02 -8.3024E-03
  8.7127E+02  1.7463E-02 -8.3005E-03
  8.7223E+02  1.7452E-02 -8.2986E-03
  8.7320E+02  1.7441E-02 -8.2969E-03
  8.7417E+02  1.7430E-02 -8.2951E-03
  8.7514E+02  1.7419E-02 -8.2934E-03
  8.7610E+02  1.7408E-02 -8.2917E-03
  8.7707E+02  1.7397E-02 -8.2901E-03
  8.7804E+02  1.7386E-02 -8.2885E-03
  8.7900E+02  1.7375E-02 -8.2869E-03
  8.7997E+02  1.7364E-02 -8.2853E-03
  8.8094E+02  1.7353E-02 -8.2838E-03
  8.8190E+02  1.7342E-02 -8.2823E-03
  8.8287E+02  1.7331E-02 -8.2808E-03
  8.8384E+02  1.7320E-02 -8.2794E-03
  8.8481E+02  1.7309E-02 -8.2779E-03
  8.8577E+02  1.7298E-02 -8.2765E-03
  8.8674E+02  1.7287E-02 -8.2751E-03
  8.8771E+02  1.7276E-02 -8.2737E-03
  8.8867E+02  1.7266E-02 -8.2723E-03
  8.8964E+02  1.7255E-02 -8.2710E-03
  8.9061E+02  1.7244E-02 -8.2697E-03
  8.9157E+02  1.7233E-02 -8.2683E-03
  8.9254E+02  1.7223E-02 -8.2670E-03
  8.9351E+02  1.7212E-02 -8.2657E-03
  8.9448E+02  1.7201E-02 -8.2645E-03
  8.9544E+02  1.7191E-02 -8.2632E-03
  8.9641E+02  1.7180E-02 -8.2620E-03
  8.9738E+02  1.7170E-02 -8.2608E-03
  8.9834E+02  1.7159E-02 -8.2596E-03
  8.9931E+02  1.7149E-02 -8.2585E-03
  9.0028E+02  1.7138E-02 -8.2573E-03
  9.0124E+02  1.7128E-02 -8.2562E-03
  9.0221E+02  1.7117E-02 -8.2551E-03
  9.0318E+02  1.7107E-02 -8.2541E-03
  9.0415E+02  1.7097E-02 -8.2531E-03
  9.0511E+02  1.7086E-02 -8.2521E-03
  9.0608E+02  1.7076E-02 -8.2511E-03
  9.0705E+02  1.7066E-02 -8.2501E-03
  9.0801E+02  1.7055E-02 -8.2492E-03
  9.0898E+02  1.7045E-02 -8.2483E-03
  9.0995E+02  1.7035E-02 -8.2475E-03
  9.1091E+02  1.7024E-02 -8.2466E-03
  9.1188E+02  1.7014E-02 -8.2458E-03
  9.1285E+02  1.7004E-02 -8.2451E-03
  9.1382E+02  1.6994E-02 -8.2443E-03
  9.1478E+02  1.6984E-02 -8.2436E-03
  9.1575E+02  1.6973E-02 -8.2429E-03
  9.1672E+02  1.6963E-02 -8.2423E-03
  9.1768E+02  1.6953E-02 -8.2417E-03
  9.1865E+02  1.6943E-02 -8.2411E-03
  9.1962E+02  1.6933E-02 -8.2405E-03
  9.2058E+02  1.6923E-02 -8.2400E-03
  9.2155E+02  1.6913E-02 -8.2396E-03
  9.2252E+02  1.6903E-02 -8.2391E-03
  9.2349E+02  1.6893E-02 -8.2388E-03
  9.2445E+02  1.6883E-02 -8.2384E-03
  9.2542E+02  1.6873E-02 -8.2381E-03
  9.2639E+02  1.6863E-02 -8.2379E-03
  9.2735E+02  1.6853E-02 -8.2377E-03
  9.2832E+02  1.6843E-02 -8.2375E-03
  9.2929E+02  1.6833E-02 -8.2374E-03
  9.3025E+02  1.6823E-02 -8.2373E-03
  9.3122E+02  1.6814E-02 -8.2373E-03
  9.3219E+02  1.6804E-02 -8.2373E-03
  9.3316E+02  1.6794E-02 -8.2374E-03
  9.3412E+02  1.6784E-02 -8.2375E-03
  9.3509E+02  1.6774E-02 -8.2376E-03
  9.3606E+02  1.6764E-02 -8.2377E-03
  9.3702E+02  1.6755E-02 -8.2379E-03
  9.3799E+02  1.6745E-02 -8.2381E-03
  9.3896E+02  1.6735E-02 -8.2383E-03
  9.3992E+02  1.6725E-02 -8.2386E-03
  9.4089E+02  1.6716E-02 -8.2388E-03
  9.4186E+02  1.6706E-02 -8.2391E-03
  9.4283E+02  1.6696E-02 -8.2394E-03
  9.4379E+02  1.6686E-02 -8.2397E-03
  9.4476E+02  1.6677E-02 -8.2400E-03
  9.4573E+02  1.6667E-02 -8.2403E-03
  9.4669E+02  1.6657E-02 -8.2406E-03
  9.4766E+02  1.6648E-02 -8.2410E-03
  9.4863E+02  1.6638E-02 -8.2413E-03
  9.4959E+02  1.6628E-02 -8.2416E-03
  9.5056E+02  1.6619E-02 -8.2420E-03
  9.5153E+02  1.6609E-02 -8.2424E-03
  9.5250E+02  1.6599E-02 -8.2427E-03
  9.5346E+02  1.6590E-02 -8.2431E-03
  9.5443E+02  1.6580E-02 -8.2436E-03
  9.5540E+02  1.6570E-02 -8.2440E-03
  9.5636E+02  1.6561E-02 -8.2444E-03
  9.5733E+02  1.6551E-02 -8.2449E-03
  9.5830E+02  1.6542E-02 -8.2454E-03
  9.5926E+02  1.6532E-02 -8.2460E-03
  9.6023E+02  1.6522E-02 -8.2465E-03
  9.6120E+02  1.6513E-02 -8.2471E-03
  9.6217E+02  1.6503E-02 -8.2478E-03
  9.6313E+02  1.6494E-02 -8.2484E-03
  9.6410E+02  1.6484E-02 -8.2491E-03
  9.6507E+02  1.6475E-02 -8.2499E-03
  9.6603E+02  1.6466E-02 -8.2507E-03
  9.6700E+02  1.6456E-02 -8.2515E-03
  9.6797E+02  1.6447E-02 -8.2523E-03
  9.6893E+02  1.6437E-02 -8.2532E-03
  9.6990E+02  1.6428E-02 -8.2541E-03
  9.7087E+02  1.6419E-02 -8.2551E-03
  9.7184E+02  1.6409E-02 -8.2561E-03
  9.7280E+02  1.6400E-02 -8.2571E-03
  9.7377E+02  1.6391E-02 -8.2582E-03
  9.7474E+02  1.6381E-02 -8.2592E-03
  9.7570E+02  1.6372E-02 -8.2603E-03
  9.7667E+02  1.6363E-02 -8.2615E-03
  9.7764E+02  1.6353E-02 -8.2626E-03
  9.7860E+02  1.6344E-02 -8.2638E-03
  9.7957E+02  1.6335E-02 -8.2650E-03
  9.8054E+02  1.6326E-02 -8.2662E-03
  9.8151E+02  1.6316E-02 -8.2674E-03
  9.8247E+02  1.6307E-02 -8.2686E-03
  9.8344E+02  1.6298E-02 -8.2699E-03
  9.8441E+02  1.6288E-02 -8.2712E-03
  9.8537E+02  1.6279E-02 -8.2725E-03
  9.8634E+02  1.6270E-02 -8.2738E-03
  9.8731E+02  1.6261E-02 -8.2752E-03
  9.8827E+02  1.6251E-02 -8.2765E-03
  9.8924E+02  1.6242E-02 -8.2779E-03
  9.9021E+02  1.6233E-02 -8.2794E-03
  9.9118E+02  1.6224E-02 -8.2808E-03
  9.9214E+02  1.6214E-02 -8.2823E-03
  9.9311E+02  1.6205E-02 -8.2838E-03
  9.9408E+02  1.6196E-02 -8.2854E-03
  9.9504E+02  1.6186E-02 -8.2869E-03
  9.9601E+02  1.6177E-02 -8.2886E-03
  9.9698E+02  1.6168E-02 -8.2902E-03
  9.9794E+02  1.6159E-02 -8.2919E-03
  9.9891E+02  1.6149E-02 -8.2936E-03
  9.9988E+02  1.6140E-02 -8.2954E-03
  1.0008E+03  1.6131E-02 -8.2972E-03
  1.0018E+03  1.6122E-02 -8.2990E-03
  1.0028E+03  1.6112E-02 -8.3009E-03
  1.0037E+03  1.6103E-02 -8.3028E-03
  1.0047E+03  1.6094E-02 -8.3047E-03
  1.0057E+03  1.6085E-02 -8.3067E-03
  1.0066E+03  1.6075E-02 -8.3086E-03
  1.0076E+03  1.6066E-02 -8.3106E-03
  1.0086E+03  1.6057E-02 -8.3127E-03
  1.0095E+03  1.6048E-02 -8.3147E-03
  1.0105E+03  1.6039E-02 -8.3168E-03
  1.0115E+03  1.6030E-02 -8.3189E-03
  1.0124E+03  1.6020E-02 -8.3210E-03
  1.0134E+03  1.6011E-02 -8.3231E-03
  1.0144E+03  1.6002E-02 -8.3253E-03
  1.0154E+03  1.5993E-02 -8.3274E-03
  1.0163E+03  1.5984E-02 -8.3296E-03
  1.0173E+03  1.5975E-02 -8.3317E-03
  1.0183E+03  1.5965E-02 -8.3339E-03
  1.0192E+03  1.5956E-02 -8.3361E-03
  1.0202E+03  1.5947E-02 -8.3383E-03
  1.0212E+03  1.5938E-02 -8.3405E-03
  1.0221E+03  1.5929E-02 -8.3428E-03
  1.0231E+03  1.5920E-02 -8.3450E-03
  1.0241E+03  1.5911E-02 -8.3472E-03
  1.0250E+03  1.5902E-02 -8.3495E-03
  1.0260E+03  1.5893E-02 -8.3518E-03
  1.0270E+03  1.5883E-02 -8.3541E-03
  1.0279E+03  1.5874E-02 -8.3564E-03
  1.0289E+03  1.5865E-02 -8.3587E-03
  1.0299E+03  1.5856E-02 -8.3611E-03
  1.0308E+03  1.5847E-02 -8.3635E-03
  1.0318E+03  1.5838E-02 -8.3659E-03
  1.0328E+03  1.5829E-02 -8.3683E-03
  1.0337E+03  1.5820E-02 -8.3707E-03
  1.0347E+03  1.5811E-02 -8.3732E-03
  1.0357E+03  1.5802E-02 -8.3757E-03
  1.0366E+03  1.5792E-02 -8.3782E-03
  1.0376E+03  1.5783E-02 -8.3808E-03
  1.0386E+03  1.5774E-02 -8.3833E-03
  1.0395E+03  1.5765E-02 -8.3859E-03
  1.0405E+03  1.5756E-02 -8.3886E-03
  1.0415E+03  1.5747E-02 -8.3912E-03
  1.0424E+03  1.5738E-02 -8.3939E-03
  1.0434E+03  1.5729E-02 -8.3966E-03
  1.0444E+03  1.5720E-02 -8.3993E-03
  1.0453E+03  1.5711E-02 -8.4021E-03
  1.0463E+03  1.5701E-02 -8.4048E-03
  1.0473E+03  1.5692E-02 -8.4076E-03
  1.0482E+03  1.5683E-02 -8.4104E-03
  1.0492E+03  1.5674E-02 -8.4133E-03
  1.0502E+03  1.5665E-02 -8.4161E-03
  1.0511E+03  1.5656E-02 -8.4190E-03
  1.0521E+03  1.5647E-02 -8.4219E-03
  1.0531E+03  1.5638E-02 -8.4248E-03
  1.0540E+03  1.5628E-02 -8.4277E-03
  1.0550E+03  1.5619E-02 -8.4307E-03
  1.0560E+03  1.5610E-02 -8.4336E-03
  1.0569E+03  1.5601E-02 -8.4366E-03
  1.0579E+03  1.5592E-02 -8.4396E-03
  1.0589E+03  1.5583E-02 -8.4426E-03
  1.0598E+03  1.5574E-02 -8.4457E-03
  1.0608E+03  1.5564E-02 -8.4487E-03
  1.0618E+03  1.5555E-02 -8.4518E-03
  1.0627E+03  1.5546E-02 -8.4549E-03
  1.0637E+03  1.5537E-02 -8.4580E-03
  1.0647E+03  1.5528E-02 -8.4611E-03
  1.0656E+03  1.5518E-02 -8.4642E-03
  1.0666E+03  1.5509E-02 -8.4674E-03
  1.0676E+03  1.5500E-02 -8.4705E-03
  1.0685E+03  1.5491E-02 -8.4737E-03
  1.0695E+03  1.5482E-02 -8.4769E-03
  1.0705E+03  1.5473E-02 -8.4801E-03
  1.0714E+03  1.5463E-02 -8.4833E-03
  1.0724E+03  1.5454E-02 -8.4866E-03
  1.0734E+03  1.5445E-02 -8.4898E-03
  1.0743E+03  1.5436E-02 -8.4931E-03
  1.0753E+03  1.5426E-02 -8.4964E-03
  1.0763E+03  1.5417E-02 -8.4996E-03
  1.0772E+03  1.5408E-02 -8.5029E-03
  1.0782E+03  1.5399E-02 -8.5063E-03
  1.0792E+03  1.5389E-02 -8.5096E-03
  1.0801E+03  1.5380E-02 -8.5129E-03
  1.0811E+03  1.5371E-02 -8.5163E-03
  1.0821E+03  1.5362E-02 -8.5196E-03
  1.0830E+03  1.5352E-02 -8.5230E-03
  1.0840E+03  1.5343E-02 -8.5263E-03
  1.0850E+03  1.5334E-02 -8.5297E-03
  1.0859E+03  1.5324E-02 -8.5331E-03
  1.0869E+03  1.5315E-02 -8.5365E-03
  1.0879E+03  1.5306E-02 -8.5400E-03
  1.0888E+03  1.5297E-02 -8.5434E-03
  1.0898E+03  1.5287E-02 -8.5469E-03
  1.0908E+03  1.5278E-02 -8.5503E-03
  1.0917E+03  1.5269E-02 -8.5538E-03
  1.0927E+03  1.5259E-02 -8.5573E-03
  1.0937E+03  1.5250E-02 -8.5608E-03
  1.0946E+03  1.5241E-02 -8.5643E-03
  1.0956E+03  1.5231E-02 -8.5679E-03
  1.0966E+03  1.5222E-02 -8.5714E-03
  1.0975E+03  1.5213E-02 -8.5750E-03
  1.0985E+03  1.5204E-02 -8.5786E-03
  1.0995E+03  1.5194E-02 -8.5822E-03
  1.1004E+03  1.5185E-02 -8.5859E-03
  1.1014E+03  1.5176E-02 -8.5895E-03
  1.1024E+03  1.5166E-02 -8.5932E-03
  1.1033E+03  1.5157E-02 -8.5969E-03
  1.1043E+03  1.5148E-02 -8.6006E-03
  1.1053E+03  1.5138E-02 -8.6043E-03
  1.1062E+03  1.5129E-02 -8.6081E-03
  1.1072E+03  1.5120E-02 -8.6118E-03
  1.1082E+03  1.5110E-02 -8.6156E-03
  1.1091E+03  1.5101E-02 -8.6194E-03
  1.1101E+03  1.5092E-02 -8.6232E-03
  1.1111E+03  1.5082E-02 -8.6270E-03
  1.1121E+03  1.5073E-02 -8.6309E-03
  1.1130E+03  1.5063E-02 -8.6347E-03
  1.1140E+03  1.5054E-02 -8.6386E-03
  1.1150E+03  1.5045E-02 -8.6424E-03
  1.1159E+03  1.5035E-02 -8.6463E-03
  1.1169E+03  1.5026E-02 -8.6502E-03
  1.1179E+03  1.5016E-02 -8.6541E-03
  1.1188E+03  1.5007E-02 -8.6580E-03
  1.1198E+03  1.4997E-02 -8.6620E-03
  1.1208E+03  1.4988E-02 -8.6659E-03
  1.1217E+03  1.4978E-02 -8.6698E-03
  1.1227E+03  1.4969E-02 -8.6738E-03
  1.1237E+03  1.4959E-02 -8.6778E-03
  1.1246E+03  1.4950E-02 -8.6817E-03
  1.1256E+03  1.4940E-02 -8.6857E-03
  1.1266E+03  1.4931E-02 -8.6897E-03
  1.1275E+03  1.4921E-02 -8.6937E-03
  1.1285E+03  1.4912E-02 -8.6978E-03
  1.1295E+03  1.4902E-02 -8.7018E-03
  1.1304E+03  1.4893E-02 -8.7059E-03
  1.1314E+03  1.4883E-02 -8.7099E-03
  1.1324E+03  1.4873E-02 -8.7140E-03
  1.1333E+03  1.4864E-02 -8.7181E-03
  1.1343E+03  1.4854E-02 -8.7222E-03
  1.1353E+03  1.4845E-02 -8.7264E-03
  1.1362E+03  1.4835E-02 -8.7305E-03
  1.1372E+03  1.4825E-02 -8.7347E-03
  1.1382E+03  1.4816E-02 -8.7388E-03
  1.1391E+03  1.4806E-02 -8.7430E-03
  1.1401E+03  1.4796E-02 -8.7472E-03
  1.1411E+03  1.4787E-02 -8.7514E-03
  1.1420E+03  1.4777E-02 -8.7557E-03
  1.1430E+03  1.4767E-02 -8.7599E-03
  1.1440E+03  1.4757E-02 -8.7641E-03
  1.1449E+03  1.4748E-02 -8.7684E-03
  1.1459E+03  1.4738E-02 -8.7726E-03
  1.1469E+03  1.4728E-02 -8.7769E-03
  1.1478E+03  1.4719E-02 -8.7812E-03
  1.1488E+03  1.4709E-02 -8.7855E-03
  1.1498E+03  1.4699E-02 -8.7897E-03
  1.1507E+03  1.4689E-02 -8.7940E-03
  1.1517E+03  1.4679E-02 -8.7983E-03
  1.1527E+03  1.4670E-02 -8.8026E-03
  1.1536E+03  1.4660E-02 -8.8068E-03
  1.1546E+03  1.4650E-02 -8.8111E-03
  1.1556E+03  1.4640E-02 -8.8154E-03
  1.1565E+03  1.4631E-02 -8.8197E-03
  1.1575E+03  1.4621E-02 -8.8239E-03
  1.1585E+03  1.4611E-02 -8.8282E-03
  1.1594E+03  1.4601E-02 -8.8325E-03
  1.1604E+03  1.4591E-02 -8.8367E-03
  1.1614E+03  1.4581E-02 -8.8410E-03
  1.1623E+03  1.4572E-02 -8.8453E-03
  1.1633E+03  1.4562E-02 -8.8496E-03
  1.1643E+03  1.4552E-02 -8.8538E-03
  1.1652E+03  1.4542E-02 -8.8581E-03
  1.1662E+03  1.4532E-02 -8.8624E-03
  1.1672E+03  1.4522E-02 -8.8667E-03
  1.1681E+03  1.4512E-02 -8.8710E-03
  1.1691E+03  1.4502E-02 -8.8753E-03
  1.1701E+03  1.4493E-02 -8.8797E-03
  1.1710E+03  1.4483E-02 -8.8840E-03
  1.1720E+03  1.4473E-02 -8.8884E-03
  1.1730E+03  1.4463E-02 -8.8928E-03
  1.1739E+03  1.4453E-02 -8.8971E-03
  1.1749E+03  1.4443E-02 -8.9015E-03
  1.1759E+03  1.4433E-02 -8.9060E-03
  1.1768E+03  1.4423E-02 -8.9104E-03
  1.1778E+03  1.4413E-02 -8.9148E-03
  1.1788E+03  1.4403E-02 -8.9193E-03
  1.1797E+03  1.4393E-02 -8.9238E-03
  1.1807E+03  1.4383E-02 -8.9283E-03
  1.1817E+03  1.4373E-02 -8.9328E-03
  1.1826E+03  1.4363E-02 -8.9373E-03
  1.1836E+03  1.4353E-02 -8.9418E-03
  1.1846E+03  1.4342E-02 -8.9463E-03
  1.1855E+03  1.4332E-02 -8.9508E-03
  1.1865E+03  1.4322E-02 -8.9554E-03
  1.1875E+03  1.4312E-02 -8.9599E-03
  1.1884E+03  1.4302E-02 -8.9645E-03
  1.1894E+03  1.4292E-02 -8.9691E-03
  1.1904E+03  1.4282E-02 -8.9736E-03
  1.1913E+03  1.4272E-02 -8.9782E-03
  1.1923E+03  1.4261E-02 -8.9828E-03
  1.1933E+03  1.4251E-02 -8.9874E-03
  1.1942E+03  1.4241E-02 -8.9920E-03
  1.1952E+03  1.4231E-02 -8.9965E-03
  1.1962E+03  1.4221E-02 -9.0011E-03
  1.1971E+03  1.4210E-02 -9.0057E-03
  1.1981E+03  1.4200E-02 -9.0103E-03
  1.1991E+03  1.4190E-02 -9.0149E-03
  1.2000E+03  1.4180E-02 -9.0195E-03
  1.2010E+03  1.4170E-02 -9.0241E-03
  1.2020E+03  1.4159E-02 -9.0287E-03
  1.2029E+03  1.4149E-02 -9.0332E-03
  1.2039E+03  1.4139E-02 -9.0378E-03
  1.2049E+03  1.4129E-02 -9.0424E-03
  1.2058E+03  1.4118E-02 -9.0470E-03
  1.2068E+03  1.4108E-02 -9.0516E-03
  1.2078E+03  1.4098E-02 -9.0562E-03
  1.2088E+03  1.4087E-02 -9.0608E-03
  1.2097E+03  1.4077E-02 -9.0653E-03
  1.2107E+03  1.4067E-02 -9.0699E-03
  1.2117E+03  1.4057E-02 -9.0745E-03
  1.2126E+03  1.4046E-02 -9.0791E-03
  1.2136E+03  1.4036E-02 -9.0837E-03
  1.2146E+03  1.4026E-02 -9.0882E-03
  1.2155E+03  1.4015E-02 -9.0928E-03
  1.2165E+03  1.4005E-02 -9.0974E-03
  1.2175E+03  1.3994E-02 -9.1020E-03
  1.2184E+03  1.3984E-02 -9.1065E-03
  1.2194E+03  1.3974E-02 -9.1111E-03
  1.2204E+03  1.3963E-02 -9.1157E-03
  1.2213E+03  1.3953E-02 -9.1203E-03
  1.2223E+03  1.3942E-02 -9.1248E-03
  1.2233E+03  1.3932E-02 -9.1294E-03
  1.2242E+03  1.3921E-02 -9.1340E-03
  1.2252E+03  1.3911E-02 -9.1386E-03
  1.2262E+03  1.3900E-02 -9.1432E-03
  1.2271E+03  1.3890E-02 -9.1477E-03
  1.2281E+03  1.3879E-02 -9.1523E-03
  1.2291E+03  1.3868E-02 -9.1569E-03
  1.2300E+03  1.3858E-02 -9.1615E-03
  1.2310E+03  1.3847E-02 -9.1661E-03
  1.2320E+03  1.3837E-02 -9.1707E-03
  1.2329E+03  1.3826E-02 -9.1753E-03
  1.2339E+03  1.3815E-02 -9.1799E-03
  1.2349E+03  1.3805E-02 -9.1845E-03
  1.2358E+03  1.3794E-02 -9.1891E-03
  1.2368E+03  1.3783E-02 -9.1937E-03
  1.2378E+03  1.3773E-02 -9.1983E-03
  1.2387E+03  1.3762E-02 -9.2029E-03
  1.2397E+03  1.3751E-02 -9.2076E-03
  1.2407E+03  1.3741E-02 -9.2122E-03
  1.2416E+03  1.3730E-02 -9.2168E-03
  1.2426E+03  1.3719E-02 -9.2214E-03
  1.2436E+03  1.3708E-02 -9.2261E-03
  1.2445E+03  1.3698E-02 -9.2307E-03
  1.2455E+03  1.3687E-02 -9.2353E-03
  1.2465E+03  1.3676E-02 -9.2400E-03
  1.2474E+03  1.3665E-02 -9.2446E-03
  1.2484E+03  1.3655E-02 -9.2492E-03
  1.2494E+03  1.3644E-02 -9.2539E-03
  1.2503E+03  1.3633E-02 -9.2585E-03
  1.2513E+03  1.3622E-02 -9.2631E-03
  1.2523E+03  1.3611E-02 -9.2678E-03
  1.2532E+03  1.3601E-02 -9.2724E-03
  1.2542E+03  1.3590E-02 -9.2771E-03
  1.2552E+03  1.3579E-02 -9.2817E-03
  1.2561E+03  1.3568E-02 -9.2863E-03
  1.2571E+03  1.3557E-02 -9.2910E-03
  1.2581E+03  1.3546E-02 -9.2956E-03
  1.2590E+03  1.3536E-02 -9.3002E-03
  1.2600E+03  1.3525E-02 -9.3048E-03
  1.2610E+03  1.3514E-02 -9.3095E-03
  1.2619E+03  1.3503E-02 -9.3141E-03
  1.2629E+03  1.3492E-02 -9.3187E-03
  1.2639E+03  1.3481E-02 -9.3233E-03
  1.2648E+03  1.3470E-02 -9.3279E-03
  1.2658E+03  1.3459E-02 -9.3325E-03
  1.2668E+03  1.3448E-02 -9.3371E-03
  1.2677E+03  1.3437E-02 -9.3417E-03
  1.2687E+03  1.3426E-02 -9.3463E-03
  1.2697E+03  1.3415E-02 -9.3509E-03
  1.2706E+03  1.3404E-02 -9.3555E-03
  1.2716E+03  1.3393E-02 -9.3601E-03
  1.2726E+03  1.3382E-02 -9.3647E-03
  1.2735E+03  1.3371E-02 -9.3692E-03
  1.2745E+03  1.3360E-02 -9.3738E-03
  1.2755E+03  1.3349E-02 -9.3784E-03
  1.2764E+03  1.3338E-02 -9.3829E-03
  1.2774E+03  1.3327E-02 -9.3875E-03
  1.2784E+03  1.3316E-02 -9.3921E-03
  1.2793E+03  1.3305E-02 -9.3966E-03
  1.2803E+03  1.3294E-02 -9.4012E-03
  1.2813E+03  1.3283E-02 -9.4057E-03
  1.2822E+03  1.3272E-02 -9.4103E-03
  1.2832E+03  1.3260E-02 -9.4148E-03
  1.2842E+03  1.3249E-02 -9.4194E-03
  1.2851E+03  1.3238E-02 -9.4239E-03
  1.2861E+03  1.3227E-02 -9.4285E-03
  1.2871E+03  1.3216E-02 -9.4330E-03
  1.2880E+03  1.3205E-02 -9.4375E-03
  1.2890E+03  1.3193E-02 -9.4420E-03
  1.2900E+03  1.3182E-02 -9.4465E-03
  1.2909E+03  1.3171E-02 -9.4511E-03
  1.2919E+03  1.3160E-02 -9.4556E-03
  1.2929E+03  1.3148E-02 -9.4601E-03
  1.2938E+03  1.3137E-02 -9.4646E-03
  1.2948E+03  1.3126E-02 -9.4691E-03
  1.2958E+03  1.3115E-02 -9.4736E-03
  1.2967E+03  1.3103E-02 -9.4780E-03
  1.2977E+03  1.3092E-02 -9.4825E-03
  1.2987E+03  1.3081E-02 -9.4870E-03
  1.2996E+03  1.3069E-02 -9.4915E-03
  1.3006E+03  1.3058E-02 -9.4959E-03
  1.3016E+03  1.3047E-02 -9.5004E-03
  1.3025E+03  1.3035E-02 -9.5048E-03
  1.3035E+03  1.3024E-02 -9.5093E-03
  1.3045E+03  1.3013E-02 -9.5137E-03
  1.3055E+03  1.3001E-02 -9.5182E-03
  1.3064E+03  1.2990E-02 -9.5226E-03
  1.3074E+03  1.2979E-02 -9.5271E-03
  1.3084E+03  1.2967E-02 -9.5315E-03
  1.3093E+03  1.2956E-02 -9.5359E-03
  1.3103E+03  1.2944E-02 -9.5404E-03
  1.3113E+03  1.2933E-02 -9.5448E-03
  1.3122E+03  1.2922E-02 -9.5492E-03
  1.3132E+03  1.2910E-02 -9.5536E-03
  1.3142E+03  1.2899E-02 -9.5580E-03
  1.3151E+03  1.2887E-02 -9.5624E-03
  1.3161E+03  1.2876E-02 -9.5668E-03
  1.3171E+03  1.2864E-02 -9.5712E-03
  1.3180E+03  1.2853E-02 -9.5756E-03
  1.3190E+03  1.2841E-02 -9.5800E-03
  1.3200E+03  1.2830E-02 -9.5844E-03
  1.3209E+03  1.2818E-02 -9.5888E-03
  1.3219E+03  1.2807E-02 -9.5931E-03
  1.3229E+03  1.2795E-02 -9.5975E-03
  1.3238E+03  1.2784E-02 -9.6018E-03
  1.3248E+03  1.2772E-02 -9.6062E-03
  1.3258E+03  1.2760E-02 -9.6105E-03
  1.3267E+03  1.2749E-02 -9.6149E-03
  1.3277E+03  1.2737E-02 -9.6192E-03
  1.3287E+03  1.2726E-02 -9.6235E-03
  1.3296E+03  1.2714E-02 -9.6278E-03
  1.3306E+03  1.2702E-02 -9.6321E-03
  1.3316E+03  1.2691E-02 -9.6364E-03
  1.3325E+03  1.2679E-02 -9.6406E-03
  1.3335E+03  1.2667E-02 -9.6449E-03
  1.3345E+03  1.2656E-02 -9.6492E-03
  1.3354E+03  1.2644E-02 -9.6534E-03
  1.3364E+03  1.2632E-02 -9.6576E-03
  1.3374E+03  1.2621E-02 -9.6619E-03
  1.3383E+03  1.2609E-02 -9.6661E-03
  1.3393E+03  1.2597E-02 -9.6703E-03
  1.3403E+03  1.2586E-02 -9.6745E-03
  1.3412E+03  1.2574E-02 -9.6787E-03
  1.3422E+03  1.2562E-02 -9.6829E-03
  1.3432E+03  1.2550E-02 -9.6870E-03
  1.3441E+03  1.2539E-02 -9.6912E-03
  1.3451E+03  1.2527E-02 -9.6954E-03
  1.3461E+03  1.2515E-02 -9.6995E-03
  1.3470E+03  1.2503E-02 -9.7037E-03
  1.3480E+03  1.2492E-02 -9.7078E-03
  1.3490E+03  1.2480E-02 -9.7119E-03
  1.3499E+03  1.2468E-02 -9.7161E-03
  1.3509E+03  1.2456E-02 -9.7202E-03
  1.3519E+03  1.2444E-02 -9.7243E-03
  1.3528E+03  1.2432E-02 -9.7284E-03
  1.3538E+03  1.2421E-02 -9.7325E-03
  1.3548E+03  1.2409E-02 -9.7366E-03
  1.3557E+03  1.2397E-02 -9.7406E-03
  1.3567E+03  1.2385E-02 -9.7447E-03
  1.3577E+03  1.2373E-02 -9.7488E-03
  1.3586E+03  1.2361E-02 -9.7528E-03
  1.3596E+03  1.2349E-02 -9.7569E-03
  1.3606E+03  1.2337E-02 -9.7609E-03
  1.3615E+03  1.2326E-02 -9.7650E-03
  1.3625E+03  1.2314E-02 -9.7690E-03
  1.3635E+03  1.2302E-02 -9.7730E-03
  1.3644E+03  1.2290E-02 -9.7770E-03
  1.3654E+03  1.2278E-02 -9.7810E-03
  1.3664E+03  1.2266E-02 -9.7850E-03
  1.3673E+03  1.2254E-02 -9.7890E-03
  1.3683E+03  1.2242E-02 -9.7930E-03
  1.3693E+03  1.2230E-02 -9.7970E-03
  1.3702E+03  1.2218E-02 -9.8009E-03
  1.3712E+03  1.2206E-02 -9.8049E-03
  1.3722E+03  1.2194E-02 -9.8088E-03
  1.3731E+03  1.2182E-02 -9.8128E-03
  1.3741E+03  1.2170E-02 -9.8167E-03
  1.3751E+03  1.2158E-02 -9.8206E-03
  1.3760E+03  1.2146E-02 -9.8245E-03
  1.3770E+03  1.2134E-02 -9.8284E-03
  1.3780E+03  1.2122E-02 -9.8323E-03
  1.3789E+03  1.2110E-02 -9.8362E-03
  1.3799E+03  1.2098E-02 -9.8401E-03
  1.3809E+03  1.2086E-02 -9.8440E-03
  1.3818E+03  1.2074E-02 -9.8478E-03
  1.3828E+03  1.2062E-02 -9.8517E-03
  1.3838E+03  1.2050E-02 -9.8555E-03
  1.3847E+03  1.2037E-02 -9.8593E-03
  1.3857E+03  1.2025E-02 -9.8631E-03
  1.3867E+03  1.2013E-02 -9.8669E-03
  1.3876E+03  1.2001E-02 -9.8707E-03
  1.3886E+03  1.1989E-02 -9.8745E-03
  1.3896E+03  1.1977E-02 -9.8782E-03
  1.3905E+03  1.1965E-02 -9.8820E-03
  1.3915E+03  1.1953E-02 -9.8857E-03
  1.3925E+03  1.1940E-02 -9.8895E-03
  1.3934E+03  1.1928E-02 -9.8932E-03
  1.3944E+03  1.1916E-02 -9.8969E-03
  1.3954E+03  1.1904E-02 -9.9006E-03
  1.3963E+03  1.1892E-02 -9.9043E-03
  1.3973E+03  1.1880E-02 -9.9080E-03
  1.3983E+03  1.1867E-02 -9.9116E-03
  1.3992E+03  1.1855E-02 -9.9153E-03
  1.4002E+03  1.1843E-02 -9.9189E-03
  1.4012E+03  1.1831E-02 -9.9226E-03
  1.4022E+03  1.1818E-02 -9.9262E-03
  1.4031E+03  1.1806E-02 -9.9298E-03
  1.4041E+03  1.1794E-02 -9.9334E-03
  1.4051E+03  1.1782E-02 -9.9370E-03
  1.4060E+03  1.1769E-02 -9.9405E-03
  1.4070E+03  1.1757E-02 -9.9441E-03
  1.4080E+03  1.1745E-02 -9.9477E-03
  1.4089E+03  1.1733E-02 -9.9512E-03
  1.4099E+03  1.1720E-02 -9.9547E-03
  1.4109E+03  1.1708E-02 -9.9582E-03
  1.4118E+03  1.1696E-02 -9.9618E-03
  1.4128E+03  1.1684E-02 -9.9652E-03
  1.4138E+03  1.1671E-02 -9.9687E-03
  1.4147E+03  1.1659E-02 -9.9722E-03
  1.4157E+03  1.1647E-02 -9.9757E-03
  1.4167E+03  1.1634E-02 -9.9791E-03
  1.4176E+03  1.1622E-02 -9.9826E-03
  1.4186E+03  1.1610E-02 -9.9860E-03
  1.4196E+03  1.1597E-02 -9.9894E-03
  1.4205E+03  1.1585E-02 -9.9928E-03
  1.4215E+03  1.1573E-02 -9.9962E-03
  1.4225E+03  1.1560E-02 -9.9996E-03
  1.4234E+03  1.1548E-02 -1.0003E-02
  1.4244E+03  1.1536E-02 -1.0006E-02
  1.4254E+03  1.1523E-02 -1.0010E-02
  1.4263E+03  1.1511E-02 -1.0013E-02
  1.4273E+03  1.1499E-02 -1.0016E-02
  1.4283E+03  1.1486E-02 -1.0020E-02
  1.4292E+03  1.1474E-02 -1.0023E-02
  1.4302E+03  1.1461E-02 -1.0026E-02
  1.4312E+03  1.1449E-02 -1.0029E-02
  1.4321E+03  1.1436E-02 -1.0033E-02
  1.4331E+03  1.1424E-02 -1.0036E-02
  1.4341E+03  1.1412E-02 -1.0039E-02
  1.4350E+03  1.1399E-02 -1.0042E-02
  1.4360E+03  1.1387E-02 -1.0046E-02
  1.4370E+03  1.1374E-02 -1.0049E-02
  1.4379E+03  1.1362E-02 -1.0052E-02
  1.4389E+03  1.1349E-02 -1.0055E-02
  1.4399E+03  1.1337E-02 -1.0058E-02
  1.4408E+03  1.1324E-02 -1.0062E-02
  1.4418E+03  1.1312E-02 -1.0065E-02
  1.4428E+03  1.1299E-02 -1.0068E-02
  1.4437E+03  1.1287E-02 -1.0071E-02
  1.4447E+03  1.1274E-02 -1.0074E-02
  1.4457E+03  1.1262E-02 -1.0077E-02
  1.4466E+03  1.1249E-02 -1.0080E-02
  1.4476E+03  1.1237E-02 -1.0083E-02
  1.4486E+03  1.1224E-02 -1.0086E-02
  1.4495E+03  1.1212E-02 -1.0089E-02
  1.4505E+03  1.1199E-02 -1.0092E-02
  1.4515E+03  1.1187E-02 -1.0095E-02
  1.4524E+03  1.1174E-02 -1.0098E-02
  1.4534E+03  1.1162E-02 -1.0101E-02
  1.4544E+03  1.1149E-02 -1.0104E-02
  1.4553E+03  1.1136E-02 -1.0107E-02
  1.4563E+03  1.1124E-02 -1.0110E-02
  1.4573E+03  1.1111E-02 -1.0113E-02
  1.4582E+03  1.1099E-02 -1.0116E-02
  1.4592E+03  1.1086E-02 -1.0119E-02
  1.4602E+03  1.1074E-02 -1.0122E-02
  1.4611E+03  1.1061E-02 -1.0125E-02
  1.4621E+03  1.1049E-02 -1.0128E-02
  1.4631E+03  1.1036E-02 -1.0131E-02
  1.4640E+03  1.1023E-02 -1.0133E-02
  1.4650E+03  1.1011E-02 -1.0136E-02
  1.4660E+03  1.0998E-02 -1.0139E-02
  1.4669E+03  1.0986E-02 -1.0142E-02
  1.4679E+03  1.0973E-02 -1.0145E-02
  1.4689E+03  1.0960E-02 -1.0147E-02
  1.4698E+03  1.0948E-02 -1.0150E-02
  1.4708E+03  1.0935E-02 -1.0153E-02
  1.4718E+03  1.0923E-02 -1.0156E-02
  1.4727E+03  1.0910E-02 -1.0158E-02
  1.4737E+03  1.0897E-02 -1.0161E-02
  1.4747E+03  1.0885E-02 -1.0164E-02
  1.4756E+03  1.0872E-02 -1.0167E-02
  1.4766E+03  1.0859E-02 -1.0169E-02
  1.4776E+03  1.0847E-02 -1.0172E-02
  1.4785E+03  1.0834E-02 -1.0175E-02
  1.4795E+03  1.0822E-02 -1.0177E-02
  1.4805E+03  1.0809E-02 -1.0180E-02
  1.4814E+03  1.0796E-02 -1.0182E-02
  1.4824E+03  1.0784E-02 -1.0185E-02
  1.4834E+03  1.0771E-02 -1.0188E-02
  1.4843E+03  1.0758E-02 -1.0190E-02
  1.4853E+03  1.0746E-02 -1.0193E-02
  1.4863E+03  1.0733E-02 -1.0195E-02
  1.4872E+03  1.0720E-02 -1.0198E-02
  1.4882E+03  1.0708E-02 -1.0200E-02
  1.4892E+03  1.0695E-02 -1.0203E-02
  1.4901E+03  1.0682E-02 -1.0205E-02
  1.4911E+03  1.0669E-02 -1.0208E-02
  1.4921E+03  1.0657E-02 -1.0210E-02
  1.4930E+03  1.0644E-02 -1.0213E-02
  1.4940E+03  1.0631E-02 -1.0215E-02
  1.4950E+03  1.0619E-02 -1.0217E-02
  1.4959E+03  1.0606E-02 -1.0220E-02
  1.4969E+03  1.0593E-02 -1.0222E-02
  1.4979E+03  1.0581E-02 -1.0225E-02
  1.4989E+03  1.0568E-02 -1.0227E-02
  1.4998E+03  1.0555E-02 -1.0229E-02
  1.5000E+03  1.0553E-02 -1.0230E-02
