# CREATED BY GENE DIAGNOSTICS TOOL on Wed Dec 16 17:18:01 2020
# diag: gamdiag, run(s): 0006, time window: 0-3000(1323 steps), species: ions
# original data path: /marconi_scratch/userexternal/cmoreno0/GAM_HP_scan/scanfiles0001/
# normalization: L_ref=1.65m
#
# xind= 0, x/a= 0.5, q= 1.1358678
# Fit:    0.13555431,0.17168387,2.76802
# Analytic (Gao, Zhou/Yu): 0.25929117,0.11255372,2.5486341
#  t          Re[phi]     Im[phi]   
  0.0000E+00  9.9994E-01  0.0000E+00
  2.2700E+00  9.3668E-01  9.4574E-03
  4.5400E+00  8.4825E-01  1.7458E-02
  6.8100E+00  7.9321E-01  2.3984E-02
  9.0800E+00  7.3656E-01  2.9472E-02
  1.1350E+01  6.7564E-01  3.3928E-02
  1.3620E+01  6.2654E-01  3.7312E-02
  1.5890E+01  5.9329E-01  3.9938E-02
  1.8160E+01  5.7396E-01  4.2234E-02
  2.0430E+01  5.6631E-01  4.4546E-02
  2.2700E+01  5.6723E-01  4.7122E-02
  2.4970E+01  5.7289E-01  5.0091E-02
  2.7240E+01  5.7967E-01  5.3456E-02
  2.9510E+01  5.8472E-01  5.7115E-02
  3.1780E+01  5.8608E-01  6.0910E-02
  3.4050E+01  5.8287E-01  6.4681E-02
  3.6320E+01  5.7520E-01  6.8292E-02
  3.8590E+01  5.6369E-01  7.1644E-02
  4.0860E+01  5.4968E-01  7.4697E-02
  4.3130E+01  5.3426E-01  7.7438E-02
  4.5400E+01  5.1878E-01  7.9910E-02
  4.7670E+01  5.0403E-01  8.2154E-02
  4.9940E+01  4.9069E-01  8.4236E-02
  5.2210E+01  4.7893E-01  8.6210E-02
  5.4480E+01  4.6865E-01  8.8117E-02
  5.6750E+01  4.5973E-01  8.9989E-02
  5.9020E+01  4.5168E-01  9.1834E-02
  6.1290E+01  4.4398E-01  9.3647E-02
  6.3560E+01  4.3629E-01  9.5402E-02
  6.5830E+01  4.2842E-01  9.7087E-02
  6.8100E+01  4.1987E-01  9.8662E-02
  7.0370E+01  4.1111E-01  1.0014E-01
  7.2640E+01  4.0161E-01  1.0147E-01
  7.4910E+01  3.9099E-01  1.0264E-01
  7.7180E+01  3.8082E-01  1.0370E-01
  7.9450E+01  3.7098E-01  1.0465E-01
  8.1720E+01  3.6068E-01  1.0546E-01
  8.3990E+01  3.5045E-01  1.0618E-01
  8.6260E+01  3.4073E-01  1.0681E-01
  8.8530E+01  3.3139E-01  1.0737E-01
  9.0800E+01  3.2223E-01  1.0785E-01
  9.3070E+01  3.1328E-01  1.0826E-01
  9.5340E+01  3.0470E-01  1.0861E-01
  9.7610E+01  2.9645E-01  1.0890E-01
  9.9880E+01  2.8835E-01  1.0913E-01
  1.0215E+02  2.8036E-01  1.0930E-01
  1.0442E+02  2.7253E-01  1.0940E-01
  1.0669E+02  2.6490E-01  1.0943E-01
  1.0896E+02  2.5749E-01  1.0941E-01
  1.1123E+02  2.5030E-01  1.0933E-01
  1.1350E+02  2.4332E-01  1.0920E-01
  1.1577E+02  2.3658E-01  1.0902E-01
  1.1804E+02  2.3009E-01  1.0880E-01
  1.2031E+02  2.2387E-01  1.0853E-01
  1.2258E+02  2.1794E-01  1.0823E-01
  1.2485E+02  2.1230E-01  1.0790E-01
  1.2712E+02  2.0692E-01  1.0754E-01
  1.2939E+02  2.0180E-01  1.0716E-01
  1.3166E+02  1.9694E-01  1.0675E-01
  1.3393E+02  1.9233E-01  1.0632E-01
  1.3620E+02  1.8796E-01  1.0587E-01
  1.3847E+02  1.8382E-01  1.0541E-01
  1.4074E+02  1.7987E-01  1.0494E-01
  1.4301E+02  1.7613E-01  1.0446E-01
  1.4528E+02  1.7263E-01  1.0397E-01
  1.4755E+02  1.6935E-01  1.0347E-01
  1.4982E+02  1.6630E-01  1.0297E-01
  1.5209E+02  1.6343E-01  1.0247E-01
  1.5436E+02  1.6071E-01  1.0197E-01
  1.5663E+02  1.5815E-01  1.0147E-01
  1.5890E+02  1.5579E-01  1.0099E-01
  1.6117E+02  1.5362E-01  1.0051E-01
  1.6344E+02  1.5163E-01  1.0004E-01
  1.6571E+02  1.4984E-01  9.9586E-02
  1.6798E+02  1.4819E-01  9.9142E-02
  1.7025E+02  1.4667E-01  9.8711E-02
  1.7252E+02  1.4527E-01  9.8296E-02
  1.7479E+02  1.4398E-01  9.7898E-02
  1.7706E+02  1.4282E-01  9.7518E-02
  1.7933E+02  1.4179E-01  9.7155E-02
  1.8160E+02  1.4090E-01  9.6811E-02
  1.8387E+02  1.4014E-01  9.6486E-02
  1.8614E+02  1.3949E-01  9.6181E-02
  1.8841E+02  1.3893E-01  9.5898E-02
  1.9068E+02  1.3844E-01  9.5637E-02
  1.9295E+02  1.3800E-01  9.5399E-02
  1.9522E+02  1.3762E-01  9.5183E-02
  1.9749E+02  1.3731E-01  9.4989E-02
  1.9976E+02  1.3708E-01  9.4815E-02
  2.0203E+02  1.3695E-01  9.4661E-02
  2.0430E+02  1.3691E-01  9.4529E-02
  2.0657E+02  1.3695E-01  9.4421E-02
  2.0884E+02  1.3703E-01  9.4337E-02
  2.1111E+02  1.3710E-01  9.4277E-02
  2.1338E+02  1.3716E-01  9.4240E-02
  2.1565E+02  1.3723E-01  9.4223E-02
  2.1792E+02  1.3733E-01  9.4224E-02
  2.2019E+02  1.3749E-01  9.4242E-02
  2.2246E+02  1.3775E-01  9.4279E-02
  2.2473E+02  1.3808E-01  9.4337E-02
  2.2700E+02  1.3845E-01  9.4418E-02
  2.2927E+02  1.3878E-01  9.4521E-02
  2.3154E+02  1.3904E-01  9.4643E-02
  2.3381E+02  1.3919E-01  9.4782E-02
  2.3608E+02  1.3926E-01  9.4933E-02
  2.3835E+02  1.3931E-01  9.5094E-02
  2.4062E+02  1.3941E-01  9.5266E-02
  2.4289E+02  1.3962E-01  9.5451E-02
  2.4516E+02  1.3998E-01  9.5653E-02
  2.4743E+02  1.4046E-01  9.5873E-02
  2.4970E+02  1.4099E-01  9.6113E-02
  2.5197E+02  1.4149E-01  9.6369E-02
  2.5424E+02  1.4188E-01  9.6638E-02
  2.5651E+02  1.4211E-01  9.6915E-02
  2.5878E+02  1.4215E-01  9.7197E-02
  2.6105E+02  1.4205E-01  9.7482E-02
  2.6332E+02  1.4185E-01  9.7769E-02
  2.6559E+02  1.4163E-01  9.8059E-02
  2.6786E+02  1.4144E-01  9.8356E-02
  2.7013E+02  1.4131E-01  9.8658E-02
  2.7240E+02  1.4126E-01  9.8967E-02
  2.7467E+02  1.4127E-01  9.9281E-02
  2.7694E+02  1.4135E-01  9.9599E-02
  2.7921E+02  1.4147E-01  9.9920E-02
  2.8148E+02  1.4161E-01  1.0024E-01
  2.8375E+02  1.4174E-01  1.0057E-01
  2.8602E+02  1.4183E-01  1.0091E-01
  2.8829E+02  1.4183E-01  1.0125E-01
  2.9056E+02  1.4170E-01  1.0159E-01
  2.9283E+02  1.4142E-01  1.0193E-01
  2.9510E+02  1.4097E-01  1.0227E-01
  2.9737E+02  1.4038E-01  1.0260E-01
  2.9964E+02  1.3969E-01  1.0292E-01
  3.0191E+02  1.3898E-01  1.0322E-01
  3.0418E+02  1.3830E-01  1.0352E-01
  3.0645E+02  1.3772E-01  1.0380E-01
  3.0872E+02  1.3728E-01  1.0409E-01
  3.1099E+02  1.3698E-01  1.0437E-01
  3.1326E+02  1.3678E-01  1.0466E-01
  3.1553E+02  1.3663E-01  1.0495E-01
  3.1780E+02  1.3645E-01  1.0525E-01
  3.2007E+02  1.3614E-01  1.0555E-01
  3.2234E+02  1.3567E-01  1.0584E-01
  3.2461E+02  1.3499E-01  1.0612E-01
  3.2688E+02  1.3415E-01  1.0638E-01
  3.2915E+02  1.3319E-01  1.0662E-01
  3.3142E+02  1.3219E-01  1.0685E-01
  3.3369E+02  1.3125E-01  1.0706E-01
  3.3596E+02  1.3041E-01  1.0726E-01
  3.3823E+02  1.2971E-01  1.0746E-01
  3.4050E+02  1.2915E-01  1.0766E-01
  3.4277E+02  1.2868E-01  1.0785E-01
  3.4504E+02  1.2823E-01  1.0805E-01
  3.4731E+02  1.2773E-01  1.0825E-01
  3.4958E+02  1.2712E-01  1.0844E-01
  3.5185E+02  1.2636E-01  1.0862E-01
  3.5412E+02  1.2545E-01  1.0879E-01
  3.5639E+02  1.2443E-01  1.0895E-01
  3.5866E+02  1.2336E-01  1.0908E-01
  3.6093E+02  1.2232E-01  1.0921E-01
  3.6320E+02  1.2135E-01  1.0932E-01
  3.6547E+02  1.2051E-01  1.0942E-01
  3.6774E+02  1.1978E-01  1.0952E-01
  3.7001E+02  1.1915E-01  1.0961E-01
  3.7228E+02  1.1856E-01  1.0971E-01
  3.7455E+02  1.1794E-01  1.0980E-01
  3.7682E+02  1.1725E-01  1.0989E-01
  3.7909E+02  1.1642E-01  1.0997E-01
  3.8136E+02  1.1544E-01  1.1005E-01
  3.8363E+02  1.1433E-01  1.1011E-01
  3.8590E+02  1.1313E-01  1.1015E-01
  3.8817E+02  1.1191E-01  1.1018E-01
  3.9044E+02  1.1074E-01  1.1019E-01
  3.9271E+02  1.0969E-01  1.1020E-01
  3.9498E+02  1.0882E-01  1.1020E-01
  3.9725E+02  1.0813E-01  1.1019E-01
  3.9952E+02  1.0759E-01  1.1019E-01
  4.0179E+02  1.0714E-01  1.1019E-01
  4.0406E+02  1.0672E-01  1.1019E-01
  4.0633E+02  1.0623E-01  1.1020E-01
  4.0860E+02  1.0562E-01  1.1020E-01
  4.1087E+02  1.0483E-01  1.1020E-01
  4.1314E+02  1.0386E-01  1.1018E-01
  4.1541E+02  1.0273E-01  1.1016E-01
  4.1768E+02  1.0149E-01  1.1012E-01
  4.1995E+02  1.0020E-01  1.1007E-01
  4.2222E+02  9.8931E-02  1.1000E-01
  4.2449E+02  9.7767E-02  1.0992E-01
  4.2676E+02  9.6759E-02  1.0984E-01
  4.2903E+02  9.5944E-02  1.0975E-01
  4.3130E+02  9.5325E-02  1.0966E-01
  4.3357E+02  9.4874E-02  1.0958E-01
  4.3584E+02  9.4538E-02  1.0951E-01
  4.3811E+02  9.4241E-02  1.0944E-01
  4.4038E+02  9.3908E-02  1.0938E-01
  4.4265E+02  9.3469E-02  1.0932E-01
  4.4492E+02  9.2879E-02  1.0926E-01
  4.4719E+02  9.2122E-02  1.0919E-01
  4.4946E+02  9.1214E-02  1.0911E-01
  4.5173E+02  9.0198E-02  1.0902E-01
  4.5400E+02  8.9135E-02  1.0892E-01
  4.5627E+02  8.8083E-02  1.0882E-01
  4.5854E+02  8.7093E-02  1.0870E-01
  4.6081E+02  8.6197E-02  1.0858E-01
  4.6308E+02  8.5405E-02  1.0846E-01
  4.6535E+02  8.4711E-02  1.0834E-01
  4.6762E+02  8.4101E-02  1.0823E-01
  4.6989E+02  8.3556E-02  1.0811E-01
  4.7216E+02  8.3055E-02  1.0800E-01
  4.7443E+02  8.2578E-02  1.0789E-01
  4.7670E+02  8.2103E-02  1.0778E-01
  4.7897E+02  8.1607E-02  1.0768E-01
  4.8124E+02  8.1066E-02  1.0757E-01
  4.8351E+02  8.0462E-02  1.0746E-01
  4.8578E+02  7.9787E-02  1.0735E-01
  4.8805E+02  7.9046E-02  1.0723E-01
  4.9032E+02  7.8257E-02  1.0711E-01
  4.9259E+02  7.7448E-02  1.0698E-01
  4.9486E+02  7.6652E-02  1.0685E-01
  4.9713E+02  7.5902E-02  1.0672E-01
  4.9940E+02  7.5220E-02  1.0658E-01
  5.0167E+02  7.4612E-02  1.0645E-01
  5.0394E+02  7.4070E-02  1.0632E-01
  5.0621E+02  7.3572E-02  1.0619E-01
  5.0848E+02  7.3091E-02  1.0606E-01
  5.1075E+02  7.2604E-02  1.0594E-01
  5.1302E+02  7.2093E-02  1.0581E-01
  5.1529E+02  7.1555E-02  1.0568E-01
  5.1756E+02  7.0992E-02  1.0555E-01
  5.1983E+02  7.0416E-02  1.0542E-01
  5.2210E+02  6.9838E-02  1.0529E-01
  5.2437E+02  6.9269E-02  1.0516E-01
  5.2664E+02  6.8712E-02  1.0503E-01
  5.2891E+02  6.8168E-02  1.0489E-01
  5.3118E+02  6.7635E-02  1.0476E-01
  5.3345E+02  6.7109E-02  1.0463E-01
  5.3572E+02  6.6591E-02  1.0449E-01
  5.3799E+02  6.6082E-02  1.0436E-01
  5.4026E+02  6.5582E-02  1.0423E-01
  5.4253E+02  6.5094E-02  1.0409E-01
  5.4480E+02  6.4618E-02  1.0396E-01
  5.4707E+02  6.4153E-02  1.0383E-01
  5.4934E+02  6.3695E-02  1.0369E-01
  5.5161E+02  6.3236E-02  1.0356E-01
  5.5388E+02  6.2769E-02  1.0343E-01
  5.5615E+02  6.2286E-02  1.0330E-01
  5.5842E+02  6.1784E-02  1.0317E-01
  5.6069E+02  6.1262E-02  1.0303E-01
  5.6296E+02  6.0725E-02  1.0289E-01
  5.6523E+02  6.0184E-02  1.0276E-01
  5.6750E+02  5.9649E-02  1.0262E-01
  5.6977E+02  5.9129E-02  1.0247E-01
  5.7204E+02  5.8629E-02  1.0233E-01
  5.7431E+02  5.8148E-02  1.0219E-01
  5.7658E+02  5.7681E-02  1.0205E-01
  5.7885E+02  5.7217E-02  1.0191E-01
  5.8112E+02  5.6749E-02  1.0177E-01
  5.8339E+02  5.6271E-02  1.0163E-01
  5.8566E+02  5.5779E-02  1.0149E-01
  5.8793E+02  5.5274E-02  1.0135E-01
  5.9020E+02  5.4756E-02  1.0120E-01
  5.9247E+02  5.4227E-02  1.0105E-01
  5.9474E+02  5.3687E-02  1.0090E-01
  5.9701E+02  5.3137E-02  1.0075E-01
  5.9928E+02  5.2581E-02  1.0059E-01
  6.0155E+02  5.2030E-02  1.0044E-01
  6.0382E+02  5.1495E-02  1.0028E-01
  6.0609E+02  5.0989E-02  1.0012E-01
  6.0836E+02  5.0521E-02  9.9962E-02
  6.1063E+02  5.0091E-02  9.9803E-02
  6.1290E+02  4.9689E-02  9.9644E-02
  6.1517E+02  4.9296E-02  9.9484E-02
  6.1744E+02  4.8887E-02  9.9325E-02
  6.1971E+02  4.8443E-02  9.9164E-02
  6.2198E+02  4.7954E-02  9.9002E-02
  6.2425E+02  4.7422E-02  9.8837E-02
  6.2652E+02  4.6868E-02  9.8670E-02
  6.2879E+02  4.6317E-02  9.8500E-02
  6.3106E+02  4.5800E-02  9.8327E-02
  6.3333E+02  4.5337E-02  9.8154E-02
  6.3560E+02  4.4936E-02  9.7980E-02
  6.3787E+02  4.4590E-02  9.7808E-02
  6.4014E+02  4.4281E-02  9.7636E-02
  6.4241E+02  4.3982E-02  9.7467E-02
  6.4468E+02  4.3667E-02  9.7298E-02
  6.4695E+02  4.3317E-02  9.7130E-02
  6.4922E+02  4.2923E-02  9.6961E-02
  6.5149E+02  4.2487E-02  9.6790E-02
  6.5376E+02  4.2020E-02  9.6617E-02
  6.5603E+02  4.1540E-02  9.6441E-02
  6.5830E+02  4.1067E-02  9.6263E-02
  6.6057E+02  4.0617E-02  9.6084E-02
  6.6284E+02  4.0203E-02  9.5904E-02
  6.6511E+02  3.9831E-02  9.5724E-02
  6.6738E+02  3.9498E-02  9.5545E-02
  6.6965E+02  3.9193E-02  9.5367E-02
  6.7192E+02  3.8900E-02  9.5191E-02
  6.7419E+02  3.8600E-02  9.5015E-02
  6.7646E+02  3.8275E-02  9.4839E-02
  6.7873E+02  3.7912E-02  9.4662E-02
  6.8100E+02  3.7508E-02  9.4484E-02
  6.8327E+02  3.7071E-02  9.4304E-02
  6.8554E+02  3.6616E-02  9.4122E-02
  6.8781E+02  3.6160E-02  9.3938E-02
  6.9008E+02  3.5722E-02  9.3751E-02
  6.9235E+02  3.5311E-02  9.3564E-02
  6.9462E+02  3.4929E-02  9.3377E-02
  6.9689E+02  3.4568E-02  9.3190E-02
  6.9916E+02  3.4215E-02  9.3003E-02
  7.0143E+02  3.3856E-02  9.2816E-02
  7.0370E+02  3.3482E-02  9.2629E-02
  7.0597E+02  3.3087E-02  9.2441E-02
  7.0824E+02  3.2675E-02  9.2251E-02
  7.1051E+02  3.2253E-02  9.2059E-02
  7.1278E+02  3.1831E-02  9.1866E-02
  7.1505E+02  3.1418E-02  9.1670E-02
  7.1732E+02  3.1020E-02  9.1474E-02
  7.1959E+02  3.0641E-02  9.1276E-02
  7.2186E+02  3.0280E-02  9.1078E-02
  7.2413E+02  2.9935E-02  9.0881E-02
  7.2640E+02  2.9598E-02  9.0683E-02
  7.2867E+02  2.9262E-02  9.0486E-02
  7.3094E+02  2.8918E-02  9.0288E-02
  7.3321E+02  2.8560E-02  9.0091E-02
  7.3548E+02  2.8183E-02  8.9892E-02
  7.3775E+02  2.7789E-02  8.9691E-02
  7.4002E+02  2.7385E-02  8.9489E-02
  7.4229E+02  2.6987E-02  8.9285E-02
  7.4456E+02  2.6609E-02  8.9079E-02
  7.4683E+02  2.6269E-02  8.8873E-02
  7.4910E+02  2.5974E-02  8.8668E-02
  7.5137E+02  2.5725E-02  8.8463E-02
  7.5364E+02  2.5510E-02  8.8260E-02
  7.5591E+02  2.5312E-02  8.8059E-02
  7.5818E+02  2.5109E-02  8.7860E-02
  7.6045E+02  2.4880E-02  8.7663E-02
  7.6272E+02  2.4615E-02  8.7465E-02
  7.6499E+02  2.4311E-02  8.7268E-02
  7.6726E+02  2.3978E-02  8.7068E-02
  7.6953E+02  2.3632E-02  8.6867E-02
  7.7180E+02  2.3293E-02  8.6665E-02
  7.7407E+02  2.2981E-02  8.6461E-02
  7.7634E+02  2.2709E-02  8.6258E-02
  7.7861E+02  2.2482E-02  8.6055E-02
  7.8088E+02  2.2299E-02  8.5854E-02
  7.8315E+02  2.2149E-02  8.5656E-02
  7.8542E+02  2.2018E-02  8.5461E-02
  7.8769E+02  2.1889E-02  8.5269E-02
  7.8996E+02  2.1745E-02  8.5078E-02
  7.9223E+02  2.1572E-02  8.4889E-02
  7.9450E+02  2.1360E-02  8.4701E-02
  7.9677E+02  2.1108E-02  8.4511E-02
  7.9904E+02  2.0821E-02  8.4320E-02
  8.0131E+02  2.0510E-02  8.4128E-02
  8.0358E+02  2.0193E-02  8.3934E-02
  8.0585E+02  1.9886E-02  8.3738E-02
  8.0812E+02  1.9604E-02  8.3543E-02
  8.1039E+02  1.9356E-02  8.3347E-02
  8.1266E+02  1.9144E-02  8.3153E-02
  8.1493E+02  1.8963E-02  8.2961E-02
  8.1720E+02  1.8804E-02  8.2770E-02
  8.1947E+02  1.8650E-02  8.2582E-02
  8.2174E+02  1.8488E-02  8.2396E-02
  8.2401E+02  1.8303E-02  8.2210E-02
  8.2628E+02  1.8083E-02  8.2024E-02
  8.2855E+02  1.7821E-02  8.1837E-02
  8.3082E+02  1.7516E-02  8.1648E-02
  8.3309E+02  1.7172E-02  8.1457E-02
  8.3536E+02  1.6801E-02  8.1264E-02
  8.3763E+02  1.6419E-02  8.1068E-02
  8.3990E+02  1.6044E-02  8.0870E-02
  8.4217E+02  1.5693E-02  8.0670E-02
  8.4444E+02  1.5380E-02  8.0470E-02
  8.4671E+02  1.5108E-02  8.0270E-02
  8.4898E+02  1.4874E-02  8.0070E-02
  8.5125E+02  1.4667E-02  7.9872E-02
  8.5352E+02  1.4467E-02  7.9675E-02
  8.5579E+02  1.4258E-02  7.9478E-02
  8.5806E+02  1.4025E-02  7.9282E-02
  8.6033E+02  1.3758E-02  7.9085E-02
  8.6260E+02  1.3456E-02  7.8886E-02
  8.6487E+02  1.3125E-02  7.8685E-02
  8.6714E+02  1.2774E-02  7.8482E-02
  8.6941E+02  1.2417E-02  7.8277E-02
  8.7168E+02  1.2066E-02  7.8069E-02
  8.7395E+02  1.1732E-02  7.7860E-02
  8.7622E+02  1.1424E-02  7.7650E-02
  8.7849E+02  1.1146E-02  7.7440E-02
  8.8076E+02  1.0901E-02  7.7229E-02
  8.8303E+02  1.0684E-02  7.7020E-02
  8.8530E+02  1.0492E-02  7.6811E-02
  8.8757E+02  1.0314E-02  7.6604E-02
  8.8984E+02  1.0143E-02  7.6397E-02
  8.9211E+02  9.9693E-03  7.6192E-02
  8.9438E+02  9.7886E-03  7.5987E-02
  8.9665E+02  9.5996E-03  7.5782E-02
  8.9892E+02  9.4051E-03  7.5576E-02
  9.0119E+02  9.2106E-03  7.5371E-02
  9.0346E+02  9.0226E-03  7.5166E-02
  9.0573E+02  8.8461E-03  7.4961E-02
  9.0800E+02  8.6837E-03  7.4756E-02
  9.1027E+02  8.5351E-03  7.4552E-02
  9.1254E+02  8.3988E-03  7.4350E-02
  9.1481E+02  8.2727E-03  7.4148E-02
  9.1708E+02  8.1559E-03  7.3948E-02
  9.1935E+02  8.0491E-03  7.3750E-02
  9.2162E+02  7.9542E-03  7.3553E-02
  9.2389E+02  7.8732E-03  7.3358E-02
  9.2616E+02  7.8066E-03  7.3164E-02
  9.2843E+02  7.7527E-03  7.2973E-02
  9.3070E+02  7.7080E-03  7.2784E-02
  9.3297E+02  7.6675E-03  7.2596E-02
  9.3524E+02  7.6264E-03  7.2410E-02
  9.3751E+02  7.5812E-03  7.2226E-02
  9.3978E+02  7.5302E-03  7.2044E-02
  9.4205E+02  7.4731E-03  7.1863E-02
  9.4432E+02  7.4109E-03  7.1683E-02
  9.4659E+02  7.3446E-03  7.1505E-02
  9.4886E+02  7.2750E-03  7.1328E-02
  9.5113E+02  7.2027E-03  7.1152E-02
  9.5340E+02  7.1286E-03  7.0978E-02
  9.5567E+02  7.0544E-03  7.0805E-02
  9.5794E+02  6.9823E-03  7.0633E-02
  9.6021E+02  6.9147E-03  7.0462E-02
  9.6248E+02  6.8530E-03  7.0293E-02
  9.6475E+02  6.7967E-03  7.0125E-02
  9.6702E+02  6.7425E-03  6.9959E-02
  9.6929E+02  6.6850E-03  6.9794E-02
  9.7156E+02  6.6172E-03  6.9630E-02
  9.7383E+02  6.5330E-03  6.9466E-02
  9.7610E+02  6.4283E-03  6.9303E-02
  9.7837E+02  6.3024E-03  6.9141E-02
  9.8064E+02  6.1584E-03  6.8978E-02
  9.8291E+02  6.0017E-03  6.8814E-02
  9.8518E+02  5.8393E-03  6.8650E-02
  9.8745E+02  5.6770E-03  6.8486E-02
  9.8972E+02  5.5185E-03  6.8322E-02
  9.9199E+02  5.3642E-03  6.8157E-02
  9.9426E+02  5.2119E-03  6.7993E-02
  9.9653E+02  5.0570E-03  6.7828E-02
  9.9880E+02  4.8945E-03  6.7664E-02
  1.0011E+03  4.7198E-03  6.7499E-02
  1.0033E+03  4.5298E-03  6.7333E-02
  1.0056E+03  4.3242E-03  6.7166E-02
  1.0079E+03  4.1047E-03  6.6998E-02
  1.0101E+03  3.8750E-03  6.6828E-02
  1.0124E+03  3.6398E-03  6.6657E-02
  1.0147E+03  3.4034E-03  6.6484E-02
  1.0170E+03  3.1689E-03  6.6310E-02
  1.0192E+03  2.9372E-03  6.6135E-02
  1.0215E+03  2.7073E-03  6.5959E-02
  1.0238E+03  2.4762E-03  6.5781E-02
  1.0260E+03  2.2407E-03  6.5603E-02
  1.0283E+03  1.9986E-03  6.5423E-02
  1.0306E+03  1.7493E-03  6.5242E-02
  1.0328E+03  1.4947E-03  6.5060E-02
  1.0351E+03  1.2383E-03  6.4875E-02
  1.0374E+03  9.8438E-04  6.4690E-02
  1.0397E+03  7.3655E-04  6.4502E-02
  1.0419E+03  4.9682E-04  6.4314E-02
  1.0442E+03  2.6508E-04  6.4124E-02
  1.0465E+03  3.9501E-05  6.3933E-02
  1.0487E+03 -1.8242E-04  6.3742E-02
  1.0510E+03 -4.0274E-04  6.3550E-02
  1.0533E+03 -6.2219E-04  6.3357E-02
  1.0555E+03 -8.3993E-04  6.3163E-02
  1.0578E+03 -1.0540E-03  6.2968E-02
  1.0601E+03 -1.2618E-03  6.2773E-02
  1.0624E+03 -1.4613E-03  6.2577E-02
  1.0646E+03 -1.6510E-03  6.2380E-02
  1.0669E+03 -1.8298E-03  6.2183E-02
  1.0692E+03 -1.9970E-03  6.1986E-02
  1.0714E+03 -2.1519E-03  6.1789E-02
  1.0737E+03 -2.2934E-03  6.1592E-02
  1.0760E+03 -2.4208E-03  6.1396E-02
  1.0782E+03 -2.5341E-03  6.1201E-02
  1.0805E+03 -2.6347E-03  6.1006E-02
  1.0828E+03 -2.7249E-03  6.0812E-02
  1.0851E+03 -2.8081E-03  6.0619E-02
  1.0873E+03 -2.8870E-03  6.0427E-02
  1.0896E+03 -2.9626E-03  6.0237E-02
  1.0919E+03 -3.0339E-03  6.0047E-02
  1.0941E+03 -3.0973E-03  5.9858E-02
  1.0964E+03 -3.1483E-03  5.9670E-02
  1.0987E+03 -3.1823E-03  5.9484E-02
  1.1009E+03 -3.1966E-03  5.9300E-02
  1.1032E+03 -3.1909E-03  5.9118E-02
  1.1055E+03 -3.1680E-03  5.8938E-02
  1.1078E+03 -3.1325E-03  5.8761E-02
  1.1100E+03 -3.0894E-03  5.8587E-02
  1.1123E+03 -3.0434E-03  5.8414E-02
  1.1146E+03 -2.9971E-03  5.8245E-02
  1.1168E+03 -2.9516E-03  5.8078E-02
  1.1191E+03 -2.9061E-03  5.7912E-02
  1.1214E+03 -2.8590E-03  5.7749E-02
  1.1236E+03 -2.8086E-03  5.7588E-02
  1.1259E+03 -2.7531E-03  5.7430E-02
  1.1282E+03 -2.6912E-03  5.7273E-02
  1.1305E+03 -2.6216E-03  5.7120E-02
  1.1327E+03 -2.5436E-03  5.6968E-02
  1.1350E+03 -2.4568E-03  5.6820E-02
  1.1373E+03 -2.3622E-03  5.6674E-02
  1.1395E+03 -2.2621E-03  5.6531E-02
  1.1418E+03 -2.1606E-03  5.6391E-02
  1.1441E+03 -2.0628E-03  5.6254E-02
  1.1463E+03 -1.9739E-03  5.6119E-02
  1.1486E+03 -1.8980E-03  5.5986E-02
  1.1509E+03 -1.8370E-03  5.5855E-02
  1.1532E+03 -1.7900E-03  5.5726E-02
  1.1554E+03 -1.7534E-03  5.5597E-02
  1.1577E+03 -1.7222E-03  5.5470E-02
  1.1600E+03 -1.6911E-03  5.5345E-02
  1.1622E+03 -1.6559E-03  5.5220E-02
  1.1645E+03 -1.6150E-03  5.5098E-02
  1.1668E+03 -1.5694E-03  5.4977E-02
  1.1690E+03 -1.5227E-03  5.4858E-02
  1.1713E+03 -1.4801E-03  5.4740E-02
  1.1736E+03 -1.4477E-03  5.4624E-02
  1.1759E+03 -1.4310E-03  5.4509E-02
  1.1781E+03 -1.4339E-03  5.4395E-02
  1.1804E+03 -1.4584E-03  5.4281E-02
  1.1827E+03 -1.5040E-03  5.4166E-02
  1.1849E+03 -1.5677E-03  5.4051E-02
  1.1872E+03 -1.6448E-03  5.3936E-02
  1.1895E+03 -1.7296E-03  5.3820E-02
  1.1917E+03 -1.8165E-03  5.3703E-02
  1.1940E+03 -1.9013E-03  5.3586E-02
  1.1963E+03 -1.9822E-03  5.3469E-02
  1.1986E+03 -2.0601E-03  5.3352E-02
  1.2008E+03 -2.1383E-03  5.3234E-02
  1.2031E+03 -2.2222E-03  5.3116E-02
  1.2054E+03 -2.3175E-03  5.2998E-02
  1.2076E+03 -2.4292E-03  5.2879E-02
  1.2099E+03 -2.5604E-03  5.2758E-02
  1.2122E+03 -2.7118E-03  5.2637E-02
  1.2144E+03 -2.8818E-03  5.2513E-02
  1.2167E+03 -3.0669E-03  5.2387E-02
  1.2190E+03 -3.2626E-03  5.2259E-02
  1.2213E+03 -3.4641E-03  5.2129E-02
  1.2235E+03 -3.6668E-03  5.1997E-02
  1.2258E+03 -3.8670E-03  5.1863E-02
  1.2281E+03 -4.0620E-03  5.1727E-02
  1.2303E+03 -4.2507E-03  5.1590E-02
  1.2326E+03 -4.4338E-03  5.1452E-02
  1.2349E+03 -4.6137E-03  5.1312E-02
  1.2372E+03 -4.7945E-03  5.1170E-02
  1.2394E+03 -4.9811E-03  5.1028E-02
  1.2417E+03 -5.1784E-03  5.0883E-02
  1.2440E+03 -5.3895E-03  5.0737E-02
  1.2462E+03 -5.6155E-03  5.0588E-02
  1.2485E+03 -5.8541E-03  5.0437E-02
  1.2508E+03 -6.1006E-03  5.0284E-02
  1.2530E+03 -6.3486E-03  5.0128E-02
  1.2553E+03 -6.5911E-03  4.9970E-02
  1.2576E+03 -6.8227E-03  4.9810E-02
  1.2599E+03 -7.0401E-03  4.9648E-02
  1.2621E+03 -7.2425E-03  4.9485E-02
  1.2644E+03 -7.4319E-03  4.9321E-02
  1.2667E+03 -7.6119E-03  4.9157E-02
  1.2689E+03 -7.7865E-03  4.8991E-02
  1.2712E+03 -7.9596E-03  4.8825E-02
  1.2735E+03 -8.1342E-03  4.8657E-02
  1.2757E+03 -8.3116E-03  4.8489E-02
  1.2780E+03 -8.4915E-03  4.8319E-02
  1.2803E+03 -8.6722E-03  4.8149E-02
  1.2826E+03 -8.8509E-03  4.7977E-02
  1.2848E+03 -9.0239E-03  4.7805E-02
  1.2871E+03 -9.1873E-03  4.7631E-02
  1.2894E+03 -9.3377E-03  4.7458E-02
  1.2916E+03 -9.4729E-03  4.7284E-02
  1.2939E+03 -9.5922E-03  4.7110E-02
  1.2962E+03 -9.6966E-03  4.6936E-02
  1.2984E+03 -9.7881E-03  4.6763E-02
  1.3007E+03 -9.8694E-03  4.6591E-02
  1.3030E+03 -9.9426E-03  4.6419E-02
  1.3053E+03 -1.0009E-02  4.6249E-02
  1.3075E+03 -1.0069E-02  4.6079E-02
  1.3098E+03 -1.0120E-02  4.5910E-02
  1.3121E+03 -1.0163E-02  4.5742E-02
  1.3143E+03 -1.0196E-02  4.5575E-02
  1.3166E+03 -1.0218E-02  4.5409E-02
  1.3189E+03 -1.0231E-02  4.5245E-02
  1.3211E+03 -1.0235E-02  4.5082E-02
  1.3234E+03 -1.0231E-02  4.4921E-02
  1.3257E+03 -1.0219E-02  4.4762E-02
  1.3280E+03 -1.0199E-02  4.4605E-02
  1.3302E+03 -1.0169E-02  4.4449E-02
  1.3325E+03 -1.0127E-02  4.4296E-02
  1.3348E+03 -1.0073E-02  4.4144E-02
  1.3370E+03 -1.0007E-02  4.3996E-02
  1.3393E+03 -9.9312E-03  4.3849E-02
  1.3416E+03 -9.8464E-03  4.3706E-02
  1.3438E+03 -9.7551E-03  4.3564E-02
  1.3461E+03 -9.6591E-03  4.3426E-02
  1.3484E+03 -9.5591E-03  4.3290E-02
  1.3507E+03 -9.4553E-03  4.3156E-02
  1.3529E+03 -9.3472E-03  4.3026E-02
  1.3552E+03 -9.2349E-03  4.2898E-02
  1.3575E+03 -9.1183E-03  4.2772E-02
  1.3597E+03 -8.9980E-03  4.2649E-02
  1.3620E+03 -8.8746E-03  4.2529E-02
  1.3643E+03 -8.7486E-03  4.2411E-02
  1.3665E+03 -8.6200E-03  4.2296E-02
  1.3688E+03 -8.4887E-03  4.2184E-02
  1.3711E+03 -8.3544E-03  4.2074E-02
  1.3734E+03 -8.2172E-03  4.1967E-02
  1.3756E+03 -8.0777E-03  4.1862E-02
  1.3779E+03 -7.9375E-03  4.1761E-02
  1.3802E+03 -7.7979E-03  4.1661E-02
  1.3824E+03 -7.6607E-03  4.1564E-02
  1.3847E+03 -7.5269E-03  4.1470E-02
  1.3870E+03 -7.3968E-03  4.1377E-02
  1.3892E+03 -7.2703E-03  4.1287E-02
  1.3915E+03 -7.1471E-03  4.1198E-02
  1.3938E+03 -7.0268E-03  4.1112E-02
  1.3961E+03 -6.9096E-03  4.1027E-02
  1.3983E+03 -6.7961E-03  4.0944E-02
  1.4006E+03 -6.6871E-03  4.0863E-02
  1.4029E+03 -6.5832E-03  4.0784E-02
  1.4051E+03 -6.4847E-03  4.0705E-02
  1.4074E+03 -6.3915E-03  4.0628E-02
  1.4097E+03 -6.3033E-03  4.0553E-02
  1.4119E+03 -6.2201E-03  4.0478E-02
  1.4142E+03 -6.1422E-03  4.0405E-02
  1.4165E+03 -6.0706E-03  4.0332E-02
  1.4188E+03 -6.0062E-03  4.0261E-02
  1.4210E+03 -5.9501E-03  4.0190E-02
  1.4233E+03 -5.9024E-03  4.0119E-02
  1.4256E+03 -5.8629E-03  4.0049E-02
  1.4278E+03 -5.8304E-03  3.9979E-02
  1.4301E+03 -5.8037E-03  3.9909E-02
  1.4324E+03 -5.7819E-03  3.9839E-02
  1.4346E+03 -5.7650E-03  3.9769E-02
  1.4369E+03 -5.7535E-03  3.9699E-02
  1.4392E+03 -5.7488E-03  3.9629E-02
  1.4415E+03 -5.7525E-03  3.9559E-02
  1.4437E+03 -5.7655E-03  3.9488E-02
  1.4460E+03 -5.7882E-03  3.9417E-02
  1.4483E+03 -5.8198E-03  3.9345E-02
  1.4505E+03 -5.8592E-03  3.9272E-02
  1.4528E+03 -5.9047E-03  3.9198E-02
  1.4551E+03 -5.9549E-03  3.9123E-02
  1.4573E+03 -6.0089E-03  3.9048E-02
  1.4596E+03 -6.0663E-03  3.8971E-02
  1.4619E+03 -6.1274E-03  3.8893E-02
  1.4642E+03 -6.1931E-03  3.8815E-02
  1.4664E+03 -6.2643E-03  3.8735E-02
  1.4687E+03 -6.3419E-03  3.8654E-02
  1.4710E+03 -6.4269E-03  3.8571E-02
  1.4732E+03 -6.5195E-03  3.8488E-02
  1.4755E+03 -6.6198E-03  3.8402E-02
  1.4778E+03 -6.7268E-03  3.8315E-02
  1.4800E+03 -6.8393E-03  3.8227E-02
  1.4823E+03 -6.9554E-03  3.8137E-02
  1.4846E+03 -7.0733E-03  3.8045E-02
  1.4869E+03 -7.1918E-03  3.7951E-02
  1.4891E+03 -7.3103E-03  3.7857E-02
  1.4914E+03 -7.4292E-03  3.7760E-02
  1.4937E+03 -7.5497E-03  3.7662E-02
  1.4959E+03 -7.6736E-03  3.7563E-02
  1.4982E+03 -7.8023E-03  3.7462E-02
  1.5005E+03 -7.9365E-03  3.7360E-02
  1.5027E+03 -8.0761E-03  3.7256E-02
  1.5050E+03 -8.2201E-03  3.7150E-02
  1.5073E+03 -8.3668E-03  3.7043E-02
  1.5096E+03 -8.5147E-03  3.6933E-02
  1.5118E+03 -8.6623E-03  3.6823E-02
  1.5141E+03 -8.8090E-03  3.6710E-02
  1.5164E+03 -8.9544E-03  3.6596E-02
  1.5186E+03 -9.0985E-03  3.6481E-02
  1.5209E+03 -9.2413E-03  3.6365E-02
  1.5232E+03 -9.3829E-03  3.6247E-02
  1.5254E+03 -9.5235E-03  3.6128E-02
  1.5277E+03 -9.6634E-03  3.6007E-02
  1.5300E+03 -9.8030E-03  3.5886E-02
  1.5323E+03 -9.9432E-03  3.5763E-02
  1.5345E+03 -1.0085E-02  3.5639E-02
  1.5368E+03 -1.0227E-02  3.5514E-02
  1.5391E+03 -1.0371E-02  3.5388E-02
  1.5413E+03 -1.0515E-02  3.5261E-02
  1.5436E+03 -1.0656E-02  3.5132E-02
  1.5459E+03 -1.0792E-02  3.5003E-02
  1.5481E+03 -1.0923E-02  3.4873E-02
  1.5504E+03 -1.1046E-02  3.4742E-02
  1.5527E+03 -1.1163E-02  3.4611E-02
  1.5550E+03 -1.1274E-02  3.4480E-02
  1.5572E+03 -1.1381E-02  3.4348E-02
  1.5595E+03 -1.1487E-02  3.4215E-02
  1.5618E+03 -1.1592E-02  3.4083E-02
  1.5640E+03 -1.1696E-02  3.3950E-02
  1.5663E+03 -1.1800E-02  3.3817E-02
  1.5686E+03 -1.1902E-02  3.3683E-02
  1.5708E+03 -1.2001E-02  3.3550E-02
  1.5731E+03 -1.2096E-02  3.3416E-02
  1.5754E+03 -1.2185E-02  3.3282E-02
  1.5777E+03 -1.2267E-02  3.3148E-02
  1.5799E+03 -1.2341E-02  3.3015E-02
  1.5822E+03 -1.2408E-02  3.2882E-02
  1.5845E+03 -1.2467E-02  3.2749E-02
  1.5867E+03 -1.2519E-02  3.2617E-02
  1.5890E+03 -1.2565E-02  3.2486E-02
  1.5913E+03 -1.2608E-02  3.2355E-02
  1.5935E+03 -1.2648E-02  3.2225E-02
  1.5958E+03 -1.2688E-02  3.2096E-02
  1.5981E+03 -1.2727E-02  3.1967E-02
  1.6004E+03 -1.2766E-02  3.1839E-02
  1.6026E+03 -1.2802E-02  3.1712E-02
  1.6049E+03 -1.2834E-02  3.1585E-02
  1.6072E+03 -1.2860E-02  3.1459E-02
  1.6094E+03 -1.2878E-02  3.1334E-02
  1.6117E+03 -1.2887E-02  3.1210E-02
  1.6140E+03 -1.2889E-02  3.1088E-02
  1.6162E+03 -1.2884E-02  3.0966E-02
  1.6185E+03 -1.2874E-02  3.0846E-02
  1.6208E+03 -1.2862E-02  3.0728E-02
  1.6231E+03 -1.2847E-02  3.0610E-02
  1.6253E+03 -1.2832E-02  3.0494E-02
  1.6276E+03 -1.2817E-02  3.0379E-02
  1.6299E+03 -1.2801E-02  3.0265E-02
  1.6321E+03 -1.2784E-02  3.0153E-02
  1.6344E+03 -1.2765E-02  3.0041E-02
  1.6367E+03 -1.2744E-02  2.9931E-02
  1.6389E+03 -1.2720E-02  2.9822E-02
  1.6412E+03 -1.2691E-02  2.9714E-02
  1.6435E+03 -1.2658E-02  2.9607E-02
  1.6458E+03 -1.2620E-02  2.9502E-02
  1.6480E+03 -1.2578E-02  2.9399E-02
  1.6503E+03 -1.2531E-02  2.9297E-02
  1.6526E+03 -1.2483E-02  2.9196E-02
  1.6548E+03 -1.2432E-02  2.9096E-02
  1.6571E+03 -1.2382E-02  2.8998E-02
  1.6594E+03 -1.2331E-02  2.8902E-02
  1.6616E+03 -1.2281E-02  2.8806E-02
  1.6639E+03 -1.2232E-02  2.8712E-02
  1.6662E+03 -1.2184E-02  2.8619E-02
  1.6685E+03 -1.2135E-02  2.8527E-02
  1.6707E+03 -1.2087E-02  2.8436E-02
  1.6730E+03 -1.2037E-02  2.8346E-02
  1.6753E+03 -1.1985E-02  2.8258E-02
  1.6775E+03 -1.1930E-02  2.8170E-02
  1.6798E+03 -1.1871E-02  2.8084E-02
  1.6821E+03 -1.1809E-02  2.7999E-02
  1.6843E+03 -1.1745E-02  2.7915E-02
  1.6866E+03 -1.1678E-02  2.7833E-02
  1.6889E+03 -1.1612E-02  2.7752E-02
  1.6912E+03 -1.1546E-02  2.7671E-02
  1.6934E+03 -1.1483E-02  2.7592E-02
  1.6957E+03 -1.1421E-02  2.7514E-02
  1.6980E+03 -1.1362E-02  2.7436E-02
  1.7002E+03 -1.1304E-02  2.7360E-02
  1.7025E+03 -1.1246E-02  2.7284E-02
  1.7048E+03 -1.1186E-02  2.7209E-02
  1.7070E+03 -1.1124E-02  2.7135E-02
  1.7093E+03 -1.1061E-02  2.7062E-02
  1.7116E+03 -1.0995E-02  2.6989E-02
  1.7139E+03 -1.0929E-02  2.6918E-02
  1.7161E+03 -1.0862E-02  2.6847E-02
  1.7184E+03 -1.0796E-02  2.6777E-02
  1.7207E+03 -1.0729E-02  2.6708E-02
  1.7229E+03 -1.0663E-02  2.6640E-02
  1.7252E+03 -1.0596E-02  2.6573E-02
  1.7275E+03 -1.0530E-02  2.6506E-02
  1.7297E+03 -1.0464E-02  2.6440E-02
  1.7320E+03 -1.0398E-02  2.6374E-02
  1.7343E+03 -1.0334E-02  2.6309E-02
  1.7366E+03 -1.0270E-02  2.6245E-02
  1.7388E+03 -1.0207E-02  2.6181E-02
  1.7411E+03 -1.0145E-02  2.6118E-02
  1.7434E+03 -1.0083E-02  2.6055E-02
  1.7456E+03 -1.0021E-02  2.5993E-02
  1.7479E+03 -9.9595E-03  2.5931E-02
  1.7502E+03 -9.8975E-03  2.5870E-02
  1.7524E+03 -9.8354E-03  2.5809E-02
  1.7547E+03 -9.7732E-03  2.5749E-02
  1.7570E+03 -9.7110E-03  2.5689E-02
  1.7593E+03 -9.6488E-03  2.5629E-02
  1.7615E+03 -9.5870E-03  2.5570E-02
  1.7638E+03 -9.5262E-03  2.5512E-02
  1.7661E+03 -9.4670E-03  2.5453E-02
  1.7683E+03 -9.4101E-03  2.5395E-02
  1.7706E+03 -9.3560E-03  2.5338E-02
  1.7729E+03 -9.3046E-03  2.5280E-02
  1.7751E+03 -9.2556E-03  2.5223E-02
  1.7774E+03 -9.2084E-03  2.5166E-02
  1.7797E+03 -9.1621E-03  2.5109E-02
  1.7820E+03 -9.1161E-03  2.5052E-02
  1.7842E+03 -9.0704E-03  2.4995E-02
  1.7865E+03 -9.0251E-03  2.4938E-02
  1.7888E+03 -8.9809E-03  2.4882E-02
  1.7910E+03 -8.9386E-03  2.4826E-02
  1.7933E+03 -8.8989E-03  2.4769E-02
  1.7956E+03 -8.8624E-03  2.4713E-02
  1.7978E+03 -8.8291E-03  2.4657E-02
  1.8001E+03 -8.7990E-03  2.4600E-02
  1.8024E+03 -8.7719E-03  2.4544E-02
  1.8047E+03 -8.7476E-03  2.4487E-02
  1.8069E+03 -8.7261E-03  2.4430E-02
  1.8092E+03 -8.7073E-03  2.4373E-02
  1.8115E+03 -8.6911E-03  2.4316E-02
  1.8137E+03 -8.6775E-03  2.4258E-02
  1.8160E+03 -8.6665E-03  2.4200E-02
  1.8183E+03 -8.6580E-03  2.4142E-02
  1.8205E+03 -8.6520E-03  2.4084E-02
  1.8228E+03 -8.6487E-03  2.4025E-02
  1.8251E+03 -8.6484E-03  2.3966E-02
  1.8274E+03 -8.6517E-03  2.3907E-02
  1.8296E+03 -8.6588E-03  2.3847E-02
  1.8319E+03 -8.6699E-03  2.3786E-02
  1.8342E+03 -8.6848E-03  2.3725E-02
  1.8364E+03 -8.7032E-03  2.3663E-02
  1.8387E+03 -8.7245E-03  2.3601E-02
  1.8410E+03 -8.7484E-03  2.3538E-02
  1.8432E+03 -8.7746E-03  2.3475E-02
  1.8455E+03 -8.8033E-03  2.3411E-02
  1.8478E+03 -8.8348E-03  2.3346E-02
  1.8501E+03 -8.8692E-03  2.3281E-02
  1.8523E+03 -8.9070E-03  2.3215E-02
  1.8546E+03 -8.9482E-03  2.3148E-02
  1.8569E+03 -8.9928E-03  2.3081E-02
  1.8591E+03 -9.0406E-03  2.3012E-02
  1.8614E+03 -9.0914E-03  2.2943E-02
  1.8637E+03 -9.1450E-03  2.2873E-02
  1.8659E+03 -9.2012E-03  2.2803E-02
  1.8682E+03 -9.2599E-03  2.2731E-02
  1.8705E+03 -9.3206E-03  2.2659E-02
  1.8728E+03 -9.3833E-03  2.2585E-02
  1.8750E+03 -9.4475E-03  2.2511E-02
  1.8773E+03 -9.5132E-03  2.2437E-02
  1.8796E+03 -9.5803E-03  2.2361E-02
  1.8818E+03 -9.6490E-03  2.2284E-02
  1.8841E+03 -9.7198E-03  2.2207E-02
  1.8864E+03 -9.7929E-03  2.2129E-02
  1.8886E+03 -9.8687E-03  2.2050E-02
  1.8909E+03 -9.9471E-03  2.1970E-02
  1.8932E+03 -1.0028E-02  2.1889E-02
  1.8955E+03 -1.0110E-02  2.1808E-02
  1.8977E+03 -1.0193E-02  2.1725E-02
  1.9000E+03 -1.0275E-02  2.1642E-02
  1.9023E+03 -1.0358E-02  2.1558E-02
  1.9045E+03 -1.0440E-02  2.1473E-02
  1.9068E+03 -1.0522E-02  2.1387E-02
  1.9091E+03 -1.0604E-02  2.1301E-02
  1.9113E+03 -1.0687E-02  2.1213E-02
  1.9136E+03 -1.0771E-02  2.1126E-02
  1.9159E+03 -1.0857E-02  2.1037E-02
  1.9182E+03 -1.0943E-02  2.0948E-02
  1.9204E+03 -1.1030E-02  2.0858E-02
  1.9227E+03 -1.1117E-02  2.0767E-02
  1.9250E+03 -1.1205E-02  2.0676E-02
  1.9272E+03 -1.1291E-02  2.0584E-02
  1.9295E+03 -1.1377E-02  2.0491E-02
  1.9318E+03 -1.1462E-02  2.0398E-02
  1.9340E+03 -1.1545E-02  2.0304E-02
  1.9363E+03 -1.1626E-02  2.0210E-02
  1.9386E+03 -1.1706E-02  2.0115E-02
  1.9409E+03 -1.1785E-02  2.0020E-02
  1.9431E+03 -1.1864E-02  1.9925E-02
  1.9454E+03 -1.1943E-02  1.9829E-02
  1.9477E+03 -1.2021E-02  1.9732E-02
  1.9499E+03 -1.2099E-02  1.9636E-02
  1.9522E+03 -1.2176E-02  1.9538E-02
  1.9545E+03 -1.2252E-02  1.9441E-02
  1.9567E+03 -1.2326E-02  1.9343E-02
  1.9590E+03 -1.2398E-02  1.9245E-02
  1.9613E+03 -1.2468E-02  1.9147E-02
  1.9636E+03 -1.2535E-02  1.9048E-02
  1.9658E+03 -1.2601E-02  1.8950E-02
  1.9681E+03 -1.2664E-02  1.8851E-02
  1.9704E+03 -1.2725E-02  1.8752E-02
  1.9726E+03 -1.2784E-02  1.8653E-02
  1.9749E+03 -1.2841E-02  1.8554E-02
  1.9772E+03 -1.2895E-02  1.8455E-02
  1.9794E+03 -1.2948E-02  1.8356E-02
  1.9817E+03 -1.2998E-02  1.8258E-02
  1.9840E+03 -1.3047E-02  1.8159E-02
  1.9863E+03 -1.3094E-02  1.8060E-02
  1.9885E+03 -1.3138E-02  1.7962E-02
  1.9908E+03 -1.3181E-02  1.7863E-02
  1.9931E+03 -1.3220E-02  1.7765E-02
  1.9953E+03 -1.3255E-02  1.7667E-02
  1.9976E+03 -1.3286E-02  1.7570E-02
  1.9999E+03 -1.3313E-02  1.7472E-02
  2.0021E+03 -1.3335E-02  1.7376E-02
  2.0044E+03 -1.3355E-02  1.7279E-02
  2.0067E+03 -1.3371E-02  1.7183E-02
  2.0090E+03 -1.3384E-02  1.7088E-02
  2.0112E+03 -1.3395E-02  1.6993E-02
  2.0135E+03 -1.3403E-02  1.6899E-02
  2.0158E+03 -1.3408E-02  1.6805E-02
  2.0180E+03 -1.3410E-02  1.6712E-02
  2.0203E+03 -1.3408E-02  1.6620E-02
  2.0226E+03 -1.3402E-02  1.6528E-02
  2.0248E+03 -1.3392E-02  1.6437E-02
  2.0271E+03 -1.3377E-02  1.6346E-02
  2.0294E+03 -1.3357E-02  1.6257E-02
  2.0317E+03 -1.3333E-02  1.6168E-02
  2.0339E+03 -1.3303E-02  1.6080E-02
  2.0362E+03 -1.3269E-02  1.5994E-02
  2.0385E+03 -1.3231E-02  1.5908E-02
  2.0407E+03 -1.3189E-02  1.5823E-02
  2.0430E+03 -1.3144E-02  1.5739E-02
  2.0453E+03 -1.3096E-02  1.5657E-02
  2.0475E+03 -1.3044E-02  1.5575E-02
  2.0498E+03 -1.2989E-02  1.5495E-02
  2.0521E+03 -1.2930E-02  1.5415E-02
  2.0544E+03 -1.2867E-02  1.5337E-02
  2.0566E+03 -1.2798E-02  1.5260E-02
  2.0589E+03 -1.2725E-02  1.5184E-02
  2.0612E+03 -1.2647E-02  1.5109E-02
  2.0634E+03 -1.2564E-02  1.5036E-02
  2.0657E+03 -1.2477E-02  1.4964E-02
  2.0680E+03 -1.2387E-02  1.4894E-02
  2.0702E+03 -1.2294E-02  1.4825E-02
  2.0725E+03 -1.2197E-02  1.4757E-02
  2.0748E+03 -1.2097E-02  1.4691E-02
  2.0771E+03 -1.1994E-02  1.4626E-02
  2.0793E+03 -1.1888E-02  1.4562E-02
  2.0816E+03 -1.1779E-02  1.4500E-02
  2.0839E+03 -1.1667E-02  1.4439E-02
  2.0861E+03 -1.1552E-02  1.4380E-02
  2.0884E+03 -1.1435E-02  1.4322E-02
  2.0907E+03 -1.1315E-02  1.4265E-02
  2.0929E+03 -1.1192E-02  1.4210E-02
  2.0952E+03 -1.1066E-02  1.4157E-02
  2.0975E+03 -1.0938E-02  1.4105E-02
  2.0998E+03 -1.0808E-02  1.4054E-02
  2.1020E+03 -1.0676E-02  1.4005E-02
  2.1043E+03 -1.0543E-02  1.3957E-02
  2.1066E+03 -1.0409E-02  1.3910E-02
  2.1088E+03 -1.0273E-02  1.3865E-02
  2.1111E+03 -1.0137E-02  1.3822E-02
  2.1134E+03 -1.0001E-02  1.3779E-02
  2.1156E+03 -9.8633E-03  1.3738E-02
  2.1179E+03 -9.7258E-03  1.3699E-02
  2.1202E+03 -9.5884E-03  1.3660E-02
  2.1225E+03 -9.4513E-03  1.3623E-02
  2.1247E+03 -9.3146E-03  1.3587E-02
  2.1270E+03 -9.1785E-03  1.3552E-02
  2.1293E+03 -9.0430E-03  1.3518E-02
  2.1315E+03 -8.9082E-03  1.3485E-02
  2.1338E+03 -8.7742E-03  1.3454E-02
  2.1361E+03 -8.6414E-03  1.3423E-02
  2.1383E+03 -8.5101E-03  1.3393E-02
  2.1406E+03 -8.3805E-03  1.3364E-02
  2.1429E+03 -8.2532E-03  1.3337E-02
  2.1452E+03 -8.1284E-03  1.3309E-02
  2.1474E+03 -8.0063E-03  1.3283E-02
  2.1497E+03 -7.8870E-03  1.3257E-02
  2.1520E+03 -7.7707E-03  1.3232E-02
  2.1542E+03 -7.6577E-03  1.3208E-02
  2.1565E+03 -7.5481E-03  1.3184E-02
  2.1588E+03 -7.4423E-03  1.3161E-02
  2.1610E+03 -7.3403E-03  1.3137E-02
  2.1633E+03 -7.2424E-03  1.3115E-02
  2.1656E+03 -7.1483E-03  1.3092E-02
  2.1679E+03 -7.0581E-03  1.3070E-02
  2.1701E+03 -6.9718E-03  1.3048E-02
  2.1724E+03 -6.8893E-03  1.3026E-02
  2.1747E+03 -6.8112E-03  1.3004E-02
  2.1769E+03 -6.7377E-03  1.2982E-02
  2.1792E+03 -6.6694E-03  1.2960E-02
  2.1815E+03 -6.6067E-03  1.2937E-02
  2.1837E+03 -6.5500E-03  1.2915E-02
  2.1860E+03 -6.4991E-03  1.2892E-02
  2.1883E+03 -6.4539E-03  1.2868E-02
  2.1906E+03 -6.4142E-03  1.2845E-02
  2.1928E+03 -6.3796E-03  1.2820E-02
  2.1951E+03 -6.3501E-03  1.2795E-02
  2.1974E+03 -6.3258E-03  1.2770E-02
  2.1996E+03 -6.3067E-03  1.2744E-02
  2.2019E+03 -6.2931E-03  1.2717E-02
  2.2042E+03 -6.2853E-03  1.2689E-02
  2.2064E+03 -6.2833E-03  1.2660E-02
  2.2087E+03 -6.2873E-03  1.2631E-02
  2.2110E+03 -6.2971E-03  1.2600E-02
  2.2133E+03 -6.3128E-03  1.2568E-02
  2.2155E+03 -6.3342E-03  1.2536E-02
  2.2178E+03 -6.3613E-03  1.2502E-02
  2.2201E+03 -6.3939E-03  1.2467E-02
  2.2223E+03 -6.4320E-03  1.2430E-02
  2.2246E+03 -6.4753E-03  1.2392E-02
  2.2269E+03 -6.5237E-03  1.2353E-02
  2.2291E+03 -6.5770E-03  1.2313E-02
  2.2314E+03 -6.6352E-03  1.2271E-02
  2.2337E+03 -6.6981E-03  1.2228E-02
  2.2360E+03 -6.7660E-03  1.2184E-02
  2.2382E+03 -6.8388E-03  1.2137E-02
  2.2405E+03 -6.9164E-03  1.2090E-02
  2.2428E+03 -6.9987E-03  1.2041E-02
  2.2450E+03 -7.0854E-03  1.1990E-02
  2.2473E+03 -7.1760E-03  1.1938E-02
  2.2496E+03 -7.2704E-03  1.1884E-02
  2.2518E+03 -7.3681E-03  1.1828E-02
  2.2541E+03 -7.4692E-03  1.1771E-02
  2.2564E+03 -7.5734E-03  1.1712E-02
  2.2587E+03 -7.6808E-03  1.1652E-02
  2.2609E+03 -7.7913E-03  1.1590E-02
  2.2632E+03 -7.9048E-03  1.1527E-02
  2.2655E+03 -8.0211E-03  1.1461E-02
  2.2677E+03 -8.1399E-03  1.1395E-02
  2.2700E+03 -8.2608E-03  1.1326E-02
  2.2723E+03 -8.3837E-03  1.1257E-02
  2.2745E+03 -8.5082E-03  1.1185E-02
  2.2768E+03 -8.6343E-03  1.1112E-02
  2.2791E+03 -8.7617E-03  1.1038E-02
  2.2814E+03 -8.8902E-03  1.0962E-02
  2.2836E+03 -9.0197E-03  1.0884E-02
  2.2859E+03 -9.1497E-03  1.0805E-02
  2.2882E+03 -9.2801E-03  1.0725E-02
  2.2904E+03 -9.4107E-03  1.0643E-02
  2.2927E+03 -9.5412E-03  1.0561E-02
  2.2950E+03 -9.6717E-03  1.0476E-02
  2.2972E+03 -9.8020E-03  1.0391E-02
  2.2995E+03 -9.9320E-03  1.0304E-02
  2.3018E+03 -1.0062E-02  1.0216E-02
  2.3041E+03 -1.0190E-02  1.0127E-02
  2.3063E+03 -1.0318E-02  1.0037E-02
  2.3086E+03 -1.0445E-02  9.9461E-03
  2.3109E+03 -1.0569E-02  9.8540E-03
  2.3131E+03 -1.0693E-02  9.7610E-03
  2.3154E+03 -1.0814E-02  9.6671E-03
  2.3177E+03 -1.0933E-02  9.5723E-03
  2.3199E+03 -1.1050E-02  9.4768E-03
  2.3222E+03 -1.1165E-02  9.3806E-03
  2.3245E+03 -1.1278E-02  9.2836E-03
  2.3268E+03 -1.1387E-02  9.1861E-03
  2.3290E+03 -1.1494E-02  9.0881E-03
  2.3313E+03 -1.1599E-02  8.9895E-03
  2.3336E+03 -1.1700E-02  8.8904E-03
  2.3358E+03 -1.1799E-02  8.7910E-03
  2.3381E+03 -1.1894E-02  8.6912E-03
  2.3404E+03 -1.1987E-02  8.5912E-03
  2.3426E+03 -1.2076E-02  8.4909E-03
  2.3449E+03 -1.2161E-02  8.3904E-03
  2.3472E+03 -1.2243E-02  8.2898E-03
  2.3495E+03 -1.2320E-02  8.1892E-03
  2.3517E+03 -1.2393E-02  8.0886E-03
  2.3540E+03 -1.2462E-02  7.9880E-03
  2.3563E+03 -1.2528E-02  7.8876E-03
  2.3585E+03 -1.2589E-02  7.7873E-03
  2.3608E+03 -1.2646E-02  7.6873E-03
  2.3631E+03 -1.2699E-02  7.5876E-03
  2.3653E+03 -1.2748E-02  7.4881E-03
  2.3676E+03 -1.2793E-02  7.3891E-03
  2.3699E+03 -1.2834E-02  7.2905E-03
  2.3722E+03 -1.2870E-02  7.1923E-03
  2.3744E+03 -1.2902E-02  7.0947E-03
  2.3767E+03 -1.2929E-02  6.9976E-03
  2.3790E+03 -1.2951E-02  6.9012E-03
  2.3812E+03 -1.2969E-02  6.8055E-03
  2.3835E+03 -1.2981E-02  6.7105E-03
  2.3858E+03 -1.2989E-02  6.6163E-03
  2.3880E+03 -1.2992E-02  6.5229E-03
  2.3903E+03 -1.2990E-02  6.4304E-03
  2.3926E+03 -1.2984E-02  6.3388E-03
  2.3949E+03 -1.2973E-02  6.2481E-03
  2.3971E+03 -1.2958E-02  6.1585E-03
  2.3994E+03 -1.2939E-02  6.0698E-03
  2.4017E+03 -1.2915E-02  5.9822E-03
  2.4039E+03 -1.2886E-02  5.8957E-03
  2.4062E+03 -1.2853E-02  5.8103E-03
  2.4085E+03 -1.2815E-02  5.7261E-03
  2.4107E+03 -1.2771E-02  5.6431E-03
  2.4130E+03 -1.2723E-02  5.5613E-03
  2.4153E+03 -1.2670E-02  5.4808E-03
  2.4176E+03 -1.2613E-02  5.4016E-03
  2.4198E+03 -1.2551E-02  5.3238E-03
  2.4221E+03 -1.2484E-02  5.2473E-03
  2.4244E+03 -1.2413E-02  5.1722E-03
  2.4266E+03 -1.2338E-02  5.0985E-03
  2.4289E+03 -1.2259E-02  5.0263E-03
  2.4312E+03 -1.2176E-02  4.9554E-03
  2.4334E+03 -1.2089E-02  4.8861E-03
  2.4357E+03 -1.1997E-02  4.8182E-03
  2.4380E+03 -1.1902E-02  4.7518E-03
  2.4403E+03 -1.1802E-02  4.6869E-03
  2.4425E+03 -1.1698E-02  4.6236E-03
  2.4448E+03 -1.1590E-02  4.5618E-03
  2.4471E+03 -1.1478E-02  4.5016E-03
  2.4493E+03 -1.1361E-02  4.4430E-03
  2.4516E+03 -1.1241E-02  4.3860E-03
  2.4539E+03 -1.1118E-02  4.3306E-03
  2.4561E+03 -1.0992E-02  4.2768E-03
  2.4584E+03 -1.0862E-02  4.2247E-03
  2.4607E+03 -1.0729E-02  4.1741E-03
  2.4630E+03 -1.0594E-02  4.1251E-03
  2.4652E+03 -1.0455E-02  4.0778E-03
  2.4675E+03 -1.0312E-02  4.0321E-03
  2.4698E+03 -1.0167E-02  3.9880E-03
  2.4720E+03 -1.0019E-02  3.9455E-03
  2.4743E+03 -9.8680E-03  3.9046E-03
  2.4766E+03 -9.7146E-03  3.8654E-03
  2.4788E+03 -9.5589E-03  3.8277E-03
  2.4811E+03 -9.4008E-03  3.7917E-03
  2.4834E+03 -9.2404E-03  3.7573E-03
  2.4857E+03 -9.0779E-03  3.7244E-03
  2.4879E+03 -8.9134E-03  3.6931E-03
  2.4902E+03 -8.7470E-03  3.6634E-03
  2.4925E+03 -8.5790E-03  3.6352E-03
  2.4947E+03 -8.4094E-03  3.6085E-03
  2.4970E+03 -8.2386E-03  3.5833E-03
  2.4993E+03 -8.0665E-03  3.5597E-03
  2.5015E+03 -7.8933E-03  3.5375E-03
  2.5038E+03 -7.7191E-03  3.5167E-03
  2.5061E+03 -7.5440E-03  3.4974E-03
  2.5084E+03 -7.3682E-03  3.4795E-03
  2.5106E+03 -7.1917E-03  3.4629E-03
  2.5129E+03 -7.0148E-03  3.4477E-03
  2.5152E+03 -6.8375E-03  3.4339E-03
  2.5174E+03 -6.6600E-03  3.4213E-03
  2.5197E+03 -6.4824E-03  3.4101E-03
  2.5220E+03 -6.3047E-03  3.4000E-03
  2.5242E+03 -6.1273E-03  3.3912E-03
  2.5265E+03 -5.9502E-03  3.3836E-03
  2.5288E+03 -5.7738E-03  3.3772E-03
  2.5311E+03 -5.5982E-03  3.3718E-03
  2.5333E+03 -5.4237E-03  3.3676E-03
  2.5356E+03 -5.2504E-03  3.3643E-03
  2.5379E+03 -5.0783E-03  3.3621E-03
  2.5401E+03 -4.9076E-03  3.3608E-03
  2.5424E+03 -4.7381E-03  3.3605E-03
  2.5447E+03 -4.5701E-03  3.3610E-03
  2.5469E+03 -4.4035E-03  3.3624E-03
  2.5492E+03 -4.2387E-03  3.3646E-03
  2.5515E+03 -4.0758E-03  3.3675E-03
  2.5538E+03 -3.9150E-03  3.3712E-03
  2.5560E+03 -3.7564E-03  3.3756E-03
  2.5583E+03 -3.6003E-03  3.3806E-03
  2.5606E+03 -3.4468E-03  3.3862E-03
  2.5628E+03 -3.2960E-03  3.3924E-03
  2.5651E+03 -3.1481E-03  3.3991E-03
  2.5674E+03 -3.0030E-03  3.4062E-03
  2.5696E+03 -2.8611E-03  3.4137E-03
  2.5719E+03 -2.7223E-03  3.4215E-03
  2.5742E+03 -2.5867E-03  3.4297E-03
  2.5765E+03 -2.4543E-03  3.4381E-03
  2.5787E+03 -2.3253E-03  3.4468E-03
  2.5810E+03 -2.1996E-03  3.4556E-03
  2.5833E+03 -2.0774E-03  3.4646E-03
  2.5855E+03 -1.9589E-03  3.4736E-03
  2.5878E+03 -1.8442E-03  3.4827E-03
  2.5901E+03 -1.7335E-03  3.4918E-03
  2.5923E+03 -1.6269E-03  3.5008E-03
  2.5946E+03 -1.5244E-03  3.5097E-03
  2.5969E+03 -1.4260E-03  3.5184E-03
  2.5991E+03 -1.3318E-03  3.5270E-03
  2.6014E+03 -1.2418E-03  3.5352E-03
  2.6037E+03 -1.1560E-03  3.5432E-03
  2.6060E+03 -1.0745E-03  3.5509E-03
  2.6082E+03 -9.9742E-04  3.5581E-03
  2.6105E+03 -9.2475E-04  3.5650E-03
  2.6128E+03 -8.5655E-04  3.5713E-03
  2.6150E+03 -7.9284E-04  3.5772E-03
  2.6173E+03 -7.3360E-04  3.5825E-03
  2.6196E+03 -6.7883E-04  3.5872E-03
  2.6218E+03 -6.2855E-04  3.5913E-03
  2.6241E+03 -5.8280E-04  3.5947E-03
  2.6264E+03 -5.4164E-04  3.5973E-03
  2.6287E+03 -5.0511E-04  3.5993E-03
  2.6309E+03 -4.7320E-04  3.6004E-03
  2.6332E+03 -4.4587E-04  3.6008E-03
  2.6355E+03 -4.2305E-04  3.6002E-03
  2.6377E+03 -4.0464E-04  3.5988E-03
  2.6400E+03 -3.9060E-04  3.5965E-03
  2.6423E+03 -3.8088E-04  3.5932E-03
  2.6445E+03 -3.7550E-04  3.5889E-03
  2.6468E+03 -3.7448E-04  3.5837E-03
  2.6491E+03 -3.7782E-04  3.5774E-03
  2.6514E+03 -3.8549E-04  3.5700E-03
  2.6536E+03 -3.9740E-04  3.5616E-03
  2.6559E+03 -4.1343E-04  3.5521E-03
  2.6582E+03 -4.3346E-04  3.5414E-03
  2.6604E+03 -4.5736E-04  3.5296E-03
  2.6627E+03 -4.8506E-04  3.5167E-03
  2.6650E+03 -5.1650E-04  3.5026E-03
  2.6672E+03 -5.5165E-04  3.4873E-03
  2.6695E+03 -5.9046E-04  3.4708E-03
  2.6718E+03 -6.3285E-04  3.4531E-03
  2.6741E+03 -6.7870E-04  3.4342E-03
  2.6763E+03 -7.2785E-04  3.4140E-03
  2.6786E+03 -7.8018E-04  3.3926E-03
  2.6809E+03 -8.3554E-04  3.3700E-03
  2.6831E+03 -8.9384E-04  3.3461E-03
  2.6854E+03 -9.5502E-04  3.3211E-03
  2.6877E+03 -1.0190E-03  3.2947E-03
  2.6899E+03 -1.0857E-03  3.2672E-03
  2.6922E+03 -1.1549E-03  3.2383E-03
  2.6945E+03 -1.2266E-03  3.2083E-03
  2.6968E+03 -1.3005E-03  3.1770E-03
  2.6990E+03 -1.3766E-03  3.1446E-03
  2.7013E+03 -1.4545E-03  3.1109E-03
  2.7036E+03 -1.5343E-03  3.0760E-03
  2.7058E+03 -1.6158E-03  3.0400E-03
  2.7081E+03 -1.6989E-03  3.0028E-03
  2.7104E+03 -1.7834E-03  2.9644E-03
  2.7126E+03 -1.8693E-03  2.9249E-03
  2.7149E+03 -1.9565E-03  2.8843E-03
  2.7172E+03 -2.0448E-03  2.8426E-03
  2.7195E+03 -2.1341E-03  2.7998E-03
  2.7217E+03 -2.2243E-03  2.7560E-03
  2.7240E+03 -2.3154E-03  2.7111E-03
  2.7263E+03 -2.4070E-03  2.6652E-03
  2.7285E+03 -2.4992E-03  2.6183E-03
  2.7308E+03 -2.5917E-03  2.5705E-03
  2.7331E+03 -2.6843E-03  2.5217E-03
  2.7353E+03 -2.7768E-03  2.4720E-03
  2.7376E+03 -2.8692E-03  2.4214E-03
  2.7399E+03 -2.9613E-03  2.3700E-03
  2.7422E+03 -3.0532E-03  2.3178E-03
  2.7444E+03 -3.1448E-03  2.2648E-03
  2.7467E+03 -3.2360E-03  2.2111E-03
  2.7490E+03 -3.3269E-03  2.1566E-03
  2.7512E+03 -3.4172E-03  2.1014E-03
  2.7535E+03 -3.5069E-03  2.0455E-03
  2.7558E+03 -3.5957E-03  1.9890E-03
  2.7580E+03 -3.6834E-03  1.9319E-03
  2.7603E+03 -3.7700E-03  1.8742E-03
  2.7626E+03 -3.8553E-03  1.8159E-03
  2.7649E+03 -3.9392E-03  1.7572E-03
  2.7671E+03 -4.0218E-03  1.6980E-03
  2.7694E+03 -4.1029E-03  1.6384E-03
  2.7717E+03 -4.1826E-03  1.5784E-03
  2.7739E+03 -4.2608E-03  1.5180E-03
  2.7762E+03 -4.3374E-03  1.4573E-03
  2.7785E+03 -4.4124E-03  1.3962E-03
  2.7807E+03 -4.4858E-03  1.3349E-03
  2.7830E+03 -4.5573E-03  1.2734E-03
  2.7853E+03 -4.6271E-03  1.2116E-03
  2.7876E+03 -4.6950E-03  1.1497E-03
  2.7898E+03 -4.7608E-03  1.0876E-03
  2.7921E+03 -4.8245E-03  1.0254E-03
  2.7944E+03 -4.8860E-03  9.6308E-04
  2.7966E+03 -4.9453E-03  9.0075E-04
  2.7989E+03 -5.0023E-03  8.3841E-04
  2.8012E+03 -5.0570E-03  7.7608E-04
  2.8034E+03 -5.1095E-03  7.1380E-04
  2.8057E+03 -5.1598E-03  6.5159E-04
  2.8080E+03 -5.2079E-03  5.8948E-04
  2.8103E+03 -5.2537E-03  5.2748E-04
  2.8125E+03 -5.2972E-03  4.6564E-04
  2.8148E+03 -5.3382E-03  4.0398E-04
  2.8171E+03 -5.3767E-03  3.4252E-04
  2.8193E+03 -5.4128E-03  2.8129E-04
  2.8216E+03 -5.4463E-03  2.2032E-04
  2.8239E+03 -5.4773E-03  1.5963E-04
  2.8261E+03 -5.5058E-03  9.9253E-05
  2.8284E+03 -5.5317E-03  3.9206E-05
  2.8307E+03 -5.5551E-03 -2.0485E-05
  2.8330E+03 -5.5759E-03 -7.9798E-05
  2.8352E+03 -5.5941E-03 -1.3871E-04
  2.8375E+03 -5.6097E-03 -1.9721E-04
  2.8398E+03 -5.6227E-03 -2.5526E-04
  2.8420E+03 -5.6332E-03 -3.1285E-04
  2.8443E+03 -5.6411E-03 -3.6997E-04
  2.8466E+03 -5.6466E-03 -4.2659E-04
  2.8488E+03 -5.6494E-03 -4.8269E-04
  2.8511E+03 -5.6497E-03 -5.3826E-04
  2.8534E+03 -5.6475E-03 -5.9328E-04
  2.8557E+03 -5.6426E-03 -6.4774E-04
  2.8579E+03 -5.6351E-03 -7.0161E-04
  2.8602E+03 -5.6250E-03 -7.5489E-04
  2.8625E+03 -5.6124E-03 -8.0755E-04
  2.8647E+03 -5.5972E-03 -8.5958E-04
  2.8670E+03 -5.5796E-03 -9.1097E-04
  2.8693E+03 -5.5594E-03 -9.6170E-04
  2.8715E+03 -5.5367E-03 -1.0118E-03
  2.8738E+03 -5.5116E-03 -1.0612E-03
  2.8761E+03 -5.4840E-03 -1.1099E-03
  2.8784E+03 -5.4539E-03 -1.1579E-03
  2.8806E+03 -5.4215E-03 -1.2052E-03
  2.8829E+03 -5.3868E-03 -1.2517E-03
  2.8852E+03 -5.3498E-03 -1.2976E-03
  2.8874E+03 -5.3104E-03 -1.3427E-03
  2.8897E+03 -5.2688E-03 -1.3871E-03
  2.8920E+03 -5.2248E-03 -1.4307E-03
  2.8942E+03 -5.1786E-03 -1.4736E-03
  2.8965E+03 -5.1300E-03 -1.5156E-03
  2.8988E+03 -5.0792E-03 -1.5570E-03
  2.9011E+03 -5.0263E-03 -1.5975E-03
  2.9033E+03 -4.9712E-03 -1.6373E-03
  2.9056E+03 -4.9141E-03 -1.6762E-03
  2.9079E+03 -4.8549E-03 -1.7144E-03
  2.9101E+03 -4.7937E-03 -1.7518E-03
  2.9124E+03 -4.7305E-03 -1.7884E-03
  2.9147E+03 -4.6654E-03 -1.8242E-03
  2.9169E+03 -4.5984E-03 -1.8592E-03
  2.9192E+03 -4.5296E-03 -1.8934E-03
  2.9215E+03 -4.4591E-03 -1.9267E-03
  2.9238E+03 -4.3867E-03 -1.9593E-03
  2.9260E+03 -4.3127E-03 -1.9911E-03
  2.9283E+03 -4.2369E-03 -2.0221E-03
  2.9306E+03 -4.1594E-03 -2.0522E-03
  2.9328E+03 -4.0802E-03 -2.0816E-03
  2.9351E+03 -3.9993E-03 -2.1101E-03
  2.9374E+03 -3.9170E-03 -2.1379E-03
  2.9396E+03 -3.8331E-03 -2.1648E-03
  2.9419E+03 -3.7480E-03 -2.1910E-03
  2.9442E+03 -3.6616E-03 -2.2163E-03
  2.9465E+03 -3.5739E-03 -2.2409E-03
  2.9487E+03 -3.4850E-03 -2.2647E-03
  2.9510E+03 -3.3950E-03 -2.2877E-03
  2.9533E+03 -3.3037E-03 -2.3099E-03
  2.9555E+03 -3.2112E-03 -2.3314E-03
  2.9578E+03 -3.1176E-03 -2.3521E-03
  2.9601E+03 -3.0230E-03 -2.3720E-03
  2.9623E+03 -2.9274E-03 -2.3912E-03
  2.9646E+03 -2.8309E-03 -2.4096E-03
  2.9669E+03 -2.7336E-03 -2.4273E-03
  2.9692E+03 -2.6355E-03 -2.4443E-03
  2.9714E+03 -2.5366E-03 -2.4605E-03
  2.9737E+03 -2.4371E-03 -2.4760E-03
  2.9760E+03 -2.3369E-03 -2.4908E-03
  2.9782E+03 -2.2361E-03 -2.5048E-03
  2.9805E+03 -2.1348E-03 -2.5182E-03
  2.9828E+03 -2.0330E-03 -2.5310E-03
  2.9850E+03 -1.9308E-03 -2.5430E-03
  2.9873E+03 -1.8283E-03 -2.5543E-03
  2.9896E+03 -1.7253E-03 -2.5651E-03
  2.9919E+03 -1.6221E-03 -2.5751E-03
  2.9941E+03 -1.5186E-03 -2.5845E-03
  2.9964E+03 -1.4150E-03 -2.5933E-03
  2.9987E+03 -1.3112E-03 -2.6015E-03
  3.0000E+03 -1.2504E-03 -2.6060E-03
