# CREATED BY GENE DIAGNOSTICS TOOL on Wed Dec 16 17:24:28 2020
# diag: gamdiag, run(s): 0024, time window: 0-3000(1423 steps), species: ions
# original data path: /marconi_scratch/userexternal/cmoreno0/GAM_HP_scan/scanfiles0001/
# normalization: L_ref=1.65m
#
# xind= 0, x/a= 0.5, q= 1.1358678
# Fit:    0.39693906,1.6259934e+46,-7.5263641e+45
# Analytic (Gao, Zhou/Yu): 0.25929117,0.37265825,4.3231202
#  t          Re[phi]     Im[phi]   
  0.0000E+00  9.9997E-01  0.0000E+00
  2.1100E+00  9.3414E-01  2.8838E-03
  4.2200E+00  8.3966E-01  5.9570E-03
  6.3300E+00  7.8145E-01  8.4275E-03
  8.4400E+00  7.3573E-01  1.0264E-02
  1.0550E+01  6.8927E-01  1.1882E-02
  1.2660E+01  6.4788E-01  1.3030E-02
  1.4770E+01  6.1601E-01  1.3618E-02
  1.6880E+01  5.9382E-01  1.3906E-02
  1.8990E+01  5.8035E-01  1.4186E-02
  2.1100E+01  5.7447E-01  1.4650E-02
  2.3210E+01  5.7462E-01  1.5390E-02
  2.5320E+01  5.7894E-01  1.6424E-02
  2.7430E+01  5.8560E-01  1.7705E-02
  2.9540E+01  5.9305E-01  1.9166E-02
  3.1650E+01  5.9977E-01  2.0706E-02
  3.3760E+01  6.0492E-01  2.2266E-02
  3.5870E+01  6.0817E-01  2.3772E-02
  3.7980E+01  6.0939E-01  2.5193E-02
  4.0090E+01  6.0907E-01  2.6569E-02
  4.2200E+01  6.0691E-01  2.7824E-02
  4.4310E+01  6.0400E-01  2.9014E-02
  4.6420E+01  6.0050E-01  3.0184E-02
  4.8530E+01  5.9646E-01  3.1308E-02
  5.0640E+01  5.9229E-01  3.2434E-02
  5.2750E+01  5.8832E-01  3.3580E-02
  5.4860E+01  5.8461E-01  3.4767E-02
  5.6970E+01  5.8105E-01  3.5960E-02
  5.9080E+01  5.7810E-01  3.7223E-02
  6.1190E+01  5.7534E-01  3.8502E-02
  6.3300E+01  5.7268E-01  3.9764E-02
  6.5410E+01  5.7080E-01  4.1091E-02
  6.7520E+01  5.6903E-01  4.2380E-02
  6.9630E+01  5.6757E-01  4.3689E-02
  7.1740E+01  5.6648E-01  4.5033E-02
  7.3850E+01  5.6472E-01  4.6233E-02
  7.5960E+01  5.6272E-01  4.7406E-02
  7.8070E+01  5.6149E-01  4.8667E-02
  8.0180E+01  5.6064E-01  4.9910E-02
  8.2290E+01  5.5955E-01  5.1095E-02
  8.4400E+01  5.5835E-01  5.2264E-02
  8.6510E+01  5.5728E-01  5.3442E-02
  8.8620E+01  5.5631E-01  5.4638E-02
  9.0730E+01  5.5525E-01  5.5825E-02
  9.2840E+01  5.5399E-01  5.6969E-02
  9.4950E+01  5.5267E-01  5.8087E-02
  9.7060E+01  5.5140E-01  5.9211E-02
  9.9170E+01  5.5011E-01  6.0339E-02
  1.0128E+02  5.4868E-01  6.1452E-02
  1.0339E+02  5.4711E-01  6.2546E-02
  1.0550E+02  5.4544E-01  6.3623E-02
  1.0761E+02  5.4373E-01  6.4688E-02
  1.0972E+02  5.4200E-01  6.5741E-02
  1.1183E+02  5.4021E-01  6.6784E-02
  1.1394E+02  5.3838E-01  6.7819E-02
  1.1605E+02  5.3655E-01  6.8849E-02
  1.1816E+02  5.3478E-01  6.9875E-02
  1.2027E+02  5.3312E-01  7.0905E-02
  1.2238E+02  5.3153E-01  7.1932E-02
  1.2449E+02  5.2996E-01  7.2962E-02
  1.2660E+02  5.2840E-01  7.3995E-02
  1.2871E+02  5.2686E-01  7.5027E-02
  1.3082E+02  5.2542E-01  7.6059E-02
  1.3293E+02  5.2413E-01  7.7093E-02
  1.3504E+02  5.2293E-01  7.8126E-02
  1.3715E+02  5.2175E-01  7.9161E-02
  1.3926E+02  5.2051E-01  8.0194E-02
  1.4137E+02  5.1921E-01  8.1225E-02
  1.4348E+02  5.1791E-01  8.2257E-02
  1.4559E+02  5.1666E-01  8.3284E-02
  1.4770E+02  5.1548E-01  8.4305E-02
  1.4981E+02  5.1437E-01  8.5323E-02
  1.5192E+02  5.1327E-01  8.6338E-02
  1.5403E+02  5.1211E-01  8.7347E-02
  1.5614E+02  5.1089E-01  8.8352E-02
  1.5825E+02  5.0963E-01  8.9357E-02
  1.6036E+02  5.0838E-01  9.0360E-02
  1.6247E+02  5.0715E-01  9.1359E-02
  1.6458E+02  5.0595E-01  9.2353E-02
  1.6669E+02  5.0477E-01  9.3340E-02
  1.6880E+02  5.0359E-01  9.4321E-02
  1.7091E+02  5.0240E-01  9.5296E-02
  1.7302E+02  5.0118E-01  9.6266E-02
  1.7513E+02  4.9993E-01  9.7232E-02
  1.7724E+02  4.9868E-01  9.8193E-02
  1.7935E+02  4.9742E-01  9.9149E-02
  1.8146E+02  4.9618E-01  1.0010E-01
  1.8357E+02  4.9498E-01  1.0104E-01
  1.8568E+02  4.9383E-01  1.0198E-01
  1.8779E+02  4.9273E-01  1.0292E-01
  1.8990E+02  4.9167E-01  1.0385E-01
  1.9201E+02  4.9062E-01  1.0478E-01
  1.9412E+02  4.8953E-01  1.0571E-01
  1.9623E+02  4.8836E-01  1.0663E-01
  1.9834E+02  4.8710E-01  1.0755E-01
  2.0045E+02  4.8577E-01  1.0846E-01
  2.0256E+02  4.8440E-01  1.0937E-01
  2.0467E+02  4.8308E-01  1.1027E-01
  2.0678E+02  4.8185E-01  1.1117E-01
  2.0889E+02  4.8075E-01  1.1206E-01
  2.1100E+02  4.7979E-01  1.1295E-01
  2.1311E+02  4.7890E-01  1.1384E-01
  2.1522E+02  4.7800E-01  1.1473E-01
  2.1733E+02  4.7702E-01  1.1562E-01
  2.1944E+02  4.7588E-01  1.1650E-01
  2.2155E+02  4.7461E-01  1.1737E-01
  2.2366E+02  4.7321E-01  1.1824E-01
  2.2577E+02  4.7177E-01  1.1910E-01
  2.2788E+02  4.7034E-01  1.1996E-01
  2.2999E+02  4.6899E-01  1.2081E-01
  2.3210E+02  4.6777E-01  1.2166E-01
  2.3421E+02  4.6668E-01  1.2251E-01
  2.3632E+02  4.6571E-01  1.2336E-01
  2.3843E+02  4.6481E-01  1.2421E-01
  2.4054E+02  4.6389E-01  1.2506E-01
  2.4265E+02  4.6293E-01  1.2590E-01
  2.4476E+02  4.6188E-01  1.2673E-01
  2.4687E+02  4.6076E-01  1.2755E-01
  2.4898E+02  4.5957E-01  1.2837E-01
  2.5109E+02  4.5831E-01  1.2918E-01
  2.5320E+02  4.5703E-01  1.2999E-01
  2.5531E+02  4.5576E-01  1.3079E-01
  2.5742E+02  4.5454E-01  1.3159E-01
  2.5953E+02  4.5340E-01  1.3239E-01
  2.6164E+02  4.5233E-01  1.3318E-01
  2.6375E+02  4.5130E-01  1.3397E-01
  2.6586E+02  4.5029E-01  1.3476E-01
  2.6797E+02  4.4927E-01  1.3555E-01
  2.7008E+02  4.4823E-01  1.3633E-01
  2.7219E+02  4.4716E-01  1.3711E-01
  2.7430E+02  4.4605E-01  1.3789E-01
  2.7641E+02  4.4488E-01  1.3867E-01
  2.7852E+02  4.4364E-01  1.3944E-01
  2.8063E+02  4.4235E-01  1.4020E-01
  2.8274E+02  4.4104E-01  1.4096E-01
  2.8485E+02  4.3976E-01  1.4171E-01
  2.8696E+02  4.3855E-01  1.4245E-01
  2.8907E+02  4.3745E-01  1.4319E-01
  2.9118E+02  4.3644E-01  1.4393E-01
  2.9329E+02  4.3552E-01  1.4467E-01
  2.9540E+02  4.3466E-01  1.4540E-01
  2.9751E+02  4.3380E-01  1.4613E-01
  2.9962E+02  4.3291E-01  1.4686E-01
  3.0173E+02  4.3196E-01  1.4758E-01
  3.0384E+02  4.3094E-01  1.4830E-01
  3.0595E+02  4.2983E-01  1.4901E-01
  3.0806E+02  4.2863E-01  1.4972E-01
  3.1017E+02  4.2737E-01  1.5042E-01
  3.1228E+02  4.2607E-01  1.5111E-01
  3.1439E+02  4.2477E-01  1.5180E-01
  3.1650E+02  4.2350E-01  1.5250E-01
  3.1861E+02  4.2229E-01  1.5319E-01
  3.2072E+02  4.2116E-01  1.5388E-01
  3.2283E+02  4.2013E-01  1.5457E-01
  3.2494E+02  4.1919E-01  1.5526E-01
  3.2705E+02  4.1832E-01  1.5595E-01
  3.2916E+02  4.1747E-01  1.5662E-01
  3.3127E+02  4.1659E-01  1.5729E-01
  3.3338E+02  4.1563E-01  1.5795E-01
  3.3549E+02  4.1459E-01  1.5861E-01
  3.3760E+02  4.1347E-01  1.5925E-01
  3.3971E+02  4.1229E-01  1.5989E-01
  3.4182E+02  4.1110E-01  1.6053E-01
  3.4393E+02  4.0993E-01  1.6117E-01
  3.4604E+02  4.0881E-01  1.6181E-01
  3.4815E+02  4.0774E-01  1.6246E-01
  3.5026E+02  4.0671E-01  1.6310E-01
  3.5237E+02  4.0569E-01  1.6373E-01
  3.5448E+02  4.0466E-01  1.6437E-01
  3.5659E+02  4.0364E-01  1.6500E-01
  3.5870E+02  4.0263E-01  1.6562E-01
  3.6081E+02  4.0166E-01  1.6624E-01
  3.6292E+02  4.0074E-01  1.6684E-01
  3.6503E+02  3.9983E-01  1.6745E-01
  3.6714E+02  3.9892E-01  1.6805E-01
  3.6925E+02  3.9795E-01  1.6864E-01
  3.7136E+02  3.9690E-01  1.6924E-01
  3.7347E+02  3.9578E-01  1.6983E-01
  3.7558E+02  3.9460E-01  1.7042E-01
  3.7769E+02  3.9339E-01  1.7100E-01
  3.7980E+02  3.9220E-01  1.7159E-01
  3.8191E+02  3.9104E-01  1.7217E-01
  3.8402E+02  3.8995E-01  1.7275E-01
  3.8613E+02  3.8891E-01  1.7332E-01
  3.8824E+02  3.8790E-01  1.7389E-01
  3.9035E+02  3.8691E-01  1.7446E-01
  3.9246E+02  3.8590E-01  1.7502E-01
  3.9457E+02  3.8489E-01  1.7558E-01
  3.9668E+02  3.8387E-01  1.7613E-01
  3.9879E+02  3.8286E-01  1.7668E-01
  4.0090E+02  3.8188E-01  1.7723E-01
  4.0301E+02  3.8093E-01  1.7777E-01
  4.0512E+02  3.8002E-01  1.7831E-01
  4.0723E+02  3.7913E-01  1.7885E-01
  4.0934E+02  3.7827E-01  1.7938E-01
  4.1145E+02  3.7741E-01  1.7991E-01
  4.1356E+02  3.7653E-01  1.8044E-01
  4.1567E+02  3.7561E-01  1.8097E-01
  4.1778E+02  3.7464E-01  1.8149E-01
  4.1989E+02  3.7363E-01  1.8201E-01
  4.2200E+02  3.7259E-01  1.8252E-01
  4.2411E+02  3.7153E-01  1.8303E-01
  4.2622E+02  3.7048E-01  1.8353E-01
  4.2833E+02  3.6947E-01  1.8404E-01
  4.3044E+02  3.6849E-01  1.8453E-01
  4.3255E+02  3.6754E-01  1.8503E-01
  4.3466E+02  3.6659E-01  1.8552E-01
  4.3677E+02  3.6564E-01  1.8601E-01
  4.3888E+02  3.6467E-01  1.8650E-01
  4.4099E+02  3.6368E-01  1.8699E-01
  4.4310E+02  3.6266E-01  1.8747E-01
  4.4521E+02  3.6164E-01  1.8794E-01
  4.4732E+02  3.6062E-01  1.8842E-01
  4.4943E+02  3.5963E-01  1.8889E-01
  4.5154E+02  3.5866E-01  1.8935E-01
  4.5365E+02  3.5773E-01  1.8982E-01
  4.5576E+02  3.5682E-01  1.9028E-01
  4.5787E+02  3.5592E-01  1.9073E-01
  4.5998E+02  3.5501E-01  1.9119E-01
  4.6209E+02  3.5410E-01  1.9164E-01
  4.6420E+02  3.5316E-01  1.9209E-01
  4.6631E+02  3.5221E-01  1.9253E-01
  4.6842E+02  3.5122E-01  1.9297E-01
  4.7053E+02  3.5021E-01  1.9341E-01
  4.7264E+02  3.4918E-01  1.9384E-01
  4.7475E+02  3.4813E-01  1.9427E-01
  4.7686E+02  3.4709E-01  1.9470E-01
  4.7897E+02  3.4605E-01  1.9512E-01
  4.8108E+02  3.4504E-01  1.9554E-01
  4.8319E+02  3.4405E-01  1.9596E-01
  4.8530E+02  3.4307E-01  1.9637E-01
  4.8741E+02  3.4211E-01  1.9679E-01
  4.8952E+02  3.4115E-01  1.9719E-01
  4.9163E+02  3.4019E-01  1.9760E-01
  4.9374E+02  3.3921E-01  1.9800E-01
  4.9585E+02  3.3824E-01  1.9840E-01
  4.9796E+02  3.3726E-01  1.9880E-01
  5.0007E+02  3.3631E-01  1.9919E-01
  5.0218E+02  3.3536E-01  1.9958E-01
  5.0429E+02  3.3443E-01  1.9997E-01
  5.0640E+02  3.3350E-01  2.0035E-01
  5.0851E+02  3.3256E-01  2.0073E-01
  5.1062E+02  3.3162E-01  2.0110E-01
  5.1273E+02  3.3069E-01  2.0148E-01
  5.1484E+02  3.2975E-01  2.0184E-01
  5.1695E+02  3.2883E-01  2.0221E-01
  5.1906E+02  3.2793E-01  2.0258E-01
  5.2117E+02  3.2703E-01  2.0294E-01
  5.2328E+02  3.2613E-01  2.0330E-01
  5.2539E+02  3.2523E-01  2.0366E-01
  5.2750E+02  3.2431E-01  2.0401E-01
  5.2961E+02  3.2338E-01  2.0436E-01
  5.3172E+02  3.2244E-01  2.0471E-01
  5.3383E+02  3.2151E-01  2.0505E-01
  5.3594E+02  3.2059E-01  2.0539E-01
  5.3805E+02  3.1969E-01  2.0572E-01
  5.4016E+02  3.1881E-01  2.0606E-01
  5.4227E+02  3.1794E-01  2.0639E-01
  5.4438E+02  3.1708E-01  2.0672E-01
  5.4649E+02  3.1621E-01  2.0705E-01
  5.4860E+02  3.1533E-01  2.0737E-01
  5.5071E+02  3.1443E-01  2.0770E-01
  5.5282E+02  3.1350E-01  2.0801E-01
  5.5493E+02  3.1258E-01  2.0833E-01
  5.5704E+02  3.1165E-01  2.0864E-01
  5.5915E+02  3.1074E-01  2.0895E-01
  5.6126E+02  3.0986E-01  2.0925E-01
  5.6337E+02  3.0902E-01  2.0955E-01
  5.6548E+02  3.0820E-01  2.0985E-01
  5.6759E+02  3.0740E-01  2.1015E-01
  5.6970E+02  3.0659E-01  2.1045E-01
  5.7181E+02  3.0577E-01  2.1074E-01
  5.7392E+02  3.0492E-01  2.1103E-01
  5.7603E+02  3.0402E-01  2.1132E-01
  5.7814E+02  3.0310E-01  2.1161E-01
  5.8025E+02  3.0216E-01  2.1189E-01
  5.8236E+02  3.0121E-01  2.1216E-01
  5.8447E+02  3.0026E-01  2.1244E-01
  5.8658E+02  2.9933E-01  2.1271E-01
  5.8869E+02  2.9841E-01  2.1298E-01
  5.9080E+02  2.9750E-01  2.1325E-01
  5.9291E+02  2.9661E-01  2.1351E-01
  5.9502E+02  2.9574E-01  2.1377E-01
  5.9713E+02  2.9488E-01  2.1403E-01
  5.9924E+02  2.9403E-01  2.1429E-01
  6.0135E+02  2.9320E-01  2.1454E-01
  6.0346E+02  2.9238E-01  2.1479E-01
  6.0557E+02  2.9155E-01  2.1504E-01
  6.0768E+02  2.9071E-01  2.1529E-01
  6.0979E+02  2.8984E-01  2.1553E-01
  6.1190E+02  2.8895E-01  2.1577E-01
  6.1401E+02  2.8802E-01  2.1601E-01
  6.1612E+02  2.8708E-01  2.1624E-01
  6.1823E+02  2.8612E-01  2.1647E-01
  6.2034E+02  2.8516E-01  2.1670E-01
  6.2245E+02  2.8423E-01  2.1692E-01
  6.2456E+02  2.8332E-01  2.1715E-01
  6.2667E+02  2.8245E-01  2.1737E-01
  6.2878E+02  2.8160E-01  2.1758E-01
  6.3089E+02  2.8076E-01  2.1780E-01
  6.3300E+02  2.7992E-01  2.1801E-01
  6.3511E+02  2.7907E-01  2.1822E-01
  6.3722E+02  2.7819E-01  2.1843E-01
  6.3933E+02  2.7731E-01  2.1864E-01
  6.4144E+02  2.7641E-01  2.1884E-01
  6.4355E+02  2.7551E-01  2.1904E-01
  6.4566E+02  2.7461E-01  2.1923E-01
  6.4777E+02  2.7371E-01  2.1943E-01
  6.4988E+02  2.7282E-01  2.1962E-01
  6.5199E+02  2.7193E-01  2.1981E-01
  6.5410E+02  2.7105E-01  2.1999E-01
  6.5621E+02  2.7018E-01  2.2018E-01
  6.5832E+02  2.6931E-01  2.2036E-01
  6.6043E+02  2.6844E-01  2.2054E-01
  6.6254E+02  2.6758E-01  2.2072E-01
  6.6465E+02  2.6671E-01  2.2089E-01
  6.6676E+02  2.6584E-01  2.2106E-01
  6.6887E+02  2.6497E-01  2.2123E-01
  6.7098E+02  2.6409E-01  2.2139E-01
  6.7309E+02  2.6322E-01  2.2155E-01
  6.7520E+02  2.6236E-01  2.2171E-01
  6.7731E+02  2.6150E-01  2.2187E-01
  6.7942E+02  2.6066E-01  2.2203E-01
  6.8153E+02  2.5982E-01  2.2218E-01
  6.8364E+02  2.5898E-01  2.2233E-01
  6.8575E+02  2.5813E-01  2.2248E-01
  6.8786E+02  2.5727E-01  2.2263E-01
  6.8997E+02  2.5640E-01  2.2277E-01
  6.9208E+02  2.5552E-01  2.2291E-01
  6.9419E+02  2.5465E-01  2.2305E-01
  6.9630E+02  2.5379E-01  2.2319E-01
  6.9841E+02  2.5294E-01  2.2332E-01
  7.0052E+02  2.5211E-01  2.2345E-01
  7.0263E+02  2.5128E-01  2.2358E-01
  7.0474E+02  2.5046E-01  2.2371E-01
  7.0685E+02  2.4963E-01  2.2383E-01
  7.0896E+02  2.4879E-01  2.2395E-01
  7.1107E+02  2.4794E-01  2.2407E-01
  7.1318E+02  2.4710E-01  2.2419E-01
  7.1529E+02  2.4625E-01  2.2430E-01
  7.1740E+02  2.4542E-01  2.2441E-01
  7.1951E+02  2.4460E-01  2.2452E-01
  7.2162E+02  2.4378E-01  2.2463E-01
  7.2373E+02  2.4296E-01  2.2474E-01
  7.2584E+02  2.4215E-01  2.2484E-01
  7.2795E+02  2.4133E-01  2.2494E-01
  7.3006E+02  2.4051E-01  2.2504E-01
  7.3217E+02  2.3969E-01  2.2513E-01
  7.3428E+02  2.3888E-01  2.2523E-01
  7.3639E+02  2.3807E-01  2.2532E-01
  7.3850E+02  2.3727E-01  2.2541E-01
  7.4061E+02  2.3647E-01  2.2549E-01
  7.4272E+02  2.3567E-01  2.2558E-01
  7.4483E+02  2.3486E-01  2.2566E-01
  7.4694E+02  2.3405E-01  2.2574E-01
  7.4905E+02  2.3323E-01  2.2582E-01
  7.5116E+02  2.3241E-01  2.2589E-01
  7.5327E+02  2.3160E-01  2.2597E-01
  7.5538E+02  2.3079E-01  2.2604E-01
  7.5749E+02  2.2998E-01  2.2611E-01
  7.5960E+02  2.2918E-01  2.2617E-01
  7.6171E+02  2.2839E-01  2.2624E-01
  7.6382E+02  2.2760E-01  2.2630E-01
  7.6593E+02  2.2682E-01  2.2636E-01
  7.6804E+02  2.2603E-01  2.2642E-01
  7.7015E+02  2.2525E-01  2.2647E-01
  7.7226E+02  2.2446E-01  2.2653E-01
  7.7437E+02  2.2367E-01  2.2658E-01
  7.7648E+02  2.2288E-01  2.2663E-01
  7.7859E+02  2.2210E-01  2.2667E-01
  7.8070E+02  2.2133E-01  2.2672E-01
  7.8281E+02  2.2057E-01  2.2676E-01
  7.8492E+02  2.1981E-01  2.2680E-01
  7.8703E+02  2.1905E-01  2.2684E-01
  7.8914E+02  2.1829E-01  2.2688E-01
  7.9125E+02  2.1752E-01  2.2691E-01
  7.9336E+02  2.1674E-01  2.2694E-01
  7.9547E+02  2.1595E-01  2.2697E-01
  7.9758E+02  2.1516E-01  2.2700E-01
  7.9969E+02  2.1438E-01  2.2703E-01
  8.0180E+02  2.1360E-01  2.2705E-01
  8.0391E+02  2.1283E-01  2.2707E-01
  8.0602E+02  2.1206E-01  2.2709E-01
  8.0813E+02  2.1129E-01  2.2711E-01
  8.1024E+02  2.1052E-01  2.2712E-01
  8.1235E+02  2.0974E-01  2.2714E-01
  8.1446E+02  2.0896E-01  2.2715E-01
  8.1657E+02  2.0818E-01  2.2716E-01
  8.1868E+02  2.0741E-01  2.2716E-01
  8.2079E+02  2.0665E-01  2.2717E-01
  8.2290E+02  2.0589E-01  2.2717E-01
  8.2501E+02  2.0514E-01  2.2717E-01
  8.2712E+02  2.0438E-01  2.2717E-01
  8.2923E+02  2.0363E-01  2.2717E-01
  8.3134E+02  2.0287E-01  2.2717E-01
  8.3345E+02  2.0212E-01  2.2716E-01
  8.3556E+02  2.0136E-01  2.2715E-01
  8.3767E+02  2.0061E-01  2.2714E-01
  8.3978E+02  1.9987E-01  2.2713E-01
  8.4189E+02  1.9912E-01  2.2711E-01
  8.4400E+02  1.9838E-01  2.2710E-01
  8.4611E+02  1.9763E-01  2.2708E-01
  8.4822E+02  1.9688E-01  2.2706E-01
  8.5033E+02  1.9612E-01  2.2704E-01
  8.5244E+02  1.9536E-01  2.2701E-01
  8.5455E+02  1.9460E-01  2.2699E-01
  8.5666E+02  1.9384E-01  2.2696E-01
  8.5877E+02  1.9308E-01  2.2693E-01
  8.6088E+02  1.9231E-01  2.2690E-01
  8.6299E+02  1.9155E-01  2.2686E-01
  8.6510E+02  1.9079E-01  2.2682E-01
  8.6721E+02  1.9004E-01  2.2679E-01
  8.6932E+02  1.8930E-01  2.2675E-01
  8.7143E+02  1.8858E-01  2.2671E-01
  8.7354E+02  1.8786E-01  2.2666E-01
  8.7565E+02  1.8714E-01  2.2662E-01
  8.7776E+02  1.8642E-01  2.2657E-01
  8.7987E+02  1.8570E-01  2.2652E-01
  8.8198E+02  1.8497E-01  2.2647E-01
  8.8409E+02  1.8423E-01  2.2642E-01
  8.8620E+02  1.8348E-01  2.2637E-01
  8.8831E+02  1.8274E-01  2.2631E-01
  8.9042E+02  1.8199E-01  2.2625E-01
  8.9253E+02  1.8125E-01  2.2619E-01
  8.9464E+02  1.8052E-01  2.2613E-01
  8.9675E+02  1.7979E-01  2.2607E-01
  8.9886E+02  1.7907E-01  2.2600E-01
  9.0097E+02  1.7836E-01  2.2593E-01
  9.0308E+02  1.7765E-01  2.2586E-01
  9.0519E+02  1.7693E-01  2.2579E-01
  9.0730E+02  1.7622E-01  2.2572E-01
  9.0941E+02  1.7550E-01  2.2565E-01
  9.1152E+02  1.7477E-01  2.2557E-01
  9.1363E+02  1.7405E-01  2.2549E-01
  9.1574E+02  1.7333E-01  2.2541E-01
  9.1785E+02  1.7260E-01  2.2533E-01
  9.1996E+02  1.7189E-01  2.2525E-01
  9.2207E+02  1.7118E-01  2.2517E-01
  9.2418E+02  1.7047E-01  2.2508E-01
  9.2629E+02  1.6976E-01  2.2499E-01
  9.2840E+02  1.6906E-01  2.2490E-01
  9.3051E+02  1.6836E-01  2.2481E-01
  9.3262E+02  1.6766E-01  2.2472E-01
  9.3473E+02  1.6697E-01  2.2462E-01
  9.3684E+02  1.6627E-01  2.2453E-01
  9.3895E+02  1.6559E-01  2.2443E-01
  9.4106E+02  1.6490E-01  2.2433E-01
  9.4317E+02  1.6422E-01  2.2423E-01
  9.4528E+02  1.6353E-01  2.2412E-01
  9.4739E+02  1.6285E-01  2.2402E-01
  9.4950E+02  1.6216E-01  2.2391E-01
  9.5161E+02  1.6147E-01  2.2381E-01
  9.5372E+02  1.6078E-01  2.2370E-01
  9.5583E+02  1.6009E-01  2.2358E-01
  9.5794E+02  1.5941E-01  2.2347E-01
  9.6005E+02  1.5874E-01  2.2336E-01
  9.6216E+02  1.5807E-01  2.2324E-01
  9.6427E+02  1.5740E-01  2.2313E-01
  9.6638E+02  1.5673E-01  2.2301E-01
  9.6849E+02  1.5606E-01  2.2289E-01
  9.7060E+02  1.5539E-01  2.2276E-01
  9.7271E+02  1.5472E-01  2.2264E-01
  9.7482E+02  1.5406E-01  2.2252E-01
  9.7693E+02  1.5340E-01  2.2239E-01
  9.7904E+02  1.5275E-01  2.2226E-01
  9.8115E+02  1.5211E-01  2.2213E-01
  9.8326E+02  1.5146E-01  2.2200E-01
  9.8537E+02  1.5081E-01  2.2187E-01
  9.8748E+02  1.5016E-01  2.2173E-01
  9.8959E+02  1.4951E-01  2.2160E-01
  9.9170E+02  1.4886E-01  2.2146E-01
  9.9381E+02  1.4821E-01  2.2132E-01
  9.9592E+02  1.4756E-01  2.2118E-01
  9.9803E+02  1.4692E-01  2.2104E-01
  1.0001E+03  1.4628E-01  2.2090E-01
  1.0023E+03  1.4564E-01  2.2075E-01
  1.0044E+03  1.4501E-01  2.2061E-01
  1.0065E+03  1.4438E-01  2.2046E-01
  1.0086E+03  1.4374E-01  2.2031E-01
  1.0107E+03  1.4310E-01  2.2016E-01
  1.0128E+03  1.4247E-01  2.2001E-01
  1.0149E+03  1.4184E-01  2.1986E-01
  1.0170E+03  1.4121E-01  2.1970E-01
  1.0191E+03  1.4058E-01  2.1955E-01
  1.0212E+03  1.3996E-01  2.1939E-01
  1.0234E+03  1.3933E-01  2.1923E-01
  1.0255E+03  1.3871E-01  2.1907E-01
  1.0276E+03  1.3809E-01  2.1891E-01
  1.0297E+03  1.3747E-01  2.1875E-01
  1.0318E+03  1.3685E-01  2.1859E-01
  1.0339E+03  1.3624E-01  2.1842E-01
  1.0360E+03  1.3562E-01  2.1826E-01
  1.0381E+03  1.3500E-01  2.1809E-01
  1.0402E+03  1.3439E-01  2.1792E-01
  1.0423E+03  1.3377E-01  2.1775E-01
  1.0445E+03  1.3316E-01  2.1758E-01
  1.0466E+03  1.3255E-01  2.1741E-01
  1.0487E+03  1.3194E-01  2.1723E-01
  1.0508E+03  1.3133E-01  2.1706E-01
  1.0529E+03  1.3073E-01  2.1688E-01
  1.0550E+03  1.3012E-01  2.1670E-01
  1.0571E+03  1.2952E-01  2.1652E-01
  1.0592E+03  1.2891E-01  2.1634E-01
  1.0613E+03  1.2831E-01  2.1616E-01
  1.0634E+03  1.2770E-01  2.1598E-01
  1.0656E+03  1.2710E-01  2.1579E-01
  1.0677E+03  1.2651E-01  2.1561E-01
  1.0698E+03  1.2591E-01  2.1542E-01
  1.0719E+03  1.2532E-01  2.1523E-01
  1.0740E+03  1.2473E-01  2.1504E-01
  1.0761E+03  1.2414E-01  2.1485E-01
  1.0782E+03  1.2355E-01  2.1466E-01
  1.0803E+03  1.2295E-01  2.1447E-01
  1.0824E+03  1.2236E-01  2.1428E-01
  1.0845E+03  1.2177E-01  2.1408E-01
  1.0867E+03  1.2118E-01  2.1388E-01
  1.0888E+03  1.2060E-01  2.1369E-01
  1.0909E+03  1.2001E-01  2.1349E-01
  1.0930E+03  1.1943E-01  2.1329E-01
  1.0951E+03  1.1885E-01  2.1309E-01
  1.0972E+03  1.1828E-01  2.1289E-01
  1.0993E+03  1.1770E-01  2.1268E-01
  1.1014E+03  1.1713E-01  2.1248E-01
  1.1035E+03  1.1655E-01  2.1227E-01
  1.1056E+03  1.1597E-01  2.1207E-01
  1.1078E+03  1.1540E-01  2.1186E-01
  1.1099E+03  1.1482E-01  2.1165E-01
  1.1120E+03  1.1425E-01  2.1144E-01
  1.1141E+03  1.1369E-01  2.1123E-01
  1.1162E+03  1.1313E-01  2.1102E-01
  1.1183E+03  1.1257E-01  2.1080E-01
  1.1204E+03  1.1201E-01  2.1059E-01
  1.1225E+03  1.1145E-01  2.1037E-01
  1.1246E+03  1.1089E-01  2.1016E-01
  1.1267E+03  1.1033E-01  2.0994E-01
  1.1289E+03  1.0977E-01  2.0972E-01
  1.1310E+03  1.0921E-01  2.0950E-01
  1.1331E+03  1.0866E-01  2.0928E-01
  1.1352E+03  1.0810E-01  2.0906E-01
  1.1373E+03  1.0756E-01  2.0884E-01
  1.1394E+03  1.0701E-01  2.0861E-01
  1.1415E+03  1.0647E-01  2.0839E-01
  1.1436E+03  1.0592E-01  2.0816E-01
  1.1457E+03  1.0538E-01  2.0794E-01
  1.1478E+03  1.0484E-01  2.0771E-01
  1.1500E+03  1.0430E-01  2.0748E-01
  1.1521E+03  1.0377E-01  2.0725E-01
  1.1542E+03  1.0323E-01  2.0702E-01
  1.1563E+03  1.0270E-01  2.0679E-01
  1.1584E+03  1.0216E-01  2.0656E-01
  1.1605E+03  1.0163E-01  2.0632E-01
  1.1626E+03  1.0110E-01  2.0609E-01
  1.1647E+03  1.0057E-01  2.0585E-01
  1.1668E+03  1.0004E-01  2.0562E-01
  1.1689E+03  9.9512E-02  2.0538E-01
  1.1711E+03  9.8990E-02  2.0514E-01
  1.1732E+03  9.8471E-02  2.0490E-01
  1.1753E+03  9.7957E-02  2.0466E-01
  1.1774E+03  9.7444E-02  2.0442E-01
  1.1795E+03  9.6933E-02  2.0418E-01
  1.1816E+03  9.6421E-02  2.0394E-01
  1.1837E+03  9.5908E-02  2.0369E-01
  1.1858E+03  9.5395E-02  2.0345E-01
  1.1879E+03  9.4882E-02  2.0320E-01
  1.1900E+03  9.4371E-02  2.0296E-01
  1.1922E+03  9.3862E-02  2.0271E-01
  1.1943E+03  9.3356E-02  2.0246E-01
  1.1964E+03  9.2853E-02  2.0222E-01
  1.1985E+03  9.2352E-02  2.0197E-01
  1.2006E+03  9.1853E-02  2.0172E-01
  1.2027E+03  9.1357E-02  2.0146E-01
  1.2048E+03  9.0862E-02  2.0121E-01
  1.2069E+03  9.0370E-02  2.0096E-01
  1.2090E+03  8.9879E-02  2.0071E-01
  1.2111E+03  8.9390E-02  2.0045E-01
  1.2133E+03  8.8902E-02  2.0020E-01
  1.2154E+03  8.8415E-02  1.9994E-01
  1.2175E+03  8.7929E-02  1.9968E-01
  1.2196E+03  8.7445E-02  1.9943E-01
  1.2217E+03  8.6963E-02  1.9917E-01
  1.2238E+03  8.6482E-02  1.9891E-01
  1.2259E+03  8.6004E-02  1.9865E-01
  1.2280E+03  8.5526E-02  1.9839E-01
  1.2301E+03  8.5050E-02  1.9813E-01
  1.2322E+03  8.4575E-02  1.9787E-01
  1.2344E+03  8.4101E-02  1.9760E-01
  1.2365E+03  8.3629E-02  1.9734E-01
  1.2386E+03  8.3158E-02  1.9708E-01
  1.2407E+03  8.2691E-02  1.9681E-01
  1.2428E+03  8.2225E-02  1.9655E-01
  1.2449E+03  8.1761E-02  1.9628E-01
  1.2470E+03  8.1299E-02  1.9601E-01
  1.2491E+03  8.0839E-02  1.9575E-01
  1.2512E+03  8.0379E-02  1.9548E-01
  1.2533E+03  7.9921E-02  1.9521E-01
  1.2555E+03  7.9464E-02  1.9494E-01
  1.2576E+03  7.9009E-02  1.9467E-01
  1.2597E+03  7.8555E-02  1.9440E-01
  1.2618E+03  7.8102E-02  1.9413E-01
  1.2639E+03  7.7651E-02  1.9386E-01
  1.2660E+03  7.7203E-02  1.9358E-01
  1.2681E+03  7.6756E-02  1.9331E-01
  1.2702E+03  7.6311E-02  1.9304E-01
  1.2723E+03  7.5868E-02  1.9276E-01
  1.2744E+03  7.5427E-02  1.9249E-01
  1.2766E+03  7.4988E-02  1.9221E-01
  1.2787E+03  7.4549E-02  1.9193E-01
  1.2808E+03  7.4111E-02  1.9166E-01
  1.2829E+03  7.3673E-02  1.9138E-01
  1.2850E+03  7.3237E-02  1.9110E-01
  1.2871E+03  7.2802E-02  1.9082E-01
  1.2892E+03  7.2370E-02  1.9054E-01
  1.2913E+03  7.1941E-02  1.9026E-01
  1.2934E+03  7.1514E-02  1.8998E-01
  1.2955E+03  7.1089E-02  1.8970E-01
  1.2977E+03  7.0665E-02  1.8942E-01
  1.2998E+03  7.0242E-02  1.8914E-01
  1.3019E+03  6.9818E-02  1.8885E-01
  1.3040E+03  6.9396E-02  1.8857E-01
  1.3061E+03  6.8974E-02  1.8829E-01
  1.3082E+03  6.8555E-02  1.8800E-01
  1.3103E+03  6.8139E-02  1.8772E-01
  1.3124E+03  6.7726E-02  1.8743E-01
  1.3145E+03  6.7315E-02  1.8715E-01
  1.3166E+03  6.6906E-02  1.8686E-01
  1.3188E+03  6.6498E-02  1.8657E-01
  1.3209E+03  6.6090E-02  1.8629E-01
  1.3230E+03  6.5682E-02  1.8600E-01
  1.3251E+03  6.5275E-02  1.8571E-01
  1.3272E+03  6.4870E-02  1.8542E-01
  1.3293E+03  6.4467E-02  1.8513E-01
  1.3314E+03  6.4067E-02  1.8484E-01
  1.3335E+03  6.3669E-02  1.8455E-01
  1.3356E+03  6.3272E-02  1.8426E-01
  1.3377E+03  6.2877E-02  1.8397E-01
  1.3399E+03  6.2483E-02  1.8368E-01
  1.3420E+03  6.2089E-02  1.8339E-01
  1.3441E+03  6.1697E-02  1.8310E-01
  1.3462E+03  6.1306E-02  1.8280E-01
  1.3483E+03  6.0917E-02  1.8251E-01
  1.3504E+03  6.0530E-02  1.8222E-01
  1.3525E+03  6.0144E-02  1.8192E-01
  1.3546E+03  5.9760E-02  1.8163E-01
  1.3567E+03  5.9378E-02  1.8133E-01
  1.3588E+03  5.8997E-02  1.8104E-01
  1.3610E+03  5.8617E-02  1.8074E-01
  1.3631E+03  5.8239E-02  1.8045E-01
  1.3652E+03  5.7862E-02  1.8015E-01
  1.3673E+03  5.7487E-02  1.7985E-01
  1.3694E+03  5.7114E-02  1.7956E-01
  1.3715E+03  5.6742E-02  1.7926E-01
  1.3736E+03  5.6372E-02  1.7896E-01
  1.3757E+03  5.6003E-02  1.7866E-01
  1.3778E+03  5.5635E-02  1.7836E-01
  1.3799E+03  5.5269E-02  1.7807E-01
  1.3821E+03  5.4904E-02  1.7777E-01
  1.3842E+03  5.4540E-02  1.7747E-01
  1.3863E+03  5.4178E-02  1.7717E-01
  1.3884E+03  5.3817E-02  1.7687E-01
  1.3905E+03  5.3458E-02  1.7657E-01
  1.3926E+03  5.3101E-02  1.7627E-01
  1.3947E+03  5.2746E-02  1.7597E-01
  1.3968E+03  5.2392E-02  1.7566E-01
  1.3989E+03  5.2040E-02  1.7536E-01
  1.4010E+03  5.1689E-02  1.7506E-01
  1.4032E+03  5.1338E-02  1.7476E-01
  1.4053E+03  5.0989E-02  1.7446E-01
  1.4074E+03  5.0641E-02  1.7415E-01
  1.4095E+03  5.0295E-02  1.7385E-01
  1.4116E+03  4.9951E-02  1.7355E-01
  1.4137E+03  4.9609E-02  1.7324E-01
  1.4158E+03  4.9268E-02  1.7294E-01
  1.4179E+03  4.8930E-02  1.7263E-01
  1.4200E+03  4.8593E-02  1.7233E-01
  1.4221E+03  4.8257E-02  1.7203E-01
  1.4243E+03  4.7923E-02  1.7172E-01
  1.4264E+03  4.7590E-02  1.7142E-01
  1.4285E+03  4.7258E-02  1.7111E-01
  1.4306E+03  4.6927E-02  1.7081E-01
  1.4327E+03  4.6597E-02  1.7050E-01
  1.4348E+03  4.6269E-02  1.7019E-01
  1.4369E+03  4.5942E-02  1.6989E-01
  1.4390E+03  4.5618E-02  1.6958E-01
  1.4411E+03  4.5294E-02  1.6927E-01
  1.4432E+03  4.4973E-02  1.6897E-01
  1.4454E+03  4.4653E-02  1.6866E-01
  1.4475E+03  4.4336E-02  1.6835E-01
  1.4496E+03  4.4019E-02  1.6805E-01
  1.4517E+03  4.3705E-02  1.6774E-01
  1.4538E+03  4.3391E-02  1.6743E-01
  1.4559E+03  4.3079E-02  1.6712E-01
  1.4580E+03  4.2767E-02  1.6682E-01
  1.4601E+03  4.2457E-02  1.6651E-01
  1.4622E+03  4.2147E-02  1.6620E-01
  1.4643E+03  4.1840E-02  1.6589E-01
  1.4665E+03  4.1534E-02  1.6558E-01
  1.4686E+03  4.1230E-02  1.6527E-01
  1.4707E+03  4.0928E-02  1.6497E-01
  1.4728E+03  4.0628E-02  1.6466E-01
  1.4749E+03  4.0329E-02  1.6435E-01
  1.4770E+03  4.0030E-02  1.6404E-01
  1.4791E+03  3.9733E-02  1.6373E-01
  1.4812E+03  3.9438E-02  1.6342E-01
  1.4833E+03  3.9143E-02  1.6311E-01
  1.4854E+03  3.8851E-02  1.6280E-01
  1.4876E+03  3.8560E-02  1.6249E-01
  1.4897E+03  3.8271E-02  1.6218E-01
  1.4918E+03  3.7984E-02  1.6187E-01
  1.4939E+03  3.7697E-02  1.6156E-01
  1.4960E+03  3.7411E-02  1.6125E-01
  1.4981E+03  3.7126E-02  1.6094E-01
  1.5002E+03  3.6842E-02  1.6063E-01
  1.5023E+03  3.6559E-02  1.6032E-01
  1.5044E+03  3.6278E-02  1.6001E-01
  1.5065E+03  3.5999E-02  1.5970E-01
  1.5087E+03  3.5722E-02  1.5939E-01
  1.5108E+03  3.5447E-02  1.5908E-01
  1.5129E+03  3.5173E-02  1.5877E-01
  1.5150E+03  3.4900E-02  1.5846E-01
  1.5171E+03  3.4629E-02  1.5815E-01
  1.5192E+03  3.4358E-02  1.5784E-01
  1.5213E+03  3.4088E-02  1.5753E-01
  1.5234E+03  3.3819E-02  1.5722E-01
  1.5255E+03  3.3552E-02  1.5690E-01
  1.5276E+03  3.3286E-02  1.5659E-01
  1.5298E+03  3.3022E-02  1.5628E-01
  1.5319E+03  3.2759E-02  1.5597E-01
  1.5340E+03  3.2498E-02  1.5566E-01
  1.5361E+03  3.2237E-02  1.5535E-01
  1.5382E+03  3.1978E-02  1.5504E-01
  1.5403E+03  3.1720E-02  1.5473E-01
  1.5424E+03  3.1463E-02  1.5442E-01
  1.5445E+03  3.1208E-02  1.5411E-01
  1.5466E+03  3.0954E-02  1.5380E-01
  1.5487E+03  3.0701E-02  1.5349E-01
  1.5509E+03  3.0450E-02  1.5318E-01
  1.5530E+03  3.0200E-02  1.5287E-01
  1.5551E+03  2.9951E-02  1.5255E-01
  1.5572E+03  2.9703E-02  1.5224E-01
  1.5593E+03  2.9456E-02  1.5193E-01
  1.5614E+03  2.9211E-02  1.5162E-01
  1.5635E+03  2.8967E-02  1.5131E-01
  1.5656E+03  2.8724E-02  1.5100E-01
  1.5677E+03  2.8483E-02  1.5069E-01
  1.5698E+03  2.8243E-02  1.5038E-01
  1.5720E+03  2.8004E-02  1.5007E-01
  1.5741E+03  2.7766E-02  1.4976E-01
  1.5762E+03  2.7530E-02  1.4945E-01
  1.5783E+03  2.7295E-02  1.4914E-01
  1.5804E+03  2.7061E-02  1.4883E-01
  1.5825E+03  2.6828E-02  1.4852E-01
  1.5846E+03  2.6597E-02  1.4821E-01
  1.5867E+03  2.6366E-02  1.4790E-01
  1.5888E+03  2.6137E-02  1.4759E-01
  1.5909E+03  2.5910E-02  1.4728E-01
  1.5931E+03  2.5683E-02  1.4697E-01
  1.5952E+03  2.5459E-02  1.4666E-01
  1.5973E+03  2.5235E-02  1.4635E-01
  1.5994E+03  2.5012E-02  1.4604E-01
  1.6015E+03  2.4790E-02  1.4574E-01
  1.6036E+03  2.4570E-02  1.4543E-01
  1.6057E+03  2.4350E-02  1.4512E-01
  1.6078E+03  2.4132E-02  1.4481E-01
  1.6099E+03  2.3916E-02  1.4450E-01
  1.6120E+03  2.3701E-02  1.4419E-01
  1.6142E+03  2.3487E-02  1.4388E-01
  1.6163E+03  2.3274E-02  1.4358E-01
  1.6184E+03  2.3063E-02  1.4327E-01
  1.6205E+03  2.2852E-02  1.4296E-01
  1.6226E+03  2.2643E-02  1.4265E-01
  1.6247E+03  2.2435E-02  1.4234E-01
  1.6268E+03  2.2228E-02  1.4204E-01
  1.6289E+03  2.2023E-02  1.4173E-01
  1.6310E+03  2.1819E-02  1.4142E-01
  1.6331E+03  2.1616E-02  1.4111E-01
  1.6353E+03  2.1414E-02  1.4081E-01
  1.6374E+03  2.1213E-02  1.4050E-01
  1.6395E+03  2.1014E-02  1.4019E-01
  1.6416E+03  2.0816E-02  1.3989E-01
  1.6437E+03  2.0619E-02  1.3958E-01
  1.6458E+03  2.0424E-02  1.3928E-01
  1.6479E+03  2.0230E-02  1.3897E-01
  1.6500E+03  2.0037E-02  1.3866E-01
  1.6521E+03  1.9845E-02  1.3836E-01
  1.6542E+03  1.9654E-02  1.3805E-01
  1.6564E+03  1.9464E-02  1.3775E-01
  1.6585E+03  1.9275E-02  1.3744E-01
  1.6606E+03  1.9088E-02  1.3714E-01
  1.6627E+03  1.8902E-02  1.3683E-01
  1.6648E+03  1.8717E-02  1.3653E-01
  1.6669E+03  1.8535E-02  1.3623E-01
  1.6690E+03  1.8353E-02  1.3592E-01
  1.6711E+03  1.8172E-02  1.3562E-01
  1.6732E+03  1.7992E-02  1.3532E-01
  1.6753E+03  1.7813E-02  1.3501E-01
  1.6775E+03  1.7635E-02  1.3471E-01
  1.6796E+03  1.7459E-02  1.3441E-01
  1.6817E+03  1.7283E-02  1.3410E-01
  1.6838E+03  1.7110E-02  1.3380E-01
  1.6859E+03  1.6937E-02  1.3350E-01
  1.6880E+03  1.6766E-02  1.3320E-01
  1.6901E+03  1.6596E-02  1.3290E-01
  1.6922E+03  1.6428E-02  1.3260E-01
  1.6943E+03  1.6260E-02  1.3229E-01
  1.6964E+03  1.6093E-02  1.3199E-01
  1.6986E+03  1.5927E-02  1.3169E-01
  1.7007E+03  1.5762E-02  1.3139E-01
  1.7028E+03  1.5599E-02  1.3109E-01
  1.7049E+03  1.5437E-02  1.3079E-01
  1.7070E+03  1.5276E-02  1.3049E-01
  1.7091E+03  1.5116E-02  1.3019E-01
  1.7112E+03  1.4958E-02  1.2989E-01
  1.7133E+03  1.4800E-02  1.2960E-01
  1.7154E+03  1.4644E-02  1.2930E-01
  1.7175E+03  1.4489E-02  1.2900E-01
  1.7197E+03  1.4335E-02  1.2870E-01
  1.7218E+03  1.4182E-02  1.2840E-01
  1.7239E+03  1.4030E-02  1.2811E-01
  1.7260E+03  1.3879E-02  1.2781E-01
  1.7281E+03  1.3730E-02  1.2751E-01
  1.7302E+03  1.3582E-02  1.2722E-01
  1.7323E+03  1.3435E-02  1.2692E-01
  1.7344E+03  1.3289E-02  1.2663E-01
  1.7365E+03  1.3144E-02  1.2633E-01
  1.7386E+03  1.3000E-02  1.2603E-01
  1.7408E+03  1.2857E-02  1.2574E-01
  1.7429E+03  1.2715E-02  1.2545E-01
  1.7450E+03  1.2574E-02  1.2515E-01
  1.7471E+03  1.2435E-02  1.2486E-01
  1.7492E+03  1.2297E-02  1.2456E-01
  1.7513E+03  1.2160E-02  1.2427E-01
  1.7534E+03  1.2024E-02  1.2398E-01
  1.7555E+03  1.1889E-02  1.2368E-01
  1.7576E+03  1.1755E-02  1.2339E-01
  1.7597E+03  1.1622E-02  1.2310E-01
  1.7619E+03  1.1490E-02  1.2281E-01
  1.7640E+03  1.1359E-02  1.2252E-01
  1.7661E+03  1.1230E-02  1.2223E-01
  1.7682E+03  1.1101E-02  1.2194E-01
  1.7703E+03  1.0973E-02  1.2165E-01
  1.7724E+03  1.0847E-02  1.2136E-01
  1.7745E+03  1.0722E-02  1.2107E-01
  1.7766E+03  1.0597E-02  1.2078E-01
  1.7787E+03  1.0474E-02  1.2049E-01
  1.7808E+03  1.0351E-02  1.2020E-01
  1.7830E+03  1.0230E-02  1.1991E-01
  1.7851E+03  1.0110E-02  1.1962E-01
  1.7872E+03  9.9906E-03  1.1934E-01
  1.7893E+03  9.8725E-03  1.1905E-01
  1.7914E+03  9.7554E-03  1.1876E-01
  1.7935E+03  9.6391E-03  1.1848E-01
  1.7956E+03  9.5237E-03  1.1819E-01
  1.7977E+03  9.4093E-03  1.1791E-01
  1.7998E+03  9.2958E-03  1.1762E-01
  1.8019E+03  9.1833E-03  1.1734E-01
  1.8041E+03  9.0719E-03  1.1705E-01
  1.8062E+03  8.9615E-03  1.1677E-01
  1.8083E+03  8.8521E-03  1.1648E-01
  1.8104E+03  8.7437E-03  1.1620E-01
  1.8125E+03  8.6362E-03  1.1592E-01
  1.8146E+03  8.5295E-03  1.1564E-01
  1.8167E+03  8.4238E-03  1.1535E-01
  1.8188E+03  8.3190E-03  1.1507E-01
  1.8209E+03  8.2152E-03  1.1479E-01
  1.8230E+03  8.1124E-03  1.1451E-01
  1.8252E+03  8.0105E-03  1.1423E-01
  1.8273E+03  7.9095E-03  1.1395E-01
  1.8294E+03  7.8093E-03  1.1367E-01
  1.8315E+03  7.7099E-03  1.1339E-01
  1.8336E+03  7.6113E-03  1.1311E-01
  1.8357E+03  7.5136E-03  1.1283E-01
  1.8378E+03  7.4168E-03  1.1255E-01
  1.8399E+03  7.3210E-03  1.1228E-01
  1.8420E+03  7.2261E-03  1.1200E-01
  1.8441E+03  7.1321E-03  1.1172E-01
  1.8463E+03  7.0389E-03  1.1145E-01
  1.8484E+03  6.9465E-03  1.1117E-01
  1.8505E+03  6.8547E-03  1.1090E-01
  1.8526E+03  6.7637E-03  1.1062E-01
  1.8547E+03  6.6736E-03  1.1035E-01
  1.8568E+03  6.5844E-03  1.1007E-01
  1.8589E+03  6.4961E-03  1.0980E-01
  1.8610E+03  6.4087E-03  1.0952E-01
  1.8631E+03  6.3222E-03  1.0925E-01
  1.8652E+03  6.2364E-03  1.0898E-01
  1.8674E+03  6.1514E-03  1.0871E-01
  1.8695E+03  6.0670E-03  1.0843E-01
  1.8716E+03  5.9834E-03  1.0816E-01
  1.8737E+03  5.9005E-03  1.0789E-01
  1.8758E+03  5.8184E-03  1.0762E-01
  1.8779E+03  5.7370E-03  1.0735E-01
  1.8800E+03  5.6565E-03  1.0708E-01
  1.8821E+03  5.5769E-03  1.0681E-01
  1.8842E+03  5.4981E-03  1.0655E-01
  1.8863E+03  5.4201E-03  1.0628E-01
  1.8885E+03  5.3428E-03  1.0601E-01
  1.8906E+03  5.2661E-03  1.0574E-01
  1.8927E+03  5.1902E-03  1.0548E-01
  1.8948E+03  5.1149E-03  1.0521E-01
  1.8969E+03  5.0403E-03  1.0494E-01
  1.8990E+03  4.9664E-03  1.0468E-01
  1.9011E+03  4.8934E-03  1.0441E-01
  1.9032E+03  4.8211E-03  1.0415E-01
  1.9053E+03  4.7498E-03  1.0388E-01
  1.9074E+03  4.6792E-03  1.0362E-01
  1.9096E+03  4.6093E-03  1.0336E-01
  1.9117E+03  4.5401E-03  1.0310E-01
  1.9138E+03  4.4715E-03  1.0283E-01
  1.9159E+03  4.4036E-03  1.0257E-01
  1.9180E+03  4.3364E-03  1.0231E-01
  1.9201E+03  4.2699E-03  1.0205E-01
  1.9222E+03  4.2042E-03  1.0179E-01
  1.9243E+03  4.1393E-03  1.0153E-01
  1.9264E+03  4.0752E-03  1.0127E-01
  1.9285E+03  4.0118E-03  1.0101E-01
  1.9307E+03  3.9492E-03  1.0075E-01
  1.9328E+03  3.8872E-03  1.0049E-01
  1.9349E+03  3.8259E-03  1.0024E-01
  1.9370E+03  3.7653E-03  9.9980E-02
  1.9391E+03  3.7053E-03  9.9723E-02
  1.9412E+03  3.6461E-03  9.9467E-02
  1.9433E+03  3.5877E-03  9.9212E-02
  1.9454E+03  3.5301E-03  9.8957E-02
  1.9475E+03  3.4733E-03  9.8702E-02
  1.9496E+03  3.4172E-03  9.8448E-02
  1.9518E+03  3.3618E-03  9.8194E-02
  1.9539E+03  3.3071E-03  9.7941E-02
  1.9560E+03  3.2531E-03  9.7688E-02
  1.9581E+03  3.1998E-03  9.7436E-02
  1.9602E+03  3.1472E-03  9.7185E-02
  1.9623E+03  3.0955E-03  9.6933E-02
  1.9644E+03  3.0445E-03  9.6683E-02
  1.9665E+03  2.9944E-03  9.6433E-02
  1.9686E+03  2.9450E-03  9.6183E-02
  1.9707E+03  2.8962E-03  9.5934E-02
  1.9729E+03  2.8482E-03  9.5685E-02
  1.9750E+03  2.8008E-03  9.5437E-02
  1.9771E+03  2.7542E-03  9.5189E-02
  1.9792E+03  2.7084E-03  9.4942E-02
  1.9813E+03  2.6634E-03  9.4695E-02
  1.9834E+03  2.6191E-03  9.4449E-02
  1.9855E+03  2.5757E-03  9.4203E-02
  1.9876E+03  2.5329E-03  9.3958E-02
  1.9897E+03  2.4908E-03  9.3713E-02
  1.9918E+03  2.4495E-03  9.3469E-02
  1.9940E+03  2.4089E-03  9.3225E-02
  1.9961E+03  2.3691E-03  9.2982E-02
  1.9982E+03  2.3302E-03  9.2740E-02
  2.0003E+03  2.2920E-03  9.2497E-02
  2.0024E+03  2.2547E-03  9.2256E-02
  2.0045E+03  2.2180E-03  9.2015E-02
  2.0066E+03  2.1821E-03  9.1774E-02
  2.0087E+03  2.1469E-03  9.1534E-02
  2.0108E+03  2.1124E-03  9.1294E-02
  2.0129E+03  2.0786E-03  9.1055E-02
  2.0151E+03  2.0457E-03  9.0817E-02
  2.0172E+03  2.0136E-03  9.0579E-02
  2.0193E+03  1.9823E-03  9.0341E-02
  2.0214E+03  1.9517E-03  9.0104E-02
  2.0235E+03  1.9220E-03  8.9868E-02
  2.0256E+03  1.8929E-03  8.9632E-02
  2.0277E+03  1.8646E-03  8.9397E-02
  2.0298E+03  1.8370E-03  8.9162E-02
  2.0319E+03  1.8101E-03  8.8927E-02
  2.0340E+03  1.7840E-03  8.8694E-02
  2.0362E+03  1.7587E-03  8.8460E-02
  2.0383E+03  1.7342E-03  8.8228E-02
  2.0404E+03  1.7104E-03  8.7996E-02
  2.0425E+03  1.6874E-03  8.7764E-02
  2.0446E+03  1.6651E-03  8.7533E-02
  2.0467E+03  1.6435E-03  8.7302E-02
  2.0488E+03  1.6226E-03  8.7072E-02
  2.0509E+03  1.6024E-03  8.6843E-02
  2.0530E+03  1.5830E-03  8.6614E-02
  2.0551E+03  1.5644E-03  8.6385E-02
  2.0573E+03  1.5466E-03  8.6157E-02
  2.0594E+03  1.5295E-03  8.5930E-02
  2.0615E+03  1.5131E-03  8.5703E-02
  2.0636E+03  1.4975E-03  8.5477E-02
  2.0657E+03  1.4825E-03  8.5251E-02
  2.0678E+03  1.4682E-03  8.5026E-02
  2.0699E+03  1.4546E-03  8.4801E-02
  2.0720E+03  1.4417E-03  8.4577E-02
  2.0741E+03  1.4294E-03  8.4354E-02
  2.0762E+03  1.4179E-03  8.4131E-02
  2.0784E+03  1.4071E-03  8.3908E-02
  2.0805E+03  1.3970E-03  8.3686E-02
  2.0826E+03  1.3877E-03  8.3465E-02
  2.0847E+03  1.3791E-03  8.3244E-02
  2.0868E+03  1.3711E-03  8.3024E-02
  2.0889E+03  1.3638E-03  8.2805E-02
  2.0910E+03  1.3571E-03  8.2585E-02
  2.0931E+03  1.3510E-03  8.2367E-02
  2.0952E+03  1.3455E-03  8.2149E-02
  2.0973E+03  1.3407E-03  8.1931E-02
  2.0995E+03  1.3366E-03  8.1715E-02
  2.1016E+03  1.3332E-03  8.1498E-02
  2.1037E+03  1.3304E-03  8.1282E-02
  2.1058E+03  1.3283E-03  8.1067E-02
  2.1079E+03  1.3269E-03  8.0853E-02
  2.1100E+03  1.3259E-03  8.0639E-02
  2.1121E+03  1.3255E-03  8.0425E-02
  2.1142E+03  1.3257E-03  8.0212E-02
  2.1163E+03  1.3265E-03  8.0000E-02
  2.1184E+03  1.3280E-03  7.9788E-02
  2.1206E+03  1.3300E-03  7.9576E-02
  2.1227E+03  1.3328E-03  7.9366E-02
  2.1248E+03  1.3361E-03  7.9156E-02
  2.1269E+03  1.3399E-03  7.8946E-02
  2.1290E+03  1.3443E-03  7.8737E-02
  2.1311E+03  1.3492E-03  7.8529E-02
  2.1332E+03  1.3546E-03  7.8321E-02
  2.1353E+03  1.3606E-03  7.8113E-02
  2.1374E+03  1.3671E-03  7.7907E-02
  2.1395E+03  1.3743E-03  7.7700E-02
  2.1417E+03  1.3819E-03  7.7495E-02
  2.1438E+03  1.3901E-03  7.7290E-02
  2.1459E+03  1.3988E-03  7.7085E-02
  2.1480E+03  1.4079E-03  7.6881E-02
  2.1501E+03  1.4176E-03  7.6678E-02
  2.1522E+03  1.4277E-03  7.6475E-02
  2.1543E+03  1.4383E-03  7.6273E-02
  2.1564E+03  1.4495E-03  7.6071E-02
  2.1585E+03  1.4611E-03  7.5870E-02
  2.1606E+03  1.4732E-03  7.5670E-02
  2.1627E+03  1.4858E-03  7.5470E-02
  2.1649E+03  1.4987E-03  7.5270E-02
  2.1670E+03  1.5122E-03  7.5072E-02
  2.1691E+03  1.5261E-03  7.4873E-02
  2.1712E+03  1.5404E-03  7.4676E-02
  2.1733E+03  1.5551E-03  7.4479E-02
  2.1754E+03  1.5703E-03  7.4282E-02
  2.1775E+03  1.5859E-03  7.4086E-02
  2.1796E+03  1.6020E-03  7.3891E-02
  2.1817E+03  1.6184E-03  7.3696E-02
  2.1838E+03  1.6353E-03  7.3502E-02
  2.1860E+03  1.6525E-03  7.3308E-02
  2.1881E+03  1.6700E-03  7.3115E-02
  2.1902E+03  1.6880E-03  7.2922E-02
  2.1923E+03  1.7064E-03  7.2730E-02
  2.1944E+03  1.7251E-03  7.2539E-02
  2.1965E+03  1.7443E-03  7.2348E-02
  2.1986E+03  1.7638E-03  7.2158E-02
  2.2007E+03  1.7836E-03  7.1968E-02
  2.2028E+03  1.8038E-03  7.1779E-02
  2.2049E+03  1.8243E-03  7.1590E-02
  2.2071E+03  1.8451E-03  7.1402E-02
  2.2092E+03  1.8662E-03  7.1215E-02
  2.2113E+03  1.8878E-03  7.1028E-02
  2.2134E+03  1.9096E-03  7.0842E-02
  2.2155E+03  1.9318E-03  7.0656E-02
  2.2176E+03  1.9543E-03  7.0471E-02
  2.2197E+03  1.9770E-03  7.0286E-02
  2.2218E+03  2.0001E-03  7.0102E-02
  2.2239E+03  2.0235E-03  6.9919E-02
  2.2260E+03  2.0472E-03  6.9736E-02
  2.2282E+03  2.0711E-03  6.9553E-02
  2.2303E+03  2.0954E-03  6.9372E-02
  2.2324E+03  2.1199E-03  6.9190E-02
  2.2345E+03  2.1447E-03  6.9010E-02
  2.2366E+03  2.1698E-03  6.8830E-02
  2.2387E+03  2.1951E-03  6.8650E-02
  2.2408E+03  2.2208E-03  6.8471E-02
  2.2429E+03  2.2467E-03  6.8293E-02
  2.2450E+03  2.2729E-03  6.8115E-02
  2.2471E+03  2.2993E-03  6.7937E-02
  2.2493E+03  2.3259E-03  6.7761E-02
  2.2514E+03  2.3528E-03  6.7585E-02
  2.2535E+03  2.3799E-03  6.7409E-02
  2.2556E+03  2.4073E-03  6.7234E-02
  2.2577E+03  2.4350E-03  6.7059E-02
  2.2598E+03  2.4629E-03  6.6885E-02
  2.2619E+03  2.4911E-03  6.6712E-02
  2.2640E+03  2.5194E-03  6.6539E-02
  2.2661E+03  2.5480E-03  6.6367E-02
  2.2682E+03  2.5768E-03  6.6195E-02
  2.2704E+03  2.6058E-03  6.6024E-02
  2.2725E+03  2.6351E-03  6.5853E-02
  2.2746E+03  2.6646E-03  6.5683E-02
  2.2767E+03  2.6943E-03  6.5514E-02
  2.2788E+03  2.7243E-03  6.5345E-02
  2.2809E+03  2.7545E-03  6.5177E-02
  2.2830E+03  2.7850E-03  6.5009E-02
  2.2851E+03  2.8156E-03  6.4841E-02
  2.2872E+03  2.8464E-03  6.4675E-02
  2.2893E+03  2.8774E-03  6.4509E-02
  2.2915E+03  2.9086E-03  6.4343E-02
  2.2936E+03  2.9400E-03  6.4178E-02
  2.2957E+03  2.9717E-03  6.4013E-02
  2.2978E+03  3.0036E-03  6.3849E-02
  2.2999E+03  3.0358E-03  6.3686E-02
  2.3020E+03  3.0682E-03  6.3523E-02
  2.3041E+03  3.1007E-03  6.3361E-02
  2.3062E+03  3.1335E-03  6.3199E-02
  2.3083E+03  3.1664E-03  6.3038E-02
  2.3104E+03  3.1996E-03  6.2877E-02
  2.3126E+03  3.2329E-03  6.2717E-02
  2.3147E+03  3.2665E-03  6.2557E-02
  2.3168E+03  3.3003E-03  6.2398E-02
  2.3189E+03  3.3343E-03  6.2240E-02
  2.3210E+03  3.3685E-03  6.2082E-02
  2.3231E+03  3.4030E-03  6.1924E-02
  2.3252E+03  3.4376E-03  6.1767E-02
  2.3273E+03  3.4725E-03  6.1611E-02
  2.3294E+03  3.5075E-03  6.1455E-02
  2.3315E+03  3.5428E-03  6.1300E-02
  2.3337E+03  3.5783E-03  6.1145E-02
  2.3358E+03  3.6140E-03  6.0991E-02
  2.3379E+03  3.6499E-03  6.0838E-02
  2.3400E+03  3.6861E-03  6.0684E-02
  2.3421E+03  3.7224E-03  6.0532E-02
  2.3442E+03  3.7590E-03  6.0380E-02
  2.3463E+03  3.7957E-03  6.0228E-02
  2.3484E+03  3.8327E-03  6.0078E-02
  2.3505E+03  3.8699E-03  5.9927E-02
  2.3526E+03  3.9074E-03  5.9777E-02
  2.3548E+03  3.9450E-03  5.9628E-02
  2.3569E+03  3.9829E-03  5.9479E-02
  2.3590E+03  4.0210E-03  5.9331E-02
  2.3611E+03  4.0593E-03  5.9183E-02
  2.3632E+03  4.0978E-03  5.9036E-02
  2.3653E+03  4.1366E-03  5.8889E-02
  2.3674E+03  4.1756E-03  5.8743E-02
  2.3695E+03  4.2148E-03  5.8598E-02
  2.3716E+03  4.2542E-03  5.8453E-02
  2.3737E+03  4.2939E-03  5.8308E-02
  2.3759E+03  4.3338E-03  5.8164E-02
  2.3780E+03  4.3739E-03  5.8021E-02
  2.3801E+03  4.4143E-03  5.7878E-02
  2.3822E+03  4.4549E-03  5.7735E-02
  2.3843E+03  4.4957E-03  5.7594E-02
  2.3864E+03  4.5367E-03  5.7452E-02
  2.3885E+03  4.5780E-03  5.7311E-02
  2.3906E+03  4.6195E-03  5.7171E-02
  2.3927E+03  4.6613E-03  5.7031E-02
  2.3948E+03  4.7033E-03  5.6892E-02
  2.3970E+03  4.7455E-03  5.6754E-02
  2.3991E+03  4.7880E-03  5.6615E-02
  2.4012E+03  4.8307E-03  5.6478E-02
  2.4033E+03  4.8737E-03  5.6341E-02
  2.4054E+03  4.9169E-03  5.6204E-02
  2.4075E+03  4.9603E-03  5.6068E-02
  2.4096E+03  5.0040E-03  5.5933E-02
  2.4117E+03  5.0479E-03  5.5798E-02
  2.4138E+03  5.0921E-03  5.5663E-02
  2.4159E+03  5.1365E-03  5.5529E-02
  2.4181E+03  5.1812E-03  5.5396E-02
  2.4202E+03  5.2261E-03  5.5263E-02
  2.4223E+03  5.2713E-03  5.5130E-02
  2.4244E+03  5.3167E-03  5.4999E-02
  2.4265E+03  5.3623E-03  5.4867E-02
  2.4286E+03  5.4082E-03  5.4736E-02
  2.4307E+03  5.4544E-03  5.4606E-02
  2.4328E+03  5.5008E-03  5.4476E-02
  2.4349E+03  5.5474E-03  5.4347E-02
  2.4370E+03  5.5944E-03  5.4218E-02
  2.4392E+03  5.6415E-03  5.4090E-02
  2.4413E+03  5.6890E-03  5.3963E-02
  2.4434E+03  5.7366E-03  5.3835E-02
  2.4455E+03  5.7845E-03  5.3709E-02
  2.4476E+03  5.8327E-03  5.3583E-02
  2.4497E+03  5.8811E-03  5.3457E-02
  2.4518E+03  5.9298E-03  5.3332E-02
  2.4539E+03  5.9787E-03  5.3207E-02
  2.4560E+03  6.0279E-03  5.3083E-02
  2.4581E+03  6.0773E-03  5.2960E-02
  2.4603E+03  6.1270E-03  5.2837E-02
  2.4624E+03  6.1770E-03  5.2714E-02
  2.4645E+03  6.2271E-03  5.2592E-02
  2.4666E+03  6.2775E-03  5.2470E-02
  2.4687E+03  6.3282E-03  5.2349E-02
  2.4708E+03  6.3791E-03  5.2229E-02
  2.4729E+03  6.4303E-03  5.2109E-02
  2.4750E+03  6.4817E-03  5.1989E-02
  2.4771E+03  6.5334E-03  5.1871E-02
  2.4792E+03  6.5854E-03  5.1752E-02
  2.4814E+03  6.6375E-03  5.1634E-02
  2.4835E+03  6.6899E-03  5.1517E-02
  2.4856E+03  6.7425E-03  5.1400E-02
  2.4877E+03  6.7954E-03  5.1283E-02
  2.4898E+03  6.8485E-03  5.1167E-02
  2.4919E+03  6.9019E-03  5.1052E-02
  2.4940E+03  6.9555E-03  5.0937E-02
  2.4961E+03  7.0093E-03  5.0823E-02
  2.4982E+03  7.0634E-03  5.0709E-02
  2.5003E+03  7.1177E-03  5.0595E-02
  2.5025E+03  7.1722E-03  5.0482E-02
  2.5046E+03  7.2269E-03  5.0370E-02
  2.5067E+03  7.2819E-03  5.0258E-02
  2.5088E+03  7.3371E-03  5.0147E-02
  2.5109E+03  7.3925E-03  5.0036E-02
  2.5130E+03  7.4481E-03  4.9926E-02
  2.5151E+03  7.5039E-03  4.9816E-02
  2.5172E+03  7.5600E-03  4.9706E-02
  2.5193E+03  7.6163E-03  4.9597E-02
  2.5214E+03  7.6727E-03  4.9489E-02
  2.5236E+03  7.7294E-03  4.9381E-02
  2.5257E+03  7.7863E-03  4.9274E-02
  2.5278E+03  7.8434E-03  4.9167E-02
  2.5299E+03  7.9007E-03  4.9060E-02
  2.5320E+03  7.9581E-03  4.8954E-02
  2.5341E+03  8.0158E-03  4.8849E-02
  2.5362E+03  8.0737E-03  4.8744E-02
  2.5383E+03  8.1317E-03  4.8639E-02
  2.5404E+03  8.1899E-03  4.8536E-02
  2.5425E+03  8.2483E-03  4.8432E-02
  2.5447E+03  8.3069E-03  4.8329E-02
  2.5468E+03  8.3657E-03  4.8227E-02
  2.5489E+03  8.4246E-03  4.8125E-02
  2.5510E+03  8.4837E-03  4.8023E-02
  2.5531E+03  8.5429E-03  4.7922E-02
  2.5552E+03  8.6023E-03  4.7821E-02
  2.5573E+03  8.6619E-03  4.7721E-02
  2.5594E+03  8.7216E-03  4.7622E-02
  2.5615E+03  8.7814E-03  4.7523E-02
  2.5636E+03  8.8414E-03  4.7424E-02
  2.5658E+03  8.9016E-03  4.7326E-02
  2.5679E+03  8.9618E-03  4.7228E-02
  2.5700E+03  9.0223E-03  4.7131E-02
  2.5721E+03  9.0828E-03  4.7034E-02
  2.5742E+03  9.1435E-03  4.6938E-02
  2.5763E+03  9.2043E-03  4.6842E-02
  2.5784E+03  9.2652E-03  4.6747E-02
  2.5805E+03  9.3262E-03  4.6652E-02
  2.5826E+03  9.3873E-03  4.6558E-02
  2.5847E+03  9.4485E-03  4.6464E-02
  2.5869E+03  9.5099E-03  4.6370E-02
  2.5890E+03  9.5713E-03  4.6277E-02
  2.5911E+03  9.6328E-03  4.6185E-02
  2.5932E+03  9.6945E-03  4.6093E-02
  2.5953E+03  9.7562E-03  4.6001E-02
  2.5974E+03  9.8180E-03  4.5910E-02
  2.5995E+03  9.8798E-03  4.5820E-02
  2.6016E+03  9.9418E-03  4.5730E-02
  2.6037E+03  1.0004E-02  4.5640E-02
  2.6058E+03  1.0066E-02  4.5551E-02
  2.6080E+03  1.0128E-02  4.5462E-02
  2.6101E+03  1.0190E-02  4.5374E-02
  2.6122E+03  1.0252E-02  4.5286E-02
  2.6143E+03  1.0315E-02  4.5199E-02
  2.6164E+03  1.0377E-02  4.5112E-02
  2.6185E+03  1.0439E-02  4.5025E-02
  2.6206E+03  1.0502E-02  4.4939E-02
  2.6227E+03  1.0564E-02  4.4854E-02
  2.6248E+03  1.0627E-02  4.4768E-02
  2.6269E+03  1.0689E-02  4.4684E-02
  2.6291E+03  1.0752E-02  4.4600E-02
  2.6312E+03  1.0814E-02  4.4516E-02
  2.6333E+03  1.0877E-02  4.4433E-02
  2.6354E+03  1.0940E-02  4.4350E-02
  2.6375E+03  1.1002E-02  4.4267E-02
  2.6396E+03  1.1065E-02  4.4185E-02
  2.6417E+03  1.1127E-02  4.4104E-02
  2.6438E+03  1.1190E-02  4.4023E-02
  2.6459E+03  1.1253E-02  4.3942E-02
  2.6480E+03  1.1315E-02  4.3862E-02
  2.6502E+03  1.1378E-02  4.3782E-02
  2.6523E+03  1.1440E-02  4.3703E-02
  2.6544E+03  1.1503E-02  4.3624E-02
  2.6565E+03  1.1565E-02  4.3545E-02
  2.6586E+03  1.1628E-02  4.3467E-02
  2.6607E+03  1.1690E-02  4.3390E-02
  2.6628E+03  1.1753E-02  4.3313E-02
  2.6649E+03  1.1815E-02  4.3236E-02
  2.6670E+03  1.1877E-02  4.3160E-02
  2.6691E+03  1.1940E-02  4.3084E-02
  2.6713E+03  1.2002E-02  4.3008E-02
  2.6734E+03  1.2064E-02  4.2933E-02
  2.6755E+03  1.2126E-02  4.2859E-02
  2.6776E+03  1.2188E-02  4.2785E-02
  2.6797E+03  1.2250E-02  4.2711E-02
  2.6818E+03  1.2312E-02  4.2638E-02
  2.6839E+03  1.2374E-02  4.2565E-02
  2.6860E+03  1.2436E-02  4.2492E-02
  2.6881E+03  1.2498E-02  4.2420E-02
  2.6902E+03  1.2560E-02  4.2349E-02
  2.6924E+03  1.2621E-02  4.2277E-02
  2.6945E+03  1.2683E-02  4.2207E-02
  2.6966E+03  1.2744E-02  4.2136E-02
  2.6987E+03  1.2806E-02  4.2066E-02
  2.7008E+03  1.2867E-02  4.1997E-02
  2.7029E+03  1.2928E-02  4.1928E-02
  2.7050E+03  1.2989E-02  4.1859E-02
  2.7071E+03  1.3050E-02  4.1791E-02
  2.7092E+03  1.3111E-02  4.1723E-02
  2.7113E+03  1.3172E-02  4.1655E-02
  2.7135E+03  1.3233E-02  4.1588E-02
  2.7156E+03  1.3294E-02  4.1521E-02
  2.7177E+03  1.3354E-02  4.1455E-02
  2.7198E+03  1.3415E-02  4.1389E-02
  2.7219E+03  1.3475E-02  4.1324E-02
  2.7240E+03  1.3535E-02  4.1259E-02
  2.7261E+03  1.3595E-02  4.1194E-02
  2.7282E+03  1.3655E-02  4.1130E-02
  2.7303E+03  1.3715E-02  4.1066E-02
  2.7324E+03  1.3775E-02  4.1002E-02
  2.7346E+03  1.3835E-02  4.0939E-02
  2.7367E+03  1.3894E-02  4.0876E-02
  2.7388E+03  1.3954E-02  4.0814E-02
  2.7409E+03  1.4013E-02  4.0752E-02
  2.7430E+03  1.4072E-02  4.0690E-02
  2.7451E+03  1.4131E-02  4.0629E-02
  2.7472E+03  1.4190E-02  4.0569E-02
  2.7493E+03  1.4249E-02  4.0508E-02
  2.7514E+03  1.4308E-02  4.0448E-02
  2.7535E+03  1.4366E-02  4.0388E-02
  2.7557E+03  1.4425E-02  4.0329E-02
  2.7578E+03  1.4483E-02  4.0270E-02
  2.7599E+03  1.4541E-02  4.0212E-02
  2.7620E+03  1.4599E-02  4.0154E-02
  2.7641E+03  1.4657E-02  4.0096E-02
  2.7662E+03  1.4715E-02  4.0039E-02
  2.7683E+03  1.4773E-02  3.9982E-02
  2.7704E+03  1.4830E-02  3.9925E-02
  2.7725E+03  1.4888E-02  3.9869E-02
  2.7746E+03  1.4945E-02  3.9813E-02
  2.7768E+03  1.5002E-02  3.9758E-02
  2.7789E+03  1.5059E-02  3.9702E-02
  2.7810E+03  1.5116E-02  3.9648E-02
  2.7831E+03  1.5172E-02  3.9593E-02
  2.7852E+03  1.5229E-02  3.9539E-02
  2.7873E+03  1.5285E-02  3.9486E-02
  2.7894E+03  1.5342E-02  3.9432E-02
  2.7915E+03  1.5398E-02  3.9379E-02
  2.7936E+03  1.5454E-02  3.9327E-02
  2.7957E+03  1.5510E-02  3.9275E-02
  2.7979E+03  1.5565E-02  3.9223E-02
  2.8000E+03  1.5621E-02  3.9171E-02
  2.8021E+03  1.5676E-02  3.9120E-02
  2.8042E+03  1.5732E-02  3.9069E-02
  2.8063E+03  1.5787E-02  3.9019E-02
  2.8084E+03  1.5842E-02  3.8969E-02
  2.8105E+03  1.5897E-02  3.8919E-02
  2.8126E+03  1.5951E-02  3.8870E-02
  2.8147E+03  1.6006E-02  3.8821E-02
  2.8168E+03  1.6060E-02  3.8772E-02
  2.8190E+03  1.6115E-02  3.8724E-02
  2.8211E+03  1.6169E-02  3.8676E-02
  2.8232E+03  1.6223E-02  3.8628E-02
  2.8253E+03  1.6277E-02  3.8581E-02
  2.8274E+03  1.6330E-02  3.8534E-02
  2.8295E+03  1.6384E-02  3.8487E-02
  2.8316E+03  1.6437E-02  3.8441E-02
  2.8337E+03  1.6491E-02  3.8395E-02
  2.8358E+03  1.6544E-02  3.8350E-02
  2.8379E+03  1.6597E-02  3.8304E-02
  2.8401E+03  1.6650E-02  3.8259E-02
  2.8422E+03  1.6702E-02  3.8215E-02
  2.8443E+03  1.6755E-02  3.8171E-02
  2.8464E+03  1.6808E-02  3.8127E-02
  2.8485E+03  1.6860E-02  3.8083E-02
  2.8506E+03  1.6912E-02  3.8040E-02
  2.8527E+03  1.6964E-02  3.7997E-02
  2.8548E+03  1.7016E-02  3.7954E-02
  2.8569E+03  1.7068E-02  3.7912E-02
  2.8590E+03  1.7119E-02  3.7870E-02
  2.8612E+03  1.7171E-02  3.7829E-02
  2.8633E+03  1.7222E-02  3.7787E-02
  2.8654E+03  1.7273E-02  3.7746E-02
  2.8675E+03  1.7324E-02  3.7706E-02
  2.8696E+03  1.7375E-02  3.7665E-02
  2.8717E+03  1.7426E-02  3.7625E-02
  2.8738E+03  1.7476E-02  3.7586E-02
  2.8759E+03  1.7527E-02  3.7546E-02
  2.8780E+03  1.7577E-02  3.7507E-02
  2.8801E+03  1.7627E-02  3.7469E-02
  2.8823E+03  1.7678E-02  3.7430E-02
  2.8844E+03  1.7727E-02  3.7392E-02
  2.8865E+03  1.7777E-02  3.7354E-02
  2.8886E+03  1.7827E-02  3.7317E-02
  2.8907E+03  1.7876E-02  3.7280E-02
  2.8928E+03  1.7926E-02  3.7243E-02
  2.8949E+03  1.7975E-02  3.7206E-02
  2.8970E+03  1.8024E-02  3.7170E-02
  2.8991E+03  1.8073E-02  3.7134E-02
  2.9012E+03  1.8122E-02  3.7098E-02
  2.9034E+03  1.8171E-02  3.7063E-02
  2.9055E+03  1.8220E-02  3.7028E-02
  2.9076E+03  1.8268E-02  3.6993E-02
  2.9097E+03  1.8316E-02  3.6959E-02
  2.9118E+03  1.8365E-02  3.6925E-02
  2.9139E+03  1.8413E-02  3.6891E-02
  2.9160E+03  1.8461E-02  3.6857E-02
  2.9181E+03  1.8509E-02  3.6824E-02
  2.9202E+03  1.8557E-02  3.6791E-02
  2.9223E+03  1.8604E-02  3.6759E-02
  2.9245E+03  1.8652E-02  3.6726E-02
  2.9266E+03  1.8699E-02  3.6694E-02
  2.9287E+03  1.8746E-02  3.6662E-02
  2.9308E+03  1.8794E-02  3.6631E-02
  2.9329E+03  1.8841E-02  3.6600E-02
  2.9350E+03  1.8887E-02  3.6569E-02
  2.9371E+03  1.8934E-02  3.6538E-02
  2.9392E+03  1.8981E-02  3.6508E-02
  2.9413E+03  1.9028E-02  3.6478E-02
  2.9434E+03  1.9074E-02  3.6448E-02
  2.9456E+03  1.9120E-02  3.6418E-02
  2.9477E+03  1.9167E-02  3.6389E-02
  2.9498E+03  1.9213E-02  3.6360E-02
  2.9519E+03  1.9259E-02  3.6331E-02
  2.9540E+03  1.9305E-02  3.6303E-02
  2.9561E+03  1.9351E-02  3.6275E-02
  2.9582E+03  1.9396E-02  3.6247E-02
  2.9603E+03  1.9442E-02  3.6220E-02
  2.9624E+03  1.9487E-02  3.6192E-02
  2.9645E+03  1.9533E-02  3.6165E-02
  2.9667E+03  1.9578E-02  3.6138E-02
  2.9688E+03  1.9623E-02  3.6112E-02
  2.9709E+03  1.9668E-02  3.6086E-02
  2.9730E+03  1.9713E-02  3.6060E-02
  2.9751E+03  1.9758E-02  3.6034E-02
  2.9772E+03  1.9803E-02  3.6009E-02
  2.9793E+03  1.9848E-02  3.5983E-02
  2.9814E+03  1.9892E-02  3.5959E-02
  2.9835E+03  1.9937E-02  3.5934E-02
  2.9856E+03  1.9981E-02  3.5910E-02
  2.9878E+03  2.0025E-02  3.5885E-02
  2.9899E+03  2.0070E-02  3.5862E-02
  2.9920E+03  2.0114E-02  3.5838E-02
  2.9941E+03  2.0158E-02  3.5815E-02
  2.9962E+03  2.0202E-02  3.5792E-02
  2.9983E+03  2.0246E-02  3.5769E-02
  3.0000E+03  2.0281E-02  3.5751E-02
