# CREATED BY GENE DIAGNOSTICS TOOL on Wed Dec 16 17:19:31 2020
# diag: timetrace, run(s): 0012, time window: 0-3000(1353 steps), species: ions
# original data path: /marconi_scratch/userexternal/cmoreno0/GAM_HP_scan/scanfiles0001/
# normalization: L_ref=1.65m
#
#  t          Re[phi]     Im[phi]   
  0.0000E+00  9.9997E-01  0.0000E+00
  2.2200E+00  9.3871E-01  5.0520E-03
  4.4400E+00  8.5202E-01  9.7052E-03
  6.6600E+00  7.9886E-01  1.3412E-02
  8.8800E+00  7.4751E-01  1.6411E-02
  1.1100E+01  6.9186E-01  1.8898E-02
  1.3320E+01  6.4541E-01  2.0670E-02
  1.5540E+01  6.1287E-01  2.1830E-02
  1.7760E+01  5.9298E-01  2.2731E-02
  1.9980E+01  5.8380E-01  2.3672E-02
  2.2200E+01  5.8301E-01  2.4852E-02
  2.4420E+01  5.8767E-01  2.6378E-02
  2.6640E+01  5.9485E-01  2.8269E-02
  2.8860E+01  6.0189E-01  3.0462E-02
  3.1080E+01  6.0680E-01  3.2834E-02
  3.3300E+01  6.0842E-01  3.5267E-02
  3.5520E+01  6.0640E-01  3.7643E-02
  3.7740E+01  6.0091E-01  3.9892E-02
  3.9960E+01  5.9284E-01  4.1982E-02
  4.2180E+01  5.8290E-01  4.3894E-02
  4.4400E+01  5.7229E-01  4.5654E-02
  4.6620E+01  5.6167E-01  4.7299E-02
  4.8840E+01  5.5177E-01  4.8857E-02
  5.1060E+01  5.4300E-01  5.0384E-02
  5.3280E+01  5.3545E-01  5.1896E-02
  5.5500E+01  5.2923E-01  5.3431E-02
  5.7720E+01  5.2416E-01  5.4988E-02
  5.9940E+01  5.2006E-01  5.6583E-02
  6.2160E+01  5.1634E-01  5.8179E-02
  6.4380E+01  5.1302E-01  5.9771E-02
  6.6600E+01  5.0975E-01  6.1345E-02
  6.8820E+01  5.0617E-01  6.2866E-02
  7.1040E+01  5.0269E-01  6.4380E-02
  7.3260E+01  4.9831E-01  6.5785E-02
  7.5480E+01  4.9314E-01  6.7106E-02
  7.7700E+01  4.8852E-01  6.8439E-02
  7.9920E+01  4.8398E-01  6.9717E-02
  8.2140E+01  4.7891E-01  7.0921E-02
  8.4360E+01  4.7377E-01  7.2095E-02
  8.6580E+01  4.6892E-01  7.3253E-02
  8.8800E+01  4.6427E-01  7.4398E-02
  9.1020E+01  4.5966E-01  7.5524E-02
  9.3240E+01  4.5516E-01  7.6620E-02
  9.5460E+01  4.5093E-01  7.7707E-02
  9.7680E+01  4.4697E-01  7.8794E-02
  9.9900E+01  4.4314E-01  7.9875E-02
  1.0212E+02  4.3938E-01  8.0942E-02
  1.0434E+02  4.3573E-01  8.1996E-02
  1.0656E+02  4.3223E-01  8.3039E-02
  1.0878E+02  4.2881E-01  8.4072E-02
  1.1100E+02  4.2546E-01  8.5090E-02
  1.1322E+02  4.2215E-01  8.6093E-02
  1.1544E+02  4.1892E-01  8.7084E-02
  1.1766E+02  4.1578E-01  8.8064E-02
  1.1988E+02  4.1275E-01  8.9035E-02
  1.2210E+02  4.0982E-01  8.9997E-02
  1.2432E+02  4.0699E-01  9.0951E-02
  1.2654E+02  4.0427E-01  9.1898E-02
  1.2876E+02  4.0166E-01  9.2835E-02
  1.3098E+02  3.9919E-01  9.3763E-02
  1.3320E+02  3.9683E-01  9.4682E-02
  1.3542E+02  3.9455E-01  9.5591E-02
  1.3764E+02  3.9234E-01  9.6493E-02
  1.3986E+02  3.9018E-01  9.7385E-02
  1.4208E+02  3.8810E-01  9.8268E-02
  1.4430E+02  3.8610E-01  9.9143E-02
  1.4652E+02  3.8416E-01  1.0001E-01
  1.4874E+02  3.8227E-01  1.0086E-01
  1.5096E+02  3.8043E-01  1.0171E-01
  1.5318E+02  3.7862E-01  1.0255E-01
  1.5540E+02  3.7688E-01  1.0338E-01
  1.5762E+02  3.7523E-01  1.0420E-01
  1.5984E+02  3.7363E-01  1.0503E-01
  1.6206E+02  3.7205E-01  1.0584E-01
  1.6428E+02  3.7046E-01  1.0666E-01
  1.6650E+02  3.6889E-01  1.0747E-01
  1.6872E+02  3.6735E-01  1.0827E-01
  1.7094E+02  3.6587E-01  1.0906E-01
  1.7316E+02  3.6445E-01  1.0985E-01
  1.7538E+02  3.6308E-01  1.1064E-01
  1.7760E+02  3.6172E-01  1.1142E-01
  1.7982E+02  3.6036E-01  1.1221E-01
  1.8204E+02  3.5900E-01  1.1298E-01
  1.8426E+02  3.5765E-01  1.1376E-01
  1.8648E+02  3.5633E-01  1.1452E-01
  1.8870E+02  3.5504E-01  1.1528E-01
  1.9092E+02  3.5377E-01  1.1604E-01
  1.9314E+02  3.5250E-01  1.1680E-01
  1.9536E+02  3.5123E-01  1.1755E-01
  1.9758E+02  3.4996E-01  1.1830E-01
  1.9980E+02  3.4868E-01  1.1905E-01
  2.0202E+02  3.4740E-01  1.1979E-01
  2.0424E+02  3.4613E-01  1.2052E-01
  2.0646E+02  3.4488E-01  1.2125E-01
  2.0868E+02  3.4366E-01  1.2197E-01
  2.1090E+02  3.4245E-01  1.2269E-01
  2.1312E+02  3.4126E-01  1.2341E-01
  2.1534E+02  3.4007E-01  1.2413E-01
  2.1756E+02  3.3889E-01  1.2484E-01
  2.1978E+02  3.3770E-01  1.2554E-01
  2.2200E+02  3.3650E-01  1.2623E-01
  2.2422E+02  3.3528E-01  1.2692E-01
  2.2644E+02  3.3402E-01  1.2761E-01
  2.2866E+02  3.3274E-01  1.2829E-01
  2.3088E+02  3.3144E-01  1.2897E-01
  2.3310E+02  3.3011E-01  1.2964E-01
  2.3532E+02  3.2875E-01  1.3031E-01
  2.3754E+02  3.2741E-01  1.3097E-01
  2.3976E+02  3.2609E-01  1.3163E-01
  2.4198E+02  3.2484E-01  1.3227E-01
  2.4420E+02  3.2366E-01  1.3291E-01
  2.4642E+02  3.2254E-01  1.3355E-01
  2.4864E+02  3.2147E-01  1.3419E-01
  2.5086E+02  3.2040E-01  1.3483E-01
  2.5308E+02  3.1931E-01  1.3546E-01
  2.5530E+02  3.1814E-01  1.3608E-01
  2.5752E+02  3.1688E-01  1.3669E-01
  2.5974E+02  3.1552E-01  1.3729E-01
  2.6196E+02  3.1409E-01  1.3788E-01
  2.6418E+02  3.1263E-01  1.3847E-01
  2.6640E+02  3.1118E-01  1.3905E-01
  2.6862E+02  3.0978E-01  1.3964E-01
  2.7084E+02  3.0844E-01  1.4022E-01
  2.7306E+02  3.0714E-01  1.4081E-01
  2.7528E+02  3.0587E-01  1.4138E-01
  2.7750E+02  3.0462E-01  1.4195E-01
  2.7972E+02  3.0337E-01  1.4251E-01
  2.8194E+02  3.0213E-01  1.4305E-01
  2.8416E+02  3.0091E-01  1.4358E-01
  2.8638E+02  2.9972E-01  1.4411E-01
  2.8860E+02  2.9858E-01  1.4463E-01
  2.9082E+02  2.9749E-01  1.4516E-01
  2.9304E+02  2.9642E-01  1.4569E-01
  2.9526E+02  2.9533E-01  1.4623E-01
  2.9748E+02  2.9416E-01  1.4676E-01
  2.9970E+02  2.9289E-01  1.4727E-01
  3.0192E+02  2.9148E-01  1.4778E-01
  3.0414E+02  2.8995E-01  1.4827E-01
  3.0636E+02  2.8833E-01  1.4874E-01
  3.0858E+02  2.8669E-01  1.4920E-01
  3.1080E+02  2.8509E-01  1.4966E-01
  3.1302E+02  2.8362E-01  1.5011E-01
  3.1524E+02  2.8234E-01  1.5057E-01
  3.1746E+02  2.8126E-01  1.5104E-01
  3.1968E+02  2.8036E-01  1.5150E-01
  3.2190E+02  2.7958E-01  1.5197E-01
  3.2412E+02  2.7883E-01  1.5244E-01
  3.2634E+02  2.7800E-01  1.5290E-01
  3.2856E+02  2.7701E-01  1.5335E-01
  3.3078E+02  2.7581E-01  1.5378E-01
  3.3300E+02  2.7438E-01  1.5420E-01
  3.3522E+02  2.7276E-01  1.5461E-01
  3.3744E+02  2.7101E-01  1.5501E-01
  3.3966E+02  2.6925E-01  1.5540E-01
  3.4188E+02  2.6756E-01  1.5579E-01
  3.4410E+02  2.6606E-01  1.5617E-01
  3.4632E+02  2.6479E-01  1.5656E-01
  3.4854E+02  2.6378E-01  1.5694E-01
  3.5076E+02  2.6301E-01  1.5733E-01
  3.5298E+02  2.6239E-01  1.5772E-01
  3.5520E+02  2.6182E-01  1.5810E-01
  3.5742E+02  2.6118E-01  1.5849E-01
  3.5964E+02  2.6037E-01  1.5887E-01
  3.6186E+02  2.5931E-01  1.5924E-01
  3.6408E+02  2.5798E-01  1.5960E-01
  3.6630E+02  2.5640E-01  1.5996E-01
  3.6852E+02  2.5465E-01  1.6030E-01
  3.7074E+02  2.5282E-01  1.6063E-01
  3.7296E+02  2.5103E-01  1.6096E-01
  3.7518E+02  2.4938E-01  1.6127E-01
  3.7740E+02  2.4796E-01  1.6159E-01
  3.7962E+02  2.4681E-01  1.6190E-01
  3.8184E+02  2.4594E-01  1.6221E-01
  3.8406E+02  2.4530E-01  1.6252E-01
  3.8628E+02  2.4480E-01  1.6284E-01
  3.8850E+02  2.4435E-01  1.6315E-01
  3.9072E+02  2.4384E-01  1.6347E-01
  3.9294E+02  2.4316E-01  1.6378E-01
  3.9516E+02  2.4225E-01  1.6409E-01
  3.9738E+02  2.4108E-01  1.6439E-01
  3.9960E+02  2.3969E-01  1.6468E-01
  4.0182E+02  2.3812E-01  1.6496E-01
  4.0404E+02  2.3647E-01  1.6523E-01
  4.0626E+02  2.3483E-01  1.6549E-01
  4.0848E+02  2.3329E-01  1.6575E-01
  4.1070E+02  2.3192E-01  1.6601E-01
  4.1292E+02  2.3075E-01  1.6626E-01
  4.1514E+02  2.2977E-01  1.6651E-01
  4.1736E+02  2.2895E-01  1.6676E-01
  4.1958E+02  2.2824E-01  1.6701E-01
  4.2180E+02  2.2755E-01  1.6726E-01
  4.2402E+02  2.2681E-01  1.6750E-01
  4.2624E+02  2.2597E-01  1.6775E-01
  4.2846E+02  2.2500E-01  1.6799E-01
  4.3068E+02  2.2388E-01  1.6822E-01
  4.3290E+02  2.2264E-01  1.6845E-01
  4.3512E+02  2.2133E-01  1.6867E-01
  4.3734E+02  2.2000E-01  1.6888E-01
  4.3956E+02  2.1873E-01  1.6909E-01
  4.4178E+02  2.1755E-01  1.6929E-01
  4.4400E+02  2.1650E-01  1.6949E-01
  4.4622E+02  2.1557E-01  1.6969E-01
  4.4844E+02  2.1475E-01  1.6989E-01
  4.5066E+02  2.1397E-01  1.7009E-01
  4.5288E+02  2.1319E-01  1.7028E-01
  4.5510E+02  2.1234E-01  1.7048E-01
  4.5732E+02  2.1140E-01  1.7067E-01
  4.5954E+02  2.1035E-01  1.7086E-01
  4.6176E+02  2.0921E-01  1.7103E-01
  4.6398E+02  2.0800E-01  1.7121E-01
  4.6620E+02  2.0679E-01  1.7138E-01
  4.6842E+02  2.0563E-01  1.7154E-01
  4.7064E+02  2.0456E-01  1.7170E-01
  4.7286E+02  2.0360E-01  1.7185E-01
  4.7508E+02  2.0278E-01  1.7201E-01
  4.7730E+02  2.0206E-01  1.7216E-01
  4.7952E+02  2.0142E-01  1.7232E-01
  4.8174E+02  2.0079E-01  1.7247E-01
  4.8396E+02  2.0013E-01  1.7262E-01
  4.8618E+02  1.9939E-01  1.7278E-01
  4.8840E+02  1.9853E-01  1.7292E-01
  4.9062E+02  1.9753E-01  1.7307E-01
  4.9284E+02  1.9641E-01  1.7321E-01
  4.9506E+02  1.9517E-01  1.7334E-01
  4.9728E+02  1.9387E-01  1.7346E-01
  4.9950E+02  1.9254E-01  1.7358E-01
  5.0172E+02  1.9125E-01  1.7369E-01
  5.0394E+02  1.9002E-01  1.7379E-01
  5.0616E+02  1.8889E-01  1.7390E-01
  5.0838E+02  1.8787E-01  1.7400E-01
  5.1060E+02  1.8697E-01  1.7410E-01
  5.1282E+02  1.8619E-01  1.7420E-01
  5.1504E+02  1.8548E-01  1.7431E-01
  5.1726E+02  1.8484E-01  1.7440E-01
  5.1948E+02  1.8422E-01  1.7450E-01
  5.2170E+02  1.8359E-01  1.7460E-01
  5.2392E+02  1.8290E-01  1.7469E-01
  5.2614E+02  1.8214E-01  1.7479E-01
  5.2836E+02  1.8127E-01  1.7487E-01
  5.3058E+02  1.8030E-01  1.7496E-01
  5.3280E+02  1.7924E-01  1.7504E-01
  5.3502E+02  1.7811E-01  1.7511E-01
  5.3724E+02  1.7694E-01  1.7518E-01
  5.3946E+02  1.7578E-01  1.7524E-01
  5.4168E+02  1.7467E-01  1.7530E-01
  5.4390E+02  1.7365E-01  1.7535E-01
  5.4612E+02  1.7274E-01  1.7541E-01
  5.4834E+02  1.7195E-01  1.7546E-01
  5.5056E+02  1.7127E-01  1.7551E-01
  5.5278E+02  1.7067E-01  1.7557E-01
  5.5500E+02  1.7011E-01  1.7562E-01
  5.5722E+02  1.6956E-01  1.7568E-01
  5.5944E+02  1.6899E-01  1.7573E-01
  5.6166E+02  1.6836E-01  1.7578E-01
  5.6388E+02  1.6767E-01  1.7583E-01
  5.6610E+02  1.6691E-01  1.7587E-01
  5.6832E+02  1.6609E-01  1.7591E-01
  5.7054E+02  1.6522E-01  1.7594E-01
  5.7276E+02  1.6432E-01  1.7597E-01
  5.7498E+02  1.6342E-01  1.7600E-01
  5.7720E+02  1.6253E-01  1.7603E-01
  5.7942E+02  1.6165E-01  1.7605E-01
  5.8164E+02  1.6079E-01  1.7607E-01
  5.8386E+02  1.5995E-01  1.7610E-01
  5.8608E+02  1.5912E-01  1.7612E-01
  5.8830E+02  1.5831E-01  1.7613E-01
  5.9052E+02  1.5751E-01  1.7615E-01
  5.9274E+02  1.5672E-01  1.7616E-01
  5.9496E+02  1.5594E-01  1.7617E-01
  5.9718E+02  1.5516E-01  1.7618E-01
  5.9940E+02  1.5439E-01  1.7618E-01
  6.0162E+02  1.5362E-01  1.7618E-01
  6.0384E+02  1.5284E-01  1.7618E-01
  6.0606E+02  1.5204E-01  1.7618E-01
  6.0828E+02  1.5122E-01  1.7617E-01
  6.1050E+02  1.5037E-01  1.7617E-01
  6.1272E+02  1.4950E-01  1.7616E-01
  6.1494E+02  1.4860E-01  1.7614E-01
  6.1716E+02  1.4769E-01  1.7613E-01
  6.1938E+02  1.4678E-01  1.7611E-01
  6.2160E+02  1.4588E-01  1.7609E-01
  6.2382E+02  1.4502E-01  1.7606E-01
  6.2604E+02  1.4418E-01  1.7603E-01
  6.2826E+02  1.4338E-01  1.7601E-01
  6.3048E+02  1.4262E-01  1.7597E-01
  6.3270E+02  1.4187E-01  1.7594E-01
  6.3492E+02  1.4114E-01  1.7591E-01
  6.3714E+02  1.4041E-01  1.7587E-01
  6.3936E+02  1.3967E-01  1.7583E-01
  6.4158E+02  1.3891E-01  1.7579E-01
  6.4380E+02  1.3813E-01  1.7575E-01
  6.4602E+02  1.3734E-01  1.7570E-01
  6.4824E+02  1.3656E-01  1.7565E-01
  6.5046E+02  1.3579E-01  1.7560E-01
  6.5268E+02  1.3506E-01  1.7555E-01
  6.5490E+02  1.3436E-01  1.7550E-01
  6.5712E+02  1.3370E-01  1.7544E-01
  6.5934E+02  1.3308E-01  1.7539E-01
  6.6156E+02  1.3248E-01  1.7533E-01
  6.6378E+02  1.3189E-01  1.7527E-01
  6.6600E+02  1.3129E-01  1.7521E-01
  6.6822E+02  1.3066E-01  1.7515E-01
  6.7044E+02  1.3002E-01  1.7509E-01
  6.7266E+02  1.2934E-01  1.7502E-01
  6.7488E+02  1.2865E-01  1.7496E-01
  6.7710E+02  1.2796E-01  1.7489E-01
  6.7932E+02  1.2728E-01  1.7482E-01
  6.8154E+02  1.2664E-01  1.7475E-01
  6.8376E+02  1.2603E-01  1.7467E-01
  6.8598E+02  1.2547E-01  1.7460E-01
  6.8820E+02  1.2495E-01  1.7453E-01
  6.9042E+02  1.2446E-01  1.7445E-01
  6.9264E+02  1.2397E-01  1.7438E-01
  6.9486E+02  1.2345E-01  1.7430E-01
  6.9708E+02  1.2290E-01  1.7422E-01
  6.9930E+02  1.2229E-01  1.7415E-01
  7.0152E+02  1.2163E-01  1.7407E-01
  7.0374E+02  1.2091E-01  1.7398E-01
  7.0596E+02  1.2015E-01  1.7390E-01
  7.0818E+02  1.1939E-01  1.7381E-01
  7.1040E+02  1.1864E-01  1.7372E-01
  7.1262E+02  1.1794E-01  1.7363E-01
  7.1484E+02  1.1730E-01  1.7353E-01
  7.1706E+02  1.1673E-01  1.7344E-01
  7.1928E+02  1.1622E-01  1.7335E-01
  7.2150E+02  1.1574E-01  1.7325E-01
  7.2372E+02  1.1528E-01  1.7316E-01
  7.2594E+02  1.1478E-01  1.7306E-01
  7.2816E+02  1.1422E-01  1.7297E-01
  7.3038E+02  1.1358E-01  1.7287E-01
  7.3260E+02  1.1284E-01  1.7277E-01
  7.3482E+02  1.1200E-01  1.7267E-01
  7.3704E+02  1.1111E-01  1.7256E-01
  7.3926E+02  1.1018E-01  1.7245E-01
  7.4148E+02  1.0926E-01  1.7233E-01
  7.4370E+02  1.0840E-01  1.7221E-01
  7.4592E+02  1.0762E-01  1.7209E-01
  7.4814E+02  1.0694E-01  1.7197E-01
  7.5036E+02  1.0637E-01  1.7185E-01
  7.5258E+02  1.0588E-01  1.7173E-01
  7.5480E+02  1.0544E-01  1.7161E-01
  7.5702E+02  1.0501E-01  1.7149E-01
  7.5924E+02  1.0453E-01  1.7137E-01
  7.6146E+02  1.0398E-01  1.7125E-01
  7.6368E+02  1.0332E-01  1.7113E-01
  7.6590E+02  1.0255E-01  1.7100E-01
  7.6812E+02  1.0167E-01  1.7087E-01
  7.7034E+02  1.0073E-01  1.7073E-01
  7.7256E+02  9.9764E-02  1.7059E-01
  7.7478E+02  9.8818E-02  1.7045E-01
  7.7700E+02  9.7940E-02  1.7030E-01
  7.7922E+02  9.7167E-02  1.7016E-01
  7.8144E+02  9.6516E-02  1.7001E-01
  7.8366E+02  9.5987E-02  1.6986E-01
  7.8588E+02  9.5558E-02  1.6971E-01
  7.8810E+02  9.5192E-02  1.6957E-01
  7.9032E+02  9.4844E-02  1.6942E-01
  7.9254E+02  9.4467E-02  1.6928E-01
  7.9476E+02  9.4023E-02  1.6913E-01
  7.9698E+02  9.3486E-02  1.6898E-01
  7.9920E+02  9.2851E-02  1.6883E-01
  8.0142E+02  9.2128E-02  1.6868E-01
  8.0364E+02  9.1345E-02  1.6853E-01
  8.0586E+02  9.0540E-02  1.6836E-01
  8.0808E+02  8.9755E-02  1.6820E-01
  8.1030E+02  8.9026E-02  1.6804E-01
  8.1252E+02  8.8381E-02  1.6787E-01
  8.1474E+02  8.7832E-02  1.6770E-01
  8.1696E+02  8.7376E-02  1.6754E-01
  8.1918E+02  8.6995E-02  1.6738E-01
  8.2140E+02  8.6662E-02  1.6721E-01
  8.2362E+02  8.6342E-02  1.6705E-01
  8.2584E+02  8.6004E-02  1.6689E-01
  8.2806E+02  8.5621E-02  1.6673E-01
  8.3028E+02  8.5178E-02  1.6657E-01
  8.3250E+02  8.4671E-02  1.6640E-01
  8.3472E+02  8.4107E-02  1.6623E-01
  8.3694E+02  8.3506E-02  1.6606E-01
  8.3916E+02  8.2890E-02  1.6589E-01
  8.4138E+02  8.2286E-02  1.6572E-01
  8.4360E+02  8.1714E-02  1.6554E-01
  8.4582E+02  8.1190E-02  1.6537E-01
  8.4804E+02  8.0720E-02  1.6520E-01
  8.5026E+02  8.0299E-02  1.6502E-01
  8.5248E+02  7.9916E-02  1.6485E-01
  8.5470E+02  7.9554E-02  1.6467E-01
  8.5692E+02  7.9193E-02  1.6450E-01
  8.5914E+02  7.8817E-02  1.6433E-01
  8.6136E+02  7.8414E-02  1.6416E-01
  8.6358E+02  7.7976E-02  1.6398E-01
  8.6580E+02  7.7505E-02  1.6380E-01
  8.6802E+02  7.7008E-02  1.6363E-01
  8.7024E+02  7.6497E-02  1.6345E-01
  8.7246E+02  7.5984E-02  1.6327E-01
  8.7468E+02  7.5480E-02  1.6309E-01
  8.7690E+02  7.4994E-02  1.6291E-01
  8.7912E+02  7.4528E-02  1.6272E-01
  8.8134E+02  7.4081E-02  1.6254E-01
  8.8356E+02  7.3645E-02  1.6236E-01
  8.8578E+02  7.3213E-02  1.6218E-01
  8.8800E+02  7.2775E-02  1.6199E-01
  8.9022E+02  7.2323E-02  1.6181E-01
  8.9244E+02  7.1854E-02  1.6162E-01
  8.9466E+02  7.1369E-02  1.6144E-01
  8.9688E+02  7.0870E-02  1.6125E-01
  8.9910E+02  7.0365E-02  1.6106E-01
  9.0132E+02  6.9861E-02  1.6087E-01
  9.0354E+02  6.9364E-02  1.6068E-01
  9.0576E+02  6.8878E-02  1.6049E-01
  9.0798E+02  6.8403E-02  1.6030E-01
  9.1020E+02  6.7934E-02  1.6011E-01
  9.1242E+02  6.7467E-02  1.5991E-01
  9.1464E+02  6.6992E-02  1.5972E-01
  9.1686E+02  6.6505E-02  1.5952E-01
  9.1908E+02  6.6000E-02  1.5933E-01
  9.2130E+02  6.5477E-02  1.5913E-01
  9.2352E+02  6.4939E-02  1.5893E-01
  9.2574E+02  6.4391E-02  1.5873E-01
  9.2796E+02  6.3843E-02  1.5853E-01
  9.3018E+02  6.3304E-02  1.5833E-01
  9.3240E+02  6.2780E-02  1.5812E-01
  9.3462E+02  6.2277E-02  1.5792E-01
  9.3684E+02  6.1795E-02  1.5771E-01
  9.3906E+02  6.1330E-02  1.5751E-01
  9.4128E+02  6.0875E-02  1.5730E-01
  9.4350E+02  6.0421E-02  1.5709E-01
  9.4572E+02  5.9959E-02  1.5688E-01
  9.4794E+02  5.9479E-02  1.5668E-01
  9.5016E+02  5.8976E-02  1.5647E-01
  9.5238E+02  5.8451E-02  1.5625E-01
  9.5460E+02  5.7906E-02  1.5604E-01
  9.5682E+02  5.7349E-02  1.5583E-01
  9.5904E+02  5.6790E-02  1.5561E-01
  9.6126E+02  5.6239E-02  1.5539E-01
  9.6348E+02  5.5705E-02  1.5517E-01
  9.6570E+02  5.5194E-02  1.5495E-01
  9.6792E+02  5.4708E-02  1.5473E-01
  9.7014E+02  5.4245E-02  1.5451E-01
  9.7236E+02  5.3800E-02  1.5429E-01
  9.7458E+02  5.3365E-02  1.5407E-01
  9.7680E+02  5.2930E-02  1.5385E-01
  9.7902E+02  5.2486E-02  1.5363E-01
  9.8124E+02  5.2026E-02  1.5340E-01
  9.8346E+02  5.1547E-02  1.5318E-01
  9.8568E+02  5.1048E-02  1.5295E-01
  9.8790E+02  5.0532E-02  1.5272E-01
  9.9012E+02  5.0006E-02  1.5249E-01
  9.9234E+02  4.9477E-02  1.5226E-01
  9.9456E+02  4.8954E-02  1.5203E-01
  9.9678E+02  4.8443E-02  1.5180E-01
  9.9900E+02  4.7950E-02  1.5157E-01
  1.0012E+03  4.7476E-02  1.5133E-01
  1.0034E+03  4.7021E-02  1.5110E-01
  1.0057E+03  4.6581E-02  1.5086E-01
  1.0079E+03  4.6153E-02  1.5063E-01
  1.0101E+03  4.5732E-02  1.5039E-01
  1.0123E+03  4.5313E-02  1.5016E-01
  1.0145E+03  4.4893E-02  1.4992E-01
  1.0168E+03  4.4471E-02  1.4968E-01
  1.0190E+03  4.4046E-02  1.4944E-01
  1.0212E+03  4.3619E-02  1.4920E-01
  1.0234E+03  4.3190E-02  1.4896E-01
  1.0256E+03  4.2761E-02  1.4872E-01
  1.0279E+03  4.2332E-02  1.4848E-01
  1.0301E+03  4.1904E-02  1.4824E-01
  1.0323E+03  4.1475E-02  1.4800E-01
  1.0345E+03  4.1047E-02  1.4775E-01
  1.0367E+03  4.0618E-02  1.4751E-01
  1.0390E+03  4.0192E-02  1.4726E-01
  1.0412E+03  3.9771E-02  1.4702E-01
  1.0434E+03  3.9359E-02  1.4677E-01
  1.0456E+03  3.8961E-02  1.4653E-01
  1.0478E+03  3.8580E-02  1.4628E-01
  1.0501E+03  3.8220E-02  1.4603E-01
  1.0523E+03  3.7881E-02  1.4579E-01
  1.0545E+03  3.7560E-02  1.4554E-01
  1.0567E+03  3.7251E-02  1.4529E-01
  1.0589E+03  3.6947E-02  1.4505E-01
  1.0612E+03  3.6637E-02  1.4480E-01
  1.0634E+03  3.6313E-02  1.4455E-01
  1.0656E+03  3.5969E-02  1.4431E-01
  1.0678E+03  3.5600E-02  1.4406E-01
  1.0700E+03  3.5209E-02  1.4381E-01
  1.0723E+03  3.4802E-02  1.4356E-01
  1.0745E+03  3.4388E-02  1.4331E-01
  1.0767E+03  3.3979E-02  1.4306E-01
  1.0789E+03  3.3589E-02  1.4281E-01
  1.0811E+03  3.3227E-02  1.4255E-01
  1.0834E+03  3.2901E-02  1.4230E-01
  1.0856E+03  3.2610E-02  1.4205E-01
  1.0878E+03  3.2350E-02  1.4180E-01
  1.0900E+03  3.2110E-02  1.4155E-01
  1.0922E+03  3.1875E-02  1.4130E-01
  1.0945E+03  3.1630E-02  1.4105E-01
  1.0967E+03  3.1358E-02  1.4080E-01
  1.0989E+03  3.1052E-02  1.4055E-01
  1.1011E+03  3.0705E-02  1.4030E-01
  1.1033E+03  3.0323E-02  1.4004E-01
  1.1056E+03  2.9913E-02  1.3979E-01
  1.1078E+03  2.9493E-02  1.3954E-01
  1.1100E+03  2.9079E-02  1.3928E-01
  1.1122E+03  2.8689E-02  1.3903E-01
  1.1144E+03  2.8335E-02  1.3877E-01
  1.1167E+03  2.8026E-02  1.3851E-01
  1.1189E+03  2.7760E-02  1.3826E-01
  1.1211E+03  2.7528E-02  1.3800E-01
  1.1233E+03  2.7316E-02  1.3775E-01
  1.1255E+03  2.7105E-02  1.3750E-01
  1.1278E+03  2.6874E-02  1.3724E-01
  1.1300E+03  2.6607E-02  1.3699E-01
  1.1322E+03  2.6294E-02  1.3673E-01
  1.1344E+03  2.5931E-02  1.3648E-01
  1.1366E+03  2.5525E-02  1.3622E-01
  1.1389E+03  2.5089E-02  1.3597E-01
  1.1411E+03  2.4642E-02  1.3571E-01
  1.1433E+03  2.4206E-02  1.3545E-01
  1.1455E+03  2.3798E-02  1.3518E-01
  1.1477E+03  2.3435E-02  1.3492E-01
  1.1500E+03  2.3121E-02  1.3466E-01
  1.1522E+03  2.2854E-02  1.3440E-01
  1.1544E+03  2.2624E-02  1.3414E-01
  1.1566E+03  2.2412E-02  1.3388E-01
  1.1588E+03  2.2197E-02  1.3362E-01
  1.1611E+03  2.1957E-02  1.3336E-01
  1.1633E+03  2.1676E-02  1.3310E-01
  1.1655E+03  2.1343E-02  1.3284E-01
  1.1677E+03  2.0956E-02  1.3258E-01
  1.1699E+03  2.0522E-02  1.3232E-01
  1.1722E+03  2.0057E-02  1.3205E-01
  1.1744E+03  1.9581E-02  1.3179E-01
  1.1766E+03  1.9116E-02  1.3152E-01
  1.1788E+03  1.8682E-02  1.3125E-01
  1.1810E+03  1.8293E-02  1.3098E-01
  1.1833E+03  1.7954E-02  1.3071E-01
  1.1855E+03  1.7663E-02  1.3044E-01
  1.1877E+03  1.7408E-02  1.3018E-01
  1.1899E+03  1.7174E-02  1.2991E-01
  1.1921E+03  1.6939E-02  1.2964E-01
  1.1944E+03  1.6684E-02  1.2937E-01
  1.1966E+03  1.6393E-02  1.2911E-01
  1.1988E+03  1.6059E-02  1.2884E-01
  1.2010E+03  1.5680E-02  1.2857E-01
  1.2032E+03  1.5262E-02  1.2829E-01
  1.2055E+03  1.4819E-02  1.2802E-01
  1.2077E+03  1.4368E-02  1.2775E-01
  1.2099E+03  1.3928E-02  1.2747E-01
  1.2121E+03  1.3515E-02  1.2719E-01
  1.2143E+03  1.3142E-02  1.2692E-01
  1.2166E+03  1.2811E-02  1.2664E-01
  1.2188E+03  1.2522E-02  1.2636E-01
  1.2210E+03  1.2266E-02  1.2609E-01
  1.2232E+03  1.2029E-02  1.2581E-01
  1.2254E+03  1.1797E-02  1.2553E-01
  1.2277E+03  1.1554E-02  1.2526E-01
  1.2299E+03  1.1290E-02  1.2498E-01
  1.2321E+03  1.0998E-02  1.2471E-01
  1.2343E+03  1.0678E-02  1.2443E-01
  1.2365E+03  1.0335E-02  1.2415E-01
  1.2388E+03  9.9791E-03  1.2387E-01
  1.2410E+03  9.6217E-03  1.2359E-01
  1.2432E+03  9.2752E-03  1.2331E-01
  1.2454E+03  8.9502E-03  1.2303E-01
  1.2476E+03  8.6536E-03  1.2275E-01
  1.2499E+03  8.3879E-03  1.2246E-01
  1.2521E+03  8.1509E-03  1.2218E-01
  1.2543E+03  7.9367E-03  1.2190E-01
  1.2565E+03  7.7366E-03  1.2162E-01
  1.2587E+03  7.5411E-03  1.2134E-01
  1.2610E+03  7.3416E-03  1.2106E-01
  1.2632E+03  7.1319E-03  1.2078E-01
  1.2654E+03  6.9089E-03  1.2051E-01
  1.2676E+03  6.6730E-03  1.2023E-01
  1.2698E+03  6.4277E-03  1.1994E-01
  1.2721E+03  6.1786E-03  1.1966E-01
  1.2743E+03  5.9322E-03  1.1938E-01
  1.2765E+03  5.6948E-03  1.1910E-01
  1.2787E+03  5.4709E-03  1.1882E-01
  1.2809E+03  5.2630E-03  1.1854E-01
  1.2832E+03  5.0713E-03  1.1826E-01
  1.2854E+03  4.8932E-03  1.1798E-01
  1.2876E+03  4.7249E-03  1.1770E-01
  1.2898E+03  4.5617E-03  1.1742E-01
  1.2920E+03  4.3988E-03  1.1714E-01
  1.2943E+03  4.2327E-03  1.1686E-01
  1.2965E+03  4.0610E-03  1.1659E-01
  1.2987E+03  3.8834E-03  1.1631E-01
  1.3009E+03  3.7008E-03  1.1603E-01
  1.3031E+03  3.5154E-03  1.1575E-01
  1.3054E+03  3.3298E-03  1.1547E-01
  1.3076E+03  3.1461E-03  1.1520E-01
  1.3098E+03  2.9661E-03  1.1492E-01
  1.3120E+03  2.7902E-03  1.1464E-01
  1.3142E+03  2.6182E-03  1.1436E-01
  1.3165E+03  2.4487E-03  1.1409E-01
  1.3187E+03  2.2801E-03  1.1381E-01
  1.3209E+03  2.1109E-03  1.1353E-01
  1.3231E+03  1.9396E-03  1.1326E-01
  1.3253E+03  1.7656E-03  1.1298E-01
  1.3276E+03  1.5888E-03  1.1270E-01
  1.3298E+03  1.4095E-03  1.1243E-01
  1.3320E+03  1.2286E-03  1.1215E-01
  1.3342E+03  1.0464E-03  1.1188E-01
  1.3364E+03  8.6350E-04  1.1160E-01
  1.3387E+03  6.7952E-04  1.1132E-01
  1.3409E+03  4.9382E-04  1.1105E-01
  1.3431E+03  3.0526E-04  1.1077E-01
  1.3453E+03  1.1263E-04  1.1050E-01
  1.3475E+03 -8.5068E-05  1.1022E-01
  1.3498E+03 -2.8820E-04  1.0994E-01
  1.3520E+03 -4.9639E-04  1.0967E-01
  1.3542E+03 -7.0851E-04  1.0939E-01
  1.3564E+03 -9.2294E-04  1.0912E-01
  1.3586E+03 -1.1378E-03  1.0884E-01
  1.3609E+03 -1.3517E-03  1.0856E-01
  1.3631E+03 -1.5638E-03  1.0829E-01
  1.3653E+03 -1.7745E-03  1.0801E-01
  1.3675E+03 -1.9849E-03  1.0773E-01
  1.3697E+03 -2.1973E-03  1.0745E-01
  1.3720E+03 -2.4142E-03  1.0718E-01
  1.3742E+03 -2.6380E-03  1.0690E-01
  1.3764E+03 -2.8704E-03  1.0662E-01
  1.3786E+03 -3.1119E-03  1.0634E-01
  1.3808E+03 -3.3619E-03  1.0606E-01
  1.3831E+03 -3.6184E-03  1.0579E-01
  1.3853E+03 -3.8786E-03  1.0551E-01
  1.3875E+03 -4.1392E-03  1.0523E-01
  1.3897E+03 -4.3971E-03  1.0495E-01
  1.3919E+03 -4.6502E-03  1.0466E-01
  1.3942E+03 -4.8976E-03  1.0438E-01
  1.3964E+03 -5.1401E-03  1.0410E-01
  1.3986E+03 -5.3798E-03  1.0382E-01
  1.4008E+03 -5.6200E-03  1.0354E-01
  1.4030E+03 -5.8644E-03  1.0326E-01
  1.4053E+03 -6.1162E-03  1.0297E-01
  1.4075E+03 -6.3777E-03  1.0269E-01
  1.4097E+03 -6.6494E-03  1.0241E-01
  1.4119E+03 -6.9302E-03  1.0212E-01
  1.4141E+03 -7.2171E-03  1.0184E-01
  1.4164E+03 -7.5061E-03  1.0155E-01
  1.4186E+03 -7.7927E-03  1.0127E-01
  1.4208E+03 -8.0731E-03  1.0098E-01
  1.4230E+03 -8.3444E-03  1.0069E-01
  1.4252E+03 -8.6057E-03  1.0041E-01
  1.4275E+03 -8.8580E-03  1.0012E-01
  1.4297E+03 -9.1040E-03  9.9831E-02
  1.4319E+03 -9.3476E-03  9.9543E-02
  1.4341E+03 -9.5932E-03  9.9255E-02
  1.4363E+03 -9.8447E-03  9.8966E-02
  1.4386E+03 -1.0104E-02  9.8677E-02
  1.4408E+03 -1.0373E-02  9.8388E-02
  1.4430E+03 -1.0649E-02  9.8098E-02
  1.4452E+03 -1.0930E-02  9.7807E-02
  1.4474E+03 -1.1210E-02  9.7516E-02
  1.4497E+03 -1.1484E-02  9.7224E-02
  1.4519E+03 -1.1748E-02  9.6932E-02
  1.4541E+03 -1.1999E-02  9.6639E-02
  1.4563E+03 -1.2237E-02  9.6347E-02
  1.4585E+03 -1.2461E-02  9.6054E-02
  1.4608E+03 -1.2676E-02  9.5761E-02
  1.4630E+03 -1.2887E-02  9.5468E-02
  1.4652E+03 -1.3097E-02  9.5176E-02
  1.4674E+03 -1.3312E-02  9.4883E-02
  1.4696E+03 -1.3535E-02  9.4590E-02
  1.4719E+03 -1.3765E-02  9.4296E-02
  1.4741E+03 -1.4001E-02  9.4003E-02
  1.4763E+03 -1.4239E-02  9.3708E-02
  1.4785E+03 -1.4474E-02  9.3414E-02
  1.4807E+03 -1.4699E-02  9.3119E-02
  1.4830E+03 -1.4909E-02  9.2824E-02
  1.4852E+03 -1.5102E-02  9.2529E-02
  1.4874E+03 -1.5275E-02  9.2234E-02
  1.4896E+03 -1.5431E-02  9.1940E-02
  1.4918E+03 -1.5575E-02  9.1646E-02
  1.4941E+03 -1.5713E-02  9.1352E-02
  1.4963E+03 -1.5850E-02  9.1059E-02
  1.4985E+03 -1.5993E-02  9.0766E-02
  1.5007E+03 -1.6146E-02  9.0473E-02
  1.5029E+03 -1.6310E-02  9.0180E-02
  1.5052E+03 -1.6482E-02  8.9887E-02
  1.5074E+03 -1.6657E-02  8.9594E-02
  1.5096E+03 -1.6829E-02  8.9301E-02
  1.5118E+03 -1.6990E-02  8.9008E-02
  1.5140E+03 -1.7133E-02  8.8714E-02
  1.5163E+03 -1.7254E-02  8.8422E-02
  1.5185E+03 -1.7349E-02  8.8130E-02
  1.5207E+03 -1.7422E-02  8.7838E-02
  1.5229E+03 -1.7476E-02  8.7548E-02
  1.5251E+03 -1.7520E-02  8.7258E-02
  1.5274E+03 -1.7563E-02  8.6970E-02
  1.5296E+03 -1.7612E-02  8.6682E-02
  1.5318E+03 -1.7674E-02  8.6394E-02
  1.5340E+03 -1.7754E-02  8.6107E-02
  1.5362E+03 -1.7850E-02  8.5820E-02
  1.5385E+03 -1.7958E-02  8.5533E-02
  1.5407E+03 -1.8071E-02  8.5246E-02
  1.5429E+03 -1.8180E-02  8.4959E-02
  1.5451E+03 -1.8276E-02  8.4672E-02
  1.5473E+03 -1.8350E-02  8.4386E-02
  1.5496E+03 -1.8397E-02  8.4101E-02
  1.5518E+03 -1.8416E-02  8.3817E-02
  1.5540E+03 -1.8411E-02  8.3534E-02
  1.5562E+03 -1.8389E-02  8.3252E-02
  1.5584E+03 -1.8359E-02  8.2971E-02
  1.5607E+03 -1.8332E-02  8.2691E-02
  1.5629E+03 -1.8317E-02  8.2412E-02
  1.5651E+03 -1.8322E-02  8.2134E-02
  1.5673E+03 -1.8349E-02  8.1856E-02
  1.5695E+03 -1.8400E-02  8.1579E-02
  1.5718E+03 -1.8467E-02  8.1301E-02
  1.5740E+03 -1.8543E-02  8.1024E-02
  1.5762E+03 -1.8619E-02  8.0747E-02
  1.5784E+03 -1.8683E-02  8.0470E-02
  1.5806E+03 -1.8728E-02  8.0193E-02
  1.5829E+03 -1.8749E-02  7.9918E-02
  1.5851E+03 -1.8745E-02  7.9644E-02
  1.5873E+03 -1.8719E-02  7.9370E-02
  1.5895E+03 -1.8678E-02  7.9098E-02
  1.5917E+03 -1.8632E-02  7.8827E-02
  1.5940E+03 -1.8590E-02  7.8557E-02
  1.5962E+03 -1.8563E-02  7.8288E-02
  1.5984E+03 -1.8556E-02  7.8019E-02
  1.6006E+03 -1.8573E-02  7.7751E-02
  1.6028E+03 -1.8613E-02  7.7483E-02
  1.6051E+03 -1.8672E-02  7.7215E-02
  1.6073E+03 -1.8742E-02  7.6946E-02
  1.6095E+03 -1.8814E-02  7.6678E-02
  1.6117E+03 -1.8879E-02  7.6411E-02
  1.6139E+03 -1.8932E-02  7.6143E-02
  1.6162E+03 -1.8966E-02  7.5876E-02
  1.6184E+03 -1.8983E-02  7.5610E-02
  1.6206E+03 -1.8984E-02  7.5345E-02
  1.6228E+03 -1.8975E-02  7.5081E-02
  1.6250E+03 -1.8963E-02  7.4818E-02
  1.6273E+03 -1.8956E-02  7.4555E-02
  1.6295E+03 -1.8960E-02  7.4293E-02
  1.6317E+03 -1.8982E-02  7.4031E-02
  1.6339E+03 -1.9022E-02  7.3770E-02
  1.6361E+03 -1.9080E-02  7.3508E-02
  1.6384E+03 -1.9153E-02  7.3246E-02
  1.6406E+03 -1.9235E-02  7.2985E-02
  1.6428E+03 -1.9320E-02  7.2723E-02
  1.6450E+03 -1.9403E-02  7.2461E-02
  1.6472E+03 -1.9478E-02  7.2200E-02
  1.6495E+03 -1.9544E-02  7.1939E-02
  1.6517E+03 -1.9599E-02  7.1678E-02
  1.6539E+03 -1.9645E-02  7.1418E-02
  1.6561E+03 -1.9687E-02  7.1158E-02
  1.6583E+03 -1.9728E-02  7.0899E-02
  1.6606E+03 -1.9772E-02  7.0641E-02
  1.6628E+03 -1.9825E-02  7.0382E-02
  1.6650E+03 -1.9889E-02  7.0124E-02
  1.6672E+03 -1.9963E-02  6.9865E-02
  1.6694E+03 -2.0049E-02  6.9607E-02
  1.6717E+03 -2.0143E-02  6.9349E-02
  1.6739E+03 -2.0242E-02  6.9090E-02
  1.6761E+03 -2.0343E-02  6.8831E-02
  1.6783E+03 -2.0443E-02  6.8573E-02
  1.6805E+03 -2.0540E-02  6.8314E-02
  1.6828E+03 -2.0631E-02  6.8056E-02
  1.6850E+03 -2.0719E-02  6.7798E-02
  1.6872E+03 -2.0802E-02  6.7540E-02
  1.6894E+03 -2.0884E-02  6.7282E-02
  1.6916E+03 -2.0965E-02  6.7025E-02
  1.6939E+03 -2.1049E-02  6.6767E-02
  1.6961E+03 -2.1137E-02  6.6510E-02
  1.6983E+03 -2.1230E-02  6.6253E-02
  1.7005E+03 -2.1328E-02  6.5996E-02
  1.7027E+03 -2.1430E-02  6.5738E-02
  1.7050E+03 -2.1536E-02  6.5481E-02
  1.7072E+03 -2.1643E-02  6.5224E-02
  1.7094E+03 -2.1750E-02  6.4966E-02
  1.7116E+03 -2.1857E-02  6.4709E-02
  1.7138E+03 -2.1962E-02  6.4452E-02
  1.7161E+03 -2.2065E-02  6.4194E-02
  1.7183E+03 -2.2166E-02  6.3937E-02
  1.7205E+03 -2.2265E-02  6.3680E-02
  1.7227E+03 -2.2362E-02  6.3423E-02
  1.7249E+03 -2.2460E-02  6.3166E-02
  1.7272E+03 -2.2557E-02  6.2910E-02
  1.7294E+03 -2.2654E-02  6.2653E-02
  1.7316E+03 -2.2752E-02  6.2397E-02
  1.7338E+03 -2.2850E-02  6.2140E-02
  1.7360E+03 -2.2948E-02  6.1884E-02
  1.7383E+03 -2.3047E-02  6.1627E-02
  1.7405E+03 -2.3146E-02  6.1371E-02
  1.7427E+03 -2.3244E-02  6.1115E-02
  1.7449E+03 -2.3342E-02  6.0858E-02
  1.7471E+03 -2.3439E-02  6.0602E-02
  1.7494E+03 -2.3535E-02  6.0346E-02
  1.7516E+03 -2.3629E-02  6.0091E-02
  1.7538E+03 -2.3721E-02  5.9835E-02
  1.7560E+03 -2.3810E-02  5.9579E-02
  1.7582E+03 -2.3896E-02  5.9324E-02
  1.7605E+03 -2.3979E-02  5.9069E-02
  1.7627E+03 -2.4058E-02  5.8814E-02
  1.7649E+03 -2.4136E-02  5.8559E-02
  1.7671E+03 -2.4211E-02  5.8305E-02
  1.7693E+03 -2.4285E-02  5.8050E-02
  1.7716E+03 -2.4359E-02  5.7796E-02
  1.7738E+03 -2.4433E-02  5.7542E-02
  1.7760E+03 -2.4507E-02  5.7289E-02
  1.7782E+03 -2.4582E-02  5.7035E-02
  1.7804E+03 -2.4655E-02  5.6782E-02
  1.7827E+03 -2.4727E-02  5.6529E-02
  1.7849E+03 -2.4796E-02  5.6276E-02
  1.7871E+03 -2.4861E-02  5.6023E-02
  1.7893E+03 -2.4920E-02  5.5771E-02
  1.7915E+03 -2.4974E-02  5.5519E-02
  1.7938E+03 -2.5022E-02  5.5268E-02
  1.7960E+03 -2.5066E-02  5.5017E-02
  1.7982E+03 -2.5106E-02  5.4766E-02
  1.8004E+03 -2.5144E-02  5.4516E-02
  1.8026E+03 -2.5182E-02  5.4266E-02
  1.8049E+03 -2.5221E-02  5.4016E-02
  1.8071E+03 -2.5261E-02  5.3767E-02
  1.8093E+03 -2.5304E-02  5.3519E-02
  1.8115E+03 -2.5346E-02  5.3270E-02
  1.8137E+03 -2.5388E-02  5.3022E-02
  1.8160E+03 -2.5427E-02  5.2774E-02
  1.8182E+03 -2.5461E-02  5.2527E-02
  1.8204E+03 -2.5488E-02  5.2280E-02
  1.8226E+03 -2.5507E-02  5.2033E-02
  1.8248E+03 -2.5519E-02  5.1787E-02
  1.8271E+03 -2.5524E-02  5.1542E-02
  1.8293E+03 -2.5525E-02  5.1297E-02
  1.8315E+03 -2.5524E-02  5.1053E-02
  1.8337E+03 -2.5524E-02  5.0810E-02
  1.8359E+03 -2.5526E-02  5.0567E-02
  1.8382E+03 -2.5532E-02  5.0324E-02
  1.8404E+03 -2.5542E-02  5.0082E-02
  1.8426E+03 -2.5555E-02  4.9840E-02
  1.8448E+03 -2.5568E-02  4.9599E-02
  1.8470E+03 -2.5579E-02  4.9358E-02
  1.8493E+03 -2.5586E-02  4.9118E-02
  1.8515E+03 -2.5584E-02  4.8878E-02
  1.8537E+03 -2.5574E-02  4.8639E-02
  1.8559E+03 -2.5554E-02  4.8400E-02
  1.8581E+03 -2.5526E-02  4.8162E-02
  1.8604E+03 -2.5493E-02  4.7925E-02
  1.8626E+03 -2.5456E-02  4.7689E-02
  1.8648E+03 -2.5422E-02  4.7453E-02
  1.8670E+03 -2.5391E-02  4.7218E-02
  1.8692E+03 -2.5367E-02  4.6984E-02
  1.8715E+03 -2.5350E-02  4.6750E-02
  1.8737E+03 -2.5339E-02  4.6517E-02
  1.8759E+03 -2.5331E-02  4.6284E-02
  1.8781E+03 -2.5324E-02  4.6051E-02
  1.8803E+03 -2.5314E-02  4.5819E-02
  1.8826E+03 -2.5295E-02  4.5587E-02
  1.8848E+03 -2.5267E-02  4.5356E-02
  1.8870E+03 -2.5227E-02  4.5126E-02
  1.8892E+03 -2.5176E-02  4.4897E-02
  1.8914E+03 -2.5117E-02  4.4668E-02
  1.8937E+03 -2.5054E-02  4.4441E-02
  1.8959E+03 -2.4990E-02  4.4214E-02
  1.8981E+03 -2.4931E-02  4.3988E-02
  1.9003E+03 -2.4880E-02  4.3762E-02
  1.9025E+03 -2.4839E-02  4.3538E-02
  1.9048E+03 -2.4808E-02  4.3313E-02
  1.9070E+03 -2.4785E-02  4.3089E-02
  1.9092E+03 -2.4767E-02  4.2865E-02
  1.9114E+03 -2.4748E-02  4.2642E-02
  1.9136E+03 -2.4724E-02  4.2420E-02
  1.9159E+03 -2.4690E-02  4.2197E-02
  1.9181E+03 -2.4644E-02  4.1976E-02
  1.9203E+03 -2.4585E-02  4.1755E-02
  1.9225E+03 -2.4514E-02  4.1536E-02
  1.9247E+03 -2.4435E-02  4.1317E-02
  1.9270E+03 -2.4352E-02  4.1099E-02
  1.9292E+03 -2.4271E-02  4.0882E-02
  1.9314E+03 -2.4196E-02  4.0666E-02
  1.9336E+03 -2.4132E-02  4.0450E-02
  1.9358E+03 -2.4080E-02  4.0235E-02
  1.9381E+03 -2.4040E-02  4.0021E-02
  1.9403E+03 -2.4009E-02  3.9806E-02
  1.9425E+03 -2.3983E-02  3.9593E-02
  1.9447E+03 -2.3956E-02  3.9379E-02
  1.9469E+03 -2.3924E-02  3.9166E-02
  1.9492E+03 -2.3882E-02  3.8954E-02
  1.9514E+03 -2.3827E-02  3.8742E-02
  1.9536E+03 -2.3758E-02  3.8531E-02
  1.9558E+03 -2.3678E-02  3.8321E-02
  1.9580E+03 -2.3589E-02  3.8112E-02
  1.9603E+03 -2.3498E-02  3.7904E-02
  1.9625E+03 -2.3409E-02  3.7697E-02
  1.9647E+03 -2.3327E-02  3.7490E-02
  1.9669E+03 -2.3256E-02  3.7284E-02
  1.9691E+03 -2.3197E-02  3.7079E-02
  1.9714E+03 -2.3150E-02  3.6874E-02
  1.9736E+03 -2.3112E-02  3.6669E-02
  1.9758E+03 -2.3078E-02  3.6465E-02
  1.9780E+03 -2.3045E-02  3.6261E-02
  1.9802E+03 -2.3007E-02  3.6058E-02
  1.9825E+03 -2.2959E-02  3.5855E-02
  1.9847E+03 -2.2900E-02  3.5653E-02
  1.9869E+03 -2.2830E-02  3.5452E-02
  1.9891E+03 -2.2749E-02  3.5251E-02
  1.9913E+03 -2.2662E-02  3.5052E-02
  1.9936E+03 -2.2573E-02  3.4853E-02
  1.9958E+03 -2.2485E-02  3.4655E-02
  1.9980E+03 -2.2404E-02  3.4458E-02
  2.0002E+03 -2.2332E-02  3.4262E-02
  2.0024E+03 -2.2271E-02  3.4065E-02
  2.0047E+03 -2.2219E-02  3.3870E-02
  2.0069E+03 -2.2175E-02  3.3674E-02
  2.0091E+03 -2.2135E-02  3.3480E-02
  2.0113E+03 -2.2094E-02  3.3285E-02
  2.0135E+03 -2.2050E-02  3.3091E-02
  2.0158E+03 -2.1999E-02  3.2898E-02
  2.0180E+03 -2.1940E-02  3.2705E-02
  2.0202E+03 -2.1872E-02  3.2513E-02
  2.0224E+03 -2.1797E-02  3.2322E-02
  2.0246E+03 -2.1717E-02  3.2131E-02
  2.0269E+03 -2.1636E-02  3.1941E-02
  2.0291E+03 -2.1557E-02  3.1752E-02
  2.0313E+03 -2.1482E-02  3.1564E-02
  2.0335E+03 -2.1415E-02  3.1376E-02
  2.0357E+03 -2.1355E-02  3.1189E-02
  2.0380E+03 -2.1301E-02  3.1002E-02
  2.0402E+03 -2.1253E-02  3.0816E-02
  2.0424E+03 -2.1207E-02  3.0630E-02
  2.0446E+03 -2.1160E-02  3.0444E-02
  2.0468E+03 -2.1111E-02  3.0259E-02
  2.0491E+03 -2.1058E-02  3.0074E-02
  2.0513E+03 -2.0999E-02  2.9891E-02
  2.0535E+03 -2.0934E-02  2.9707E-02
  2.0557E+03 -2.0866E-02  2.9525E-02
  2.0579E+03 -2.0794E-02  2.9343E-02
  2.0602E+03 -2.0723E-02  2.9162E-02
  2.0624E+03 -2.0653E-02  2.8981E-02
  2.0646E+03 -2.0586E-02  2.8801E-02
  2.0668E+03 -2.0523E-02  2.8622E-02
  2.0690E+03 -2.0464E-02  2.8443E-02
  2.0713E+03 -2.0409E-02  2.8264E-02
  2.0735E+03 -2.0357E-02  2.8086E-02
  2.0757E+03 -2.0306E-02  2.7908E-02
  2.0779E+03 -2.0254E-02  2.7731E-02
  2.0801E+03 -2.0200E-02  2.7555E-02
  2.0824E+03 -2.0143E-02  2.7379E-02
  2.0846E+03 -2.0083E-02  2.7203E-02
  2.0868E+03 -2.0020E-02  2.7028E-02
  2.0890E+03 -1.9955E-02  2.6854E-02
  2.0912E+03 -1.9888E-02  2.6680E-02
  2.0935E+03 -1.9821E-02  2.6507E-02
  2.0957E+03 -1.9755E-02  2.6335E-02
  2.0979E+03 -1.9690E-02  2.6163E-02
  2.1001E+03 -1.9627E-02  2.5992E-02
  2.1023E+03 -1.9566E-02  2.5821E-02
  2.1046E+03 -1.9506E-02  2.5651E-02
  2.1068E+03 -1.9448E-02  2.5481E-02
  2.1090E+03 -1.9390E-02  2.5311E-02
  2.1112E+03 -1.9331E-02  2.5143E-02
  2.1134E+03 -1.9271E-02  2.4974E-02
  2.1157E+03 -1.9209E-02  2.4806E-02
  2.1179E+03 -1.9146E-02  2.4639E-02
  2.1201E+03 -1.9081E-02  2.4473E-02
  2.1223E+03 -1.9014E-02  2.4307E-02
  2.1245E+03 -1.8946E-02  2.4141E-02
  2.1268E+03 -1.8878E-02  2.3977E-02
  2.1290E+03 -1.8809E-02  2.3812E-02
  2.1312E+03 -1.8740E-02  2.3649E-02
  2.1334E+03 -1.8671E-02  2.3486E-02
  2.1356E+03 -1.8603E-02  2.3323E-02
  2.1379E+03 -1.8536E-02  2.3161E-02
  2.1401E+03 -1.8470E-02  2.3000E-02
  2.1423E+03 -1.8404E-02  2.2839E-02
  2.1445E+03 -1.8338E-02  2.2678E-02
  2.1467E+03 -1.8272E-02  2.2518E-02
  2.1490E+03 -1.8205E-02  2.2359E-02
  2.1512E+03 -1.8137E-02  2.2200E-02
  2.1534E+03 -1.8068E-02  2.2042E-02
  2.1556E+03 -1.7997E-02  2.1885E-02
  2.1578E+03 -1.7924E-02  2.1728E-02
  2.1601E+03 -1.7850E-02  2.1571E-02
  2.1623E+03 -1.7775E-02  2.1416E-02
  2.1645E+03 -1.7699E-02  2.1261E-02
  2.1667E+03 -1.7623E-02  2.1106E-02
  2.1689E+03 -1.7547E-02  2.0952E-02
  2.1712E+03 -1.7472E-02  2.0799E-02
  2.1734E+03 -1.7399E-02  2.0646E-02
  2.1756E+03 -1.7326E-02  2.0493E-02
  2.1778E+03 -1.7254E-02  2.0342E-02
  2.1800E+03 -1.7183E-02  2.0191E-02
  2.1823E+03 -1.7112E-02  2.0040E-02
  2.1845E+03 -1.7040E-02  1.9890E-02
  2.1867E+03 -1.6966E-02  1.9740E-02
  2.1889E+03 -1.6890E-02  1.9591E-02
  2.1911E+03 -1.6811E-02  1.9443E-02
  2.1934E+03 -1.6731E-02  1.9295E-02
  2.1956E+03 -1.6648E-02  1.9148E-02
  2.1978E+03 -1.6565E-02  1.9002E-02
  2.2000E+03 -1.6482E-02  1.8856E-02
  2.2022E+03 -1.6399E-02  1.8711E-02
  2.2045E+03 -1.6318E-02  1.8566E-02
  2.2067E+03 -1.6240E-02  1.8422E-02
  2.2089E+03 -1.6163E-02  1.8278E-02
  2.2111E+03 -1.6088E-02  1.8135E-02
  2.2133E+03 -1.6014E-02  1.7993E-02
  2.2156E+03 -1.5939E-02  1.7851E-02
  2.2178E+03 -1.5863E-02  1.7709E-02
  2.2200E+03 -1.5784E-02  1.7568E-02
  2.2222E+03 -1.5703E-02  1.7428E-02
  2.2244E+03 -1.5618E-02  1.7289E-02
  2.2267E+03 -1.5530E-02  1.7150E-02
  2.2289E+03 -1.5440E-02  1.7011E-02
  2.2311E+03 -1.5350E-02  1.6874E-02
  2.2333E+03 -1.5261E-02  1.6737E-02
  2.2355E+03 -1.5174E-02  1.6600E-02
  2.2378E+03 -1.5089E-02  1.6464E-02
  2.2400E+03 -1.5009E-02  1.6329E-02
  2.2422E+03 -1.4930E-02  1.6194E-02
  2.2444E+03 -1.4854E-02  1.6059E-02
  2.2466E+03 -1.4778E-02  1.5926E-02
  2.2489E+03 -1.4701E-02  1.5792E-02
  2.2511E+03 -1.4621E-02  1.5659E-02
  2.2533E+03 -1.4538E-02  1.5527E-02
  2.2555E+03 -1.4449E-02  1.5396E-02
  2.2577E+03 -1.4357E-02  1.5265E-02
  2.2600E+03 -1.4262E-02  1.5134E-02
  2.2622E+03 -1.4165E-02  1.5005E-02
  2.2644E+03 -1.4068E-02  1.4876E-02
  2.2666E+03 -1.3974E-02  1.4748E-02
  2.2688E+03 -1.3883E-02  1.4620E-02
  2.2711E+03 -1.3797E-02  1.4493E-02
  2.2733E+03 -1.3715E-02  1.4366E-02
  2.2755E+03 -1.3637E-02  1.4240E-02
  2.2777E+03 -1.3560E-02  1.4114E-02
  2.2799E+03 -1.3483E-02  1.3988E-02
  2.2822E+03 -1.3403E-02  1.3864E-02
  2.2844E+03 -1.3319E-02  1.3739E-02
  2.2866E+03 -1.3230E-02  1.3616E-02
  2.2888E+03 -1.3135E-02  1.3493E-02
  2.2910E+03 -1.3035E-02  1.3370E-02
  2.2933E+03 -1.2932E-02  1.3249E-02
  2.2955E+03 -1.2828E-02  1.3128E-02
  2.2977E+03 -1.2725E-02  1.3008E-02
  2.2999E+03 -1.2626E-02  1.2888E-02
  2.3021E+03 -1.2532E-02  1.2769E-02
  2.3044E+03 -1.2444E-02  1.2650E-02
  2.3066E+03 -1.2361E-02  1.2532E-02
  2.3088E+03 -1.2282E-02  1.2414E-02
  2.3110E+03 -1.2204E-02  1.2297E-02
  2.3132E+03 -1.2125E-02  1.2180E-02
  2.3155E+03 -1.2043E-02  1.2064E-02
  2.3177E+03 -1.1955E-02  1.1948E-02
  2.3199E+03 -1.1861E-02  1.1833E-02
  2.3221E+03 -1.1760E-02  1.1719E-02
  2.3243E+03 -1.1654E-02  1.1605E-02
  2.3266E+03 -1.1545E-02  1.1492E-02
  2.3288E+03 -1.1436E-02  1.1380E-02
  2.3310E+03 -1.1328E-02  1.1269E-02
  2.3332E+03 -1.1225E-02  1.1158E-02
  2.3354E+03 -1.1127E-02  1.1047E-02
  2.3377E+03 -1.1036E-02  1.0937E-02
  2.3399E+03 -1.0951E-02  1.0828E-02
  2.3421E+03 -1.0869E-02  1.0718E-02
  2.3443E+03 -1.0788E-02  1.0610E-02
  2.3465E+03 -1.0707E-02  1.0501E-02
  2.3488E+03 -1.0621E-02  1.0394E-02
  2.3510E+03 -1.0529E-02  1.0287E-02
  2.3532E+03 -1.0431E-02  1.0180E-02
  2.3554E+03 -1.0326E-02  1.0074E-02
  2.3576E+03 -1.0215E-02  9.9693E-03
  2.3599E+03 -1.0102E-02  9.8650E-03
  2.3621E+03 -9.9881E-03  9.7614E-03
  2.3643E+03 -9.8763E-03  9.6584E-03
  2.3665E+03 -9.7688E-03  9.5560E-03
  2.3687E+03 -9.6670E-03  9.4542E-03
  2.3710E+03 -9.5710E-03  9.3528E-03
  2.3732E+03 -9.4803E-03  9.2519E-03
  2.3754E+03 -9.3929E-03  9.1514E-03
  2.3776E+03 -9.3065E-03  9.0514E-03
  2.3798E+03 -9.2187E-03  8.9518E-03
  2.3821E+03 -9.1270E-03  8.8528E-03
  2.3843E+03 -9.0299E-03  8.7544E-03
  2.3865E+03 -8.9264E-03  8.6567E-03
  2.3887E+03 -8.8171E-03  8.5596E-03
  2.3909E+03 -8.7029E-03  8.4633E-03
  2.3932E+03 -8.5859E-03  8.3677E-03
  2.3954E+03 -8.4684E-03  8.2727E-03
  2.3976E+03 -8.3527E-03  8.1785E-03
  2.3998E+03 -8.2405E-03  8.0848E-03
  2.4020E+03 -8.1329E-03  7.9917E-03
  2.4043E+03 -8.0301E-03  7.8991E-03
  2.4065E+03 -7.9315E-03  7.8070E-03
  2.4087E+03 -7.8356E-03  7.7153E-03
  2.4109E+03 -7.7404E-03  7.6241E-03
  2.4131E+03 -7.6440E-03  7.5335E-03
  2.4154E+03 -7.5444E-03  7.4434E-03
  2.4176E+03 -7.4404E-03  7.3539E-03
  2.4198E+03 -7.3315E-03  7.2651E-03
  2.4220E+03 -7.2178E-03  7.1769E-03
  2.4242E+03 -7.1005E-03  7.0895E-03
  2.4265E+03 -6.9810E-03  7.0028E-03
  2.4287E+03 -6.8612E-03  6.9167E-03
  2.4309E+03 -6.7426E-03  6.8313E-03
  2.4331E+03 -6.6266E-03  6.7465E-03
  2.4353E+03 -6.5142E-03  6.6623E-03
  2.4376E+03 -6.4053E-03  6.5786E-03
  2.4398E+03 -6.2994E-03  6.4954E-03
  2.4420E+03 -6.1955E-03  6.4127E-03
  2.4442E+03 -6.0922E-03  6.3306E-03
  2.4464E+03 -5.9881E-03  6.2489E-03
  2.4487E+03 -5.8820E-03  6.1679E-03
  2.4509E+03 -5.7730E-03  6.0874E-03
  2.4531E+03 -5.6607E-03  6.0076E-03
  2.4553E+03 -5.5454E-03  5.9285E-03
  2.4575E+03 -5.4277E-03  5.8500E-03
  2.4598E+03 -5.3087E-03  5.7722E-03
  2.4620E+03 -5.1896E-03  5.6950E-03
  2.4642E+03 -5.0714E-03  5.6185E-03
  2.4664E+03 -4.9551E-03  5.5425E-03
  2.4686E+03 -4.8412E-03  5.4671E-03
  2.4709E+03 -4.7296E-03  5.3923E-03
  2.4731E+03 -4.6202E-03  5.3180E-03
  2.4753E+03 -4.5123E-03  5.2442E-03
  2.4775E+03 -4.4050E-03  5.1709E-03
  2.4797E+03 -4.2974E-03  5.0982E-03
  2.4820E+03 -4.1890E-03  5.0260E-03
  2.4842E+03 -4.0791E-03  4.9544E-03
  2.4864E+03 -3.9675E-03  4.8834E-03
  2.4886E+03 -3.8543E-03  4.8130E-03
  2.4908E+03 -3.7399E-03  4.7432E-03
  2.4931E+03 -3.6248E-03  4.6741E-03
  2.4953E+03 -3.5096E-03  4.6055E-03
  2.4975E+03 -3.3951E-03  4.5375E-03
  2.4997E+03 -3.2817E-03  4.4701E-03
  2.5019E+03 -3.1697E-03  4.4032E-03
  2.5042E+03 -3.0593E-03  4.3368E-03
  2.5064E+03 -2.9503E-03  4.2710E-03
  2.5086E+03 -2.8425E-03  4.2057E-03
  2.5108E+03 -2.7355E-03  4.1409E-03
  2.5130E+03 -2.6288E-03  4.0766E-03
  2.5153E+03 -2.5221E-03  4.0129E-03
  2.5175E+03 -2.4150E-03  3.9496E-03
  2.5197E+03 -2.3072E-03  3.8870E-03
  2.5219E+03 -2.1987E-03  3.8248E-03
  2.5241E+03 -2.0896E-03  3.7633E-03
  2.5264E+03 -1.9799E-03  3.7023E-03
  2.5286E+03 -1.8701E-03  3.6418E-03
  2.5308E+03 -1.7605E-03  3.5819E-03
  2.5330E+03 -1.6513E-03  3.5225E-03
  2.5352E+03 -1.5430E-03  3.4636E-03
  2.5375E+03 -1.4357E-03  3.4052E-03
  2.5397E+03 -1.3295E-03  3.3474E-03
  2.5419E+03 -1.2245E-03  3.2900E-03
  2.5441E+03 -1.1204E-03  3.2331E-03
  2.5463E+03 -1.0172E-03  3.1767E-03
  2.5486E+03 -9.1433E-04  3.1208E-03
  2.5508E+03 -8.1157E-04  3.0654E-03
  2.5530E+03 -7.0855E-04  3.0105E-03
  2.5552E+03 -6.0500E-04  2.9560E-03
  2.5574E+03 -5.0078E-04  2.9021E-03
  2.5597E+03 -3.9587E-04  2.8487E-03
  2.5619E+03 -2.9043E-04  2.7958E-03
  2.5641E+03 -1.8472E-04  2.7435E-03
  2.5663E+03 -7.9118E-05  2.6916E-03
  2.5685E+03  2.5975E-05  2.6402E-03
  2.5708E+03  1.3019E-04  2.5894E-03
  2.5730E+03  2.3325E-04  2.5390E-03
  2.5752E+03  3.3506E-04  2.4890E-03
  2.5774E+03  4.3569E-04  2.4396E-03
  2.5796E+03  5.3541E-04  2.3905E-03
  2.5819E+03  6.3464E-04  2.3420E-03
  2.5841E+03  7.3387E-04  2.2939E-03
  2.5863E+03  8.3359E-04  2.2462E-03
  2.5885E+03  9.3422E-04  2.1991E-03
  2.5907E+03  1.0360E-03  2.1524E-03
  2.5930E+03  1.1389E-03  2.1062E-03
  2.5952E+03  1.2428E-03  2.0606E-03
  2.5974E+03  1.3472E-03  2.0154E-03
  2.5996E+03  1.4516E-03  1.9707E-03
  2.6018E+03  1.5555E-03  1.9265E-03
  2.6041E+03  1.6582E-03  1.8828E-03
  2.6063E+03  1.7596E-03  1.8395E-03
  2.6085E+03  1.8594E-03  1.7967E-03
  2.6107E+03  1.9580E-03  1.7543E-03
  2.6129E+03  2.0557E-03  1.7124E-03
  2.6152E+03  2.1531E-03  1.6709E-03
  2.6174E+03  2.2510E-03  1.6298E-03
  2.6196E+03  2.3501E-03  1.5892E-03
  2.6218E+03  2.4506E-03  1.5490E-03
  2.6240E+03  2.5530E-03  1.5094E-03
  2.6263E+03  2.6571E-03  1.4702E-03
  2.6285E+03  2.7623E-03  1.4316E-03
  2.6307E+03  2.8681E-03  1.3934E-03
  2.6329E+03  2.9737E-03  1.3558E-03
  2.6351E+03  3.0782E-03  1.3186E-03
  2.6374E+03  3.1812E-03  1.2819E-03
  2.6396E+03  3.2821E-03  1.2456E-03
  2.6418E+03  3.3812E-03  1.2098E-03
  2.6440E+03  3.4787E-03  1.1743E-03
  2.6462E+03  3.5755E-03  1.1393E-03
  2.6485E+03  3.6723E-03  1.1047E-03
  2.6507E+03  3.7702E-03  1.0706E-03
  2.6529E+03  3.8699E-03  1.0369E-03
  2.6551E+03  3.9718E-03  1.0036E-03
  2.6573E+03  4.0761E-03  9.7092E-04
  2.6596E+03  4.1823E-03  9.3870E-04
  2.6618E+03  4.2898E-03  9.0699E-04
  2.6640E+03  4.3975E-03  8.7578E-04
  2.6662E+03  4.5045E-03  8.4506E-04
  2.6684E+03  4.6096E-03  8.1481E-04
  2.6707E+03  4.7123E-03  7.8499E-04
  2.6729E+03  4.8124E-03  7.5560E-04
  2.6751E+03  4.9099E-03  7.2660E-04
  2.6773E+03  5.0057E-03  6.9799E-04
  2.6795E+03  5.1006E-03  6.6977E-04
  2.6818E+03  5.1959E-03  6.4196E-04
  2.6840E+03  5.2927E-03  6.1457E-04
  2.6862E+03  5.3917E-03  5.8763E-04
  2.6884E+03  5.4935E-03  5.6117E-04
  2.6906E+03  5.5979E-03  5.3519E-04
  2.6929E+03  5.7043E-03  5.0972E-04
  2.6951E+03  5.8118E-03  4.8475E-04
  2.6973E+03  5.9190E-03  4.6027E-04
  2.6995E+03  6.0248E-03  4.3625E-04
  2.7017E+03  6.1280E-03  4.1267E-04
  2.7040E+03  6.2279E-03  3.8950E-04
  2.7062E+03  6.3245E-03  3.6671E-04
  2.7084E+03  6.4181E-03  3.4427E-04
  2.7106E+03  6.5096E-03  3.2218E-04
  2.7128E+03  6.6002E-03  3.0045E-04
  2.7151E+03  6.6912E-03  2.7909E-04
  2.7173E+03  6.7839E-03  2.5813E-04
  2.7195E+03  6.8791E-03  2.3759E-04
  2.7217E+03  6.9772E-03  2.1749E-04
  2.7239E+03  7.0778E-03  1.9787E-04
  2.7262E+03  7.1804E-03  1.7872E-04
  2.7284E+03  7.2837E-03  1.6004E-04
  2.7306E+03  7.3864E-03  1.4181E-04
  2.7328E+03  7.4871E-03  1.2401E-04
  2.7350E+03  7.5848E-03  1.0660E-04
  2.7373E+03  7.6788E-03  8.9556E-05
  2.7395E+03  7.7691E-03  7.2838E-05
  2.7417E+03  7.8563E-03  5.6431E-05
  2.7439E+03  7.9412E-03  4.0329E-05
  2.7461E+03  8.0253E-03  2.4538E-05
  2.7484E+03  8.1098E-03  9.0767E-06
  2.7506E+03  8.1959E-03 -6.0300E-06
  2.7528E+03  8.2844E-03 -2.0754E-05
  2.7550E+03  8.3757E-03 -3.5069E-05
  2.7572E+03  8.4694E-03 -4.8958E-05
  2.7595E+03  8.5649E-03 -6.2415E-05
  2.7617E+03  8.6608E-03 -7.5447E-05
  2.7639E+03  8.7560E-03 -8.8072E-05
  2.7661E+03  8.8492E-03 -1.0032E-04
  2.7683E+03  8.9394E-03 -1.1222E-04
  2.7706E+03  9.0262E-03 -1.2380E-04
  2.7728E+03  9.1095E-03 -1.3510E-04
  2.7750E+03  9.1900E-03 -1.4612E-04
  2.7772E+03  9.2686E-03 -1.5688E-04
  2.7794E+03  9.3464E-03 -1.6735E-04
  2.7817E+03  9.4247E-03 -1.7753E-04
  2.7839E+03  9.5046E-03 -1.8739E-04
  2.7861E+03  9.5866E-03 -1.9690E-04
  2.7883E+03  9.6712E-03 -2.0605E-04
  2.7905E+03  9.7579E-03 -2.1481E-04
  2.7928E+03  9.8461E-03 -2.2317E-04
  2.7950E+03  9.9348E-03 -2.3116E-04
  2.7972E+03  1.0023E-02 -2.3878E-04
  2.7994E+03  1.0109E-02 -2.4605E-04
  2.8016E+03  1.0194E-02 -2.5301E-04
  2.8039E+03  1.0275E-02 -2.5967E-04
  2.8061E+03  1.0354E-02 -2.6607E-04
  2.8083E+03  1.0431E-02 -2.7220E-04
  2.8105E+03  1.0506E-02 -2.7808E-04
  2.8127E+03  1.0581E-02 -2.8369E-04
  2.8150E+03  1.0656E-02 -2.8901E-04
  2.8172E+03  1.0733E-02 -2.9402E-04
  2.8194E+03  1.0812E-02 -2.9871E-04
  2.8216E+03  1.0893E-02 -3.0305E-04
  2.8238E+03  1.0976E-02 -3.0703E-04
  2.8261E+03  1.1060E-02 -3.1064E-04
  2.8283E+03  1.1145E-02 -3.1389E-04
  2.8305E+03  1.1229E-02 -3.1679E-04
  2.8327E+03  1.1313E-02 -3.1936E-04
  2.8349E+03  1.1395E-02 -3.2162E-04
  2.8372E+03  1.1475E-02 -3.2359E-04
  2.8394E+03  1.1553E-02 -3.2527E-04
  2.8416E+03  1.1630E-02 -3.2668E-04
  2.8438E+03  1.1707E-02 -3.2782E-04
  2.8460E+03  1.1783E-02 -3.2867E-04
  2.8483E+03  1.1860E-02 -3.2922E-04
  2.8505E+03  1.1939E-02 -3.2946E-04
  2.8527E+03  1.2019E-02 -3.2936E-04
  2.8549E+03  1.2100E-02 -3.2892E-04
  2.8571E+03  1.2183E-02 -3.2812E-04
  2.8594E+03  1.2267E-02 -3.2696E-04
  2.8616E+03  1.2352E-02 -3.2545E-04
  2.8638E+03  1.2437E-02 -3.2358E-04
  2.8660E+03  1.2522E-02 -3.2138E-04
  2.8682E+03  1.2605E-02 -3.1885E-04
  2.8705E+03  1.2688E-02 -3.1600E-04
  2.8727E+03  1.2770E-02 -3.1284E-04
  2.8749E+03  1.2851E-02 -3.0938E-04
  2.8771E+03  1.2932E-02 -3.0561E-04
  2.8793E+03  1.3013E-02 -3.0154E-04
  2.8816E+03  1.3095E-02 -2.9713E-04
  2.8838E+03  1.3177E-02 -2.9240E-04
  2.8860E+03  1.3261E-02 -2.8732E-04
  2.8882E+03  1.3346E-02 -2.8189E-04
  2.8904E+03  1.3432E-02 -2.7609E-04
  2.8927E+03  1.3519E-02 -2.6993E-04
  2.8949E+03  1.3606E-02 -2.6340E-04
  2.8971E+03  1.3694E-02 -2.5651E-04
  2.8993E+03  1.3782E-02 -2.4927E-04
  2.9015E+03  1.3870E-02 -2.4169E-04
  2.9038E+03  1.3957E-02 -2.3376E-04
  2.9060E+03  1.4043E-02 -2.2550E-04
  2.9082E+03  1.4129E-02 -2.1690E-04
  2.9104E+03  1.4215E-02 -2.0798E-04
  2.9126E+03  1.4301E-02 -1.9872E-04
  2.9149E+03  1.4387E-02 -1.8912E-04
  2.9171E+03  1.4474E-02 -1.7918E-04
  2.9193E+03  1.4561E-02 -1.6888E-04
  2.9215E+03  1.4649E-02 -1.5823E-04
  2.9237E+03  1.4738E-02 -1.4721E-04
  2.9260E+03  1.4828E-02 -1.3583E-04
  2.9282E+03  1.4918E-02 -1.2408E-04
  2.9304E+03  1.5008E-02 -1.1197E-04
  2.9326E+03  1.5099E-02 -9.9495E-05
  2.9348E+03  1.5189E-02 -8.6667E-05
  2.9371E+03  1.5279E-02 -7.3491E-05
  2.9393E+03  1.5368E-02 -5.9971E-05
  2.9415E+03  1.5457E-02 -4.6114E-05
  2.9437E+03  1.5545E-02 -3.1921E-05
  2.9459E+03  1.5633E-02 -1.7396E-05
  2.9482E+03  1.5721E-02 -2.5362E-06
  2.9504E+03  1.5808E-02  1.2660E-05
  2.9526E+03  1.5896E-02  2.8195E-05
  2.9548E+03  1.5985E-02  4.4074E-05
  2.9570E+03  1.6073E-02  6.0301E-05
  2.9593E+03  1.6163E-02  7.6879E-05
  2.9615E+03  1.6252E-02  9.3808E-05
  2.9637E+03  1.6342E-02  1.1109E-04
  2.9659E+03  1.6432E-02  1.2871E-04
  2.9681E+03  1.6522E-02  1.4668E-04
  2.9704E+03  1.6611E-02  1.6498E-04
  2.9726E+03  1.6699E-02  1.8361E-04
  2.9748E+03  1.6786E-02  2.0255E-04
  2.9770E+03  1.6872E-02  2.2181E-04
  2.9792E+03  1.6957E-02  2.4137E-04
  2.9815E+03  1.7042E-02  2.6123E-04
  2.9837E+03  1.7126E-02  2.8140E-04
  2.9859E+03  1.7210E-02  3.0187E-04
  2.9881E+03  1.7295E-02  3.2265E-04
  2.9903E+03  1.7380E-02  3.4376E-04
  2.9926E+03  1.7465E-02  3.6518E-04
  2.9948E+03  1.7551E-02  3.8692E-04
  2.9970E+03  1.7636E-02  4.0898E-04
  2.9992E+03  1.7722E-02  4.3135E-04
  3.0000E+03  1.7752E-02  4.3929E-04
