# CREATED BY GENE DIAGNOSTICS TOOL on Fri Dec 11 17:18:46 2020
# diag: timetrace, run(s): 0001, time window: 0-1500(1341 steps), species: ions
# original data path: /marconi_scratch/userexternal/cmoreno0/GAM_HP_scan/LHD_s0.25_alpha0_npol1_nz0256/
# normalization: L_ref=1.65m
#
#  t          Re[phi]     Im[phi]   
  0.0000E+00  9.9994E-01  0.0000E+00
  1.1200E+00  8.5077E-01  5.2557E-02
  2.2400E+00  6.4085E-01  8.4278E-02
  3.3600E+00  3.4704E-01  8.9457E-02
  4.4800E+00  4.6067E-02  6.6553E-02
  5.6000E+00 -2.1656E-01  2.2117E-02
  6.7200E+00 -4.0073E-01 -3.2330E-02
  7.8400E+00 -4.8703E-01 -8.3209E-02
  8.9600E+00 -4.7341E-01 -1.1821E-01
  1.0080E+01 -3.7223E-01 -1.2874E-01
  1.1200E+01 -2.0838E-01 -1.1151E-01
  1.2320E+01 -1.4795E-02 -6.9141E-02
  1.3440E+01  1.7471E-01 -9.4638E-03
  1.4560E+01  3.3076E-01  5.6190E-02
  1.5680E+01  4.3638E-01  1.1563E-01
  1.6800E+01  4.6648E-01  1.5736E-01
  1.7920E+01  4.4283E-01  1.7328E-01
  1.9040E+01  3.6044E-01  1.6112E-01
  2.0160E+01  2.4007E-01  1.2226E-01
  2.1280E+01  9.9639E-02  6.3374E-02
  2.2400E+01 -3.8867E-02 -5.9168E-03
  2.3520E+01 -1.5644E-01 -7.4117E-02
  2.4640E+01 -2.3805E-01 -1.3004E-01
  2.5760E+01 -2.7532E-01 -1.6454E-01
  2.6880E+01 -2.6713E-01 -1.7212E-01
  2.8000E+01 -2.1885E-01 -1.5166E-01
  2.9120E+01 -1.4110E-01 -1.0661E-01
  3.0240E+01 -4.7687E-02 -4.4312E-02
  3.1360E+01  4.6288E-02  2.5251E-02
  3.2480E+01  1.2899E-01  9.1186E-02
  3.3600E+01  1.8908E-01  1.4320E-01
  3.4720E+01  2.1930E-01  1.7374E-01
  3.5840E+01  2.1850E-01  1.7803E-01
  3.6960E+01  1.8904E-01  1.5605E-01
  3.8080E+01  1.3754E-01  1.1140E-01
  3.9200E+01  7.2109E-02  5.1229E-02
  4.0320E+01  3.2032E-03 -1.5217E-02
  4.1440E+01 -5.9965E-02 -7.7888E-02
  4.2560E+01 -1.0981E-01 -1.2759E-01
  4.3680E+01 -1.4079E-01 -1.5727E-01
  4.4800E+01 -1.5096E-01 -1.6307E-01
  4.5920E+01 -1.4094E-01 -1.4472E-01
  4.7040E+01 -1.1415E-01 -1.0559E-01
  4.8160E+01 -7.5856E-02 -5.1984E-02
  4.9280E+01 -3.2481E-02  7.8165E-03
  5.0400E+01  9.8048E-03  6.4930E-02
  5.1520E+01  4.4768E-02  1.1096E-01
  5.2640E+01  7.0183E-02  1.3964E-01
  5.3760E+01  8.1744E-02  1.4726E-01
  5.4880E+01  8.0816E-02  1.3337E-01
  5.6000E+01  6.8017E-02  1.0064E-01
  5.7120E+01  4.6351E-02  5.4358E-02
  5.8240E+01  1.9658E-02  1.6194E-03
  5.9360E+01 -8.2727E-03 -4.9793E-02
  6.0480E+01 -3.3919E-02 -9.2585E-02
  6.1600E+01 -5.4458E-02 -1.2097E-01
  6.2720E+01 -6.8295E-02 -1.3148E-01
  6.3840E+01 -7.4698E-02 -1.2336E-01
  6.4960E+01 -7.3524E-02 -9.8512E-02
  6.6080E+01 -6.5785E-02 -6.1148E-02
  6.7200E+01 -5.2881E-02 -1.7037E-02
  6.8320E+01 -3.6340E-02  2.7379E-02
  6.9440E+01 -1.9231E-02  6.5831E-02
  7.0560E+01 -3.0996E-03  9.3149E-02
  7.1680E+01  9.8596E-03  1.0592E-01
  7.2800E+01  1.8551E-02  1.0290E-01
  7.3920E+01  2.2618E-02  8.5135E-02
  7.5040E+01  2.2496E-02  5.5753E-02
  7.6160E+01  1.8959E-02  1.9409E-02
  7.7280E+01  1.2967E-02 -1.8436E-02
  7.8400E+01  5.4493E-03 -5.2357E-02
  7.9520E+01 -2.8909E-03 -7.7749E-02
  8.0640E+01 -1.1474E-02 -9.1464E-02
  8.1760E+01 -1.9812E-02 -9.2188E-02
  8.2880E+01 -2.7340E-02 -8.0512E-02
  8.4000E+01 -3.3428E-02 -5.8745E-02
  8.5120E+01 -3.7538E-02 -3.0470E-02
  8.6240E+01 -3.8865E-02  4.3160E-05
  8.7360E+01 -3.7149E-02  2.8491E-02
  8.8480E+01 -3.2232E-02  5.1112E-02
  8.9600E+01 -2.4521E-02  6.5185E-02
  9.0720E+01 -1.4747E-02  6.9315E-02
  9.1840E+01 -4.0296E-03  6.3538E-02
  9.2960E+01  6.3613E-03  4.9221E-02
  9.4080E+01  1.5214E-02  2.8797E-02
  9.5200E+01  2.1475E-02  5.3751E-03
  9.6320E+01  2.4433E-02 -1.7715E-02
  9.7440E+01  2.3798E-02 -3.7377E-02
  9.8560E+01  1.9711E-02 -5.1158E-02
  9.9680E+01  1.2755E-02 -5.7532E-02
  1.0080E+02  3.8422E-03 -5.6056E-02
  1.0192E+02 -5.8863E-03 -4.7369E-02
  1.0304E+02 -1.5291E-02 -3.3045E-02
  1.0416E+02 -2.3248E-02 -1.5338E-02
  1.0528E+02 -2.8770E-02  3.1753E-03
  1.0640E+02 -3.1089E-02  1.9968E-02
  1.0752E+02 -2.9757E-02  3.2919E-02
  1.0864E+02 -2.4792E-02  4.0571E-02
  1.0976E+02 -1.6711E-02  4.2282E-02
  1.1088E+02 -6.4567E-03  3.8253E-02
  1.1200E+02  4.7311E-03  2.9436E-02
  1.1312E+02  1.5498E-02  1.7353E-02
  1.1424E+02  2.4484E-02  3.8491E-03
  1.1536E+02  3.0468E-02 -9.1868E-03
  1.1648E+02  3.2551E-02 -2.0091E-02
  1.1760E+02  3.0346E-02 -2.7625E-02
  1.1872E+02  2.4139E-02 -3.1097E-02
  1.1984E+02  1.4863E-02 -3.0392E-02
  1.2096E+02  3.9339E-03 -2.5915E-02
  1.2208E+02 -7.0673E-03 -1.8503E-02
  1.2320E+02 -1.6599E-02 -9.2809E-03
  1.2432E+02 -2.3369E-02  4.9410E-04
  1.2544E+02 -2.6422E-02  9.6027E-03
  1.2656E+02 -2.5264E-02  1.7015E-02
  1.2768E+02 -1.9987E-02  2.2002E-02
  1.2880E+02 -1.1346E-02  2.4184E-02
  1.2992E+02 -6.7437E-04  2.3528E-02
  1.3104E+02  1.0351E-02  2.0308E-02
  1.3216E+02  2.0077E-02  1.5043E-02
  1.3328E+02  2.7196E-02  8.4404E-03
  1.3440E+02  3.0943E-02  1.3206E-03
  1.3552E+02  3.1082E-02 -5.4627E-03
  1.3664E+02  2.7821E-02 -1.1121E-02
  1.3776E+02  2.1679E-02 -1.5032E-02
  1.3888E+02  1.3470E-02 -1.6813E-02
  1.4000E+02  4.2850E-03 -1.6358E-02
  1.4112E+02 -4.5634E-03 -1.3824E-02
  1.4224E+02 -1.1733E-02 -9.5887E-03
  1.4336E+02 -1.6136E-02 -4.1840E-03
  1.4448E+02 -1.7206E-02  1.7545E-03
  1.4560E+02 -1.4995E-02  7.5437E-03
  1.4672E+02 -1.0092E-02  1.2513E-02
  1.4784E+02 -3.4065E-03  1.6079E-02
  1.4896E+02  4.0549E-03  1.7822E-02
  1.5008E+02  1.1345E-02  1.7551E-02
  1.5120E+02  1.7646E-02  1.5343E-02
  1.5232E+02  2.2293E-02  1.1523E-02
  1.5344E+02  2.4780E-02  6.6184E-03
  1.5456E+02  2.4803E-02  1.2746E-03
  1.5568E+02  2.2316E-02 -3.8388E-03
  1.5680E+02  1.7624E-02 -8.1133E-03
  1.5792E+02  1.1413E-02 -1.1064E-02
  1.5904E+02  4.6841E-03 -1.2369E-02
  1.6016E+02 -1.4504E-03 -1.1891E-02
  1.6128E+02 -6.0338E-03 -9.6887E-03
  1.6240E+02 -8.4836E-03 -6.0275E-03
  1.6352E+02 -8.6698E-03 -1.3636E-03
  1.6464E+02 -6.8447E-03  3.6978E-03
  1.6576E+02 -3.4949E-03  8.4801E-03
  1.6688E+02  7.9839E-04  1.2336E-02
  1.6800E+02  5.4489E-03  1.4747E-02
  1.6912E+02  9.9162E-03  1.5406E-02
  1.7024E+02  1.3736E-02  1.4255E-02
  1.7136E+02  1.6544E-02  1.1495E-02
  1.7248E+02  1.8080E-02  7.5437E-03
  1.7360E+02  1.8195E-02  2.9692E-03
  1.7472E+02  1.6862E-02 -1.6013E-03
  1.7584E+02  1.4210E-02 -5.5720E-03
  1.7696E+02  1.0563E-02 -8.4546E-03
  1.7808E+02  6.4356E-03 -9.9206E-03
  1.7920E+02  2.4608E-03 -9.8276E-03
  1.8032E+02 -7.4268E-04 -8.2251E-03
  1.8144E+02 -2.7194E-03 -5.3451E-03
  1.8256E+02 -3.2740E-03 -1.5793E-03
  1.8368E+02 -2.4789E-03  2.5638E-03
  1.8480E+02 -6.0118E-04  6.5218E-03
  1.8592E+02  1.9962E-03  9.7570E-03
  1.8704E+02  4.9290E-03  1.1837E-02
  1.8816E+02  7.8250E-03  1.2497E-02
  1.8928E+02  1.0342E-02  1.1678E-02
  1.9040E+02  1.2199E-02  9.5251E-03
  1.9152E+02  1.3225E-02  6.3646E-03
  1.9264E+02  1.3384E-02  2.6577E-03
  1.9376E+02  1.2752E-02 -1.0663E-03
  1.9488E+02  1.1468E-02 -4.2885E-03
  1.9600E+02  9.6802E-03 -6.5791E-03
  1.9712E+02  7.5465E-03 -7.6615E-03
  1.9824E+02  5.2594E-03 -7.4466E-03
  1.9936E+02  3.0662E-03 -6.0319E-03
  2.0048E+02  1.2451E-03 -3.6729E-03
  2.0160E+02  4.7628E-05 -7.3482E-04
  2.0272E+02 -3.6316E-04  2.3625E-03
  2.0384E+02  5.2008E-05  5.2011E-03
  2.0496E+02  1.2066E-03  7.4171E-03
  2.0608E+02  2.9130E-03  8.7438E-03
  2.0720E+02  4.9250E-03  9.0423E-03
  2.0832E+02  6.9837E-03  8.3165E-03
  2.0944E+02  8.8515E-03  6.7084E-03
  2.1056E+02  1.0322E-02  4.4739E-03
  2.1168E+02  1.1217E-02  1.9408E-03
  2.1280E+02  1.1387E-02 -5.4424E-04
  2.1392E+02  1.0752E-02 -2.6662E-03
  2.1504E+02  9.3540E-03 -4.1810E-03
  2.1616E+02  7.3893E-03 -4.9368E-03
  2.1728E+02  5.1823E-03 -4.8802E-03
  2.1840E+02  3.1024E-03 -4.0535E-03
  2.1952E+02  1.4645E-03 -2.5862E-03
  2.2064E+02  4.6185E-04 -6.8245E-04
  2.2176E+02  1.5314E-04  1.4008E-03
  2.2288E+02  4.9205E-04  3.3848E-03
  2.2400E+02  1.3664E-03  5.0067E-03
  2.2512E+02  2.6259E-03  6.0575E-03
  2.2624E+02  4.0961E-03  6.4112E-03
  2.2736E+02  5.5917E-03  6.0415E-03
  2.2848E+02  6.9363E-03  5.0229E-03
  2.2960E+02  7.9831E-03  3.5170E-03
  2.3072E+02  8.6265E-03  1.7472E-03
  2.3184E+02  8.7998E-03 -3.6101E-05
  2.3296E+02  8.4712E-03 -1.5940E-03
  2.3408E+02  7.6536E-03 -2.7332E-03
  2.3520E+02  6.4261E-03 -3.3301E-03
  2.3632E+02  4.9473E-03 -3.3407E-03
  2.3744E+02  3.4352E-03 -2.7980E-03
  2.3856E+02  2.1141E-03 -1.8008E-03
  2.3968E+02  1.1588E-03 -4.9892E-04
  2.4080E+02  6.6586E-04  9.2641E-04
  2.4192E+02  6.6135E-04  2.2849E-03
  2.4304E+02  1.1202E-03  3.4025E-03
  2.4416E+02  1.9728E-03  4.1445E-03
  2.4528E+02  3.0974E-03  4.4315E-03
  2.4640E+02  4.3211E-03  4.2461E-03
  2.4752E+02  5.4494E-03  3.6300E-03
  2.4864E+02  6.3168E-03  2.6766E-03
  2.4976E+02  6.8270E-03  1.5195E-03
  2.5088E+02  6.9595E-03  3.1634E-04
  2.5200E+02  6.7426E-03 -7.7071E-04
  2.5312E+02  6.2225E-03 -1.5994E-03
  2.5424E+02  5.4497E-03 -2.0694E-03
  2.5536E+02  4.4906E-03 -2.1369E-03
  2.5648E+02  3.4441E-03 -1.8176E-03
  2.5760E+02  2.4417E-03 -1.1788E-03
  2.5872E+02  1.6240E-03 -3.2454E-04
  2.5984E+02  1.1035E-03  6.2122E-04
  2.6096E+02  9.3774E-04  1.5313E-03
  2.6208E+02  1.1251E-03  2.2904E-03
  2.6320E+02  1.6214E-03  2.8087E-03
  2.6432E+02  2.3593E-03  3.0332E-03
  2.6544E+02  3.2547E-03  2.9537E-03
  2.6656E+02  4.2012E-03  2.6014E-03
  2.6768E+02  5.0675E-03  2.0400E-03
  2.6880E+02  5.7125E-03  1.3528E-03
  2.6992E+02  6.0186E-03  6.2923E-04
  2.7104E+02  5.9289E-03 -4.5904E-05
  2.7216E+02  5.4680E-03 -5.9896E-04
  2.7328E+02  4.7347E-03 -9.7198E-04
  2.7440E+02  3.8703E-03 -1.1265E-03
  2.7552E+02  3.0169E-03 -1.0482E-03
  2.7664E+02  2.2850E-03 -7.5000E-04
  2.7776E+02  1.7404E-03 -2.7399E-04
  2.7888E+02  1.4132E-03  3.1322E-04
  2.8000E+02  1.3150E-03  9.2982E-04
  2.8112E+02  1.4481E-03  1.4923E-03
  2.8224E+02  1.8013E-03  1.9290E-03
  2.8336E+02  2.3371E-03  2.1900E-03
  2.8448E+02  2.9867E-03  2.2523E-03
  2.8560E+02  3.6584E-03  2.1195E-03
  2.8672E+02  4.2570E-03  1.8188E-03
  2.8784E+02  4.7020E-03  1.3963E-03
  2.8896E+02  4.9375E-03  9.1079E-04
  2.9008E+02  4.9377E-03  4.2562E-04
  2.9120E+02  4.7079E-03  9.8991E-07
  2.9232E+02  4.2830E-03 -3.1363E-04
  2.9344E+02  3.7205E-03 -4.8514E-04
  2.9456E+02  3.0918E-03 -5.0000E-04
  2.9568E+02  2.4753E-03 -3.6463E-04
  2.9680E+02  1.9529E-03 -1.0290E-04
  2.9792E+02  1.6034E-03  2.4871E-04
  2.9904E+02  1.4864E-03  6.4690E-04
  3.0016E+02  1.6206E-03  1.0464E-03
  3.0128E+02  1.9720E-03  1.4031E-03
  3.0240E+02  2.4624E-03  1.6767E-03
  3.0352E+02  2.9965E-03  1.8343E-03
  3.0464E+02  3.4911E-03  1.8553E-03
  3.0576E+02  3.8882E-03  1.7365E-03
  3.0688E+02  4.1529E-03  1.4944E-03
  3.0800E+02  4.2649E-03  1.1629E-03
  3.0912E+02  4.2165E-03  7.8796E-04
  3.1024E+02  4.0176E-03  4.2040E-04
  3.1136E+02  3.7014E-03  1.0881E-04
  3.1248E+02  3.3201E-03 -1.0620E-04
  3.1360E+02  2.9324E-03 -1.9696E-04
  3.1472E+02  2.5887E-03 -1.5269E-04
  3.1584E+02  2.3232E-03  1.8493E-05
  3.1696E+02  2.1544E-03  2.9040E-04
  3.1808E+02  2.0904E-03  6.2293E-04
  3.1920E+02  2.1327E-03  9.6875E-04
  3.2032E+02  2.2746E-03  1.2808E-03
  3.2144E+02  2.4983E-03  1.5190E-03
  3.2256E+02  2.7738E-03  1.6556E-03
  3.2368E+02  3.0639E-03  1.6773E-03
  3.2480E+02  3.3320E-03  1.5869E-03
  3.2592E+02  3.5487E-03  1.4022E-03
  3.2704E+02  3.6939E-03  1.1527E-03
  3.2816E+02  3.7548E-03  8.7565E-04
  3.2928E+02  3.7239E-03  6.0979E-04
  3.3040E+02  3.5989E-03  3.8946E-04
  3.3152E+02  3.3863E-03  2.3994E-04
  3.3264E+02  3.1059E-03  1.7487E-04
  3.3376E+02  2.7953E-03  1.9624E-04
  3.3488E+02  2.5067E-03  2.9628E-04
  3.3600E+02  2.2953E-03  4.6019E-04
  3.3712E+02  2.2003E-03  6.6830E-04
  3.3824E+02  2.2300E-03  8.9710E-04
  3.3936E+02  2.3597E-03  1.1198E-03
  3.4048E+02  2.5471E-03  1.3081E-03
  3.4160E+02  2.7534E-03  1.4363E-03
  3.4272E+02  2.9551E-03  1.4870E-03
  3.4384E+02  3.1418E-03  1.4549E-03
  3.4496E+02  3.3033E-03  1.3483E-03
  3.4608E+02  3.4229E-03  1.1858E-03
  3.4720E+02  3.4811E-03  9.9265E-04
  3.4832E+02  3.4665E-03  7.9573E-04
  3.4944E+02  3.3818E-03  6.2065E-04
  3.5056E+02  3.2411E-03  4.8904E-04
  3.5168E+02  3.0626E-03  4.1603E-04
  3.5280E+02  2.8653E-03  4.0815E-04
  3.5392E+02  2.6714E-03  4.6284E-04
  3.5504E+02  2.5081E-03  5.6976E-04
  3.5616E+02  2.4044E-03  7.1350E-04
  3.5728E+02  2.3801E-03  8.7600E-04
  3.5840E+02  2.4374E-03  1.0382E-03
  3.5952E+02  2.5592E-03  1.1813E-03
  3.6064E+02  2.7176E-03  1.2879E-03
  3.6176E+02  2.8837E-03  1.3447E-03
  3.6288E+02  3.0353E-03  1.3446E-03
  3.6400E+02  3.1576E-03  1.2885E-03
  3.6512E+02  3.2411E-03  1.1852E-03
  3.6624E+02  3.2807E-03  1.0503E-03
  3.6736E+02  3.2752E-03  9.0323E-04
  3.6848E+02  3.2279E-03  7.6465E-04
  3.6960E+02  3.1450E-03  6.5321E-04
  3.7072E+02  3.0344E-03  5.8286E-04
  3.7184E+02  2.9055E-03  5.6090E-04
  3.7296E+02  2.7707E-03  5.8730E-04
  3.7408E+02  2.6470E-03  6.5547E-04
  3.7520E+02  2.5542E-03  7.5421E-04
  3.7632E+02  2.5098E-03  8.6992E-04
  3.7744E+02  2.5239E-03  9.8846E-04
  3.7856E+02  2.5942E-03  1.0964E-03
  3.7968E+02  2.7067E-03  1.1818E-03
  3.8080E+02  2.8396E-03  1.2351E-03
  3.8192E+02  2.9690E-03  1.2503E-03
  3.8304E+02  3.0754E-03  1.2254E-03
  3.8416E+02  3.1463E-03  1.1637E-03
  3.8528E+02  3.1774E-03  1.0735E-03
  3.8640E+02  3.1700E-03  9.6716E-04
  3.8752E+02  3.1288E-03  8.5948E-04
  3.8864E+02  3.0605E-03  7.6505E-04
  3.8976E+02  2.9744E-03  6.9629E-04
  3.9088E+02  2.8822E-03  6.6182E-04
  3.9200E+02  2.7964E-03  6.6548E-04
  3.9312E+02  2.7281E-03  7.0602E-04
  3.9424E+02  2.6837E-03  7.7716E-04
  3.9536E+02  2.6651E-03  8.6839E-04
  3.9648E+02  2.6704E-03  9.6645E-04
  3.9760E+02  2.6972E-03  1.0574E-03
  3.9872E+02  2.7435E-03  1.1291E-03
  3.9984E+02  2.8073E-03  1.1729E-03
  4.0096E+02  2.8844E-03  1.1848E-03
  4.0208E+02  2.9659E-03  1.1655E-03
  4.0320E+02  3.0378E-03  1.1194E-03
  4.0432E+02  3.0849E-03  1.0536E-03
  4.0544E+02  3.0969E-03  9.7649E-04
  4.0656E+02  3.0736E-03  8.9759E-04
  4.0768E+02  3.0244E-03  8.2658E-04
  4.0880E+02  2.9635E-03  7.7271E-04
  4.0992E+02  2.9029E-03  7.4338E-04
  4.1104E+02  2.8481E-03  7.4253E-04
  4.1216E+02  2.8002E-03  7.6960E-04
  4.1328E+02  2.7601E-03  8.1958E-04
  4.1440E+02  2.7313E-03  8.8425E-04
  4.1552E+02  2.7197E-03  9.5397E-04
  4.1664E+02  2.7294E-03  1.0193E-03
  4.1776E+02  2.7605E-03  1.0722E-03
  4.1888E+02  2.8081E-03  1.1068E-03
  4.2000E+02  2.8648E-03  1.1195E-03
  4.2112E+02  2.9219E-03  1.1099E-03
  4.2224E+02  2.9713E-03  1.0799E-03
  4.2336E+02  3.0055E-03  1.0342E-03
  4.2448E+02  3.0194E-03  9.7892E-04
  4.2560E+02  3.0110E-03  9.2126E-04
  4.2672E+02  2.9832E-03  8.6844E-04
  4.2784E+02  2.9429E-03  8.2713E-04
  4.2896E+02  2.8983E-03  8.0269E-04
  4.3008E+02  2.8561E-03  7.9831E-04
  4.3120E+02  2.8192E-03  8.1431E-04
  4.3232E+02  2.7885E-03  8.4783E-04
  4.3344E+02  2.7644E-03  8.9328E-04
  4.3456E+02  2.7493E-03  9.4348E-04
  4.3568E+02  2.7470E-03  9.9114E-04
  4.3680E+02  2.7599E-03  1.0301E-03
  4.3792E+02  2.7867E-03  1.0559E-03
  4.3904E+02  2.8221E-03  1.0660E-03
  4.4016E+02  2.8588E-03  1.0599E-03
  4.4128E+02  2.8906E-03  1.0389E-03
  4.4240E+02  2.9138E-03  1.0062E-03
  4.4352E+02  2.9273E-03  9.6659E-04
  4.4464E+02  2.9310E-03  9.2561E-04
  4.4576E+02  2.9247E-03  8.8894E-04
  4.4688E+02  2.9077E-03  8.6126E-04
  4.4800E+02  2.8793E-03  8.4557E-04
  4.4912E+02  2.8405E-03  8.4274E-04
  4.5024E+02  2.7955E-03  8.5180E-04
  4.5136E+02  2.7518E-03  8.7048E-04
  4.5248E+02  2.7181E-03  8.9590E-04
  4.5360E+02  2.7007E-03  9.2499E-04
  4.5472E+02  2.7010E-03  9.5451E-04
  4.5584E+02  2.7153E-03  9.8106E-04
  4.5696E+02  2.7378E-03  1.0013E-03
  4.5808E+02  2.7629E-03  1.0124E-03
  4.5920E+02  2.7870E-03  1.0129E-03
  4.6032E+02  2.8075E-03  1.0026E-03
  4.6144E+02  2.8222E-03  9.8322E-04
  4.6256E+02  2.8290E-03  9.5738E-04
  4.6368E+02  2.8271E-03  9.2862E-04
  4.6480E+02  2.8169E-03  9.0080E-04
  4.6592E+02  2.8001E-03  8.7760E-04
  4.6704E+02  2.7776E-03  8.6194E-04
  4.6816E+02  2.7501E-03  8.5539E-04
  4.6928E+02  2.7183E-03  8.5798E-04
  4.7040E+02  2.6854E-03  8.6837E-04
  4.7152E+02  2.6563E-03  8.8444E-04
  4.7264E+02  2.6362E-03  9.0380E-04
  4.7376E+02  2.6282E-03  9.2408E-04
  4.7488E+02  2.6320E-03  9.4296E-04
  4.7600E+02  2.6448E-03  9.5825E-04
  4.7712E+02  2.6620E-03  9.6803E-04
  4.7824E+02  2.6793E-03  9.7089E-04
  4.7936E+02  2.6926E-03  9.6624E-04
  4.8048E+02  2.6995E-03  9.5445E-04
  4.8160E+02  2.6995E-03  9.3687E-04
  4.8272E+02  2.6939E-03  9.1581E-04
  4.8384E+02  2.6843E-03  8.9424E-04
  4.8496E+02  2.6713E-03  8.7518E-04
  4.8608E+02  2.6540E-03  8.6110E-04
  4.8720E+02  2.6318E-03  8.5340E-04
  4.8832E+02  2.6061E-03  8.5236E-04
  4.8944E+02  2.5806E-03  8.5742E-04
  4.9056E+02  2.5594E-03  8.6750E-04
  4.9168E+02  2.5451E-03  8.8113E-04
  4.9280E+02  2.5374E-03  8.9640E-04
  4.9392E+02  2.5346E-03  9.1111E-04
  4.9504E+02  2.5352E-03  9.2303E-04
  4.9616E+02  2.5385E-03  9.3042E-04
  4.9728E+02  2.5444E-03  9.3230E-04
  4.9840E+02  2.5518E-03  9.2861E-04
  4.9952E+02  2.5591E-03  9.2008E-04
  5.0064E+02  2.5638E-03  9.0799E-04
  5.0176E+02  2.5638E-03  8.9388E-04
  5.0288E+02  2.5577E-03  8.7939E-04
  5.0400E+02  2.5452E-03  8.6603E-04
  5.0512E+02  2.5279E-03  8.5514E-04
  5.0624E+02  2.5081E-03  8.4784E-04
  5.0736E+02  2.4887E-03  8.4489E-04
  5.0848E+02  2.4712E-03  8.4656E-04
  5.0960E+02  2.4560E-03  8.5241E-04
  5.1072E+02  2.4432E-03  8.6134E-04
  5.1184E+02  2.4333E-03  8.7181E-04
  5.1296E+02  2.4275E-03  8.8219E-04
  5.1408E+02  2.4267E-03  8.9109E-04
  5.1520E+02  2.4303E-03  8.9745E-04
  5.1632E+02  2.4362E-03  9.0052E-04
  5.1744E+02  2.4419E-03  8.9983E-04
  5.1856E+02  2.4454E-03  8.9534E-04
  5.1968E+02  2.4461E-03  8.8752E-04
  5.2080E+02  2.4442E-03  8.7740E-04
  5.2192E+02  2.4402E-03  8.6641E-04
  5.2304E+02  2.4342E-03  8.5608E-04
  5.2416E+02  2.4256E-03  8.4773E-04
  5.2528E+02  2.4144E-03  8.4223E-04
  5.2640E+02  2.4011E-03  8.3998E-04
  5.2752E+02  2.3874E-03  8.4098E-04
  5.2864E+02  2.3748E-03  8.4489E-04
  5.2976E+02  2.3648E-03  8.5105E-04
  5.3088E+02  2.3578E-03  8.5855E-04
  5.3200E+02  2.3539E-03  8.6630E-04
  5.3312E+02  2.3532E-03  8.7327E-04
  5.3424E+02  2.3557E-03  8.7863E-04
  5.3536E+02  2.3607E-03  8.8182E-04
  5.3648E+02  2.3668E-03  8.8256E-04
  5.3760E+02  2.3721E-03  8.8079E-04
  5.3872E+02  2.3754E-03  8.7670E-04
  5.3984E+02  2.3761E-03  8.7080E-04
  5.4096E+02  2.3747E-03  8.6387E-04
  5.4208E+02  2.3715E-03  8.5693E-04
  5.4320E+02  2.3668E-03  8.5097E-04
  5.4432E+02  2.3605E-03  8.4678E-04
  5.4544E+02  2.3529E-03  8.4486E-04
  5.4656E+02  2.3450E-03  8.4536E-04
  5.4768E+02  2.3379E-03  8.4816E-04
  5.4880E+02  2.3328E-03  8.5287E-04
  5.4992E+02  2.3300E-03  8.5891E-04
  5.5104E+02  2.3294E-03  8.6552E-04
  5.5216E+02  2.3307E-03  8.7185E-04
  5.5328E+02  2.3336E-03  8.7712E-04
  5.5440E+02  2.3378E-03  8.8076E-04
  5.5552E+02  2.3429E-03  8.8243E-04
  5.5664E+02  2.3484E-03  8.8213E-04
  5.5776E+02  2.3535E-03  8.8009E-04
  5.5888E+02  2.3576E-03  8.7676E-04
  5.6000E+02  2.3602E-03  8.7273E-04
  5.6112E+02  2.3613E-03  8.6865E-04
  5.6224E+02  2.3607E-03  8.6519E-04
  5.6336E+02  2.3587E-03  8.6287E-04
  5.6448E+02  2.3553E-03  8.6203E-04
  5.6560E+02  2.3512E-03  8.6278E-04
  5.6672E+02  2.3471E-03  8.6503E-04
  5.6784E+02  2.3443E-03  8.6860E-04
  5.6896E+02  2.3438E-03  8.7320E-04
  5.7008E+02  2.3459E-03  8.7847E-04
  5.7120E+02  2.3504E-03  8.8397E-04
  5.7232E+02  2.3559E-03  8.8911E-04
  5.7344E+02  2.3611E-03  8.9327E-04
  5.7456E+02  2.3652E-03  8.9592E-04
  5.7568E+02  2.3687E-03  8.9679E-04
  5.7680E+02  2.3724E-03  8.9601E-04
  5.7792E+02  2.3770E-03  8.9405E-04
  5.7904E+02  2.3822E-03  8.9159E-04
  5.8016E+02  2.3866E-03  8.8923E-04
  5.8128E+02  2.3889E-03  8.8741E-04
  5.8240E+02  2.3886E-03  8.8636E-04
  5.8352E+02  2.3868E-03  8.8622E-04
  5.8464E+02  2.3849E-03  8.8711E-04
  5.8576E+02  2.3841E-03  8.8912E-04
  5.8688E+02  2.3845E-03  8.9220E-04
  5.8800E+02  2.3857E-03  8.9614E-04
  5.8912E+02  2.3870E-03  9.0051E-04
  5.9024E+02  2.3883E-03  9.0479E-04
  5.9136E+02  2.3902E-03  9.0851E-04
  5.9248E+02  2.3930E-03  9.1137E-04
  5.9360E+02  2.3971E-03  9.1327E-04
  5.9472E+02  2.4023E-03  9.1425E-04
  5.9584E+02  2.4077E-03  9.1448E-04
  5.9696E+02  2.4126E-03  9.1411E-04
  5.9808E+02  2.4163E-03  9.1332E-04
  5.9920E+02  2.4188E-03  9.1234E-04
  6.0032E+02  2.4199E-03  9.1142E-04
  6.0144E+02  2.4195E-03  9.1075E-04
  6.0256E+02  2.4177E-03  9.1049E-04
  6.0368E+02  2.4148E-03  9.1071E-04
  6.0480E+02  2.4119E-03  9.1146E-04
  6.0592E+02  2.4101E-03  9.1284E-04
  6.0704E+02  2.4100E-03  9.1491E-04
  6.0816E+02  2.4112E-03  9.1760E-04
  6.0928E+02  2.4129E-03  9.2066E-04
  6.1040E+02  2.4143E-03  9.2371E-04
  6.1152E+02  2.4154E-03  9.2633E-04
  6.1264E+02  2.4163E-03  9.2821E-04
  6.1376E+02  2.4172E-03  9.2921E-04
  6.1488E+02  2.4180E-03  9.2931E-04
  6.1600E+02  2.4187E-03  9.2865E-04
  6.1712E+02  2.4191E-03  9.2746E-04
  6.1824E+02  2.4189E-03  9.2600E-04
  6.1936E+02  2.4177E-03  9.2453E-04
  6.2048E+02  2.4156E-03  9.2325E-04
  6.2160E+02  2.4127E-03  9.2233E-04
  6.2272E+02  2.4094E-03  9.2191E-04
  6.2384E+02  2.4060E-03  9.2205E-04
  6.2496E+02  2.4023E-03  9.2273E-04
  6.2608E+02  2.3983E-03  9.2380E-04
  6.2720E+02  2.3944E-03  9.2508E-04
  6.2832E+02  2.3910E-03  9.2637E-04
  6.2944E+02  2.3887E-03  9.2755E-04
  6.3056E+02  2.3872E-03  9.2854E-04
  6.3168E+02  2.3856E-03  9.2919E-04
  6.3280E+02  2.3834E-03  9.2934E-04
  6.3392E+02  2.3804E-03  9.2886E-04
  6.3504E+02  2.3769E-03  9.2774E-04
  6.3616E+02  2.3734E-03  9.2610E-04
  6.3728E+02  2.3697E-03  9.2418E-04
  6.3840E+02  2.3656E-03  9.2220E-04
  6.3952E+02  2.3608E-03  9.2033E-04
  6.4064E+02  2.3553E-03  9.1870E-04
  6.4176E+02  2.3494E-03  9.1741E-04
  6.4288E+02  2.3432E-03  9.1651E-04
  6.4400E+02  2.3364E-03  9.1596E-04
  6.4512E+02  2.3293E-03  9.1565E-04
  6.4624E+02  2.3221E-03  9.1543E-04
  6.4736E+02  2.3154E-03  9.1521E-04
  6.4848E+02  2.3095E-03  9.1493E-04
  6.4960E+02  2.3045E-03  9.1457E-04
  6.5072E+02  2.2999E-03  9.1408E-04
  6.5184E+02  2.2950E-03  9.1335E-04
  6.5296E+02  2.2895E-03  9.1227E-04
  6.5408E+02  2.2833E-03  9.1076E-04
  6.5520E+02  2.2766E-03  9.0880E-04
  6.5632E+02  2.2695E-03  9.0650E-04
  6.5744E+02  2.2622E-03  9.0400E-04
  6.5856E+02  2.2546E-03  9.0147E-04
  6.5968E+02  2.2468E-03  8.9905E-04
  6.6080E+02  2.2389E-03  8.9688E-04
  6.6192E+02  2.2310E-03  8.9504E-04
  6.6304E+02  2.2232E-03  8.9358E-04
  6.6416E+02  2.2153E-03  8.9245E-04
  6.6528E+02  2.2072E-03  8.9155E-04
  6.6640E+02  2.1988E-03  8.9072E-04
  6.6752E+02  2.1903E-03  8.8979E-04
  6.6864E+02  2.1823E-03  8.8868E-04
  6.6976E+02  2.1749E-03  8.8736E-04
  6.7088E+02  2.1681E-03  8.8584E-04
  6.7200E+02  2.1616E-03  8.8414E-04
  6.7312E+02  2.1549E-03  8.8226E-04
  6.7424E+02  2.1477E-03  8.8019E-04
  6.7536E+02  2.1400E-03  8.7794E-04
  6.7648E+02  2.1320E-03  8.7555E-04
  6.7760E+02  2.1240E-03  8.7312E-04
  6.7872E+02  2.1160E-03  8.7076E-04
  6.7984E+02  2.1081E-03  8.6858E-04
  6.8096E+02  2.1000E-03  8.6663E-04
  6.8208E+02  2.0918E-03  8.6492E-04
  6.8320E+02  2.0834E-03  8.6341E-04
  6.8432E+02  2.0754E-03  8.6205E-04
  6.8544E+02  2.0680E-03  8.6085E-04
  6.8656E+02  2.0612E-03  8.5976E-04
  6.8768E+02  2.0547E-03  8.5875E-04
  6.8880E+02  2.0484E-03  8.5772E-04
  6.8992E+02  2.0419E-03  8.5658E-04
  6.9104E+02  2.0353E-03  8.5523E-04
  6.9216E+02  2.0288E-03  8.5364E-04
  6.9328E+02  2.0224E-03  8.5185E-04
  6.9440E+02  2.0163E-03  8.4994E-04
  6.9552E+02  2.0104E-03  8.4799E-04
  6.9664E+02  2.0046E-03  8.4611E-04
  6.9776E+02  1.9990E-03  8.4439E-04
  6.9888E+02  1.9935E-03  8.4290E-04
  7.0000E+02  1.9880E-03  8.4165E-04
  7.0112E+02  1.9824E-03  8.4063E-04
  7.0224E+02  1.9766E-03  8.3977E-04
  7.0336E+02  1.9709E-03  8.3901E-04
  7.0448E+02  1.9655E-03  8.3831E-04
  7.0560E+02  1.9608E-03  8.3766E-04
  7.0672E+02  1.9568E-03  8.3707E-04
  7.0784E+02  1.9534E-03  8.3654E-04
  7.0896E+02  1.9503E-03  8.3605E-04
  7.1008E+02  1.9474E-03  8.3556E-04
  7.1120E+02  1.9445E-03  8.3504E-04
  7.1232E+02  1.9417E-03  8.3446E-04
  7.1344E+02  1.9389E-03  8.3381E-04
  7.1456E+02  1.9362E-03  8.3311E-04
  7.1568E+02  1.9335E-03  8.3239E-04
  7.1680E+02  1.9309E-03  8.3170E-04
  7.1792E+02  1.9287E-03  8.3112E-04
  7.1904E+02  1.9270E-03  8.3073E-04
  7.2016E+02  1.9256E-03  8.3059E-04
  7.2128E+02  1.9246E-03  8.3070E-04
  7.2240E+02  1.9237E-03  8.3104E-04
  7.2352E+02  1.9228E-03  8.3153E-04
  7.2464E+02  1.9219E-03  8.3211E-04
  7.2576E+02  1.9214E-03  8.3269E-04
  7.2688E+02  1.9213E-03  8.3325E-04
  7.2800E+02  1.9218E-03  8.3380E-04
  7.2912E+02  1.9228E-03  8.3434E-04
  7.3024E+02  1.9240E-03  8.3489E-04
  7.3136E+02  1.9252E-03  8.3543E-04
  7.3248E+02  1.9264E-03  8.3596E-04
  7.3360E+02  1.9278E-03  8.3649E-04
  7.3472E+02  1.9296E-03  8.3706E-04
  7.3584E+02  1.9316E-03  8.3774E-04
  7.3696E+02  1.9338E-03  8.3854E-04
  7.3808E+02  1.9361E-03  8.3950E-04
  7.3920E+02  1.9384E-03  8.4058E-04
  7.4032E+02  1.9407E-03  8.4177E-04
  7.4144E+02  1.9431E-03  8.4305E-04
  7.4256E+02  1.9458E-03  8.4439E-04
  7.4368E+02  1.9488E-03  8.4579E-04
  7.4480E+02  1.9523E-03  8.4726E-04
  7.4592E+02  1.9564E-03  8.4881E-04
  7.4704E+02  1.9608E-03  8.5046E-04
  7.4816E+02  1.9653E-03  8.5217E-04
  7.4928E+02  1.9695E-03  8.5387E-04
  7.5040E+02  1.9735E-03  8.5549E-04
  7.5152E+02  1.9775E-03  8.5701E-04
  7.5264E+02  1.9818E-03  8.5846E-04
  7.5376E+02  1.9865E-03  8.5991E-04
  7.5488E+02  1.9915E-03  8.6142E-04
  7.5600E+02  1.9966E-03  8.6304E-04
  7.5712E+02  2.0017E-03  8.6478E-04
  7.5824E+02  2.0065E-03  8.6663E-04
  7.5936E+02  2.0113E-03  8.6854E-04
  7.6048E+02  2.0161E-03  8.7049E-04
  7.6160E+02  2.0210E-03  8.7248E-04
  7.6272E+02  2.0261E-03  8.7449E-04
  7.6384E+02  2.0315E-03  8.7652E-04
  7.6496E+02  2.0369E-03  8.7857E-04
  7.6608E+02  2.0423E-03  8.8063E-04
  7.6720E+02  2.0478E-03  8.8266E-04
  7.6832E+02  2.0533E-03  8.8466E-04
  7.6944E+02  2.0589E-03  8.8661E-04
  7.7056E+02  2.0644E-03  8.8853E-04
  7.7168E+02  2.0697E-03  8.9041E-04
  7.7280E+02  2.0748E-03  8.9224E-04
  7.7392E+02  2.0799E-03  8.9402E-04
  7.7504E+02  2.0849E-03  8.9579E-04
  7.7616E+02  2.0900E-03  8.9756E-04
  7.7728E+02  2.0950E-03  8.9937E-04
  7.7840E+02  2.0999E-03  9.0122E-04
  7.7952E+02  2.1046E-03  9.0309E-04
  7.8064E+02  2.1092E-03  9.0497E-04
  7.8176E+02  2.1137E-03  9.0683E-04
  7.8288E+02  2.1181E-03  9.0866E-04
  7.8400E+02  2.1224E-03  9.1045E-04
  7.8512E+02  2.1266E-03  9.1219E-04
  7.8624E+02  2.1308E-03  9.1386E-04
  7.8736E+02  2.1348E-03  9.1546E-04
  7.8848E+02  2.1386E-03  9.1699E-04
  7.8960E+02  2.1422E-03  9.1843E-04
  7.9072E+02  2.1456E-03  9.1979E-04
  7.9184E+02  2.1487E-03  9.2106E-04
  7.9296E+02  2.1517E-03  9.2228E-04
  7.9408E+02  2.1546E-03  9.2346E-04
  7.9520E+02  2.1572E-03  9.2460E-04
  7.9632E+02  2.1595E-03  9.2572E-04
  7.9744E+02  2.1615E-03  9.2679E-04
  7.9856E+02  2.1631E-03  9.2781E-04
  7.9968E+02  2.1646E-03  9.2877E-04
  8.0080E+02  2.1659E-03  9.2966E-04
  8.0192E+02  2.1671E-03  9.3051E-04
  8.0304E+02  2.1681E-03  9.3130E-04
  8.0416E+02  2.1689E-03  9.3203E-04
  8.0528E+02  2.1693E-03  9.3268E-04
  8.0640E+02  2.1694E-03  9.3322E-04
  8.0752E+02  2.1693E-03  9.3365E-04
  8.0864E+02  2.1690E-03  9.3398E-04
  8.0976E+02  2.1684E-03  9.3422E-04
  8.1088E+02  2.1675E-03  9.3437E-04
  8.1200E+02  2.1662E-03  9.3442E-04
  8.1312E+02  2.1645E-03  9.3438E-04
  8.1424E+02  2.1625E-03  9.3424E-04
  8.1536E+02  2.1603E-03  9.3402E-04
  8.1648E+02  2.1580E-03  9.3376E-04
  8.1760E+02  2.1555E-03  9.3346E-04
  8.1872E+02  2.1527E-03  9.3313E-04
  8.1984E+02  2.1496E-03  9.3276E-04
  8.2096E+02  2.1459E-03  9.3231E-04
  8.2208E+02  2.1419E-03  9.3174E-04
  8.2320E+02  2.1375E-03  9.3105E-04
  8.2432E+02  2.1331E-03  9.3023E-04
  8.2544E+02  2.1286E-03  9.2932E-04
  8.2656E+02  2.1239E-03  9.2834E-04
  8.2768E+02  2.1190E-03  9.2731E-04
  8.2880E+02  2.1137E-03  9.2622E-04
  8.2992E+02  2.1080E-03  9.2504E-04
  8.3104E+02  2.1019E-03  9.2375E-04
  8.3216E+02  2.0956E-03  9.2238E-04
  8.3328E+02  2.0890E-03  9.2091E-04
  8.3440E+02  2.0823E-03  9.1938E-04
  8.3552E+02  2.0753E-03  9.1778E-04
  8.3664E+02  2.0680E-03  9.1613E-04
  8.3776E+02  2.0606E-03  9.1444E-04
  8.3888E+02  2.0530E-03  9.1270E-04
  8.4000E+02  2.0451E-03  9.1091E-04
  8.4112E+02  2.0371E-03  9.0908E-04
  8.4224E+02  2.0288E-03  9.0719E-04
  8.4336E+02  2.0203E-03  9.0523E-04
  8.4448E+02  2.0117E-03  9.0320E-04
  8.4560E+02  2.0029E-03  9.0111E-04
  8.4672E+02  1.9939E-03  8.9894E-04
  8.4784E+02  1.9848E-03  8.9672E-04
  8.4896E+02  1.9755E-03  8.9443E-04
  8.5008E+02  1.9660E-03  8.9209E-04
  8.5120E+02  1.9564E-03  8.8972E-04
  8.5232E+02  1.9468E-03  8.8731E-04
  8.5344E+02  1.9370E-03  8.8489E-04
  8.5456E+02  1.9271E-03  8.8245E-04
  8.5568E+02  1.9170E-03  8.7999E-04
  8.5680E+02  1.9069E-03  8.7751E-04
  8.5792E+02  1.8966E-03  8.7502E-04
  8.5904E+02  1.8864E-03  8.7251E-04
  8.6016E+02  1.8760E-03  8.6998E-04
  8.6128E+02  1.8657E-03  8.6743E-04
  8.6240E+02  1.8553E-03  8.6486E-04
  8.6352E+02  1.8450E-03  8.6229E-04
  8.6464E+02  1.8346E-03  8.5971E-04
  8.6576E+02  1.8243E-03  8.5713E-04
  8.6688E+02  1.8140E-03  8.5455E-04
  8.6800E+02  1.8036E-03  8.5196E-04
  8.6912E+02  1.7933E-03  8.4938E-04
  8.7024E+02  1.7830E-03  8.4679E-04
  8.7136E+02  1.7728E-03  8.4423E-04
  8.7248E+02  1.7626E-03  8.4168E-04
  8.7360E+02  1.7524E-03  8.3915E-04
  8.7472E+02  1.7424E-03  8.3666E-04
  8.7584E+02  1.7325E-03  8.3419E-04
  8.7696E+02  1.7227E-03  8.3178E-04
  8.7808E+02  1.7131E-03  8.2941E-04
  8.7920E+02  1.7036E-03  8.2709E-04
  8.8032E+02  1.6942E-03  8.2481E-04
  8.8144E+02  1.6849E-03  8.2256E-04
  8.8256E+02  1.6758E-03  8.2034E-04
  8.8368E+02  1.6668E-03  8.1816E-04
  8.8480E+02  1.6581E-03  8.1601E-04
  8.8592E+02  1.6497E-03  8.1393E-04
  8.8704E+02  1.6414E-03  8.1190E-04
  8.8816E+02  1.6334E-03  8.0995E-04
  8.8928E+02  1.6254E-03  8.0805E-04
  8.9040E+02  1.6177E-03  8.0621E-04
  8.9152E+02  1.6102E-03  8.0443E-04
  8.9264E+02  1.6030E-03  8.0272E-04
  8.9376E+02  1.5960E-03  8.0108E-04
  8.9488E+02  1.5893E-03  7.9952E-04
  8.9600E+02  1.5828E-03  7.9804E-04
  8.9712E+02  1.5767E-03  7.9665E-04
  8.9824E+02  1.5708E-03  7.9534E-04
  8.9936E+02  1.5653E-03  7.9412E-04
  9.0048E+02  1.5600E-03  7.9299E-04
  9.0160E+02  1.5549E-03  7.9193E-04
  9.0272E+02  1.5502E-03  7.9095E-04
  9.0384E+02  1.5458E-03  7.9006E-04
  9.0496E+02  1.5418E-03  7.8924E-04
  9.0608E+02  1.5380E-03  7.8852E-04
  9.0720E+02  1.5346E-03  7.8788E-04
  9.0832E+02  1.5314E-03  7.8733E-04
  9.0944E+02  1.5286E-03  7.8687E-04
  9.1056E+02  1.5261E-03  7.8650E-04
  9.1168E+02  1.5240E-03  7.8624E-04
  9.1280E+02  1.5223E-03  7.8608E-04
  9.1392E+02  1.5208E-03  7.8602E-04
  9.1504E+02  1.5197E-03  7.8606E-04
  9.1616E+02  1.5189E-03  7.8620E-04
  9.1728E+02  1.5184E-03  7.8643E-04
  9.1840E+02  1.5182E-03  7.8675E-04
  9.1952E+02  1.5185E-03  7.8716E-04
  9.2064E+02  1.5191E-03  7.8767E-04
  9.2176E+02  1.5200E-03  7.8828E-04
  9.2288E+02  1.5213E-03  7.8899E-04
  9.2400E+02  1.5229E-03  7.8979E-04
  9.2512E+02  1.5248E-03  7.9068E-04
  9.2624E+02  1.5271E-03  7.9166E-04
  9.2736E+02  1.5297E-03  7.9273E-04
  9.2848E+02  1.5325E-03  7.9389E-04
  9.2960E+02  1.5357E-03  7.9513E-04
  9.3072E+02  1.5392E-03  7.9646E-04
  9.3184E+02  1.5430E-03  7.9787E-04
  9.3296E+02  1.5472E-03  7.9938E-04
  9.3408E+02  1.5517E-03  8.0098E-04
  9.3520E+02  1.5565E-03  8.0267E-04
  9.3632E+02  1.5616E-03  8.0445E-04
  9.3744E+02  1.5668E-03  8.0631E-04
  9.3856E+02  1.5724E-03  8.0823E-04
  9.3968E+02  1.5783E-03  8.1022E-04
  9.4080E+02  1.5844E-03  8.1229E-04
  9.4192E+02  1.5908E-03  8.1442E-04
  9.4304E+02  1.5975E-03  8.1662E-04
  9.4416E+02  1.6044E-03  8.1889E-04
  9.4528E+02  1.6115E-03  8.2121E-04
  9.4640E+02  1.6188E-03  8.2360E-04
  9.4752E+02  1.6264E-03  8.2604E-04
  9.4864E+02  1.6342E-03  8.2855E-04
  9.4976E+02  1.6422E-03  8.3111E-04
  9.5088E+02  1.6503E-03  8.3372E-04
  9.5200E+02  1.6586E-03  8.3637E-04
  9.5312E+02  1.6670E-03  8.3906E-04
  9.5424E+02  1.6757E-03  8.4179E-04
  9.5536E+02  1.6845E-03  8.4457E-04
  9.5648E+02  1.6934E-03  8.4738E-04
  9.5760E+02  1.7025E-03  8.5023E-04
  9.5872E+02  1.7117E-03  8.5311E-04
  9.5984E+02  1.7210E-03  8.5602E-04
  9.6096E+02  1.7303E-03  8.5894E-04
  9.6208E+02  1.7398E-03  8.6188E-04
  9.6320E+02  1.7493E-03  8.6482E-04
  9.6432E+02  1.7588E-03  8.6778E-04
  9.6544E+02  1.7685E-03  8.7074E-04
  9.6656E+02  1.7781E-03  8.7371E-04
  9.6768E+02  1.7878E-03  8.7669E-04
  9.6880E+02  1.7975E-03  8.7966E-04
  9.6992E+02  1.8072E-03  8.8263E-04
  9.7104E+02  1.8169E-03  8.8559E-04
  9.7216E+02  1.8265E-03  8.8855E-04
  9.7328E+02  1.8361E-03  8.9148E-04
  9.7440E+02  1.8457E-03  8.9440E-04
  9.7552E+02  1.8552E-03  8.9730E-04
  9.7664E+02  1.8646E-03  9.0017E-04
  9.7776E+02  1.8740E-03  9.0301E-04
  9.7888E+02  1.8833E-03  9.0582E-04
  9.8000E+02  1.8924E-03  9.0859E-04
  9.8112E+02  1.9015E-03  9.1133E-04
  9.8224E+02  1.9104E-03  9.1403E-04
  9.8336E+02  1.9192E-03  9.1668E-04
  9.8448E+02  1.9278E-03  9.1929E-04
  9.8560E+02  1.9363E-03  9.2184E-04
  9.8672E+02  1.9446E-03  9.2433E-04
  9.8784E+02  1.9527E-03  9.2676E-04
  9.8896E+02  1.9606E-03  9.2914E-04
  9.9008E+02  1.9684E-03  9.3145E-04
  9.9120E+02  1.9759E-03  9.3371E-04
  9.9232E+02  1.9832E-03  9.3591E-04
  9.9344E+02  1.9903E-03  9.3803E-04
  9.9456E+02  1.9971E-03  9.4009E-04
  9.9568E+02  2.0037E-03  9.4206E-04
  9.9680E+02  2.0100E-03  9.4396E-04
  9.9792E+02  2.0161E-03  9.4578E-04
  9.9904E+02  2.0219E-03  9.4751E-04
  1.0002E+03  2.0274E-03  9.4916E-04
  1.0013E+03  2.0326E-03  9.5073E-04
  1.0024E+03  2.0376E-03  9.5221E-04
  1.0035E+03  2.0422E-03  9.5360E-04
  1.0046E+03  2.0466E-03  9.5490E-04
  1.0058E+03  2.0506E-03  9.5611E-04
  1.0069E+03  2.0543E-03  9.5722E-04
  1.0080E+03  2.0576E-03  9.5824E-04
  1.0091E+03  2.0607E-03  9.5916E-04
  1.0102E+03  2.0634E-03  9.5998E-04
  1.0114E+03  2.0658E-03  9.6071E-04
  1.0125E+03  2.0678E-03  9.6134E-04
  1.0136E+03  2.0695E-03  9.6187E-04
  1.0147E+03  2.0708E-03  9.6229E-04
  1.0158E+03  2.0718E-03  9.6262E-04
  1.0170E+03  2.0724E-03  9.6284E-04
  1.0181E+03  2.0727E-03  9.6296E-04
  1.0192E+03  2.0726E-03  9.6298E-04
  1.0203E+03  2.0722E-03  9.6289E-04
  1.0214E+03  2.0713E-03  9.6270E-04
  1.0226E+03  2.0702E-03  9.6241E-04
  1.0237E+03  2.0686E-03  9.6201E-04
  1.0248E+03  2.0667E-03  9.6151E-04
  1.0259E+03  2.0644E-03  9.6090E-04
  1.0270E+03  2.0618E-03  9.6019E-04
  1.0282E+03  2.0588E-03  9.5939E-04
  1.0293E+03  2.0554E-03  9.5848E-04
  1.0304E+03  2.0517E-03  9.5748E-04
  1.0315E+03  2.0476E-03  9.5638E-04
  1.0326E+03  2.0432E-03  9.5518E-04
  1.0338E+03  2.0384E-03  9.5388E-04
  1.0349E+03  2.0333E-03  9.5248E-04
  1.0360E+03  2.0278E-03  9.5099E-04
  1.0371E+03  2.0220E-03  9.4941E-04
  1.0382E+03  2.0158E-03  9.4774E-04
  1.0394E+03  2.0093E-03  9.4598E-04
  1.0405E+03  2.0025E-03  9.4412E-04
  1.0416E+03  1.9954E-03  9.4219E-04
  1.0427E+03  1.9879E-03  9.4016E-04
  1.0438E+03  1.9802E-03  9.3806E-04
  1.0450E+03  1.9721E-03  9.3587E-04
  1.0461E+03  1.9638E-03  9.3361E-04
  1.0472E+03  1.9551E-03  9.3126E-04
  1.0483E+03  1.9462E-03  9.2885E-04
  1.0494E+03  1.9370E-03  9.2637E-04
  1.0506E+03  1.9275E-03  9.2381E-04
  1.0517E+03  1.9177E-03  9.2119E-04
  1.0528E+03  1.9077E-03  9.1851E-04
  1.0539E+03  1.8975E-03  9.1576E-04
  1.0550E+03  1.8870E-03  9.1295E-04
  1.0562E+03  1.8763E-03  9.1009E-04
  1.0573E+03  1.8654E-03  9.0718E-04
  1.0584E+03  1.8543E-03  9.0422E-04
  1.0595E+03  1.8429E-03  9.0121E-04
  1.0606E+03  1.8314E-03  8.9815E-04
  1.0618E+03  1.8197E-03  8.9505E-04
  1.0629E+03  1.8078E-03  8.9191E-04
  1.0640E+03  1.7958E-03  8.8874E-04
  1.0651E+03  1.7836E-03  8.8553E-04
  1.0662E+03  1.7713E-03  8.8230E-04
  1.0674E+03  1.7588E-03  8.7904E-04
  1.0685E+03  1.7463E-03  8.7576E-04
  1.0696E+03  1.7336E-03  8.7245E-04
  1.0707E+03  1.7208E-03  8.6914E-04
  1.0718E+03  1.7079E-03  8.6580E-04
  1.0730E+03  1.6950E-03  8.6246E-04
  1.0741E+03  1.6819E-03  8.5911E-04
  1.0752E+03  1.6689E-03  8.5575E-04
  1.0763E+03  1.6558E-03  8.5240E-04
  1.0774E+03  1.6426E-03  8.4905E-04
  1.0786E+03  1.6295E-03  8.4570E-04
  1.0797E+03  1.6163E-03  8.4236E-04
  1.0808E+03  1.6031E-03  8.3904E-04
  1.0819E+03  1.5899E-03  8.3573E-04
  1.0830E+03  1.5768E-03  8.3243E-04
  1.0842E+03  1.5637E-03  8.2916E-04
  1.0853E+03  1.5506E-03  8.2591E-04
  1.0864E+03  1.5376E-03  8.2269E-04
  1.0875E+03  1.5247E-03  8.1950E-04
  1.0886E+03  1.5118E-03  8.1635E-04
  1.0898E+03  1.4990E-03  8.1323E-04
  1.0909E+03  1.4863E-03  8.1015E-04
  1.0920E+03  1.4737E-03  8.0711E-04
  1.0931E+03  1.4612E-03  8.0411E-04
  1.0942E+03  1.4489E-03  8.0117E-04
  1.0954E+03  1.4367E-03  7.9827E-04
  1.0965E+03  1.4246E-03  7.9543E-04
  1.0976E+03  1.4127E-03  7.9264E-04
  1.0987E+03  1.4010E-03  7.8991E-04
  1.0998E+03  1.3894E-03  7.8724E-04
  1.1010E+03  1.3780E-03  7.8463E-04
  1.1021E+03  1.3668E-03  7.8209E-04
  1.1032E+03  1.3559E-03  7.7961E-04
  1.1043E+03  1.3451E-03  7.7720E-04
  1.1054E+03  1.3345E-03  7.7487E-04
  1.1066E+03  1.3242E-03  7.7260E-04
  1.1077E+03  1.3140E-03  7.7041E-04
  1.1088E+03  1.3042E-03  7.6830E-04
  1.1099E+03  1.2946E-03  7.6627E-04
  1.1110E+03  1.2852E-03  7.6432E-04
  1.1122E+03  1.2761E-03  7.6245E-04
  1.1133E+03  1.2673E-03  7.6066E-04
  1.1144E+03  1.2587E-03  7.5896E-04
  1.1155E+03  1.2504E-03  7.5735E-04
  1.1166E+03  1.2424E-03  7.5582E-04
  1.1178E+03  1.2347E-03  7.5438E-04
  1.1189E+03  1.2273E-03  7.5302E-04
  1.1200E+03  1.2202E-03  7.5176E-04
  1.1211E+03  1.2133E-03  7.5060E-04
  1.1222E+03  1.2068E-03  7.4952E-04
  1.1234E+03  1.2007E-03  7.4854E-04
  1.1245E+03  1.1948E-03  7.4765E-04
  1.1256E+03  1.1892E-03  7.4685E-04
  1.1267E+03  1.1840E-03  7.4615E-04
  1.1278E+03  1.1791E-03  7.4554E-04
  1.1290E+03  1.1745E-03  7.4503E-04
  1.1301E+03  1.1703E-03  7.4462E-04
  1.1312E+03  1.1664E-03  7.4430E-04
  1.1323E+03  1.1628E-03  7.4407E-04
  1.1334E+03  1.1595E-03  7.4394E-04
  1.1346E+03  1.1566E-03  7.4390E-04
  1.1357E+03  1.1541E-03  7.4396E-04
  1.1368E+03  1.1518E-03  7.4412E-04
  1.1379E+03  1.1499E-03  7.4436E-04
  1.1390E+03  1.1484E-03  7.4470E-04
  1.1402E+03  1.1472E-03  7.4513E-04
  1.1413E+03  1.1463E-03  7.4566E-04
  1.1424E+03  1.1457E-03  7.4627E-04
  1.1435E+03  1.1455E-03  7.4698E-04
  1.1446E+03  1.1456E-03  7.4777E-04
  1.1458E+03  1.1460E-03  7.4865E-04
  1.1469E+03  1.1468E-03  7.4962E-04
  1.1480E+03  1.1479E-03  7.5068E-04
  1.1491E+03  1.1493E-03  7.5182E-04
  1.1502E+03  1.1510E-03  7.5304E-04
  1.1514E+03  1.1531E-03  7.5435E-04
  1.1525E+03  1.1555E-03  7.5573E-04
  1.1536E+03  1.1581E-03  7.5719E-04
  1.1547E+03  1.1611E-03  7.5873E-04
  1.1558E+03  1.1644E-03  7.6035E-04
  1.1570E+03  1.1679E-03  7.6204E-04
  1.1581E+03  1.1718E-03  7.6380E-04
  1.1592E+03  1.1759E-03  7.6563E-04
  1.1603E+03  1.1804E-03  7.6753E-04
  1.1614E+03  1.1851E-03  7.6949E-04
  1.1626E+03  1.1901E-03  7.7152E-04
  1.1637E+03  1.1953E-03  7.7361E-04
  1.1648E+03  1.2008E-03  7.7576E-04
  1.1659E+03  1.2065E-03  7.7797E-04
  1.1670E+03  1.2125E-03  7.8023E-04
  1.1682E+03  1.2188E-03  7.8255E-04
  1.1693E+03  1.2252E-03  7.8492E-04
  1.1704E+03  1.2319E-03  7.8734E-04
  1.1715E+03  1.2388E-03  7.8980E-04
  1.1726E+03  1.2459E-03  7.9231E-04
  1.1738E+03  1.2533E-03  7.9486E-04
  1.1749E+03  1.2608E-03  7.9745E-04
  1.1760E+03  1.2685E-03  8.0007E-04
  1.1771E+03  1.2764E-03  8.0273E-04
  1.1782E+03  1.2845E-03  8.0543E-04
  1.1794E+03  1.2927E-03  8.0815E-04
  1.1805E+03  1.3011E-03  8.1090E-04
  1.1816E+03  1.3096E-03  8.1367E-04
  1.1827E+03  1.3183E-03  8.1646E-04
  1.1838E+03  1.3271E-03  8.1928E-04
  1.1850E+03  1.3361E-03  8.2211E-04
  1.1861E+03  1.3452E-03  8.2496E-04
  1.1872E+03  1.3543E-03  8.2781E-04
  1.1883E+03  1.3636E-03  8.3068E-04
  1.1894E+03  1.3730E-03  8.3356E-04
  1.1906E+03  1.3825E-03  8.3644E-04
  1.1917E+03  1.3920E-03  8.3932E-04
  1.1928E+03  1.4016E-03  8.4220E-04
  1.1939E+03  1.4113E-03  8.4508E-04
  1.1950E+03  1.4210E-03  8.4795E-04
  1.1962E+03  1.4307E-03  8.5082E-04
  1.1973E+03  1.4405E-03  8.5367E-04
  1.1984E+03  1.4503E-03  8.5652E-04
  1.1995E+03  1.4602E-03  8.5935E-04
  1.2006E+03  1.4700E-03  8.6216E-04
  1.2018E+03  1.4799E-03  8.6495E-04
  1.2029E+03  1.4897E-03  8.6772E-04
  1.2040E+03  1.4996E-03  8.7047E-04
  1.2051E+03  1.5094E-03  8.7319E-04
  1.2062E+03  1.5191E-03  8.7589E-04
  1.2074E+03  1.5289E-03  8.7855E-04
  1.2085E+03  1.5386E-03  8.8118E-04
  1.2096E+03  1.5482E-03  8.8378E-04
  1.2107E+03  1.5578E-03  8.8634E-04
  1.2118E+03  1.5673E-03  8.8887E-04
  1.2130E+03  1.5767E-03  8.9135E-04
  1.2141E+03  1.5861E-03  8.9380E-04
  1.2152E+03  1.5953E-03  8.9620E-04
  1.2163E+03  1.6045E-03  8.9855E-04
  1.2174E+03  1.6136E-03  9.0086E-04
  1.2186E+03  1.6225E-03  9.0312E-04
  1.2197E+03  1.6313E-03  9.0533E-04
  1.2208E+03  1.6400E-03  9.0749E-04
  1.2219E+03  1.6486E-03  9.0959E-04
  1.2230E+03  1.6571E-03  9.1165E-04
  1.2242E+03  1.6653E-03  9.1364E-04
  1.2253E+03  1.6735E-03  9.1558E-04
  1.2264E+03  1.6815E-03  9.1746E-04
  1.2275E+03  1.6893E-03  9.1928E-04
  1.2286E+03  1.6970E-03  9.2105E-04
  1.2298E+03  1.7045E-03  9.2275E-04
  1.2309E+03  1.7118E-03  9.2438E-04
  1.2320E+03  1.7189E-03  9.2596E-04
  1.2331E+03  1.7259E-03  9.2747E-04
  1.2342E+03  1.7326E-03  9.2891E-04
  1.2354E+03  1.7392E-03  9.3029E-04
  1.2365E+03  1.7455E-03  9.3161E-04
  1.2376E+03  1.7517E-03  9.3285E-04
  1.2387E+03  1.7576E-03  9.3403E-04
  1.2398E+03  1.7634E-03  9.3514E-04
  1.2410E+03  1.7689E-03  9.3618E-04
  1.2421E+03  1.7742E-03  9.3715E-04
  1.2432E+03  1.7793E-03  9.3806E-04
  1.2443E+03  1.7842E-03  9.3889E-04
  1.2454E+03  1.7888E-03  9.3965E-04
  1.2466E+03  1.7932E-03  9.4035E-04
  1.2477E+03  1.7974E-03  9.4097E-04
  1.2488E+03  1.8013E-03  9.4152E-04
  1.2499E+03  1.8050E-03  9.4200E-04
  1.2510E+03  1.8085E-03  9.4242E-04
  1.2522E+03  1.8117E-03  9.4276E-04
  1.2533E+03  1.8147E-03  9.4304E-04
  1.2544E+03  1.8174E-03  9.4324E-04
  1.2555E+03  1.8199E-03  9.4338E-04
  1.2566E+03  1.8222E-03  9.4344E-04
  1.2578E+03  1.8242E-03  9.4344E-04
  1.2589E+03  1.8260E-03  9.4337E-04
  1.2600E+03  1.8275E-03  9.4323E-04
  1.2611E+03  1.8288E-03  9.4302E-04
  1.2622E+03  1.8298E-03  9.4275E-04
  1.2634E+03  1.8306E-03  9.4242E-04
  1.2645E+03  1.8311E-03  9.4201E-04
  1.2656E+03  1.8314E-03  9.4155E-04
  1.2667E+03  1.8314E-03  9.4102E-04
  1.2678E+03  1.8312E-03  9.4042E-04
  1.2690E+03  1.8308E-03  9.3977E-04
  1.2701E+03  1.8301E-03  9.3905E-04
  1.2712E+03  1.8291E-03  9.3828E-04
  1.2723E+03  1.8280E-03  9.3744E-04
  1.2734E+03  1.8266E-03  9.3655E-04
  1.2746E+03  1.8249E-03  9.3560E-04
  1.2757E+03  1.8230E-03  9.3459E-04
  1.2768E+03  1.8209E-03  9.3353E-04
  1.2779E+03  1.8186E-03  9.3242E-04
  1.2790E+03  1.8160E-03  9.3125E-04
  1.2802E+03  1.8132E-03  9.3003E-04
  1.2813E+03  1.8102E-03  9.2876E-04
  1.2824E+03  1.8070E-03  9.2745E-04
  1.2835E+03  1.8035E-03  9.2608E-04
  1.2846E+03  1.7999E-03  9.2467E-04
  1.2858E+03  1.7960E-03  9.2322E-04
  1.2869E+03  1.7919E-03  9.2172E-04
  1.2880E+03  1.7876E-03  9.2017E-04
  1.2891E+03  1.7832E-03  9.1859E-04
  1.2902E+03  1.7785E-03  9.1697E-04
  1.2914E+03  1.7736E-03  9.1531E-04
  1.2925E+03  1.7685E-03  9.1361E-04
  1.2936E+03  1.7633E-03  9.1188E-04
  1.2947E+03  1.7578E-03  9.1012E-04
  1.2958E+03  1.7522E-03  9.0832E-04
  1.2970E+03  1.7464E-03  9.0649E-04
  1.2981E+03  1.7405E-03  9.0463E-04
  1.2992E+03  1.7344E-03  9.0275E-04
  1.3003E+03  1.7281E-03  9.0084E-04
  1.3014E+03  1.7216E-03  8.9890E-04
  1.3026E+03  1.7150E-03  8.9694E-04
  1.3037E+03  1.7083E-03  8.9496E-04
  1.3048E+03  1.7014E-03  8.9296E-04
  1.3059E+03  1.6944E-03  8.9094E-04
  1.3070E+03  1.6872E-03  8.8891E-04
  1.3082E+03  1.6800E-03  8.8686E-04
  1.3093E+03  1.6725E-03  8.8479E-04
  1.3104E+03  1.6650E-03  8.8271E-04
  1.3115E+03  1.6574E-03  8.8062E-04
  1.3126E+03  1.6496E-03  8.7852E-04
  1.3138E+03  1.6418E-03  8.7641E-04
  1.3149E+03  1.6338E-03  8.7430E-04
  1.3160E+03  1.6258E-03  8.7218E-04
  1.3171E+03  1.6176E-03  8.7005E-04
  1.3182E+03  1.6094E-03  8.6793E-04
  1.3194E+03  1.6011E-03  8.6580E-04
  1.3205E+03  1.5927E-03  8.6367E-04
  1.3216E+03  1.5843E-03  8.6155E-04
  1.3227E+03  1.5758E-03  8.5943E-04
  1.3238E+03  1.5672E-03  8.5731E-04
  1.3250E+03  1.5586E-03  8.5520E-04
  1.3261E+03  1.5499E-03  8.5310E-04
  1.3272E+03  1.5412E-03  8.5100E-04
  1.3283E+03  1.5324E-03  8.4892E-04
  1.3294E+03  1.5237E-03  8.4684E-04
  1.3306E+03  1.5148E-03  8.4478E-04
  1.3317E+03  1.5060E-03  8.4273E-04
  1.3328E+03  1.4971E-03  8.4070E-04
  1.3339E+03  1.4883E-03  8.3868E-04
  1.3350E+03  1.4794E-03  8.3668E-04
  1.3362E+03  1.4705E-03  8.3470E-04
  1.3373E+03  1.4616E-03  8.3274E-04
  1.3384E+03  1.4527E-03  8.3079E-04
  1.3395E+03  1.4439E-03  8.2887E-04
  1.3406E+03  1.4350E-03  8.2697E-04
  1.3418E+03  1.4262E-03  8.2510E-04
  1.3429E+03  1.4174E-03  8.2325E-04
  1.3440E+03  1.4086E-03  8.2142E-04
  1.3451E+03  1.3998E-03  8.1962E-04
  1.3462E+03  1.3911E-03  8.1785E-04
  1.3474E+03  1.3825E-03  8.1611E-04
  1.3485E+03  1.3738E-03  8.1440E-04
  1.3496E+03  1.3653E-03  8.1271E-04
  1.3507E+03  1.3568E-03  8.1106E-04
  1.3518E+03  1.3483E-03  8.0944E-04
  1.3530E+03  1.3399E-03  8.0785E-04
  1.3541E+03  1.3316E-03  8.0629E-04
  1.3552E+03  1.3233E-03  8.0476E-04
  1.3563E+03  1.3151E-03  8.0327E-04
  1.3574E+03  1.3070E-03  8.0182E-04
  1.3586E+03  1.2990E-03  8.0040E-04
  1.3597E+03  1.2911E-03  7.9901E-04
  1.3608E+03  1.2832E-03  7.9767E-04
  1.3619E+03  1.2755E-03  7.9636E-04
  1.3630E+03  1.2678E-03  7.9508E-04
  1.3642E+03  1.2603E-03  7.9385E-04
  1.3653E+03  1.2528E-03  7.9265E-04
  1.3664E+03  1.2455E-03  7.9149E-04
  1.3675E+03  1.2382E-03  7.9037E-04
  1.3686E+03  1.2311E-03  7.8929E-04
  1.3698E+03  1.2241E-03  7.8825E-04
  1.3709E+03  1.2172E-03  7.8724E-04
  1.3720E+03  1.2104E-03  7.8628E-04
  1.3731E+03  1.2038E-03  7.8536E-04
  1.3742E+03  1.1973E-03  7.8448E-04
  1.3754E+03  1.1909E-03  7.8364E-04
  1.3765E+03  1.1846E-03  7.8284E-04
  1.3776E+03  1.1785E-03  7.8208E-04
  1.3787E+03  1.1725E-03  7.8136E-04
  1.3798E+03  1.1666E-03  7.8068E-04
  1.3810E+03  1.1609E-03  7.8004E-04
  1.3821E+03  1.1553E-03  7.7945E-04
  1.3832E+03  1.1499E-03  7.7889E-04
  1.3843E+03  1.1446E-03  7.7838E-04
  1.3854E+03  1.1394E-03  7.7790E-04
  1.3866E+03  1.1344E-03  7.7747E-04
  1.3877E+03  1.1296E-03  7.7707E-04
  1.3888E+03  1.1249E-03  7.7672E-04
  1.3899E+03  1.1203E-03  7.7641E-04
  1.3910E+03  1.1159E-03  7.7613E-04
  1.3922E+03  1.1117E-03  7.7590E-04
  1.3933E+03  1.1076E-03  7.7570E-04
  1.3944E+03  1.1036E-03  7.7555E-04
  1.3955E+03  1.0998E-03  7.7543E-04
  1.3966E+03  1.0962E-03  7.7535E-04
  1.3978E+03  1.0927E-03  7.7531E-04
  1.3989E+03  1.0894E-03  7.7530E-04
  1.4000E+03  1.0862E-03  7.7534E-04
  1.4011E+03  1.0832E-03  7.7541E-04
  1.4022E+03  1.0803E-03  7.7551E-04
  1.4034E+03  1.0776E-03  7.7566E-04
  1.4045E+03  1.0751E-03  7.7583E-04
  1.4056E+03  1.0727E-03  7.7605E-04
  1.4067E+03  1.0705E-03  7.7629E-04
  1.4078E+03  1.0684E-03  7.7657E-04
  1.4090E+03  1.0665E-03  7.7689E-04
  1.4101E+03  1.0647E-03  7.7724E-04
  1.4112E+03  1.0631E-03  7.7761E-04
  1.4123E+03  1.0617E-03  7.7803E-04
  1.4134E+03  1.0603E-03  7.7847E-04
  1.4146E+03  1.0592E-03  7.7894E-04
  1.4157E+03  1.0582E-03  7.7944E-04
  1.4168E+03  1.0573E-03  7.7997E-04
  1.4179E+03  1.0566E-03  7.8053E-04
  1.4190E+03  1.0561E-03  7.8112E-04
  1.4202E+03  1.0556E-03  7.8174E-04
  1.4213E+03  1.0554E-03  7.8238E-04
  1.4224E+03  1.0552E-03  7.8305E-04
  1.4235E+03  1.0553E-03  7.8374E-04
  1.4246E+03  1.0554E-03  7.8446E-04
  1.4258E+03  1.0557E-03  7.8520E-04
  1.4269E+03  1.0561E-03  7.8596E-04
  1.4280E+03  1.0567E-03  7.8675E-04
  1.4291E+03  1.0574E-03  7.8755E-04
  1.4302E+03  1.0582E-03  7.8838E-04
  1.4314E+03  1.0592E-03  7.8923E-04
  1.4325E+03  1.0602E-03  7.9010E-04
  1.4336E+03  1.0614E-03  7.9099E-04
  1.4347E+03  1.0628E-03  7.9189E-04
  1.4358E+03  1.0642E-03  7.9281E-04
  1.4370E+03  1.0658E-03  7.9375E-04
  1.4381E+03  1.0675E-03  7.9470E-04
  1.4392E+03  1.0693E-03  7.9567E-04
  1.4403E+03  1.0712E-03  7.9665E-04
  1.4414E+03  1.0732E-03  7.9764E-04
  1.4426E+03  1.0753E-03  7.9865E-04
  1.4437E+03  1.0775E-03  7.9967E-04
  1.4448E+03  1.0798E-03  8.0070E-04
  1.4459E+03  1.0823E-03  8.0174E-04
  1.4470E+03  1.0848E-03  8.0279E-04
  1.4482E+03  1.0874E-03  8.0384E-04
  1.4493E+03  1.0901E-03  8.0491E-04
  1.4504E+03  1.0929E-03  8.0598E-04
  1.4515E+03  1.0958E-03  8.0706E-04
  1.4526E+03  1.0987E-03  8.0814E-04
  1.4538E+03  1.1018E-03  8.0923E-04
  1.4549E+03  1.1049E-03  8.1032E-04
  1.4560E+03  1.1081E-03  8.1142E-04
  1.4571E+03  1.1113E-03  8.1252E-04
  1.4582E+03  1.1147E-03  8.1362E-04
  1.4594E+03  1.1181E-03  8.1472E-04
  1.4605E+03  1.1215E-03  8.1582E-04
  1.4616E+03  1.1250E-03  8.1692E-04
  1.4627E+03  1.1286E-03  8.1802E-04
  1.4638E+03  1.1322E-03  8.1912E-04
  1.4650E+03  1.1359E-03  8.2021E-04
  1.4661E+03  1.1396E-03  8.2131E-04
  1.4672E+03  1.1434E-03  8.2240E-04
  1.4683E+03  1.1472E-03  8.2348E-04
  1.4694E+03  1.1510E-03  8.2456E-04
  1.4706E+03  1.1549E-03  8.2564E-04
  1.4717E+03  1.1589E-03  8.2670E-04
  1.4728E+03  1.1628E-03  8.2777E-04
  1.4739E+03  1.1668E-03  8.2882E-04
  1.4750E+03  1.1708E-03  8.2987E-04
  1.4762E+03  1.1748E-03  8.3090E-04
  1.4773E+03  1.1789E-03  8.3193E-04
  1.4784E+03  1.1829E-03  8.3295E-04
  1.4795E+03  1.1870E-03  8.3396E-04
  1.4806E+03  1.1911E-03  8.3496E-04
  1.4818E+03  1.1952E-03  8.3595E-04
  1.4829E+03  1.1993E-03  8.3692E-04
  1.4840E+03  1.2034E-03  8.3789E-04
  1.4851E+03  1.2075E-03  8.3884E-04
  1.4862E+03  1.2117E-03  8.3978E-04
  1.4874E+03  1.2158E-03  8.4071E-04
  1.4885E+03  1.2199E-03  8.4162E-04
  1.4896E+03  1.2240E-03  8.4251E-04
  1.4907E+03  1.2280E-03  8.4340E-04
  1.4918E+03  1.2321E-03  8.4427E-04
  1.4930E+03  1.2362E-03  8.4512E-04
  1.4941E+03  1.2402E-03  8.4596E-04
  1.4952E+03  1.2442E-03  8.4678E-04
  1.4963E+03  1.2482E-03  8.4759E-04
  1.4974E+03  1.2522E-03  8.4837E-04
  1.4986E+03  1.2561E-03  8.4915E-04
  1.4997E+03  1.2600E-03  8.4990E-04
  1.5000E+03  1.2611E-03  8.5012E-04
