# CREATED BY GENE DIAGNOSTICS TOOL on Tue Mar 16 12:42:31 2021
# diag: timetrace, run(s): 0007, time window: 0-300(1975 steps), species: ions
# original data path: /ptmp/cmor/HP_GAM_scans/LHD_s0.25_alpha-0_npol1_nz0256/
# normalization: L_ref=1.65m
#
#  t          Re[phi]     Im[phi]   
  0.0000E+00  9.9994E-01  0.0000E+00
  1.5200E-01  9.9560E-01  1.1838E-03
  3.0400E-01  9.8321E-01  2.3536E-03
  4.5600E-01  9.6448E-01  3.4931E-03
  6.0800E-01  9.4159E-01  4.5868E-03
  7.6000E-01  9.1670E-01  5.6234E-03
  9.1200E-01  8.9145E-01  6.5973E-03
  1.0640E+00  8.6677E-01  7.5077E-03
  1.2160E+00  8.4284E-01  8.3580E-03
  1.3680E+00  8.1928E-01  9.1534E-03
  1.5200E+00  7.9539E-01  9.8982E-03
  1.6720E+00  7.7043E-01  1.0594E-02
  1.8240E+00  7.4380E-01  1.1241E-02
  1.9760E+00  7.1512E-01  1.1833E-02
  2.1280E+00  6.8431E-01  1.2368E-02
  2.2800E+00  6.5149E-01  1.2838E-02
  2.4320E+00  6.1694E-01  1.3241E-02
  2.5840E+00  5.8102E-01  1.3571E-02
  2.7360E+00  5.4409E-01  1.3828E-02
  2.8880E+00  5.0648E-01  1.4009E-02
  3.0400E+00  4.6845E-01  1.4117E-02
  3.1920E+00  4.3021E-01  1.4150E-02
  3.3440E+00  3.9190E-01  1.4112E-02
  3.4960E+00  3.5361E-01  1.4003E-02
  3.6480E+00  3.1543E-01  1.3825E-02
  3.8000E+00  2.7743E-01  1.3578E-02
  3.9520E+00  2.3969E-01  1.3264E-02
  4.1040E+00  2.0228E-01  1.2885E-02
  4.2560E+00  1.6531E-01  1.2443E-02
  4.4080E+00  1.2888E-01  1.1938E-02
  4.5600E+00  9.3107E-02  1.1374E-02
  4.7120E+00  5.8102E-02  1.0753E-02
  4.8640E+00  2.3976E-02  1.0078E-02
  5.0160E+00 -9.1679E-03  9.3524E-03
  5.1680E+00 -4.1233E-02  8.5798E-03
  5.3200E+00 -7.2133E-02  7.7639E-03
  5.4720E+00 -1.0179E-01  6.9086E-03
  5.6240E+00 -1.3014E-01  6.0181E-03
  5.7760E+00 -1.5713E-01  5.0963E-03
  5.9280E+00 -1.8270E-01  4.1476E-03
  6.0800E+00 -2.0681E-01  3.1763E-03
  6.2320E+00 -2.2943E-01  2.1869E-03
  6.3840E+00 -2.5051E-01  1.1836E-03
  6.5360E+00 -2.7003E-01  1.7092E-04
  6.6880E+00 -2.8798E-01 -8.4665E-04
  6.8400E+00 -3.0432E-01 -1.8647E-03
  6.9920E+00 -3.1906E-01 -2.8787E-03
  7.1440E+00 -3.3219E-01 -3.8843E-03
  7.2960E+00 -3.4370E-01 -4.8774E-03
  7.4480E+00 -3.5361E-01 -5.8537E-03
  7.6000E+00 -3.6192E-01 -6.8092E-03
  7.7520E+00 -3.6864E-01 -7.7399E-03
  7.9040E+00 -3.7381E-01 -8.6421E-03
  8.0560E+00 -3.7744E-01 -9.5121E-03
  8.2080E+00 -3.7956E-01 -1.0346E-02
  8.3600E+00 -3.8021E-01 -1.1142E-02
  8.5120E+00 -3.7943E-01 -1.1896E-02
  8.6640E+00 -3.7725E-01 -1.2605E-02
  8.8160E+00 -3.7372E-01 -1.3266E-02
  8.9680E+00 -3.6888E-01 -1.3878E-02
  9.1200E+00 -3.6280E-01 -1.4438E-02
  9.2720E+00 -3.5551E-01 -1.4944E-02
  9.4240E+00 -3.4708E-01 -1.5394E-02
  9.5760E+00 -3.3757E-01 -1.5787E-02
  9.7280E+00 -3.2702E-01 -1.6121E-02
  9.8800E+00 -3.1551E-01 -1.6397E-02
  1.0032E+01 -3.0309E-01 -1.6612E-02
  1.0184E+01 -2.8983E-01 -1.6766E-02
  1.0336E+01 -2.7580E-01 -1.6860E-02
  1.0488E+01 -2.6106E-01 -1.6892E-02
  1.0640E+01 -2.4567E-01 -1.6864E-02
  1.0792E+01 -2.2971E-01 -1.6776E-02
  1.0944E+01 -2.1323E-01 -1.6628E-02
  1.1096E+01 -1.9631E-01 -1.6421E-02
  1.1248E+01 -1.7901E-01 -1.6157E-02
  1.1400E+01 -1.6139E-01 -1.5836E-02
  1.1552E+01 -1.4353E-01 -1.5461E-02
  1.1704E+01 -1.2548E-01 -1.5032E-02
  1.1856E+01 -1.0730E-01 -1.4553E-02
  1.2008E+01 -8.9068E-02 -1.4024E-02
  1.2160E+01 -7.0829E-02 -1.3448E-02
  1.2312E+01 -5.2646E-02 -1.2828E-02
  1.2464E+01 -3.4575E-02 -1.2165E-02
  1.2616E+01 -1.6669E-02 -1.1463E-02
  1.2768E+01  1.0180E-03 -1.0724E-02
  1.2920E+01  1.8437E-02 -9.9516E-03
  1.3072E+01  3.5540E-02 -9.1476E-03
  1.3224E+01  5.2281E-02 -8.3155E-03
  1.3376E+01  6.8618E-02 -7.4584E-03
  1.3528E+01  8.4511E-02 -6.5793E-03
  1.3680E+01  9.9920E-02 -5.6812E-03
  1.3832E+01  1.1481E-01 -4.7672E-03
  1.3984E+01  1.2915E-01 -3.8407E-03
  1.4136E+01  1.4292E-01 -2.9048E-03
  1.4288E+01  1.5607E-01 -1.9624E-03
  1.4440E+01  1.6860E-01 -1.0167E-03
  1.4592E+01  1.8047E-01 -7.0642E-05
  1.4744E+01  1.9167E-01  8.7268E-04
  1.4896E+01  2.0219E-01  1.8103E-03
  1.5048E+01  2.1201E-01  2.7392E-03
  1.5200E+01  2.2111E-01  3.6568E-03
  1.5352E+01  2.2950E-01  4.5604E-03
  1.5504E+01  2.3717E-01  5.4473E-03
  1.5656E+01  2.4412E-01  6.3152E-03
  1.5808E+01  2.5034E-01  7.1614E-03
  1.5960E+01  2.5584E-01  7.9838E-03
  1.6112E+01  2.6063E-01  8.7801E-03
  1.6264E+01  2.6470E-01  9.5485E-03
  1.6416E+01  2.6808E-01  1.0287E-02
  1.6568E+01  2.7077E-01  1.0994E-02
  1.6720E+01  2.7278E-01  1.1667E-02
  1.6872E+01  2.7413E-01  1.2306E-02
  1.7024E+01  2.7484E-01  1.2909E-02
  1.7176E+01  2.7493E-01  1.3474E-02
  1.7328E+01  2.7442E-01  1.4002E-02
  1.7480E+01  2.7332E-01  1.4490E-02
  1.7632E+01  2.7166E-01  1.4938E-02
  1.7784E+01  2.6947E-01  1.5346E-02
  1.7936E+01  2.6676E-01  1.5712E-02
  1.8088E+01  2.6357E-01  1.6038E-02
  1.8240E+01  2.5992E-01  1.6321E-02
  1.8392E+01  2.5584E-01  1.6564E-02
  1.8544E+01  2.5136E-01  1.6765E-02
  1.8696E+01  2.4650E-01  1.6925E-02
  1.8848E+01  2.4129E-01  1.7044E-02
  1.9000E+01  2.3576E-01  1.7123E-02
  1.9152E+01  2.2994E-01  1.7162E-02
  1.9304E+01  2.2386E-01  1.7162E-02
  1.9456E+01  2.1755E-01  1.7124E-02
  1.9608E+01  2.1103E-01  1.7048E-02
  1.9760E+01  2.0433E-01  1.6936E-02
  1.9912E+01  1.9748E-01  1.6789E-02
  2.0064E+01  1.9051E-01  1.6608E-02
  2.0216E+01  1.8344E-01  1.6394E-02
  2.0368E+01  1.7629E-01  1.6148E-02
  2.0520E+01  1.6910E-01  1.5872E-02
  2.0672E+01  1.6189E-01  1.5568E-02
  2.0824E+01  1.5467E-01  1.5236E-02
  2.0976E+01  1.4748E-01  1.4878E-02
  2.1128E+01  1.4033E-01  1.4496E-02
  2.1280E+01  1.3325E-01  1.4092E-02
  2.1432E+01  1.2625E-01  1.3666E-02
  2.1584E+01  1.1935E-01  1.3221E-02
  2.1736E+01  1.1257E-01  1.2758E-02
  2.1888E+01  1.0593E-01  1.2280E-02
  2.2040E+01  9.9436E-02  1.1787E-02
  2.2192E+01  9.3108E-02  1.1281E-02
  2.2344E+01  8.6956E-02  1.0764E-02
  2.2496E+01  8.0993E-02  1.0237E-02
  2.2648E+01  7.5229E-02  9.7018E-03
  2.2800E+01  6.9673E-02  9.1602E-03
  2.2952E+01  6.4334E-02  8.6136E-03
  2.3104E+01  5.9218E-02  8.0637E-03
  2.3256E+01  5.4332E-02  7.5120E-03
  2.3408E+01  4.9681E-02  6.9599E-03
  2.3560E+01  4.5267E-02  6.4088E-03
  2.3712E+01  4.1095E-02  5.8601E-03
  2.3864E+01  3.7164E-02  5.3149E-03
  2.4016E+01  3.3477E-02  4.7745E-03
  2.4168E+01  3.0032E-02  4.2400E-03
  2.4320E+01  2.6831E-02  3.7125E-03
  2.4472E+01  2.3869E-02  3.1932E-03
  2.4624E+01  2.1146E-02  2.6830E-03
  2.4776E+01  1.8657E-02  2.1830E-03
  2.4928E+01  1.6399E-02  1.6939E-03
  2.5080E+01  1.4366E-02  1.2167E-03
  2.5232E+01  1.2552E-02  7.5212E-04
  2.5384E+01  1.0953E-02  3.0088E-04
  2.5536E+01  9.5605E-03 -1.3630E-04
  2.5688E+01  8.3681E-03 -5.5884E-04
  2.5840E+01  7.3685E-03 -9.6624E-04
  2.5992E+01  6.5541E-03 -1.3581E-03
  2.6144E+01  5.9171E-03 -1.7339E-03
  2.6296E+01  5.4492E-03 -2.0933E-03
  2.6448E+01  5.1420E-03 -2.4360E-03
  2.6600E+01  4.9866E-03 -2.7619E-03
  2.6752E+01  4.9736E-03 -3.0708E-03
  2.6904E+01  5.0938E-03 -3.3625E-03
  2.7056E+01  5.3377E-03 -3.6371E-03
  2.7208E+01  5.6960E-03 -3.8943E-03
  2.7360E+01  6.1594E-03 -4.1343E-03
  2.7512E+01  6.7190E-03 -4.3569E-03
  2.7664E+01  7.3658E-03 -4.5624E-03
  2.7816E+01  8.0913E-03 -4.7508E-03
  2.7968E+01  8.8868E-03 -4.9223E-03
  2.8120E+01  9.7440E-03 -5.0769E-03
  2.8272E+01  1.0655E-02 -5.2150E-03
  2.8424E+01  1.1611E-02 -5.3367E-03
  2.8576E+01  1.2605E-02 -5.4423E-03
  2.8728E+01  1.3629E-02 -5.5324E-03
  2.8880E+01  1.4675E-02 -5.6071E-03
  2.9032E+01  1.5737E-02 -5.6669E-03
  2.9184E+01  1.6808E-02 -5.7121E-03
  2.9336E+01  1.7882E-02 -5.7432E-03
  2.9488E+01  1.8954E-02 -5.7604E-03
  2.9640E+01  2.0019E-02 -5.7642E-03
  2.9792E+01  2.1072E-02 -5.7549E-03
  2.9944E+01  2.2110E-02 -5.7329E-03
  3.0096E+01  2.3127E-02 -5.6986E-03
  3.0248E+01  2.4121E-02 -5.6525E-03
  3.0400E+01  2.5088E-02 -5.5949E-03
  3.0552E+01  2.6024E-02 -5.5265E-03
  3.0704E+01  2.6928E-02 -5.4476E-03
  3.0856E+01  2.7796E-02 -5.3587E-03
  3.1008E+01  2.8629E-02 -5.2602E-03
  3.1160E+01  2.9424E-02 -5.1526E-03
  3.1312E+01  3.0181E-02 -5.0361E-03
  3.1464E+01  3.0901E-02 -4.9112E-03
  3.1616E+01  3.1582E-02 -4.7782E-03
  3.1768E+01  3.2226E-02 -4.6375E-03
  3.1920E+01  3.2833E-02 -4.4894E-03
  3.2072E+01  3.3403E-02 -4.3343E-03
  3.2224E+01  3.3938E-02 -4.1726E-03
  3.2376E+01  3.4437E-02 -4.0048E-03
  3.2528E+01  3.4903E-02 -3.8312E-03
  3.2680E+01  3.5336E-02 -3.6522E-03
  3.2832E+01  3.5740E-02 -3.4682E-03
  3.2984E+01  3.6116E-02 -3.2794E-03
  3.3136E+01  3.6467E-02 -3.0862E-03
  3.3288E+01  3.6797E-02 -2.8888E-03
  3.3440E+01  3.7107E-02 -2.6873E-03
  3.3592E+01  3.7401E-02 -2.4820E-03
  3.3744E+01  3.7682E-02 -2.2730E-03
  3.3896E+01  3.7952E-02 -2.0607E-03
  3.4048E+01  3.8213E-02 -1.8451E-03
  3.4200E+01  3.8469E-02 -1.6266E-03
  3.4352E+01  3.8721E-02 -1.4054E-03
  3.4504E+01  3.8972E-02 -1.1818E-03
  3.4656E+01  3.9225E-02 -9.5612E-04
  3.4808E+01  3.9483E-02 -7.2858E-04
  3.4960E+01  3.9749E-02 -4.9942E-04
  3.5112E+01  4.0027E-02 -2.6882E-04
  3.5264E+01  4.0318E-02 -3.6898E-05
  3.5416E+01  4.0628E-02  1.9625E-04
  3.5568E+01  4.0957E-02  4.3049E-04
  3.5720E+01  4.1308E-02  6.6564E-04
  3.5872E+01  4.1683E-02  9.0151E-04
  3.6024E+01  4.2083E-02  1.1379E-03
  3.6176E+01  4.2509E-02  1.3746E-03
  3.6328E+01  4.2962E-02  1.6114E-03
  3.6480E+01  4.3442E-02  1.8481E-03
  3.6632E+01  4.3950E-02  2.0844E-03
  3.6784E+01  4.4487E-02  2.3201E-03
  3.6936E+01  4.5054E-02  2.5552E-03
  3.7088E+01  4.5652E-02  2.7893E-03
  3.7240E+01  4.6282E-02  3.0225E-03
  3.7392E+01  4.6944E-02  3.2545E-03
  3.7544E+01  4.7641E-02  3.4852E-03
  3.7696E+01  4.8371E-02  3.7143E-03
  3.7848E+01  4.9135E-02  3.9416E-03
  3.8000E+01  4.9931E-02  4.1667E-03
  3.8152E+01  5.0757E-02  4.3893E-03
  3.8304E+01  5.1613E-02  4.6092E-03
  3.8456E+01  5.2495E-02  4.8261E-03
  3.8608E+01  5.3402E-02  5.0396E-03
  3.8760E+01  5.4329E-02  5.2494E-03
  3.8912E+01  5.5275E-02  5.4553E-03
  3.9064E+01  5.6237E-02  5.6569E-03
  3.9216E+01  5.7212E-02  5.8540E-03
  3.9368E+01  5.8200E-02  6.0465E-03
  3.9520E+01  5.9199E-02  6.2341E-03
  3.9672E+01  6.0207E-02  6.4167E-03
  3.9824E+01  6.1222E-02  6.5940E-03
  3.9976E+01  6.2242E-02  6.7657E-03
  4.0128E+01  6.3266E-02  6.9316E-03
  4.0280E+01  6.4290E-02  7.0915E-03
  4.0432E+01  6.5313E-02  7.2449E-03
  4.0584E+01  6.6331E-02  7.3917E-03
  4.0736E+01  6.7339E-02  7.5313E-03
  4.0888E+01  6.8334E-02  7.6634E-03
  4.1040E+01  6.9312E-02  7.7878E-03
  4.1192E+01  7.0267E-02  7.9042E-03
  4.1344E+01  7.1197E-02  8.0123E-03
  4.1496E+01  7.2099E-02  8.1120E-03
  4.1648E+01  7.2968E-02  8.2030E-03
  4.1800E+01  7.3804E-02  8.2854E-03
  4.1952E+01  7.4603E-02  8.3590E-03
  4.2104E+01  7.5364E-02  8.4237E-03
  4.2256E+01  7.6085E-02  8.4794E-03
  4.2408E+01  7.6766E-02  8.5261E-03
  4.2560E+01  7.7404E-02  8.5636E-03
  4.2712E+01  7.7999E-02  8.5919E-03
  4.2864E+01  7.8550E-02  8.6107E-03
  4.3016E+01  7.9055E-02  8.6200E-03
  4.3168E+01  7.9512E-02  8.6198E-03
  4.3320E+01  7.9918E-02  8.6098E-03
  4.3472E+01  8.0272E-02  8.5901E-03
  4.3624E+01  8.0572E-02  8.5607E-03
  4.3776E+01  8.0814E-02  8.5215E-03
  4.3928E+01  8.0999E-02  8.4727E-03
  4.4080E+01  8.1124E-02  8.4143E-03
  4.4232E+01  8.1189E-02  8.3465E-03
  4.4384E+01  8.1192E-02  8.2694E-03
  4.4536E+01  8.1134E-02  8.1833E-03
  4.4688E+01  8.1015E-02  8.0883E-03
  4.4840E+01  8.0836E-02  7.9846E-03
  4.4992E+01  8.0599E-02  7.8725E-03
  4.5144E+01  8.0304E-02  7.7523E-03
  4.5296E+01  7.9955E-02  7.6242E-03
  4.5448E+01  7.9553E-02  7.4885E-03
  4.5600E+01  7.9099E-02  7.3455E-03
  4.5752E+01  7.8593E-02  7.1955E-03
  4.5904E+01  7.8038E-02  7.0388E-03
  4.6056E+01  7.7435E-02  6.8758E-03
  4.6208E+01  7.6784E-02  6.7065E-03
  4.6360E+01  7.6087E-02  6.5315E-03
  4.6512E+01  7.5345E-02  6.3508E-03
  4.6664E+01  7.4559E-02  6.1649E-03
  4.6816E+01  7.3731E-02  5.9741E-03
  4.6968E+01  7.2863E-02  5.7787E-03
  4.7120E+01  7.1956E-02  5.5793E-03
  4.7272E+01  7.1013E-02  5.3762E-03
  4.7424E+01  7.0035E-02  5.1699E-03
  4.7576E+01  6.9025E-02  4.9608E-03
  4.7728E+01  6.7987E-02  4.7494E-03
  4.7880E+01  6.6925E-02  4.5361E-03
  4.8032E+01  6.5840E-02  4.3212E-03
  4.8184E+01  6.4737E-02  4.1055E-03
  4.8336E+01  6.3619E-02  3.8892E-03
  4.8488E+01  6.2487E-02  3.6729E-03
  4.8640E+01  6.1346E-02  3.4572E-03
  4.8792E+01  6.0197E-02  3.2425E-03
  4.8944E+01  5.9043E-02  3.0293E-03
  4.9096E+01  5.7887E-02  2.8181E-03
  4.9248E+01  5.6730E-02  2.6092E-03
  4.9400E+01  5.5576E-02  2.4031E-03
  4.9552E+01  5.4427E-02  2.2000E-03
  4.9704E+01  5.3287E-02  2.0003E-03
  4.9856E+01  5.2156E-02  1.8044E-03
  5.0008E+01  5.1039E-02  1.6124E-03
  5.0160E+01  4.9936E-02  1.4248E-03
  5.0312E+01  4.8850E-02  1.2417E-03
  5.0464E+01  4.7783E-02  1.0636E-03
  5.0616E+01  4.6737E-02  8.9072E-04
  5.0768E+01  4.5715E-02  7.2329E-04
  5.0920E+01  4.4718E-02  5.6165E-04
  5.1072E+01  4.3750E-02  4.0615E-04
  5.1224E+01  4.2811E-02  2.5716E-04
  5.1376E+01  4.1904E-02  1.1501E-04
  5.1528E+01  4.1030E-02 -1.9994E-05
  5.1680E+01  4.0190E-02 -1.4757E-04
  5.1832E+01  3.9386E-02 -2.6748E-04
  5.1984E+01  3.8618E-02 -3.7947E-04
  5.2136E+01  3.7887E-02 -4.8336E-04
  5.2288E+01  3.7193E-02 -5.7898E-04
  5.2440E+01  3.6538E-02 -6.6619E-04
  5.2592E+01  3.5923E-02 -7.4491E-04
  5.2744E+01  3.5348E-02 -8.1506E-04
  5.2896E+01  3.4814E-02 -8.7654E-04
  5.3048E+01  3.4323E-02 -9.2928E-04
  5.3200E+01  3.3875E-02 -9.7327E-04
  5.3352E+01  3.3470E-02 -1.0086E-03
  5.3504E+01  3.3110E-02 -1.0354E-03
  5.3656E+01  3.2794E-02 -1.0537E-03
  5.3808E+01  3.2522E-02 -1.0638E-03
  5.3960E+01  3.2294E-02 -1.0656E-03
  5.4112E+01  3.2110E-02 -1.0592E-03
  5.4264E+01  3.1971E-02 -1.0448E-03
  5.4416E+01  3.1874E-02 -1.0224E-03
  5.4568E+01  3.1821E-02 -9.9206E-04
  5.4720E+01  3.1809E-02 -9.5394E-04
  5.4872E+01  3.1840E-02 -9.0804E-04
  5.5024E+01  3.1912E-02 -8.5442E-04
  5.5176E+01  3.2025E-02 -7.9315E-04
  5.5328E+01  3.2178E-02 -7.2441E-04
  5.5480E+01  3.2369E-02 -6.4839E-04
  5.5632E+01  3.2597E-02 -5.6529E-04
  5.5784E+01  3.2859E-02 -4.7528E-04
  5.5936E+01  3.3155E-02 -3.7850E-04
  5.6088E+01  3.3484E-02 -2.7512E-04
  5.6240E+01  3.3844E-02 -1.6533E-04
  5.6392E+01  3.4234E-02 -4.9439E-05
  5.6544E+01  3.4652E-02  7.2197E-05
  5.6696E+01  3.5095E-02  1.9918E-04
  5.6848E+01  3.5563E-02  3.3113E-04
  5.7000E+01  3.6055E-02  4.6774E-04
  5.7152E+01  3.6569E-02  6.0873E-04
  5.7304E+01  3.7106E-02  7.5379E-04
  5.7456E+01  3.7662E-02  9.0258E-04
  5.7608E+01  3.8237E-02  1.0546E-03
  5.7760E+01  3.8826E-02  1.2096E-03
  5.7912E+01  3.9430E-02  1.3669E-03
  5.8064E+01  4.0045E-02  1.5265E-03
  5.8216E+01  4.0673E-02  1.6880E-03
  5.8368E+01  4.1312E-02  1.8513E-03
  5.8520E+01  4.1961E-02  2.0161E-03
  5.8672E+01  4.2616E-02  2.1820E-03
  5.8824E+01  4.3276E-02  2.3486E-03
  5.8976E+01  4.3936E-02  2.5154E-03
  5.9128E+01  4.4596E-02  2.6821E-03
  5.9280E+01  4.5255E-02  2.8485E-03
  5.9432E+01  4.5914E-02  3.0144E-03
  5.9584E+01  4.6572E-02  3.1797E-03
  5.9736E+01  4.7228E-02  3.3439E-03
  5.9888E+01  4.7881E-02  3.5068E-03
  6.0040E+01  4.8525E-02  3.6677E-03
  6.0192E+01  4.9159E-02  3.8262E-03
  6.0344E+01  4.9780E-02  3.9818E-03
  6.0496E+01  5.0389E-02  4.1345E-03
  6.0648E+01  5.0986E-02  4.2842E-03
  6.0800E+01  5.1573E-02  4.4308E-03
  6.0952E+01  5.2149E-02  4.5743E-03
  6.1104E+01  5.2710E-02  4.7143E-03
  6.1256E+01  5.3253E-02  4.8502E-03
  6.1408E+01  5.3773E-02  4.9815E-03
  6.1560E+01  5.4268E-02  5.1080E-03
  6.1712E+01  5.4740E-02  5.2297E-03
  6.1864E+01  5.5193E-02  5.3466E-03
  6.2016E+01  5.5631E-02  5.4591E-03
  6.2168E+01  5.6058E-02  5.5672E-03
  6.2320E+01  5.6471E-02  5.6707E-03
  6.2472E+01  5.6868E-02  5.7693E-03
  6.2624E+01  5.7242E-02  5.8624E-03
  6.2776E+01  5.7590E-02  5.9496E-03
  6.2928E+01  5.7909E-02  6.0308E-03
  6.3080E+01  5.8200E-02  6.1061E-03
  6.3232E+01  5.8468E-02  6.1759E-03
  6.3384E+01  5.8717E-02  6.2405E-03
  6.3536E+01  5.8952E-02  6.3001E-03
  6.3688E+01  5.9172E-02  6.3545E-03
  6.3840E+01  5.9372E-02  6.4031E-03
  6.3992E+01  5.9546E-02  6.4454E-03
  6.4144E+01  5.9685E-02  6.4810E-03
  6.4296E+01  5.9788E-02  6.5097E-03
  6.4448E+01  5.9857E-02  6.5321E-03
  6.4600E+01  5.9900E-02  6.5491E-03
  6.4752E+01  5.9928E-02  6.5615E-03
  6.4904E+01  5.9950E-02  6.5698E-03
  6.5056E+01  5.9969E-02  6.5740E-03
  6.5208E+01  5.9983E-02  6.5734E-03
  6.5360E+01  5.9986E-02  6.5675E-03
  6.5512E+01  5.9968E-02  6.5559E-03
  6.5664E+01  5.9922E-02  6.5385E-03
  6.5816E+01  5.9846E-02  6.5158E-03
  6.5968E+01  5.9743E-02  6.4885E-03
  6.6120E+01  5.9618E-02  6.4574E-03
  6.6272E+01  5.9482E-02  6.4232E-03
  6.6424E+01  5.9341E-02  6.3862E-03
  6.6576E+01  5.9200E-02  6.3463E-03
  6.6728E+01  5.9059E-02  6.3032E-03
  6.6880E+01  5.8912E-02  6.2563E-03
  6.7032E+01  5.8752E-02  6.2051E-03
  6.7184E+01  5.8570E-02  6.1494E-03
  6.7336E+01  5.8364E-02  6.0895E-03
  6.7488E+01  5.8132E-02  6.0261E-03
  6.7640E+01  5.7883E-02  5.9600E-03
  6.7792E+01  5.7624E-02  5.8921E-03
  6.7944E+01  5.7365E-02  5.8231E-03
  6.8096E+01  5.7114E-02  5.7529E-03
  6.8248E+01  5.6873E-02  5.6814E-03
  6.8400E+01  5.6640E-02  5.6082E-03
  6.8552E+01  5.6409E-02  5.5328E-03
  6.8704E+01  5.6174E-02  5.4553E-03
  6.8856E+01  5.5925E-02  5.3757E-03
  6.9008E+01  5.5657E-02  5.2942E-03
  6.9160E+01  5.5369E-02  5.2111E-03
  6.9312E+01  5.5062E-02  5.1268E-03
  6.9464E+01  5.4744E-02  5.0419E-03
  6.9616E+01  5.4425E-02  4.9571E-03
  6.9768E+01  5.4112E-02  4.8732E-03
  6.9920E+01  5.3813E-02  4.7907E-03
  7.0072E+01  5.3526E-02  4.7099E-03
  7.0224E+01  5.3248E-02  4.6303E-03
  7.0376E+01  5.2969E-02  4.5509E-03
  7.0528E+01  5.2682E-02  4.4708E-03
  7.0680E+01  5.2383E-02  4.3891E-03
  7.0832E+01  5.2072E-02  4.3056E-03
  7.0984E+01  5.1758E-02  4.2212E-03
  7.1136E+01  5.1450E-02  4.1371E-03
  7.1288E+01  5.1160E-02  4.0550E-03
  7.1440E+01  5.0893E-02  3.9760E-03
  7.1592E+01  5.0648E-02  3.9007E-03
  7.1744E+01  5.0421E-02  3.8287E-03
  7.1896E+01  5.0200E-02  3.7591E-03
  7.2048E+01  4.9978E-02  3.6906E-03
  7.2200E+01  4.9746E-02  3.6220E-03
  7.2352E+01  4.9504E-02  3.5528E-03
  7.2504E+01  4.9253E-02  3.4828E-03
  7.2656E+01  4.9002E-02  3.4126E-03
  7.2808E+01  4.8759E-02  3.3433E-03
  7.2960E+01  4.8531E-02  3.2763E-03
  7.3112E+01  4.8323E-02  3.2128E-03
  7.3264E+01  4.8136E-02  3.1540E-03
  7.3416E+01  4.7965E-02  3.1005E-03
  7.3568E+01  4.7798E-02  3.0520E-03
  7.3720E+01  4.7624E-02  3.0076E-03
  7.3872E+01  4.7431E-02  2.9659E-03
  7.4024E+01  4.7211E-02  2.9252E-03
  7.4176E+01  4.6961E-02  2.8842E-03
  7.4328E+01  4.6690E-02  2.8420E-03
  7.4480E+01  4.6415E-02  2.7989E-03
  7.4632E+01  4.6155E-02  2.7561E-03
  7.4784E+01  4.5934E-02  2.7155E-03
  7.4936E+01  4.5769E-02  2.6793E-03
  7.5088E+01  4.5670E-02  2.6492E-03
  7.5240E+01  4.5632E-02  2.6261E-03
  7.5392E+01  4.5640E-02  2.6100E-03
  7.5544E+01  4.5672E-02  2.5997E-03
  7.5696E+01  4.5699E-02  2.5932E-03
  7.5848E+01  4.5697E-02  2.5888E-03
  7.6000E+01  4.5648E-02  2.5847E-03
  7.6152E+01  4.5544E-02  2.5799E-03
  7.6304E+01  4.5390E-02  2.5739E-03
  7.6456E+01  4.5197E-02  2.5673E-03
  7.6608E+01  4.4985E-02  2.5605E-03
  7.6760E+01  4.4775E-02  2.5548E-03
  7.6912E+01  4.4588E-02  2.5513E-03
  7.7064E+01  4.4441E-02  2.5509E-03
  7.7216E+01  4.4347E-02  2.5549E-03
  7.7368E+01  4.4311E-02  2.5639E-03
  7.7520E+01  4.4331E-02  2.5785E-03
  7.7672E+01  4.4395E-02  2.5984E-03
  7.7824E+01  4.4489E-02  2.6229E-03
  7.7976E+01  4.4592E-02  2.6506E-03
  7.8128E+01  4.4685E-02  2.6798E-03
  7.8280E+01  4.4752E-02  2.7093E-03
  7.8432E+01  4.4786E-02  2.7381E-03
  7.8584E+01  4.4789E-02  2.7663E-03
  7.8736E+01  4.4769E-02  2.7947E-03
  7.8888E+01  4.4744E-02  2.8247E-03
  7.9040E+01  4.4729E-02  2.8578E-03
  7.9192E+01  4.4738E-02  2.8949E-03
  7.9344E+01  4.4780E-02  2.9366E-03
  7.9496E+01  4.4852E-02  2.9823E-03
  7.9648E+01  4.4948E-02  3.0310E-03
  7.9800E+01  4.5056E-02  3.0812E-03
  7.9952E+01  4.5162E-02  3.1316E-03
  8.0104E+01  4.5257E-02  3.1813E-03
  8.0256E+01  4.5333E-02  3.2300E-03
  8.0408E+01  4.5392E-02  3.2779E-03
  8.0560E+01  4.5435E-02  3.3255E-03
  8.0712E+01  4.5472E-02  3.3736E-03
  8.0864E+01  4.5509E-02  3.4229E-03
  8.1016E+01  4.5557E-02  3.4736E-03
  8.1168E+01  4.5619E-02  3.5261E-03
  8.1320E+01  4.5698E-02  3.5799E-03
  8.1472E+01  4.5796E-02  3.6349E-03
  8.1624E+01  4.5909E-02  3.6904E-03
  8.1776E+01  4.6034E-02  3.7460E-03
  8.1928E+01  4.6166E-02  3.8012E-03
  8.2080E+01  4.6300E-02  3.8559E-03
  8.2232E+01  4.6433E-02  3.9098E-03
  8.2384E+01  4.6562E-02  3.9631E-03
  8.2536E+01  4.6687E-02  4.0157E-03
  8.2688E+01  4.6806E-02  4.0676E-03
  8.2840E+01  4.6919E-02  4.1188E-03
  8.2992E+01  4.7028E-02  4.1693E-03
  8.3144E+01  4.7134E-02  4.2191E-03
  8.3296E+01  4.7238E-02  4.2680E-03
  8.3448E+01  4.7341E-02  4.3163E-03
  8.3600E+01  4.7444E-02  4.3639E-03
  8.3752E+01  4.7549E-02  4.4108E-03
  8.3904E+01  4.7655E-02  4.4570E-03
  8.4056E+01  4.7763E-02  4.5025E-03
  8.4208E+01  4.7870E-02  4.5472E-03
  8.4360E+01  4.7977E-02  4.5911E-03
  8.4512E+01  4.8082E-02  4.6340E-03
  8.4664E+01  4.8185E-02  4.6759E-03
  8.4816E+01  4.8285E-02  4.7168E-03
  8.4968E+01  4.8382E-02  4.7566E-03
  8.5120E+01  4.8476E-02  4.7952E-03
  8.5272E+01  4.8568E-02  4.8326E-03
  8.5424E+01  4.8659E-02  4.8688E-03
  8.5576E+01  4.8748E-02  4.9037E-03
  8.5728E+01  4.8836E-02  4.9375E-03
  8.5880E+01  4.8923E-02  4.9700E-03
  8.6032E+01  4.9009E-02  5.0014E-03
  8.6184E+01  4.9095E-02  5.0316E-03
  8.6336E+01  4.9179E-02  5.0606E-03
  8.6488E+01  4.9262E-02  5.0884E-03
  8.6640E+01  4.9343E-02  5.1149E-03
  8.6792E+01  4.9422E-02  5.1403E-03
  8.6944E+01  4.9500E-02  5.1645E-03
  8.7096E+01  4.9574E-02  5.1875E-03
  8.7248E+01  4.9646E-02  5.2093E-03
  8.7400E+01  4.9716E-02  5.2299E-03
  8.7552E+01  4.9782E-02  5.2494E-03
  8.7704E+01  4.9844E-02  5.2675E-03
  8.7856E+01  4.9903E-02  5.2844E-03
  8.8008E+01  4.9957E-02  5.2999E-03
  8.8160E+01  5.0007E-02  5.3140E-03
  8.8312E+01  5.0053E-02  5.3268E-03
  8.8464E+01  5.0095E-02  5.3382E-03
  8.8616E+01  5.0132E-02  5.3483E-03
  8.8768E+01  5.0166E-02  5.3571E-03
  8.8920E+01  5.0197E-02  5.3646E-03
  8.9072E+01  5.0225E-02  5.3710E-03
  8.9224E+01  5.0250E-02  5.3761E-03
  8.9376E+01  5.0272E-02  5.3801E-03
  8.9528E+01  5.0290E-02  5.3828E-03
  8.9680E+01  5.0305E-02  5.3843E-03
  8.9832E+01  5.0316E-02  5.3845E-03
  8.9984E+01  5.0323E-02  5.3835E-03
  9.0136E+01  5.0327E-02  5.3811E-03
  9.0288E+01  5.0326E-02  5.3775E-03
  9.0440E+01  5.0322E-02  5.3726E-03
  9.0592E+01  5.0315E-02  5.3666E-03
  9.0744E+01  5.0304E-02  5.3593E-03
  9.0896E+01  5.0291E-02  5.3509E-03
  9.1048E+01  5.0275E-02  5.3414E-03
  9.1200E+01  5.0257E-02  5.3308E-03
  9.1352E+01  5.0237E-02  5.3192E-03
  9.1504E+01  5.0215E-02  5.3066E-03
  9.1656E+01  5.0190E-02  5.2930E-03
  9.1808E+01  5.0162E-02  5.2783E-03
  9.1960E+01  5.0132E-02  5.2628E-03
  9.2112E+01  5.0099E-02  5.2463E-03
  9.2264E+01  5.0062E-02  5.2288E-03
  9.2416E+01  5.0022E-02  5.2105E-03
  9.2568E+01  4.9978E-02  5.1914E-03
  9.2720E+01  4.9931E-02  5.1714E-03
  9.2872E+01  4.9880E-02  5.1507E-03
  9.3024E+01  4.9825E-02  5.1293E-03
  9.3176E+01  4.9766E-02  5.1071E-03
  9.3328E+01  4.9703E-02  5.0843E-03
  9.3480E+01  4.9637E-02  5.0610E-03
  9.3632E+01  4.9566E-02  5.0370E-03
  9.3784E+01  4.9492E-02  5.0127E-03
  9.3936E+01  4.9415E-02  4.9878E-03
  9.4088E+01  4.9334E-02  4.9627E-03
  9.4240E+01  4.9250E-02  4.9372E-03
  9.4392E+01  4.9163E-02  4.9114E-03
  9.4544E+01  4.9074E-02  4.8855E-03
  9.4696E+01  4.8982E-02  4.8594E-03
  9.4848E+01  4.8888E-02  4.8332E-03
  9.5000E+01  4.8793E-02  4.8070E-03
  9.5152E+01  4.8696E-02  4.7809E-03
  9.5304E+01  4.8599E-02  4.7548E-03
  9.5456E+01  4.8501E-02  4.7288E-03
  9.5608E+01  4.8403E-02  4.7030E-03
  9.5760E+01  4.8305E-02  4.6775E-03
  9.5912E+01  4.8208E-02  4.6522E-03
  9.6064E+01  4.8112E-02  4.6273E-03
  9.6216E+01  4.8016E-02  4.6027E-03
  9.6368E+01  4.7922E-02  4.5786E-03
  9.6520E+01  4.7830E-02  4.5550E-03
  9.6672E+01  4.7740E-02  4.5319E-03
  9.6824E+01  4.7653E-02  4.5094E-03
  9.6976E+01  4.7567E-02  4.4876E-03
  9.7128E+01  4.7485E-02  4.4665E-03
  9.7280E+01  4.7406E-02  4.4461E-03
  9.7432E+01  4.7329E-02  4.4265E-03
  9.7584E+01  4.7256E-02  4.4077E-03
  9.7736E+01  4.7186E-02  4.3898E-03
  9.7888E+01  4.7120E-02  4.3728E-03
  9.8040E+01  4.7056E-02  4.3568E-03
  9.8192E+01  4.6996E-02  4.3417E-03
  9.8344E+01  4.6938E-02  4.3276E-03
  9.8496E+01  4.6883E-02  4.3146E-03
  9.8648E+01  4.6831E-02  4.3026E-03
  9.8800E+01  4.6781E-02  4.2916E-03
  9.8952E+01  4.6733E-02  4.2817E-03
  9.9104E+01  4.6687E-02  4.2727E-03
  9.9256E+01  4.6642E-02  4.2648E-03
  9.9408E+01  4.6599E-02  4.2580E-03
  9.9560E+01  4.6557E-02  4.2522E-03
  9.9712E+01  4.6516E-02  4.2474E-03
  9.9864E+01  4.6477E-02  4.2437E-03
  1.0002E+02  4.6438E-02  4.2409E-03
  1.0017E+02  4.6400E-02  4.2392E-03
  1.0032E+02  4.6363E-02  4.2385E-03
  1.0047E+02  4.6327E-02  4.2387E-03
  1.0062E+02  4.6291E-02  4.2398E-03
  1.0078E+02  4.6257E-02  4.2419E-03
  1.0093E+02  4.6225E-02  4.2447E-03
  1.0108E+02  4.6194E-02  4.2484E-03
  1.0123E+02  4.6164E-02  4.2529E-03
  1.0138E+02  4.6136E-02  4.2581E-03
  1.0154E+02  4.6110E-02  4.2639E-03
  1.0169E+02  4.6086E-02  4.2704E-03
  1.0184E+02  4.6064E-02  4.2776E-03
  1.0199E+02  4.6044E-02  4.2853E-03
  1.0214E+02  4.6027E-02  4.2936E-03
  1.0230E+02  4.6012E-02  4.3024E-03
  1.0245E+02  4.5998E-02  4.3117E-03
  1.0260E+02  4.5987E-02  4.3214E-03
  1.0275E+02  4.5979E-02  4.3315E-03
  1.0290E+02  4.5972E-02  4.3420E-03
  1.0306E+02  4.5968E-02  4.3529E-03
  1.0321E+02  4.5966E-02  4.3642E-03
  1.0336E+02  4.5967E-02  4.3760E-03
  1.0351E+02  4.5971E-02  4.3881E-03
  1.0366E+02  4.5978E-02  4.4008E-03
  1.0382E+02  4.5987E-02  4.4138E-03
  1.0397E+02  4.5999E-02  4.4274E-03
  1.0412E+02  4.6013E-02  4.4413E-03
  1.0427E+02  4.6031E-02  4.4558E-03
  1.0442E+02  4.6051E-02  4.4707E-03
  1.0458E+02  4.6074E-02  4.4861E-03
  1.0473E+02  4.6099E-02  4.5019E-03
  1.0488E+02  4.6127E-02  4.5182E-03
  1.0503E+02  4.6156E-02  4.5350E-03
  1.0518E+02  4.6188E-02  4.5523E-03
  1.0534E+02  4.6221E-02  4.5701E-03
  1.0549E+02  4.6256E-02  4.5884E-03
  1.0564E+02  4.6292E-02  4.6072E-03
  1.0579E+02  4.6330E-02  4.6266E-03
  1.0594E+02  4.6369E-02  4.6466E-03
  1.0610E+02  4.6408E-02  4.6671E-03
  1.0625E+02  4.6448E-02  4.6881E-03
  1.0640E+02  4.6489E-02  4.7097E-03
  1.0655E+02  4.6531E-02  4.7318E-03
  1.0670E+02  4.6572E-02  4.7544E-03
  1.0686E+02  4.6614E-02  4.7775E-03
  1.0701E+02  4.6657E-02  4.8010E-03
  1.0716E+02  4.6700E-02  4.8249E-03
  1.0731E+02  4.6743E-02  4.8491E-03
  1.0746E+02  4.6786E-02  4.8735E-03
  1.0762E+02  4.6830E-02  4.8981E-03
  1.0777E+02  4.6873E-02  4.9229E-03
  1.0792E+02  4.6916E-02  4.9477E-03
  1.0807E+02  4.6959E-02  4.9725E-03
  1.0822E+02  4.7002E-02  4.9973E-03
  1.0838E+02  4.7044E-02  5.0220E-03
  1.0853E+02  4.7086E-02  5.0465E-03
  1.0868E+02  4.7127E-02  5.0709E-03
  1.0883E+02  4.7168E-02  5.0951E-03
  1.0898E+02  4.7208E-02  5.1190E-03
  1.0914E+02  4.7248E-02  5.1426E-03
  1.0929E+02  4.7287E-02  5.1658E-03
  1.0944E+02  4.7326E-02  5.1887E-03
  1.0959E+02  4.7365E-02  5.2113E-03
  1.0974E+02  4.7404E-02  5.2334E-03
  1.0990E+02  4.7442E-02  5.2551E-03
  1.1005E+02  4.7480E-02  5.2764E-03
  1.1020E+02  4.7519E-02  5.2973E-03
  1.1035E+02  4.7557E-02  5.3177E-03
  1.1050E+02  4.7595E-02  5.3376E-03
  1.1066E+02  4.7633E-02  5.3571E-03
  1.1081E+02  4.7671E-02  5.3762E-03
  1.1096E+02  4.7710E-02  5.3947E-03
  1.1111E+02  4.7748E-02  5.4128E-03
  1.1126E+02  4.7786E-02  5.4304E-03
  1.1142E+02  4.7824E-02  5.4475E-03
  1.1157E+02  4.7862E-02  5.4641E-03
  1.1172E+02  4.7898E-02  5.4801E-03
  1.1187E+02  4.7934E-02  5.4955E-03
  1.1202E+02  4.7969E-02  5.5104E-03
  1.1218E+02  4.8002E-02  5.5248E-03
  1.1233E+02  4.8034E-02  5.5385E-03
  1.1248E+02  4.8065E-02  5.5517E-03
  1.1263E+02  4.8094E-02  5.5643E-03
  1.1278E+02  4.8120E-02  5.5763E-03
  1.1294E+02  4.8145E-02  5.5876E-03
  1.1309E+02  4.8167E-02  5.5983E-03
  1.1324E+02  4.8186E-02  5.6083E-03
  1.1339E+02  4.8203E-02  5.6175E-03
  1.1354E+02  4.8217E-02  5.6259E-03
  1.1370E+02  4.8228E-02  5.6335E-03
  1.1385E+02  4.8237E-02  5.6404E-03
  1.1400E+02  4.8242E-02  5.6465E-03
  1.1415E+02  4.8245E-02  5.6517E-03
  1.1430E+02  4.8244E-02  5.6560E-03
  1.1446E+02  4.8241E-02  5.6595E-03
  1.1461E+02  4.8234E-02  5.6621E-03
  1.1476E+02  4.8224E-02  5.6637E-03
  1.1491E+02  4.8211E-02  5.6645E-03
  1.1506E+02  4.8196E-02  5.6643E-03
  1.1522E+02  4.8178E-02  5.6633E-03
  1.1537E+02  4.8158E-02  5.6614E-03
  1.1552E+02  4.8136E-02  5.6586E-03
  1.1567E+02  4.8111E-02  5.6549E-03
  1.1582E+02  4.8084E-02  5.6503E-03
  1.1598E+02  4.8056E-02  5.6448E-03
  1.1613E+02  4.8025E-02  5.6385E-03
  1.1628E+02  4.7993E-02  5.6313E-03
  1.1643E+02  4.7960E-02  5.6235E-03
  1.1658E+02  4.7926E-02  5.6149E-03
  1.1674E+02  4.7890E-02  5.6057E-03
  1.1689E+02  4.7854E-02  5.5958E-03
  1.1704E+02  4.7818E-02  5.5855E-03
  1.1719E+02  4.7781E-02  5.5747E-03
  1.1734E+02  4.7744E-02  5.5636E-03
  1.1750E+02  4.7708E-02  5.5522E-03
  1.1765E+02  4.7671E-02  5.5406E-03
  1.1780E+02  4.7634E-02  5.5288E-03
  1.1795E+02  4.7598E-02  5.5170E-03
  1.1810E+02  4.7562E-02  5.5051E-03
  1.1826E+02  4.7526E-02  5.4933E-03
  1.1841E+02  4.7492E-02  5.4817E-03
  1.1856E+02  4.7458E-02  5.4704E-03
  1.1871E+02  4.7425E-02  5.4593E-03
  1.1886E+02  4.7393E-02  5.4485E-03
  1.1902E+02  4.7361E-02  5.4380E-03
  1.1917E+02  4.7329E-02  5.4278E-03
  1.1932E+02  4.7296E-02  5.4179E-03
  1.1947E+02  4.7264E-02  5.4082E-03
  1.1962E+02  4.7232E-02  5.3989E-03
  1.1978E+02  4.7201E-02  5.3899E-03
  1.1993E+02  4.7169E-02  5.3812E-03
  1.2008E+02  4.7138E-02  5.3726E-03
  1.2023E+02  4.7107E-02  5.3642E-03
  1.2038E+02  4.7076E-02  5.3560E-03
  1.2054E+02  4.7045E-02  5.3477E-03
  1.2069E+02  4.7013E-02  5.3396E-03
  1.2084E+02  4.6982E-02  5.3314E-03
  1.2099E+02  4.6950E-02  5.3232E-03
  1.2114E+02  4.6919E-02  5.3150E-03
  1.2130E+02  4.6887E-02  5.3068E-03
  1.2145E+02  4.6855E-02  5.2985E-03
  1.2160E+02  4.6823E-02  5.2902E-03
  1.2175E+02  4.6791E-02  5.2818E-03
  1.2190E+02  4.6759E-02  5.2734E-03
  1.2206E+02  4.6726E-02  5.2649E-03
  1.2221E+02  4.6694E-02  5.2564E-03
  1.2236E+02  4.6662E-02  5.2478E-03
  1.2251E+02  4.6629E-02  5.2393E-03
  1.2266E+02  4.6596E-02  5.2307E-03
  1.2282E+02  4.6563E-02  5.2220E-03
  1.2297E+02  4.6530E-02  5.2133E-03
  1.2312E+02  4.6496E-02  5.2045E-03
  1.2327E+02  4.6463E-02  5.1958E-03
  1.2342E+02  4.6431E-02  5.1873E-03
  1.2358E+02  4.6400E-02  5.1789E-03
  1.2373E+02  4.6371E-02  5.1709E-03
  1.2388E+02  4.6343E-02  5.1632E-03
  1.2403E+02  4.6316E-02  5.1558E-03
  1.2418E+02  4.6289E-02  5.1488E-03
  1.2434E+02  4.6264E-02  5.1422E-03
  1.2449E+02  4.6239E-02  5.1361E-03
  1.2464E+02  4.6216E-02  5.1307E-03
  1.2479E+02  4.6195E-02  5.1260E-03
  1.2494E+02  4.6176E-02  5.1222E-03
  1.2510E+02  4.6159E-02  5.1193E-03
  1.2525E+02  4.6144E-02  5.1174E-03
  1.2540E+02  4.6132E-02  5.1165E-03
  1.2555E+02  4.6122E-02  5.1165E-03
  1.2570E+02  4.6113E-02  5.1176E-03
  1.2586E+02  4.6106E-02  5.1197E-03
  1.2601E+02  4.6101E-02  5.1230E-03
  1.2616E+02  4.6098E-02  5.1273E-03
  1.2631E+02  4.6097E-02  5.1328E-03
  1.2646E+02  4.6097E-02  5.1395E-03
  1.2662E+02  4.6100E-02  5.1473E-03
  1.2677E+02  4.6105E-02  5.1562E-03
  1.2692E+02  4.6111E-02  5.1661E-03
  1.2707E+02  4.6120E-02  5.1769E-03
  1.2722E+02  4.6129E-02  5.1886E-03
  1.2738E+02  4.6140E-02  5.2011E-03
  1.2753E+02  4.6153E-02  5.2144E-03
  1.2768E+02  4.6167E-02  5.2285E-03
  1.2783E+02  4.6181E-02  5.2432E-03
  1.2798E+02  4.6197E-02  5.2585E-03
  1.2814E+02  4.6213E-02  5.2743E-03
  1.2829E+02  4.6230E-02  5.2905E-03
  1.2844E+02  4.6246E-02  5.3070E-03
  1.2859E+02  4.6261E-02  5.3238E-03
  1.2874E+02  4.6277E-02  5.3409E-03
  1.2890E+02  4.6294E-02  5.3584E-03
  1.2905E+02  4.6312E-02  5.3763E-03
  1.2920E+02  4.6330E-02  5.3945E-03
  1.2935E+02  4.6350E-02  5.4130E-03
  1.2950E+02  4.6369E-02  5.4317E-03
  1.2966E+02  4.6388E-02  5.4503E-03
  1.2981E+02  4.6406E-02  5.4689E-03
  1.2996E+02  4.6423E-02  5.4874E-03
  1.3011E+02  4.6438E-02  5.5058E-03
  1.3026E+02  4.6454E-02  5.5242E-03
  1.3042E+02  4.6469E-02  5.5427E-03
  1.3057E+02  4.6485E-02  5.5613E-03
  1.3072E+02  4.6502E-02  5.5800E-03
  1.3087E+02  4.6521E-02  5.5988E-03
  1.3102E+02  4.6541E-02  5.6176E-03
  1.3118E+02  4.6561E-02  5.6363E-03
  1.3133E+02  4.6581E-02  5.6550E-03
  1.3148E+02  4.6602E-02  5.6737E-03
  1.3163E+02  4.6623E-02  5.6923E-03
  1.3178E+02  4.6644E-02  5.7110E-03
  1.3194E+02  4.6665E-02  5.7298E-03
  1.3209E+02  4.6688E-02  5.7488E-03
  1.3224E+02  4.6711E-02  5.7678E-03
  1.3239E+02  4.6735E-02  5.7870E-03
  1.3254E+02  4.6760E-02  5.8063E-03
  1.3270E+02  4.6785E-02  5.8256E-03
  1.3285E+02  4.6812E-02  5.8449E-03
  1.3300E+02  4.6838E-02  5.8642E-03
  1.3315E+02  4.6865E-02  5.8834E-03
  1.3330E+02  4.6892E-02  5.9026E-03
  1.3346E+02  4.6919E-02  5.9216E-03
  1.3361E+02  4.6947E-02  5.9405E-03
  1.3376E+02  4.6975E-02  5.9592E-03
  1.3391E+02  4.7003E-02  5.9776E-03
  1.3406E+02  4.7032E-02  5.9957E-03
  1.3422E+02  4.7060E-02  6.0134E-03
  1.3437E+02  4.7088E-02  6.0305E-03
  1.3452E+02  4.7115E-02  6.0469E-03
  1.3467E+02  4.7142E-02  6.0627E-03
  1.3482E+02  4.7169E-02  6.0777E-03
  1.3498E+02  4.7195E-02  6.0920E-03
  1.3513E+02  4.7221E-02  6.1055E-03
  1.3528E+02  4.7247E-02  6.1182E-03
  1.3543E+02  4.7273E-02  6.1301E-03
  1.3558E+02  4.7299E-02  6.1409E-03
  1.3574E+02  4.7323E-02  6.1507E-03
  1.3589E+02  4.7345E-02  6.1593E-03
  1.3604E+02  4.7365E-02  6.1667E-03
  1.3619E+02  4.7382E-02  6.1730E-03
  1.3634E+02  4.7397E-02  6.1782E-03
  1.3650E+02  4.7408E-02  6.1824E-03
  1.3665E+02  4.7417E-02  6.1855E-03
  1.3680E+02  4.7423E-02  6.1878E-03
  1.3695E+02  4.7426E-02  6.1891E-03
  1.3710E+02  4.7426E-02  6.1896E-03
  1.3726E+02  4.7423E-02  6.1891E-03
  1.3741E+02  4.7416E-02  6.1878E-03
  1.3756E+02  4.7406E-02  6.1856E-03
  1.3771E+02  4.7391E-02  6.1826E-03
  1.3786E+02  4.7371E-02  6.1788E-03
  1.3802E+02  4.7346E-02  6.1743E-03
  1.3817E+02  4.7317E-02  6.1691E-03
  1.3832E+02  4.7282E-02  6.1633E-03
  1.3847E+02  4.7244E-02  6.1571E-03
  1.3862E+02  4.7201E-02  6.1504E-03
  1.3878E+02  4.7154E-02  6.1435E-03
  1.3893E+02  4.7104E-02  6.1362E-03
  1.3908E+02  4.7051E-02  6.1288E-03
  1.3923E+02  4.6996E-02  6.1213E-03
  1.3938E+02  4.6938E-02  6.1138E-03
  1.3954E+02  4.6878E-02  6.1064E-03
  1.3969E+02  4.6816E-02  6.0990E-03
  1.3984E+02  4.6753E-02  6.0918E-03
  1.3999E+02  4.6689E-02  6.0847E-03
  1.4014E+02  4.6625E-02  6.0779E-03
  1.4030E+02  4.6561E-02  6.0715E-03
  1.4045E+02  4.6500E-02  6.0655E-03
  1.4060E+02  4.6440E-02  6.0601E-03
  1.4075E+02  4.6382E-02  6.0552E-03
  1.4090E+02  4.6327E-02  6.0507E-03
  1.4106E+02  4.6275E-02  6.0466E-03
  1.4121E+02  4.6225E-02  6.0427E-03
  1.4136E+02  4.6178E-02  6.0389E-03
  1.4151E+02  4.6135E-02  6.0354E-03
  1.4166E+02  4.6097E-02  6.0320E-03
  1.4182E+02  4.6064E-02  6.0289E-03
  1.4197E+02  4.6036E-02  6.0261E-03
  1.4212E+02  4.6015E-02  6.0237E-03
  1.4227E+02  4.5999E-02  6.0213E-03
  1.4242E+02  4.5988E-02  6.0190E-03
  1.4258E+02  4.5981E-02  6.0164E-03
  1.4273E+02  4.5979E-02  6.0134E-03
  1.4288E+02  4.5982E-02  6.0099E-03
  1.4303E+02  4.5989E-02  6.0059E-03
  1.4318E+02  4.6000E-02  6.0013E-03
  1.4334E+02  4.6017E-02  5.9963E-03
  1.4349E+02  4.6040E-02  5.9909E-03
  1.4364E+02  4.6068E-02  5.9851E-03
  1.4379E+02  4.6100E-02  5.9789E-03
  1.4394E+02  4.6137E-02  5.9723E-03
  1.4410E+02  4.6177E-02  5.9651E-03
  1.4425E+02  4.6220E-02  5.9574E-03
  1.4440E+02  4.6264E-02  5.9491E-03
  1.4455E+02  4.6310E-02  5.9402E-03
  1.4470E+02  4.6357E-02  5.9309E-03
  1.4486E+02  4.6404E-02  5.9211E-03
  1.4501E+02  4.6451E-02  5.9111E-03
  1.4516E+02  4.6498E-02  5.9009E-03
  1.4531E+02  4.6544E-02  5.8907E-03
  1.4546E+02  4.6589E-02  5.8805E-03
  1.4562E+02  4.6631E-02  5.8703E-03
  1.4577E+02  4.6669E-02  5.8604E-03
  1.4592E+02  4.6704E-02  5.8505E-03
  1.4607E+02  4.6733E-02  5.8409E-03
  1.4622E+02  4.6757E-02  5.8316E-03
  1.4638E+02  4.6774E-02  5.8226E-03
  1.4653E+02  4.6786E-02  5.8141E-03
  1.4668E+02  4.6790E-02  5.8062E-03
  1.4683E+02  4.6788E-02  5.7990E-03
  1.4698E+02  4.6778E-02  5.7925E-03
  1.4714E+02  4.6762E-02  5.7870E-03
  1.4729E+02  4.6738E-02  5.7826E-03
  1.4744E+02  4.6707E-02  5.7792E-03
  1.4759E+02  4.6669E-02  5.7770E-03
  1.4774E+02  4.6623E-02  5.7760E-03
  1.4790E+02  4.6569E-02  5.7763E-03
  1.4805E+02  4.6508E-02  5.7779E-03
  1.4820E+02  4.6439E-02  5.7807E-03
  1.4835E+02  4.6364E-02  5.7847E-03
  1.4850E+02  4.6283E-02  5.7899E-03
  1.4866E+02  4.6198E-02  5.7964E-03
  1.4881E+02  4.6108E-02  5.8042E-03
  1.4896E+02  4.6017E-02  5.8136E-03
  1.4911E+02  4.5926E-02  5.8247E-03
  1.4926E+02  4.5834E-02  5.8375E-03
  1.4942E+02  4.5744E-02  5.8520E-03
  1.4957E+02  4.5654E-02  5.8681E-03
  1.4972E+02  4.5565E-02  5.8856E-03
  1.4987E+02  4.5476E-02  5.9043E-03
  1.5002E+02  4.5389E-02  5.9239E-03
  1.5018E+02  4.5302E-02  5.9442E-03
  1.5033E+02  4.5217E-02  5.9651E-03
  1.5048E+02  4.5137E-02  5.9867E-03
  1.5063E+02  4.5061E-02  6.0088E-03
  1.5078E+02  4.4993E-02  6.0316E-03
  1.5094E+02  4.4933E-02  6.0551E-03
  1.5109E+02  4.4884E-02  6.0793E-03
  1.5124E+02  4.4845E-02  6.1042E-03
  1.5139E+02  4.4818E-02  6.1295E-03
  1.5154E+02  4.4801E-02  6.1550E-03
  1.5170E+02  4.4794E-02  6.1805E-03
  1.5185E+02  4.4797E-02  6.2058E-03
  1.5200E+02  4.4808E-02  6.2305E-03
  1.5215E+02  4.4826E-02  6.2546E-03
  1.5230E+02  4.4853E-02  6.2779E-03
  1.5246E+02  4.4888E-02  6.3003E-03
  1.5261E+02  4.4930E-02  6.3217E-03
  1.5276E+02  4.4981E-02  6.3423E-03
  1.5291E+02  4.5039E-02  6.3620E-03
  1.5306E+02  4.5107E-02  6.3807E-03
  1.5322E+02  4.5182E-02  6.3986E-03
  1.5337E+02  4.5265E-02  6.4155E-03
  1.5352E+02  4.5355E-02  6.4314E-03
  1.5367E+02  4.5452E-02  6.4464E-03
  1.5382E+02  4.5554E-02  6.4602E-03
  1.5398E+02  4.5661E-02  6.4729E-03
  1.5413E+02  4.5771E-02  6.4846E-03
  1.5428E+02  4.5884E-02  6.4951E-03
  1.5443E+02  4.6000E-02  6.5045E-03
  1.5458E+02  4.6117E-02  6.5128E-03
  1.5474E+02  4.6235E-02  6.5202E-03
  1.5489E+02  4.6353E-02  6.5266E-03
  1.5504E+02  4.6470E-02  6.5321E-03
  1.5519E+02  4.6585E-02  6.5367E-03
  1.5534E+02  4.6699E-02  6.5405E-03
  1.5550E+02  4.6809E-02  6.5435E-03
  1.5565E+02  4.6917E-02  6.5459E-03
  1.5580E+02  4.7020E-02  6.5477E-03
  1.5595E+02  4.7119E-02  6.5491E-03
  1.5610E+02  4.7212E-02  6.5502E-03
  1.5626E+02  4.7299E-02  6.5511E-03
  1.5641E+02  4.7379E-02  6.5516E-03
  1.5656E+02  4.7450E-02  6.5519E-03
  1.5671E+02  4.7513E-02  6.5519E-03
  1.5686E+02  4.7567E-02  6.5516E-03
  1.5702E+02  4.7611E-02  6.5513E-03
  1.5717E+02  4.7645E-02  6.5509E-03
  1.5732E+02  4.7671E-02  6.5507E-03
  1.5747E+02  4.7687E-02  6.5509E-03
  1.5762E+02  4.7693E-02  6.5515E-03
  1.5778E+02  4.7690E-02  6.5525E-03
  1.5793E+02  4.7677E-02  6.5538E-03
  1.5808E+02  4.7652E-02  6.5555E-03
  1.5823E+02  4.7617E-02  6.5574E-03
  1.5838E+02  4.7569E-02  6.5594E-03
  1.5854E+02  4.7510E-02  6.5616E-03
  1.5869E+02  4.7440E-02  6.5639E-03
  1.5884E+02  4.7358E-02  6.5664E-03
  1.5899E+02  4.7267E-02  6.5692E-03
  1.5914E+02  4.7167E-02  6.5724E-03
  1.5930E+02  4.7059E-02  6.5761E-03
  1.5945E+02  4.6943E-02  6.5802E-03
  1.5960E+02  4.6822E-02  6.5846E-03
  1.5975E+02  4.6695E-02  6.5895E-03
  1.5990E+02  4.6563E-02  6.5945E-03
  1.6006E+02  4.6427E-02  6.5997E-03
  1.6021E+02  4.6287E-02  6.6049E-03
  1.6036E+02  4.6143E-02  6.6100E-03
  1.6051E+02  4.5997E-02  6.6150E-03
  1.6066E+02  4.5850E-02  6.6198E-03
  1.6082E+02  4.5702E-02  6.6243E-03
  1.6097E+02  4.5556E-02  6.6287E-03
  1.6112E+02  4.5411E-02  6.6328E-03
  1.6127E+02  4.5271E-02  6.6366E-03
  1.6142E+02  4.5134E-02  6.6400E-03
  1.6158E+02  4.5003E-02  6.6431E-03
  1.6173E+02  4.4878E-02  6.6456E-03
  1.6188E+02  4.4760E-02  6.6477E-03
  1.6203E+02  4.4650E-02  6.6492E-03
  1.6218E+02  4.4549E-02  6.6500E-03
  1.6234E+02  4.4456E-02  6.6501E-03
  1.6249E+02  4.4372E-02  6.6495E-03
  1.6264E+02  4.4297E-02  6.6482E-03
  1.6279E+02  4.4232E-02  6.6462E-03
  1.6294E+02  4.4177E-02  6.6434E-03
  1.6310E+02  4.4132E-02  6.6398E-03
  1.6325E+02  4.4097E-02  6.6355E-03
  1.6340E+02  4.4073E-02  6.6305E-03
  1.6355E+02  4.4059E-02  6.6248E-03
  1.6370E+02  4.4054E-02  6.6184E-03
  1.6386E+02  4.4060E-02  6.6114E-03
  1.6401E+02  4.4075E-02  6.6037E-03
  1.6416E+02  4.4099E-02  6.5953E-03
  1.6431E+02  4.4132E-02  6.5864E-03
  1.6446E+02  4.4174E-02  6.5770E-03
  1.6462E+02  4.4223E-02  6.5670E-03
  1.6477E+02  4.4280E-02  6.5566E-03
  1.6492E+02  4.4344E-02  6.5458E-03
  1.6507E+02  4.4414E-02  6.5348E-03
  1.6522E+02  4.4490E-02  6.5235E-03
  1.6538E+02  4.4572E-02  6.5121E-03
  1.6553E+02  4.4658E-02  6.5006E-03
  1.6568E+02  4.4749E-02  6.4892E-03
  1.6583E+02  4.4843E-02  6.4778E-03
  1.6598E+02  4.4940E-02  6.4666E-03
  1.6614E+02  4.5040E-02  6.4557E-03
  1.6629E+02  4.5142E-02  6.4451E-03
  1.6644E+02  4.5246E-02  6.4349E-03
  1.6659E+02  4.5350E-02  6.4253E-03
  1.6674E+02  4.5455E-02  6.4163E-03
  1.6690E+02  4.5559E-02  6.4079E-03
  1.6705E+02  4.5663E-02  6.4003E-03
  1.6720E+02  4.5766E-02  6.3935E-03
  1.6735E+02  4.5866E-02  6.3876E-03
  1.6750E+02  4.5964E-02  6.3825E-03
  1.6766E+02  4.6059E-02  6.3784E-03
  1.6781E+02  4.6150E-02  6.3752E-03
  1.6796E+02  4.6237E-02  6.3730E-03
  1.6811E+02  4.6319E-02  6.3719E-03
  1.6826E+02  4.6395E-02  6.3718E-03
  1.6842E+02  4.6465E-02  6.3729E-03
  1.6857E+02  4.6529E-02  6.3750E-03
  1.6872E+02  4.6585E-02  6.3782E-03
  1.6887E+02  4.6634E-02  6.3826E-03
  1.6902E+02  4.6674E-02  6.3881E-03
  1.6918E+02  4.6706E-02  6.3946E-03
  1.6933E+02  4.6728E-02  6.4023E-03
  1.6948E+02  4.6741E-02  6.4110E-03
  1.6963E+02  4.6743E-02  6.4208E-03
  1.6978E+02  4.6734E-02  6.4315E-03
  1.6994E+02  4.6715E-02  6.4432E-03
  1.7009E+02  4.6685E-02  6.4557E-03
  1.7024E+02  4.6644E-02  6.4691E-03
  1.7039E+02  4.6592E-02  6.4833E-03
  1.7054E+02  4.6528E-02  6.4982E-03
  1.7070E+02  4.6455E-02  6.5137E-03
  1.7085E+02  4.6371E-02  6.5299E-03
  1.7100E+02  4.6277E-02  6.5465E-03
  1.7115E+02  4.6174E-02  6.5636E-03
  1.7130E+02  4.6062E-02  6.5811E-03
  1.7146E+02  4.5943E-02  6.5988E-03
  1.7161E+02  4.5817E-02  6.6169E-03
  1.7176E+02  4.5685E-02  6.6351E-03
  1.7191E+02  4.5548E-02  6.6534E-03
  1.7206E+02  4.5408E-02  6.6717E-03
  1.7222E+02  4.5265E-02  6.6901E-03
  1.7237E+02  4.5121E-02  6.7083E-03
  1.7252E+02  4.4977E-02  6.7264E-03
  1.7267E+02  4.4834E-02  6.7443E-03
  1.7282E+02  4.4694E-02  6.7620E-03
  1.7298E+02  4.4558E-02  6.7794E-03
  1.7313E+02  4.4427E-02  6.7965E-03
  1.7328E+02  4.4302E-02  6.8132E-03
  1.7343E+02  4.4184E-02  6.8295E-03
  1.7358E+02  4.4073E-02  6.8454E-03
  1.7374E+02  4.3972E-02  6.8608E-03
  1.7389E+02  4.3881E-02  6.8758E-03
  1.7404E+02  4.3799E-02  6.8902E-03
  1.7419E+02  4.3729E-02  6.9042E-03
  1.7434E+02  4.3669E-02  6.9176E-03
  1.7450E+02  4.3620E-02  6.9304E-03
  1.7465E+02  4.3583E-02  6.9427E-03
  1.7480E+02  4.3557E-02  6.9544E-03
  1.7495E+02  4.3543E-02  6.9656E-03
  1.7510E+02  4.3539E-02  6.9762E-03
  1.7526E+02  4.3546E-02  6.9863E-03
  1.7541E+02  4.3564E-02  6.9958E-03
  1.7556E+02  4.3591E-02  7.0048E-03
  1.7571E+02  4.3627E-02  7.0134E-03
  1.7586E+02  4.3672E-02  7.0214E-03
  1.7602E+02  4.3726E-02  7.0289E-03
  1.7617E+02  4.3787E-02  7.0360E-03
  1.7632E+02  4.3854E-02  7.0427E-03
  1.7647E+02  4.3929E-02  7.0489E-03
  1.7662E+02  4.4008E-02  7.0548E-03
  1.7678E+02  4.4093E-02  7.0603E-03
  1.7693E+02  4.4183E-02  7.0654E-03
  1.7708E+02  4.4276E-02  7.0701E-03
  1.7723E+02  4.4373E-02  7.0746E-03
  1.7738E+02  4.4474E-02  7.0788E-03
  1.7754E+02  4.4576E-02  7.0827E-03
  1.7769E+02  4.4682E-02  7.0864E-03
  1.7784E+02  4.4789E-02  7.0898E-03
  1.7799E+02  4.4897E-02  7.0931E-03
  1.7814E+02  4.5007E-02  7.0961E-03
  1.7830E+02  4.5117E-02  7.0990E-03
  1.7845E+02  4.5228E-02  7.1017E-03
  1.7860E+02  4.5339E-02  7.1043E-03
  1.7875E+02  4.5449E-02  7.1068E-03
  1.7890E+02  4.5560E-02  7.1092E-03
  1.7906E+02  4.5669E-02  7.1115E-03
  1.7921E+02  4.5777E-02  7.1138E-03
  1.7936E+02  4.5883E-02  7.1160E-03
  1.7951E+02  4.5986E-02  7.1181E-03
  1.7966E+02  4.6086E-02  7.1201E-03
  1.7982E+02  4.6183E-02  7.1221E-03
  1.7997E+02  4.6276E-02  7.1239E-03
  1.8012E+02  4.6364E-02  7.1257E-03
  1.8027E+02  4.6446E-02  7.1273E-03
  1.8042E+02  4.6522E-02  7.1288E-03
  1.8058E+02  4.6591E-02  7.1302E-03
  1.8073E+02  4.6653E-02  7.1313E-03
  1.8088E+02  4.6707E-02  7.1324E-03
  1.8103E+02  4.6751E-02  7.1332E-03
  1.8118E+02  4.6786E-02  7.1338E-03
  1.8134E+02  4.6812E-02  7.1343E-03
  1.8149E+02  4.6827E-02  7.1344E-03
  1.8164E+02  4.6830E-02  7.1344E-03
  1.8179E+02  4.6823E-02  7.1340E-03
  1.8194E+02  4.6804E-02  7.1333E-03
  1.8210E+02  4.6773E-02  7.1323E-03
  1.8225E+02  4.6730E-02  7.1310E-03
  1.8240E+02  4.6676E-02  7.1293E-03
  1.8255E+02  4.6609E-02  7.1272E-03
  1.8270E+02  4.6531E-02  7.1248E-03
  1.8286E+02  4.6441E-02  7.1218E-03
  1.8301E+02  4.6341E-02  7.1185E-03
  1.8316E+02  4.6230E-02  7.1147E-03
  1.8331E+02  4.6110E-02  7.1104E-03
  1.8346E+02  4.5980E-02  7.1056E-03
  1.8362E+02  4.5842E-02  7.1004E-03
  1.8377E+02  4.5696E-02  7.0947E-03
  1.8392E+02  4.5543E-02  7.0885E-03
  1.8407E+02  4.5385E-02  7.0818E-03
  1.8422E+02  4.5222E-02  7.0747E-03
  1.8438E+02  4.5055E-02  7.0671E-03
  1.8453E+02  4.4885E-02  7.0591E-03
  1.8468E+02  4.4712E-02  7.0507E-03
  1.8483E+02  4.4539E-02  7.0420E-03
  1.8498E+02  4.4366E-02  7.0329E-03
  1.8514E+02  4.4194E-02  7.0236E-03
  1.8529E+02  4.4023E-02  7.0140E-03
  1.8544E+02  4.3855E-02  7.0043E-03
  1.8559E+02  4.3690E-02  6.9943E-03
  1.8574E+02  4.3528E-02  6.9843E-03
  1.8590E+02  4.3372E-02  6.9743E-03
  1.8605E+02  4.3221E-02  6.9643E-03
  1.8620E+02  4.3075E-02  6.9543E-03
  1.8635E+02  4.2936E-02  6.9445E-03
  1.8650E+02  4.2804E-02  6.9350E-03
  1.8666E+02  4.2679E-02  6.9257E-03
  1.8681E+02  4.2561E-02  6.9167E-03
  1.8696E+02  4.2452E-02  6.9081E-03
  1.8711E+02  4.2350E-02  6.8999E-03
  1.8726E+02  4.2257E-02  6.8921E-03
  1.8742E+02  4.2172E-02  6.8850E-03
  1.8757E+02  4.2096E-02  6.8784E-03
  1.8772E+02  4.2029E-02  6.8724E-03
  1.8787E+02  4.1972E-02  6.8671E-03
  1.8802E+02  4.1923E-02  6.8626E-03
  1.8818E+02  4.1884E-02  6.8588E-03
  1.8833E+02  4.1855E-02  6.8558E-03
  1.8848E+02  4.1835E-02  6.8537E-03
  1.8863E+02  4.1826E-02  6.8525E-03
  1.8878E+02  4.1826E-02  6.8521E-03
  1.8894E+02  4.1837E-02  6.8528E-03
  1.8909E+02  4.1858E-02  6.8544E-03
  1.8924E+02  4.1889E-02  6.8569E-03
  1.8939E+02  4.1930E-02  6.8606E-03
  1.8954E+02  4.1982E-02  6.8652E-03
  1.8970E+02  4.2044E-02  6.8709E-03
  1.8985E+02  4.2117E-02  6.8776E-03
  1.9000E+02  4.2199E-02  6.8853E-03
  1.9015E+02  4.2292E-02  6.8941E-03
  1.9030E+02  4.2394E-02  6.9039E-03
  1.9046E+02  4.2506E-02  6.9147E-03
  1.9061E+02  4.2627E-02  6.9265E-03
  1.9076E+02  4.2757E-02  6.9393E-03
  1.9091E+02  4.2896E-02  6.9530E-03
  1.9106E+02  4.3042E-02  6.9677E-03
  1.9122E+02  4.3195E-02  6.9832E-03
  1.9137E+02  4.3355E-02  6.9996E-03
  1.9152E+02  4.3521E-02  7.0169E-03
  1.9167E+02  4.3692E-02  7.0349E-03
  1.9182E+02  4.3868E-02  7.0537E-03
  1.9198E+02  4.4047E-02  7.0732E-03
  1.9213E+02  4.4228E-02  7.0934E-03
  1.9228E+02  4.4410E-02  7.1142E-03
  1.9243E+02  4.4593E-02  7.1355E-03
  1.9258E+02  4.4776E-02  7.1574E-03
  1.9274E+02  4.4956E-02  7.1798E-03
  1.9289E+02  4.5133E-02  7.2025E-03
  1.9304E+02  4.5307E-02  7.2256E-03
  1.9319E+02  4.5475E-02  7.2489E-03
  1.9334E+02  4.5637E-02  7.2725E-03
  1.9350E+02  4.5792E-02  7.2962E-03
  1.9365E+02  4.5938E-02  7.3199E-03
  1.9380E+02  4.6075E-02  7.3436E-03
  1.9395E+02  4.6201E-02  7.3671E-03
  1.9410E+02  4.6317E-02  7.3905E-03
  1.9426E+02  4.6420E-02  7.4135E-03
  1.9441E+02  4.6511E-02  7.4363E-03
  1.9456E+02  4.6588E-02  7.4586E-03
  1.9471E+02  4.6652E-02  7.4804E-03
  1.9486E+02  4.6702E-02  7.5017E-03
  1.9502E+02  4.6738E-02  7.5224E-03
  1.9517E+02  4.6760E-02  7.5424E-03
  1.9532E+02  4.6767E-02  7.5616E-03
  1.9547E+02  4.6760E-02  7.5800E-03
  1.9562E+02  4.6739E-02  7.5974E-03
  1.9578E+02  4.6705E-02  7.6140E-03
  1.9593E+02  4.6656E-02  7.6295E-03
  1.9608E+02  4.6596E-02  7.6440E-03
  1.9623E+02  4.6523E-02  7.6575E-03
  1.9638E+02  4.6438E-02  7.6699E-03
  1.9654E+02  4.6343E-02  7.6813E-03
  1.9669E+02  4.6239E-02  7.6915E-03
  1.9684E+02  4.6125E-02  7.7005E-03
  1.9699E+02  4.6004E-02  7.7084E-03
  1.9714E+02  4.5875E-02  7.7152E-03
  1.9730E+02  4.5740E-02  7.7209E-03
  1.9745E+02  4.5601E-02  7.7253E-03
  1.9760E+02  4.5456E-02  7.7287E-03
  1.9775E+02  4.5309E-02  7.7310E-03
  1.9790E+02  4.5159E-02  7.7321E-03
  1.9806E+02  4.5008E-02  7.7322E-03
  1.9821E+02  4.4855E-02  7.7313E-03
  1.9836E+02  4.4703E-02  7.7293E-03
  1.9851E+02  4.4551E-02  7.7263E-03
  1.9866E+02  4.4401E-02  7.7224E-03
  1.9882E+02  4.4252E-02  7.7176E-03
  1.9897E+02  4.4105E-02  7.7119E-03
  1.9912E+02  4.3962E-02  7.7053E-03
  1.9927E+02  4.3821E-02  7.6980E-03
  1.9942E+02  4.3684E-02  7.6900E-03
  1.9958E+02  4.3550E-02  7.6813E-03
  1.9973E+02  4.3421E-02  7.6720E-03
  1.9988E+02  4.3295E-02  7.6621E-03
  2.0003E+02  4.3174E-02  7.6517E-03
  2.0018E+02  4.3058E-02  7.6408E-03
  2.0034E+02  4.2946E-02  7.6296E-03
  2.0049E+02  4.2839E-02  7.6179E-03
  2.0064E+02  4.2737E-02  7.6060E-03
  2.0079E+02  4.2639E-02  7.5938E-03
  2.0094E+02  4.2547E-02  7.5813E-03
  2.0110E+02  4.2460E-02  7.5687E-03
  2.0125E+02  4.2379E-02  7.5559E-03
  2.0140E+02  4.2303E-02  7.5431E-03
  2.0155E+02  4.2232E-02  7.5301E-03
  2.0170E+02  4.2167E-02  7.5172E-03
  2.0186E+02  4.2108E-02  7.5042E-03
  2.0201E+02  4.2055E-02  7.4912E-03
  2.0216E+02  4.2009E-02  7.4784E-03
  2.0231E+02  4.1968E-02  7.4657E-03
  2.0246E+02  4.1935E-02  7.4531E-03
  2.0262E+02  4.1908E-02  7.4407E-03
  2.0277E+02  4.1888E-02  7.4285E-03
  2.0292E+02  4.1876E-02  7.4166E-03
  2.0307E+02  4.1870E-02  7.4050E-03
  2.0322E+02  4.1872E-02  7.3938E-03
  2.0338E+02  4.1880E-02  7.3829E-03
  2.0353E+02  4.1897E-02  7.3725E-03
  2.0368E+02  4.1920E-02  7.3625E-03
  2.0383E+02  4.1951E-02  7.3531E-03
  2.0398E+02  4.1989E-02  7.3442E-03
  2.0414E+02  4.2034E-02  7.3359E-03
  2.0429E+02  4.2085E-02  7.3282E-03
  2.0444E+02  4.2143E-02  7.3211E-03
  2.0459E+02  4.2208E-02  7.3148E-03
  2.0474E+02  4.2277E-02  7.3091E-03
  2.0490E+02  4.2352E-02  7.3041E-03
  2.0505E+02  4.2432E-02  7.2998E-03
  2.0520E+02  4.2515E-02  7.2963E-03
  2.0535E+02  4.2602E-02  7.2935E-03
  2.0550E+02  4.2693E-02  7.2916E-03
  2.0566E+02  4.2785E-02  7.2904E-03
  2.0581E+02  4.2880E-02  7.2900E-03
  2.0596E+02  4.2975E-02  7.2904E-03
  2.0611E+02  4.3072E-02  7.2917E-03
  2.0626E+02  4.3168E-02  7.2937E-03
  2.0642E+02  4.3263E-02  7.2966E-03
  2.0657E+02  4.3357E-02  7.3002E-03
  2.0672E+02  4.3449E-02  7.3046E-03
  2.0687E+02  4.3538E-02  7.3098E-03
  2.0702E+02  4.3625E-02  7.3158E-03
  2.0718E+02  4.3707E-02  7.3225E-03
  2.0733E+02  4.3786E-02  7.3299E-03
  2.0748E+02  4.3860E-02  7.3380E-03
  2.0763E+02  4.3930E-02  7.3468E-03
  2.0778E+02  4.3994E-02  7.3563E-03
  2.0794E+02  4.4053E-02  7.3664E-03
  2.0809E+02  4.4106E-02  7.3771E-03
  2.0824E+02  4.4154E-02  7.3884E-03
  2.0839E+02  4.4195E-02  7.4002E-03
  2.0854E+02  4.4230E-02  7.4125E-03
  2.0870E+02  4.4260E-02  7.4253E-03
  2.0885E+02  4.4283E-02  7.4384E-03
  2.0900E+02  4.4300E-02  7.4519E-03
  2.0915E+02  4.4311E-02  7.4658E-03
  2.0930E+02  4.4316E-02  7.4799E-03
  2.0946E+02  4.4316E-02  7.4943E-03
  2.0961E+02  4.4310E-02  7.5089E-03
  2.0976E+02  4.4299E-02  7.5236E-03
  2.0991E+02  4.4282E-02  7.5385E-03
  2.1006E+02  4.4261E-02  7.5534E-03
  2.1022E+02  4.4236E-02  7.5684E-03
  2.1037E+02  4.4206E-02  7.5834E-03
  2.1052E+02  4.4172E-02  7.5984E-03
  2.1067E+02  4.4134E-02  7.6132E-03
  2.1082E+02  4.4093E-02  7.6280E-03
  2.1098E+02  4.4049E-02  7.6426E-03
  2.1113E+02  4.4002E-02  7.6571E-03
  2.1128E+02  4.3953E-02  7.6714E-03
  2.1143E+02  4.3902E-02  7.6856E-03
  2.1158E+02  4.3848E-02  7.6995E-03
  2.1174E+02  4.3793E-02  7.7132E-03
  2.1189E+02  4.3737E-02  7.7267E-03
  2.1204E+02  4.3680E-02  7.7399E-03
  2.1219E+02  4.3621E-02  7.7528E-03
  2.1234E+02  4.3562E-02  7.7655E-03
  2.1250E+02  4.3503E-02  7.7779E-03
  2.1265E+02  4.3443E-02  7.7900E-03
  2.1280E+02  4.3383E-02  7.8018E-03
  2.1295E+02  4.3323E-02  7.8133E-03
  2.1310E+02  4.3264E-02  7.8245E-03
  2.1326E+02  4.3204E-02  7.8352E-03
  2.1341E+02  4.3144E-02  7.8456E-03
  2.1356E+02  4.3085E-02  7.8557E-03
  2.1371E+02  4.3026E-02  7.8653E-03
  2.1386E+02  4.2968E-02  7.8745E-03
  2.1402E+02  4.2911E-02  7.8832E-03
  2.1417E+02  4.2854E-02  7.8916E-03
  2.1432E+02  4.2797E-02  7.8995E-03
  2.1447E+02  4.2742E-02  7.9070E-03
  2.1462E+02  4.2688E-02  7.9141E-03
  2.1478E+02  4.2634E-02  7.9206E-03
  2.1493E+02  4.2582E-02  7.9267E-03
  2.1508E+02  4.2530E-02  7.9323E-03
  2.1523E+02  4.2480E-02  7.9375E-03
  2.1538E+02  4.2432E-02  7.9422E-03
  2.1554E+02  4.2386E-02  7.9465E-03
  2.1569E+02  4.2342E-02  7.9505E-03
  2.1584E+02  4.2300E-02  7.9540E-03
  2.1599E+02  4.2261E-02  7.9572E-03
  2.1614E+02  4.2225E-02  7.9600E-03
  2.1630E+02  4.2192E-02  7.9625E-03
  2.1645E+02  4.2164E-02  7.9648E-03
  2.1660E+02  4.2139E-02  7.9667E-03
  2.1675E+02  4.2118E-02  7.9684E-03
  2.1690E+02  4.2102E-02  7.9699E-03
  2.1706E+02  4.2091E-02  7.9711E-03
  2.1721E+02  4.2085E-02  7.9722E-03
  2.1736E+02  4.2085E-02  7.9732E-03
  2.1751E+02  4.2091E-02  7.9740E-03
  2.1766E+02  4.2103E-02  7.9747E-03
  2.1782E+02  4.2121E-02  7.9754E-03
  2.1797E+02  4.2145E-02  7.9760E-03
  2.1812E+02  4.2176E-02  7.9766E-03
  2.1827E+02  4.2213E-02  7.9772E-03
  2.1842E+02  4.2257E-02  7.9778E-03
  2.1858E+02  4.2307E-02  7.9784E-03
  2.1873E+02  4.2362E-02  7.9791E-03
  2.1888E+02  4.2424E-02  7.9798E-03
  2.1903E+02  4.2491E-02  7.9806E-03
  2.1918E+02  4.2563E-02  7.9815E-03
  2.1934E+02  4.2639E-02  7.9825E-03
  2.1949E+02  4.2720E-02  7.9837E-03
  2.1964E+02  4.2804E-02  7.9849E-03
  2.1979E+02  4.2891E-02  7.9863E-03
  2.1994E+02  4.2980E-02  7.9878E-03
  2.2010E+02  4.3071E-02  7.9894E-03
  2.2025E+02  4.3163E-02  7.9910E-03
  2.2040E+02  4.3255E-02  7.9928E-03
  2.2055E+02  4.3346E-02  7.9947E-03
  2.2070E+02  4.3436E-02  7.9966E-03
  2.2086E+02  4.3524E-02  7.9985E-03
  2.2101E+02  4.3610E-02  8.0005E-03
  2.2116E+02  4.3692E-02  8.0025E-03
  2.2131E+02  4.3770E-02  8.0045E-03
  2.2146E+02  4.3843E-02  8.0064E-03
  2.2162E+02  4.3912E-02  8.0082E-03
  2.2177E+02  4.3975E-02  8.0100E-03
  2.2192E+02  4.4032E-02  8.0116E-03
  2.2207E+02  4.4083E-02  8.0130E-03
  2.2222E+02  4.4127E-02  8.0143E-03
  2.2238E+02  4.4164E-02  8.0153E-03
  2.2253E+02  4.4194E-02  8.0162E-03
  2.2268E+02  4.4217E-02  8.0168E-03
  2.2283E+02  4.4233E-02  8.0171E-03
  2.2298E+02  4.4242E-02  8.0171E-03
  2.2314E+02  4.4245E-02  8.0168E-03
  2.2329E+02  4.4240E-02  8.0163E-03
  2.2344E+02  4.4229E-02  8.0154E-03
  2.2359E+02  4.4212E-02  8.0143E-03
  2.2374E+02  4.4188E-02  8.0128E-03
  2.2390E+02  4.4158E-02  8.0110E-03
  2.2405E+02  4.4123E-02  8.0089E-03
  2.2420E+02  4.4082E-02  8.0064E-03
  2.2435E+02  4.4037E-02  8.0036E-03
  2.2450E+02  4.3986E-02  8.0005E-03
  2.2466E+02  4.3931E-02  7.9971E-03
  2.2481E+02  4.3872E-02  7.9934E-03
  2.2496E+02  4.3809E-02  7.9895E-03
  2.2511E+02  4.3743E-02  7.9854E-03
  2.2526E+02  4.3674E-02  7.9812E-03
  2.2542E+02  4.3601E-02  7.9769E-03
  2.2557E+02  4.3526E-02  7.9724E-03
  2.2572E+02  4.3447E-02  7.9679E-03
  2.2587E+02  4.3367E-02  7.9633E-03
  2.2602E+02  4.3283E-02  7.9586E-03
  2.2618E+02  4.3197E-02  7.9539E-03
  2.2633E+02  4.3109E-02  7.9492E-03
  2.2648E+02  4.3018E-02  7.9445E-03
  2.2663E+02  4.2925E-02  7.9398E-03
  2.2678E+02  4.2830E-02  7.9352E-03
  2.2694E+02  4.2734E-02  7.9307E-03
  2.2709E+02  4.2635E-02  7.9263E-03
  2.2724E+02  4.2534E-02  7.9220E-03
  2.2739E+02  4.2433E-02  7.9179E-03
  2.2754E+02  4.2329E-02  7.9140E-03
  2.2770E+02  4.2224E-02  7.9103E-03
  2.2785E+02  4.2118E-02  7.9068E-03
  2.2800E+02  4.2011E-02  7.9034E-03
  2.2815E+02  4.1903E-02  7.9003E-03
  2.2830E+02  4.1795E-02  7.8974E-03
  2.2846E+02  4.1686E-02  7.8948E-03
  2.2861E+02  4.1577E-02  7.8925E-03
  2.2876E+02  4.1468E-02  7.8904E-03
  2.2891E+02  4.1361E-02  7.8887E-03
  2.2906E+02  4.1254E-02  7.8873E-03
  2.2922E+02  4.1149E-02  7.8863E-03
  2.2937E+02  4.1045E-02  7.8857E-03
  2.2952E+02  4.0945E-02  7.8855E-03
  2.2967E+02  4.0847E-02  7.8858E-03
  2.2982E+02  4.0753E-02  7.8865E-03
  2.2998E+02  4.0662E-02  7.8877E-03
  2.3013E+02  4.0576E-02  7.8893E-03
  2.3028E+02  4.0495E-02  7.8915E-03
  2.3043E+02  4.0419E-02  7.8942E-03
  2.3058E+02  4.0350E-02  7.8975E-03
  2.3074E+02  4.0286E-02  7.9013E-03
  2.3089E+02  4.0230E-02  7.9058E-03
  2.3104E+02  4.0180E-02  7.9108E-03
  2.3119E+02  4.0138E-02  7.9164E-03
  2.3134E+02  4.0103E-02  7.9226E-03
  2.3150E+02  4.0077E-02  7.9295E-03
  2.3165E+02  4.0059E-02  7.9369E-03
  2.3180E+02  4.0050E-02  7.9450E-03
  2.3195E+02  4.0049E-02  7.9537E-03
  2.3210E+02  4.0056E-02  7.9630E-03
  2.3226E+02  4.0073E-02  7.9729E-03
  2.3241E+02  4.0098E-02  7.9833E-03
  2.3256E+02  4.0132E-02  7.9943E-03
  2.3271E+02  4.0174E-02  8.0059E-03
  2.3286E+02  4.0225E-02  8.0180E-03
  2.3302E+02  4.0284E-02  8.0306E-03
  2.3317E+02  4.0352E-02  8.0436E-03
  2.3332E+02  4.0426E-02  8.0571E-03
  2.3347E+02  4.0509E-02  8.0710E-03
  2.3362E+02  4.0598E-02  8.0853E-03
  2.3378E+02  4.0694E-02  8.1000E-03
  2.3393E+02  4.0796E-02  8.1149E-03
  2.3408E+02  4.0904E-02  8.1302E-03
  2.3423E+02  4.1017E-02  8.1457E-03
  2.3438E+02  4.1135E-02  8.1614E-03
  2.3454E+02  4.1258E-02  8.1773E-03
  2.3469E+02  4.1384E-02  8.1934E-03
  2.3484E+02  4.1513E-02  8.2096E-03
  2.3499E+02  4.1645E-02  8.2258E-03
  2.3514E+02  4.1779E-02  8.2421E-03
  2.3530E+02  4.1914E-02  8.2584E-03
  2.3545E+02  4.2050E-02  8.2746E-03
  2.3560E+02  4.2187E-02  8.2909E-03
  2.3575E+02  4.2323E-02  8.3070E-03
  2.3590E+02  4.2458E-02  8.3230E-03
  2.3606E+02  4.2592E-02  8.3389E-03
  2.3621E+02  4.2724E-02  8.3547E-03
  2.3636E+02  4.2853E-02  8.3703E-03
  2.3651E+02  4.2979E-02  8.3857E-03
  2.3666E+02  4.3102E-02  8.4008E-03
  2.3682E+02  4.3220E-02  8.4156E-03
  2.3697E+02  4.3334E-02  8.4302E-03
  2.3712E+02  4.3443E-02  8.4445E-03
  2.3727E+02  4.3547E-02  8.4585E-03
  2.3742E+02  4.3645E-02  8.4721E-03
  2.3758E+02  4.3737E-02  8.4855E-03
  2.3773E+02  4.3823E-02  8.4984E-03
  2.3788E+02  4.3903E-02  8.5111E-03
  2.3803E+02  4.3976E-02  8.5233E-03
  2.3818E+02  4.4043E-02  8.5351E-03
  2.3834E+02  4.4102E-02  8.5466E-03
  2.3849E+02  4.4155E-02  8.5575E-03
  2.3864E+02  4.4201E-02  8.5680E-03
  2.3879E+02  4.4240E-02  8.5781E-03
  2.3894E+02  4.4271E-02  8.5876E-03
  2.3910E+02  4.4296E-02  8.5967E-03
  2.3925E+02  4.4315E-02  8.6052E-03
  2.3940E+02  4.4327E-02  8.6133E-03
  2.3955E+02  4.4332E-02  8.6207E-03
  2.3970E+02  4.4332E-02  8.6276E-03
  2.3986E+02  4.4325E-02  8.6339E-03
  2.4001E+02  4.4312E-02  8.6396E-03
  2.4016E+02  4.4294E-02  8.6446E-03
  2.4031E+02  4.4271E-02  8.6490E-03
  2.4046E+02  4.4242E-02  8.6527E-03
  2.4062E+02  4.4208E-02  8.6558E-03
  2.4077E+02  4.4170E-02  8.6581E-03
  2.4092E+02  4.4127E-02  8.6597E-03
  2.4107E+02  4.4079E-02  8.6605E-03
  2.4122E+02  4.4027E-02  8.6606E-03
  2.4138E+02  4.3971E-02  8.6599E-03
  2.4153E+02  4.3911E-02  8.6585E-03
  2.4168E+02  4.3847E-02  8.6564E-03
  2.4183E+02  4.3779E-02  8.6534E-03
  2.4198E+02  4.3707E-02  8.6497E-03
  2.4214E+02  4.3631E-02  8.6453E-03
  2.4229E+02  4.3551E-02  8.6401E-03
  2.4244E+02  4.3468E-02  8.6341E-03
  2.4259E+02  4.3381E-02  8.6275E-03
  2.4274E+02  4.3291E-02  8.6201E-03
  2.4290E+02  4.3196E-02  8.6120E-03
  2.4305E+02  4.3099E-02  8.6033E-03
  2.4320E+02  4.2997E-02  8.5939E-03
  2.4335E+02  4.2892E-02  8.5839E-03
  2.4350E+02  4.2784E-02  8.5733E-03
  2.4366E+02  4.2672E-02  8.5622E-03
  2.4381E+02  4.2558E-02  8.5506E-03
  2.4396E+02  4.2440E-02  8.5384E-03
  2.4411E+02  4.2320E-02  8.5259E-03
  2.4426E+02  4.2197E-02  8.5130E-03
  2.4442E+02  4.2072E-02  8.4997E-03
  2.4457E+02  4.1946E-02  8.4862E-03
  2.4472E+02  4.1818E-02  8.4723E-03
  2.4487E+02  4.1689E-02  8.4583E-03
  2.4502E+02  4.1560E-02  8.4442E-03
  2.4518E+02  4.1430E-02  8.4299E-03
  2.4533E+02  4.1301E-02  8.4156E-03
  2.4548E+02  4.1173E-02  8.4013E-03
  2.4563E+02  4.1047E-02  8.3870E-03
  2.4578E+02  4.0922E-02  8.3729E-03
  2.4594E+02  4.0801E-02  8.3589E-03
  2.4609E+02  4.0682E-02  8.3451E-03
  2.4624E+02  4.0568E-02  8.3316E-03
  2.4639E+02  4.0457E-02  8.3183E-03
  2.4654E+02  4.0352E-02  8.3054E-03
  2.4670E+02  4.0252E-02  8.2929E-03
  2.4685E+02  4.0157E-02  8.2808E-03
  2.4700E+02  4.0069E-02  8.2691E-03
  2.4715E+02  3.9987E-02  8.2580E-03
  2.4730E+02  3.9913E-02  8.2474E-03
  2.4746E+02  3.9845E-02  8.2374E-03
  2.4761E+02  3.9785E-02  8.2280E-03
  2.4776E+02  3.9733E-02  8.2192E-03
  2.4791E+02  3.9688E-02  8.2111E-03
  2.4806E+02  3.9652E-02  8.2038E-03
  2.4822E+02  3.9623E-02  8.1972E-03
  2.4837E+02  3.9601E-02  8.1913E-03
  2.4852E+02  3.9588E-02  8.1863E-03
  2.4867E+02  3.9581E-02  8.1820E-03
  2.4882E+02  3.9582E-02  8.1786E-03
  2.4898E+02  3.9590E-02  8.1761E-03
  2.4913E+02  3.9605E-02  8.1745E-03
  2.4928E+02  3.9625E-02  8.1737E-03
  2.4943E+02  3.9652E-02  8.1739E-03
  2.4958E+02  3.9684E-02  8.1751E-03
  2.4974E+02  3.9722E-02  8.1772E-03
  2.4989E+02  3.9764E-02  8.1802E-03
  2.5004E+02  3.9810E-02  8.1843E-03
  2.5019E+02  3.9860E-02  8.1893E-03
  2.5034E+02  3.9914E-02  8.1953E-03
  2.5050E+02  3.9970E-02  8.2022E-03
  2.5065E+02  4.0029E-02  8.2101E-03
  2.5080E+02  4.0090E-02  8.2190E-03
  2.5095E+02  4.0152E-02  8.2288E-03
  2.5110E+02  4.0216E-02  8.2396E-03
  2.5126E+02  4.0280E-02  8.2513E-03
  2.5141E+02  4.0345E-02  8.2639E-03
  2.5156E+02  4.0411E-02  8.2773E-03
  2.5171E+02  4.0476E-02  8.2917E-03
  2.5186E+02  4.0541E-02  8.3068E-03
  2.5202E+02  4.0606E-02  8.3227E-03
  2.5217E+02  4.0670E-02  8.3394E-03
  2.5232E+02  4.0733E-02  8.3568E-03
  2.5247E+02  4.0796E-02  8.3748E-03
  2.5262E+02  4.0857E-02  8.3935E-03
  2.5278E+02  4.0918E-02  8.4128E-03
  2.5293E+02  4.0977E-02  8.4326E-03
  2.5308E+02  4.1035E-02  8.4529E-03
  2.5323E+02  4.1093E-02  8.4735E-03
  2.5338E+02  4.1149E-02  8.4946E-03
  2.5354E+02  4.1204E-02  8.5159E-03
  2.5369E+02  4.1259E-02  8.5375E-03
  2.5384E+02  4.1312E-02  8.5593E-03
  2.5399E+02  4.1365E-02  8.5812E-03
  2.5414E+02  4.1418E-02  8.6031E-03
  2.5430E+02  4.1470E-02  8.6250E-03
  2.5445E+02  4.1521E-02  8.6468E-03
  2.5460E+02  4.1572E-02  8.6684E-03
  2.5475E+02  4.1623E-02  8.6899E-03
  2.5490E+02  4.1674E-02  8.7111E-03
  2.5506E+02  4.1725E-02  8.7320E-03
  2.5521E+02  4.1776E-02  8.7525E-03
  2.5536E+02  4.1827E-02  8.7726E-03
  2.5551E+02  4.1878E-02  8.7922E-03
  2.5566E+02  4.1930E-02  8.8114E-03
  2.5582E+02  4.1981E-02  8.8300E-03
  2.5597E+02  4.2033E-02  8.8480E-03
  2.5612E+02  4.2085E-02  8.8654E-03
  2.5627E+02  4.2136E-02  8.8822E-03
  2.5642E+02  4.2188E-02  8.8983E-03
  2.5658E+02  4.2239E-02  8.9138E-03
  2.5673E+02  4.2290E-02  8.9285E-03
  2.5688E+02  4.2340E-02  8.9426E-03
  2.5703E+02  4.2389E-02  8.9559E-03
  2.5718E+02  4.2438E-02  8.9686E-03
  2.5734E+02  4.2485E-02  8.9805E-03
  2.5749E+02  4.2530E-02  8.9917E-03
  2.5764E+02  4.2574E-02  9.0022E-03
  2.5779E+02  4.2615E-02  9.0120E-03
  2.5794E+02  4.2654E-02  9.0212E-03
  2.5810E+02  4.2691E-02  9.0296E-03
  2.5825E+02  4.2724E-02  9.0374E-03
  2.5840E+02  4.2754E-02  9.0445E-03
  2.5855E+02  4.2780E-02  9.0510E-03
  2.5870E+02  4.2803E-02  9.0569E-03
  2.5886E+02  4.2821E-02  9.0622E-03
  2.5901E+02  4.2835E-02  9.0670E-03
  2.5916E+02  4.2844E-02  9.0711E-03
  2.5931E+02  4.2849E-02  9.0747E-03
  2.5946E+02  4.2848E-02  9.0778E-03
  2.5962E+02  4.2843E-02  9.0804E-03
  2.5977E+02  4.2832E-02  9.0825E-03
  2.5992E+02  4.2815E-02  9.0840E-03
  2.6007E+02  4.2794E-02  9.0851E-03
  2.6022E+02  4.2766E-02  9.0857E-03
  2.6038E+02  4.2734E-02  9.0857E-03
  2.6053E+02  4.2696E-02  9.0854E-03
  2.6068E+02  4.2653E-02  9.0845E-03
  2.6083E+02  4.2605E-02  9.0831E-03
  2.6098E+02  4.2552E-02  9.0812E-03
  2.6114E+02  4.2494E-02  9.0789E-03
  2.6129E+02  4.2432E-02  9.0760E-03
  2.6144E+02  4.2366E-02  9.0726E-03
  2.6159E+02  4.2297E-02  9.0687E-03
  2.6174E+02  4.2224E-02  9.0642E-03
  2.6190E+02  4.2149E-02  9.0592E-03
  2.6205E+02  4.2071E-02  9.0537E-03
  2.6220E+02  4.1991E-02  9.0476E-03
  2.6235E+02  4.1909E-02  9.0410E-03
  2.6250E+02  4.1827E-02  9.0338E-03
  2.6266E+02  4.1744E-02  9.0261E-03
  2.6281E+02  4.1661E-02  9.0178E-03
  2.6296E+02  4.1579E-02  9.0090E-03
  2.6311E+02  4.1497E-02  8.9997E-03
  2.6326E+02  4.1417E-02  8.9899E-03
  2.6342E+02  4.1338E-02  8.9796E-03
  2.6357E+02  4.1262E-02  8.9689E-03
  2.6372E+02  4.1188E-02  8.9577E-03
  2.6387E+02  4.1117E-02  8.9462E-03
  2.6402E+02  4.1049E-02  8.9343E-03
  2.6418E+02  4.0985E-02  8.9222E-03
  2.6433E+02  4.0924E-02  8.9097E-03
  2.6448E+02  4.0867E-02  8.8971E-03
  2.6463E+02  4.0814E-02  8.8843E-03
  2.6478E+02  4.0765E-02  8.8714E-03
  2.6494E+02  4.0719E-02  8.8585E-03
  2.6509E+02  4.0678E-02  8.8456E-03
  2.6524E+02  4.0641E-02  8.8328E-03
  2.6539E+02  4.0608E-02  8.8201E-03
  2.6554E+02  4.0578E-02  8.8076E-03
  2.6570E+02  4.0552E-02  8.7953E-03
  2.6585E+02  4.0529E-02  8.7834E-03
  2.6600E+02  4.0509E-02  8.7719E-03
  2.6615E+02  4.0492E-02  8.7607E-03
  2.6630E+02  4.0477E-02  8.7501E-03
  2.6646E+02  4.0465E-02  8.7399E-03
  2.6661E+02  4.0455E-02  8.7304E-03
  2.6676E+02  4.0446E-02  8.7214E-03
  2.6691E+02  4.0439E-02  8.7131E-03
  2.6706E+02  4.0433E-02  8.7055E-03
  2.6722E+02  4.0428E-02  8.6986E-03
  2.6737E+02  4.0424E-02  8.6925E-03
  2.6752E+02  4.0420E-02  8.6871E-03
  2.6767E+02  4.0416E-02  8.6825E-03
  2.6782E+02  4.0412E-02  8.6787E-03
  2.6798E+02  4.0408E-02  8.6756E-03
  2.6813E+02  4.0403E-02  8.6734E-03
  2.6828E+02  4.0398E-02  8.6720E-03
  2.6843E+02  4.0393E-02  8.6713E-03
  2.6858E+02  4.0386E-02  8.6714E-03
  2.6874E+02  4.0379E-02  8.6722E-03
  2.6889E+02  4.0371E-02  8.6737E-03
  2.6904E+02  4.0362E-02  8.6759E-03
  2.6919E+02  4.0353E-02  8.6788E-03
  2.6934E+02  4.0342E-02  8.6824E-03
  2.6950E+02  4.0331E-02  8.6865E-03
  2.6965E+02  4.0319E-02  8.6912E-03
  2.6980E+02  4.0306E-02  8.6965E-03
  2.6995E+02  4.0293E-02  8.7023E-03
  2.7010E+02  4.0279E-02  8.7085E-03
  2.7026E+02  4.0265E-02  8.7152E-03
  2.7041E+02  4.0250E-02  8.7224E-03
  2.7056E+02  4.0235E-02  8.7299E-03
  2.7071E+02  4.0219E-02  8.7378E-03
  2.7086E+02  4.0204E-02  8.7461E-03
  2.7102E+02  4.0188E-02  8.7547E-03
  2.7117E+02  4.0173E-02  8.7636E-03
  2.7132E+02  4.0158E-02  8.7729E-03
  2.7147E+02  4.0144E-02  8.7824E-03
  2.7162E+02  4.0129E-02  8.7922E-03
  2.7178E+02  4.0116E-02  8.8022E-03
  2.7193E+02  4.0103E-02  8.8126E-03
  2.7208E+02  4.0092E-02  8.8232E-03
  2.7223E+02  4.0081E-02  8.8340E-03
  2.7238E+02  4.0072E-02  8.8452E-03
  2.7254E+02  4.0064E-02  8.8565E-03
  2.7269E+02  4.0058E-02  8.8681E-03
  2.7284E+02  4.0054E-02  8.8800E-03
  2.7299E+02  4.0052E-02  8.8921E-03
  2.7314E+02  4.0053E-02  8.9045E-03
  2.7330E+02  4.0056E-02  8.9171E-03
  2.7345E+02  4.0061E-02  8.9300E-03
  2.7360E+02  4.0070E-02  8.9431E-03
  2.7375E+02  4.0082E-02  8.9565E-03
  2.7390E+02  4.0097E-02  8.9701E-03
  2.7406E+02  4.0116E-02  8.9840E-03
  2.7421E+02  4.0138E-02  8.9981E-03
  2.7436E+02  4.0165E-02  9.0124E-03
  2.7451E+02  4.0195E-02  9.0270E-03
  2.7466E+02  4.0229E-02  9.0418E-03
  2.7482E+02  4.0268E-02  9.0568E-03
  2.7497E+02  4.0311E-02  9.0720E-03
  2.7512E+02  4.0358E-02  9.0873E-03
  2.7527E+02  4.0409E-02  9.1029E-03
  2.7542E+02  4.0465E-02  9.1185E-03
  2.7558E+02  4.0524E-02  9.1343E-03
  2.7573E+02  4.0587E-02  9.1501E-03
  2.7588E+02  4.0653E-02  9.1660E-03
  2.7603E+02  4.0723E-02  9.1820E-03
  2.7618E+02  4.0795E-02  9.1979E-03
  2.7634E+02  4.0870E-02  9.2137E-03
  2.7649E+02  4.0946E-02  9.2295E-03
  2.7664E+02  4.1024E-02  9.2451E-03
  2.7679E+02  4.1104E-02  9.2606E-03
  2.7694E+02  4.1183E-02  9.2758E-03
  2.7710E+02  4.1263E-02  9.2908E-03
  2.7725E+02  4.1342E-02  9.3054E-03
  2.7740E+02  4.1420E-02  9.3197E-03
  2.7755E+02  4.1496E-02  9.3336E-03
  2.7770E+02  4.1569E-02  9.3470E-03
  2.7786E+02  4.1639E-02  9.3600E-03
  2.7801E+02  4.1706E-02  9.3724E-03
  2.7816E+02  4.1768E-02  9.3843E-03
  2.7831E+02  4.1825E-02  9.3956E-03
  2.7846E+02  4.1877E-02  9.4063E-03
  2.7862E+02  4.1923E-02  9.4163E-03
  2.7877E+02  4.1963E-02  9.4257E-03
  2.7892E+02  4.1996E-02  9.4344E-03
  2.7907E+02  4.2022E-02  9.4424E-03
  2.7922E+02  4.2041E-02  9.4496E-03
  2.7938E+02  4.2052E-02  9.4561E-03
  2.7953E+02  4.2056E-02  9.4619E-03
  2.7968E+02  4.2051E-02  9.4670E-03
  2.7983E+02  4.2039E-02  9.4713E-03
  2.7998E+02  4.2019E-02  9.4749E-03
  2.8014E+02  4.1990E-02  9.4777E-03
  2.8029E+02  4.1955E-02  9.4798E-03
  2.8044E+02  4.1911E-02  9.4813E-03
  2.8059E+02  4.1861E-02  9.4820E-03
  2.8074E+02  4.1804E-02  9.4821E-03
  2.8090E+02  4.1741E-02  9.4816E-03
  2.8105E+02  4.1671E-02  9.4804E-03
  2.8120E+02  4.1597E-02  9.4786E-03
  2.8135E+02  4.1517E-02  9.4763E-03
  2.8150E+02  4.1434E-02  9.4734E-03
  2.8166E+02  4.1346E-02  9.4701E-03
  2.8181E+02  4.1256E-02  9.4662E-03
  2.8196E+02  4.1164E-02  9.4620E-03
  2.8211E+02  4.1070E-02  9.4573E-03
  2.8226E+02  4.0976E-02  9.4523E-03
  2.8242E+02  4.0881E-02  9.4469E-03
  2.8257E+02  4.0787E-02  9.4412E-03
  2.8272E+02  4.0694E-02  9.4353E-03
  2.8287E+02  4.0603E-02  9.4291E-03
  2.8302E+02  4.0515E-02  9.4227E-03
  2.8318E+02  4.0430E-02  9.4161E-03
  2.8333E+02  4.0349E-02  9.4094E-03
  2.8348E+02  4.0272E-02  9.4025E-03
  2.8363E+02  4.0200E-02  9.3955E-03
  2.8378E+02  4.0133E-02  9.3883E-03
  2.8394E+02  4.0072E-02  9.3811E-03
  2.8409E+02  4.0016E-02  9.3738E-03
  2.8424E+02  3.9967E-02  9.3664E-03
  2.8439E+02  3.9923E-02  9.3589E-03
  2.8454E+02  3.9886E-02  9.3514E-03
  2.8470E+02  3.9855E-02  9.3439E-03
  2.8485E+02  3.9830E-02  9.3362E-03
  2.8500E+02  3.9811E-02  9.3286E-03
  2.8515E+02  3.9798E-02  9.3208E-03
  2.8530E+02  3.9790E-02  9.3131E-03
  2.8546E+02  3.9788E-02  9.3053E-03
  2.8561E+02  3.9791E-02  9.2975E-03
  2.8576E+02  3.9798E-02  9.2896E-03
  2.8591E+02  3.9810E-02  9.2817E-03
  2.8606E+02  3.9825E-02  9.2738E-03
  2.8622E+02  3.9844E-02  9.2659E-03
  2.8637E+02  3.9865E-02  9.2581E-03
  2.8652E+02  3.9888E-02  9.2502E-03
  2.8667E+02  3.9913E-02  9.2424E-03
  2.8682E+02  3.9939E-02  9.2347E-03
  2.8698E+02  3.9965E-02  9.2270E-03
  2.8713E+02  3.9991E-02  9.2194E-03
  2.8728E+02  4.0017E-02  9.2120E-03
  2.8743E+02  4.0042E-02  9.2047E-03
  2.8758E+02  4.0066E-02  9.1976E-03
  2.8774E+02  4.0088E-02  9.1907E-03
  2.8789E+02  4.0108E-02  9.1841E-03
  2.8804E+02  4.0126E-02  9.1778E-03
  2.8819E+02  4.0140E-02  9.1718E-03
  2.8834E+02  4.0152E-02  9.1661E-03
  2.8850E+02  4.0162E-02  9.1608E-03
  2.8865E+02  4.0167E-02  9.1560E-03
  2.8880E+02  4.0170E-02  9.1516E-03
  2.8895E+02  4.0170E-02  9.1478E-03
  2.8910E+02  4.0166E-02  9.1445E-03
  2.8926E+02  4.0160E-02  9.1418E-03
  2.8941E+02  4.0151E-02  9.1397E-03
  2.8956E+02  4.0139E-02  9.1382E-03
  2.8971E+02  4.0124E-02  9.1374E-03
  2.8986E+02  4.0107E-02  9.1374E-03
  2.9002E+02  4.0089E-02  9.1380E-03
  2.9017E+02  4.0068E-02  9.1394E-03
  2.9032E+02  4.0047E-02  9.1416E-03
  2.9047E+02  4.0024E-02  9.1446E-03
  2.9062E+02  4.0001E-02  9.1484E-03
  2.9078E+02  3.9977E-02  9.1530E-03
  2.9093E+02  3.9954E-02  9.1584E-03
  2.9108E+02  3.9931E-02  9.1646E-03
  2.9123E+02  3.9908E-02  9.1717E-03
  2.9138E+02  3.9887E-02  9.1795E-03
  2.9154E+02  3.9867E-02  9.1881E-03
  2.9169E+02  3.9849E-02  9.1975E-03
  2.9184E+02  3.9832E-02  9.2077E-03
  2.9199E+02  3.9818E-02  9.2186E-03
  2.9214E+02  3.9806E-02  9.2302E-03
  2.9230E+02  3.9797E-02  9.2425E-03
  2.9245E+02  3.9791E-02  9.2554E-03
  2.9260E+02  3.9788E-02  9.2689E-03
  2.9275E+02  3.9788E-02  9.2829E-03
  2.9290E+02  3.9791E-02  9.2975E-03
  2.9306E+02  3.9797E-02  9.3125E-03
  2.9321E+02  3.9807E-02  9.3279E-03
  2.9336E+02  3.9821E-02  9.3436E-03
  2.9351E+02  3.9838E-02  9.3596E-03
  2.9366E+02  3.9859E-02  9.3759E-03
  2.9382E+02  3.9883E-02  9.3924E-03
  2.9397E+02  3.9911E-02  9.4090E-03
  2.9412E+02  3.9942E-02  9.4256E-03
  2.9427E+02  3.9977E-02  9.4423E-03
  2.9442E+02  4.0016E-02  9.4589E-03
  2.9458E+02  4.0057E-02  9.4755E-03
  2.9473E+02  4.0102E-02  9.4920E-03
  2.9488E+02  4.0149E-02  9.5082E-03
  2.9503E+02  4.0200E-02  9.5243E-03
  2.9518E+02  4.0253E-02  9.5401E-03
  2.9534E+02  4.0308E-02  9.5556E-03
  2.9549E+02  4.0365E-02  9.5708E-03
  2.9564E+02  4.0424E-02  9.5857E-03
  2.9579E+02  4.0484E-02  9.6002E-03
  2.9594E+02  4.0545E-02  9.6143E-03
  2.9610E+02  4.0607E-02  9.6280E-03
  2.9625E+02  4.0669E-02  9.6413E-03
  2.9640E+02  4.0730E-02  9.6541E-03
  2.9655E+02  4.0791E-02  9.6665E-03
  2.9670E+02  4.0850E-02  9.6785E-03
  2.9686E+02  4.0907E-02  9.6900E-03
  2.9701E+02  4.0962E-02  9.7011E-03
  2.9716E+02  4.1014E-02  9.7117E-03
  2.9731E+02  4.1062E-02  9.7219E-03
  2.9746E+02  4.1106E-02  9.7316E-03
  2.9762E+02  4.1145E-02  9.7409E-03
  2.9777E+02  4.1179E-02  9.7498E-03
  2.9792E+02  4.1207E-02  9.7583E-03
  2.9807E+02  4.1229E-02  9.7664E-03
  2.9822E+02  4.1244E-02  9.7740E-03
  2.9838E+02  4.1252E-02  9.7813E-03
  2.9853E+02  4.1253E-02  9.7881E-03
  2.9868E+02  4.1245E-02  9.7946E-03
  2.9883E+02  4.1230E-02  9.8007E-03
  2.9898E+02  4.1206E-02  9.8064E-03
  2.9914E+02  4.1174E-02  9.8117E-03
  2.9929E+02  4.1133E-02  9.8167E-03
  2.9944E+02  4.1085E-02  9.8214E-03
  2.9959E+02  4.1028E-02  9.8256E-03
  2.9974E+02  4.0964E-02  9.8296E-03
  2.9990E+02  4.0892E-02  9.8331E-03
  3.0000E+02  4.0838E-02  9.8353E-03
