# CREATED BY GENE DIAGNOSTICS TOOL on Tue Mar 16 12:58:26 2021
# diag: timetrace, run(s): 0018, time window: 0-300(2056 steps), species: ions
# original data path: /ptmp/cmor/HP_GAM_scans/LHD_s0.25_alpha-0_npol1_nz0256/
# normalization: L_ref=1.65m
#
#  t          Re[phi]     Im[phi]   
  0.0000E+00  9.9998E-01  0.0000E+00
  1.4600E-01  9.9639E-01  4.9824E-04
  2.9200E-01  9.8616E-01  1.0012E-03
  4.3800E-01  9.7070E-01  1.5058E-03
  5.8400E-01  9.5181E-01  2.0027E-03
  7.3000E-01  9.3120E-01  2.4813E-03
  8.7600E-01  9.1019E-01  2.9327E-03
  1.0220E+00  8.8955E-01  3.3527E-03
  1.1680E+00  8.6950E-01  3.7422E-03
  1.3140E+00  8.4987E-01  4.1062E-03
  1.4600E+00  8.3028E-01  4.4513E-03
  1.6060E+00  8.1026E-01  4.7828E-03
  1.7520E+00  7.8940E-01  5.1036E-03
  1.8980E+00  7.6743E-01  5.4137E-03
  2.0440E+00  7.4420E-01  5.7114E-03
  2.1900E+00  7.1973E-01  5.9941E-03
  2.3360E+00  6.9413E-01  6.2590E-03
  2.4820E+00  6.6757E-01  6.5036E-03
  2.6280E+00  6.4027E-01  6.7262E-03
  2.7740E+00  6.1246E-01  6.9260E-03
  2.9200E+00  5.8435E-01  7.1028E-03
  3.0660E+00  5.5610E-01  7.2569E-03
  3.2120E+00  5.2788E-01  7.3889E-03
  3.3580E+00  4.9982E-01  7.4991E-03
  3.5040E+00  4.7200E-01  7.5880E-03
  3.6500E+00  4.4451E-01  7.6555E-03
  3.7960E+00  4.1741E-01  7.7016E-03
  3.9420E+00  3.9077E-01  7.7264E-03
  4.0880E+00  3.6464E-01  7.7294E-03
  4.2340E+00  3.3906E-01  7.7106E-03
  4.3800E+00  3.1410E-01  7.6699E-03
  4.5260E+00  2.8979E-01  7.6072E-03
  4.6720E+00  2.6618E-01  7.5229E-03
  4.8180E+00  2.4332E-01  7.4173E-03
  4.9640E+00  2.2125E-01  7.2910E-03
  5.1100E+00  2.0000E-01  7.1443E-03
  5.2560E+00  1.7960E-01  6.9782E-03
  5.4020E+00  1.6008E-01  6.7933E-03
  5.5480E+00  1.4145E-01  6.5906E-03
  5.6940E+00  1.2373E-01  6.3712E-03
  5.8400E+00  1.0693E-01  6.1360E-03
  5.9860E+00  9.1047E-02  5.8862E-03
  6.1320E+00  7.6082E-02  5.6229E-03
  6.2780E+00  6.2029E-02  5.3473E-03
  6.4240E+00  4.8880E-02  5.0608E-03
  6.5700E+00  3.6622E-02  4.7645E-03
  6.7160E+00  2.5242E-02  4.4598E-03
  6.8620E+00  1.4721E-02  4.1480E-03
  7.0080E+00  5.0407E-03  3.8306E-03
  7.1540E+00 -3.8202E-03  3.5089E-03
  7.3000E+00 -1.1884E-02  3.1844E-03
  7.4460E+00 -1.9175E-02  2.8584E-03
  7.5920E+00 -2.5719E-02  2.5324E-03
  7.7380E+00 -3.1542E-02  2.2076E-03
  7.8840E+00 -3.6673E-02  1.8852E-03
  8.0300E+00 -4.1140E-02  1.5666E-03
  8.1760E+00 -4.4972E-02  1.2529E-03
  8.3220E+00 -4.8198E-02  9.4541E-04
  8.4680E+00 -5.0849E-02  6.4512E-04
  8.6140E+00 -5.2954E-02  3.5307E-04
  8.7600E+00 -5.4543E-02  7.0215E-05
  8.9060E+00 -5.5647E-02 -2.0254E-04
  9.0520E+00 -5.6294E-02 -4.6438E-04
  9.1980E+00 -5.6516E-02 -7.1453E-04
  9.3440E+00 -5.6340E-02 -9.5234E-04
  9.4900E+00 -5.5795E-02 -1.1772E-03
  9.6360E+00 -5.4909E-02 -1.3887E-03
  9.7820E+00 -5.3710E-02 -1.5863E-03
  9.9280E+00 -5.2223E-02 -1.7697E-03
  1.0074E+01 -5.0476E-02 -1.9385E-03
  1.0220E+01 -4.8493E-02 -2.0925E-03
  1.0366E+01 -4.6300E-02 -2.2316E-03
  1.0512E+01 -4.3919E-02 -2.3558E-03
  1.0658E+01 -4.1373E-02 -2.4651E-03
  1.0804E+01 -3.8685E-02 -2.5595E-03
  1.0950E+01 -3.5876E-02 -2.6391E-03
  1.1096E+01 -3.2964E-02 -2.7040E-03
  1.1242E+01 -2.9970E-02 -2.7546E-03
  1.1388E+01 -2.6912E-02 -2.7911E-03
  1.1534E+01 -2.3808E-02 -2.8138E-03
  1.1680E+01 -2.0673E-02 -2.8233E-03
  1.1826E+01 -1.7523E-02 -2.8197E-03
  1.1972E+01 -1.4373E-02 -2.8037E-03
  1.2118E+01 -1.1236E-02 -2.7756E-03
  1.2264E+01 -8.1254E-03 -2.7359E-03
  1.2410E+01 -5.0526E-03 -2.6853E-03
  1.2556E+01 -2.0289E-03 -2.6243E-03
  1.2702E+01  9.3546E-04 -2.5533E-03
  1.2848E+01  3.8309E-03 -2.4731E-03
  1.2994E+01  6.6487E-03 -2.3844E-03
  1.3140E+01  9.3809E-03 -2.2876E-03
  1.3286E+01  1.2020E-02 -2.1834E-03
  1.3432E+01  1.4561E-02 -2.0724E-03
  1.3578E+01  1.6996E-02 -1.9554E-03
  1.3724E+01  1.9322E-02 -1.8330E-03
  1.3870E+01  2.1532E-02 -1.7059E-03
  1.4016E+01  2.3623E-02 -1.5748E-03
  1.4162E+01  2.5591E-02 -1.4405E-03
  1.4308E+01  2.7434E-02 -1.3034E-03
  1.4454E+01  2.9148E-02 -1.1645E-03
  1.4600E+01  3.0731E-02 -1.0244E-03
  1.4746E+01  3.2183E-02 -8.8391E-04
  1.4892E+01  3.3501E-02 -7.4374E-04
  1.5038E+01  3.4684E-02 -6.0459E-04
  1.5184E+01  3.5732E-02 -4.6719E-04
  1.5330E+01  3.6644E-02 -3.3227E-04
  1.5476E+01  3.7421E-02 -2.0056E-04
  1.5622E+01  3.8064E-02 -7.2763E-05
  1.5768E+01  3.8571E-02  5.0441E-05
  1.5914E+01  3.8946E-02  1.6838E-04
  1.6060E+01  3.9189E-02  2.8039E-04
  1.6206E+01  3.9301E-02  3.8584E-04
  1.6352E+01  3.9285E-02  4.8415E-04
  1.6498E+01  3.9143E-02  5.7477E-04
  1.6644E+01  3.8876E-02  6.5723E-04
  1.6790E+01  3.8489E-02  7.3107E-04
  1.6936E+01  3.7983E-02  7.9581E-04
  1.7082E+01  3.7362E-02  8.5106E-04
  1.7228E+01  3.6629E-02  8.9643E-04
  1.7374E+01  3.5790E-02  9.3162E-04
  1.7520E+01  3.4846E-02  9.5641E-04
  1.7666E+01  3.3804E-02  9.7065E-04
  1.7812E+01  3.2667E-02  9.7426E-04
  1.7958E+01  3.1439E-02  9.6719E-04
  1.8104E+01  3.0127E-02  9.4942E-04
  1.8250E+01  2.8734E-02  9.2093E-04
  1.8396E+01  2.7266E-02  8.8175E-04
  1.8542E+01  2.5728E-02  8.3191E-04
  1.8688E+01  2.4127E-02  7.7153E-04
  1.8834E+01  2.2468E-02  7.0082E-04
  1.8980E+01  2.0755E-02  6.2007E-04
  1.9126E+01  1.8996E-02  5.2962E-04
  1.9272E+01  1.7195E-02  4.2983E-04
  1.9418E+01  1.5359E-02  3.2108E-04
  1.9564E+01  1.3493E-02  2.0375E-04
  1.9710E+01  1.1603E-02  7.8275E-05
  1.9856E+01  9.6952E-03 -5.4946E-05
  2.0002E+01  7.7760E-03 -1.9548E-04
  2.0148E+01  5.8510E-03 -3.4288E-04
  2.0294E+01  3.9258E-03 -4.9664E-04
  2.0440E+01  2.0061E-03 -6.5616E-04
  2.0586E+01  9.7360E-05 -8.2082E-04
  2.0732E+01 -1.7947E-03 -9.8991E-04
  2.0878E+01 -3.6642E-03 -1.1627E-03
  2.1024E+01 -5.5055E-03 -1.3385E-03
  2.1170E+01 -7.3129E-03 -1.5167E-03
  2.1316E+01 -9.0810E-03 -1.6966E-03
  2.1462E+01 -1.0804E-02 -1.8775E-03
  2.1608E+01 -1.2478E-02 -2.0587E-03
  2.1754E+01 -1.4097E-02 -2.2395E-03
  2.1900E+01 -1.5656E-02 -2.4190E-03
  2.2046E+01 -1.7150E-02 -2.5966E-03
  2.2192E+01 -1.8575E-02 -2.7714E-03
  2.2338E+01 -1.9926E-02 -2.9428E-03
  2.2484E+01 -2.1200E-02 -3.1101E-03
  2.2630E+01 -2.2391E-02 -3.2725E-03
  2.2776E+01 -2.3496E-02 -3.4293E-03
  2.2922E+01 -2.4512E-02 -3.5799E-03
  2.3068E+01 -2.5435E-02 -3.7235E-03
  2.3214E+01 -2.6264E-02 -3.8595E-03
  2.3360E+01 -2.6994E-02 -3.9872E-03
  2.3506E+01 -2.7623E-02 -4.1063E-03
  2.3652E+01 -2.8151E-02 -4.2163E-03
  2.3798E+01 -2.8574E-02 -4.3167E-03
  2.3944E+01 -2.8892E-02 -4.4071E-03
  2.4090E+01 -2.9103E-02 -4.4871E-03
  2.4236E+01 -2.9207E-02 -4.5563E-03
  2.4382E+01 -2.9202E-02 -4.6145E-03
  2.4528E+01 -2.9090E-02 -4.6610E-03
  2.4674E+01 -2.8869E-02 -4.6957E-03
  2.4820E+01 -2.8541E-02 -4.7182E-03
  2.4966E+01 -2.8106E-02 -4.7285E-03
  2.5112E+01 -2.7566E-02 -4.7266E-03
  2.5258E+01 -2.6921E-02 -4.7124E-03
  2.5404E+01 -2.6174E-02 -4.6860E-03
  2.5550E+01 -2.5326E-02 -4.6475E-03
  2.5696E+01 -2.4379E-02 -4.5968E-03
  2.5842E+01 -2.3335E-02 -4.5341E-03
  2.5988E+01 -2.2196E-02 -4.4593E-03
  2.6134E+01 -2.0966E-02 -4.3728E-03
  2.6280E+01 -1.9646E-02 -4.2747E-03
  2.6426E+01 -1.8241E-02 -4.1652E-03
  2.6572E+01 -1.6754E-02 -4.0444E-03
  2.6718E+01 -1.5189E-02 -3.9128E-03
  2.6864E+01 -1.3549E-02 -3.7706E-03
  2.7010E+01 -1.1838E-02 -3.6182E-03
  2.7156E+01 -1.0059E-02 -3.4559E-03
  2.7302E+01 -8.2177E-03 -3.2841E-03
  2.7448E+01 -6.3161E-03 -3.1033E-03
  2.7594E+01 -4.3584E-03 -2.9140E-03
  2.7740E+01 -2.3485E-03 -2.7169E-03
  2.7886E+01 -2.9079E-04 -2.5124E-03
  2.8032E+01  1.8101E-03 -2.3012E-03
  2.8178E+01  3.9495E-03 -2.0836E-03
  2.8324E+01  6.1225E-03 -1.8602E-03
  2.8470E+01  8.3246E-03 -1.6314E-03
  2.8616E+01  1.0551E-02 -1.3976E-03
  2.8762E+01  1.2798E-02 -1.1595E-03
  2.8908E+01  1.5061E-02 -9.1753E-04
  2.9054E+01  1.7336E-02 -6.7233E-04
  2.9200E+01  1.9619E-02 -4.2448E-04
  2.9346E+01  2.1906E-02 -1.7462E-04
  2.9492E+01  2.4193E-02  7.6611E-05
  2.9638E+01  2.6476E-02  3.2860E-04
  2.9784E+01  2.8752E-02  5.8078E-04
  2.9930E+01  3.1016E-02  8.3264E-04
  3.0076E+01  3.3264E-02  1.0837E-03
  3.0222E+01  3.5492E-02  1.3334E-03
  3.0368E+01  3.7697E-02  1.5813E-03
  3.0514E+01  3.9875E-02  1.8270E-03
  3.0660E+01  4.2024E-02  2.0700E-03
  3.0806E+01  4.4139E-02  2.3099E-03
  3.0952E+01  4.6220E-02  2.5462E-03
  3.1098E+01  4.8263E-02  2.7785E-03
  3.1244E+01  5.0266E-02  3.0064E-03
  3.1390E+01  5.2228E-02  3.2293E-03
  3.1536E+01  5.4145E-02  3.4469E-03
  3.1682E+01  5.6015E-02  3.6588E-03
  3.1828E+01  5.7836E-02  3.8648E-03
  3.1974E+01  5.9606E-02  4.0646E-03
  3.2120E+01  6.1324E-02  4.2580E-03
  3.2266E+01  6.2987E-02  4.4446E-03
  3.2412E+01  6.4594E-02  4.6243E-03
  3.2558E+01  6.6143E-02  4.7970E-03
  3.2704E+01  6.7635E-02  4.9624E-03
  3.2850E+01  6.9069E-02  5.1203E-03
  3.2996E+01  7.0444E-02  5.2708E-03
  3.3142E+01  7.1760E-02  5.4135E-03
  3.3288E+01  7.3018E-02  5.5485E-03
  3.3434E+01  7.4218E-02  5.6755E-03
  3.3580E+01  7.5360E-02  5.7945E-03
  3.3726E+01  7.6444E-02  5.9058E-03
  3.3872E+01  7.7469E-02  6.0092E-03
  3.4018E+01  7.8436E-02  6.1049E-03
  3.4164E+01  7.9346E-02  6.1928E-03
  3.4310E+01  8.0197E-02  6.2731E-03
  3.4456E+01  8.0989E-02  6.3458E-03
  3.4602E+01  8.1723E-02  6.4109E-03
  3.4748E+01  8.2401E-02  6.4684E-03
  3.4894E+01  8.3022E-02  6.5185E-03
  3.5040E+01  8.3588E-02  6.5611E-03
  3.5186E+01  8.4101E-02  6.5963E-03
  3.5332E+01  8.4562E-02  6.6244E-03
  3.5478E+01  8.4973E-02  6.6455E-03
  3.5624E+01  8.5337E-02  6.6599E-03
  3.5770E+01  8.5655E-02  6.6678E-03
  3.5916E+01  8.5928E-02  6.6694E-03
  3.6062E+01  8.6158E-02  6.6650E-03
  3.6208E+01  8.6347E-02  6.6547E-03
  3.6354E+01  8.6495E-02  6.6388E-03
  3.6500E+01  8.6604E-02  6.6175E-03
  3.6646E+01  8.6674E-02  6.5911E-03
  3.6792E+01  8.6707E-02  6.5597E-03
  3.6938E+01  8.6702E-02  6.5237E-03
  3.7084E+01  8.6663E-02  6.4836E-03
  3.7230E+01  8.6590E-02  6.4395E-03
  3.7376E+01  8.6486E-02  6.3917E-03
  3.7522E+01  8.6353E-02  6.3402E-03
  3.7668E+01  8.6193E-02  6.2853E-03
  3.7814E+01  8.6009E-02  6.2275E-03
  3.7960E+01  8.5802E-02  6.1670E-03
  3.8106E+01  8.5576E-02  6.1043E-03
  3.8252E+01  8.5331E-02  6.0397E-03
  3.8398E+01  8.5070E-02  5.9736E-03
  3.8544E+01  8.4795E-02  5.9060E-03
  3.8690E+01  8.4505E-02  5.8373E-03
  3.8836E+01  8.4203E-02  5.7675E-03
  3.8982E+01  8.3888E-02  5.6970E-03
  3.9128E+01  8.3561E-02  5.6259E-03
  3.9274E+01  8.3223E-02  5.5546E-03
  3.9420E+01  8.2875E-02  5.4834E-03
  3.9566E+01  8.2518E-02  5.4123E-03
  3.9712E+01  8.2153E-02  5.3417E-03
  3.9858E+01  8.1781E-02  5.2714E-03
  4.0004E+01  8.1404E-02  5.2015E-03
  4.0150E+01  8.1021E-02  5.1320E-03
  4.0296E+01  8.0634E-02  5.0632E-03
  4.0442E+01  8.0243E-02  4.9952E-03
  4.0588E+01  7.9850E-02  4.9282E-03
  4.0734E+01  7.9457E-02  4.8623E-03
  4.0880E+01  7.9065E-02  4.7977E-03
  4.1026E+01  7.8674E-02  4.7343E-03
  4.1172E+01  7.8284E-02  4.6722E-03
  4.1318E+01  7.7896E-02  4.6112E-03
  4.1464E+01  7.7509E-02  4.5513E-03
  4.1610E+01  7.7125E-02  4.4925E-03
  4.1756E+01  7.6743E-02  4.4350E-03
  4.1902E+01  7.6364E-02  4.3787E-03
  4.2048E+01  7.5987E-02  4.3238E-03
  4.2194E+01  7.5612E-02  4.2703E-03
  4.2340E+01  7.5239E-02  4.2184E-03
  4.2486E+01  7.4869E-02  4.1680E-03
  4.2632E+01  7.4501E-02  4.1191E-03
  4.2778E+01  7.4134E-02  4.0717E-03
  4.2924E+01  7.3769E-02  4.0257E-03
  4.3070E+01  7.3405E-02  3.9813E-03
  4.3216E+01  7.3043E-02  3.9384E-03
  4.3362E+01  7.2683E-02  3.8971E-03
  4.3508E+01  7.2324E-02  3.8572E-03
  4.3654E+01  7.1967E-02  3.8188E-03
  4.3800E+01  7.1611E-02  3.7818E-03
  4.3946E+01  7.1258E-02  3.7461E-03
  4.4092E+01  7.0908E-02  3.7115E-03
  4.4238E+01  7.0561E-02  3.6781E-03
  4.4384E+01  7.0217E-02  3.6457E-03
  4.4530E+01  6.9876E-02  3.6143E-03
  4.4676E+01  6.9538E-02  3.5837E-03
  4.4822E+01  6.9202E-02  3.5539E-03
  4.4968E+01  6.8869E-02  3.5249E-03
  4.5114E+01  6.8539E-02  3.4965E-03
  4.5260E+01  6.8209E-02  3.4687E-03
  4.5406E+01  6.7881E-02  3.4413E-03
  4.5552E+01  6.7552E-02  3.4142E-03
  4.5698E+01  6.7222E-02  3.3874E-03
  4.5844E+01  6.6890E-02  3.3607E-03
  4.5990E+01  6.6555E-02  3.3340E-03
  4.6136E+01  6.6216E-02  3.3073E-03
  4.6282E+01  6.5874E-02  3.2804E-03
  4.6428E+01  6.5527E-02  3.2532E-03
  4.6574E+01  6.5176E-02  3.2256E-03
  4.6720E+01  6.4821E-02  3.1975E-03
  4.6866E+01  6.4461E-02  3.1688E-03
  4.7012E+01  6.4098E-02  3.1394E-03
  4.7158E+01  6.3730E-02  3.1091E-03
  4.7304E+01  6.3358E-02  3.0780E-03
  4.7450E+01  6.2982E-02  3.0458E-03
  4.7596E+01  6.2603E-02  3.0126E-03
  4.7742E+01  6.2221E-02  2.9784E-03
  4.7888E+01  6.1836E-02  2.9431E-03
  4.8034E+01  6.1448E-02  2.9068E-03
  4.8180E+01  6.1058E-02  2.8696E-03
  4.8326E+01  6.0666E-02  2.8314E-03
  4.8472E+01  6.0271E-02  2.7922E-03
  4.8618E+01  5.9872E-02  2.7522E-03
  4.8764E+01  5.9470E-02  2.7114E-03
  4.8910E+01  5.9065E-02  2.6697E-03
  4.9056E+01  5.8655E-02  2.6271E-03
  4.9202E+01  5.8241E-02  2.5836E-03
  4.9348E+01  5.7822E-02  2.5391E-03
  4.9494E+01  5.7400E-02  2.4937E-03
  4.9640E+01  5.6975E-02  2.4472E-03
  4.9786E+01  5.6546E-02  2.3997E-03
  4.9932E+01  5.6113E-02  2.3511E-03
  5.0078E+01  5.5677E-02  2.3012E-03
  5.0224E+01  5.5237E-02  2.2501E-03
  5.0370E+01  5.4794E-02  2.1979E-03
  5.0516E+01  5.4349E-02  2.1445E-03
  5.0662E+01  5.3900E-02  2.0900E-03
  5.0808E+01  5.3451E-02  2.0345E-03
  5.0954E+01  5.3000E-02  1.9781E-03
  5.1100E+01  5.2550E-02  1.9208E-03
  5.1246E+01  5.2100E-02  1.8630E-03
  5.1392E+01  5.1652E-02  1.8047E-03
  5.1538E+01  5.1206E-02  1.7461E-03
  5.1684E+01  5.0762E-02  1.6873E-03
  5.1830E+01  5.0321E-02  1.6286E-03
  5.1976E+01  4.9883E-02  1.5700E-03
  5.2122E+01  4.9446E-02  1.5116E-03
  5.2268E+01  4.9013E-02  1.4537E-03
  5.2414E+01  4.8581E-02  1.3962E-03
  5.2560E+01  4.8152E-02  1.3393E-03
  5.2706E+01  4.7725E-02  1.2830E-03
  5.2852E+01  4.7300E-02  1.2272E-03
  5.2998E+01  4.6878E-02  1.1720E-03
  5.3144E+01  4.6460E-02  1.1174E-03
  5.3290E+01  4.6045E-02  1.0633E-03
  5.3436E+01  4.5635E-02  1.0098E-03
  5.3582E+01  4.5231E-02  9.5685E-04
  5.3728E+01  4.4832E-02  9.0442E-04
  5.3874E+01  4.4439E-02  8.5260E-04
  5.4020E+01  4.4054E-02  8.0155E-04
  5.4166E+01  4.3677E-02  7.5144E-04
  5.4312E+01  4.3308E-02  7.0244E-04
  5.4458E+01  4.2950E-02  6.5467E-04
  5.4604E+01  4.2601E-02  6.0818E-04
  5.4750E+01  4.2264E-02  5.6303E-04
  5.4896E+01  4.1937E-02  5.1934E-04
  5.5042E+01  4.1623E-02  4.7726E-04
  5.5188E+01  4.1322E-02  4.3699E-04
  5.5334E+01  4.1034E-02  3.9867E-04
  5.5480E+01  4.0759E-02  3.6231E-04
  5.5626E+01  4.0495E-02  3.2781E-04
  5.5772E+01  4.0242E-02  2.9508E-04
  5.5918E+01  4.0000E-02  2.6418E-04
  5.6064E+01  3.9768E-02  2.3531E-04
  5.6210E+01  3.9545E-02  2.0873E-04
  5.6356E+01  3.9332E-02  1.8461E-04
  5.6502E+01  3.9128E-02  1.6286E-04
  5.6648E+01  3.8930E-02  1.4316E-04
  5.6794E+01  3.8738E-02  1.2514E-04
  5.6940E+01  3.8552E-02  1.0861E-04
  5.7086E+01  3.8374E-02  9.3727E-05
  5.7232E+01  3.8206E-02  8.0897E-05
  5.7378E+01  3.8049E-02  7.0541E-05
  5.7524E+01  3.7905E-02  6.2791E-05
  5.7670E+01  3.7771E-02  5.7363E-05
  5.7816E+01  3.7648E-02  5.3714E-05
  5.7962E+01  3.7534E-02  5.1416E-05
  5.8108E+01  3.7430E-02  5.0524E-05
  5.8254E+01  3.7340E-02  5.1675E-05
  5.8400E+01  3.7267E-02  5.5801E-05
  5.8546E+01  3.7214E-02  6.3583E-05
  5.8692E+01  3.7179E-02  7.4980E-05
  5.8838E+01  3.7159E-02  8.9165E-05
  5.8984E+01  3.7151E-02  1.0496E-04
  5.9130E+01  3.7150E-02  1.2155E-04
  5.9276E+01  3.7158E-02  1.3898E-04
  5.9422E+01  3.7179E-02  1.5821E-04
  5.9568E+01  3.7218E-02  1.8054E-04
  5.9714E+01  3.7278E-02  2.0680E-04
  5.9860E+01  3.7358E-02  2.3683E-04
  6.0006E+01  3.7452E-02  2.6946E-04
  6.0152E+01  3.7553E-02  3.0309E-04
  6.0298E+01  3.7655E-02  3.3654E-04
  6.0444E+01  3.7755E-02  3.6969E-04
  6.0590E+01  3.7858E-02  4.0352E-04
  6.0736E+01  3.7970E-02  4.3969E-04
  6.0882E+01  3.8097E-02  4.7964E-04
  6.1028E+01  3.8241E-02  5.2378E-04
  6.1174E+01  3.8399E-02  5.7111E-04
  6.1320E+01  3.8559E-02  6.1949E-04
  6.1466E+01  3.8713E-02  6.6654E-04
  6.1612E+01  3.8852E-02  7.1079E-04
  6.1758E+01  3.8976E-02  7.5241E-04
  6.1904E+01  3.9094E-02  7.9325E-04
  6.2050E+01  3.9217E-02  8.3595E-04
  6.2196E+01  3.9357E-02  8.8263E-04
  6.2342E+01  3.9521E-02  9.3384E-04
  6.2488E+01  3.9707E-02  9.8836E-04
  6.2634E+01  3.9907E-02  1.0439E-03
  6.2780E+01  4.0110E-02  1.0981E-03
  6.2926E+01  4.0307E-02  1.1498E-03
  6.3072E+01  4.0498E-02  1.1995E-03
  6.3218E+01  4.0685E-02  1.2485E-03
  6.3364E+01  4.0878E-02  1.2991E-03
  6.3510E+01  4.1086E-02  1.3526E-03
  6.3656E+01  4.1315E-02  1.4098E-03
  6.3802E+01  4.1564E-02  1.4699E-03
  6.3948E+01  4.1825E-02  1.5310E-03
  6.4094E+01  4.2086E-02  1.5909E-03
  6.4240E+01  4.2336E-02  1.6475E-03
  6.4386E+01  4.2568E-02  1.7000E-03
  6.4532E+01  4.2782E-02  1.7490E-03
  6.4678E+01  4.2986E-02  1.7966E-03
  6.4824E+01  4.3192E-02  1.8453E-03
  6.4970E+01  4.3414E-02  1.8973E-03
  6.5116E+01  4.3658E-02  1.9539E-03
  6.5262E+01  4.3928E-02  2.0143E-03
  6.5408E+01  4.4216E-02  2.0768E-03
  6.5554E+01  4.4512E-02  2.1390E-03
  6.5700E+01  4.4804E-02  2.1986E-03
  6.5846E+01  4.5080E-02  2.2542E-03
  6.5992E+01  4.5336E-02  2.3057E-03
  6.6138E+01  4.5571E-02  2.3540E-03
  6.6284E+01  4.5790E-02  2.4005E-03
  6.6430E+01  4.6001E-02  2.4471E-03
  6.6576E+01  4.6211E-02  2.4951E-03
  6.6722E+01  4.6422E-02  2.5453E-03
  6.6868E+01  4.6636E-02  2.5974E-03
  6.7014E+01  4.6848E-02  2.6501E-03
  6.7160E+01  4.7055E-02  2.7020E-03
  6.7306E+01  4.7252E-02  2.7514E-03
  6.7452E+01  4.7436E-02  2.7976E-03
  6.7598E+01  4.7610E-02  2.8404E-03
  6.7744E+01  4.7781E-02  2.8811E-03
  6.7890E+01  4.7954E-02  2.9212E-03
  6.8036E+01  4.8137E-02  2.9626E-03
  6.8182E+01  4.8335E-02  3.0064E-03
  6.8328E+01  4.8548E-02  3.0530E-03
  6.8474E+01  4.8772E-02  3.1015E-03
  6.8620E+01  4.9003E-02  3.1503E-03
  6.8766E+01  4.9232E-02  3.1977E-03
  6.8912E+01  4.9454E-02  3.2419E-03
  6.9058E+01  4.9667E-02  3.2822E-03
  6.9204E+01  4.9868E-02  3.3186E-03
  6.9350E+01  5.0061E-02  3.3522E-03
  6.9496E+01  5.0248E-02  3.3843E-03
  6.9642E+01  5.0431E-02  3.4163E-03
  6.9788E+01  5.0614E-02  3.4493E-03
  6.9934E+01  5.0797E-02  3.4839E-03
  7.0080E+01  5.0978E-02  3.5198E-03
  7.0226E+01  5.1155E-02  3.5559E-03
  7.0372E+01  5.1325E-02  3.5910E-03
  7.0518E+01  5.1488E-02  3.6238E-03
  7.0664E+01  5.1643E-02  3.6533E-03
  7.0810E+01  5.1793E-02  3.6795E-03
  7.0956E+01  5.1939E-02  3.7025E-03
  7.1102E+01  5.2088E-02  3.7236E-03
  7.1248E+01  5.2243E-02  3.7439E-03
  7.1394E+01  5.2406E-02  3.7647E-03
  7.1540E+01  5.2578E-02  3.7870E-03
  7.1686E+01  5.2756E-02  3.8112E-03
  7.1832E+01  5.2936E-02  3.8371E-03
  7.1978E+01  5.3112E-02  3.8642E-03
  7.2124E+01  5.3279E-02  3.8917E-03
  7.2270E+01  5.3429E-02  3.9189E-03
  7.2416E+01  5.3561E-02  3.9448E-03
  7.2562E+01  5.3672E-02  3.9688E-03
  7.2708E+01  5.3764E-02  3.9904E-03
  7.2854E+01  5.3838E-02  4.0095E-03
  7.3000E+01  5.3902E-02  4.0263E-03
  7.3146E+01  5.3960E-02  4.0412E-03
  7.3292E+01  5.4019E-02  4.0552E-03
  7.3438E+01  5.4086E-02  4.0693E-03
  7.3584E+01  5.4164E-02  4.0846E-03
  7.3730E+01  5.4255E-02  4.1017E-03
  7.3876E+01  5.4360E-02  4.1207E-03
  7.4022E+01  5.4474E-02  4.1411E-03
  7.4168E+01  5.4594E-02  4.1618E-03
  7.4314E+01  5.4717E-02  4.1817E-03
  7.4460E+01  5.4840E-02  4.1999E-03
  7.4606E+01  5.4961E-02  4.2158E-03
  7.4752E+01  5.5080E-02  4.2296E-03
  7.4898E+01  5.5198E-02  4.2420E-03
  7.5044E+01  5.5317E-02  4.2536E-03
  7.5190E+01  5.5436E-02  4.2653E-03
  7.5336E+01  5.5555E-02  4.2774E-03
  7.5482E+01  5.5672E-02  4.2897E-03
  7.5628E+01  5.5782E-02  4.3015E-03
  7.5774E+01  5.5882E-02  4.3122E-03
  7.5920E+01  5.5971E-02  4.3208E-03
  7.6066E+01  5.6046E-02  4.3269E-03
  7.6212E+01  5.6108E-02  4.3302E-03
  7.6358E+01  5.6160E-02  4.3309E-03
  7.6504E+01  5.6203E-02  4.3297E-03
  7.6650E+01  5.6243E-02  4.3271E-03
  7.6796E+01  5.6283E-02  4.3243E-03
  7.6942E+01  5.6326E-02  4.3219E-03
  7.7088E+01  5.6373E-02  4.3207E-03
  7.7234E+01  5.6423E-02  4.3213E-03
  7.7380E+01  5.6476E-02  4.3239E-03
  7.7526E+01  5.6528E-02  4.3283E-03
  7.7672E+01  5.6573E-02  4.3337E-03
  7.7818E+01  5.6607E-02  4.3392E-03
  7.7964E+01  5.6626E-02  4.3437E-03
  7.8110E+01  5.6625E-02  4.3460E-03
  7.8256E+01  5.6603E-02  4.3451E-03
  7.8402E+01  5.6563E-02  4.3408E-03
  7.8548E+01  5.6508E-02  4.3332E-03
  7.8694E+01  5.6446E-02  4.3230E-03
  7.8840E+01  5.6384E-02  4.3115E-03
  7.8986E+01  5.6332E-02  4.3003E-03
  7.9132E+01  5.6296E-02  4.2910E-03
  7.9278E+01  5.6282E-02  4.2847E-03
  7.9424E+01  5.6290E-02  4.2820E-03
  7.9570E+01  5.6320E-02  4.2828E-03
  7.9716E+01  5.6365E-02  4.2863E-03
  7.9862E+01  5.6419E-02  4.2912E-03
  8.0008E+01  5.6473E-02  4.2959E-03
  8.0154E+01  5.6518E-02  4.2989E-03
  8.0300E+01  5.6549E-02  4.2990E-03
  8.0446E+01  5.6562E-02  4.2956E-03
  8.0592E+01  5.6556E-02  4.2886E-03
  8.0738E+01  5.6533E-02  4.2782E-03
  8.0884E+01  5.6495E-02  4.2650E-03
  8.1030E+01  5.6449E-02  4.2497E-03
  8.1176E+01  5.6400E-02  4.2330E-03
  8.1322E+01  5.6353E-02  4.2157E-03
  8.1468E+01  5.6313E-02  4.1983E-03
  8.1614E+01  5.6284E-02  4.1816E-03
  8.1760E+01  5.6268E-02  4.1661E-03
  8.1906E+01  5.6265E-02  4.1523E-03
  8.2052E+01  5.6274E-02  4.1406E-03
  8.2198E+01  5.6289E-02  4.1308E-03
  8.2344E+01  5.6307E-02  4.1225E-03
  8.2490E+01  5.6320E-02  4.1147E-03
  8.2636E+01  5.6320E-02  4.1060E-03
  8.2782E+01  5.6302E-02  4.0950E-03
  8.2928E+01  5.6261E-02  4.0804E-03
  8.3074E+01  5.6195E-02  4.0617E-03
  8.3220E+01  5.6105E-02  4.0389E-03
  8.3366E+01  5.5997E-02  4.0130E-03
  8.3512E+01  5.5876E-02  3.9856E-03
  8.3658E+01  5.5751E-02  3.9587E-03
  8.3804E+01  5.5629E-02  3.9339E-03
  8.3950E+01  5.5514E-02  3.9123E-03
  8.4096E+01  5.5410E-02  3.8944E-03
  8.4242E+01  5.5317E-02  3.8797E-03
  8.4388E+01  5.5230E-02  3.8669E-03
  8.4534E+01  5.5147E-02  3.8547E-03
  8.4680E+01  5.5062E-02  3.8415E-03
  8.4826E+01  5.4972E-02  3.8263E-03
  8.4972E+01  5.4873E-02  3.8084E-03
  8.5118E+01  5.4766E-02  3.7880E-03
  8.5264E+01  5.4652E-02  3.7657E-03
  8.5410E+01  5.4534E-02  3.7424E-03
  8.5556E+01  5.4417E-02  3.7192E-03
  8.5702E+01  5.4304E-02  3.6971E-03
  8.5848E+01  5.4198E-02  3.6766E-03
  8.5994E+01  5.4103E-02  3.6581E-03
  8.6140E+01  5.4018E-02  3.6412E-03
  8.6286E+01  5.3943E-02  3.6256E-03
  8.6432E+01  5.3877E-02  3.6106E-03
  8.6578E+01  5.3818E-02  3.5955E-03
  8.6724E+01  5.3765E-02  3.5799E-03
  8.6870E+01  5.3717E-02  3.5636E-03
  8.7016E+01  5.3671E-02  3.5465E-03
  8.7162E+01  5.3629E-02  3.5292E-03
  8.7308E+01  5.3590E-02  3.5120E-03
  8.7454E+01  5.3553E-02  3.4953E-03
  8.7600E+01  5.3519E-02  3.4793E-03
  8.7746E+01  5.3486E-02  3.4639E-03
  8.7892E+01  5.3452E-02  3.4490E-03
  8.8038E+01  5.3418E-02  3.4343E-03
  8.8184E+01  5.3381E-02  3.4193E-03
  8.8330E+01  5.3340E-02  3.4038E-03
  8.8476E+01  5.3295E-02  3.3879E-03
  8.8622E+01  5.3244E-02  3.3717E-03
  8.8768E+01  5.3189E-02  3.3555E-03
  8.8914E+01  5.3130E-02  3.3398E-03
  8.9060E+01  5.3066E-02  3.3248E-03
  8.9206E+01  5.2997E-02  3.3107E-03
  8.9352E+01  5.2924E-02  3.2975E-03
  8.9498E+01  5.2845E-02  3.2849E-03
  8.9644E+01  5.2760E-02  3.2727E-03
  8.9790E+01  5.2669E-02  3.2606E-03
  8.9936E+01  5.2571E-02  3.2484E-03
  9.0082E+01  5.2466E-02  3.2361E-03
  9.0228E+01  5.2354E-02  3.2237E-03
  9.0374E+01  5.2236E-02  3.2114E-03
  9.0520E+01  5.2114E-02  3.1993E-03
  9.0666E+01  5.1988E-02  3.1878E-03
  9.0812E+01  5.1860E-02  3.1768E-03
  9.0958E+01  5.1731E-02  3.1665E-03
  9.1104E+01  5.1603E-02  3.1569E-03
  9.1250E+01  5.1476E-02  3.1479E-03
  9.1396E+01  5.1352E-02  3.1397E-03
  9.1542E+01  5.1232E-02  3.1320E-03
  9.1688E+01  5.1116E-02  3.1250E-03
  9.1834E+01  5.1006E-02  3.1185E-03
  9.1980E+01  5.0901E-02  3.1126E-03
  9.2126E+01  5.0804E-02  3.1071E-03
  9.2272E+01  5.0715E-02  3.1022E-03
  9.2418E+01  5.0634E-02  3.0977E-03
  9.2564E+01  5.0562E-02  3.0936E-03
  9.2710E+01  5.0500E-02  3.0901E-03
  9.2856E+01  5.0448E-02  3.0871E-03
  9.3002E+01  5.0407E-02  3.0848E-03
  9.3148E+01  5.0376E-02  3.0830E-03
  9.3294E+01  5.0356E-02  3.0819E-03
  9.3440E+01  5.0346E-02  3.0814E-03
  9.3586E+01  5.0345E-02  3.0815E-03
  9.3732E+01  5.0353E-02  3.0819E-03
  9.3878E+01  5.0369E-02  3.0826E-03
  9.4024E+01  5.0392E-02  3.0836E-03
  9.4170E+01  5.0422E-02  3.0847E-03
  9.4316E+01  5.0457E-02  3.0858E-03
  9.4462E+01  5.0496E-02  3.0872E-03
  9.4608E+01  5.0540E-02  3.0887E-03
  9.4754E+01  5.0586E-02  3.0905E-03
  9.4900E+01  5.0634E-02  3.0926E-03
  9.5046E+01  5.0683E-02  3.0952E-03
  9.5192E+01  5.0731E-02  3.0982E-03
  9.5338E+01  5.0777E-02  3.1017E-03
  9.5484E+01  5.0821E-02  3.1056E-03
  9.5630E+01  5.0861E-02  3.1100E-03
  9.5776E+01  5.0895E-02  3.1147E-03
  9.5922E+01  5.0922E-02  3.1197E-03
  9.6068E+01  5.0942E-02  3.1249E-03
  9.6214E+01  5.0954E-02  3.1302E-03
  9.6360E+01  5.0958E-02  3.1358E-03
  9.6506E+01  5.0952E-02  3.1415E-03
  9.6652E+01  5.0937E-02  3.1474E-03
  9.6798E+01  5.0913E-02  3.1535E-03
  9.6944E+01  5.0879E-02  3.1599E-03
  9.7090E+01  5.0838E-02  3.1665E-03
  9.7236E+01  5.0787E-02  3.1735E-03
  9.7382E+01  5.0730E-02  3.1808E-03
  9.7528E+01  5.0665E-02  3.1885E-03
  9.7674E+01  5.0594E-02  3.1966E-03
  9.7820E+01  5.0518E-02  3.2052E-03
  9.7966E+01  5.0437E-02  3.2142E-03
  9.8112E+01  5.0354E-02  3.2238E-03
  9.8258E+01  5.0268E-02  3.2338E-03
  9.8404E+01  5.0183E-02  3.2444E-03
  9.8550E+01  5.0098E-02  3.2554E-03
  9.8696E+01  5.0016E-02  3.2669E-03
  9.8842E+01  4.9937E-02  3.2789E-03
  9.8988E+01  4.9864E-02  3.2913E-03
  9.9134E+01  4.9798E-02  3.3041E-03
  9.9280E+01  4.9740E-02  3.3173E-03
  9.9426E+01  4.9692E-02  3.3308E-03
  9.9572E+01  4.9654E-02  3.3447E-03
  9.9718E+01  4.9628E-02  3.3589E-03
  9.9864E+01  4.9614E-02  3.3733E-03
  1.0001E+02  4.9613E-02  3.3879E-03
  1.0016E+02  4.9625E-02  3.4027E-03
  1.0030E+02  4.9651E-02  3.4176E-03
  1.0045E+02  4.9691E-02  3.4326E-03
  1.0059E+02  4.9744E-02  3.4475E-03
  1.0074E+02  4.9809E-02  3.4623E-03
  1.0089E+02  4.9888E-02  3.4770E-03
  1.0103E+02  4.9978E-02  3.4915E-03
  1.0118E+02  5.0080E-02  3.5059E-03
  1.0132E+02  5.0191E-02  3.5201E-03
  1.0147E+02  5.0311E-02  3.5341E-03
  1.0162E+02  5.0440E-02  3.5480E-03
  1.0176E+02  5.0574E-02  3.5617E-03
  1.0191E+02  5.0714E-02  3.5754E-03
  1.0205E+02  5.0858E-02  3.5890E-03
  1.0220E+02  5.1003E-02  3.6025E-03
  1.0235E+02  5.1150E-02  3.6159E-03
  1.0249E+02  5.1295E-02  3.6292E-03
  1.0264E+02  5.1437E-02  3.6424E-03
  1.0278E+02  5.1576E-02  3.6555E-03
  1.0293E+02  5.1708E-02  3.6684E-03
  1.0308E+02  5.1834E-02  3.6812E-03
  1.0322E+02  5.1952E-02  3.6939E-03
  1.0337E+02  5.2061E-02  3.7066E-03
  1.0351E+02  5.2159E-02  3.7191E-03
  1.0366E+02  5.2246E-02  3.7317E-03
  1.0381E+02  5.2322E-02  3.7442E-03
  1.0395E+02  5.2385E-02  3.7568E-03
  1.0410E+02  5.2436E-02  3.7694E-03
  1.0424E+02  5.2473E-02  3.7822E-03
  1.0439E+02  5.2497E-02  3.7951E-03
  1.0454E+02  5.2508E-02  3.8082E-03
  1.0468E+02  5.2505E-02  3.8216E-03
  1.0483E+02  5.2490E-02  3.8351E-03
  1.0497E+02  5.2462E-02  3.8489E-03
  1.0512E+02  5.2423E-02  3.8630E-03
  1.0527E+02  5.2373E-02  3.8773E-03
  1.0541E+02  5.2312E-02  3.8918E-03
  1.0556E+02  5.2244E-02  3.9066E-03
  1.0570E+02  5.2167E-02  3.9216E-03
  1.0585E+02  5.2085E-02  3.9367E-03
  1.0600E+02  5.1998E-02  3.9521E-03
  1.0614E+02  5.1908E-02  3.9676E-03
  1.0629E+02  5.1817E-02  3.9831E-03
  1.0643E+02  5.1725E-02  3.9986E-03
  1.0658E+02  5.1635E-02  4.0139E-03
  1.0673E+02  5.1548E-02  4.0292E-03
  1.0687E+02  5.1465E-02  4.0443E-03
  1.0702E+02  5.1389E-02  4.0591E-03
  1.0716E+02  5.1321E-02  4.0737E-03
  1.0731E+02  5.1262E-02  4.0879E-03
  1.0746E+02  5.1213E-02  4.1018E-03
  1.0760E+02  5.1176E-02  4.1154E-03
  1.0775E+02  5.1152E-02  4.1286E-03
  1.0789E+02  5.1141E-02  4.1414E-03
  1.0804E+02  5.1145E-02  4.1538E-03
  1.0819E+02  5.1164E-02  4.1659E-03
  1.0833E+02  5.1198E-02  4.1777E-03
  1.0848E+02  5.1247E-02  4.1892E-03
  1.0862E+02  5.1312E-02  4.2003E-03
  1.0877E+02  5.1392E-02  4.2111E-03
  1.0892E+02  5.1487E-02  4.2217E-03
  1.0906E+02  5.1596E-02  4.2320E-03
  1.0921E+02  5.1717E-02  4.2420E-03
  1.0935E+02  5.1851E-02  4.2517E-03
  1.0950E+02  5.1996E-02  4.2613E-03
  1.0965E+02  5.2151E-02  4.2707E-03
  1.0979E+02  5.2314E-02  4.2799E-03
  1.0994E+02  5.2484E-02  4.2891E-03
  1.1008E+02  5.2659E-02  4.2981E-03
  1.1023E+02  5.2837E-02  4.3070E-03
  1.1038E+02  5.3017E-02  4.3157E-03
  1.1052E+02  5.3197E-02  4.3242E-03
  1.1067E+02  5.3375E-02  4.3326E-03
  1.1081E+02  5.3549E-02  4.3409E-03
  1.1096E+02  5.3718E-02  4.3490E-03
  1.1111E+02  5.3880E-02  4.3569E-03
  1.1125E+02  5.4034E-02  4.3646E-03
  1.1140E+02  5.4178E-02  4.3722E-03
  1.1154E+02  5.4310E-02  4.3796E-03
  1.1169E+02  5.4430E-02  4.3868E-03
  1.1184E+02  5.4536E-02  4.3938E-03
  1.1198E+02  5.4627E-02  4.4007E-03
  1.1213E+02  5.4702E-02  4.4075E-03
  1.1227E+02  5.4762E-02  4.4142E-03
  1.1242E+02  5.4804E-02  4.4208E-03
  1.1257E+02  5.4829E-02  4.4274E-03
  1.1271E+02  5.4837E-02  4.4340E-03
  1.1286E+02  5.4828E-02  4.4406E-03
  1.1300E+02  5.4802E-02  4.4473E-03
  1.1315E+02  5.4759E-02  4.4540E-03
  1.1330E+02  5.4700E-02  4.4607E-03
  1.1344E+02  5.4626E-02  4.4674E-03
  1.1359E+02  5.4536E-02  4.4740E-03
  1.1373E+02  5.4433E-02  4.4805E-03
  1.1388E+02  5.4317E-02  4.4870E-03
  1.1403E+02  5.4190E-02  4.4934E-03
  1.1417E+02  5.4053E-02  4.4998E-03
  1.1432E+02  5.3907E-02  4.5062E-03
  1.1446E+02  5.3754E-02  4.5123E-03
  1.1461E+02  5.3596E-02  4.5182E-03
  1.1476E+02  5.3434E-02  4.5237E-03
  1.1490E+02  5.3269E-02  4.5290E-03
  1.1505E+02  5.3104E-02  4.5340E-03
  1.1519E+02  5.2940E-02  4.5388E-03
  1.1534E+02  5.2781E-02  4.5432E-03
  1.1549E+02  5.2626E-02  4.5473E-03
  1.1563E+02  5.2478E-02  4.5511E-03
  1.1578E+02  5.2338E-02  4.5544E-03
  1.1592E+02  5.2208E-02  4.5572E-03
  1.1607E+02  5.2089E-02  4.5596E-03
  1.1622E+02  5.1983E-02  4.5615E-03
  1.1636E+02  5.1891E-02  4.5629E-03
  1.1651E+02  5.1814E-02  4.5639E-03
  1.1665E+02  5.1753E-02  4.5645E-03
  1.1680E+02  5.1708E-02  4.5647E-03
  1.1695E+02  5.1680E-02  4.5644E-03
  1.1709E+02  5.1670E-02  4.5636E-03
  1.1724E+02  5.1678E-02  4.5625E-03
  1.1738E+02  5.1704E-02  4.5609E-03
  1.1753E+02  5.1747E-02  4.5592E-03
  1.1768E+02  5.1808E-02  4.5572E-03
  1.1782E+02  5.1886E-02  4.5550E-03
  1.1797E+02  5.1980E-02  4.5525E-03
  1.1811E+02  5.2090E-02  4.5496E-03
  1.1826E+02  5.2213E-02  4.5463E-03
  1.1841E+02  5.2350E-02  4.5427E-03
  1.1855E+02  5.2499E-02  4.5391E-03
  1.1870E+02  5.2661E-02  4.5358E-03
  1.1884E+02  5.2832E-02  4.5327E-03
  1.1899E+02  5.3012E-02  4.5298E-03
  1.1914E+02  5.3199E-02  4.5270E-03
  1.1928E+02  5.3390E-02  4.5241E-03
  1.1943E+02  5.3583E-02  4.5212E-03
  1.1957E+02  5.3778E-02  4.5182E-03
  1.1972E+02  5.3972E-02  4.5155E-03
  1.1987E+02  5.4164E-02  4.5131E-03
  1.2001E+02  5.4353E-02  4.5112E-03
  1.2016E+02  5.4536E-02  4.5098E-03
  1.2030E+02  5.4713E-02  4.5086E-03
  1.2045E+02  5.4881E-02  4.5077E-03
  1.2060E+02  5.5039E-02  4.5069E-03
  1.2074E+02  5.5184E-02  4.5063E-03
  1.2089E+02  5.5317E-02  4.5059E-03
  1.2103E+02  5.5434E-02  4.5057E-03
  1.2118E+02  5.5536E-02  4.5057E-03
  1.2133E+02  5.5621E-02  4.5059E-03
  1.2147E+02  5.5689E-02  4.5063E-03
  1.2162E+02  5.5738E-02  4.5069E-03
  1.2176E+02  5.5768E-02  4.5075E-03
  1.2191E+02  5.5778E-02  4.5080E-03
  1.2206E+02  5.5768E-02  4.5085E-03
  1.2220E+02  5.5739E-02  4.5090E-03
  1.2235E+02  5.5689E-02  4.5096E-03
  1.2249E+02  5.5620E-02  4.5103E-03
  1.2264E+02  5.5531E-02  4.5112E-03
  1.2279E+02  5.5424E-02  4.5121E-03
  1.2293E+02  5.5297E-02  4.5128E-03
  1.2308E+02  5.5153E-02  4.5131E-03
  1.2322E+02  5.4991E-02  4.5128E-03
  1.2337E+02  5.4814E-02  4.5122E-03
  1.2352E+02  5.4623E-02  4.5114E-03
  1.2366E+02  5.4420E-02  4.5108E-03
  1.2381E+02  5.4207E-02  4.5105E-03
  1.2395E+02  5.3987E-02  4.5107E-03
  1.2410E+02  5.3759E-02  4.5108E-03
  1.2425E+02  5.3525E-02  4.5106E-03
  1.2439E+02  5.3285E-02  4.5098E-03
  1.2454E+02  5.3042E-02  4.5082E-03
  1.2468E+02  5.2797E-02  4.5059E-03
  1.2483E+02  5.2553E-02  4.5033E-03
  1.2498E+02  5.2312E-02  4.5006E-03
  1.2512E+02  5.2076E-02  4.4979E-03
  1.2527E+02  5.1848E-02  4.4953E-03
  1.2541E+02  5.1630E-02  4.4927E-03
  1.2556E+02  5.1423E-02  4.4898E-03
  1.2571E+02  5.1227E-02  4.4866E-03
  1.2585E+02  5.1045E-02  4.4828E-03
  1.2600E+02  5.0877E-02  4.4784E-03
  1.2614E+02  5.0723E-02  4.4736E-03
  1.2629E+02  5.0586E-02  4.4684E-03
  1.2644E+02  5.0467E-02  4.4630E-03
  1.2658E+02  5.0366E-02  4.4573E-03
  1.2673E+02  5.0285E-02  4.4516E-03
  1.2687E+02  5.0224E-02  4.4457E-03
  1.2702E+02  5.0183E-02  4.4396E-03
  1.2717E+02  5.0162E-02  4.4334E-03
  1.2731E+02  5.0161E-02  4.4271E-03
  1.2746E+02  5.0181E-02  4.4206E-03
  1.2760E+02  5.0221E-02  4.4142E-03
  1.2775E+02  5.0280E-02  4.4078E-03
  1.2790E+02  5.0359E-02  4.4016E-03
  1.2804E+02  5.0456E-02  4.3956E-03
  1.2819E+02  5.0570E-02  4.3899E-03
  1.2833E+02  5.0700E-02  4.3844E-03
  1.2848E+02  5.0845E-02  4.3789E-03
  1.2863E+02  5.1004E-02  4.3735E-03
  1.2877E+02  5.1175E-02  4.3682E-03
  1.2892E+02  5.1358E-02  4.3633E-03
  1.2906E+02  5.1552E-02  4.3590E-03
  1.2921E+02  5.1756E-02  4.3557E-03
  1.2936E+02  5.1968E-02  4.3534E-03
  1.2950E+02  5.2187E-02  4.3522E-03
  1.2965E+02  5.2411E-02  4.3519E-03
  1.2979E+02  5.2637E-02  4.3521E-03
  1.2994E+02  5.2863E-02  4.3526E-03
  1.3009E+02  5.3086E-02  4.3534E-03
  1.3023E+02  5.3305E-02  4.3543E-03
  1.3038E+02  5.3519E-02  4.3557E-03
  1.3052E+02  5.3726E-02  4.3578E-03
  1.3067E+02  5.3925E-02  4.3608E-03
  1.3082E+02  5.4117E-02  4.3648E-03
  1.3096E+02  5.4300E-02  4.3700E-03
  1.3111E+02  5.4472E-02  4.3761E-03
  1.3125E+02  5.4633E-02  4.3830E-03
  1.3140E+02  5.4780E-02  4.3903E-03
  1.3155E+02  5.4912E-02  4.3981E-03
  1.3169E+02  5.5027E-02  4.4060E-03
  1.3184E+02  5.5125E-02  4.4140E-03
  1.3198E+02  5.5204E-02  4.4222E-03
  1.3213E+02  5.5264E-02  4.4305E-03
  1.3228E+02  5.5305E-02  4.4389E-03
  1.3242E+02  5.5326E-02  4.4475E-03
  1.3257E+02  5.5327E-02  4.4563E-03
  1.3271E+02  5.5309E-02  4.4653E-03
  1.3286E+02  5.5272E-02  4.4742E-03
  1.3301E+02  5.5215E-02  4.4831E-03
  1.3315E+02  5.5140E-02  4.4919E-03
  1.3330E+02  5.5046E-02  4.5003E-03
  1.3344E+02  5.4933E-02  4.5083E-03
  1.3359E+02  5.4804E-02  4.5159E-03
  1.3374E+02  5.4657E-02  4.5229E-03
  1.3388E+02  5.4496E-02  4.5295E-03
  1.3403E+02  5.4320E-02  4.5356E-03
  1.3417E+02  5.4132E-02  4.5412E-03
  1.3432E+02  5.3932E-02  4.5463E-03
  1.3447E+02  5.3722E-02  4.5507E-03
  1.3461E+02  5.3503E-02  4.5544E-03
  1.3476E+02  5.3278E-02  4.5571E-03
  1.3490E+02  5.3048E-02  4.5591E-03
  1.3505E+02  5.2816E-02  4.5603E-03
  1.3520E+02  5.2582E-02  4.5609E-03
  1.3534E+02  5.2350E-02  4.5609E-03
  1.3549E+02  5.2120E-02  4.5606E-03
  1.3563E+02  5.1894E-02  4.5599E-03
  1.3578E+02  5.1673E-02  4.5587E-03
  1.3593E+02  5.1459E-02  4.5570E-03
  1.3607E+02  5.1252E-02  4.5545E-03
  1.3622E+02  5.1053E-02  4.5513E-03
  1.3636E+02  5.0863E-02  4.5473E-03
  1.3651E+02  5.0683E-02  4.5428E-03
  1.3666E+02  5.0516E-02  4.5379E-03
  1.3680E+02  5.0361E-02  4.5329E-03
  1.3695E+02  5.0220E-02  4.5279E-03
  1.3709E+02  5.0093E-02  4.5231E-03
  1.3724E+02  4.9981E-02  4.5186E-03
  1.3739E+02  4.9885E-02  4.5145E-03
  1.3753E+02  4.9803E-02  4.5108E-03
  1.3768E+02  4.9737E-02  4.5074E-03
  1.3782E+02  4.9685E-02  4.5044E-03
  1.3797E+02  4.9648E-02  4.5017E-03
  1.3812E+02  4.9626E-02  4.4994E-03
  1.3826E+02  4.9617E-02  4.4977E-03
  1.3841E+02  4.9623E-02  4.4965E-03
  1.3855E+02  4.9642E-02  4.4962E-03
  1.3870E+02  4.9676E-02  4.4966E-03
  1.3885E+02  4.9723E-02  4.4980E-03
  1.3899E+02  4.9784E-02  4.5003E-03
  1.3914E+02  4.9858E-02  4.5036E-03
  1.3928E+02  4.9945E-02  4.5079E-03
  1.3943E+02  5.0044E-02  4.5132E-03
  1.3958E+02  5.0156E-02  4.5194E-03
  1.3972E+02  5.0279E-02  4.5265E-03
  1.3987E+02  5.0413E-02  4.5345E-03
  1.4001E+02  5.0557E-02  4.5434E-03
  1.4016E+02  5.0710E-02  4.5531E-03
  1.4031E+02  5.0872E-02  4.5637E-03
  1.4045E+02  5.1041E-02  4.5751E-03
  1.4060E+02  5.1215E-02  4.5871E-03
  1.4074E+02  5.1395E-02  4.5998E-03
  1.4089E+02  5.1579E-02  4.6130E-03
  1.4104E+02  5.1764E-02  4.6265E-03
  1.4118E+02  5.1951E-02  4.6402E-03
  1.4133E+02  5.2138E-02  4.6541E-03
  1.4147E+02  5.2323E-02  4.6680E-03
  1.4162E+02  5.2506E-02  4.6820E-03
  1.4177E+02  5.2685E-02  4.6961E-03
  1.4191E+02  5.2858E-02  4.7103E-03
  1.4206E+02  5.3026E-02  4.7245E-03
  1.4220E+02  5.3185E-02  4.7386E-03
  1.4235E+02  5.3336E-02  4.7525E-03
  1.4250E+02  5.3476E-02  4.7661E-03
  1.4264E+02  5.3604E-02  4.7790E-03
  1.4279E+02  5.3719E-02  4.7911E-03
  1.4293E+02  5.3821E-02  4.8024E-03
  1.4308E+02  5.3910E-02  4.8126E-03
  1.4323E+02  5.3984E-02  4.8218E-03
  1.4337E+02  5.4045E-02  4.8300E-03
  1.4352E+02  5.4092E-02  4.8374E-03
  1.4366E+02  5.4126E-02  4.8439E-03
  1.4381E+02  5.4148E-02  4.8496E-03
  1.4396E+02  5.4159E-02  4.8545E-03
  1.4410E+02  5.4158E-02  4.8587E-03
  1.4425E+02  5.4146E-02  4.8621E-03
  1.4439E+02  5.4124E-02  4.8647E-03
  1.4454E+02  5.4093E-02  4.8663E-03
  1.4469E+02  5.4052E-02  4.8670E-03
  1.4483E+02  5.4004E-02  4.8668E-03
  1.4498E+02  5.3949E-02  4.8657E-03
  1.4512E+02  5.3887E-02  4.8638E-03
  1.4527E+02  5.3820E-02  4.8612E-03
  1.4542E+02  5.3749E-02  4.8581E-03
  1.4556E+02  5.3675E-02  4.8545E-03
  1.4571E+02  5.3599E-02  4.8506E-03
  1.4585E+02  5.3521E-02  4.8465E-03
  1.4600E+02  5.3443E-02  4.8423E-03
  1.4615E+02  5.3365E-02  4.8380E-03
  1.4629E+02  5.3287E-02  4.8338E-03
  1.4644E+02  5.3211E-02  4.8298E-03
  1.4658E+02  5.3135E-02  4.8260E-03
  1.4673E+02  5.3061E-02  4.8226E-03
  1.4688E+02  5.2988E-02  4.8195E-03
  1.4702E+02  5.2916E-02  4.8170E-03
  1.4717E+02  5.2847E-02  4.8149E-03
  1.4731E+02  5.2778E-02  4.8133E-03
  1.4746E+02  5.2712E-02  4.8122E-03
  1.4761E+02  5.2647E-02  4.8117E-03
  1.4775E+02  5.2584E-02  4.8119E-03
  1.4790E+02  5.2523E-02  4.8128E-03
  1.4804E+02  5.2464E-02  4.8145E-03
  1.4819E+02  5.2408E-02  4.8172E-03
  1.4834E+02  5.2354E-02  4.8207E-03
  1.4848E+02  5.2303E-02  4.8251E-03
  1.4863E+02  5.2255E-02  4.8303E-03
  1.4877E+02  5.2209E-02  4.8362E-03
  1.4892E+02  5.2166E-02  4.8429E-03
  1.4907E+02  5.2127E-02  4.8502E-03
  1.4921E+02  5.2092E-02  4.8583E-03
  1.4936E+02  5.2060E-02  4.8672E-03
  1.4950E+02  5.2032E-02  4.8768E-03
  1.4965E+02  5.2008E-02  4.8872E-03
  1.4980E+02  5.1989E-02  4.8982E-03
  1.4994E+02  5.1975E-02  4.9097E-03
  1.5009E+02  5.1965E-02  4.9216E-03
  1.5023E+02  5.1960E-02  4.9338E-03
  1.5038E+02  5.1960E-02  4.9462E-03
  1.5053E+02  5.1964E-02  4.9588E-03
  1.5067E+02  5.1974E-02  4.9714E-03
  1.5082E+02  5.1989E-02  4.9841E-03
  1.5096E+02  5.2009E-02  4.9970E-03
  1.5111E+02  5.2034E-02  5.0098E-03
  1.5126E+02  5.2064E-02  5.0226E-03
  1.5140E+02  5.2098E-02  5.0352E-03
  1.5155E+02  5.2135E-02  5.0477E-03
  1.5169E+02  5.2175E-02  5.0598E-03
  1.5184E+02  5.2218E-02  5.0715E-03
  1.5199E+02  5.2261E-02  5.0827E-03
  1.5213E+02  5.2305E-02  5.0933E-03
  1.5228E+02  5.2349E-02  5.1032E-03
  1.5242E+02  5.2391E-02  5.1125E-03
  1.5257E+02  5.2432E-02  5.1210E-03
  1.5272E+02  5.2469E-02  5.1288E-03
  1.5286E+02  5.2502E-02  5.1357E-03
  1.5301E+02  5.2530E-02  5.1417E-03
  1.5315E+02  5.2552E-02  5.1468E-03
  1.5330E+02  5.2568E-02  5.1509E-03
  1.5345E+02  5.2578E-02  5.1540E-03
  1.5359E+02  5.2580E-02  5.1561E-03
  1.5374E+02  5.2574E-02  5.1572E-03
  1.5388E+02  5.2560E-02  5.1572E-03
  1.5403E+02  5.2539E-02  5.1561E-03
  1.5418E+02  5.2509E-02  5.1540E-03
  1.5432E+02  5.2472E-02  5.1510E-03
  1.5447E+02  5.2428E-02  5.1470E-03
  1.5461E+02  5.2377E-02  5.1420E-03
  1.5476E+02  5.2320E-02  5.1361E-03
  1.5491E+02  5.2257E-02  5.1294E-03
  1.5505E+02  5.2190E-02  5.1220E-03
  1.5520E+02  5.2118E-02  5.1138E-03
  1.5534E+02  5.2044E-02  5.1050E-03
  1.5549E+02  5.1968E-02  5.0957E-03
  1.5564E+02  5.1891E-02  5.0860E-03
  1.5578E+02  5.1813E-02  5.0758E-03
  1.5593E+02  5.1737E-02  5.0653E-03
  1.5607E+02  5.1663E-02  5.0546E-03
  1.5622E+02  5.1592E-02  5.0435E-03
  1.5637E+02  5.1525E-02  5.0322E-03
  1.5651E+02  5.1462E-02  5.0207E-03
  1.5666E+02  5.1405E-02  5.0091E-03
  1.5680E+02  5.1355E-02  4.9975E-03
  1.5695E+02  5.1312E-02  4.9860E-03
  1.5710E+02  5.1277E-02  4.9748E-03
  1.5724E+02  5.1251E-02  4.9642E-03
  1.5739E+02  5.1234E-02  4.9542E-03
  1.5753E+02  5.1226E-02  4.9451E-03
  1.5768E+02  5.1227E-02  4.9371E-03
  1.5783E+02  5.1236E-02  4.9301E-03
  1.5797E+02  5.1253E-02  4.9241E-03
  1.5812E+02  5.1278E-02  4.9193E-03
  1.5826E+02  5.1308E-02  4.9153E-03
  1.5841E+02  5.1344E-02  4.9123E-03
  1.5856E+02  5.1384E-02  4.9101E-03
  1.5870E+02  5.1426E-02  4.9088E-03
  1.5885E+02  5.1472E-02  4.9083E-03
  1.5899E+02  5.1519E-02  4.9089E-03
  1.5914E+02  5.1567E-02  4.9105E-03
  1.5929E+02  5.1617E-02  4.9133E-03
  1.5943E+02  5.1666E-02  4.9175E-03
  1.5958E+02  5.1716E-02  4.9232E-03
  1.5972E+02  5.1765E-02  4.9303E-03
  1.5987E+02  5.1813E-02  4.9388E-03
  1.6002E+02  5.1860E-02  4.9486E-03
  1.6016E+02  5.1905E-02  4.9596E-03
  1.6031E+02  5.1947E-02  4.9715E-03
  1.6045E+02  5.1988E-02  4.9843E-03
  1.6060E+02  5.2026E-02  4.9978E-03
  1.6075E+02  5.2061E-02  5.0118E-03
  1.6089E+02  5.2094E-02  5.0263E-03
  1.6104E+02  5.2126E-02  5.0410E-03
  1.6118E+02  5.2156E-02  5.0561E-03
  1.6133E+02  5.2186E-02  5.0715E-03
  1.6148E+02  5.2216E-02  5.0871E-03
  1.6162E+02  5.2247E-02  5.1029E-03
  1.6177E+02  5.2278E-02  5.1188E-03
  1.6191E+02  5.2311E-02  5.1347E-03
  1.6206E+02  5.2346E-02  5.1506E-03
  1.6221E+02  5.2383E-02  5.1663E-03
  1.6235E+02  5.2422E-02  5.1817E-03
  1.6250E+02  5.2463E-02  5.1968E-03
  1.6264E+02  5.2505E-02  5.2113E-03
  1.6279E+02  5.2548E-02  5.2252E-03
  1.6294E+02  5.2592E-02  5.2384E-03
  1.6308E+02  5.2636E-02  5.2508E-03
  1.6323E+02  5.2679E-02  5.2624E-03
  1.6337E+02  5.2721E-02  5.2732E-03
  1.6352E+02  5.2761E-02  5.2832E-03
  1.6367E+02  5.2799E-02  5.2923E-03
  1.6381E+02  5.2832E-02  5.3006E-03
  1.6396E+02  5.2861E-02  5.3079E-03
  1.6410E+02  5.2884E-02  5.3143E-03
  1.6425E+02  5.2901E-02  5.3198E-03
  1.6440E+02  5.2911E-02  5.3243E-03
  1.6454E+02  5.2912E-02  5.3277E-03
  1.6469E+02  5.2905E-02  5.3302E-03
  1.6483E+02  5.2888E-02  5.3318E-03
  1.6498E+02  5.2862E-02  5.3324E-03
  1.6513E+02  5.2825E-02  5.3323E-03
  1.6527E+02  5.2778E-02  5.3313E-03
  1.6542E+02  5.2720E-02  5.3296E-03
  1.6556E+02  5.2652E-02  5.3271E-03
  1.6571E+02  5.2573E-02  5.3238E-03
  1.6586E+02  5.2484E-02  5.3197E-03
  1.6600E+02  5.2385E-02  5.3147E-03
  1.6615E+02  5.2277E-02  5.3088E-03
  1.6629E+02  5.2161E-02  5.3022E-03
  1.6644E+02  5.2038E-02  5.2949E-03
  1.6659E+02  5.1909E-02  5.2870E-03
  1.6673E+02  5.1775E-02  5.2788E-03
  1.6688E+02  5.1638E-02  5.2704E-03
  1.6702E+02  5.1499E-02  5.2618E-03
  1.6717E+02  5.1359E-02  5.2530E-03
  1.6732E+02  5.1220E-02  5.2442E-03
  1.6746E+02  5.1082E-02  5.2352E-03
  1.6761E+02  5.0946E-02  5.2260E-03
  1.6775E+02  5.0815E-02  5.2165E-03
  1.6790E+02  5.0688E-02  5.2067E-03
  1.6805E+02  5.0567E-02  5.1968E-03
  1.6819E+02  5.0453E-02  5.1868E-03
  1.6834E+02  5.0347E-02  5.1769E-03
  1.6848E+02  5.0249E-02  5.1671E-03
  1.6863E+02  5.0162E-02  5.1577E-03
  1.6878E+02  5.0085E-02  5.1487E-03
  1.6892E+02  5.0018E-02  5.1402E-03
  1.6907E+02  4.9963E-02  5.1323E-03
  1.6921E+02  4.9918E-02  5.1250E-03
  1.6936E+02  4.9884E-02  5.1182E-03
  1.6951E+02  4.9861E-02  5.1120E-03
  1.6965E+02  4.9847E-02  5.1063E-03
  1.6980E+02  4.9843E-02  5.1011E-03
  1.6994E+02  4.9848E-02  5.0965E-03
  1.7009E+02  4.9860E-02  5.0924E-03
  1.7024E+02  4.9880E-02  5.0889E-03
  1.7038E+02  4.9906E-02  5.0861E-03
  1.7053E+02  4.9937E-02  5.0840E-03
  1.7067E+02  4.9972E-02  5.0826E-03
  1.7082E+02  5.0011E-02  5.0820E-03
  1.7097E+02  5.0053E-02  5.0822E-03
  1.7111E+02  5.0096E-02  5.0832E-03
  1.7126E+02  5.0140E-02  5.0849E-03
  1.7140E+02  5.0184E-02  5.0873E-03
  1.7155E+02  5.0228E-02  5.0904E-03
  1.7170E+02  5.0270E-02  5.0942E-03
  1.7184E+02  5.0310E-02  5.0987E-03
  1.7199E+02  5.0348E-02  5.1037E-03
  1.7213E+02  5.0383E-02  5.1093E-03
  1.7228E+02  5.0415E-02  5.1154E-03
  1.7243E+02  5.0444E-02  5.1220E-03
  1.7257E+02  5.0470E-02  5.1292E-03
  1.7272E+02  5.0494E-02  5.1367E-03
  1.7286E+02  5.0515E-02  5.1447E-03
  1.7301E+02  5.0534E-02  5.1530E-03
  1.7316E+02  5.0551E-02  5.1617E-03
  1.7330E+02  5.0567E-02  5.1707E-03
  1.7345E+02  5.0581E-02  5.1800E-03
  1.7359E+02  5.0596E-02  5.1896E-03
  1.7374E+02  5.0611E-02  5.1994E-03
  1.7389E+02  5.0627E-02  5.2093E-03
  1.7403E+02  5.0644E-02  5.2194E-03
  1.7418E+02  5.0664E-02  5.2297E-03
  1.7432E+02  5.0685E-02  5.2400E-03
  1.7447E+02  5.0710E-02  5.2504E-03
  1.7462E+02  5.0737E-02  5.2608E-03
  1.7476E+02  5.0768E-02  5.2711E-03
  1.7491E+02  5.0803E-02  5.2814E-03
  1.7505E+02  5.0841E-02  5.2915E-03
  1.7520E+02  5.0883E-02  5.3016E-03
  1.7535E+02  5.0929E-02  5.3116E-03
  1.7549E+02  5.0978E-02  5.3214E-03
  1.7564E+02  5.1030E-02  5.3311E-03
  1.7578E+02  5.1085E-02  5.3406E-03
  1.7593E+02  5.1141E-02  5.3499E-03
  1.7608E+02  5.1199E-02  5.3590E-03
  1.7622E+02  5.1257E-02  5.3677E-03
  1.7637E+02  5.1315E-02  5.3762E-03
  1.7651E+02  5.1372E-02  5.3844E-03
  1.7666E+02  5.1427E-02  5.3922E-03
  1.7681E+02  5.1478E-02  5.3996E-03
  1.7695E+02  5.1526E-02  5.4067E-03
  1.7710E+02  5.1568E-02  5.4135E-03
  1.7724E+02  5.1605E-02  5.4199E-03
  1.7739E+02  5.1636E-02  5.4261E-03
  1.7754E+02  5.1658E-02  5.4319E-03
  1.7768E+02  5.1673E-02  5.4374E-03
  1.7783E+02  5.1680E-02  5.4426E-03
  1.7797E+02  5.1677E-02  5.4474E-03
  1.7812E+02  5.1665E-02  5.4519E-03
  1.7827E+02  5.1643E-02  5.4561E-03
  1.7841E+02  5.1611E-02  5.4598E-03
  1.7856E+02  5.1570E-02  5.4632E-03
  1.7870E+02  5.1520E-02  5.4662E-03
  1.7885E+02  5.1461E-02  5.4690E-03
  1.7900E+02  5.1394E-02  5.4716E-03
  1.7914E+02  5.1320E-02  5.4740E-03
  1.7929E+02  5.1239E-02  5.4761E-03
  1.7943E+02  5.1154E-02  5.4781E-03
  1.7958E+02  5.1063E-02  5.4798E-03
  1.7973E+02  5.0970E-02  5.4814E-03
  1.7987E+02  5.0875E-02  5.4828E-03
  1.8002E+02  5.0780E-02  5.4840E-03
  1.8016E+02  5.0685E-02  5.4851E-03
  1.8031E+02  5.0592E-02  5.4861E-03
  1.8046E+02  5.0503E-02  5.4870E-03
  1.8060E+02  5.0418E-02  5.4878E-03
  1.8075E+02  5.0339E-02  5.4886E-03
  1.8089E+02  5.0266E-02  5.4892E-03
  1.8104E+02  5.0200E-02  5.4898E-03
  1.8119E+02  5.0143E-02  5.4903E-03
  1.8133E+02  5.0095E-02  5.4909E-03
  1.8148E+02  5.0055E-02  5.4913E-03
  1.8162E+02  5.0025E-02  5.4918E-03
  1.8177E+02  5.0005E-02  5.4923E-03
  1.8192E+02  4.9995E-02  5.4927E-03
  1.8206E+02  4.9993E-02  5.4931E-03
  1.8221E+02  5.0001E-02  5.4936E-03
  1.8235E+02  5.0017E-02  5.4940E-03
  1.8250E+02  5.0042E-02  5.4944E-03
  1.8265E+02  5.0073E-02  5.4949E-03
  1.8279E+02  5.0110E-02  5.4953E-03
  1.8294E+02  5.0153E-02  5.4958E-03
  1.8308E+02  5.0200E-02  5.4963E-03
  1.8323E+02  5.0251E-02  5.4969E-03
  1.8338E+02  5.0303E-02  5.4974E-03
  1.8352E+02  5.0357E-02  5.4980E-03
  1.8367E+02  5.0410E-02  5.4986E-03
  1.8381E+02  5.0463E-02  5.4993E-03
  1.8396E+02  5.0514E-02  5.5000E-03
  1.8411E+02  5.0562E-02  5.5008E-03
  1.8425E+02  5.0606E-02  5.5017E-03
  1.8440E+02  5.0646E-02  5.5027E-03
  1.8454E+02  5.0681E-02  5.5038E-03
  1.8469E+02  5.0711E-02  5.5049E-03
  1.8484E+02  5.0735E-02  5.5061E-03
  1.8498E+02  5.0752E-02  5.5074E-03
  1.8513E+02  5.0764E-02  5.5088E-03
  1.8527E+02  5.0769E-02  5.5104E-03
  1.8542E+02  5.0769E-02  5.5121E-03
  1.8557E+02  5.0763E-02  5.5140E-03
  1.8571E+02  5.0751E-02  5.5159E-03
  1.8586E+02  5.0735E-02  5.5180E-03
  1.8600E+02  5.0714E-02  5.5201E-03
  1.8615E+02  5.0690E-02  5.5222E-03
  1.8630E+02  5.0663E-02  5.5244E-03
  1.8644E+02  5.0634E-02  5.5266E-03
  1.8659E+02  5.0603E-02  5.5291E-03
  1.8673E+02  5.0573E-02  5.5316E-03
  1.8688E+02  5.0543E-02  5.5343E-03
  1.8703E+02  5.0515E-02  5.5371E-03
  1.8717E+02  5.0488E-02  5.5400E-03
  1.8732E+02  5.0465E-02  5.5429E-03
  1.8746E+02  5.0445E-02  5.5459E-03
  1.8761E+02  5.0429E-02  5.5489E-03
  1.8776E+02  5.0418E-02  5.5520E-03
  1.8790E+02  5.0412E-02  5.5551E-03
  1.8805E+02  5.0411E-02  5.5583E-03
  1.8819E+02  5.0416E-02  5.5616E-03
  1.8834E+02  5.0427E-02  5.5650E-03
  1.8849E+02  5.0444E-02  5.5685E-03
  1.8863E+02  5.0466E-02  5.5721E-03
  1.8878E+02  5.0494E-02  5.5757E-03
  1.8892E+02  5.0527E-02  5.5795E-03
  1.8907E+02  5.0564E-02  5.5833E-03
  1.8922E+02  5.0606E-02  5.5872E-03
  1.8936E+02  5.0650E-02  5.5912E-03
  1.8951E+02  5.0697E-02  5.5952E-03
  1.8965E+02  5.0746E-02  5.5994E-03
  1.8980E+02  5.0796E-02  5.6037E-03
  1.8995E+02  5.0846E-02  5.6080E-03
  1.9009E+02  5.0896E-02  5.6124E-03
  1.9024E+02  5.0943E-02  5.6169E-03
  1.9038E+02  5.0988E-02  5.6215E-03
  1.9053E+02  5.1029E-02  5.6262E-03
  1.9068E+02  5.1066E-02  5.6309E-03
  1.9082E+02  5.1097E-02  5.6357E-03
  1.9097E+02  5.1123E-02  5.6406E-03
  1.9111E+02  5.1142E-02  5.6455E-03
  1.9126E+02  5.1154E-02  5.6505E-03
  1.9141E+02  5.1159E-02  5.6555E-03
  1.9155E+02  5.1155E-02  5.6606E-03
  1.9170E+02  5.1144E-02  5.6657E-03
  1.9184E+02  5.1124E-02  5.6707E-03
  1.9199E+02  5.1095E-02  5.6758E-03
  1.9214E+02  5.1059E-02  5.6809E-03
  1.9228E+02  5.1014E-02  5.6859E-03
  1.9243E+02  5.0962E-02  5.6910E-03
  1.9257E+02  5.0902E-02  5.6959E-03
  1.9272E+02  5.0836E-02  5.7008E-03
  1.9287E+02  5.0763E-02  5.7056E-03
  1.9301E+02  5.0685E-02  5.7103E-03
  1.9316E+02  5.0602E-02  5.7149E-03
  1.9330E+02  5.0515E-02  5.7194E-03
  1.9345E+02  5.0424E-02  5.7238E-03
  1.9360E+02  5.0332E-02  5.7282E-03
  1.9374E+02  5.0238E-02  5.7324E-03
  1.9389E+02  5.0143E-02  5.7365E-03
  1.9403E+02  5.0049E-02  5.7404E-03
  1.9418E+02  4.9956E-02  5.7442E-03
  1.9433E+02  4.9866E-02  5.7477E-03
  1.9447E+02  4.9778E-02  5.7511E-03
  1.9462E+02  4.9694E-02  5.7542E-03
  1.9476E+02  4.9615E-02  5.7572E-03
  1.9491E+02  4.9541E-02  5.7600E-03
  1.9506E+02  4.9473E-02  5.7627E-03
  1.9520E+02  4.9411E-02  5.7654E-03
  1.9535E+02  4.9357E-02  5.7678E-03
  1.9549E+02  4.9310E-02  5.7702E-03
  1.9564E+02  4.9271E-02  5.7723E-03
  1.9579E+02  4.9239E-02  5.7742E-03
  1.9593E+02  4.9215E-02  5.7760E-03
  1.9608E+02  4.9199E-02  5.7775E-03
  1.9622E+02  4.9190E-02  5.7789E-03
  1.9637E+02  4.9188E-02  5.7800E-03
  1.9652E+02  4.9193E-02  5.7811E-03
  1.9666E+02  4.9205E-02  5.7820E-03
  1.9681E+02  4.9223E-02  5.7828E-03
  1.9695E+02  4.9246E-02  5.7836E-03
  1.9710E+02  4.9274E-02  5.7841E-03
  1.9725E+02  4.9306E-02  5.7846E-03
  1.9739E+02  4.9342E-02  5.7850E-03
  1.9754E+02  4.9379E-02  5.7853E-03
  1.9768E+02  4.9418E-02  5.7854E-03
  1.9783E+02  4.9458E-02  5.7855E-03
  1.9798E+02  4.9498E-02  5.7854E-03
  1.9812E+02  4.9536E-02  5.7853E-03
  1.9827E+02  4.9573E-02  5.7852E-03
  1.9841E+02  4.9608E-02  5.7851E-03
  1.9856E+02  4.9640E-02  5.7850E-03
  1.9871E+02  4.9668E-02  5.7848E-03
  1.9885E+02  4.9691E-02  5.7847E-03
  1.9900E+02  4.9711E-02  5.7847E-03
  1.9914E+02  4.9725E-02  5.7847E-03
  1.9929E+02  4.9734E-02  5.7848E-03
  1.9944E+02  4.9738E-02  5.7849E-03
  1.9958E+02  4.9737E-02  5.7851E-03
  1.9973E+02  4.9730E-02  5.7854E-03
  1.9987E+02  4.9718E-02  5.7858E-03
  2.0002E+02  4.9701E-02  5.7863E-03
  2.0017E+02  4.9679E-02  5.7869E-03
  2.0031E+02  4.9654E-02  5.7877E-03
  2.0046E+02  4.9624E-02  5.7886E-03
  2.0060E+02  4.9592E-02  5.7895E-03
  2.0075E+02  4.9557E-02  5.7906E-03
  2.0090E+02  4.9521E-02  5.7919E-03
  2.0104E+02  4.9483E-02  5.7932E-03
  2.0119E+02  4.9446E-02  5.7947E-03
  2.0133E+02  4.9409E-02  5.7963E-03
  2.0148E+02  4.9373E-02  5.7980E-03
  2.0163E+02  4.9339E-02  5.7998E-03
  2.0177E+02  4.9309E-02  5.8018E-03
  2.0192E+02  4.9282E-02  5.8038E-03
  2.0206E+02  4.9259E-02  5.8060E-03
  2.0221E+02  4.9242E-02  5.8082E-03
  2.0236E+02  4.9230E-02  5.8105E-03
  2.0250E+02  4.9224E-02  5.8129E-03
  2.0265E+02  4.9224E-02  5.8155E-03
  2.0279E+02  4.9230E-02  5.8181E-03
  2.0294E+02  4.9243E-02  5.8209E-03
  2.0309E+02  4.9263E-02  5.8238E-03
  2.0323E+02  4.9289E-02  5.8267E-03
  2.0338E+02  4.9321E-02  5.8297E-03
  2.0352E+02  4.9360E-02  5.8327E-03
  2.0367E+02  4.9403E-02  5.8359E-03
  2.0382E+02  4.9452E-02  5.8390E-03
  2.0396E+02  4.9505E-02  5.8423E-03
  2.0411E+02  4.9562E-02  5.8456E-03
  2.0425E+02  4.9622E-02  5.8490E-03
  2.0440E+02  4.9685E-02  5.8525E-03
  2.0455E+02  4.9749E-02  5.8561E-03
  2.0469E+02  4.9814E-02  5.8597E-03
  2.0484E+02  4.9879E-02  5.8634E-03
  2.0498E+02  4.9944E-02  5.8671E-03
  2.0513E+02  5.0007E-02  5.8709E-03
  2.0528E+02  5.0068E-02  5.8746E-03
  2.0542E+02  5.0126E-02  5.8784E-03
  2.0557E+02  5.0181E-02  5.8822E-03
  2.0571E+02  5.0232E-02  5.8860E-03
  2.0586E+02  5.0278E-02  5.8898E-03
  2.0601E+02  5.0319E-02  5.8937E-03
  2.0615E+02  5.0354E-02  5.8976E-03
  2.0630E+02  5.0384E-02  5.9015E-03
  2.0644E+02  5.0407E-02  5.9055E-03
  2.0659E+02  5.0424E-02  5.9094E-03
  2.0674E+02  5.0434E-02  5.9133E-03
  2.0688E+02  5.0437E-02  5.9173E-03
  2.0703E+02  5.0432E-02  5.9211E-03
  2.0717E+02  5.0421E-02  5.9250E-03
  2.0732E+02  5.0402E-02  5.9288E-03
  2.0747E+02  5.0377E-02  5.9325E-03
  2.0761E+02  5.0344E-02  5.9362E-03
  2.0776E+02  5.0305E-02  5.9398E-03
  2.0790E+02  5.0259E-02  5.9433E-03
  2.0805E+02  5.0208E-02  5.9467E-03
  2.0820E+02  5.0151E-02  5.9501E-03
  2.0834E+02  5.0089E-02  5.9533E-03
  2.0849E+02  5.0022E-02  5.9564E-03
  2.0863E+02  4.9952E-02  5.9594E-03
  2.0878E+02  4.9879E-02  5.9623E-03
  2.0893E+02  4.9804E-02  5.9650E-03
  2.0907E+02  4.9727E-02  5.9675E-03
  2.0922E+02  4.9650E-02  5.9700E-03
  2.0936E+02  4.9573E-02  5.9723E-03
  2.0951E+02  4.9498E-02  5.9744E-03
  2.0966E+02  4.9424E-02  5.9764E-03
  2.0980E+02  4.9354E-02  5.9783E-03
  2.0995E+02  4.9287E-02  5.9801E-03
  2.1009E+02  4.9226E-02  5.9818E-03
  2.1024E+02  4.9169E-02  5.9834E-03
  2.1039E+02  4.9119E-02  5.9849E-03
  2.1053E+02  4.9076E-02  5.9864E-03
  2.1068E+02  4.9040E-02  5.9878E-03
  2.1082E+02  4.9011E-02  5.9892E-03
  2.1097E+02  4.8990E-02  5.9905E-03
  2.1112E+02  4.8977E-02  5.9919E-03
  2.1126E+02  4.8972E-02  5.9933E-03
  2.1141E+02  4.8975E-02  5.9947E-03
  2.1155E+02  4.8986E-02  5.9961E-03
  2.1170E+02  4.9004E-02  5.9976E-03
  2.1185E+02  4.9029E-02  5.9992E-03
  2.1199E+02  4.9060E-02  6.0008E-03
  2.1214E+02  4.9097E-02  6.0025E-03
  2.1228E+02  4.9138E-02  6.0043E-03
  2.1243E+02  4.9184E-02  6.0062E-03
  2.1258E+02  4.9234E-02  6.0083E-03
  2.1272E+02  4.9285E-02  6.0105E-03
  2.1287E+02  4.9339E-02  6.0128E-03
  2.1301E+02  4.9393E-02  6.0153E-03
  2.1316E+02  4.9446E-02  6.0179E-03
  2.1331E+02  4.9499E-02  6.0206E-03
  2.1345E+02  4.9549E-02  6.0234E-03
  2.1360E+02  4.9597E-02  6.0263E-03
  2.1374E+02  4.9641E-02  6.0294E-03
  2.1389E+02  4.9682E-02  6.0326E-03
  2.1404E+02  4.9717E-02  6.0360E-03
  2.1418E+02  4.9747E-02  6.0395E-03
  2.1433E+02  4.9772E-02  6.0431E-03
  2.1447E+02  4.9790E-02  6.0469E-03
  2.1462E+02  4.9802E-02  6.0508E-03
  2.1477E+02  4.9808E-02  6.0548E-03
  2.1491E+02  4.9807E-02  6.0589E-03
  2.1506E+02  4.9799E-02  6.0631E-03
  2.1520E+02  4.9785E-02  6.0674E-03
  2.1535E+02  4.9764E-02  6.0717E-03
  2.1550E+02  4.9738E-02  6.0760E-03
  2.1564E+02  4.9705E-02  6.0803E-03
  2.1579E+02  4.9667E-02  6.0847E-03
  2.1593E+02  4.9625E-02  6.0891E-03
  2.1608E+02  4.9577E-02  6.0934E-03
  2.1623E+02  4.9526E-02  6.0978E-03
  2.1637E+02  4.9472E-02  6.1021E-03
  2.1652E+02  4.9416E-02  6.1064E-03
  2.1666E+02  4.9358E-02  6.1106E-03
  2.1681E+02  4.9299E-02  6.1148E-03
  2.1696E+02  4.9239E-02  6.1189E-03
  2.1710E+02  4.9181E-02  6.1230E-03
  2.1725E+02  4.9123E-02  6.1269E-03
  2.1739E+02  4.9068E-02  6.1307E-03
  2.1754E+02  4.9016E-02  6.1344E-03
  2.1769E+02  4.8968E-02  6.1380E-03
  2.1783E+02  4.8925E-02  6.1416E-03
  2.1798E+02  4.8887E-02  6.1450E-03
  2.1812E+02  4.8855E-02  6.1483E-03
  2.1827E+02  4.8830E-02  6.1515E-03
  2.1842E+02  4.8812E-02  6.1546E-03
  2.1856E+02  4.8802E-02  6.1577E-03
  2.1871E+02  4.8799E-02  6.1607E-03
  2.1885E+02  4.8805E-02  6.1636E-03
  2.1900E+02  4.8819E-02  6.1665E-03
  2.1915E+02  4.8842E-02  6.1694E-03
  2.1929E+02  4.8872E-02  6.1722E-03
  2.1944E+02  4.8911E-02  6.1750E-03
  2.1958E+02  4.8957E-02  6.1779E-03
  2.1973E+02  4.9010E-02  6.1807E-03
  2.1988E+02  4.9069E-02  6.1836E-03
  2.2002E+02  4.9134E-02  6.1865E-03
  2.2017E+02  4.9205E-02  6.1894E-03
  2.2031E+02  4.9279E-02  6.1924E-03
  2.2046E+02  4.9357E-02  6.1955E-03
  2.2061E+02  4.9436E-02  6.1986E-03
  2.2075E+02  4.9517E-02  6.2017E-03
  2.2090E+02  4.9598E-02  6.2050E-03
  2.2104E+02  4.9677E-02  6.2083E-03
  2.2119E+02  4.9755E-02  6.2116E-03
  2.2134E+02  4.9829E-02  6.2151E-03
  2.2148E+02  4.9899E-02  6.2185E-03
  2.2163E+02  4.9963E-02  6.2221E-03
  2.2177E+02  5.0022E-02  6.2256E-03
  2.2192E+02  5.0073E-02  6.2292E-03
  2.2207E+02  5.0117E-02  6.2328E-03
  2.2221E+02  5.0152E-02  6.2363E-03
  2.2236E+02  5.0179E-02  6.2399E-03
  2.2250E+02  5.0196E-02  6.2434E-03
  2.2265E+02  5.0203E-02  6.2469E-03
  2.2280E+02  5.0201E-02  6.2504E-03
  2.2294E+02  5.0188E-02  6.2537E-03
  2.2309E+02  5.0166E-02  6.2570E-03
  2.2323E+02  5.0134E-02  6.2602E-03
  2.2338E+02  5.0092E-02  6.2633E-03
  2.2353E+02  5.0041E-02  6.2662E-03
  2.2367E+02  4.9982E-02  6.2690E-03
  2.2382E+02  4.9914E-02  6.2717E-03
  2.2396E+02  4.9838E-02  6.2743E-03
  2.2411E+02  4.9756E-02  6.2767E-03
  2.2426E+02  4.9667E-02  6.2791E-03
  2.2440E+02  4.9572E-02  6.2812E-03
  2.2455E+02  4.9472E-02  6.2832E-03
  2.2469E+02  4.9368E-02  6.2851E-03
  2.2484E+02  4.9261E-02  6.2869E-03
  2.2499E+02  4.9152E-02  6.2885E-03
  2.2513E+02  4.9041E-02  6.2900E-03
  2.2528E+02  4.8930E-02  6.2914E-03
  2.2542E+02  4.8819E-02  6.2927E-03
  2.2557E+02  4.8709E-02  6.2940E-03
  2.2572E+02  4.8601E-02  6.2952E-03
  2.2586E+02  4.8497E-02  6.2963E-03
  2.2601E+02  4.8396E-02  6.2974E-03
  2.2615E+02  4.8300E-02  6.2985E-03
  2.2630E+02  4.8209E-02  6.2996E-03
  2.2645E+02  4.8124E-02  6.3006E-03
  2.2659E+02  4.8046E-02  6.3017E-03
  2.2674E+02  4.7976E-02  6.3028E-03
  2.2688E+02  4.7913E-02  6.3040E-03
  2.2703E+02  4.7859E-02  6.3052E-03
  2.2718E+02  4.7814E-02  6.3064E-03
  2.2732E+02  4.7779E-02  6.3077E-03
  2.2747E+02  4.7753E-02  6.3092E-03
  2.2761E+02  4.7737E-02  6.3106E-03
  2.2776E+02  4.7730E-02  6.3122E-03
  2.2791E+02  4.7734E-02  6.3139E-03
  2.2805E+02  4.7748E-02  6.3157E-03
  2.2820E+02  4.7771E-02  6.3175E-03
  2.2834E+02  4.7803E-02  6.3195E-03
  2.2849E+02  4.7844E-02  6.3216E-03
  2.2864E+02  4.7894E-02  6.3237E-03
  2.2878E+02  4.7952E-02  6.3260E-03
  2.2893E+02  4.8017E-02  6.3283E-03
  2.2907E+02  4.8088E-02  6.3308E-03
  2.2922E+02  4.8166E-02  6.3333E-03
  2.2937E+02  4.8248E-02  6.3359E-03
  2.2951E+02  4.8334E-02  6.3385E-03
  2.2966E+02  4.8423E-02  6.3413E-03
  2.2980E+02  4.8514E-02  6.3440E-03
  2.2995E+02  4.8606E-02  6.3469E-03
  2.3010E+02  4.8698E-02  6.3497E-03
  2.3024E+02  4.8789E-02  6.3526E-03
  2.3039E+02  4.8879E-02  6.3556E-03
  2.3053E+02  4.8966E-02  6.3585E-03
  2.3068E+02  4.9049E-02  6.3615E-03
  2.3083E+02  4.9129E-02  6.3645E-03
  2.3097E+02  4.9203E-02  6.3676E-03
  2.3112E+02  4.9272E-02  6.3706E-03
  2.3126E+02  4.9335E-02  6.3737E-03
  2.3141E+02  4.9391E-02  6.3768E-03
  2.3156E+02  4.9441E-02  6.3800E-03
  2.3170E+02  4.9483E-02  6.3831E-03
  2.3185E+02  4.9519E-02  6.3863E-03
  2.3199E+02  4.9547E-02  6.3895E-03
  2.3214E+02  4.9568E-02  6.3928E-03
  2.3229E+02  4.9582E-02  6.3961E-03
  2.3243E+02  4.9590E-02  6.3995E-03
  2.3258E+02  4.9590E-02  6.4029E-03
  2.3272E+02  4.9585E-02  6.4064E-03
  2.3287E+02  4.9574E-02  6.4099E-03
  2.3302E+02  4.9558E-02  6.4135E-03
  2.3316E+02  4.9538E-02  6.4172E-03
  2.3331E+02  4.9513E-02  6.4209E-03
  2.3345E+02  4.9485E-02  6.4247E-03
  2.3360E+02  4.9454E-02  6.4285E-03
  2.3375E+02  4.9421E-02  6.4324E-03
  2.3389E+02  4.9386E-02  6.4363E-03
  2.3404E+02  4.9350E-02  6.4403E-03
  2.3418E+02  4.9314E-02  6.4443E-03
  2.3433E+02  4.9279E-02  6.4483E-03
  2.3448E+02  4.9244E-02  6.4524E-03
  2.3462E+02  4.9210E-02  6.4564E-03
  2.3477E+02  4.9179E-02  6.4604E-03
  2.3491E+02  4.9150E-02  6.4645E-03
  2.3506E+02  4.9124E-02  6.4685E-03
  2.3521E+02  4.9101E-02  6.4724E-03
  2.3535E+02  4.9082E-02  6.4763E-03
  2.3550E+02  4.9066E-02  6.4802E-03
  2.3564E+02  4.9055E-02  6.4840E-03
  2.3579E+02  4.9048E-02  6.4878E-03
  2.3594E+02  4.9046E-02  6.4915E-03
  2.3608E+02  4.9047E-02  6.4952E-03
  2.3623E+02  4.9054E-02  6.4988E-03
  2.3637E+02  4.9064E-02  6.5023E-03
  2.3652E+02  4.9079E-02  6.5057E-03
  2.3667E+02  4.9098E-02  6.5091E-03
  2.3681E+02  4.9121E-02  6.5123E-03
  2.3696E+02  4.9147E-02  6.5154E-03
  2.3710E+02  4.9177E-02  6.5185E-03
  2.3725E+02  4.9209E-02  6.5214E-03
  2.3740E+02  4.9243E-02  6.5243E-03
  2.3754E+02  4.9280E-02  6.5271E-03
  2.3769E+02  4.9318E-02  6.5298E-03
  2.3783E+02  4.9357E-02  6.5326E-03
  2.3798E+02  4.9397E-02  6.5353E-03
  2.3813E+02  4.9437E-02  6.5380E-03
  2.3827E+02  4.9476E-02  6.5407E-03
  2.3842E+02  4.9514E-02  6.5434E-03
  2.3856E+02  4.9551E-02  6.5461E-03
  2.3871E+02  4.9585E-02  6.5488E-03
  2.3886E+02  4.9617E-02  6.5515E-03
  2.3900E+02  4.9645E-02  6.5541E-03
  2.3915E+02  4.9670E-02  6.5568E-03
  2.3929E+02  4.9692E-02  6.5596E-03
  2.3944E+02  4.9709E-02  6.5624E-03
  2.3959E+02  4.9721E-02  6.5652E-03
  2.3973E+02  4.9729E-02  6.5681E-03
  2.3988E+02  4.9732E-02  6.5710E-03
  2.4002E+02  4.9730E-02  6.5741E-03
  2.4017E+02  4.9724E-02  6.5772E-03
  2.4032E+02  4.9712E-02  6.5803E-03
  2.4046E+02  4.9695E-02  6.5836E-03
  2.4061E+02  4.9674E-02  6.5869E-03
  2.4075E+02  4.9648E-02  6.5902E-03
  2.4090E+02  4.9617E-02  6.5936E-03
  2.4105E+02  4.9582E-02  6.5970E-03
  2.4119E+02  4.9544E-02  6.6004E-03
  2.4134E+02  4.9501E-02  6.6039E-03
  2.4148E+02  4.9456E-02  6.6073E-03
  2.4163E+02  4.9407E-02  6.6107E-03
  2.4178E+02  4.9356E-02  6.6140E-03
  2.4192E+02  4.9303E-02  6.6174E-03
  2.4207E+02  4.9248E-02  6.6206E-03
  2.4221E+02  4.9193E-02  6.6238E-03
  2.4236E+02  4.9136E-02  6.6270E-03
  2.4251E+02  4.9079E-02  6.6301E-03
  2.4265E+02  4.9022E-02  6.6330E-03
  2.4280E+02  4.8965E-02  6.6359E-03
  2.4294E+02  4.8909E-02  6.6386E-03
  2.4309E+02  4.8855E-02  6.6412E-03
  2.4324E+02  4.8801E-02  6.6437E-03
  2.4338E+02  4.8750E-02  6.6461E-03
  2.4353E+02  4.8700E-02  6.6483E-03
  2.4367E+02  4.8653E-02  6.6503E-03
  2.4382E+02  4.8608E-02  6.6523E-03
  2.4397E+02  4.8565E-02  6.6541E-03
  2.4411E+02  4.8525E-02  6.6558E-03
  2.4426E+02  4.8488E-02  6.6573E-03
  2.4440E+02  4.8454E-02  6.6588E-03
  2.4455E+02  4.8423E-02  6.6601E-03
  2.4470E+02  4.8395E-02  6.6614E-03
  2.4484E+02  4.8369E-02  6.6626E-03
  2.4499E+02  4.8347E-02  6.6638E-03
  2.4513E+02  4.8328E-02  6.6649E-03
  2.4528E+02  4.8311E-02  6.6660E-03
  2.4543E+02  4.8298E-02  6.6670E-03
  2.4557E+02  4.8287E-02  6.6681E-03
  2.4572E+02  4.8279E-02  6.6692E-03
  2.4586E+02  4.8274E-02  6.6704E-03
  2.4601E+02  4.8272E-02  6.6716E-03
  2.4616E+02  4.8272E-02  6.6729E-03
  2.4630E+02  4.8275E-02  6.6743E-03
  2.4645E+02  4.8280E-02  6.6758E-03
  2.4659E+02  4.8288E-02  6.6774E-03
  2.4674E+02  4.8299E-02  6.6791E-03
  2.4689E+02  4.8311E-02  6.6810E-03
  2.4703E+02  4.8326E-02  6.6830E-03
  2.4718E+02  4.8343E-02  6.6852E-03
  2.4732E+02  4.8363E-02  6.6875E-03
  2.4747E+02  4.8383E-02  6.6900E-03
  2.4762E+02  4.8406E-02  6.6926E-03
  2.4776E+02  4.8430E-02  6.6953E-03
  2.4791E+02  4.8455E-02  6.6982E-03
  2.4805E+02  4.8482E-02  6.7013E-03
  2.4820E+02  4.8509E-02  6.7045E-03
  2.4835E+02  4.8538E-02  6.7078E-03
  2.4849E+02  4.8567E-02  6.7113E-03
  2.4864E+02  4.8596E-02  6.7149E-03
  2.4878E+02  4.8625E-02  6.7186E-03
  2.4893E+02  4.8655E-02  6.7223E-03
  2.4908E+02  4.8684E-02  6.7262E-03
  2.4922E+02  4.8714E-02  6.7301E-03
  2.4937E+02  4.8742E-02  6.7341E-03
  2.4951E+02  4.8771E-02  6.7381E-03
  2.4966E+02  4.8799E-02  6.7422E-03
  2.4981E+02  4.8827E-02  6.7463E-03
  2.4995E+02  4.8854E-02  6.7505E-03
  2.5010E+02  4.8880E-02  6.7547E-03
  2.5024E+02  4.8907E-02  6.7589E-03
  2.5039E+02  4.8932E-02  6.7631E-03
  2.5054E+02  4.8958E-02  6.7673E-03
  2.5068E+02  4.8983E-02  6.7714E-03
  2.5083E+02  4.9008E-02  6.7755E-03
  2.5097E+02  4.9033E-02  6.7796E-03
  2.5112E+02  4.9057E-02  6.7836E-03
  2.5127E+02  4.9082E-02  6.7876E-03
  2.5141E+02  4.9107E-02  6.7915E-03
  2.5156E+02  4.9132E-02  6.7954E-03
  2.5170E+02  4.9157E-02  6.7992E-03
  2.5185E+02  4.9182E-02  6.8030E-03
  2.5200E+02  4.9207E-02  6.8067E-03
  2.5214E+02  4.9232E-02  6.8104E-03
  2.5229E+02  4.9257E-02  6.8140E-03
  2.5243E+02  4.9282E-02  6.8176E-03
  2.5258E+02  4.9306E-02  6.8211E-03
  2.5273E+02  4.9330E-02  6.8246E-03
  2.5287E+02  4.9353E-02  6.8280E-03
  2.5302E+02  4.9375E-02  6.8313E-03
  2.5316E+02  4.9396E-02  6.8346E-03
  2.5331E+02  4.9416E-02  6.8379E-03
  2.5346E+02  4.9434E-02  6.8411E-03
  2.5360E+02  4.9450E-02  6.8443E-03
  2.5375E+02  4.9464E-02  6.8475E-03
  2.5389E+02  4.9476E-02  6.8506E-03
  2.5404E+02  4.9486E-02  6.8538E-03
  2.5419E+02  4.9493E-02  6.8569E-03
  2.5433E+02  4.9498E-02  6.8599E-03
  2.5448E+02  4.9499E-02  6.8630E-03
  2.5462E+02  4.9498E-02  6.8660E-03
  2.5477E+02  4.9493E-02  6.8690E-03
  2.5492E+02  4.9486E-02  6.8720E-03
  2.5506E+02  4.9475E-02  6.8749E-03
  2.5521E+02  4.9462E-02  6.8779E-03
  2.5535E+02  4.9445E-02  6.8808E-03
  2.5550E+02  4.9425E-02  6.8836E-03
  2.5565E+02  4.9403E-02  6.8865E-03
  2.5579E+02  4.9377E-02  6.8893E-03
  2.5594E+02  4.9349E-02  6.8921E-03
  2.5608E+02  4.9318E-02  6.8949E-03
  2.5623E+02  4.9284E-02  6.8977E-03
  2.5638E+02  4.9249E-02  6.9004E-03
  2.5652E+02  4.9211E-02  6.9031E-03
  2.5667E+02  4.9171E-02  6.9058E-03
  2.5681E+02  4.9129E-02  6.9085E-03
  2.5696E+02  4.9086E-02  6.9111E-03
  2.5711E+02  4.9042E-02  6.9137E-03
  2.5725E+02  4.8996E-02  6.9162E-03
  2.5740E+02  4.8950E-02  6.9188E-03
  2.5754E+02  4.8902E-02  6.9213E-03
  2.5769E+02  4.8855E-02  6.9237E-03
  2.5784E+02  4.8807E-02  6.9262E-03
  2.5798E+02  4.8759E-02  6.9286E-03
  2.5813E+02  4.8712E-02  6.9309E-03
  2.5827E+02  4.8665E-02  6.9333E-03
  2.5842E+02  4.8619E-02  6.9356E-03
  2.5857E+02  4.8575E-02  6.9378E-03
  2.5871E+02  4.8532E-02  6.9401E-03
  2.5886E+02  4.8490E-02  6.9423E-03
  2.5900E+02  4.8451E-02  6.9445E-03
  2.5915E+02  4.8414E-02  6.9467E-03
  2.5930E+02  4.8380E-02  6.9488E-03
  2.5944E+02  4.8348E-02  6.9510E-03
  2.5959E+02  4.8320E-02  6.9532E-03
  2.5973E+02  4.8295E-02  6.9555E-03
  2.5988E+02  4.8273E-02  6.9577E-03
  2.6003E+02  4.8256E-02  6.9600E-03
  2.6017E+02  4.8242E-02  6.9623E-03
  2.6032E+02  4.8233E-02  6.9647E-03
  2.6046E+02  4.8227E-02  6.9671E-03
  2.6061E+02  4.8226E-02  6.9696E-03
  2.6076E+02  4.8230E-02  6.9722E-03
  2.6090E+02  4.8238E-02  6.9748E-03
  2.6105E+02  4.8251E-02  6.9775E-03
  2.6119E+02  4.8268E-02  6.9803E-03
  2.6134E+02  4.8290E-02  6.9831E-03
  2.6149E+02  4.8317E-02  6.9861E-03
  2.6163E+02  4.8347E-02  6.9891E-03
  2.6178E+02  4.8382E-02  6.9922E-03
  2.6192E+02  4.8421E-02  6.9953E-03
  2.6207E+02  4.8464E-02  6.9985E-03
  2.6222E+02  4.8510E-02  7.0017E-03
  2.6236E+02  4.8559E-02  7.0050E-03
  2.6251E+02  4.8611E-02  7.0083E-03
  2.6265E+02  4.8666E-02  7.0116E-03
  2.6280E+02  4.8723E-02  7.0150E-03
  2.6295E+02  4.8781E-02  7.0183E-03
  2.6309E+02  4.8840E-02  7.0217E-03
  2.6324E+02  4.8900E-02  7.0250E-03
  2.6338E+02  4.8960E-02  7.0283E-03
  2.6353E+02  4.9019E-02  7.0316E-03
  2.6368E+02  4.9076E-02  7.0348E-03
  2.6382E+02  4.9132E-02  7.0380E-03
  2.6397E+02  4.9185E-02  7.0411E-03
  2.6411E+02  4.9235E-02  7.0441E-03
  2.6426E+02  4.9282E-02  7.0471E-03
  2.6441E+02  4.9324E-02  7.0500E-03
  2.6455E+02  4.9362E-02  7.0529E-03
  2.6470E+02  4.9395E-02  7.0556E-03
  2.6484E+02  4.9422E-02  7.0583E-03
  2.6499E+02  4.9443E-02  7.0609E-03
  2.6514E+02  4.9459E-02  7.0634E-03
  2.6528E+02  4.9468E-02  7.0659E-03
  2.6543E+02  4.9470E-02  7.0683E-03
  2.6557E+02  4.9467E-02  7.0706E-03
  2.6572E+02  4.9457E-02  7.0729E-03
  2.6587E+02  4.9441E-02  7.0751E-03
  2.6601E+02  4.9419E-02  7.0773E-03
  2.6616E+02  4.9391E-02  7.0795E-03
  2.6630E+02  4.9357E-02  7.0816E-03
  2.6645E+02  4.9319E-02  7.0837E-03
  2.6660E+02  4.9276E-02  7.0858E-03
  2.6674E+02  4.9229E-02  7.0879E-03
  2.6689E+02  4.9179E-02  7.0901E-03
  2.6703E+02  4.9125E-02  7.0923E-03
  2.6718E+02  4.9069E-02  7.0945E-03
  2.6733E+02  4.9011E-02  7.0968E-03
  2.6747E+02  4.8952E-02  7.0991E-03
  2.6762E+02  4.8891E-02  7.1016E-03
  2.6776E+02  4.8830E-02  7.1041E-03
  2.6791E+02  4.8769E-02  7.1067E-03
  2.6806E+02  4.8709E-02  7.1095E-03
  2.6820E+02  4.8650E-02  7.1123E-03
  2.6835E+02  4.8592E-02  7.1153E-03
  2.6849E+02  4.8535E-02  7.1183E-03
  2.6864E+02  4.8481E-02  7.1215E-03
  2.6879E+02  4.8429E-02  7.1248E-03
  2.6893E+02  4.8380E-02  7.1282E-03
  2.6908E+02  4.8333E-02  7.1318E-03
  2.6922E+02  4.8290E-02  7.1354E-03
  2.6937E+02  4.8250E-02  7.1391E-03
  2.6952E+02  4.8213E-02  7.1429E-03
  2.6966E+02  4.8180E-02  7.1468E-03
  2.6981E+02  4.8151E-02  7.1508E-03
  2.6995E+02  4.8126E-02  7.1548E-03
  2.7010E+02  4.8104E-02  7.1588E-03
  2.7025E+02  4.8087E-02  7.1629E-03
  2.7039E+02  4.8074E-02  7.1670E-03
  2.7054E+02  4.8066E-02  7.1711E-03
  2.7068E+02  4.8062E-02  7.1752E-03
  2.7083E+02  4.8062E-02  7.1793E-03
  2.7098E+02  4.8066E-02  7.1833E-03
  2.7112E+02  4.8075E-02  7.1873E-03
  2.7127E+02  4.8088E-02  7.1913E-03
  2.7141E+02  4.8106E-02  7.1952E-03
  2.7156E+02  4.8127E-02  7.1990E-03
  2.7171E+02  4.8152E-02  7.2027E-03
  2.7185E+02  4.8181E-02  7.2064E-03
  2.7200E+02  4.8213E-02  7.2100E-03
  2.7214E+02  4.8249E-02  7.2135E-03
  2.7229E+02  4.8287E-02  7.2169E-03
  2.7244E+02  4.8327E-02  7.2202E-03
  2.7258E+02  4.8370E-02  7.2234E-03
  2.7273E+02  4.8414E-02  7.2264E-03
  2.7287E+02  4.8459E-02  7.2294E-03
  2.7302E+02  4.8505E-02  7.2323E-03
  2.7317E+02  4.8551E-02  7.2351E-03
  2.7331E+02  4.8597E-02  7.2378E-03
  2.7346E+02  4.8642E-02  7.2404E-03
  2.7360E+02  4.8685E-02  7.2429E-03
  2.7375E+02  4.8727E-02  7.2454E-03
  2.7390E+02  4.8767E-02  7.2477E-03
  2.7404E+02  4.8804E-02  7.2500E-03
  2.7419E+02  4.8838E-02  7.2522E-03
  2.7433E+02  4.8868E-02  7.2544E-03
  2.7448E+02  4.8896E-02  7.2565E-03
  2.7463E+02  4.8919E-02  7.2586E-03
  2.7477E+02  4.8939E-02  7.2606E-03
  2.7492E+02  4.8954E-02  7.2627E-03
  2.7506E+02  4.8965E-02  7.2647E-03
  2.7521E+02  4.8972E-02  7.2668E-03
  2.7536E+02  4.8975E-02  7.2688E-03
  2.7550E+02  4.8973E-02  7.2709E-03
  2.7565E+02  4.8968E-02  7.2730E-03
  2.7579E+02  4.8959E-02  7.2752E-03
  2.7594E+02  4.8946E-02  7.2774E-03
  2.7609E+02  4.8930E-02  7.2796E-03
  2.7623E+02  4.8911E-02  7.2819E-03
  2.7638E+02  4.8890E-02  7.2843E-03
  2.7652E+02  4.8865E-02  7.2868E-03
  2.7667E+02  4.8839E-02  7.2893E-03
  2.7682E+02  4.8811E-02  7.2919E-03
  2.7696E+02  4.8782E-02  7.2946E-03
  2.7711E+02  4.8751E-02  7.2973E-03
  2.7725E+02  4.8720E-02  7.3002E-03
  2.7740E+02  4.8688E-02  7.3031E-03
  2.7755E+02  4.8656E-02  7.3061E-03
  2.7769E+02  4.8624E-02  7.3092E-03
  2.7784E+02  4.8592E-02  7.3123E-03
  2.7798E+02  4.8561E-02  7.3155E-03
  2.7813E+02  4.8531E-02  7.3188E-03
  2.7828E+02  4.8501E-02  7.3221E-03
  2.7842E+02  4.8473E-02  7.3255E-03
  2.7857E+02  4.8446E-02  7.3289E-03
  2.7871E+02  4.8420E-02  7.3324E-03
  2.7886E+02  4.8396E-02  7.3359E-03
  2.7901E+02  4.8374E-02  7.3394E-03
  2.7915E+02  4.8354E-02  7.3429E-03
  2.7930E+02  4.8335E-02  7.3465E-03
  2.7944E+02  4.8319E-02  7.3501E-03
  2.7959E+02  4.8304E-02  7.3537E-03
  2.7974E+02  4.8292E-02  7.3572E-03
  2.7988E+02  4.8283E-02  7.3608E-03
  2.8003E+02  4.8276E-02  7.3643E-03
  2.8017E+02  4.8272E-02  7.3679E-03
  2.8032E+02  4.8271E-02  7.3714E-03
  2.8047E+02  4.8272E-02  7.3748E-03
  2.8061E+02  4.8277E-02  7.3783E-03
  2.8076E+02  4.8286E-02  7.3816E-03
  2.8090E+02  4.8297E-02  7.3849E-03
  2.8105E+02  4.8313E-02  7.3882E-03
  2.8120E+02  4.8332E-02  7.3914E-03
  2.8134E+02  4.8354E-02  7.3945E-03
  2.8149E+02  4.8381E-02  7.3976E-03
  2.8163E+02  4.8411E-02  7.4006E-03
  2.8178E+02  4.8445E-02  7.4035E-03
  2.8193E+02  4.8482E-02  7.4063E-03
  2.8207E+02  4.8524E-02  7.4091E-03
  2.8222E+02  4.8568E-02  7.4118E-03
  2.8236E+02  4.8616E-02  7.4144E-03
  2.8251E+02  4.8666E-02  7.4170E-03
  2.8266E+02  4.8720E-02  7.4194E-03
  2.8280E+02  4.8775E-02  7.4218E-03
  2.8295E+02  4.8832E-02  7.4242E-03
  2.8309E+02  4.8891E-02  7.4265E-03
  2.8324E+02  4.8951E-02  7.4287E-03
  2.8339E+02  4.9011E-02  7.4309E-03
  2.8353E+02  4.9070E-02  7.4331E-03
  2.8368E+02  4.9129E-02  7.4352E-03
  2.8382E+02  4.9186E-02  7.4373E-03
  2.8397E+02  4.9242E-02  7.4393E-03
  2.8412E+02  4.9294E-02  7.4414E-03
  2.8426E+02  4.9343E-02  7.4434E-03
  2.8441E+02  4.9389E-02  7.4454E-03
  2.8455E+02  4.9429E-02  7.4475E-03
  2.8470E+02  4.9465E-02  7.4495E-03
  2.8485E+02  4.9495E-02  7.4516E-03
  2.8499E+02  4.9518E-02  7.4537E-03
  2.8514E+02  4.9535E-02  7.4558E-03
  2.8528E+02  4.9545E-02  7.4579E-03
  2.8543E+02  4.9547E-02  7.4601E-03
  2.8558E+02  4.9541E-02  7.4622E-03
  2.8572E+02  4.9528E-02  7.4645E-03
  2.8587E+02  4.9506E-02  7.4667E-03
  2.8601E+02  4.9477E-02  7.4690E-03
  2.8616E+02  4.9439E-02  7.4713E-03
  2.8631E+02  4.9393E-02  7.4737E-03
  2.8645E+02  4.9340E-02  7.4761E-03
  2.8660E+02  4.9279E-02  7.4785E-03
  2.8674E+02  4.9212E-02  7.4810E-03
  2.8689E+02  4.9138E-02  7.4835E-03
  2.8704E+02  4.9058E-02  7.4861E-03
  2.8718E+02  4.8973E-02  7.4886E-03
  2.8733E+02  4.8884E-02  7.4912E-03
  2.8747E+02  4.8792E-02  7.4939E-03
  2.8762E+02  4.8697E-02  7.4965E-03
  2.8777E+02  4.8600E-02  7.4992E-03
  2.8791E+02  4.8502E-02  7.5019E-03
  2.8806E+02  4.8405E-02  7.5046E-03
  2.8820E+02  4.8309E-02  7.5073E-03
  2.8835E+02  4.8215E-02  7.5100E-03
  2.8850E+02  4.8125E-02  7.5128E-03
  2.8864E+02  4.8038E-02  7.5155E-03
  2.8879E+02  4.7957E-02  7.5182E-03
  2.8893E+02  4.7881E-02  7.5209E-03
  2.8908E+02  4.7812E-02  7.5236E-03
  2.8923E+02  4.7750E-02  7.5263E-03
  2.8937E+02  4.7696E-02  7.5290E-03
  2.8952E+02  4.7650E-02  7.5317E-03
  2.8966E+02  4.7613E-02  7.5343E-03
  2.8981E+02  4.7584E-02  7.5369E-03
  2.8996E+02  4.7565E-02  7.5395E-03
  2.9010E+02  4.7555E-02  7.5420E-03
  2.9025E+02  4.7553E-02  7.5445E-03
  2.9039E+02  4.7561E-02  7.5470E-03
  2.9054E+02  4.7577E-02  7.5494E-03
  2.9069E+02  4.7602E-02  7.5519E-03
  2.9083E+02  4.7635E-02  7.5542E-03
  2.9098E+02  4.7676E-02  7.5566E-03
  2.9112E+02  4.7724E-02  7.5589E-03
  2.9127E+02  4.7778E-02  7.5611E-03
  2.9142E+02  4.7839E-02  7.5633E-03
  2.9156E+02  4.7906E-02  7.5655E-03
  2.9171E+02  4.7978E-02  7.5677E-03
  2.9185E+02  4.8054E-02  7.5698E-03
  2.9200E+02  4.8135E-02  7.5718E-03
  2.9215E+02  4.8218E-02  7.5739E-03
  2.9229E+02  4.8305E-02  7.5759E-03
  2.9244E+02  4.8395E-02  7.5779E-03
  2.9258E+02  4.8486E-02  7.5798E-03
  2.9273E+02  4.8579E-02  7.5818E-03
  2.9288E+02  4.8673E-02  7.5837E-03
  2.9302E+02  4.8768E-02  7.5857E-03
  2.9317E+02  4.8862E-02  7.5876E-03
  2.9331E+02  4.8956E-02  7.5896E-03
  2.9346E+02  4.9050E-02  7.5916E-03
  2.9361E+02  4.9143E-02  7.5936E-03
  2.9375E+02  4.9234E-02  7.5956E-03
  2.9390E+02  4.9323E-02  7.5977E-03
  2.9404E+02  4.9410E-02  7.5999E-03
  2.9419E+02  4.9495E-02  7.6022E-03
  2.9434E+02  4.9577E-02  7.6046E-03
  2.9448E+02  4.9655E-02  7.6071E-03
  2.9463E+02  4.9729E-02  7.6097E-03
  2.9477E+02  4.9800E-02  7.6124E-03
  2.9492E+02  4.9866E-02  7.6153E-03
  2.9507E+02  4.9927E-02  7.6183E-03
  2.9521E+02  4.9984E-02  7.6216E-03
  2.9536E+02  5.0034E-02  7.6250E-03
  2.9550E+02  5.0079E-02  7.6286E-03
  2.9565E+02  5.0118E-02  7.6323E-03
  2.9580E+02  5.0151E-02  7.6363E-03
  2.9594E+02  5.0177E-02  7.6405E-03
  2.9609E+02  5.0196E-02  7.6449E-03
  2.9623E+02  5.0209E-02  7.6496E-03
  2.9638E+02  5.0214E-02  7.6544E-03
  2.9653E+02  5.0212E-02  7.6594E-03
  2.9667E+02  5.0203E-02  7.6646E-03
  2.9682E+02  5.0188E-02  7.6700E-03
  2.9696E+02  5.0165E-02  7.6755E-03
  2.9711E+02  5.0135E-02  7.6813E-03
  2.9726E+02  5.0098E-02  7.6871E-03
  2.9740E+02  5.0055E-02  7.6931E-03
  2.9755E+02  5.0006E-02  7.6991E-03
  2.9769E+02  4.9951E-02  7.7053E-03
  2.9784E+02  4.9890E-02  7.7115E-03
  2.9799E+02  4.9824E-02  7.7177E-03
  2.9813E+02  4.9753E-02  7.7239E-03
  2.9828E+02  4.9677E-02  7.7300E-03
  2.9842E+02  4.9598E-02  7.7361E-03
  2.9857E+02  4.9515E-02  7.7421E-03
  2.9872E+02  4.9428E-02  7.7480E-03
  2.9886E+02  4.9339E-02  7.7538E-03
  2.9901E+02  4.9247E-02  7.7593E-03
  2.9915E+02  4.9154E-02  7.7646E-03
  2.9930E+02  4.9059E-02  7.7697E-03
  2.9945E+02  4.8962E-02  7.7746E-03
  2.9959E+02  4.8865E-02  7.7791E-03
  2.9974E+02  4.8767E-02  7.7834E-03
  2.9988E+02  4.8669E-02  7.7873E-03
  3.0000E+02  4.8591E-02  7.7902E-03
