# CREATED BY GENE DIAGNOSTICS TOOL on Tue Mar 16 12:06:42 2021
# diag: timetrace, run(s): 0004, time window: 0-300(1955 steps), species: ions
# original data path: /ptmp/cmor/HP_GAM_scans/LHD_s0.25_alpha-0_npol1_nz0256/
# normalization: L_ref=1.65m
#
#  t          Re[phi]     Im[phi]   
  0.0000E+00  9.9993E-01  0.0000E+00
  1.5360E-01  9.9539E-01  2.0539E-03
  3.0720E-01  9.8246E-01  4.0748E-03
  4.6080E-01  9.6293E-01  6.0322E-03
  6.1440E-01  9.3912E-01  7.9023E-03
  7.6800E-01  9.1328E-01  9.6703E-03
  9.2160E-01  8.8715E-01  1.1331E-02
  1.0752E+00  8.6166E-01  1.2885E-02
  1.2288E+00  8.3697E-01  1.4338E-02
  1.3824E+00  8.1262E-01  1.5695E-02
  1.5360E+00  7.8783E-01  1.6961E-02
  1.6896E+00  7.6178E-01  1.8134E-02
  1.8432E+00  7.3382E-01  1.9210E-02
  1.9968E+00  7.0359E-01  2.0182E-02
  2.1504E+00  6.7102E-01  2.1040E-02
  2.3040E+00  6.3627E-01  2.1778E-02
  2.4576E+00  5.9969E-01  2.2386E-02
  2.6112E+00  5.6166E-01  2.2861E-02
  2.7648E+00  5.2259E-01  2.3200E-02
  2.9184E+00  4.8282E-01  2.3400E-02
  3.0720E+00  4.4263E-01  2.3464E-02
  3.2256E+00  4.0220E-01  2.3391E-02
  3.3792E+00  3.6166E-01  2.3186E-02
  3.5328E+00  3.2110E-01  2.2849E-02
  3.6864E+00  2.8060E-01  2.2385E-02
  3.8400E+00  2.4022E-01  2.1795E-02
  3.9936E+00  2.0004E-01  2.1083E-02
  4.1472E+00  1.6016E-01  2.0253E-02
  4.3008E+00  1.2069E-01  1.9307E-02
  4.4544E+00  8.1749E-02  1.8252E-02
  4.6080E+00  4.3470E-02  1.7092E-02
  4.7616E+00  5.9823E-03  1.5833E-02
  4.9152E+00 -3.0588E-02  1.4480E-02
  5.0688E+00 -6.6122E-02  1.3041E-02
  5.2224E+00 -1.0051E-01  1.1523E-02
  5.3760E+00 -1.3367E-01  9.9339E-03
  5.5296E+00 -1.6550E-01  8.2809E-03
  5.6832E+00 -1.9594E-01  6.5722E-03
  5.8368E+00 -2.2491E-01  4.8160E-03
  5.9904E+00 -2.5236E-01  3.0208E-03
  6.1440E+00 -2.7823E-01  1.1950E-03
  6.2976E+00 -3.0248E-01 -6.5288E-04
  6.4512E+00 -3.2505E-01 -2.5143E-03
  6.6048E+00 -3.4592E-01 -4.3806E-03
  6.7584E+00 -3.6504E-01 -6.2434E-03
  6.9120E+00 -3.8241E-01 -8.0941E-03
  7.0656E+00 -3.9798E-01 -9.9244E-03
  7.2192E+00 -4.1176E-01 -1.1726E-02
  7.3728E+00 -4.2373E-01 -1.3491E-02
  7.5264E+00 -4.3389E-01 -1.5211E-02
  7.6800E+00 -4.4225E-01 -1.6879E-02
  7.8336E+00 -4.4882E-01 -1.8488E-02
  7.9872E+00 -4.5361E-01 -2.0030E-02
  8.1408E+00 -4.5664E-01 -2.1499E-02
  8.2944E+00 -4.5794E-01 -2.2888E-02
  8.4480E+00 -4.5753E-01 -2.4193E-02
  8.6016E+00 -4.5546E-01 -2.5406E-02
  8.7552E+00 -4.5176E-01 -2.6523E-02
  8.9088E+00 -4.4648E-01 -2.7539E-02
  9.0624E+00 -4.3965E-01 -2.8450E-02
  9.2160E+00 -4.3133E-01 -2.9252E-02
  9.3696E+00 -4.2158E-01 -2.9942E-02
  9.5232E+00 -4.1044E-01 -3.0516E-02
  9.6768E+00 -3.9799E-01 -3.0973E-02
  9.8304E+00 -3.8427E-01 -3.1309E-02
  9.9840E+00 -3.6936E-01 -3.1524E-02
  1.0138E+01 -3.5332E-01 -3.1617E-02
  1.0291E+01 -3.3623E-01 -3.1587E-02
  1.0445E+01 -3.1814E-01 -3.1434E-02
  1.0598E+01 -2.9914E-01 -3.1159E-02
  1.0752E+01 -2.7929E-01 -3.0762E-02
  1.0906E+01 -2.5868E-01 -3.0244E-02
  1.1059E+01 -2.3738E-01 -2.9608E-02
  1.1213E+01 -2.1546E-01 -2.8855E-02
  1.1366E+01 -1.9300E-01 -2.7989E-02
  1.1520E+01 -1.7008E-01 -2.7012E-02
  1.1674E+01 -1.4677E-01 -2.5927E-02
  1.1827E+01 -1.2316E-01 -2.4739E-02
  1.1981E+01 -9.9306E-02 -2.3452E-02
  1.2134E+01 -7.5298E-02 -2.2070E-02
  1.2288E+01 -5.1207E-02 -2.0597E-02
  1.2442E+01 -2.7105E-02 -1.9041E-02
  1.2595E+01 -3.0659E-03 -1.7404E-02
  1.2749E+01  2.0840E-02 -1.5695E-02
  1.2902E+01  4.4544E-02 -1.3917E-02
  1.3056E+01  6.7977E-02 -1.2078E-02
  1.3210E+01  9.1075E-02 -1.0184E-02
  1.3363E+01  1.1377E-01 -8.2410E-03
  1.3517E+01  1.3602E-01 -6.2562E-03
  1.3670E+01  1.5774E-01 -4.2363E-03
  1.3824E+01  1.7888E-01 -2.1880E-03
  1.3978E+01  1.9940E-01 -1.1854E-04
  1.4131E+01  2.1924E-01  1.9652E-03
  1.4285E+01  2.3835E-01  4.0562E-03
  1.4438E+01  2.5669E-01  6.1475E-03
  1.4592E+01  2.7421E-01  8.2321E-03
  1.4746E+01  2.9088E-01  1.0303E-02
  1.4899E+01  3.0665E-01  1.2353E-02
  1.5053E+01  3.2151E-01  1.4376E-02
  1.5206E+01  3.3540E-01  1.6365E-02
  1.5360E+01  3.4833E-01  1.8313E-02
  1.5514E+01  3.6024E-01  2.0214E-02
  1.5667E+01  3.7114E-01  2.2062E-02
  1.5821E+01  3.8099E-01  2.3851E-02
  1.5974E+01  3.8980E-01  2.5575E-02
  1.6128E+01  3.9754E-01  2.7229E-02
  1.6282E+01  4.0420E-01  2.8806E-02
  1.6435E+01  4.0980E-01  3.0304E-02
  1.6589E+01  4.1432E-01  3.1716E-02
  1.6742E+01  4.1778E-01  3.3038E-02
  1.6896E+01  4.2016E-01  3.4266E-02
  1.7050E+01  4.2149E-01  3.5396E-02
  1.7203E+01  4.2177E-01  3.6425E-02
  1.7357E+01  4.2102E-01  3.7350E-02
  1.7510E+01  4.1926E-01  3.8168E-02
  1.7664E+01  4.1650E-01  3.8877E-02
  1.7818E+01  4.1278E-01  3.9474E-02
  1.7971E+01  4.0810E-01  3.9958E-02
  1.8125E+01  4.0250E-01  4.0327E-02
  1.8278E+01  3.9602E-01  4.0581E-02
  1.8432E+01  3.8867E-01  4.0719E-02
  1.8586E+01  3.8050E-01  4.0741E-02
  1.8739E+01  3.7153E-01  4.0647E-02
  1.8893E+01  3.6181E-01  4.0438E-02
  1.9046E+01  3.5138E-01  4.0114E-02
  1.9200E+01  3.4026E-01  3.9677E-02
  1.9354E+01  3.2851E-01  3.9129E-02
  1.9507E+01  3.1617E-01  3.8470E-02
  1.9661E+01  3.0328E-01  3.7705E-02
  1.9814E+01  2.8988E-01  3.6835E-02
  1.9968E+01  2.7603E-01  3.5863E-02
  2.0122E+01  2.6175E-01  3.4793E-02
  2.0275E+01  2.4710E-01  3.3628E-02
  2.0429E+01  2.3214E-01  3.2372E-02
  2.0582E+01  2.1689E-01  3.1029E-02
  2.0736E+01  2.0141E-01  2.9603E-02
  2.0890E+01  1.8575E-01  2.8099E-02
  2.1043E+01  1.6995E-01  2.6522E-02
  2.1197E+01  1.5405E-01  2.4876E-02
  2.1350E+01  1.3811E-01  2.3167E-02
  2.1504E+01  1.2217E-01  2.1401E-02
  2.1658E+01  1.0626E-01  1.9582E-02
  2.1811E+01  9.0440E-02  1.7717E-02
  2.1965E+01  7.4745E-02  1.5812E-02
  2.2118E+01  5.9217E-02  1.3871E-02
  2.2272E+01  4.3896E-02  1.1901E-02
  2.2426E+01  2.8822E-02  9.9082E-03
  2.2579E+01  1.4031E-02  7.8982E-03
  2.2733E+01 -4.4011E-04  5.8771E-03
  2.2886E+01 -1.4556E-02  3.8509E-03
  2.3040E+01 -2.8285E-02  1.8259E-03
  2.3194E+01 -4.1594E-02 -1.9194E-04
  2.3347E+01 -5.4454E-02 -2.1966E-03
  2.3501E+01 -6.6836E-02 -4.1822E-03
  2.3654E+01 -7.8715E-02 -6.1430E-03
  2.3808E+01 -9.0065E-02 -8.0733E-03
  2.3962E+01 -1.0086E-01 -9.9675E-03
  2.4115E+01 -1.1109E-01 -1.1820E-02
  2.4269E+01 -1.2073E-01 -1.3626E-02
  2.4422E+01 -1.2976E-01 -1.5380E-02
  2.4576E+01 -1.3817E-01 -1.7078E-02
  2.4730E+01 -1.4594E-01 -1.8713E-02
  2.4883E+01 -1.5306E-01 -2.0283E-02
  2.5037E+01 -1.5953E-01 -2.1782E-02
  2.5190E+01 -1.6533E-01 -2.3207E-02
  2.5344E+01 -1.7047E-01 -2.4554E-02
  2.5498E+01 -1.7493E-01 -2.5818E-02
  2.5651E+01 -1.7873E-01 -2.6998E-02
  2.5805E+01 -1.8185E-01 -2.8088E-02
  2.5958E+01 -1.8430E-01 -2.9088E-02
  2.6112E+01 -1.8608E-01 -2.9994E-02
  2.6266E+01 -1.8721E-01 -3.0805E-02
  2.6419E+01 -1.8768E-01 -3.1518E-02
  2.6573E+01 -1.8751E-01 -3.2131E-02
  2.6726E+01 -1.8671E-01 -3.2644E-02
  2.6880E+01 -1.8529E-01 -3.3056E-02
  2.7034E+01 -1.8326E-01 -3.3365E-02
  2.7187E+01 -1.8064E-01 -3.3571E-02
  2.7341E+01 -1.7745E-01 -3.3675E-02
  2.7494E+01 -1.7371E-01 -3.3676E-02
  2.7648E+01 -1.6943E-01 -3.3575E-02
  2.7802E+01 -1.6464E-01 -3.3373E-02
  2.7955E+01 -1.5935E-01 -3.3070E-02
  2.8109E+01 -1.5359E-01 -3.2669E-02
  2.8262E+01 -1.4738E-01 -3.2170E-02
  2.8416E+01 -1.4075E-01 -3.1576E-02
  2.8570E+01 -1.3373E-01 -3.0889E-02
  2.8723E+01 -1.2633E-01 -3.0112E-02
  2.8877E+01 -1.1858E-01 -2.9246E-02
  2.9030E+01 -1.1052E-01 -2.8295E-02
  2.9184E+01 -1.0216E-01 -2.7262E-02
  2.9338E+01 -9.3542E-02 -2.6151E-02
  2.9491E+01 -8.4689E-02 -2.4965E-02
  2.9645E+01 -7.5628E-02 -2.3708E-02
  2.9798E+01 -6.6387E-02 -2.2383E-02
  2.9952E+01 -5.6995E-02 -2.0996E-02
  3.0106E+01 -4.7481E-02 -1.9549E-02
  3.0259E+01 -3.7871E-02 -1.8048E-02
  3.0413E+01 -2.8194E-02 -1.6497E-02
  3.0566E+01 -1.8478E-02 -1.4901E-02
  3.0720E+01 -8.7493E-03 -1.3264E-02
  3.0874E+01  9.6331E-04 -1.1592E-02
  3.1027E+01  1.0634E-02 -9.8887E-03
  3.1181E+01  2.0236E-02 -8.1599E-03
  3.1334E+01  2.9745E-02 -6.4102E-03
  3.1488E+01  3.9138E-02 -4.6447E-03
  3.1642E+01  4.8389E-02 -2.8683E-03
  3.1795E+01  5.7477E-02 -1.0860E-03
  3.1949E+01  6.6380E-02  6.9703E-04
  3.2102E+01  7.5075E-02  2.4759E-03
  3.2256E+01  8.3543E-02  4.2455E-03
  3.2410E+01  9.1764E-02  6.0010E-03
  3.2563E+01  9.9718E-02  7.7375E-03
  3.2717E+01  1.0739E-01  9.4504E-03
  3.2870E+01  1.1476E-01  1.1135E-02
  3.3024E+01  1.2182E-01  1.2787E-02
  3.3178E+01  1.2854E-01  1.4401E-02
  3.3331E+01  1.3493E-01  1.5974E-02
  3.3485E+01  1.4095E-01  1.7502E-02
  3.3638E+01  1.4662E-01  1.8981E-02
  3.3792E+01  1.5191E-01  2.0407E-02
  3.3946E+01  1.5682E-01  2.1776E-02
  3.4099E+01  1.6134E-01  2.3085E-02
  3.4253E+01  1.6546E-01  2.4331E-02
  3.4406E+01  1.6919E-01  2.5511E-02
  3.4560E+01  1.7251E-01  2.6622E-02
  3.4714E+01  1.7542E-01  2.7661E-02
  3.4867E+01  1.7792E-01  2.8625E-02
  3.5021E+01  1.8002E-01  2.9513E-02
  3.5174E+01  1.8170E-01  3.0323E-02
  3.5328E+01  1.8298E-01  3.1053E-02
  3.5482E+01  1.8386E-01  3.1703E-02
  3.5635E+01  1.8434E-01  3.2269E-02
  3.5789E+01  1.8443E-01  3.2753E-02
  3.5942E+01  1.8412E-01  3.3153E-02
  3.6096E+01  1.8344E-01  3.3468E-02
  3.6250E+01  1.8239E-01  3.3698E-02
  3.6403E+01  1.8097E-01  3.3843E-02
  3.6557E+01  1.7919E-01  3.3904E-02
  3.6710E+01  1.7707E-01  3.3880E-02
  3.6864E+01  1.7462E-01  3.3773E-02
  3.7018E+01  1.7184E-01  3.3583E-02
  3.7171E+01  1.6876E-01  3.3312E-02
  3.7325E+01  1.6538E-01  3.2960E-02
  3.7478E+01  1.6172E-01  3.2531E-02
  3.7632E+01  1.5780E-01  3.2025E-02
  3.7786E+01  1.5362E-01  3.1444E-02
  3.7939E+01  1.4920E-01  3.0790E-02
  3.8093E+01  1.4456E-01  3.0067E-02
  3.8246E+01  1.3971E-01  2.9276E-02
  3.8400E+01  1.3468E-01  2.8419E-02
  3.8554E+01  1.2946E-01  2.7501E-02
  3.8707E+01  1.2409E-01  2.6523E-02
  3.8861E+01  1.1858E-01  2.5488E-02
  3.9014E+01  1.1294E-01  2.4401E-02
  3.9168E+01  1.0719E-01  2.3264E-02
  3.9322E+01  1.0135E-01  2.2081E-02
  3.9475E+01  9.5440E-02  2.0856E-02
  3.9629E+01  8.9470E-02  1.9591E-02
  3.9782E+01  8.3459E-02  1.8293E-02
  3.9936E+01  7.7424E-02  1.6962E-02
  4.0090E+01  7.1380E-02  1.5605E-02
  4.0243E+01  6.5343E-02  1.4224E-02
  4.0397E+01  5.9329E-02  1.2824E-02
  4.0550E+01  5.3354E-02  1.1408E-02
  4.0704E+01  4.7431E-02  9.9804E-03
  4.0858E+01  4.1575E-02  8.5449E-03
  4.1011E+01  3.5799E-02  7.1055E-03
  4.1165E+01  3.0117E-02  5.6661E-03
  4.1318E+01  2.4544E-02  4.2307E-03
  4.1472E+01  1.9091E-02  2.8031E-03
  4.1626E+01  1.3772E-02  1.3874E-03
  4.1779E+01  8.5977E-03 -1.2953E-05
  4.1933E+01  3.5798E-03 -1.3940E-03
  4.2086E+01 -1.2716E-03 -2.7523E-03
  4.2240E+01 -5.9468E-03 -4.0843E-03
  4.2394E+01 -1.0437E-02 -5.3866E-03
  4.2547E+01 -1.4733E-02 -6.6560E-03
  4.2701E+01 -1.8827E-02 -7.8896E-03
  4.2854E+01 -2.2713E-02 -9.0843E-03
  4.3008E+01 -2.6384E-02 -1.0237E-02
  4.3162E+01 -2.9834E-02 -1.1346E-02
  4.3315E+01 -3.3059E-02 -1.2408E-02
  4.3469E+01 -3.6053E-02 -1.3420E-02
  4.3622E+01 -3.8813E-02 -1.4381E-02
  4.3776E+01 -4.1335E-02 -1.5287E-02
  4.3930E+01 -4.3615E-02 -1.6138E-02
  4.4083E+01 -4.5651E-02 -1.6930E-02
  4.4237E+01 -4.7442E-02 -1.7663E-02
  4.4390E+01 -4.8988E-02 -1.8335E-02
  4.4544E+01 -5.0289E-02 -1.8945E-02
  4.4698E+01 -5.1346E-02 -1.9491E-02
  4.4851E+01 -5.2161E-02 -1.9972E-02
  4.5005E+01 -5.2737E-02 -2.0389E-02
  4.5158E+01 -5.3075E-02 -2.0740E-02
  4.5312E+01 -5.3180E-02 -2.1025E-02
  4.5466E+01 -5.3055E-02 -2.1244E-02
  4.5619E+01 -5.2705E-02 -2.1397E-02
  4.5773E+01 -5.2136E-02 -2.1485E-02
  4.5926E+01 -5.1352E-02 -2.1507E-02
  4.6080E+01 -5.0360E-02 -2.1463E-02
  4.6234E+01 -4.9164E-02 -2.1356E-02
  4.6387E+01 -4.7771E-02 -2.1185E-02
  4.6541E+01 -4.6186E-02 -2.0951E-02
  4.6694E+01 -4.4417E-02 -2.0656E-02
  4.6848E+01 -4.2472E-02 -2.0301E-02
  4.7002E+01 -4.0357E-02 -1.9887E-02
  4.7155E+01 -3.8081E-02 -1.9416E-02
  4.7309E+01 -3.5654E-02 -1.8890E-02
  4.7462E+01 -3.3085E-02 -1.8311E-02
  4.7616E+01 -3.0382E-02 -1.7680E-02
  4.7770E+01 -2.7556E-02 -1.7000E-02
  4.7923E+01 -2.4616E-02 -1.6273E-02
  4.8077E+01 -2.1572E-02 -1.5502E-02
  4.8230E+01 -1.8434E-02 -1.4689E-02
  4.8384E+01 -1.5213E-02 -1.3837E-02
  4.8538E+01 -1.1919E-02 -1.2948E-02
  4.8691E+01 -8.5617E-03 -1.2024E-02
  4.8845E+01 -5.1522E-03 -1.1069E-02
  4.8998E+01 -1.7001E-03 -1.0086E-02
  4.9152E+01  1.7850E-03 -9.0765E-03
  4.9306E+01  5.2940E-03 -8.0440E-03
  4.9459E+01  8.8178E-03 -6.9913E-03
  4.9613E+01  1.2348E-02 -5.9216E-03
  4.9766E+01  1.5874E-02 -4.8376E-03
  4.9920E+01  1.9388E-02 -3.7426E-03
  5.0074E+01  2.2881E-02 -2.6395E-03
  5.0227E+01  2.6344E-02 -1.5314E-03
  5.0381E+01  2.9768E-02 -4.2131E-04
  5.0534E+01  3.3145E-02  6.8765E-04
  5.0688E+01  3.6466E-02  1.7926E-03
  5.0842E+01  3.9724E-02  2.8905E-03
  5.0995E+01  4.2912E-02  3.9785E-03
  5.1149E+01  4.6022E-02  5.0540E-03
  5.1302E+01  4.9048E-02  6.1142E-03
  5.1456E+01  5.1983E-02  7.1566E-03
  5.1610E+01  5.4820E-02  8.1786E-03
  5.1763E+01  5.7553E-02  9.1777E-03
  5.1917E+01  6.0176E-02  1.0152E-02
  5.2070E+01  6.2684E-02  1.1098E-02
  5.2224E+01  6.5071E-02  1.2015E-02
  5.2378E+01  6.7335E-02  1.2900E-02
  5.2531E+01  6.9469E-02  1.3751E-02
  5.2685E+01  7.1472E-02  1.4567E-02
  5.2838E+01  7.3340E-02  1.5345E-02
  5.2992E+01  7.5072E-02  1.6085E-02
  5.3146E+01  7.6665E-02  1.6783E-02
  5.3299E+01  7.8119E-02  1.7439E-02
  5.3453E+01  7.9431E-02  1.8052E-02
  5.3606E+01  8.0601E-02  1.8620E-02
  5.3760E+01  8.1627E-02  1.9141E-02
  5.3914E+01  8.2510E-02  1.9616E-02
  5.4067E+01  8.3250E-02  2.0043E-02
  5.4221E+01  8.3848E-02  2.0422E-02
  5.4374E+01  8.4304E-02  2.0751E-02
  5.4528E+01  8.4619E-02  2.1032E-02
  5.4682E+01  8.4794E-02  2.1262E-02
  5.4835E+01  8.4831E-02  2.1444E-02
  5.4989E+01  8.4734E-02  2.1575E-02
  5.5142E+01  8.4504E-02  2.1658E-02
  5.5296E+01  8.4145E-02  2.1691E-02
  5.5450E+01  8.3658E-02  2.1676E-02
  5.5603E+01  8.3047E-02  2.1613E-02
  5.5757E+01  8.2313E-02  2.1503E-02
  5.5910E+01  8.1463E-02  2.1347E-02
  5.6064E+01  8.0500E-02  2.1145E-02
  5.6218E+01  7.9428E-02  2.0899E-02
  5.6371E+01  7.8252E-02  2.0609E-02
  5.6525E+01  7.6976E-02  2.0277E-02
  5.6678E+01  7.5604E-02  1.9904E-02
  5.6832E+01  7.4142E-02  1.9492E-02
  5.6986E+01  7.2596E-02  1.9041E-02
  5.7139E+01  7.0973E-02  1.8554E-02
  5.7293E+01  6.9278E-02  1.8032E-02
  5.7446E+01  6.7518E-02  1.7476E-02
  5.7600E+01  6.5696E-02  1.6889E-02
  5.7754E+01  6.3819E-02  1.6272E-02
  5.7907E+01  6.1891E-02  1.5627E-02
  5.8061E+01  5.9918E-02  1.4956E-02
  5.8214E+01  5.7906E-02  1.4261E-02
  5.8368E+01  5.5863E-02  1.3545E-02
  5.8522E+01  5.3794E-02  1.2809E-02
  5.8675E+01  5.1704E-02  1.2056E-02
  5.8829E+01  4.9596E-02  1.1288E-02
  5.8982E+01  4.7476E-02  1.0506E-02
  5.9136E+01  4.5349E-02  9.7140E-03
  5.9290E+01  4.3223E-02  8.9129E-03
  5.9443E+01  4.1106E-02  8.1054E-03
  5.9597E+01  3.9004E-02  7.2939E-03
  5.9750E+01  3.6922E-02  6.4804E-03
  5.9904E+01  3.4863E-02  5.6670E-03
  6.0058E+01  3.2832E-02  4.8558E-03
  6.0211E+01  3.0830E-02  4.0487E-03
  6.0365E+01  2.8862E-02  3.2477E-03
  6.0518E+01  2.6934E-02  2.4549E-03
  6.0672E+01  2.5053E-02  1.6724E-03
  6.0826E+01  2.3223E-02  9.0216E-04
  6.0979E+01  2.1447E-02  1.4610E-04
  6.1133E+01  1.9729E-02 -5.9408E-04
  6.1286E+01  1.8066E-02 -1.3168E-03
  6.1440E+01  1.6461E-02 -2.0204E-03
  6.1594E+01  1.4915E-02 -2.7034E-03
  6.1747E+01  1.3434E-02 -3.3641E-03
  6.1901E+01  1.2025E-02 -4.0007E-03
  6.2054E+01  1.0694E-02 -4.6117E-03
  6.2208E+01  9.4440E-03 -5.1956E-03
  6.2362E+01  8.2766E-03 -5.7513E-03
  6.2515E+01  7.1896E-03 -6.2777E-03
  6.2669E+01  6.1800E-03 -6.7740E-03
  6.2822E+01  5.2462E-03 -7.2393E-03
  6.2976E+01  4.3891E-03 -7.6727E-03
  6.3130E+01  3.6125E-03 -8.0733E-03
  6.3283E+01  2.9216E-03 -8.4402E-03
  6.3437E+01  2.3213E-03 -8.7726E-03
  6.3590E+01  1.8135E-03 -9.0700E-03
  6.3744E+01  1.3961E-03 -9.3321E-03
  6.3898E+01  1.0636E-03 -9.5588E-03
  6.4051E+01  8.0889E-04 -9.7504E-03
  6.4205E+01  6.2697E-04 -9.9069E-03
  6.4358E+01  5.1670E-04 -1.0028E-02
  6.4512E+01  4.8169E-04 -1.0114E-02
  6.4666E+01  5.2848E-04 -1.0164E-02
  6.4819E+01  6.6334E-04 -1.0179E-02
  6.4973E+01  8.8897E-04 -1.0157E-02
  6.5126E+01  1.2027E-03 -1.0102E-02
  6.5280E+01  1.5968E-03 -1.0012E-02
  6.5434E+01  2.0608E-03 -9.8884E-03
  6.5587E+01  2.5849E-03 -9.7331E-03
  6.5741E+01  3.1624E-03 -9.5463E-03
  6.5894E+01  3.7914E-03 -9.3285E-03
  6.6048E+01  4.4741E-03 -9.0802E-03
  6.6202E+01  5.2150E-03 -8.8020E-03
  6.6355E+01  6.0183E-03 -8.4947E-03
  6.6509E+01  6.8850E-03 -8.1595E-03
  6.6662E+01  7.8121E-03 -7.7978E-03
  6.6816E+01  8.7919E-03 -7.4110E-03
  6.6970E+01  9.8140E-03 -7.0010E-03
  6.7123E+01  1.0868E-02 -6.5692E-03
  6.7277E+01  1.1945E-02 -6.1169E-03
  6.7430E+01  1.3041E-02 -5.6453E-03
  6.7584E+01  1.4159E-02 -5.1554E-03
  6.7738E+01  1.5302E-02 -4.6482E-03
  6.7891E+01  1.6475E-02 -4.1252E-03
  6.8045E+01  1.7681E-02 -3.5879E-03
  6.8198E+01  1.8921E-02 -3.0381E-03
  6.8352E+01  2.0189E-02 -2.4777E-03
  6.8506E+01  2.1476E-02 -1.9085E-03
  6.8659E+01  2.2771E-02 -1.3324E-03
  6.8813E+01  2.4062E-02 -7.5071E-04
  6.8966E+01  2.5340E-02 -1.6497E-04
  6.9120E+01  2.6599E-02  4.2345E-04
  6.9274E+01  2.7837E-02  1.0132E-03
  6.9427E+01  2.9057E-02  1.6028E-03
  6.9581E+01  3.0262E-02  2.1909E-03
  6.9734E+01  3.1459E-02  2.7764E-03
  6.9888E+01  3.2649E-02  3.3578E-03
  7.0042E+01  3.3830E-02  3.9337E-03
  7.0195E+01  3.4997E-02  4.5026E-03
  7.0349E+01  3.6138E-02  5.0627E-03
  7.0502E+01  3.7243E-02  5.6120E-03
  7.0656E+01  3.8304E-02  6.1490E-03
  7.0810E+01  3.9317E-02  6.6722E-03
  7.0963E+01  4.0285E-02  7.1807E-03
  7.1117E+01  4.1213E-02  7.6739E-03
  7.1270E+01  4.2108E-02  8.1515E-03
  7.1424E+01  4.2973E-02  8.6127E-03
  7.1578E+01  4.3808E-02  9.0570E-03
  7.1731E+01  4.4609E-02  9.4830E-03
  7.1885E+01  4.5369E-02  9.8894E-03
  7.2038E+01  4.6082E-02  1.0275E-02
  7.2192E+01  4.6742E-02  1.0638E-02
  7.2346E+01  4.7346E-02  1.0977E-02
  7.2499E+01  4.7895E-02  1.1292E-02
  7.2653E+01  4.8392E-02  1.1582E-02
  7.2806E+01  4.8842E-02  1.1848E-02
  7.2960E+01  4.9251E-02  1.2089E-02
  7.3114E+01  4.9623E-02  1.2305E-02
  7.3267E+01  4.9961E-02  1.2498E-02
  7.3421E+01  5.0261E-02  1.2668E-02
  7.3574E+01  5.0514E-02  1.2815E-02
  7.3728E+01  5.0705E-02  1.2939E-02
  7.3882E+01  5.0818E-02  1.3037E-02
  7.4035E+01  5.0837E-02  1.3108E-02
  7.4189E+01  5.0759E-02  1.3152E-02
  7.4342E+01  5.0592E-02  1.3167E-02
  7.4496E+01  5.0359E-02  1.3153E-02
  7.4650E+01  5.0093E-02  1.3112E-02
  7.4803E+01  4.9828E-02  1.3047E-02
  7.4957E+01  4.9595E-02  1.2959E-02
  7.5110E+01  4.9406E-02  1.2852E-02
  7.5264E+01  4.9256E-02  1.2726E-02
  7.5418E+01  4.9118E-02  1.2583E-02
  7.5571E+01  4.8956E-02  1.2421E-02
  7.5725E+01  4.8728E-02  1.2239E-02
  7.5878E+01  4.8401E-02  1.2037E-02
  7.6032E+01  4.7954E-02  1.1813E-02
  7.6186E+01  4.7385E-02  1.1567E-02
  7.6339E+01  4.6707E-02  1.1299E-02
  7.6493E+01  4.5946E-02  1.1012E-02
  7.6646E+01  4.5137E-02  1.0707E-02
  7.6800E+01  4.4312E-02  1.0386E-02
  7.6954E+01  4.3499E-02  1.0052E-02
  7.7107E+01  4.2720E-02  9.7046E-03
  7.7261E+01  4.1983E-02  9.3472E-03
  7.7414E+01  4.1289E-02  8.9806E-03
  7.7568E+01  4.0630E-02  8.6058E-03
  7.7722E+01  3.9992E-02  8.2235E-03
  7.7875E+01  3.9356E-02  7.8342E-03
  7.8029E+01  3.8705E-02  7.4382E-03
  7.8182E+01  3.8026E-02  7.0359E-03
  7.8336E+01  3.7309E-02  6.6281E-03
  7.8490E+01  3.6556E-02  6.2158E-03
  7.8643E+01  3.5774E-02  5.8004E-03
  7.8797E+01  3.4974E-02  5.3838E-03
  7.8950E+01  3.4172E-02  4.9674E-03
  7.9104E+01  3.3383E-02  4.5531E-03
  7.9258E+01  3.2617E-02  4.1419E-03
  7.9411E+01  3.1880E-02  3.7349E-03
  7.9565E+01  3.1170E-02  3.3325E-03
  7.9718E+01  3.0483E-02  2.9352E-03
  7.9872E+01  2.9811E-02  2.5435E-03
  8.0026E+01  2.9148E-02  2.1579E-03
  8.0179E+01  2.8490E-02  1.7792E-03
  8.0333E+01  2.7837E-02  1.4087E-03
  8.0486E+01  2.7191E-02  1.0473E-03
  8.0640E+01  2.6558E-02  6.9643E-04
  8.0794E+01  2.5945E-02  3.5708E-04
  8.0947E+01  2.5359E-02  3.0243E-05
  8.1101E+01  2.4803E-02 -2.8335E-04
  8.1254E+01  2.4284E-02 -5.8312E-04
  8.1408E+01  2.3801E-02 -8.6865E-04
  8.1562E+01  2.3356E-02 -1.1396E-03
  8.1715E+01  2.2945E-02 -1.3957E-03
  8.1869E+01  2.2567E-02 -1.6364E-03
  8.2022E+01  2.2219E-02 -1.8616E-03
  8.2176E+01  2.1899E-02 -2.0706E-03
  8.2330E+01  2.1605E-02 -2.2632E-03
  8.2483E+01  2.1335E-02 -2.4388E-03
  8.2637E+01  2.1091E-02 -2.5972E-03
  8.2790E+01  2.0871E-02 -2.7381E-03
  8.2944E+01  2.0677E-02 -2.8614E-03
  8.3098E+01  2.0510E-02 -2.9671E-03
  8.3251E+01  2.0372E-02 -3.0551E-03
  8.3405E+01  2.0265E-02 -3.1252E-03
  8.3558E+01  2.0191E-02 -3.1776E-03
  8.3712E+01  2.0150E-02 -3.2120E-03
  8.3866E+01  2.0142E-02 -3.2286E-03
  8.4019E+01  2.0168E-02 -3.2274E-03
  8.4173E+01  2.0226E-02 -3.2084E-03
  8.4326E+01  2.0314E-02 -3.1720E-03
  8.4480E+01  2.0432E-02 -3.1183E-03
  8.4634E+01  2.0576E-02 -3.0477E-03
  8.4787E+01  2.0745E-02 -2.9608E-03
  8.4941E+01  2.0938E-02 -2.8580E-03
  8.5094E+01  2.1155E-02 -2.7399E-03
  8.5248E+01  2.1393E-02 -2.6069E-03
  8.5402E+01  2.1654E-02 -2.4595E-03
  8.5555E+01  2.1936E-02 -2.2984E-03
  8.5709E+01  2.2240E-02 -2.1238E-03
  8.5862E+01  2.2565E-02 -1.9364E-03
  8.6016E+01  2.2910E-02 -1.7367E-03
  8.6170E+01  2.3274E-02 -1.5253E-03
  8.6323E+01  2.3656E-02 -1.3028E-03
  8.6477E+01  2.4054E-02 -1.0698E-03
  8.6630E+01  2.4467E-02 -8.2707E-04
  8.6784E+01  2.4893E-02 -5.7535E-04
  8.6938E+01  2.5330E-02 -3.1538E-04
  8.7091E+01  2.5778E-02 -4.7926E-05
  8.7245E+01  2.6234E-02  2.2624E-04
  8.7398E+01  2.6697E-02  5.0633E-04
  8.7552E+01  2.7166E-02  7.9156E-04
  8.7706E+01  2.7640E-02  1.0811E-03
  8.7859E+01  2.8117E-02  1.3743E-03
  8.8013E+01  2.8597E-02  1.6703E-03
  8.8166E+01  2.9079E-02  1.9683E-03
  8.8320E+01  2.9562E-02  2.2677E-03
  8.8474E+01  3.0044E-02  2.5676E-03
  8.8627E+01  3.0527E-02  2.8674E-03
  8.8781E+01  3.1008E-02  3.1663E-03
  8.8934E+01  3.1487E-02  3.4637E-03
  8.9088E+01  3.1963E-02  3.7588E-03
  8.9242E+01  3.2435E-02  4.0509E-03
  8.9395E+01  3.2901E-02  4.3393E-03
  8.9549E+01  3.3362E-02  4.6233E-03
  8.9702E+01  3.3815E-02  4.9022E-03
  8.9856E+01  3.4260E-02  5.1753E-03
  9.0010E+01  3.4694E-02  5.4421E-03
  9.0163E+01  3.5118E-02  5.7020E-03
  9.0317E+01  3.5530E-02  5.9543E-03
  9.0470E+01  3.5929E-02  6.1985E-03
  9.0624E+01  3.6314E-02  6.4341E-03
  9.0778E+01  3.6685E-02  6.6606E-03
  9.0931E+01  3.7042E-02  6.8776E-03
  9.1085E+01  3.7382E-02  7.0846E-03
  9.1238E+01  3.7706E-02  7.2812E-03
  9.1392E+01  3.8013E-02  7.4670E-03
  9.1546E+01  3.8302E-02  7.6416E-03
  9.1699E+01  3.8572E-02  7.8048E-03
  9.1853E+01  3.8822E-02  7.9562E-03
  9.2006E+01  3.9052E-02  8.0956E-03
  9.2160E+01  3.9261E-02  8.2228E-03
  9.2314E+01  3.9450E-02  8.3376E-03
  9.2467E+01  3.9616E-02  8.4398E-03
  9.2621E+01  3.9760E-02  8.5294E-03
  9.2774E+01  3.9883E-02  8.6063E-03
  9.2928E+01  3.9982E-02  8.6704E-03
  9.3082E+01  4.0060E-02  8.7217E-03
  9.3235E+01  4.0116E-02  8.7603E-03
  9.3389E+01  4.0149E-02  8.7860E-03
  9.3542E+01  4.0161E-02  8.7991E-03
  9.3696E+01  4.0152E-02  8.7996E-03
  9.3850E+01  4.0122E-02  8.7875E-03
  9.4003E+01  4.0073E-02  8.7632E-03
  9.4157E+01  4.0004E-02  8.7268E-03
  9.4310E+01  3.9916E-02  8.6785E-03
  9.4464E+01  3.9810E-02  8.6187E-03
  9.4618E+01  3.9687E-02  8.5475E-03
  9.4771E+01  3.9548E-02  8.4655E-03
  9.4925E+01  3.9393E-02  8.3728E-03
  9.5078E+01  3.9224E-02  8.2699E-03
  9.5232E+01  3.9040E-02  8.1572E-03
  9.5386E+01  3.8844E-02  8.0350E-03
  9.5539E+01  3.8635E-02  7.9039E-03
  9.5693E+01  3.8414E-02  7.7641E-03
  9.5846E+01  3.8183E-02  7.6161E-03
  9.6000E+01  3.7941E-02  7.4604E-03
  9.6154E+01  3.7689E-02  7.2974E-03
  9.6307E+01  3.7429E-02  7.1276E-03
  9.6461E+01  3.7160E-02  6.9516E-03
  9.6614E+01  3.6884E-02  6.7697E-03
  9.6768E+01  3.6601E-02  6.5826E-03
  9.6922E+01  3.6312E-02  6.3908E-03
  9.7075E+01  3.6018E-02  6.1948E-03
  9.7229E+01  3.5719E-02  5.9951E-03
  9.7382E+01  3.5416E-02  5.7924E-03
  9.7536E+01  3.5109E-02  5.5872E-03
  9.7690E+01  3.4800E-02  5.3800E-03
  9.7843E+01  3.4488E-02  5.1716E-03
  9.7997E+01  3.4175E-02  4.9623E-03
  9.8150E+01  3.3860E-02  4.7528E-03
  9.8304E+01  3.3544E-02  4.5436E-03
  9.8458E+01  3.3229E-02  4.3353E-03
  9.8611E+01  3.2914E-02  4.1282E-03
  9.8765E+01  3.2600E-02  3.9229E-03
  9.8918E+01  3.2288E-02  3.7200E-03
  9.9072E+01  3.1978E-02  3.5197E-03
  9.9226E+01  3.1671E-02  3.3227E-03
  9.9379E+01  3.1368E-02  3.1293E-03
  9.9533E+01  3.1070E-02  2.9400E-03
  9.9686E+01  3.0778E-02  2.7553E-03
  9.9840E+01  3.0492E-02  2.5755E-03
  9.9994E+01  3.0213E-02  2.4011E-03
  1.0015E+02  2.9942E-02  2.2325E-03
  1.0030E+02  2.9680E-02  2.0701E-03
  1.0045E+02  2.9427E-02  1.9142E-03
  1.0061E+02  2.9185E-02  1.7651E-03
  1.0076E+02  2.8953E-02  1.6233E-03
  1.0092E+02  2.8733E-02  1.4889E-03
  1.0107E+02  2.8526E-02  1.3623E-03
  1.0122E+02  2.8331E-02  1.2436E-03
  1.0138E+02  2.8150E-02  1.1330E-03
  1.0153E+02  2.7982E-02  1.0309E-03
  1.0168E+02  2.7828E-02  9.3718E-04
  1.0184E+02  2.7688E-02  8.5213E-04
  1.0199E+02  2.7563E-02  7.7582E-04
  1.0214E+02  2.7452E-02  7.0834E-04
  1.0230E+02  2.7355E-02  6.4975E-04
  1.0245E+02  2.7273E-02  6.0009E-04
  1.0260E+02  2.7204E-02  5.5939E-04
  1.0276E+02  2.7150E-02  5.2767E-04
  1.0291E+02  2.7109E-02  5.0494E-04
  1.0307E+02  2.7082E-02  4.9117E-04
  1.0322E+02  2.7068E-02  4.8635E-04
  1.0337E+02  2.7066E-02  4.9043E-04
  1.0353E+02  2.7078E-02  5.0334E-04
  1.0368E+02  2.7101E-02  5.2499E-04
  1.0383E+02  2.7137E-02  5.5526E-04
  1.0399E+02  2.7184E-02  5.9402E-04
  1.0414E+02  2.7242E-02  6.4111E-04
  1.0429E+02  2.7311E-02  6.9634E-04
  1.0445E+02  2.7390E-02  7.5949E-04
  1.0460E+02  2.7479E-02  8.3034E-04
  1.0476E+02  2.7577E-02  9.0864E-04
  1.0491E+02  2.7684E-02  9.9410E-04
  1.0506E+02  2.7799E-02  1.0864E-03
  1.0522E+02  2.7922E-02  1.1854E-03
  1.0537E+02  2.8052E-02  1.2906E-03
  1.0552E+02  2.8190E-02  1.4019E-03
  1.0568E+02  2.8335E-02  1.5189E-03
  1.0583E+02  2.8487E-02  1.6412E-03
  1.0598E+02  2.8645E-02  1.7686E-03
  1.0614E+02  2.8810E-02  1.9007E-03
  1.0629E+02  2.8981E-02  2.0371E-03
  1.0644E+02  2.9158E-02  2.1776E-03
  1.0660E+02  2.9341E-02  2.3218E-03
  1.0675E+02  2.9530E-02  2.4692E-03
  1.0691E+02  2.9725E-02  2.6195E-03
  1.0706E+02  2.9926E-02  2.7724E-03
  1.0721E+02  3.0132E-02  2.9274E-03
  1.0737E+02  3.0343E-02  3.0841E-03
  1.0752E+02  3.0560E-02  3.2421E-03
  1.0767E+02  3.0781E-02  3.4009E-03
  1.0783E+02  3.1006E-02  3.5601E-03
  1.0798E+02  3.1235E-02  3.7194E-03
  1.0813E+02  3.1467E-02  3.8783E-03
  1.0829E+02  3.1702E-02  4.0364E-03
  1.0844E+02  3.1938E-02  4.1934E-03
  1.0860E+02  3.2176E-02  4.3488E-03
  1.0875E+02  3.2415E-02  4.5024E-03
  1.0890E+02  3.2652E-02  4.6537E-03
  1.0906E+02  3.2889E-02  4.8024E-03
  1.0921E+02  3.3123E-02  4.9482E-03
  1.0936E+02  3.3355E-02  5.0908E-03
  1.0952E+02  3.3583E-02  5.2299E-03
  1.0967E+02  3.3806E-02  5.3653E-03
  1.0982E+02  3.4024E-02  5.4967E-03
  1.0998E+02  3.4236E-02  5.6237E-03
  1.1013E+02  3.4440E-02  5.7462E-03
  1.1028E+02  3.4636E-02  5.8639E-03
  1.1044E+02  3.4823E-02  5.9765E-03
  1.1059E+02  3.5001E-02  6.0840E-03
  1.1075E+02  3.5169E-02  6.1859E-03
  1.1090E+02  3.5326E-02  6.2822E-03
  1.1105E+02  3.5471E-02  6.3727E-03
  1.1121E+02  3.5605E-02  6.4571E-03
  1.1136E+02  3.5726E-02  6.5354E-03
  1.1151E+02  3.5834E-02  6.6074E-03
  1.1167E+02  3.5929E-02  6.6730E-03
  1.1182E+02  3.6011E-02  6.7320E-03
  1.1197E+02  3.6080E-02  6.7845E-03
  1.1213E+02  3.6136E-02  6.8303E-03
  1.1228E+02  3.6178E-02  6.8694E-03
  1.1244E+02  3.6207E-02  6.9017E-03
  1.1259E+02  3.6224E-02  6.9273E-03
  1.1274E+02  3.6230E-02  6.9462E-03
  1.1290E+02  3.6223E-02  6.9584E-03
  1.1305E+02  3.6206E-02  6.9638E-03
  1.1320E+02  3.6178E-02  6.9626E-03
  1.1336E+02  3.6141E-02  6.9548E-03
  1.1351E+02  3.6094E-02  6.9405E-03
  1.1366E+02  3.6040E-02  6.9198E-03
  1.1382E+02  3.5979E-02  6.8928E-03
  1.1397E+02  3.5911E-02  6.8597E-03
  1.1412E+02  3.5838E-02  6.8204E-03
  1.1428E+02  3.5759E-02  6.7753E-03
  1.1443E+02  3.5676E-02  6.7243E-03
  1.1459E+02  3.5588E-02  6.6677E-03
  1.1474E+02  3.5496E-02  6.6057E-03
  1.1489E+02  3.5400E-02  6.5385E-03
  1.1505E+02  3.5302E-02  6.4663E-03
  1.1520E+02  3.5200E-02  6.3893E-03
  1.1535E+02  3.5096E-02  6.3078E-03
  1.1551E+02  3.4990E-02  6.2220E-03
  1.1566E+02  3.4880E-02  6.1323E-03
  1.1581E+02  3.4767E-02  6.0389E-03
  1.1597E+02  3.4652E-02  5.9420E-03
  1.1612E+02  3.4533E-02  5.8420E-03
  1.1628E+02  3.4410E-02  5.7392E-03
  1.1643E+02  3.4284E-02  5.6339E-03
  1.1658E+02  3.4154E-02  5.5264E-03
  1.1674E+02  3.4020E-02  5.4169E-03
  1.1689E+02  3.3882E-02  5.3059E-03
  1.1704E+02  3.3740E-02  5.1935E-03
  1.1720E+02  3.3593E-02  5.0802E-03
  1.1735E+02  3.3442E-02  4.9662E-03
  1.1750E+02  3.3286E-02  4.8518E-03
  1.1766E+02  3.3125E-02  4.7374E-03
  1.1781E+02  3.2960E-02  4.6232E-03
  1.1796E+02  3.2790E-02  4.5095E-03
  1.1812E+02  3.2615E-02  4.3966E-03
  1.1827E+02  3.2437E-02  4.2848E-03
  1.1843E+02  3.2255E-02  4.1744E-03
  1.1858E+02  3.2070E-02  4.0657E-03
  1.1873E+02  3.1882E-02  3.9589E-03
  1.1889E+02  3.1692E-02  3.8542E-03
  1.1904E+02  3.1500E-02  3.7520E-03
  1.1919E+02  3.1306E-02  3.6522E-03
  1.1935E+02  3.1112E-02  3.5553E-03
  1.1950E+02  3.0918E-02  3.4614E-03
  1.1965E+02  3.0725E-02  3.3706E-03
  1.1981E+02  3.0534E-02  3.2832E-03
  1.1996E+02  3.0347E-02  3.1993E-03
  1.2012E+02  3.0164E-02  3.1191E-03
  1.2027E+02  2.9986E-02  3.0427E-03
  1.2042E+02  2.9815E-02  2.9702E-03
  1.2058E+02  2.9650E-02  2.9018E-03
  1.2073E+02  2.9493E-02  2.8374E-03
  1.2088E+02  2.9344E-02  2.7773E-03
  1.2104E+02  2.9206E-02  2.7214E-03
  1.2119E+02  2.9078E-02  2.6699E-03
  1.2134E+02  2.8960E-02  2.6229E-03
  1.2150E+02  2.8855E-02  2.5804E-03
  1.2165E+02  2.8761E-02  2.5424E-03
  1.2180E+02  2.8681E-02  2.5091E-03
  1.2196E+02  2.8613E-02  2.4805E-03
  1.2211E+02  2.8558E-02  2.4566E-03
  1.2227E+02  2.8516E-02  2.4376E-03
  1.2242E+02  2.8488E-02  2.4234E-03
  1.2257E+02  2.8472E-02  2.4142E-03
  1.2273E+02  2.8468E-02  2.4098E-03
  1.2288E+02  2.8475E-02  2.4103E-03
  1.2303E+02  2.8494E-02  2.4156E-03
  1.2319E+02  2.8523E-02  2.4259E-03
  1.2334E+02  2.8562E-02  2.4410E-03
  1.2349E+02  2.8611E-02  2.4610E-03
  1.2365E+02  2.8669E-02  2.4859E-03
  1.2380E+02  2.8734E-02  2.5155E-03
  1.2396E+02  2.8806E-02  2.5497E-03
  1.2411E+02  2.8883E-02  2.5885E-03
  1.2426E+02  2.8964E-02  2.6317E-03
  1.2442E+02  2.9048E-02  2.6792E-03
  1.2457E+02  2.9135E-02  2.7310E-03
  1.2472E+02  2.9224E-02  2.7869E-03
  1.2488E+02  2.9315E-02  2.8468E-03
  1.2503E+02  2.9406E-02  2.9106E-03
  1.2518E+02  2.9498E-02  2.9782E-03
  1.2534E+02  2.9590E-02  3.0492E-03
  1.2549E+02  2.9680E-02  3.1236E-03
  1.2564E+02  2.9769E-02  3.2011E-03
  1.2580E+02  2.9855E-02  3.2815E-03
  1.2595E+02  2.9939E-02  3.3647E-03
  1.2611E+02  3.0020E-02  3.4503E-03
  1.2626E+02  3.0099E-02  3.5381E-03
  1.2641E+02  3.0175E-02  3.6279E-03
  1.2657E+02  3.0249E-02  3.7195E-03
  1.2672E+02  3.0321E-02  3.8125E-03
  1.2687E+02  3.0392E-02  3.9067E-03
  1.2703E+02  3.0460E-02  4.0017E-03
  1.2718E+02  3.0528E-02  4.0973E-03
  1.2733E+02  3.0596E-02  4.1933E-03
  1.2749E+02  3.0663E-02  4.2894E-03
  1.2764E+02  3.0731E-02  4.3852E-03
  1.2780E+02  3.0800E-02  4.4806E-03
  1.2795E+02  3.0871E-02  4.5752E-03
  1.2810E+02  3.0944E-02  4.6688E-03
  1.2826E+02  3.1019E-02  4.7612E-03
  1.2841E+02  3.1097E-02  4.8520E-03
  1.2856E+02  3.1178E-02  4.9410E-03
  1.2872E+02  3.1264E-02  5.0281E-03
  1.2887E+02  3.1355E-02  5.1131E-03
  1.2902E+02  3.1451E-02  5.1959E-03
  1.2918E+02  3.1553E-02  5.2764E-03
  1.2933E+02  3.1661E-02  5.3543E-03
  1.2948E+02  3.1775E-02  5.4295E-03
  1.2964E+02  3.1892E-02  5.5019E-03
  1.2979E+02  3.2014E-02  5.5712E-03
  1.2995E+02  3.2138E-02  5.6375E-03
  1.3010E+02  3.2266E-02  5.7007E-03
  1.3025E+02  3.2396E-02  5.7607E-03
  1.3041E+02  3.2529E-02  5.8176E-03
  1.3056E+02  3.2664E-02  5.8713E-03
  1.3071E+02  3.2801E-02  5.9217E-03
  1.3087E+02  3.2939E-02  5.9688E-03
  1.3102E+02  3.3075E-02  6.0126E-03
  1.3117E+02  3.3210E-02  6.0529E-03
  1.3133E+02  3.3340E-02  6.0898E-03
  1.3148E+02  3.3465E-02  6.1232E-03
  1.3164E+02  3.3584E-02  6.1531E-03
  1.3179E+02  3.3695E-02  6.1796E-03
  1.3194E+02  3.3798E-02  6.2026E-03
  1.3210E+02  3.3892E-02  6.2223E-03
  1.3225E+02  3.3975E-02  6.2385E-03
  1.3240E+02  3.4048E-02  6.2513E-03
  1.3256E+02  3.4107E-02  6.2606E-03
  1.3271E+02  3.4154E-02  6.2666E-03
  1.3286E+02  3.4187E-02  6.2690E-03
  1.3302E+02  3.4204E-02  6.2681E-03
  1.3317E+02  3.4207E-02  6.2637E-03
  1.3332E+02  3.4194E-02  6.2559E-03
  1.3348E+02  3.4166E-02  6.2447E-03
  1.3363E+02  3.4122E-02  6.2301E-03
  1.3379E+02  3.4063E-02  6.2121E-03
  1.3394E+02  3.3989E-02  6.1908E-03
  1.3409E+02  3.3900E-02  6.1660E-03
  1.3425E+02  3.3797E-02  6.1379E-03
  1.3440E+02  3.3680E-02  6.1064E-03
  1.3455E+02  3.3551E-02  6.0716E-03
  1.3471E+02  3.3410E-02  6.0334E-03
  1.3486E+02  3.3259E-02  5.9921E-03
  1.3501E+02  3.3099E-02  5.9476E-03
  1.3517E+02  3.2932E-02  5.9001E-03
  1.3532E+02  3.2759E-02  5.8496E-03
  1.3548E+02  3.2582E-02  5.7961E-03
  1.3563E+02  3.2402E-02  5.7397E-03
  1.3578E+02  3.2219E-02  5.6805E-03
  1.3594E+02  3.2035E-02  5.6186E-03
  1.3609E+02  3.1850E-02  5.5542E-03
  1.3624E+02  3.1667E-02  5.4874E-03
  1.3640E+02  3.1487E-02  5.4185E-03
  1.3655E+02  3.1311E-02  5.3477E-03
  1.3670E+02  3.1141E-02  5.2751E-03
  1.3686E+02  3.0978E-02  5.2011E-03
  1.3701E+02  3.0823E-02  5.1258E-03
  1.3716E+02  3.0678E-02  5.0495E-03
  1.3732E+02  3.0542E-02  4.9724E-03
  1.3747E+02  3.0416E-02  4.8948E-03
  1.3763E+02  3.0300E-02  4.8170E-03
  1.3778E+02  3.0194E-02  4.7392E-03
  1.3793E+02  3.0098E-02  4.6617E-03
  1.3809E+02  3.0012E-02  4.5847E-03
  1.3824E+02  2.9935E-02  4.5085E-03
  1.3839E+02  2.9868E-02  4.4334E-03
  1.3855E+02  2.9811E-02  4.3597E-03
  1.3870E+02  2.9762E-02  4.2875E-03
  1.3885E+02  2.9722E-02  4.2172E-03
  1.3901E+02  2.9689E-02  4.1489E-03
  1.3916E+02  2.9664E-02  4.0829E-03
  1.3932E+02  2.9644E-02  4.0194E-03
  1.3947E+02  2.9630E-02  3.9587E-03
  1.3962E+02  2.9619E-02  3.9008E-03
  1.3978E+02  2.9611E-02  3.8460E-03
  1.3993E+02  2.9605E-02  3.7944E-03
  1.4008E+02  2.9599E-02  3.7462E-03
  1.4024E+02  2.9594E-02  3.7015E-03
  1.4039E+02  2.9587E-02  3.6604E-03
  1.4054E+02  2.9579E-02  3.6232E-03
  1.4070E+02  2.9568E-02  3.5897E-03
  1.4085E+02  2.9553E-02  3.5601E-03
  1.4100E+02  2.9533E-02  3.5343E-03
  1.4116E+02  2.9507E-02  3.5123E-03
  1.4131E+02  2.9474E-02  3.4940E-03
  1.4147E+02  2.9434E-02  3.4794E-03
  1.4162E+02  2.9386E-02  3.4685E-03
  1.4177E+02  2.9331E-02  3.4612E-03
  1.4193E+02  2.9269E-02  3.4575E-03
  1.4208E+02  2.9200E-02  3.4574E-03
  1.4223E+02  2.9124E-02  3.4606E-03
  1.4239E+02  2.9040E-02  3.4671E-03
  1.4254E+02  2.8950E-02  3.4766E-03
  1.4269E+02  2.8853E-02  3.4889E-03
  1.4285E+02  2.8751E-02  3.5039E-03
  1.4300E+02  2.8643E-02  3.5215E-03
  1.4316E+02  2.8533E-02  3.5414E-03
  1.4331E+02  2.8420E-02  3.5636E-03
  1.4346E+02  2.8306E-02  3.5880E-03
  1.4362E+02  2.8193E-02  3.6144E-03
  1.4377E+02  2.8082E-02  3.6427E-03
  1.4392E+02  2.7974E-02  3.6726E-03
  1.4408E+02  2.7870E-02  3.7041E-03
  1.4423E+02  2.7771E-02  3.7370E-03
  1.4438E+02  2.7679E-02  3.7711E-03
  1.4454E+02  2.7596E-02  3.8064E-03
  1.4469E+02  2.7522E-02  3.8429E-03
  1.4484E+02  2.7459E-02  3.8804E-03
  1.4500E+02  2.7409E-02  3.9190E-03
  1.4515E+02  2.7374E-02  3.9587E-03
  1.4531E+02  2.7353E-02  3.9994E-03
  1.4546E+02  2.7348E-02  4.0412E-03
  1.4561E+02  2.7360E-02  4.0840E-03
  1.4577E+02  2.7387E-02  4.1278E-03
  1.4592E+02  2.7431E-02  4.1724E-03
  1.4607E+02  2.7490E-02  4.2180E-03
  1.4623E+02  2.7567E-02  4.2645E-03
  1.4638E+02  2.7659E-02  4.3118E-03
  1.4653E+02  2.7768E-02  4.3600E-03
  1.4669E+02  2.7894E-02  4.4092E-03
  1.4684E+02  2.8035E-02  4.4593E-03
  1.4700E+02  2.8190E-02  4.5104E-03
  1.4715E+02  2.8360E-02  4.5624E-03
  1.4730E+02  2.8543E-02  4.6154E-03
  1.4746E+02  2.8737E-02  4.6693E-03
  1.4761E+02  2.8941E-02  4.7241E-03
  1.4776E+02  2.9153E-02  4.7797E-03
  1.4792E+02  2.9371E-02  4.8362E-03
  1.4807E+02  2.9593E-02  4.8935E-03
  1.4822E+02  2.9818E-02  4.9512E-03
  1.4838E+02  3.0042E-02  5.0094E-03
  1.4853E+02  3.0264E-02  5.0679E-03
  1.4868E+02  3.0484E-02  5.1265E-03
  1.4884E+02  3.0700E-02  5.1854E-03
  1.4899E+02  3.0912E-02  5.2444E-03
  1.4915E+02  3.1119E-02  5.3037E-03
  1.4930E+02  3.1319E-02  5.3632E-03
  1.4945E+02  3.1511E-02  5.4227E-03
  1.4961E+02  3.1690E-02  5.4819E-03
  1.4976E+02  3.1855E-02  5.5405E-03
  1.4991E+02  3.2002E-02  5.5982E-03
  1.5007E+02  3.2129E-02  5.6546E-03
  1.5022E+02  3.2235E-02  5.7094E-03
  1.5037E+02  3.2320E-02  5.7625E-03
  1.5053E+02  3.2384E-02  5.8136E-03
  1.5068E+02  3.2429E-02  5.8627E-03
  1.5084E+02  3.2457E-02  5.9099E-03
  1.5099E+02  3.2469E-02  5.9551E-03
  1.5114E+02  3.2466E-02  5.9980E-03
  1.5130E+02  3.2447E-02  6.0386E-03
  1.5145E+02  3.2414E-02  6.0765E-03
  1.5160E+02  3.2364E-02  6.1116E-03
  1.5176E+02  3.2298E-02  6.1434E-03
  1.5191E+02  3.2215E-02  6.1718E-03
  1.5206E+02  3.2115E-02  6.1964E-03
  1.5222E+02  3.1999E-02  6.2170E-03
  1.5237E+02  3.1869E-02  6.2337E-03
  1.5252E+02  3.1726E-02  6.2462E-03
  1.5268E+02  3.1572E-02  6.2546E-03
  1.5283E+02  3.1411E-02  6.2589E-03
  1.5299E+02  3.1245E-02  6.2590E-03
  1.5314E+02  3.1074E-02  6.2550E-03
  1.5329E+02  3.0903E-02  6.2469E-03
  1.5345E+02  3.0731E-02  6.2348E-03
  1.5360E+02  3.0560E-02  6.2185E-03
  1.5375E+02  3.0391E-02  6.1983E-03
  1.5391E+02  3.0226E-02  6.1741E-03
  1.5406E+02  3.0065E-02  6.1461E-03
  1.5421E+02  2.9910E-02  6.1144E-03
  1.5437E+02  2.9762E-02  6.0790E-03
  1.5452E+02  2.9622E-02  6.0403E-03
  1.5468E+02  2.9490E-02  5.9984E-03
  1.5483E+02  2.9369E-02  5.9535E-03
  1.5498E+02  2.9258E-02  5.9059E-03
  1.5514E+02  2.9158E-02  5.8556E-03
  1.5529E+02  2.9070E-02  5.8030E-03
  1.5544E+02  2.8994E-02  5.7483E-03
  1.5560E+02  2.8931E-02  5.6918E-03
  1.5575E+02  2.8880E-02  5.6337E-03
  1.5590E+02  2.8842E-02  5.5743E-03
  1.5606E+02  2.8816E-02  5.5139E-03
  1.5621E+02  2.8802E-02  5.4528E-03
  1.5636E+02  2.8798E-02  5.3911E-03
  1.5652E+02  2.8805E-02  5.3291E-03
  1.5667E+02  2.8822E-02  5.2670E-03
  1.5683E+02  2.8846E-02  5.2051E-03
  1.5698E+02  2.8879E-02  5.1436E-03
  1.5713E+02  2.8918E-02  5.0828E-03
  1.5729E+02  2.8964E-02  5.0228E-03
  1.5744E+02  2.9016E-02  4.9640E-03
  1.5759E+02  2.9072E-02  4.9065E-03
  1.5775E+02  2.9131E-02  4.8506E-03
  1.5790E+02  2.9191E-02  4.7962E-03
  1.5805E+02  2.9252E-02  4.7436E-03
  1.5821E+02  2.9311E-02  4.6929E-03
  1.5836E+02  2.9367E-02  4.6440E-03
  1.5852E+02  2.9418E-02  4.5971E-03
  1.5867E+02  2.9464E-02  4.5524E-03
  1.5882E+02  2.9502E-02  4.5098E-03
  1.5898E+02  2.9534E-02  4.4695E-03
  1.5913E+02  2.9557E-02  4.4317E-03
  1.5928E+02  2.9571E-02  4.3962E-03
  1.5944E+02  2.9577E-02  4.3633E-03
  1.5959E+02  2.9573E-02  4.3328E-03
  1.5974E+02  2.9558E-02  4.3048E-03
  1.5990E+02  2.9533E-02  4.2793E-03
  1.6005E+02  2.9497E-02  4.2562E-03
  1.6020E+02  2.9450E-02  4.2354E-03
  1.6036E+02  2.9392E-02  4.2170E-03
  1.6051E+02  2.9322E-02  4.2008E-03
  1.6067E+02  2.9241E-02  4.1870E-03
  1.6082E+02  2.9150E-02  4.1753E-03
  1.6097E+02  2.9049E-02  4.1658E-03
  1.6113E+02  2.8939E-02  4.1584E-03
  1.6128E+02  2.8821E-02  4.1531E-03
  1.6143E+02  2.8697E-02  4.1497E-03
  1.6159E+02  2.8566E-02  4.1482E-03
  1.6174E+02  2.8430E-02  4.1484E-03
  1.6189E+02  2.8290E-02  4.1505E-03
  1.6205E+02  2.8148E-02  4.1541E-03
  1.6220E+02  2.8003E-02  4.1593E-03
  1.6236E+02  2.7858E-02  4.1661E-03
  1.6251E+02  2.7714E-02  4.1743E-03
  1.6266E+02  2.7570E-02  4.1838E-03
  1.6282E+02  2.7430E-02  4.1948E-03
  1.6297E+02  2.7294E-02  4.2070E-03
  1.6312E+02  2.7163E-02  4.2205E-03
  1.6328E+02  2.7037E-02  4.2353E-03
  1.6343E+02  2.6919E-02  4.2512E-03
  1.6358E+02  2.6808E-02  4.2684E-03
  1.6374E+02  2.6707E-02  4.2866E-03
  1.6389E+02  2.6614E-02  4.3060E-03
  1.6404E+02  2.6532E-02  4.3264E-03
  1.6420E+02  2.6460E-02  4.3479E-03
  1.6435E+02  2.6398E-02  4.3704E-03
  1.6451E+02  2.6348E-02  4.3939E-03
  1.6466E+02  2.6309E-02  4.4184E-03
  1.6481E+02  2.6282E-02  4.4438E-03
  1.6497E+02  2.6266E-02  4.4702E-03
  1.6512E+02  2.6261E-02  4.4976E-03
  1.6527E+02  2.6268E-02  4.5259E-03
  1.6543E+02  2.6285E-02  4.5552E-03
  1.6558E+02  2.6313E-02  4.5853E-03
  1.6573E+02  2.6351E-02  4.6164E-03
  1.6589E+02  2.6399E-02  4.6484E-03
  1.6604E+02  2.6456E-02  4.6812E-03
  1.6620E+02  2.6522E-02  4.7149E-03
  1.6635E+02  2.6596E-02  4.7494E-03
  1.6650E+02  2.6677E-02  4.7848E-03
  1.6666E+02  2.6765E-02  4.8209E-03
  1.6681E+02  2.6859E-02  4.8578E-03
  1.6696E+02  2.6959E-02  4.8953E-03
  1.6712E+02  2.7063E-02  4.9336E-03
  1.6727E+02  2.7171E-02  4.9725E-03
  1.6742E+02  2.7283E-02  5.0120E-03
  1.6758E+02  2.7397E-02  5.0519E-03
  1.6773E+02  2.7513E-02  5.0923E-03
  1.6788E+02  2.7630E-02  5.1330E-03
  1.6804E+02  2.7747E-02  5.1739E-03
  1.6819E+02  2.7865E-02  5.2150E-03
  1.6835E+02  2.7982E-02  5.2562E-03
  1.6850E+02  2.8098E-02  5.2975E-03
  1.6865E+02  2.8212E-02  5.3386E-03
  1.6881E+02  2.8325E-02  5.3795E-03
  1.6896E+02  2.8435E-02  5.4202E-03
  1.6911E+02  2.8542E-02  5.4604E-03
  1.6927E+02  2.8646E-02  5.5003E-03
  1.6942E+02  2.8746E-02  5.5395E-03
  1.6957E+02  2.8843E-02  5.5781E-03
  1.6973E+02  2.8936E-02  5.6160E-03
  1.6988E+02  2.9025E-02  5.6529E-03
  1.7004E+02  2.9109E-02  5.6890E-03
  1.7019E+02  2.9189E-02  5.7240E-03
  1.7034E+02  2.9264E-02  5.7578E-03
  1.7050E+02  2.9335E-02  5.7905E-03
  1.7065E+02  2.9401E-02  5.8219E-03
  1.7080E+02  2.9463E-02  5.8519E-03
  1.7096E+02  2.9520E-02  5.8804E-03
  1.7111E+02  2.9573E-02  5.9074E-03
  1.7126E+02  2.9622E-02  5.9328E-03
  1.7142E+02  2.9667E-02  5.9565E-03
  1.7157E+02  2.9708E-02  5.9786E-03
  1.7172E+02  2.9745E-02  5.9988E-03
  1.7188E+02  2.9778E-02  6.0172E-03
  1.7203E+02  2.9808E-02  6.0338E-03
  1.7219E+02  2.9835E-02  6.0485E-03
  1.7234E+02  2.9860E-02  6.0613E-03
  1.7249E+02  2.9881E-02  6.0721E-03
  1.7265E+02  2.9901E-02  6.0810E-03
  1.7280E+02  2.9918E-02  6.0879E-03
  1.7295E+02  2.9933E-02  6.0930E-03
  1.7311E+02  2.9947E-02  6.0960E-03
  1.7326E+02  2.9959E-02  6.0972E-03
  1.7341E+02  2.9969E-02  6.0964E-03
  1.7357E+02  2.9979E-02  6.0937E-03
  1.7372E+02  2.9987E-02  6.0892E-03
  1.7388E+02  2.9994E-02  6.0828E-03
  1.7403E+02  3.0000E-02  6.0746E-03
  1.7418E+02  3.0005E-02  6.0646E-03
  1.7434E+02  3.0008E-02  6.0529E-03
  1.7449E+02  3.0010E-02  6.0394E-03
  1.7464E+02  3.0010E-02  6.0243E-03
  1.7480E+02  3.0008E-02  6.0075E-03
  1.7495E+02  3.0004E-02  5.9892E-03
  1.7510E+02  2.9998E-02  5.9693E-03
  1.7526E+02  2.9989E-02  5.9479E-03
  1.7541E+02  2.9977E-02  5.9250E-03
  1.7556E+02  2.9961E-02  5.9008E-03
  1.7572E+02  2.9941E-02  5.8753E-03
  1.7587E+02  2.9917E-02  5.8485E-03
  1.7603E+02  2.9888E-02  5.8205E-03
  1.7618E+02  2.9854E-02  5.7913E-03
  1.7633E+02  2.9814E-02  5.7610E-03
  1.7649E+02  2.9768E-02  5.7297E-03
  1.7664E+02  2.9716E-02  5.6975E-03
  1.7679E+02  2.9656E-02  5.6643E-03
  1.7695E+02  2.9590E-02  5.6304E-03
  1.7710E+02  2.9516E-02  5.5956E-03
  1.7725E+02  2.9434E-02  5.5602E-03
  1.7741E+02  2.9345E-02  5.5241E-03
  1.7756E+02  2.9247E-02  5.4874E-03
  1.7772E+02  2.9141E-02  5.4502E-03
  1.7787E+02  2.9027E-02  5.4125E-03
  1.7802E+02  2.8905E-02  5.3745E-03
  1.7818E+02  2.8774E-02  5.3361E-03
  1.7833E+02  2.8636E-02  5.2974E-03
  1.7848E+02  2.8489E-02  5.2586E-03
  1.7864E+02  2.8336E-02  5.2196E-03
  1.7879E+02  2.8176E-02  5.1806E-03
  1.7894E+02  2.8009E-02  5.1416E-03
  1.7910E+02  2.7836E-02  5.1027E-03
  1.7925E+02  2.7658E-02  5.0639E-03
  1.7940E+02  2.7476E-02  5.0254E-03
  1.7956E+02  2.7290E-02  4.9871E-03
  1.7971E+02  2.7102E-02  4.9493E-03
  1.7987E+02  2.6911E-02  4.9119E-03
  1.8002E+02  2.6719E-02  4.8750E-03
  1.8017E+02  2.6527E-02  4.8388E-03
  1.8033E+02  2.6337E-02  4.8032E-03
  1.8048E+02  2.6148E-02  4.7684E-03
  1.8063E+02  2.5962E-02  4.7344E-03
  1.8079E+02  2.5781E-02  4.7014E-03
  1.8094E+02  2.5605E-02  4.6694E-03
  1.8109E+02  2.5435E-02  4.6385E-03
  1.8125E+02  2.5273E-02  4.6088E-03
  1.8140E+02  2.5119E-02  4.5804E-03
  1.8156E+02  2.4975E-02  4.5533E-03
  1.8171E+02  2.4840E-02  4.5277E-03
  1.8186E+02  2.4717E-02  4.5036E-03
  1.8202E+02  2.4606E-02  4.4812E-03
  1.8217E+02  2.4508E-02  4.4605E-03
  1.8232E+02  2.4423E-02  4.4417E-03
  1.8248E+02  2.4353E-02  4.4248E-03
  1.8263E+02  2.4296E-02  4.4100E-03
  1.8278E+02  2.4255E-02  4.3972E-03
  1.8294E+02  2.4229E-02  4.3867E-03
  1.8309E+02  2.4218E-02  4.3784E-03
  1.8324E+02  2.4223E-02  4.3725E-03
  1.8340E+02  2.4244E-02  4.3691E-03
  1.8355E+02  2.4280E-02  4.3681E-03
  1.8371E+02  2.4331E-02  4.3696E-03
  1.8386E+02  2.4398E-02  4.3737E-03
  1.8401E+02  2.4479E-02  4.3804E-03
  1.8417E+02  2.4575E-02  4.3898E-03
  1.8432E+02  2.4684E-02  4.4019E-03
  1.8447E+02  2.4807E-02  4.4166E-03
  1.8463E+02  2.4943E-02  4.4340E-03
  1.8478E+02  2.5090E-02  4.4542E-03
  1.8493E+02  2.5249E-02  4.4769E-03
  1.8509E+02  2.5417E-02  4.5024E-03
  1.8524E+02  2.5596E-02  4.5304E-03
  1.8540E+02  2.5783E-02  4.5610E-03
  1.8555E+02  2.5977E-02  4.5941E-03
  1.8570E+02  2.6178E-02  4.6296E-03
  1.8586E+02  2.6385E-02  4.6675E-03
  1.8601E+02  2.6596E-02  4.7077E-03
  1.8616E+02  2.6810E-02  4.7501E-03
  1.8632E+02  2.7027E-02  4.7945E-03
  1.8647E+02  2.7246E-02  4.8409E-03
  1.8662E+02  2.7464E-02  4.8892E-03
  1.8678E+02  2.7683E-02  4.9393E-03
  1.8693E+02  2.7899E-02  4.9909E-03
  1.8708E+02  2.8112E-02  5.0440E-03
  1.8724E+02  2.8322E-02  5.0984E-03
  1.8739E+02  2.8526E-02  5.1540E-03
  1.8755E+02  2.8725E-02  5.2106E-03
  1.8770E+02  2.8917E-02  5.2681E-03
  1.8785E+02  2.9101E-02  5.3262E-03
  1.8801E+02  2.9276E-02  5.3849E-03
  1.8816E+02  2.9443E-02  5.4438E-03
  1.8831E+02  2.9598E-02  5.5029E-03
  1.8847E+02  2.9743E-02  5.5620E-03
  1.8862E+02  2.9876E-02  5.6208E-03
  1.8877E+02  2.9997E-02  5.6793E-03
  1.8893E+02  3.0105E-02  5.7371E-03
  1.8908E+02  3.0199E-02  5.7942E-03
  1.8924E+02  3.0280E-02  5.8504E-03
  1.8939E+02  3.0346E-02  5.9054E-03
  1.8954E+02  3.0398E-02  5.9591E-03
  1.8970E+02  3.0435E-02  6.0114E-03
  1.8985E+02  3.0458E-02  6.0621E-03
  1.9000E+02  3.0465E-02  6.1111E-03
  1.9016E+02  3.0458E-02  6.1581E-03
  1.9031E+02  3.0436E-02  6.2030E-03
  1.9046E+02  3.0399E-02  6.2457E-03
  1.9062E+02  3.0348E-02  6.2861E-03
  1.9077E+02  3.0283E-02  6.3239E-03
  1.9092E+02  3.0204E-02  6.3592E-03
  1.9108E+02  3.0113E-02  6.3917E-03
  1.9123E+02  3.0008E-02  6.4214E-03
  1.9139E+02  2.9892E-02  6.4482E-03
  1.9154E+02  2.9764E-02  6.4719E-03
  1.9169E+02  2.9626E-02  6.4926E-03
  1.9185E+02  2.9479E-02  6.5100E-03
  1.9200E+02  2.9323E-02  6.5243E-03
  1.9215E+02  2.9159E-02  6.5353E-03
  1.9231E+02  2.8988E-02  6.5430E-03
  1.9246E+02  2.8812E-02  6.5474E-03
  1.9261E+02  2.8631E-02  6.5485E-03
  1.9277E+02  2.8447E-02  6.5463E-03
  1.9292E+02  2.8260E-02  6.5409E-03
  1.9308E+02  2.8071E-02  6.5323E-03
  1.9323E+02  2.7883E-02  6.5204E-03
  1.9338E+02  2.7695E-02  6.5055E-03
  1.9354E+02  2.7509E-02  6.4876E-03
  1.9369E+02  2.7326E-02  6.4668E-03
  1.9384E+02  2.7148E-02  6.4430E-03
  1.9400E+02  2.6973E-02  6.4166E-03
  1.9415E+02  2.6805E-02  6.3875E-03
  1.9430E+02  2.6643E-02  6.3559E-03
  1.9446E+02  2.6489E-02  6.3220E-03
  1.9461E+02  2.6342E-02  6.2859E-03
  1.9476E+02  2.6205E-02  6.2477E-03
  1.9492E+02  2.6077E-02  6.2077E-03
  1.9507E+02  2.5959E-02  6.1659E-03
  1.9523E+02  2.5851E-02  6.1225E-03
  1.9538E+02  2.5753E-02  6.0777E-03
  1.9553E+02  2.5667E-02  6.0317E-03
  1.9569E+02  2.5591E-02  5.9846E-03
  1.9584E+02  2.5527E-02  5.9367E-03
  1.9599E+02  2.5473E-02  5.8880E-03
  1.9615E+02  2.5431E-02  5.8389E-03
  1.9630E+02  2.5400E-02  5.7893E-03
  1.9645E+02  2.5380E-02  5.7397E-03
  1.9661E+02  2.5370E-02  5.6900E-03
  1.9676E+02  2.5371E-02  5.6404E-03
  1.9692E+02  2.5381E-02  5.5912E-03
  1.9707E+02  2.5401E-02  5.5425E-03
  1.9722E+02  2.5430E-02  5.4944E-03
  1.9738E+02  2.5467E-02  5.4471E-03
  1.9753E+02  2.5513E-02  5.4007E-03
  1.9768E+02  2.5566E-02  5.3554E-03
  1.9784E+02  2.5626E-02  5.3113E-03
  1.9799E+02  2.5693E-02  5.2686E-03
  1.9814E+02  2.5765E-02  5.2273E-03
  1.9830E+02  2.5843E-02  5.1875E-03
  1.9845E+02  2.5925E-02  5.1495E-03
  1.9860E+02  2.6011E-02  5.1131E-03
  1.9876E+02  2.6101E-02  5.0786E-03
  1.9891E+02  2.6193E-02  5.0461E-03
  1.9907E+02  2.6288E-02  5.0154E-03
  1.9922E+02  2.6384E-02  4.9868E-03
  1.9937E+02  2.6481E-02  4.9603E-03
  1.9953E+02  2.6579E-02  4.9359E-03
  1.9968E+02  2.6676E-02  4.9137E-03
  1.9983E+02  2.6773E-02  4.8936E-03
  1.9999E+02  2.6869E-02  4.8757E-03
  2.0014E+02  2.6963E-02  4.8600E-03
  2.0029E+02  2.7055E-02  4.8465E-03
  2.0045E+02  2.7144E-02  4.8353E-03
  2.0060E+02  2.7230E-02  4.8263E-03
  2.0076E+02  2.7313E-02  4.8195E-03
  2.0091E+02  2.7392E-02  4.8149E-03
  2.0106E+02  2.7466E-02  4.8125E-03
  2.0122E+02  2.7536E-02  4.8122E-03
  2.0137E+02  2.7600E-02  4.8141E-03
  2.0152E+02  2.7660E-02  4.8179E-03
  2.0168E+02  2.7713E-02  4.8238E-03
  2.0183E+02  2.7761E-02  4.8317E-03
  2.0198E+02  2.7802E-02  4.8414E-03
  2.0214E+02  2.7837E-02  4.8529E-03
  2.0229E+02  2.7865E-02  4.8662E-03
  2.0244E+02  2.7887E-02  4.8811E-03
  2.0260E+02  2.7901E-02  4.8976E-03
  2.0275E+02  2.7909E-02  4.9156E-03
  2.0291E+02  2.7910E-02  4.9350E-03
  2.0306E+02  2.7903E-02  4.9556E-03
  2.0321E+02  2.7890E-02  4.9774E-03
  2.0337E+02  2.7870E-02  5.0004E-03
  2.0352E+02  2.7843E-02  5.0243E-03
  2.0367E+02  2.7809E-02  5.0492E-03
  2.0383E+02  2.7770E-02  5.0749E-03
  2.0398E+02  2.7724E-02  5.1013E-03
  2.0413E+02  2.7673E-02  5.1283E-03
  2.0429E+02  2.7616E-02  5.1559E-03
  2.0444E+02  2.7555E-02  5.1839E-03
  2.0460E+02  2.7489E-02  5.2123E-03
  2.0475E+02  2.7419E-02  5.2410E-03
  2.0490E+02  2.7346E-02  5.2699E-03
  2.0506E+02  2.7269E-02  5.2990E-03
  2.0521E+02  2.7190E-02  5.3281E-03
  2.0536E+02  2.7109E-02  5.3572E-03
  2.0552E+02  2.7026E-02  5.3862E-03
  2.0567E+02  2.6943E-02  5.4152E-03
  2.0582E+02  2.6859E-02  5.4439E-03
  2.0598E+02  2.6776E-02  5.4724E-03
  2.0613E+02  2.6693E-02  5.5007E-03
  2.0628E+02  2.6612E-02  5.5286E-03
  2.0644E+02  2.6533E-02  5.5562E-03
  2.0659E+02  2.6457E-02  5.5834E-03
  2.0675E+02  2.6383E-02  5.6102E-03
  2.0690E+02  2.6312E-02  5.6366E-03
  2.0705E+02  2.6245E-02  5.6625E-03
  2.0721E+02  2.6182E-02  5.6879E-03
  2.0736E+02  2.6124E-02  5.7128E-03
  2.0751E+02  2.6070E-02  5.7372E-03
  2.0767E+02  2.6021E-02  5.7611E-03
  2.0782E+02  2.5977E-02  5.7844E-03
  2.0797E+02  2.5939E-02  5.8073E-03
  2.0813E+02  2.5906E-02  5.8296E-03
  2.0828E+02  2.5878E-02  5.8513E-03
  2.0844E+02  2.5856E-02  5.8725E-03
  2.0859E+02  2.5840E-02  5.8931E-03
  2.0874E+02  2.5829E-02  5.9132E-03
  2.0890E+02  2.5823E-02  5.9327E-03
  2.0905E+02  2.5822E-02  5.9517E-03
  2.0920E+02  2.5827E-02  5.9701E-03
  2.0936E+02  2.5837E-02  5.9879E-03
  2.0951E+02  2.5851E-02  6.0052E-03
  2.0966E+02  2.5870E-02  6.0219E-03
  2.0982E+02  2.5894E-02  6.0381E-03
  2.0997E+02  2.5921E-02  6.0536E-03
  2.1012E+02  2.5953E-02  6.0686E-03
  2.1028E+02  2.5988E-02  6.0829E-03
  2.1043E+02  2.6027E-02  6.0966E-03
  2.1059E+02  2.6068E-02  6.1097E-03
  2.1074E+02  2.6113E-02  6.1221E-03
  2.1089E+02  2.6160E-02  6.1339E-03
  2.1105E+02  2.6209E-02  6.1449E-03
  2.1120E+02  2.6260E-02  6.1553E-03
  2.1135E+02  2.6313E-02  6.1649E-03
  2.1151E+02  2.6368E-02  6.1739E-03
  2.1166E+02  2.6424E-02  6.1821E-03
  2.1181E+02  2.6481E-02  6.1896E-03
  2.1197E+02  2.6539E-02  6.1963E-03
  2.1212E+02  2.6597E-02  6.2023E-03
  2.1228E+02  2.6655E-02  6.2075E-03
  2.1243E+02  2.6714E-02  6.2120E-03
  2.1258E+02  2.6773E-02  6.2158E-03
  2.1274E+02  2.6831E-02  6.2189E-03
  2.1289E+02  2.6889E-02  6.2213E-03
  2.1304E+02  2.6946E-02  6.2229E-03
  2.1320E+02  2.7001E-02  6.2238E-03
  2.1335E+02  2.7056E-02  6.2241E-03
  2.1350E+02  2.7109E-02  6.2236E-03
  2.1366E+02  2.7160E-02  6.2224E-03
  2.1381E+02  2.7209E-02  6.2204E-03
  2.1396E+02  2.7256E-02  6.2178E-03
  2.1412E+02  2.7300E-02  6.2145E-03
  2.1427E+02  2.7342E-02  6.2105E-03
  2.1443E+02  2.7381E-02  6.2058E-03
  2.1458E+02  2.7416E-02  6.2004E-03
  2.1473E+02  2.7448E-02  6.1942E-03
  2.1489E+02  2.7476E-02  6.1873E-03
  2.1504E+02  2.7501E-02  6.1796E-03
  2.1519E+02  2.7521E-02  6.1712E-03
  2.1535E+02  2.7537E-02  6.1621E-03
  2.1550E+02  2.7549E-02  6.1522E-03
  2.1565E+02  2.7556E-02  6.1415E-03
  2.1581E+02  2.7559E-02  6.1301E-03
  2.1596E+02  2.7558E-02  6.1179E-03
  2.1612E+02  2.7552E-02  6.1050E-03
  2.1627E+02  2.7541E-02  6.0914E-03
  2.1642E+02  2.7525E-02  6.0770E-03
  2.1658E+02  2.7505E-02  6.0618E-03
  2.1673E+02  2.7481E-02  6.0460E-03
  2.1688E+02  2.7452E-02  6.0295E-03
  2.1704E+02  2.7419E-02  6.0123E-03
  2.1719E+02  2.7382E-02  5.9944E-03
  2.1734E+02  2.7341E-02  5.9760E-03
  2.1750E+02  2.7298E-02  5.9570E-03
  2.1765E+02  2.7250E-02  5.9374E-03
  2.1780E+02  2.7201E-02  5.9173E-03
  2.1796E+02  2.7148E-02  5.8968E-03
  2.1811E+02  2.7094E-02  5.8759E-03
  2.1827E+02  2.7037E-02  5.8546E-03
  2.1842E+02  2.6980E-02  5.8330E-03
  2.1857E+02  2.6921E-02  5.8111E-03
  2.1873E+02  2.6862E-02  5.7891E-03
  2.1888E+02  2.6802E-02  5.7669E-03
  2.1903E+02  2.6743E-02  5.7446E-03
  2.1919E+02  2.6684E-02  5.7223E-03
  2.1934E+02  2.6626E-02  5.7001E-03
  2.1949E+02  2.6569E-02  5.6780E-03
  2.1965E+02  2.6514E-02  5.6561E-03
  2.1980E+02  2.6460E-02  5.6345E-03
  2.1996E+02  2.6409E-02  5.6132E-03
  2.2011E+02  2.6359E-02  5.5922E-03
  2.2026E+02  2.6312E-02  5.5718E-03
  2.2042E+02  2.6268E-02  5.5518E-03
  2.2057E+02  2.6225E-02  5.5324E-03
  2.2072E+02  2.6186E-02  5.5136E-03
  2.2088E+02  2.6148E-02  5.4955E-03
  2.2103E+02  2.6114E-02  5.4782E-03
  2.2118E+02  2.6082E-02  5.4616E-03
  2.2134E+02  2.6052E-02  5.4459E-03
  2.2149E+02  2.6024E-02  5.4310E-03
  2.2164E+02  2.5998E-02  5.4171E-03
  2.2180E+02  2.5974E-02  5.4041E-03
  2.2195E+02  2.5952E-02  5.3920E-03
  2.2211E+02  2.5931E-02  5.3810E-03
  2.2226E+02  2.5911E-02  5.3710E-03
  2.2241E+02  2.5893E-02  5.3621E-03
  2.2257E+02  2.5875E-02  5.3543E-03
  2.2272E+02  2.5858E-02  5.3476E-03
  2.2287E+02  2.5841E-02  5.3419E-03
  2.2303E+02  2.5825E-02  5.3374E-03
  2.2318E+02  2.5809E-02  5.3340E-03
  2.2333E+02  2.5793E-02  5.3317E-03
  2.2349E+02  2.5777E-02  5.3305E-03
  2.2364E+02  2.5762E-02  5.3305E-03
  2.2380E+02  2.5746E-02  5.3316E-03
  2.2395E+02  2.5730E-02  5.3339E-03
  2.2410E+02  2.5714E-02  5.3372E-03
  2.2426E+02  2.5698E-02  5.3416E-03
  2.2441E+02  2.5682E-02  5.3471E-03
  2.2456E+02  2.5666E-02  5.3537E-03
  2.2472E+02  2.5650E-02  5.3614E-03
  2.2487E+02  2.5636E-02  5.3701E-03
  2.2502E+02  2.5622E-02  5.3800E-03
  2.2518E+02  2.5610E-02  5.3909E-03
  2.2533E+02  2.5600E-02  5.4029E-03
  2.2548E+02  2.5591E-02  5.4160E-03
  2.2564E+02  2.5584E-02  5.4302E-03
  2.2579E+02  2.5579E-02  5.4454E-03
  2.2595E+02  2.5576E-02  5.4616E-03
  2.2610E+02  2.5576E-02  5.4788E-03
  2.2625E+02  2.5579E-02  5.4970E-03
  2.2641E+02  2.5584E-02  5.5161E-03
  2.2656E+02  2.5592E-02  5.5361E-03
  2.2671E+02  2.5603E-02  5.5571E-03
  2.2687E+02  2.5618E-02  5.5790E-03
  2.2702E+02  2.5636E-02  5.6017E-03
  2.2717E+02  2.5657E-02  5.6254E-03
  2.2733E+02  2.5682E-02  5.6498E-03
  2.2748E+02  2.5710E-02  5.6749E-03
  2.2764E+02  2.5742E-02  5.7008E-03
  2.2779E+02  2.5776E-02  5.7273E-03
  2.2794E+02  2.5814E-02  5.7544E-03
  2.2810E+02  2.5853E-02  5.7820E-03
  2.2825E+02  2.5896E-02  5.8101E-03
  2.2840E+02  2.5940E-02  5.8385E-03
  2.2856E+02  2.5986E-02  5.8672E-03
  2.2871E+02  2.6034E-02  5.8962E-03
  2.2886E+02  2.6083E-02  5.9253E-03
  2.2902E+02  2.6133E-02  5.9546E-03
  2.2917E+02  2.6183E-02  5.9839E-03
  2.2932E+02  2.6235E-02  6.0132E-03
  2.2948E+02  2.6286E-02  6.0425E-03
  2.2963E+02  2.6337E-02  6.0716E-03
  2.2979E+02  2.6388E-02  6.1005E-03
  2.2994E+02  2.6438E-02  6.1291E-03
  2.3009E+02  2.6487E-02  6.1574E-03
  2.3025E+02  2.6536E-02  6.1853E-03
  2.3040E+02  2.6583E-02  6.2127E-03
  2.3055E+02  2.6628E-02  6.2396E-03
  2.3071E+02  2.6672E-02  6.2660E-03
  2.3086E+02  2.6714E-02  6.2917E-03
  2.3101E+02  2.6754E-02  6.3168E-03
  2.3117E+02  2.6792E-02  6.3411E-03
  2.3132E+02  2.6828E-02  6.3647E-03
  2.3148E+02  2.6862E-02  6.3874E-03
  2.3163E+02  2.6894E-02  6.4093E-03
  2.3178E+02  2.6924E-02  6.4302E-03
  2.3194E+02  2.6951E-02  6.4502E-03
  2.3209E+02  2.6976E-02  6.4691E-03
  2.3224E+02  2.6999E-02  6.4870E-03
  2.3240E+02  2.7019E-02  6.5038E-03
  2.3255E+02  2.7037E-02  6.5195E-03
  2.3270E+02  2.7052E-02  6.5340E-03
  2.3286E+02  2.7064E-02  6.5473E-03
  2.3301E+02  2.7074E-02  6.5594E-03
  2.3316E+02  2.7080E-02  6.5702E-03
  2.3332E+02  2.7083E-02  6.5796E-03
  2.3347E+02  2.7083E-02  6.5877E-03
  2.3363E+02  2.7080E-02  6.5944E-03
  2.3378E+02  2.7073E-02  6.5998E-03
  2.3393E+02  2.7062E-02  6.6036E-03
  2.3409E+02  2.7047E-02  6.6061E-03
  2.3424E+02  2.7027E-02  6.6070E-03
  2.3439E+02  2.7004E-02  6.6065E-03
  2.3455E+02  2.6975E-02  6.6045E-03
  2.3470E+02  2.6942E-02  6.6009E-03
  2.3485E+02  2.6903E-02  6.5958E-03
  2.3501E+02  2.6860E-02  6.5892E-03
  2.3516E+02  2.6811E-02  6.5811E-03
  2.3532E+02  2.6757E-02  6.5714E-03
  2.3547E+02  2.6697E-02  6.5602E-03
  2.3562E+02  2.6632E-02  6.5475E-03
  2.3578E+02  2.6561E-02  6.5333E-03
  2.3593E+02  2.6485E-02  6.5176E-03
  2.3608E+02  2.6404E-02  6.5005E-03
  2.3624E+02  2.6317E-02  6.4820E-03
  2.3639E+02  2.6226E-02  6.4622E-03
  2.3654E+02  2.6131E-02  6.4410E-03
  2.3670E+02  2.6031E-02  6.4185E-03
  2.3685E+02  2.5928E-02  6.3949E-03
  2.3700E+02  2.5821E-02  6.3700E-03
  2.3716E+02  2.5711E-02  6.3441E-03
  2.3731E+02  2.5599E-02  6.3171E-03
  2.3747E+02  2.5486E-02  6.2892E-03
  2.3762E+02  2.5372E-02  6.2605E-03
  2.3777E+02  2.5257E-02  6.2309E-03
  2.3793E+02  2.5143E-02  6.2007E-03
  2.3808E+02  2.5030E-02  6.1699E-03
  2.3823E+02  2.4919E-02  6.1385E-03
  2.3839E+02  2.4811E-02  6.1068E-03
  2.3854E+02  2.4706E-02  6.0747E-03
  2.3869E+02  2.4605E-02  6.0424E-03
  2.3885E+02  2.4509E-02  6.0099E-03
  2.3900E+02  2.4418E-02  5.9775E-03
  2.3916E+02  2.4334E-02  5.9452E-03
  2.3931E+02  2.4256E-02  5.9131E-03
  2.3946E+02  2.4186E-02  5.8813E-03
  2.3962E+02  2.4124E-02  5.8500E-03
  2.3977E+02  2.4071E-02  5.8192E-03
  2.3992E+02  2.4026E-02  5.7890E-03
  2.4008E+02  2.3991E-02  5.7597E-03
  2.4023E+02  2.3965E-02  5.7311E-03
  2.4038E+02  2.3950E-02  5.7036E-03
  2.4054E+02  2.3944E-02  5.6770E-03
  2.4069E+02  2.3949E-02  5.6517E-03
  2.4084E+02  2.3964E-02  5.6275E-03
  2.4100E+02  2.3989E-02  5.6047E-03
  2.4115E+02  2.4024E-02  5.5833E-03
  2.4131E+02  2.4069E-02  5.5634E-03
  2.4146E+02  2.4124E-02  5.5450E-03
  2.4161E+02  2.4188E-02  5.5282E-03
  2.4177E+02  2.4261E-02  5.5130E-03
  2.4192E+02  2.4343E-02  5.4996E-03
  2.4207E+02  2.4433E-02  5.4879E-03
  2.4223E+02  2.4531E-02  5.4780E-03
  2.4238E+02  2.4636E-02  5.4699E-03
  2.4253E+02  2.4748E-02  5.4637E-03
  2.4269E+02  2.4865E-02  5.4593E-03
  2.4284E+02  2.4988E-02  5.4569E-03
  2.4300E+02  2.5116E-02  5.4564E-03
  2.4315E+02  2.5249E-02  5.4578E-03
  2.4330E+02  2.5384E-02  5.4611E-03
  2.4346E+02  2.5523E-02  5.4663E-03
  2.4361E+02  2.5663E-02  5.4734E-03
  2.4376E+02  2.5806E-02  5.4823E-03
  2.4392E+02  2.5949E-02  5.4931E-03
  2.4407E+02  2.6093E-02  5.5058E-03
  2.4422E+02  2.6236E-02  5.5202E-03
  2.4438E+02  2.6378E-02  5.5364E-03
  2.4453E+02  2.6519E-02  5.5543E-03
  2.4468E+02  2.6658E-02  5.5738E-03
  2.4484E+02  2.6794E-02  5.5949E-03
  2.4499E+02  2.6926E-02  5.6176E-03
  2.4515E+02  2.7055E-02  5.6418E-03
  2.4530E+02  2.7180E-02  5.6674E-03
  2.4545E+02  2.7300E-02  5.6943E-03
  2.4561E+02  2.7415E-02  5.7225E-03
  2.4576E+02  2.7524E-02  5.7519E-03
  2.4591E+02  2.7627E-02  5.7824E-03
  2.4607E+02  2.7724E-02  5.8139E-03
  2.4622E+02  2.7813E-02  5.8463E-03
  2.4637E+02  2.7896E-02  5.8795E-03
  2.4653E+02  2.7970E-02  5.9135E-03
  2.4668E+02  2.8036E-02  5.9480E-03
  2.4684E+02  2.8094E-02  5.9831E-03
  2.4699E+02  2.8144E-02  6.0185E-03
  2.4714E+02  2.8184E-02  6.0542E-03
  2.4730E+02  2.8214E-02  6.0900E-03
  2.4745E+02  2.8235E-02  6.1259E-03
  2.4760E+02  2.8246E-02  6.1616E-03
  2.4776E+02  2.8247E-02  6.1972E-03
  2.4791E+02  2.8238E-02  6.2325E-03
  2.4806E+02  2.8218E-02  6.2673E-03
  2.4822E+02  2.8187E-02  6.3015E-03
  2.4837E+02  2.8145E-02  6.3350E-03
  2.4852E+02  2.8092E-02  6.3678E-03
  2.4868E+02  2.8029E-02  6.3996E-03
  2.4883E+02  2.7954E-02  6.4304E-03
  2.4899E+02  2.7868E-02  6.4600E-03
  2.4914E+02  2.7771E-02  6.4884E-03
  2.4929E+02  2.7663E-02  6.5155E-03
  2.4945E+02  2.7545E-02  6.5411E-03
  2.4960E+02  2.7416E-02  6.5653E-03
  2.4975E+02  2.7277E-02  6.5878E-03
  2.4991E+02  2.7128E-02  6.6087E-03
  2.5006E+02  2.6969E-02  6.6279E-03
  2.5021E+02  2.6802E-02  6.6453E-03
  2.5037E+02  2.6627E-02  6.6609E-03
  2.5052E+02  2.6444E-02  6.6747E-03
  2.5068E+02  2.6254E-02  6.6866E-03
  2.5083E+02  2.6057E-02  6.6966E-03
  2.5098E+02  2.5855E-02  6.7047E-03
  2.5114E+02  2.5649E-02  6.7110E-03
  2.5129E+02  2.5439E-02  6.7153E-03
  2.5144E+02  2.5226E-02  6.7178E-03
  2.5160E+02  2.5012E-02  6.7185E-03
  2.5175E+02  2.4797E-02  6.7173E-03
  2.5190E+02  2.4583E-02  6.7144E-03
  2.5206E+02  2.4370E-02  6.7098E-03
  2.5221E+02  2.4161E-02  6.7035E-03
  2.5236E+02  2.3955E-02  6.6955E-03
  2.5252E+02  2.3754E-02  6.6860E-03
  2.5267E+02  2.3559E-02  6.6750E-03
  2.5283E+02  2.3372E-02  6.6627E-03
  2.5298E+02  2.3193E-02  6.6489E-03
  2.5313E+02  2.3024E-02  6.6340E-03
  2.5329E+02  2.2865E-02  6.6179E-03
  2.5344E+02  2.2718E-02  6.6007E-03
  2.5359E+02  2.2583E-02  6.5825E-03
  2.5375E+02  2.2461E-02  6.5635E-03
  2.5390E+02  2.2354E-02  6.5437E-03
  2.5405E+02  2.2260E-02  6.5233E-03
  2.5421E+02  2.2182E-02  6.5023E-03
  2.5436E+02  2.2120E-02  6.4808E-03
  2.5452E+02  2.2073E-02  6.4590E-03
  2.5467E+02  2.2043E-02  6.4369E-03
  2.5482E+02  2.2029E-02  6.4146E-03
  2.5498E+02  2.2031E-02  6.3923E-03
  2.5513E+02  2.2050E-02  6.3700E-03
  2.5528E+02  2.2084E-02  6.3479E-03
  2.5544E+02  2.2135E-02  6.3259E-03
  2.5559E+02  2.2200E-02  6.3043E-03
  2.5574E+02  2.2281E-02  6.2831E-03
  2.5590E+02  2.2376E-02  6.2624E-03
  2.5605E+02  2.2485E-02  6.2422E-03
  2.5620E+02  2.2606E-02  6.2227E-03
  2.5636E+02  2.2740E-02  6.2040E-03
  2.5651E+02  2.2885E-02  6.1860E-03
  2.5667E+02  2.3040E-02  6.1689E-03
  2.5682E+02  2.3204E-02  6.1528E-03
  2.5697E+02  2.3377E-02  6.1376E-03
  2.5713E+02  2.3557E-02  6.1235E-03
  2.5728E+02  2.3744E-02  6.1105E-03
  2.5743E+02  2.3935E-02  6.0987E-03
  2.5759E+02  2.4131E-02  6.0881E-03
  2.5774E+02  2.4330E-02  6.0786E-03
  2.5789E+02  2.4531E-02  6.0704E-03
  2.5805E+02  2.4733E-02  6.0635E-03
  2.5820E+02  2.4935E-02  6.0578E-03
  2.5836E+02  2.5136E-02  6.0535E-03
  2.5851E+02  2.5336E-02  6.0503E-03
  2.5866E+02  2.5533E-02  6.0485E-03
  2.5882E+02  2.5726E-02  6.0479E-03
  2.5897E+02  2.5916E-02  6.0485E-03
  2.5912E+02  2.6101E-02  6.0503E-03
  2.5928E+02  2.6280E-02  6.0533E-03
  2.5943E+02  2.6453E-02  6.0575E-03
  2.5958E+02  2.6620E-02  6.0627E-03
  2.5974E+02  2.6780E-02  6.0690E-03
  2.5989E+02  2.6932E-02  6.0762E-03
  2.6004E+02  2.7076E-02  6.0844E-03
  2.6020E+02  2.7212E-02  6.0935E-03
  2.6035E+02  2.7340E-02  6.1034E-03
  2.6051E+02  2.7458E-02  6.1140E-03
  2.6066E+02  2.7568E-02  6.1252E-03
  2.6081E+02  2.7669E-02  6.1371E-03
  2.6097E+02  2.7760E-02  6.1494E-03
  2.6112E+02  2.7842E-02  6.1622E-03
  2.6127E+02  2.7914E-02  6.1753E-03
  2.6143E+02  2.7977E-02  6.1886E-03
  2.6158E+02  2.8030E-02  6.2021E-03
  2.6173E+02  2.8073E-02  6.2157E-03
  2.6189E+02  2.8106E-02  6.2293E-03
  2.6204E+02  2.8130E-02  6.2428E-03
  2.6220E+02  2.8144E-02  6.2562E-03
  2.6235E+02  2.8147E-02  6.2693E-03
  2.6250E+02  2.8141E-02  6.2822E-03
  2.6266E+02  2.8125E-02  6.2946E-03
  2.6281E+02  2.8100E-02  6.3066E-03
  2.6296E+02  2.8064E-02  6.3180E-03
  2.6312E+02  2.8019E-02  6.3289E-03
  2.6327E+02  2.7964E-02  6.3391E-03
  2.6342E+02  2.7899E-02  6.3486E-03
  2.6358E+02  2.7825E-02  6.3574E-03
  2.6373E+02  2.7742E-02  6.3654E-03
  2.6388E+02  2.7650E-02  6.3725E-03
  2.6404E+02  2.7548E-02  6.3788E-03
  2.6419E+02  2.7437E-02  6.3841E-03
  2.6435E+02  2.7318E-02  6.3886E-03
  2.6450E+02  2.7191E-02  6.3921E-03
  2.6465E+02  2.7055E-02  6.3947E-03
  2.6481E+02  2.6911E-02  6.3964E-03
  2.6496E+02  2.6761E-02  6.3972E-03
  2.6511E+02  2.6603E-02  6.3970E-03
  2.6527E+02  2.6439E-02  6.3959E-03
  2.6542E+02  2.6269E-02  6.3940E-03
  2.6557E+02  2.6093E-02  6.3912E-03
  2.6573E+02  2.5913E-02  6.3877E-03
  2.6588E+02  2.5728E-02  6.3833E-03
  2.6604E+02  2.5540E-02  6.3782E-03
  2.6619E+02  2.5349E-02  6.3725E-03
  2.6634E+02  2.5157E-02  6.3661E-03
  2.6650E+02  2.4963E-02  6.3592E-03
  2.6665E+02  2.4769E-02  6.3517E-03
  2.6680E+02  2.4575E-02  6.3438E-03
  2.6696E+02  2.4384E-02  6.3355E-03
  2.6711E+02  2.4194E-02  6.3269E-03
  2.6726E+02  2.4008E-02  6.3180E-03
  2.6742E+02  2.3826E-02  6.3090E-03
  2.6757E+02  2.3650E-02  6.2998E-03
  2.6772E+02  2.3479E-02  6.2906E-03
  2.6788E+02  2.3316E-02  6.2814E-03
  2.6803E+02  2.3161E-02  6.2723E-03
  2.6819E+02  2.3015E-02  6.2633E-03
  2.6834E+02  2.2879E-02  6.2546E-03
  2.6849E+02  2.2753E-02  6.2462E-03
  2.6865E+02  2.2639E-02  6.2382E-03
  2.6880E+02  2.2537E-02  6.2306E-03
  2.6895E+02  2.2448E-02  6.2236E-03
  2.6911E+02  2.2372E-02  6.2171E-03
  2.6926E+02  2.2309E-02  6.2113E-03
  2.6941E+02  2.2261E-02  6.2061E-03
  2.6957E+02  2.2227E-02  6.2017E-03
  2.6972E+02  2.2208E-02  6.1982E-03
  2.6988E+02  2.2204E-02  6.1955E-03
  2.7003E+02  2.2214E-02  6.1936E-03
  2.7018E+02  2.2239E-02  6.1928E-03
  2.7034E+02  2.2278E-02  6.1929E-03
  2.7049E+02  2.2332E-02  6.1940E-03
  2.7064E+02  2.2399E-02  6.1961E-03
  2.7080E+02  2.2479E-02  6.1993E-03
  2.7095E+02  2.2573E-02  6.2036E-03
  2.7110E+02  2.2678E-02  6.2090E-03
  2.7126E+02  2.2794E-02  6.2155E-03
  2.7141E+02  2.2920E-02  6.2231E-03
  2.7156E+02  2.3056E-02  6.2319E-03
  2.7172E+02  2.3200E-02  6.2418E-03
  2.7187E+02  2.3352E-02  6.2528E-03
  2.7203E+02  2.3510E-02  6.2650E-03
  2.7218E+02  2.3673E-02  6.2782E-03
  2.7233E+02  2.3840E-02  6.2925E-03
  2.7249E+02  2.4010E-02  6.3079E-03
  2.7264E+02  2.4182E-02  6.3243E-03
  2.7279E+02  2.4355E-02  6.3417E-03
  2.7295E+02  2.4527E-02  6.3601E-03
  2.7310E+02  2.4697E-02  6.3793E-03
  2.7325E+02  2.4865E-02  6.3994E-03
  2.7341E+02  2.5029E-02  6.4203E-03
  2.7356E+02  2.5189E-02  6.4419E-03
  2.7372E+02  2.5343E-02  6.4641E-03
  2.7387E+02  2.5491E-02  6.4868E-03
  2.7402E+02  2.5632E-02  6.5101E-03
  2.7418E+02  2.5765E-02  6.5337E-03
  2.7433E+02  2.5889E-02  6.5577E-03
  2.7448E+02  2.6005E-02  6.5818E-03
  2.7464E+02  2.6112E-02  6.6061E-03
  2.7479E+02  2.6209E-02  6.6303E-03
  2.7494E+02  2.6296E-02  6.6545E-03
  2.7510E+02  2.6373E-02  6.6784E-03
  2.7525E+02  2.6440E-02  6.7021E-03
  2.7540E+02  2.6497E-02  6.7253E-03
  2.7556E+02  2.6544E-02  6.7480E-03
  2.7571E+02  2.6581E-02  6.7701E-03
  2.7587E+02  2.6608E-02  6.7914E-03
  2.7602E+02  2.6625E-02  6.8119E-03
  2.7617E+02  2.6632E-02  6.8315E-03
  2.7633E+02  2.6631E-02  6.8500E-03
  2.7648E+02  2.6621E-02  6.8673E-03
  2.7663E+02  2.6603E-02  6.8835E-03
  2.7679E+02  2.6576E-02  6.8983E-03
  2.7694E+02  2.6542E-02  6.9118E-03
  2.7709E+02  2.6501E-02  6.9237E-03
  2.7725E+02  2.6454E-02  6.9342E-03
  2.7740E+02  2.6400E-02  6.9430E-03
  2.7756E+02  2.6340E-02  6.9502E-03
  2.7771E+02  2.6276E-02  6.9557E-03
  2.7786E+02  2.6206E-02  6.9595E-03
  2.7802E+02  2.6132E-02  6.9614E-03
  2.7817E+02  2.6054E-02  6.9616E-03
  2.7832E+02  2.5972E-02  6.9600E-03
  2.7848E+02  2.5888E-02  6.9566E-03
  2.7863E+02  2.5800E-02  6.9513E-03
  2.7878E+02  2.5710E-02  6.9443E-03
  2.7894E+02  2.5619E-02  6.9355E-03
  2.7909E+02  2.5525E-02  6.9250E-03
  2.7924E+02  2.5430E-02  6.9128E-03
  2.7940E+02  2.5334E-02  6.8989E-03
  2.7955E+02  2.5237E-02  6.8835E-03
  2.7971E+02  2.5140E-02  6.8665E-03
  2.7986E+02  2.5043E-02  6.8481E-03
  2.8001E+02  2.4946E-02  6.8284E-03
  2.8017E+02  2.4849E-02  6.8073E-03
  2.8032E+02  2.4752E-02  6.7850E-03
  2.8047E+02  2.4656E-02  6.7617E-03
  2.8063E+02  2.4562E-02  6.7373E-03
  2.8078E+02  2.4468E-02  6.7121E-03
  2.8093E+02  2.4376E-02  6.6861E-03
  2.8109E+02  2.4285E-02  6.6594E-03
  2.8124E+02  2.4196E-02  6.6321E-03
  2.8140E+02  2.4109E-02  6.6043E-03
  2.8155E+02  2.4025E-02  6.5763E-03
  2.8170E+02  2.3942E-02  6.5480E-03
  2.8186E+02  2.3863E-02  6.5195E-03
  2.8201E+02  2.3785E-02  6.4911E-03
  2.8216E+02  2.3711E-02  6.4628E-03
  2.8232E+02  2.3640E-02  6.4346E-03
  2.8247E+02  2.3572E-02  6.4068E-03
  2.8262E+02  2.3508E-02  6.3794E-03
  2.8278E+02  2.3447E-02  6.3525E-03
  2.8293E+02  2.3389E-02  6.3262E-03
  2.8308E+02  2.3336E-02  6.3006E-03
  2.8324E+02  2.3287E-02  6.2757E-03
  2.8339E+02  2.3242E-02  6.2517E-03
  2.8355E+02  2.3202E-02  6.2286E-03
  2.8370E+02  2.3166E-02  6.2065E-03
  2.8385E+02  2.3135E-02  6.1854E-03
  2.8401E+02  2.3109E-02  6.1655E-03
  2.8416E+02  2.3089E-02  6.1467E-03
  2.8431E+02  2.3074E-02  6.1291E-03
  2.8447E+02  2.3064E-02  6.1129E-03
  2.8462E+02  2.3060E-02  6.0979E-03
  2.8477E+02  2.3063E-02  6.0843E-03
  2.8493E+02  2.3071E-02  6.0721E-03
  2.8508E+02  2.3085E-02  6.0613E-03
  2.8524E+02  2.3106E-02  6.0519E-03
  2.8539E+02  2.3134E-02  6.0441E-03
  2.8554E+02  2.3168E-02  6.0377E-03
  2.8570E+02  2.3209E-02  6.0328E-03
  2.8585E+02  2.3256E-02  6.0295E-03
  2.8600E+02  2.3311E-02  6.0276E-03
  2.8616E+02  2.3372E-02  6.0273E-03
  2.8631E+02  2.3440E-02  6.0286E-03
  2.8646E+02  2.3514E-02  6.0314E-03
  2.8662E+02  2.3595E-02  6.0358E-03
  2.8677E+02  2.3683E-02  6.0417E-03
  2.8692E+02  2.3776E-02  6.0491E-03
  2.8708E+02  2.3875E-02  6.0580E-03
  2.8723E+02  2.3980E-02  6.0685E-03
  2.8739E+02  2.4090E-02  6.0805E-03
  2.8754E+02  2.4204E-02  6.0940E-03
  2.8769E+02  2.4323E-02  6.1089E-03
  2.8785E+02  2.4445E-02  6.1253E-03
  2.8800E+02  2.4571E-02  6.1432E-03
  2.8815E+02  2.4699E-02  6.1624E-03
  2.8831E+02  2.4829E-02  6.1830E-03
  2.8846E+02  2.4960E-02  6.2049E-03
  2.8861E+02  2.5091E-02  6.2281E-03
  2.8877E+02  2.5223E-02  6.2526E-03
  2.8892E+02  2.5353E-02  6.2782E-03
  2.8908E+02  2.5481E-02  6.3050E-03
  2.8923E+02  2.5607E-02  6.3329E-03
  2.8938E+02  2.5729E-02  6.3618E-03
  2.8954E+02  2.5848E-02  6.3917E-03
  2.8969E+02  2.5961E-02  6.4225E-03
  2.8984E+02  2.6068E-02  6.4542E-03
  2.9000E+02  2.6169E-02  6.4865E-03
  2.9015E+02  2.6263E-02  6.5196E-03
  2.9030E+02  2.6350E-02  6.5532E-03
  2.9046E+02  2.6427E-02  6.5873E-03
  2.9061E+02  2.6496E-02  6.6218E-03
  2.9076E+02  2.6555E-02  6.6565E-03
  2.9092E+02  2.6605E-02  6.6914E-03
  2.9107E+02  2.6644E-02  6.7264E-03
  2.9123E+02  2.6672E-02  6.7613E-03
  2.9138E+02  2.6690E-02  6.7961E-03
  2.9153E+02  2.6696E-02  6.8305E-03
  2.9169E+02  2.6692E-02  6.8645E-03
  2.9184E+02  2.6676E-02  6.8980E-03
  2.9199E+02  2.6648E-02  6.9309E-03
  2.9215E+02  2.6610E-02  6.9629E-03
  2.9230E+02  2.6560E-02  6.9941E-03
  2.9245E+02  2.6500E-02  7.0242E-03
  2.9261E+02  2.6429E-02  7.0532E-03
  2.9276E+02  2.6347E-02  7.0809E-03
  2.9292E+02  2.6256E-02  7.1072E-03
  2.9307E+02  2.6156E-02  7.1321E-03
  2.9322E+02  2.6046E-02  7.1554E-03
  2.9338E+02  2.5929E-02  7.1770E-03
  2.9353E+02  2.5803E-02  7.1968E-03
  2.9368E+02  2.5671E-02  7.2148E-03
  2.9384E+02  2.5532E-02  7.2308E-03
  2.9399E+02  2.5387E-02  7.2449E-03
  2.9414E+02  2.5237E-02  7.2568E-03
  2.9430E+02  2.5082E-02  7.2667E-03
  2.9445E+02  2.4924E-02  7.2743E-03
  2.9460E+02  2.4763E-02  7.2798E-03
  2.9476E+02  2.4600E-02  7.2831E-03
  2.9491E+02  2.4436E-02  7.2841E-03
  2.9507E+02  2.4271E-02  7.2829E-03
  2.9522E+02  2.4107E-02  7.2795E-03
  2.9537E+02  2.3943E-02  7.2739E-03
  2.9553E+02  2.3782E-02  7.2660E-03
  2.9568E+02  2.3622E-02  7.2561E-03
  2.9583E+02  2.3466E-02  7.2440E-03
  2.9599E+02  2.3314E-02  7.2300E-03
  2.9614E+02  2.3167E-02  7.2140E-03
  2.9629E+02  2.3024E-02  7.1961E-03
  2.9645E+02  2.2888E-02  7.1764E-03
  2.9660E+02  2.2758E-02  7.1550E-03
  2.9676E+02  2.2635E-02  7.1321E-03
  2.9691E+02  2.2520E-02  7.1077E-03
  2.9706E+02  2.2413E-02  7.0819E-03
  2.9722E+02  2.2314E-02  7.0550E-03
  2.9737E+02  2.2224E-02  7.0270E-03
  2.9752E+02  2.2143E-02  6.9980E-03
  2.9768E+02  2.2072E-02  6.9682E-03
  2.9783E+02  2.2010E-02  6.9378E-03
  2.9798E+02  2.1958E-02  6.9069E-03
  2.9814E+02  2.1916E-02  6.8756E-03
  2.9829E+02  2.1884E-02  6.8440E-03
  2.9844E+02  2.1863E-02  6.8124E-03
  2.9860E+02  2.1851E-02  6.7809E-03
  2.9875E+02  2.1849E-02  6.7495E-03
  2.9891E+02  2.1858E-02  6.7185E-03
  2.9906E+02  2.1875E-02  6.6879E-03
  2.9921E+02  2.1902E-02  6.6579E-03
  2.9937E+02  2.1939E-02  6.6286E-03
  2.9952E+02  2.1983E-02  6.6001E-03
  2.9967E+02  2.2037E-02  6.5724E-03
  2.9983E+02  2.2098E-02  6.5458E-03
  2.9998E+02  2.2166E-02  6.5203E-03
  3.0000E+02  2.2175E-02  6.5172E-03
